0 0.473000 0.011000 0.015625 0.015625
0 0.680000 0.013000 0.015625 0.015625
0 0.175000 0.027000 0.015625 0.015625
0 0.557000 0.031000 0.015625 0.015625
0 0.071000 0.039000 0.015625 0.015625
0 0.839000 0.061000 0.015625 0.015625
0 0.169000 0.077000 0.015625 0.015625
0 0.949000 0.093000 0.015625 0.015625
0 0.409000 0.103000 0.015625 0.015625
0 0.677000 0.107000 0.015625 0.015625
0 0.984000 0.109000 0.015625 0.015625
0 0.267000 0.131000 0.015625 0.015625
0 0.729000 0.131000 0.015625 0.015625
0 0.419000 0.150000 0.015625 0.015625
0 0.841000 0.153000 0.015625 0.015625
0 0.777000 0.171000 0.015625 0.015625
0 0.693000 0.189000 0.015625 0.015625
0 0.837000 0.197000 0.015625 0.015625
0 0.629000 0.199000 0.015625 0.015625
0 0.409000 0.225000 0.015625 0.015625
0 0.453000 0.225000 0.015625 0.015625
0 0.633000 0.231000 0.015625 0.015625
0 0.559000 0.237000 0.015625 0.015625
0 0.365000 0.239000 0.015625 0.015625
0 0.109000 0.241000 0.015625 0.015625
0 0.737000 0.243000 0.015625 0.015625
0 0.033000 0.245000 0.015625 0.015625
0 0.671000 0.247000 0.015625 0.015625
0 0.513000 0.261000 0.015625 0.015625
0 0.285000 0.277000 0.015625 0.015625
0 0.933000 0.279000 0.015625 0.015625
0 0.519000 0.283000 0.015625 0.015625
0 0.965000 0.285000 0.015625 0.015625
0 0.053000 0.293000 0.015625 0.015625
0 0.283000 0.301000 0.015625 0.015625
0 0.805000 0.309000 0.015625 0.015625
0 0.337000 0.325000 0.015625 0.015625
0 0.939000 0.353000 0.015625 0.015625
0 0.500000 0.355000 0.015625 0.015625
0 0.149000 0.363000 0.015625 0.015625
0 0.645000 0.373000 0.015625 0.015625
0 0.983000 0.375000 0.015625 0.015625
0 0.889000 0.379000 0.015625 0.015625
0 0.441000 0.385000 0.015625 0.015625
0 0.817000 0.385000 0.015625 0.015625
0 0.037000 0.389000 0.015625 0.015625
0 0.285000 0.393000 0.015625 0.015625
0 0.473000 0.409000 0.015625 0.015625
0 0.685000 0.417000 0.015625 0.015625
0 0.033000 0.425000 0.015625 0.015625
0 0.385000 0.433000 0.015625 0.015625
0 0.157000 0.439000 0.015625 0.015625
0 0.473000 0.443000 0.015625 0.015625
0 0.193000 0.445000 0.015625 0.015625
0 0.725000 0.445000 0.015625 0.015625
0 0.077000 0.447000 0.015625 0.015625
0 0.873000 0.447000 0.015625 0.015625
0 0.361000 0.449000 0.015625 0.015625
0 0.629000 0.453000 0.015625 0.015625
0 0.789000 0.461000 0.015625 0.015625
0 0.985000 0.465000 0.015625 0.015625
0 0.325000 0.467000 0.015625 0.015625
0 0.509000 0.471000 0.015625 0.015625
0 0.725000 0.493000 0.015625 0.015625
0 0.037000 0.509000 0.015625 0.015625
0 0.385000 0.513000 0.015625 0.015625
0 0.865000 0.519000 0.015625 0.015625
0 0.489000 0.525000 0.015625 0.015625
0 0.461000 0.529000 0.015625 0.015625
0 0.037000 0.543000 0.015625 0.015625
0 0.869000 0.547000 0.015625 0.015625
0 0.125000 0.551000 0.015625 0.015625
0 0.077000 0.553000 0.015625 0.015625
0 0.721000 0.571000 0.015625 0.015625
0 0.669000 0.575000 0.015625 0.015625
0 0.985000 0.589000 0.015625 0.015625
0 0.765000 0.593000 0.015625 0.015625
0 0.593000 0.597000 0.015625 0.015625
0 0.353000 0.599000 0.015625 0.015625
0 0.105000 0.601000 0.015625 0.015625
0 0.839000 0.617000 0.015625 0.015625
0 0.205000 0.621000 0.015625 0.015625
0 0.053000 0.633000 0.015625 0.015625
0 0.577000 0.645000 0.015625 0.015625
0 0.869000 0.645000 0.015625 0.015625
0 0.013000 0.653000 0.015625 0.015625
0 0.205000 0.655000 0.015625 0.015625
0 0.659000 0.715000 0.015625 0.015625
0 0.447000 0.721000 0.015625 0.015625
0 0.369000 0.727000 0.015625 0.015625
0 0.845000 0.745000 0.015625 0.015625
0 0.357000 0.759000 0.015625 0.015625
0 0.129000 0.763000 0.015625 0.015625
0 0.677000 0.783000 0.015625 0.015625
0 0.329000 0.797000 0.015625 0.015625
0 0.445000 0.813000 0.015625 0.015625
0 0.169000 0.819000 0.015625 0.015625
0 0.325000 0.847000 0.015625 0.015625
0 0.045000 0.849000 0.015625 0.015625
0 0.897000 0.867000 0.015625 0.015625
0 0.749000 0.877000 0.015625 0.015625
0 0.801000 0.879000 0.015625 0.015625
0 0.197000 0.893000 0.015625 0.015625
0 0.305000 0.897000 0.015625 0.015625
0 0.545000 0.909000 0.015625 0.015625
0 0.877000 0.917000 0.015625 0.015625
0 0.213000 0.937000 0.015625 0.015625
0 0.521000 0.941000 0.015625 0.015625
0 0.548523 0.992968 0.015625 0.015625
0 0.405063 0.980309 0.015625 0.015625
0 0.639944 0.983122 0.015625 0.015625
0 0.756681 0.954993 0.015625 0.015625
0 0.907173 0.945148 0.015625 0.015625
0 0.938115 0.984529 0.015625 0.015625
0 0.912799 0.070323 0.015625 0.015625
0 0.230661 0.127989 0.015625 0.015625
0 0.333333 0.192686 0.015625 0.015625
0 0.448664 0.175809 0.015625 0.015625
0 0.630098 0.160338 0.015625 0.015625
0 0.683544 0.135021 0.015625 0.015625
0 0.805907 0.350211 0.015625 0.015625
