0 0.506000 0.008000 0.015625 0.015625
0 0.938000 0.010000 0.015625 0.015625
0 0.034000 0.024000 0.015625 0.015625
0 0.184000 0.046000 0.015625 0.015625
0 0.566000 0.068000 0.015625 0.015625
0 0.868000 0.078000 0.015625 0.015625
0 0.182000 0.086000 0.015625 0.015625
0 0.412000 0.118000 0.015625 0.015625
0 0.218000 0.122000 0.015625 0.015625
0 0.898000 0.152000 0.015625 0.015625
0 0.434000 0.158000 0.015625 0.015625
0 0.662000 0.158000 0.015625 0.015625
0 0.692000 0.164000 0.015625 0.015625
0 0.634000 0.170000 0.015625 0.015625
0 0.780000 0.170000 0.015625 0.015625
0 0.714000 0.200000 0.015625 0.015625
0 0.014000 0.206000 0.015625 0.015625
0 0.458000 0.224000 0.015625 0.015625
0 0.374000 0.234000 0.015625 0.015625
0 0.932000 0.242000 0.015625 0.015625
0 0.632000 0.244000 0.015625 0.015625
0 0.702000 0.244000 0.015625 0.015625
0 0.268000 0.248000 0.015625 0.015625
0 0.470000 0.258000 0.015625 0.015625
0 0.608000 0.260000 0.015625 0.015625
0 0.250000 0.264000 0.015625 0.015625
0 0.214000 0.276000 0.015625 0.015625
0 0.826000 0.284000 0.015625 0.015625
0 0.542000 0.290000 0.015625 0.015625
0 0.924000 0.292000 0.015625 0.015625
0 0.086000 0.304000 0.015625 0.015625
0 0.854000 0.306000 0.015625 0.015625
0 0.470000 0.310000 0.015625 0.015625
0 0.406000 0.316000 0.015625 0.015625
0 0.526000 0.338000 0.015625 0.015625
0 0.706000 0.348000 0.015625 0.015625
0 0.054000 0.358000 0.015625 0.015625
0 0.154000 0.370000 0.015625 0.015625
0 0.790000 0.370000 0.015625 0.015625
0 0.634000 0.374000 0.015625 0.015625
0 0.974000 0.374000 0.015625 0.015625
0 0.306000 0.386000 0.015625 0.015625
0 0.134000 0.392000 0.015625 0.015625
0 0.020000 0.394000 0.015625 0.015625
0 0.842000 0.394000 0.015625 0.015625
0 0.910000 0.394000 0.015625 0.015625
0 0.478000 0.414000 0.015625 0.015625
0 0.030000 0.426000 0.015625 0.015625
0 0.238000 0.432000 0.015625 0.015625
0 0.526000 0.438000 0.015625 0.015625
0 0.686000 0.438000 0.015625 0.015625
0 0.354000 0.442000 0.015625 0.015625
0 0.838000 0.446000 0.015625 0.015625
0 0.106000 0.450000 0.015625 0.015625
0 0.986000 0.458000 0.015625 0.015625
0 0.480000 0.464000 0.015625 0.015625
0 0.526000 0.474000 0.015625 0.015625
0 0.620000 0.501000 0.015625 0.015625
0 0.326000 0.505000 0.015625 0.015625
0 0.046000 0.514000 0.015625 0.015625
0 0.410000 0.514000 0.015625 0.015625
0 0.854000 0.514000 0.015625 0.015625
0 0.260000 0.522000 0.015625 0.015625
0 0.510000 0.526000 0.015625 0.015625
0 0.618000 0.526000 0.015625 0.015625
0 0.380000 0.538000 0.015625 0.015625
0 0.746000 0.538000 0.015625 0.015625
0 0.902000 0.538000 0.015625 0.015625
0 0.450000 0.542000 0.015625 0.015625
0 0.674000 0.542000 0.015625 0.015625
0 0.986000 0.544000 0.015625 0.015625
0 0.866000 0.562000 0.015625 0.015625
0 0.118000 0.594000 0.015625 0.015625
0 0.290000 0.608000 0.015625 0.015625
0 0.830000 0.610000 0.015625 0.015625
0 0.322000 0.612000 0.015625 0.015625
0 0.210000 0.626000 0.015625 0.015625
0 0.870000 0.632000 0.015625 0.015625
0 0.694000 0.648000 0.015625 0.015625
0 0.574000 0.654000 0.015625 0.015625
0 0.214000 0.656000 0.015625 0.015625
0 0.010000 0.658000 0.015625 0.015625
0 0.038000 0.666000 0.015625 0.015625
0 0.882000 0.668000 0.015625 0.015625
0 0.130000 0.686000 0.015625 0.015625
0 0.850000 0.738000 0.015625 0.015625
0 0.378000 0.750000 0.015625 0.015625
0 0.686000 0.754000 0.015625 0.015625
0 0.346000 0.758000 0.015625 0.015625
0 0.078000 0.778000 0.015625 0.015625
0 0.978000 0.786000 0.015625 0.015625
0 0.350000 0.798000 0.015625 0.015625
0 0.470000 0.830000 0.015625 0.015625
0 0.426000 0.838000 0.015625 0.015625
0 0.766000 0.840000 0.015625 0.015625
0 0.170000 0.842000 0.015625 0.015625
0 0.326000 0.854000 0.015625 0.015625
0 0.750000 0.874000 0.015625 0.015625
0 0.790000 0.880000 0.015625 0.015625
0 0.200000 0.896000 0.015625 0.015625
0 0.830000 0.908000 0.015625 0.015625
0 0.554000 0.910000 0.015625 0.015625
0 0.894000 0.914000 0.015625 0.015625
0 0.940000 0.914000 0.015625 0.015625
0 0.040000 0.922000 0.015625 0.015625
0 0.522000 0.940000 0.015625 0.015625
0 0.302000 0.948000 0.015625 0.015625
0 0.910000 0.954000 0.015625 0.015625
