0 0.523000 0.008000 0.015625 0.015625
0 0.491000 0.013000 0.015625 0.015625
0 0.229000 0.021000 0.015625 0.015625
0 0.574000 0.028000 0.015625 0.015625
0 0.023000 0.035000 0.015625 0.015625
0 0.866000 0.043000 0.015625 0.015625
0 0.410000 0.057000 0.015625 0.015625
0 0.180000 0.058000 0.015625 0.015625
0 0.683000 0.087000 0.015625 0.015625
0 0.439000 0.091000 0.015625 0.015625
0 0.803000 0.098000 0.015625 0.015625
0 0.247000 0.130000 0.015625 0.015625
0 0.640000 0.138000 0.015625 0.015625
0 0.904000 0.158000 0.015625 0.015625
0 0.667000 0.176000 0.015625 0.015625
0 0.314000 0.179000 0.015625 0.015625
0 0.738000 0.189000 0.015625 0.015625
0 0.635000 0.223000 0.015625 0.015625
0 0.773000 0.224000 0.015625 0.015625
0 0.461000 0.231000 0.015625 0.015625
0 0.383000 0.232000 0.015625 0.015625
0 0.957000 0.242000 0.015625 0.015625
0 0.519000 0.243000 0.015625 0.015625
0 0.755000 0.243000 0.015625 0.015625
0 0.671000 0.245000 0.015625 0.015625
0 0.717000 0.249000 0.015625 0.015625
0 0.715000 0.283000 0.015625 0.015625
0 0.803000 0.285000 0.015625 0.015625
0 0.283000 0.291000 0.015625 0.015625
0 0.101000 0.299000 0.015625 0.015625
0 0.909000 0.301000 0.015625 0.015625
0 0.947000 0.301000 0.015625 0.015625
0 0.307000 0.302000 0.015625 0.015625
0 0.839000 0.311000 0.015625 0.015625
0 0.471000 0.313000 0.015625 0.015625
0 0.025000 0.327000 0.015625 0.015625
0 0.277000 0.333000 0.015625 0.015625
0 0.479000 0.335000 0.015625 0.015625
0 0.541000 0.349000 0.015625 0.015625
0 0.435000 0.353000 0.015625 0.015625
0 0.515000 0.359000 0.015625 0.015625
0 0.185000 0.363000 0.015625 0.015625
0 0.807000 0.373000 0.015625 0.015625
0 0.867000 0.373000 0.015625 0.015625
0 0.637000 0.375000 0.015625 0.015625
0 0.989000 0.375000 0.015625 0.015625
0 0.081000 0.381000 0.015625 0.015625
0 0.255000 0.385000 0.015625 0.015625
0 0.527000 0.401000 0.015625 0.015625
0 0.803000 0.411000 0.015625 0.015625
0 0.171000 0.415000 0.015625 0.015625
0 0.021000 0.425000 0.015625 0.015625
0 0.671000 0.429000 0.015625 0.015625
0 0.181000 0.447000 0.015625 0.015625
0 0.843000 0.459000 0.015625 0.015625
0 0.159000 0.461000 0.015625 0.015625
0 0.547000 0.465000 0.015625 0.015625
0 0.587000 0.479000 0.015625 0.015625
0 0.395000 0.501000 0.015625 0.015625
0 0.871000 0.501000 0.015625 0.015625
0 0.807000 0.515000 0.015625 0.015625
0 0.879000 0.523000 0.015625 0.015625
0 0.525000 0.529000 0.015625 0.015625
0 0.069000 0.535000 0.015625 0.015625
0 0.631000 0.539000 0.015625 0.015625
0 0.285000 0.545000 0.015625 0.015625
0 0.435000 0.549000 0.015625 0.015625
0 0.871000 0.557000 0.015625 0.015625
0 0.565000 0.559000 0.015625 0.015625
0 0.121000 0.567000 0.015625 0.015625
0 0.231000 0.587000 0.015625 0.015625
0 0.887000 0.631000 0.015625 0.015625
0 0.047000 0.639000 0.015625 0.015625
0 0.203000 0.639000 0.015625 0.015625
0 0.711000 0.647000 0.015625 0.015625
0 0.827000 0.647000 0.015625 0.015625
0 0.051000 0.655000 0.015625 0.015625
0 0.311000 0.663000 0.015625 0.015625
0 0.585000 0.667000 0.015625 0.015625
0 0.627000 0.669000 0.015625 0.015625
0 0.669000 0.693000 0.015625 0.015625
0 0.115000 0.713000 0.015625 0.015625
0 0.387000 0.735000 0.015625 0.015625
0 0.859000 0.739000 0.015625 0.015625
0 0.127000 0.743000 0.015625 0.015625
0 0.345000 0.743000 0.015625 0.015625
0 0.521000 0.755000 0.015625 0.015625
0 0.175000 0.759000 0.015625 0.015625
0 0.551000 0.761000 0.015625 0.015625
0 0.321000 0.771000 0.015625 0.015625
0 0.635000 0.789000 0.015625 0.015625
0 0.767000 0.813000 0.015625 0.015625
0 0.375000 0.815000 0.015625 0.015625
0 0.502000 0.851000 0.015625 0.015625
0 0.321000 0.853000 0.015625 0.015625
0 0.179000 0.865000 0.015625 0.015625
0 0.407000 0.867000 0.015625 0.015625
0 0.813000 0.869000 0.015625 0.015625
0 0.917000 0.895000 0.015625 0.015625
0 0.161000 0.897000 0.015625 0.015625
0 0.207000 0.897000 0.015625 0.015625
0 0.541000 0.897000 0.015625 0.015625
0 0.607000 0.907000 0.015625 0.015625
0 0.927000 0.921000 0.015625 0.015625
0 0.283000 0.925000 0.015625 0.015625
0 0.727000 0.941000 0.015625 0.015625
0 0.561000 0.947000 0.015625 0.015625
0 0.011000 0.967000 0.015625 0.015625
0 0.014065 0.053446 0.015625 0.015625
