0 0.472000 0.014000 0.015625 0.015625
0 0.806000 0.016000 0.015625 0.015625
0 0.314000 0.020000 0.015625 0.015625
0 0.164000 0.024000 0.015625 0.015625
0 0.592000 0.032000 0.015625 0.015625
0 0.192000 0.038000 0.015625 0.015625
0 0.900000 0.042000 0.015625 0.015625
0 0.034000 0.050000 0.015625 0.015625
0 0.696000 0.118000 0.015625 0.015625
0 0.970000 0.134000 0.015625 0.015625
0 0.720000 0.142000 0.015625 0.015625
0 0.708000 0.162000 0.015625 0.015625
0 0.426000 0.164000 0.015625 0.015625
0 0.622000 0.170000 0.015625 0.015625
0 0.226000 0.174000 0.015625 0.015625
0 0.782000 0.176000 0.015625 0.015625
0 0.382000 0.178000 0.015625 0.015625
0 0.872000 0.178000 0.015625 0.015625
0 0.458000 0.224000 0.015625 0.015625
0 0.138000 0.226000 0.015625 0.015625
0 0.604000 0.226000 0.015625 0.015625
0 0.018000 0.228000 0.015625 0.015625
0 0.376000 0.232000 0.015625 0.015625
0 0.670000 0.238000 0.015625 0.015625
0 0.770000 0.240000 0.015625 0.015625
0 0.590000 0.250000 0.015625 0.015625
0 0.908000 0.254000 0.015625 0.015625
0 0.714000 0.258000 0.015625 0.015625
0 0.318000 0.260000 0.015625 0.015625
0 0.448000 0.278000 0.015625 0.015625
0 0.072000 0.280000 0.015625 0.015625
0 0.790000 0.280000 0.015625 0.015625
0 0.934000 0.280000 0.015625 0.015625
0 0.520000 0.290000 0.015625 0.015625
0 0.266000 0.294000 0.015625 0.015625
0 0.840000 0.306000 0.015625 0.015625
0 0.778000 0.314000 0.015625 0.015625
0 0.154000 0.334000 0.015625 0.015625
0 0.566000 0.342000 0.015625 0.015625
0 0.358000 0.344000 0.015625 0.015625
0 0.858000 0.348000 0.015625 0.015625
0 0.494000 0.366000 0.015625 0.015625
0 0.624000 0.366000 0.015625 0.015625
0 0.974000 0.370000 0.015625 0.015625
0 0.414000 0.414000 0.015625 0.015625
0 0.730000 0.414000 0.015625 0.015625
0 0.218000 0.418000 0.015625 0.015625
0 0.020000 0.424000 0.015625 0.015625
0 0.126000 0.424000 0.015625 0.015625
0 0.474000 0.424000 0.015625 0.015625
0 0.786000 0.426000 0.015625 0.015625
0 0.698000 0.428000 0.015625 0.015625
0 0.542000 0.450000 0.015625 0.015625
0 0.078000 0.452000 0.015625 0.015625
0 0.906000 0.454000 0.015625 0.015625
0 0.986000 0.464000 0.015625 0.015625
0 0.606000 0.466000 0.015625 0.015625
0 0.170000 0.470000 0.015625 0.015625
0 0.534000 0.488000 0.015625 0.015625
0 0.322000 0.498000 0.015625 0.015625
0 0.620000 0.498000 0.015625 0.015625
0 0.700000 0.505000 0.015625 0.015625
0 0.501000 0.508000 0.015625 0.015625
0 0.390000 0.514000 0.015625 0.015625
0 0.298000 0.518000 0.015625 0.015625
0 0.040000 0.520000 0.015625 0.015625
0 0.262000 0.520000 0.015625 0.015625
0 0.870000 0.520000 0.015625 0.015625
0 0.066000 0.534000 0.015625 0.015625
0 0.750000 0.558000 0.015625 0.015625
0 0.490000 0.564000 0.015625 0.015625
0 0.850000 0.568000 0.015625 0.015625
0 0.330000 0.598000 0.015625 0.015625
0 0.108000 0.600000 0.015625 0.015625
0 0.660000 0.620000 0.015625 0.015625
0 0.206000 0.624000 0.015625 0.015625
0 0.866000 0.624000 0.015625 0.015625
0 0.752000 0.628000 0.015625 0.015625
0 0.172000 0.634000 0.015625 0.015625
0 0.870000 0.644000 0.015625 0.015625
0 0.010000 0.648000 0.015625 0.015625
0 0.214000 0.648000 0.015625 0.015625
0 0.570000 0.648000 0.015625 0.015625
0 0.366000 0.734000 0.015625 0.015625
0 0.926000 0.740000 0.015625 0.015625
0 0.866000 0.744000 0.015625 0.015625
0 0.330000 0.754000 0.015625 0.015625
0 0.680000 0.758000 0.015625 0.015625
0 0.126000 0.778000 0.015625 0.015625
0 0.450000 0.814000 0.015625 0.015625
0 0.726000 0.814000 0.015625 0.015625
0 0.874000 0.814000 0.015625 0.015625
0 0.126000 0.830000 0.015625 0.015625
0 0.318000 0.834000 0.015625 0.015625
0 0.574000 0.834000 0.015625 0.015625
0 0.140000 0.850000 0.015625 0.015625
0 0.726000 0.868000 0.015625 0.015625
0 0.236000 0.884000 0.015625 0.015625
0 0.086000 0.890000 0.015625 0.015625
0 0.198000 0.896000 0.015625 0.015625
0 0.538000 0.900000 0.015625 0.015625
0 0.906000 0.906000 0.015625 0.015625
0 0.826000 0.908000 0.015625 0.015625
0 0.520000 0.942000 0.015625 0.015625
0 0.882000 0.942000 0.015625 0.015625
0 0.206000 0.944000 0.015625 0.015625
0 0.178000 0.954000 0.015625 0.015625
0 0.420000 0.964000 0.015625 0.015625
0 0.151899 0.143460 0.015625 0.015625
0 0.222222 0.126582 0.015625 0.015625
0 0.403657 0.075949 0.015625 0.015625
0 0.388186 0.991561 0.015625 0.015625
0 0.360056 0.984529 0.015625 0.015625
0 0.562588 0.992968 0.015625 0.015625
0 0.655415 0.973277 0.015625 0.015625
0 0.793249 0.970464 0.015625 0.015625
0 0.918425 0.988748 0.015625 0.015625
