0 0.946000 0.008000 0.015625 0.015625
0 0.470000 0.012000 0.015625 0.015625
0 0.040000 0.022000 0.015625 0.015625
0 0.560000 0.030000 0.015625 0.015625
0 0.890000 0.034000 0.015625 0.015625
0 0.192000 0.048000 0.015625 0.015625
0 0.448000 0.084000 0.015625 0.015625
0 0.954000 0.084000 0.015625 0.015625
0 0.132000 0.122000 0.015625 0.015625
0 0.938000 0.124000 0.015625 0.015625
0 0.684000 0.130000 0.015625 0.015625
0 0.234000 0.140000 0.015625 0.015625
0 0.794000 0.154000 0.015625 0.015625
0 0.216000 0.170000 0.015625 0.015625
0 0.636000 0.170000 0.015625 0.015625
0 0.792000 0.172000 0.015625 0.015625
0 0.708000 0.184000 0.015625 0.015625
0 0.896000 0.184000 0.015625 0.015625
0 0.290000 0.214000 0.015625 0.015625
0 0.604000 0.214000 0.015625 0.015625
0 0.462000 0.218000 0.015625 0.015625
0 0.044000 0.222000 0.015625 0.015625
0 0.668000 0.224000 0.015625 0.015625
0 0.726000 0.224000 0.015625 0.015625
0 0.762000 0.228000 0.015625 0.015625
0 0.828000 0.234000 0.015625 0.015625
0 0.376000 0.236000 0.015625 0.015625
0 0.152000 0.238000 0.015625 0.015625
0 0.412000 0.252000 0.015625 0.015625
0 0.284000 0.260000 0.015625 0.015625
0 0.576000 0.264000 0.015625 0.015625
0 0.792000 0.278000 0.015625 0.015625
0 0.501000 0.280000 0.015625 0.015625
0 0.238000 0.282000 0.015625 0.015625
0 0.950000 0.290000 0.015625 0.015625
0 0.858000 0.310000 0.015625 0.015625
0 0.992000 0.318000 0.015625 0.015625
0 0.062000 0.326000 0.015625 0.015625
0 0.900000 0.334000 0.015625 0.015625
0 0.178000 0.338000 0.015625 0.015625
0 0.642000 0.346000 0.015625 0.015625
0 0.556000 0.350000 0.015625 0.015625
0 0.016000 0.356000 0.015625 0.015625
0 0.988000 0.364000 0.015625 0.015625
0 0.164000 0.368000 0.015625 0.015625
0 0.600000 0.374000 0.015625 0.015625
0 0.984000 0.386000 0.015625 0.015625
0 0.730000 0.406000 0.015625 0.015625
0 0.388000 0.412000 0.015625 0.015625
0 0.488000 0.418000 0.015625 0.015625
0 0.818000 0.422000 0.015625 0.015625
0 0.026000 0.440000 0.015625 0.015625
0 0.584000 0.448000 0.015625 0.015625
0 0.430000 0.452000 0.015625 0.015625
0 0.156000 0.454000 0.015625 0.015625
0 0.696000 0.456000 0.015625 0.015625
0 0.266000 0.460000 0.015625 0.015625
0 0.550000 0.468000 0.015625 0.015625
0 0.868000 0.468000 0.015625 0.015625
0 0.128000 0.470000 0.015625 0.015625
0 0.012000 0.488000 0.015625 0.015625
0 0.692000 0.490000 0.015625 0.015625
0 0.062000 0.496000 0.015625 0.015625
0 0.348000 0.498000 0.015625 0.015625
0 0.503000 0.518000 0.015625 0.015625
0 0.872000 0.520000 0.015625 0.015625
0 0.408000 0.522000 0.015625 0.015625
0 0.276000 0.530000 0.015625 0.015625
0 0.838000 0.548000 0.015625 0.015625
0 0.848000 0.568000 0.015625 0.015625
0 0.136000 0.574000 0.015625 0.015625
0 0.466000 0.584000 0.015625 0.015625
0 0.780000 0.592000 0.015625 0.015625
0 0.348000 0.612000 0.015625 0.015625
0 0.696000 0.620000 0.015625 0.015625
0 0.220000 0.630000 0.015625 0.015625
0 0.856000 0.640000 0.015625 0.015625
0 0.026000 0.642000 0.015625 0.015625
0 0.562000 0.644000 0.015625 0.015625
0 0.222000 0.648000 0.015625 0.015625
0 0.656000 0.648000 0.015625 0.015625
0 0.918000 0.714000 0.015625 0.015625
0 0.722000 0.728000 0.015625 0.015625
0 0.372000 0.732000 0.015625 0.015625
0 0.332000 0.734000 0.015625 0.015625
0 0.468000 0.734000 0.015625 0.015625
0 0.868000 0.748000 0.015625 0.015625
0 0.908000 0.798000 0.015625 0.015625
0 0.662000 0.808000 0.015625 0.015625
0 0.456000 0.812000 0.015625 0.015625
0 0.294000 0.814000 0.015625 0.015625
0 0.132000 0.828000 0.015625 0.015625
0 0.228000 0.836000 0.015625 0.015625
0 0.114000 0.842000 0.015625 0.015625
0 0.756000 0.844000 0.015625 0.015625
0 0.324000 0.854000 0.015625 0.015625
0 0.034000 0.876000 0.015625 0.015625
0 0.780000 0.878000 0.015625 0.015625
0 0.540000 0.892000 0.015625 0.015625
0 0.204000 0.894000 0.015625 0.015625
0 0.918000 0.898000 0.015625 0.015625
0 0.828000 0.910000 0.015625 0.015625
0 0.748000 0.936000 0.015625 0.015625
0 0.206000 0.948000 0.015625 0.015625
0 0.166000 0.950000 0.015625 0.015625
0 0.862000 0.962000 0.015625 0.015625
0 0.432000 0.968000 0.015625 0.015625
0 0.916000 0.982000 0.015625 0.015625
0 0.544304 0.995781 0.015625 0.015625
0 0.661041 0.991561 0.015625 0.015625
0 0.388186 0.161744 0.015625 0.015625
0 0.431786 0.178622 0.015625 0.015625
0 0.285513 0.002813 0.015625 0.015625
0 0.794655 0.014065 0.015625 0.015625
0 0.818565 0.389592 0.015625 0.015625
0 0.793249 0.641350 0.015625 0.015625
