0 0.473438 0.012500 0.015625 0.015625
0 0.200000 0.018750 0.015625 0.015625
0 0.073438 0.020313 0.015625 0.015625
0 0.946875 0.020313 0.015625 0.015625
0 0.892188 0.043750 0.015625 0.015625
0 0.564063 0.067188 0.015625 0.015625
0 0.978125 0.079688 0.015625 0.015625
0 0.954688 0.101563 0.015625 0.015625
0 0.237500 0.109375 0.015625 0.015625
0 0.150000 0.117188 0.015625 0.015625
0 0.415625 0.121875 0.015625 0.015625
0 0.651563 0.123438 0.015625 0.015625
0 0.745313 0.128125 0.015625 0.015625
0 0.671875 0.153125 0.015625 0.015625
0 0.801563 0.162500 0.015625 0.015625
0 0.629688 0.168750 0.015625 0.015625
0 0.778125 0.168750 0.015625 0.015625
0 0.978125 0.196875 0.015625 0.015625
0 0.859375 0.207813 0.015625 0.015625
0 0.451563 0.221875 0.015625 0.015625
0 0.642188 0.226563 0.015625 0.015625
0 0.045313 0.228125 0.015625 0.015625
0 0.726563 0.229688 0.015625 0.015625
0 0.279688 0.232813 0.015625 0.015625
0 0.379688 0.232813 0.015625 0.015625
0 0.628125 0.253125 0.015625 0.015625
0 0.548438 0.262500 0.015625 0.015625
0 0.485938 0.267188 0.015625 0.015625
0 0.929688 0.282813 0.015625 0.015625
0 0.348438 0.296875 0.015625 0.015625
0 0.104688 0.300000 0.015625 0.015625
0 0.229688 0.300000 0.015625 0.015625
0 0.020313 0.303125 0.015625 0.015625
0 0.593750 0.307813 0.015625 0.015625
0 0.821875 0.318750 0.015625 0.015625
0 0.790625 0.320313 0.015625 0.015625
0 0.059375 0.328125 0.015625 0.015625
0 0.937500 0.343750 0.015625 0.015625
0 0.181250 0.354688 0.015625 0.015625
0 0.659375 0.357813 0.015625 0.015625
0 0.554688 0.359375 0.015625 0.015625
0 0.992188 0.359375 0.015625 0.015625
0 0.029688 0.365625 0.015625 0.015625
0 0.909375 0.382813 0.015625 0.015625
0 0.192188 0.403125 0.015625 0.015625
0 0.476563 0.407813 0.015625 0.015625
0 0.704688 0.407813 0.015625 0.015625
0 0.107813 0.418750 0.015625 0.015625
0 0.740625 0.418750 0.015625 0.015625
0 0.673438 0.420313 0.015625 0.015625
0 0.418750 0.432813 0.015625 0.015625
0 0.485938 0.442188 0.015625 0.015625
0 0.876563 0.442188 0.015625 0.015625
0 0.514063 0.453125 0.015625 0.015625
0 0.607813 0.453125 0.015625 0.015625
0 0.350000 0.456250 0.015625 0.015625
0 0.290625 0.460938 0.015625 0.015625
0 0.978125 0.468750 0.015625 0.015625
0 0.559375 0.476563 0.015625 0.015625
0 0.707813 0.476563 0.015625 0.015625
0 0.804688 0.476563 0.015625 0.015625
0 0.818750 0.476563 0.015625 0.015625
0 0.143750 0.496875 0.015625 0.015625
0 0.382813 0.507813 0.015625 0.015625
0 0.876563 0.517188 0.015625 0.015625
0 0.078125 0.518750 0.015625 0.015625
0 0.850000 0.543750 0.015625 0.015625
0 0.029688 0.545313 0.015625 0.015625
0 0.262500 0.546875 0.015625 0.015625
0 0.432813 0.553125 0.015625 0.015625
0 0.756250 0.554688 0.015625 0.015625
0 0.451563 0.570313 0.015625 0.015625
0 0.792188 0.585938 0.015625 0.015625
0 0.140625 0.587500 0.015625 0.015625
0 0.718750 0.587500 0.015625 0.015625
0 0.598438 0.595313 0.015625 0.015625
0 0.050000 0.607813 0.015625 0.015625
0 0.371875 0.617188 0.015625 0.015625
0 0.837500 0.637500 0.015625 0.015625
0 0.201563 0.643750 0.015625 0.015625
0 0.879688 0.643750 0.015625 0.015625
0 0.025000 0.656250 0.015625 0.015625
0 0.609375 0.662500 0.015625 0.015625
0 0.143750 0.718750 0.015625 0.015625
0 0.720313 0.729688 0.015625 0.015625
0 0.370313 0.737500 0.015625 0.015625
0 0.856250 0.750000 0.015625 0.015625
0 0.385938 0.762500 0.015625 0.015625
0 0.721875 0.773438 0.015625 0.015625
0 0.287500 0.785938 0.015625 0.015625
0 0.992188 0.787500 0.015625 0.015625
0 0.165625 0.798438 0.015625 0.015625
0 0.445313 0.809375 0.015625 0.015625
0 0.190625 0.828125 0.015625 0.015625
0 0.900000 0.848438 0.015625 0.015625
0 0.348438 0.856250 0.015625 0.015625
0 0.751563 0.862500 0.015625 0.015625
0 0.790625 0.873438 0.015625 0.015625
0 0.048438 0.890625 0.015625 0.015625
0 0.198438 0.893750 0.015625 0.015625
0 0.818750 0.898438 0.015625 0.015625
0 0.557813 0.904688 0.015625 0.015625
0 0.857813 0.917188 0.015625 0.015625
0 0.890625 0.937500 0.015625 0.015625
0 0.521875 0.940625 0.015625 0.015625
0 0.214063 0.946875 0.015625 0.015625
0 0.309375 0.959375 0.015625 0.015625
0 0.160338 0.029536 0.015625 0.015625
0 0.548523 0.988748 0.015625 0.015625
0 0.476793 0.966245 0.015625 0.015625
0 0.403657 0.981716 0.015625 0.015625
0 0.666667 0.997187 0.015625 0.015625
0 0.790436 0.990155 0.015625 0.015625
0 0.963432 0.990155 0.015625 0.015625
0 0.939522 0.962025 0.015625 0.015625
0 0.195499 0.963432 0.015625 0.015625
0 0.036568 0.527426 0.015625 0.015625
0 0.014065 0.440225 0.015625 0.015625
0 0.805907 0.286920 0.015625 0.015625
0 0.748242 0.240506 0.015625 0.015625
0 0.831224 0.386779 0.015625 0.015625
0 0.326301 0.177215 0.015625 0.015625
0 0.431786 0.178622 0.015625 0.015625
0 0.469761 0.164557 0.015625 0.015625
