0 0.472000 0.014000 0.015625 0.015625
0 0.192000 0.016000 0.015625 0.015625
0 0.662000 0.022000 0.015625 0.015625
0 0.170000 0.028000 0.015625 0.015625
0 0.578000 0.032000 0.015625 0.015625
0 0.816000 0.032000 0.015625 0.015625
0 0.062000 0.045000 0.015625 0.015625
0 0.884000 0.074000 0.015625 0.015625
0 0.940000 0.078000 0.015625 0.015625
0 0.436000 0.094000 0.015625 0.015625
0 0.680000 0.108000 0.015625 0.015625
0 0.982000 0.122000 0.015625 0.015625
0 0.226000 0.130000 0.015625 0.015625
0 0.412000 0.146000 0.015625 0.015625
0 0.698000 0.146000 0.015625 0.015625
0 0.252000 0.154000 0.015625 0.015625
0 0.628000 0.170000 0.015625 0.015625
0 0.836000 0.172000 0.015625 0.015625
0 0.428000 0.178000 0.015625 0.015625
0 0.784000 0.178000 0.015625 0.015625
0 0.684000 0.188000 0.015625 0.015625
0 0.348000 0.192000 0.015625 0.015625
0 0.134000 0.224000 0.015625 0.015625
0 0.456000 0.224000 0.015625 0.015625
0 0.788000 0.224000 0.015625 0.015625
0 0.380000 0.228000 0.015625 0.015625
0 0.738000 0.232000 0.015625 0.015625
0 0.572000 0.236000 0.015625 0.015625
0 0.626000 0.236000 0.015625 0.015625
0 0.020000 0.242000 0.015625 0.015625
0 0.352000 0.246000 0.015625 0.015625
0 0.688000 0.248000 0.015625 0.015625
0 0.464000 0.252000 0.015625 0.015625
0 0.522000 0.268000 0.015625 0.015625
0 0.934000 0.280000 0.015625 0.015625
0 0.968000 0.280000 0.015625 0.015625
0 0.280000 0.282000 0.015625 0.015625
0 0.056000 0.286000 0.015625 0.015625
0 0.306000 0.286000 0.015625 0.015625
0 0.505000 0.298000 0.015625 0.015625
0 0.818000 0.298000 0.015625 0.015625
0 0.788000 0.332000 0.015625 0.015625
0 0.338000 0.336000 0.015625 0.015625
0 0.505000 0.338000 0.015625 0.015625
0 0.146000 0.350000 0.015625 0.015625
0 0.886000 0.370000 0.015625 0.015625
0 0.486000 0.374000 0.015625 0.015625
0 0.630000 0.378000 0.015625 0.015625
0 0.966000 0.378000 0.015625 0.015625
0 0.024000 0.402000 0.015625 0.015625
0 0.706000 0.418000 0.015625 0.015625
0 0.278000 0.422000 0.015625 0.015625
0 0.470000 0.424000 0.015625 0.015625
0 0.386000 0.426000 0.015625 0.015625
0 0.022000 0.428000 0.015625 0.015625
0 0.686000 0.428000 0.015625 0.015625
0 0.072000 0.440000 0.015625 0.015625
0 0.786000 0.450000 0.015625 0.015625
0 0.104000 0.452000 0.015625 0.015625
0 0.884000 0.454000 0.015625 0.015625
0 0.186000 0.464000 0.015625 0.015625
0 0.990000 0.464000 0.015625 0.015625
0 0.634000 0.466000 0.015625 0.015625
0 0.510000 0.470000 0.015625 0.015625
0 0.378000 0.476000 0.015625 0.015625
0 0.322000 0.478000 0.015625 0.015625
0 0.726000 0.504000 0.015625 0.015625
0 0.505000 0.508000 0.015625 0.015625
0 0.398000 0.514000 0.015625 0.015625
0 0.054000 0.520000 0.015625 0.015625
0 0.248000 0.526000 0.015625 0.015625
0 0.486000 0.534000 0.015625 0.015625
0 0.870000 0.534000 0.015625 0.015625
0 0.874000 0.556000 0.015625 0.015625
0 0.078000 0.558000 0.015625 0.015625
0 0.710000 0.560000 0.015625 0.015625
0 0.980000 0.576000 0.015625 0.015625
0 0.122000 0.580000 0.015625 0.015625
0 0.350000 0.590000 0.015625 0.015625
0 0.754000 0.604000 0.015625 0.015625
0 0.654000 0.606000 0.015625 0.015625
0 0.850000 0.618000 0.015625 0.015625
0 0.606000 0.620000 0.015625 0.015625
0 0.206000 0.626000 0.015625 0.015625
0 0.878000 0.644000 0.015625 0.015625
0 0.218000 0.654000 0.015625 0.015625
0 0.578000 0.654000 0.015625 0.015625
0 0.014000 0.656000 0.015625 0.015625
0 0.654000 0.728000 0.015625 0.015625
0 0.386000 0.738000 0.015625 0.015625
0 0.850000 0.744000 0.015625 0.015625
0 0.442000 0.756000 0.015625 0.015625
0 0.976000 0.756000 0.015625 0.015625
0 0.128000 0.764000 0.015625 0.015625
0 0.340000 0.766000 0.015625 0.015625
0 0.718000 0.766000 0.015625 0.015625
0 0.008000 0.786000 0.015625 0.015625
0 0.338000 0.806000 0.015625 0.015625
0 0.446000 0.808000 0.015625 0.015625
0 0.170000 0.832000 0.015625 0.015625
0 0.574000 0.844000 0.015625 0.015625
0 0.322000 0.848000 0.015625 0.015625
0 0.174000 0.850000 0.015625 0.015625
0 0.086000 0.854000 0.015625 0.015625
0 0.854000 0.856000 0.015625 0.015625
0 0.734000 0.874000 0.015625 0.015625
0 0.810000 0.884000 0.015625 0.015625
0 0.270000 0.886000 0.015625 0.015625
0 0.192686 0.126582 0.015625 0.015625
0 0.822785 0.386779 0.015625 0.015625
0 0.800281 0.933896 0.015625 0.015625
0 0.834037 0.901547 0.015625 0.015625
0 0.895921 0.905767 0.015625 0.015625
0 0.912799 0.938115 0.015625 0.015625
0 0.649789 0.976090 0.015625 0.015625
0 0.544304 0.909986 0.015625 0.015625
0 0.403657 0.984529 0.015625 0.015625
0 0.350211 0.991561 0.015625 0.015625
0 0.187060 0.952180 0.015625 0.015625
0 0.428973 0.966245 0.015625 0.015625
