0 0.201000 0.008000 0.015625 0.015625
0 0.068000 0.011000 0.015625 0.015625
0 0.471000 0.013000 0.015625 0.015625
0 0.713000 0.019000 0.015625 0.015625
0 0.929000 0.019000 0.015625 0.015625
0 0.555000 0.027000 0.015625 0.015625
0 0.903000 0.033000 0.015625 0.015625
0 0.161000 0.037000 0.015625 0.015625
0 0.598000 0.063000 0.015625 0.015625
0 0.563000 0.067000 0.015625 0.015625
0 0.409000 0.097000 0.015625 0.015625
0 0.965000 0.099000 0.015625 0.015625
0 0.233000 0.107000 0.015625 0.015625
0 0.169000 0.125000 0.015625 0.015625
0 0.653000 0.127000 0.015625 0.015625
0 0.753000 0.129000 0.015625 0.015625
0 0.633000 0.153000 0.015625 0.015625
0 0.465000 0.169000 0.015625 0.015625
0 0.650000 0.170000 0.015625 0.015625
0 0.634000 0.177000 0.015625 0.015625
0 0.785000 0.177000 0.015625 0.015625
0 0.733000 0.189000 0.015625 0.015625
0 0.949000 0.189000 0.015625 0.015625
0 0.865000 0.213000 0.015625 0.015625
0 0.450000 0.217000 0.015625 0.015625
0 0.046000 0.221000 0.015625 0.015625
0 0.641000 0.225000 0.015625 0.015625
0 0.733000 0.227000 0.015625 0.015625
0 0.369000 0.235000 0.015625 0.015625
0 0.933000 0.241000 0.015625 0.015625
0 0.265000 0.245000 0.015625 0.015625
0 0.637000 0.251000 0.015625 0.015625
0 0.737000 0.257000 0.015625 0.015625
0 0.489000 0.269000 0.015625 0.015625
0 0.549000 0.269000 0.015625 0.015625
0 0.357000 0.285000 0.015625 0.015625
0 0.209000 0.293000 0.015625 0.015625
0 0.925000 0.293000 0.015625 0.015625
0 0.841000 0.297000 0.015625 0.015625
0 0.105000 0.305000 0.015625 0.015625
0 0.010000 0.311000 0.015625 0.015625
0 0.057000 0.329000 0.015625 0.015625
0 0.593000 0.329000 0.015625 0.015625
0 0.799000 0.329000 0.015625 0.015625
0 0.181000 0.349000 0.015625 0.015625
0 0.989000 0.353000 0.015625 0.015625
0 0.649000 0.355000 0.015625 0.015625
0 0.021000 0.361000 0.015625 0.015625
0 0.553000 0.369000 0.015625 0.015625
0 0.797000 0.381000 0.015625 0.015625
0 0.909000 0.385000 0.015625 0.015625
0 0.709000 0.403000 0.015625 0.015625
0 0.089000 0.407000 0.015625 0.015625
0 0.477000 0.409000 0.015625 0.015625
0 0.685000 0.419000 0.015625 0.015625
0 0.879000 0.421000 0.015625 0.015625
0 0.185000 0.423000 0.015625 0.015625
0 0.749000 0.425000 0.015625 0.015625
0 0.419000 0.427000 0.015625 0.015625
0 0.013000 0.429000 0.015625 0.015625
0 0.504000 0.453000 0.015625 0.015625
0 0.585000 0.457000 0.015625 0.015625
0 0.369000 0.461000 0.015625 0.015625
0 0.813000 0.473000 0.015625 0.015625
0 0.281000 0.475000 0.015625 0.015625
0 0.693000 0.475000 0.015625 0.015625
0 0.841000 0.493000 0.015625 0.015625
0 0.137000 0.504000 0.015625 0.015625
0 0.061000 0.509000 0.015625 0.015625
0 0.869000 0.519000 0.015625 0.015625
0 0.045000 0.541000 0.015625 0.015625
0 0.757000 0.547000 0.015625 0.015625
0 0.270000 0.553000 0.015625 0.015625
0 0.841000 0.553000 0.015625 0.015625
0 0.431000 0.557000 0.015625 0.015625
0 0.443000 0.589000 0.015625 0.015625
0 0.807000 0.595000 0.015625 0.015625
0 0.741000 0.597000 0.015625 0.015625
0 0.127000 0.603000 0.015625 0.015625
0 0.601000 0.625000 0.015625 0.015625
0 0.023000 0.627000 0.015625 0.015625
0 0.379000 0.627000 0.015625 0.015625
0 0.835000 0.643000 0.015625 0.015625
0 0.207000 0.647000 0.015625 0.015625
0 0.035000 0.657000 0.015625 0.015625
0 0.619000 0.667000 0.015625 0.015625
0 0.131000 0.715000 0.015625 0.015625
0 0.367000 0.741000 0.015625 0.015625
0 0.847000 0.747000 0.015625 0.015625
0 0.701000 0.755000 0.015625 0.015625
0 0.415000 0.771000 0.015625 0.015625
0 0.159000 0.795000 0.015625 0.015625
0 0.287000 0.795000 0.015625 0.015625
0 0.447000 0.815000 0.015625 0.015625
0 0.215000 0.815000 0.015625 0.015625
0 0.887000 0.845000 0.015625 0.015625
0 0.323000 0.851000 0.015625 0.015625
0 0.751000 0.855000 0.015625 0.015625
0 0.787000 0.875000 0.015625 0.015625
0 0.059000 0.889000 0.015625 0.015625
0 0.803000 0.891000 0.015625 0.015625
0 0.203000 0.895000 0.015625 0.015625
0 0.551000 0.899000 0.015625 0.015625
0 0.215000 0.947000 0.015625 0.015625
0 0.305000 0.961000 0.015625 0.015625
0 0.195000 0.967000 0.015625 0.015625
0 0.403000 0.979000 0.015625 0.015625
0 0.451000 0.987000 0.015625 0.015625
0 0.527426 0.990155 0.015625 0.015625
0 0.668073 0.991561 0.015625 0.015625
0 0.810127 0.973277 0.015625 0.015625
0 0.827004 0.901547 0.015625 0.015625
0 0.856540 0.912799 0.015625 0.015625
0 0.884669 0.922644 0.015625 0.015625
0 0.877637 0.634318 0.015625 0.015625
0 0.985935 0.465541 0.015625 0.015625
0 0.208158 0.620253 0.015625 0.015625
0 0.385373 0.514768 0.015625 0.015625
0 0.331927 0.161744 0.015625 0.015625
