0 0.710000 0.008000 0.015625 0.015625
0 0.912000 0.008000 0.015625 0.015625
0 0.486000 0.010000 0.015625 0.015625
0 0.062000 0.016000 0.015625 0.015625
0 0.584000 0.022000 0.015625 0.015625
0 0.932000 0.034000 0.015625 0.015625
0 0.218000 0.052000 0.015625 0.015625
0 0.186000 0.070000 0.015625 0.015625
0 0.842000 0.088000 0.015625 0.015625
0 0.810000 0.106000 0.015625 0.015625
0 0.408000 0.116000 0.015625 0.015625
0 0.676000 0.142000 0.015625 0.015625
0 0.338000 0.148000 0.015625 0.015625
0 0.788000 0.150000 0.015625 0.015625
0 0.684000 0.166000 0.015625 0.015625
0 0.908000 0.180000 0.015625 0.015625
0 0.678000 0.210000 0.015625 0.015625
0 0.454000 0.222000 0.015625 0.015625
0 0.372000 0.230000 0.015625 0.015625
0 0.646000 0.242000 0.015625 0.015625
0 0.688000 0.252000 0.015625 0.015625
0 0.216000 0.258000 0.015625 0.015625
0 0.516000 0.262000 0.015625 0.015625
0 0.724000 0.272000 0.015625 0.015625
0 0.784000 0.284000 0.015625 0.015625
0 0.936000 0.288000 0.015625 0.015625
0 0.064000 0.292000 0.015625 0.015625
0 0.828000 0.310000 0.015625 0.015625
0 0.020000 0.312000 0.015625 0.015625
0 0.280000 0.312000 0.015625 0.015625
0 0.420000 0.332000 0.015625 0.015625
0 0.178000 0.334000 0.015625 0.015625
0 0.892000 0.336000 0.015625 0.015625
0 0.580000 0.356000 0.015625 0.015625
0 0.658000 0.362000 0.015625 0.015625
0 0.082000 0.364000 0.015625 0.015625
0 0.268000 0.374000 0.015625 0.015625
0 0.856000 0.378000 0.015625 0.015625
0 0.380000 0.384000 0.015625 0.015625
0 0.764000 0.384000 0.015625 0.015625
0 0.990000 0.392000 0.015625 0.015625
0 0.926000 0.394000 0.015625 0.015625
0 0.508000 0.398000 0.015625 0.015625
0 0.144000 0.408000 0.015625 0.015625
0 0.204000 0.418000 0.015625 0.015625
0 0.504000 0.418000 0.015625 0.015625
0 0.016000 0.434000 0.015625 0.015625
0 0.684000 0.436000 0.015625 0.015625
0 0.804000 0.452000 0.015625 0.015625
0 0.348000 0.466000 0.015625 0.015625
0 0.986000 0.466000 0.015625 0.015625
0 0.316000 0.476000 0.015625 0.015625
0 0.540000 0.492000 0.015625 0.015625
0 0.152000 0.494000 0.015625 0.015625
0 0.616000 0.506000 0.015625 0.015625
0 0.872000 0.518000 0.015625 0.015625
0 0.640000 0.520000 0.015625 0.015625
0 0.384000 0.522000 0.015625 0.015625
0 0.840000 0.528000 0.015625 0.015625
0 0.236000 0.530000 0.015625 0.015625
0 0.052000 0.546000 0.015625 0.015625
0 0.100000 0.552000 0.015625 0.015625
0 0.488000 0.556000 0.015625 0.015625
0 0.448000 0.558000 0.015625 0.015625
0 0.864000 0.558000 0.015625 0.015625
0 0.024000 0.584000 0.015625 0.015625
0 0.808000 0.606000 0.015625 0.015625
0 0.990000 0.612000 0.015625 0.015625
0 0.312000 0.626000 0.015625 0.015625
0 0.672000 0.628000 0.015625 0.015625
0 0.204000 0.638000 0.015625 0.015625
0 0.864000 0.638000 0.015625 0.015625
0 0.012000 0.648000 0.015625 0.015625
0 0.720000 0.650000 0.015625 0.015625
0 0.892000 0.656000 0.015625 0.015625
0 0.564000 0.674000 0.015625 0.015625
0 0.080000 0.676000 0.015625 0.015625
0 0.668000 0.682000 0.015625 0.015625
0 0.160000 0.714000 0.015625 0.015625
0 0.332000 0.718000 0.015625 0.015625
0 0.316000 0.732000 0.015625 0.015625
0 0.936000 0.734000 0.015625 0.015625
0 0.364000 0.738000 0.015625 0.015625
0 0.860000 0.744000 0.015625 0.015625
0 0.600000 0.758000 0.015625 0.015625
0 0.380000 0.780000 0.015625 0.015625
0 0.200000 0.790000 0.015625 0.015625
0 0.392000 0.808000 0.015625 0.015625
0 0.448000 0.814000 0.015625 0.015625
0 0.106000 0.818000 0.015625 0.015625
0 0.704000 0.842000 0.015625 0.015625
0 0.320000 0.848000 0.015625 0.015625
0 0.492000 0.850000 0.015625 0.015625
0 0.804000 0.876000 0.015625 0.015625
0 0.312000 0.888000 0.015625 0.015625
0 0.198000 0.892000 0.015625 0.015625
0 0.546000 0.892000 0.015625 0.015625
0 0.668000 0.898000 0.015625 0.015625
0 0.780000 0.906000 0.015625 0.015625
0 0.108000 0.916000 0.015625 0.015625
0 0.876000 0.916000 0.015625 0.015625
0 0.978000 0.922000 0.015625 0.015625
0 0.060000 0.952000 0.015625 0.015625
0 0.884000 0.958000 0.015625 0.015625
0 0.548000 0.964000 0.015625 0.015625
0 0.292000 0.968000 0.015625 0.015625
0 0.400000 0.980000 0.015625 0.015625
0 0.544000 0.984000 0.015625 0.015625
