0 0.496000 0.012000 0.015625 0.015625
0 0.984000 0.016000 0.015625 0.015625
0 0.216000 0.060000 0.015625 0.015625
0 0.854000 0.086000 0.015625 0.015625
0 0.424000 0.098000 0.015625 0.015625
0 0.228000 0.122000 0.015625 0.015625
0 0.682000 0.128000 0.015625 0.015625
0 0.818000 0.132000 0.015625 0.015625
0 0.766000 0.146000 0.015625 0.015625
0 0.930000 0.164000 0.015625 0.015625
0 0.660000 0.168000 0.015625 0.015625
0 0.764000 0.218000 0.015625 0.015625
0 0.792000 0.222000 0.015625 0.015625
0 0.466000 0.228000 0.015625 0.015625
0 0.376000 0.234000 0.015625 0.015625
0 0.656000 0.238000 0.015625 0.015625
0 0.026000 0.248000 0.015625 0.015625
0 0.270000 0.248000 0.015625 0.015625
0 0.416000 0.250000 0.015625 0.015625
0 0.660000 0.258000 0.015625 0.015625
0 0.090000 0.264000 0.015625 0.015625
0 0.466000 0.268000 0.015625 0.015625
0 0.722000 0.276000 0.015625 0.015625
0 0.276000 0.284000 0.015625 0.015625
0 0.744000 0.284000 0.015625 0.015625
0 0.232000 0.292000 0.015625 0.015625
0 0.938000 0.294000 0.015625 0.015625
0 0.978000 0.298000 0.015625 0.015625
0 0.884000 0.318000 0.015625 0.015625
0 0.852000 0.322000 0.015625 0.015625
0 0.154000 0.336000 0.015625 0.015625
0 0.420000 0.342000 0.015625 0.015625
0 0.656000 0.344000 0.015625 0.015625
0 0.194000 0.372000 0.015625 0.015625
0 0.514000 0.376000 0.015625 0.015625
0 0.916000 0.380000 0.015625 0.015625
0 0.824000 0.388000 0.015625 0.015625
0 0.408000 0.390000 0.015625 0.015625
0 0.768000 0.402000 0.015625 0.015625
0 0.572000 0.406000 0.015625 0.015625
0 0.696000 0.424000 0.015625 0.015625
0 0.192000 0.428000 0.015625 0.015625
0 0.528000 0.428000 0.015625 0.015625
0 0.020000 0.430000 0.015625 0.015625
0 0.236000 0.432000 0.015625 0.015625
0 0.372000 0.456000 0.015625 0.015625
0 0.812000 0.462000 0.015625 0.015625
0 0.556000 0.464000 0.015625 0.015625
0 0.984000 0.464000 0.015625 0.015625
0 0.276000 0.488000 0.015625 0.015625
0 0.384000 0.496000 0.015625 0.015625
0 0.792000 0.503000 0.015625 0.015625
0 0.616000 0.516000 0.015625 0.015625
0 0.068000 0.518000 0.015625 0.015625
0 0.864000 0.524000 0.015625 0.015625
0 0.102000 0.536000 0.015625 0.015625
0 0.584000 0.538000 0.015625 0.015625
0 0.228000 0.546000 0.015625 0.015625
0 0.458000 0.548000 0.015625 0.015625
0 0.888000 0.564000 0.015625 0.015625
0 0.014000 0.566000 0.015625 0.015625
0 0.148000 0.566000 0.015625 0.015625
0 0.512000 0.572000 0.015625 0.015625
0 0.804000 0.574000 0.015625 0.015625
0 0.060000 0.578000 0.015625 0.015625
0 0.988000 0.584000 0.015625 0.015625
0 0.972000 0.616000 0.015625 0.015625
0 0.776000 0.618000 0.015625 0.015625
0 0.388000 0.620000 0.015625 0.015625
0 0.856000 0.632000 0.015625 0.015625
0 0.204000 0.634000 0.015625 0.015625
0 0.658000 0.634000 0.015625 0.015625
0 0.904000 0.654000 0.015625 0.015625
0 0.022000 0.658000 0.015625 0.015625
0 0.094000 0.686000 0.015625 0.015625
0 0.568000 0.708000 0.015625 0.015625
0 0.166000 0.730000 0.015625 0.015625
0 0.314000 0.730000 0.015625 0.015625
0 0.370000 0.730000 0.015625 0.015625
0 0.686000 0.732000 0.015625 0.015625
0 0.860000 0.740000 0.015625 0.015625
0 0.942000 0.746000 0.015625 0.015625
0 0.516000 0.750000 0.015625 0.015625
0 0.298000 0.752000 0.015625 0.015625
0 0.552000 0.762000 0.015625 0.015625
0 0.380000 0.780000 0.015625 0.015625
0 0.170000 0.782000 0.015625 0.015625
0 0.646000 0.800000 0.015625 0.015625
0 0.120000 0.818000 0.015625 0.015625
0 0.382000 0.820000 0.015625 0.015625
0 0.734000 0.824000 0.015625 0.015625
0 0.458000 0.830000 0.015625 0.015625
0 0.318000 0.850000 0.015625 0.015625
0 0.228000 0.860000 0.015625 0.015625
0 0.534000 0.868000 0.015625 0.015625
0 0.810000 0.872000 0.015625 0.015625
0 0.796000 0.876000 0.015625 0.015625
0 0.818000 0.886000 0.015625 0.015625
0 0.198000 0.896000 0.015625 0.015625
0 0.540000 0.908000 0.015625 0.015625
0 0.074000 0.910000 0.015625 0.015625
0 0.898000 0.928000 0.015625 0.015625
0 0.714000 0.932000 0.015625 0.015625
0 0.954000 0.946000 0.015625 0.015625
0 0.474000 0.950000 0.015625 0.015625
0 0.980000 0.960000 0.015625 0.015625
0 0.554000 0.966000 0.015625 0.015625
0 0.286000 0.970000 0.015625 0.015625
