0 0.760000 0.010000 0.015625 0.015625
0 0.946000 0.022000 0.015625 0.015625
0 0.352000 0.030000 0.015625 0.015625
0 0.085000 0.036000 0.015625 0.015625
0 0.828000 0.042000 0.015625 0.015625
0 0.948000 0.080000 0.015625 0.015625
0 0.322000 0.092000 0.015625 0.015625
0 0.842000 0.096000 0.015625 0.015625
0 0.262000 0.116000 0.015625 0.015625
0 0.781000 0.163000 0.015625 0.015625
0 0.686000 0.164000 0.015625 0.015625
0 0.341000 0.175000 0.015625 0.015625
0 0.894000 0.176000 0.015625 0.015625
0 0.644000 0.184000 0.015625 0.015625
0 0.460000 0.214000 0.015625 0.015625
0 0.694000 0.214000 0.015625 0.015625
0 0.938000 0.226000 0.015625 0.015625
0 0.370000 0.232000 0.015625 0.015625
0 0.660000 0.240000 0.015625 0.015625
0 0.464000 0.244000 0.015625 0.015625
0 0.640000 0.258000 0.015625 0.015625
0 0.230000 0.264000 0.015625 0.015625
0 0.708000 0.268000 0.015625 0.015625
0 0.210000 0.270000 0.015625 0.015625
0 0.528000 0.272000 0.015625 0.015625
0 0.254000 0.294000 0.015625 0.015625
0 0.936000 0.298000 0.015625 0.015625
0 0.078000 0.300000 0.015625 0.015625
0 0.818000 0.302000 0.015625 0.015625
0 0.396000 0.312000 0.015625 0.015625
0 0.706000 0.312000 0.015625 0.015625
0 0.766000 0.322000 0.015625 0.015625
0 0.474000 0.328000 0.015625 0.015625
0 0.594000 0.336000 0.015625 0.015625
0 0.048000 0.340000 0.015625 0.015625
0 0.882000 0.350000 0.015625 0.015625
0 0.182000 0.352000 0.015625 0.015625
0 0.660000 0.368000 0.015625 0.015625
0 0.294000 0.376000 0.015625 0.015625
0 0.770000 0.380000 0.015625 0.015625
0 0.918000 0.386000 0.015625 0.015625
0 0.986000 0.390000 0.015625 0.015625
0 0.846000 0.400000 0.015625 0.015625
0 0.222000 0.410000 0.015625 0.015625
0 0.366000 0.412000 0.015625 0.015625
0 0.478000 0.416000 0.015625 0.015625
0 0.505000 0.428000 0.015625 0.015625
0 0.030000 0.430000 0.015625 0.015625
0 0.690000 0.432000 0.015625 0.015625
0 0.806000 0.446000 0.015625 0.015625
0 0.986000 0.468000 0.015625 0.015625
0 0.338000 0.482000 0.015625 0.015625
0 0.526000 0.488000 0.015625 0.015625
0 0.154000 0.500000 0.015625 0.015625
0 0.620000 0.506000 0.015625 0.015625
0 0.866000 0.520000 0.015625 0.015625
0 0.082000 0.524000 0.015625 0.015625
0 0.238000 0.524000 0.015625 0.015625
0 0.386000 0.526000 0.015625 0.015625
0 0.666000 0.526000 0.015625 0.015625
0 0.050000 0.546000 0.015625 0.015625
0 0.486000 0.546000 0.015625 0.015625
0 0.874000 0.548000 0.015625 0.015625
0 0.440000 0.550000 0.015625 0.015625
0 0.834000 0.554000 0.015625 0.015625
0 0.102000 0.574000 0.015625 0.015625
0 0.820000 0.576000 0.015625 0.015625
0 0.038000 0.600000 0.015625 0.015625
0 0.814000 0.608000 0.015625 0.015625
0 0.310000 0.624000 0.015625 0.015625
0 0.674000 0.630000 0.015625 0.015625
0 0.990000 0.634000 0.015625 0.015625
0 0.866000 0.638000 0.015625 0.015625
0 0.206000 0.646000 0.015625 0.015625
0 0.714000 0.652000 0.015625 0.015625
0 0.890000 0.664000 0.015625 0.015625
0 0.062000 0.672000 0.015625 0.015625
0 0.574000 0.678000 0.015625 0.015625
0 0.640000 0.696000 0.015625 0.015625
0 0.154000 0.700000 0.015625 0.015625
0 0.340000 0.716000 0.015625 0.015625
0 0.326000 0.738000 0.015625 0.015625
0 0.630000 0.740000 0.015625 0.015625
0 0.854000 0.748000 0.015625 0.015625
0 0.940000 0.770000 0.015625 0.015625
0 0.608000 0.776000 0.015625 0.015625
0 0.366000 0.786000 0.015625 0.015625
0 0.200000 0.814000 0.015625 0.015625
0 0.410000 0.814000 0.015625 0.015625
0 0.446000 0.818000 0.015625 0.015625
0 0.106000 0.832000 0.015625 0.015625
0 0.690000 0.846000 0.015625 0.015625
0 0.505000 0.850000 0.015625 0.015625
0 0.318000 0.854000 0.015625 0.015625
0 0.798000 0.886000 0.015625 0.015625
0 0.198000 0.896000 0.015625 0.015625
0 0.554000 0.900000 0.015625 0.015625
0 0.882000 0.922000 0.015625 0.015625
0 0.960000 0.924000 0.015625 0.015625
0 0.294000 0.928000 0.015625 0.015625
0 0.114000 0.938000 0.015625 0.015625
0 0.518000 0.942000 0.015625 0.015625
0 0.814000 0.946000 0.015625 0.015625
0 0.898000 0.960000 0.015625 0.015625
0 0.086000 0.972000 0.015625 0.015625
0 0.290000 0.972000 0.015625 0.015625
0 0.206000 0.976000 0.015625 0.015625
0 0.658000 0.980000 0.015625 0.015625
