0 0.272000 0.006000 0.015625 0.015625
0 0.770000 0.008000 0.015625 0.015625
0 0.486000 0.014000 0.015625 0.015625
0 0.228000 0.026000 0.015625 0.015625
0 0.590000 0.026000 0.015625 0.015625
0 0.024000 0.034000 0.015625 0.015625
0 0.862000 0.046000 0.015625 0.015625
0 0.176000 0.056000 0.015625 0.015625
0 0.672000 0.062000 0.015625 0.015625
0 0.392000 0.066000 0.015625 0.015625
0 0.438000 0.092000 0.015625 0.015625
0 0.802000 0.102000 0.015625 0.015625
0 0.238000 0.128000 0.015625 0.015625
0 0.724000 0.152000 0.015625 0.015625
0 0.906000 0.156000 0.015625 0.015625
0 0.658000 0.164000 0.015625 0.015625
0 0.738000 0.164000 0.015625 0.015625
0 0.310000 0.178000 0.015625 0.015625
0 0.634000 0.212000 0.015625 0.015625
0 0.518000 0.216000 0.015625 0.015625
0 0.774000 0.224000 0.015625 0.015625
0 0.370000 0.230000 0.015625 0.015625
0 0.754000 0.234000 0.015625 0.015625
0 0.674000 0.236000 0.015625 0.015625
0 0.462000 0.238000 0.015625 0.015625
0 0.958000 0.264000 0.015625 0.015625
0 0.718000 0.276000 0.015625 0.015625
0 0.106000 0.288000 0.015625 0.015625
0 0.290000 0.290000 0.015625 0.015625
0 0.906000 0.294000 0.015625 0.015625
0 0.942000 0.294000 0.015625 0.015625
0 0.466000 0.304000 0.015625 0.015625
0 0.826000 0.308000 0.015625 0.015625
0 0.478000 0.324000 0.015625 0.015625
0 0.030000 0.334000 0.015625 0.015625
0 0.286000 0.334000 0.015625 0.015625
0 0.505000 0.346000 0.015625 0.015625
0 0.442000 0.352000 0.015625 0.015625
0 0.546000 0.352000 0.015625 0.015625
0 0.190000 0.360000 0.015625 0.015625
0 0.638000 0.368000 0.015625 0.015625
0 0.866000 0.368000 0.015625 0.015625
0 0.834000 0.374000 0.015625 0.015625
0 0.076000 0.384000 0.015625 0.015625
0 0.246000 0.384000 0.015625 0.015625
0 0.422000 0.386000 0.015625 0.015625
0 0.986000 0.388000 0.015625 0.015625
0 0.526000 0.398000 0.015625 0.015625
0 0.166000 0.404000 0.015625 0.015625
0 0.806000 0.408000 0.015625 0.015625
0 0.028000 0.418000 0.015625 0.015625
0 0.666000 0.420000 0.015625 0.015625
0 0.542000 0.438000 0.015625 0.015625
0 0.178000 0.444000 0.015625 0.015625
0 0.842000 0.456000 0.015625 0.015625
0 0.606000 0.484000 0.015625 0.015625
0 0.838000 0.492000 0.015625 0.015625
0 0.390000 0.496000 0.015625 0.015625
0 0.518000 0.516000 0.015625 0.015625
0 0.826000 0.516000 0.015625 0.015625
0 0.866000 0.516000 0.015625 0.015625
0 0.426000 0.520000 0.015625 0.015625
0 0.386000 0.528000 0.015625 0.015625
0 0.638000 0.532000 0.015625 0.015625
0 0.066000 0.534000 0.015625 0.015625
0 0.278000 0.542000 0.015625 0.015625
0 0.434000 0.548000 0.015625 0.015625
0 0.570000 0.558000 0.015625 0.015625
0 0.878000 0.558000 0.015625 0.015625
0 0.122000 0.568000 0.015625 0.015625
0 0.226000 0.584000 0.015625 0.015625
0 0.878000 0.626000 0.015625 0.015625
0 0.206000 0.634000 0.015625 0.015625
0 0.046000 0.652000 0.015625 0.015625
0 0.714000 0.652000 0.015625 0.015625
0 0.782000 0.652000 0.015625 0.015625
0 0.582000 0.658000 0.015625 0.015625
0 0.622000 0.664000 0.015625 0.015625
0 0.318000 0.680000 0.015625 0.015625
0 0.686000 0.696000 0.015625 0.015625
0 0.100000 0.700000 0.015625 0.015625
0 0.346000 0.726000 0.015625 0.015625
0 0.842000 0.734000 0.015625 0.015625
0 0.374000 0.748000 0.015625 0.015625
0 0.174000 0.758000 0.015625 0.015625
0 0.326000 0.768000 0.015625 0.015625
0 0.760000 0.788000 0.015625 0.015625
0 0.642000 0.798000 0.015625 0.015625
0 0.366000 0.816000 0.015625 0.015625
0 0.498000 0.848000 0.015625 0.015625
0 0.410000 0.850000 0.015625 0.015625
0 0.178000 0.854000 0.015625 0.015625
0 0.326000 0.854000 0.015625 0.015625
0 0.818000 0.868000 0.015625 0.015625
0 0.902000 0.888000 0.015625 0.015625
0 0.202000 0.894000 0.015625 0.015625
0 0.550000 0.898000 0.015625 0.015625
0 0.158000 0.904000 0.015625 0.015625
0 0.614000 0.904000 0.015625 0.015625
0 0.834000 0.906000 0.015625 0.015625
0 0.254000 0.918000 0.015625 0.015625
0 0.926000 0.922000 0.015625 0.015625
0 0.734000 0.934000 0.015625 0.015625
0 0.550000 0.952000 0.015625 0.015625
0 0.258000 0.964000 0.015625 0.015625
0 0.286000 0.964000 0.015625 0.015625
0 0.022000 0.970000 0.015625 0.015625
0 0.186000 0.986000 0.015625 0.015625
0 0.018284 0.057665 0.015625 0.015625
0 0.170183 0.465541 0.015625 0.015625
