0 0.470000 0.014000 0.015625 0.015625
0 0.674000 0.022000 0.015625 0.015625
0 0.190000 0.024000 0.015625 0.015625
0 0.164000 0.028000 0.015625 0.015625
0 0.806000 0.028000 0.015625 0.015625
0 0.556000 0.040000 0.015625 0.015625
0 0.894000 0.044000 0.015625 0.015625
0 0.045000 0.052000 0.015625 0.015625
0 0.938000 0.076000 0.015625 0.015625
0 0.978000 0.096000 0.015625 0.015625
0 0.692000 0.110000 0.015625 0.015625
0 0.972000 0.128000 0.015625 0.015625
0 0.166000 0.132000 0.015625 0.015625
0 0.228000 0.134000 0.015625 0.015625
0 0.704000 0.156000 0.015625 0.015625
0 0.434000 0.158000 0.015625 0.015625
0 0.640000 0.170000 0.015625 0.015625
0 0.230000 0.172000 0.015625 0.015625
0 0.864000 0.174000 0.015625 0.015625
0 0.782000 0.178000 0.015625 0.015625
0 0.702000 0.196000 0.015625 0.015625
0 0.624000 0.204000 0.015625 0.015625
0 0.458000 0.220000 0.015625 0.015625
0 0.750000 0.224000 0.015625 0.015625
0 0.136000 0.226000 0.015625 0.015625
0 0.014000 0.234000 0.015625 0.015625
0 0.610000 0.234000 0.015625 0.015625
0 0.372000 0.236000 0.015625 0.015625
0 0.580000 0.242000 0.015625 0.015625
0 0.672000 0.244000 0.015625 0.015625
0 0.766000 0.244000 0.015625 0.015625
0 0.326000 0.246000 0.015625 0.015625
0 0.912000 0.254000 0.015625 0.015625
0 0.720000 0.262000 0.015625 0.015625
0 0.456000 0.266000 0.015625 0.015625
0 0.526000 0.274000 0.015625 0.015625
0 0.068000 0.280000 0.015625 0.015625
0 0.932000 0.280000 0.015625 0.015625
0 0.846000 0.290000 0.015625 0.015625
0 0.274000 0.292000 0.015625 0.015625
0 0.320000 0.296000 0.015625 0.015625
0 0.784000 0.314000 0.015625 0.015625
0 0.526000 0.326000 0.015625 0.015625
0 0.494000 0.336000 0.015625 0.015625
0 0.150000 0.338000 0.015625 0.015625
0 0.356000 0.348000 0.015625 0.015625
0 0.866000 0.350000 0.015625 0.015625
0 0.970000 0.372000 0.015625 0.015625
0 0.490000 0.374000 0.015625 0.015625
0 0.624000 0.374000 0.015625 0.015625
0 0.022000 0.408000 0.015625 0.015625
0 0.394000 0.410000 0.015625 0.015625
0 0.728000 0.410000 0.015625 0.015625
0 0.100000 0.414000 0.015625 0.015625
0 0.480000 0.416000 0.015625 0.015625
0 0.238000 0.428000 0.015625 0.015625
0 0.786000 0.434000 0.015625 0.015625
0 0.694000 0.436000 0.015625 0.015625
0 0.501000 0.450000 0.015625 0.015625
0 0.902000 0.454000 0.015625 0.015625
0 0.082000 0.466000 0.015625 0.015625
0 0.176000 0.468000 0.015625 0.015625
0 0.614000 0.468000 0.015625 0.015625
0 0.990000 0.468000 0.015625 0.015625
0 0.318000 0.486000 0.015625 0.015625
0 0.620000 0.498000 0.015625 0.015625
0 0.326000 0.504000 0.015625 0.015625
0 0.528000 0.504000 0.015625 0.015625
0 0.505000 0.508000 0.015625 0.015625
0 0.710000 0.510000 0.015625 0.015625
0 0.398000 0.516000 0.015625 0.015625
0 0.246000 0.520000 0.015625 0.015625
0 0.866000 0.520000 0.015625 0.015625
0 0.054000 0.536000 0.015625 0.015625
0 0.746000 0.548000 0.015625 0.015625
0 0.486000 0.550000 0.015625 0.015625
0 0.870000 0.554000 0.015625 0.015625
0 0.986000 0.570000 0.015625 0.015625
0 0.110000 0.576000 0.015625 0.015625
0 0.870000 0.576000 0.015625 0.015625
0 0.334000 0.598000 0.015625 0.015625
0 0.658000 0.610000 0.015625 0.015625
0 0.170000 0.614000 0.015625 0.015625
0 0.752000 0.618000 0.015625 0.015625
0 0.864000 0.620000 0.015625 0.015625
0 0.206000 0.624000 0.015625 0.015625
0 0.650000 0.646000 0.015625 0.015625
0 0.570000 0.650000 0.015625 0.015625
0 0.218000 0.654000 0.015625 0.015625
0 0.034000 0.656000 0.015625 0.015625
0 0.366000 0.732000 0.015625 0.015625
0 0.850000 0.736000 0.015625 0.015625
0 0.934000 0.740000 0.015625 0.015625
0 0.336000 0.760000 0.015625 0.015625
0 0.406000 0.770000 0.015625 0.015625
0 0.116000 0.776000 0.015625 0.015625
0 0.734000 0.798000 0.015625 0.015625
0 0.326000 0.808000 0.015625 0.015625
0 0.450000 0.812000 0.015625 0.015625
0 0.856000 0.826000 0.015625 0.015625
0 0.134000 0.834000 0.015625 0.015625
0 0.146000 0.850000 0.015625 0.015625
0 0.322000 0.854000 0.015625 0.015625
0 0.724000 0.870000 0.015625 0.015625
0 0.086000 0.878000 0.015625 0.015625
0 0.790000 0.882000 0.015625 0.015625
0 0.194000 0.896000 0.015625 0.015625
0 0.902000 0.904000 0.015625 0.015625
0 0.663854 0.758087 0.015625 0.015625
0 0.400844 0.092827 0.015625 0.015625
0 0.800281 0.284107 0.015625 0.015625
0 0.210970 0.932489 0.015625 0.015625
0 0.234880 0.890295 0.015625 0.015625
0 0.535865 0.901547 0.015625 0.015625
0 0.555556 0.981716 0.015625 0.015625
0 0.661041 0.976090 0.015625 0.015625
0 0.804501 0.964838 0.015625 0.015625
0 0.828411 0.907173 0.015625 0.015625
0 0.897328 0.929677 0.015625 0.015625
