0 0.228000 0.008000 0.015625 0.015625
0 0.284000 0.008000 0.015625 0.015625
0 0.512000 0.010000 0.015625 0.015625
0 0.226000 0.032000 0.015625 0.015625
0 0.036000 0.038000 0.015625 0.015625
0 0.418000 0.038000 0.015625 0.015625
0 0.178000 0.058000 0.015625 0.015625
0 0.042000 0.064000 0.015625 0.015625
0 0.696000 0.064000 0.015625 0.015625
0 0.866000 0.080000 0.015625 0.015625
0 0.434000 0.094000 0.015625 0.015625
0 0.806000 0.114000 0.015625 0.015625
0 0.238000 0.130000 0.015625 0.015625
0 0.654000 0.140000 0.015625 0.015625
0 0.906000 0.164000 0.015625 0.015625
0 0.326000 0.166000 0.015625 0.015625
0 0.746000 0.166000 0.015625 0.015625
0 0.722000 0.170000 0.015625 0.015625
0 0.650000 0.180000 0.015625 0.015625
0 0.494000 0.194000 0.015625 0.015625
0 0.626000 0.218000 0.015625 0.015625
0 0.386000 0.230000 0.015625 0.015625
0 0.466000 0.234000 0.015625 0.015625
0 0.754000 0.242000 0.015625 0.015625
0 0.674000 0.252000 0.015625 0.015625
0 0.726000 0.272000 0.015625 0.015625
0 0.954000 0.272000 0.015625 0.015625
0 0.442000 0.280000 0.015625 0.015625
0 0.282000 0.284000 0.015625 0.015625
0 0.806000 0.284000 0.015625 0.015625
0 0.904000 0.288000 0.015625 0.015625
0 0.938000 0.296000 0.015625 0.015625
0 0.086000 0.314000 0.015625 0.015625
0 0.290000 0.322000 0.015625 0.015625
0 0.882000 0.330000 0.015625 0.015625
0 0.505000 0.332000 0.015625 0.015625
0 0.474000 0.334000 0.015625 0.015625
0 0.058000 0.348000 0.015625 0.015625
0 0.194000 0.358000 0.015625 0.015625
0 0.542000 0.358000 0.015625 0.015625
0 0.470000 0.362000 0.015625 0.015625
0 0.642000 0.370000 0.015625 0.015625
0 0.874000 0.372000 0.015625 0.015625
0 0.442000 0.386000 0.015625 0.015625
0 0.990000 0.386000 0.015625 0.015625
0 0.118000 0.390000 0.015625 0.015625
0 0.062000 0.394000 0.015625 0.015625
0 0.854000 0.394000 0.015625 0.015625
0 0.046000 0.400000 0.015625 0.015625
0 0.806000 0.404000 0.015625 0.015625
0 0.990000 0.404000 0.015625 0.015625
0 0.262000 0.406000 0.015625 0.015625
0 0.518000 0.410000 0.015625 0.015625
0 0.682000 0.418000 0.015625 0.015625
0 0.182000 0.446000 0.015625 0.015625
0 0.548000 0.456000 0.015625 0.015625
0 0.602000 0.458000 0.015625 0.015625
0 0.842000 0.458000 0.015625 0.015625
0 0.990000 0.480000 0.015625 0.015625
0 0.378000 0.501000 0.015625 0.015625
0 0.782000 0.508000 0.015625 0.015625
0 0.842000 0.510000 0.015625 0.015625
0 0.505000 0.516000 0.015625 0.015625
0 0.866000 0.518000 0.015625 0.015625
0 0.438000 0.526000 0.015625 0.015625
0 0.638000 0.530000 0.015625 0.015625
0 0.290000 0.536000 0.015625 0.015625
0 0.386000 0.538000 0.015625 0.015625
0 0.082000 0.550000 0.015625 0.015625
0 0.434000 0.556000 0.015625 0.015625
0 0.146000 0.564000 0.015625 0.015625
0 0.870000 0.568000 0.015625 0.015625
0 0.574000 0.572000 0.015625 0.015625
0 0.230000 0.588000 0.015625 0.015625
0 0.826000 0.610000 0.015625 0.015625
0 0.862000 0.618000 0.015625 0.015625
0 0.206000 0.622000 0.015625 0.015625
0 0.794000 0.636000 0.015625 0.015625
0 0.878000 0.638000 0.015625 0.015625
0 0.198000 0.640000 0.015625 0.015625
0 0.082000 0.650000 0.015625 0.015625
0 0.054000 0.656000 0.015625 0.015625
0 0.580000 0.662000 0.015625 0.015625
0 0.742000 0.664000 0.015625 0.015625
0 0.626000 0.670000 0.015625 0.015625
0 0.330000 0.704000 0.015625 0.015625
0 0.066000 0.706000 0.015625 0.015625
0 0.046000 0.712000 0.015625 0.015625
0 0.122000 0.714000 0.015625 0.015625
0 0.690000 0.714000 0.015625 0.015625
0 0.386000 0.740000 0.015625 0.015625
0 0.850000 0.742000 0.015625 0.015625
0 0.538000 0.752000 0.015625 0.015625
0 0.518000 0.756000 0.015625 0.015625
0 0.558000 0.760000 0.015625 0.015625
0 0.334000 0.764000 0.015625 0.015625
0 0.170000 0.770000 0.015625 0.015625
0 0.766000 0.782000 0.015625 0.015625
0 0.390000 0.808000 0.015625 0.015625
0 0.640000 0.814000 0.015625 0.015625
0 0.174000 0.834000 0.015625 0.015625
0 0.406000 0.844000 0.015625 0.015625
0 0.505000 0.844000 0.015625 0.015625
0 0.318000 0.854000 0.015625 0.015625
0 0.806000 0.870000 0.015625 0.015625
0 0.826000 0.876000 0.015625 0.015625
0 0.542000 0.894000 0.015625 0.015625
0 0.202000 0.896000 0.015625 0.015625
