0 0.464000 0.012000 0.015625 0.015625
0 0.304000 0.017000 0.015625 0.015625
0 0.804000 0.017000 0.015625 0.015625
0 0.592000 0.021000 0.015625 0.015625
0 0.554000 0.028000 0.015625 0.015625
0 0.190000 0.040000 0.015625 0.015625
0 0.046000 0.058000 0.015625 0.015625
0 0.874000 0.072000 0.015625 0.015625
0 0.939000 0.081000 0.015625 0.015625
0 0.436000 0.097000 0.015625 0.015625
0 0.686000 0.115000 0.015625 0.015625
0 0.969000 0.131000 0.015625 0.015625
0 0.225000 0.137000 0.015625 0.015625
0 0.153000 0.141000 0.015625 0.015625
0 0.719000 0.143000 0.015625 0.015625
0 0.641000 0.169000 0.015625 0.015625
0 0.789000 0.173000 0.015625 0.015625
0 0.875000 0.173000 0.015625 0.015625
0 0.229000 0.176000 0.015625 0.015625
0 0.749000 0.183000 0.015625 0.015625
0 0.707000 0.189000 0.015625 0.015625
0 0.613000 0.207000 0.015625 0.015625
0 0.145000 0.213000 0.015625 0.015625
0 0.457000 0.217000 0.015625 0.015625
0 0.017000 0.225000 0.015625 0.015625
0 0.384000 0.232000 0.015625 0.015625
0 0.817000 0.233000 0.015625 0.015625
0 0.931000 0.239000 0.015625 0.015625
0 0.759000 0.241000 0.015625 0.015625
0 0.673000 0.245000 0.015625 0.015625
0 0.589000 0.253000 0.015625 0.015625
0 0.709000 0.261000 0.015625 0.015625
0 0.299000 0.271000 0.015625 0.015625
0 0.439000 0.275000 0.015625 0.015625
0 0.515000 0.281000 0.015625 0.015625
0 0.929000 0.281000 0.015625 0.015625
0 0.069000 0.283000 0.015625 0.015625
0 0.259000 0.287000 0.015625 0.015625
0 0.853000 0.297000 0.015625 0.015625
0 0.779000 0.301000 0.015625 0.015625
0 0.159000 0.331000 0.015625 0.015625
0 0.585000 0.331000 0.015625 0.015625
0 0.849000 0.341000 0.015625 0.015625
0 0.525000 0.351000 0.015625 0.015625
0 0.349000 0.355000 0.015625 0.015625
0 0.500000 0.365000 0.015625 0.015625
0 0.619000 0.365000 0.015625 0.015625
0 0.983000 0.365000 0.015625 0.015625
0 0.969000 0.371000 0.015625 0.015625
0 0.205000 0.411000 0.015625 0.015625
0 0.409000 0.411000 0.015625 0.015625
0 0.725000 0.417000 0.015625 0.015625
0 0.789000 0.421000 0.015625 0.015625
0 0.477000 0.423000 0.015625 0.015625
0 0.105000 0.437000 0.015625 0.015625
0 0.029000 0.439000 0.015625 0.015625
0 0.689000 0.441000 0.015625 0.015625
0 0.539000 0.453000 0.015625 0.015625
0 0.992000 0.466000 0.015625 0.015625
0 0.913000 0.469000 0.015625 0.015625
0 0.165000 0.471000 0.015625 0.015625
0 0.605000 0.477000 0.015625 0.015625
0 0.537000 0.479000 0.015625 0.015625
0 0.309000 0.485000 0.015625 0.015625
0 0.697000 0.509000 0.015625 0.015625
0 0.504000 0.511000 0.015625 0.015625
0 0.045000 0.519000 0.015625 0.015625
0 0.399000 0.521000 0.015625 0.015625
0 0.869000 0.521000 0.015625 0.015625
0 0.789000 0.543000 0.015625 0.015625
0 0.481000 0.567000 0.015625 0.015625
0 0.845000 0.567000 0.015625 0.015625
0 0.125000 0.579000 0.015625 0.015625
0 0.346000 0.592000 0.015625 0.015625
0 0.664000 0.614000 0.015625 0.015625
0 0.206000 0.622000 0.015625 0.015625
0 0.749000 0.627000 0.015625 0.015625
0 0.658000 0.636000 0.015625 0.015625
0 0.866000 0.636000 0.015625 0.015625
0 0.559000 0.641000 0.015625 0.015625
0 0.025000 0.642000 0.015625 0.015625
0 0.157000 0.647000 0.015625 0.015625
0 0.226000 0.648000 0.015625 0.015625
0 0.369000 0.729000 0.015625 0.015625
0 0.859000 0.733000 0.015625 0.015625
0 0.929000 0.735000 0.015625 0.015625
0 0.329000 0.749000 0.015625 0.015625
0 0.389000 0.749000 0.015625 0.015625
0 0.689000 0.755000 0.015625 0.015625
0 0.119000 0.793000 0.015625 0.015625
0 0.321000 0.809000 0.015625 0.015625
0 0.453000 0.809000 0.015625 0.015625
0 0.869000 0.809000 0.015625 0.015625
0 0.707000 0.819000 0.015625 0.015625
0 0.125000 0.829000 0.015625 0.015625
0 0.137000 0.845000 0.015625 0.015625
0 0.319000 0.853000 0.015625 0.015625
0 0.725000 0.853000 0.015625 0.015625
0 0.797000 0.871000 0.015625 0.015625
0 0.785000 0.885000 0.015625 0.015625
0 0.225000 0.887000 0.015625 0.015625
0 0.189000 0.895000 0.015625 0.015625
0 0.905000 0.903000 0.015625 0.015625
0 0.537000 0.905000 0.015625 0.015625
0 0.079000 0.908000 0.015625 0.015625
0 0.829000 0.913000 0.015625 0.015625
0 0.875000 0.935000 0.015625 0.015625
0 0.206000 0.941000 0.015625 0.015625
0 0.434599 0.960619 0.015625 0.015625
0 0.165963 0.954993 0.015625 0.015625
0 0.824191 0.389592 0.015625 0.015625
0 0.416315 0.175809 0.015625 0.015625
0 0.368495 0.168776 0.015625 0.015625
0 0.268636 0.524613 0.015625 0.015625
0 0.781997 0.964838 0.015625 0.015625
0 0.925457 0.983122 0.015625 0.015625
0 0.684951 0.980309 0.015625 0.015625
0 0.555556 0.991561 0.015625 0.015625
0 0.351617 0.978903 0.015625 0.015625
