0 0.804000 0.008000 0.015625 0.015625
0 0.920000 0.008000 0.015625 0.015625
0 0.886000 0.010000 0.015625 0.015625
0 0.552000 0.030000 0.015625 0.015625
0 0.178000 0.046000 0.015625 0.015625
0 0.952000 0.074000 0.015625 0.015625
0 0.452000 0.086000 0.015625 0.015625
0 0.124000 0.110000 0.015625 0.015625
0 0.906000 0.116000 0.015625 0.015625
0 0.680000 0.130000 0.015625 0.015625
0 0.718000 0.132000 0.015625 0.015625
0 0.226000 0.140000 0.015625 0.015625
0 0.804000 0.148000 0.015625 0.015625
0 0.336000 0.156000 0.015625 0.015625
0 0.636000 0.164000 0.015625 0.015625
0 0.792000 0.164000 0.015625 0.015625
0 0.902000 0.178000 0.015625 0.015625
0 0.618000 0.196000 0.015625 0.015625
0 0.690000 0.204000 0.015625 0.015625
0 0.306000 0.208000 0.015625 0.015625
0 0.598000 0.208000 0.015625 0.015625
0 0.450000 0.210000 0.015625 0.015625
0 0.042000 0.214000 0.015625 0.015625
0 0.802000 0.216000 0.015625 0.015625
0 0.160000 0.220000 0.015625 0.015625
0 0.722000 0.222000 0.015625 0.015625
0 0.366000 0.230000 0.015625 0.015625
0 0.804000 0.232000 0.015625 0.015625
0 0.932000 0.236000 0.015625 0.015625
0 0.402000 0.244000 0.015625 0.015625
0 0.276000 0.258000 0.015625 0.015625
0 0.234000 0.270000 0.015625 0.015625
0 0.486000 0.270000 0.015625 0.015625
0 0.784000 0.270000 0.015625 0.015625
0 0.928000 0.280000 0.015625 0.015625
0 0.564000 0.290000 0.015625 0.015625
0 0.858000 0.298000 0.015625 0.015625
0 0.036000 0.332000 0.015625 0.015625
0 0.896000 0.334000 0.015625 0.015625
0 0.178000 0.340000 0.015625 0.015625
0 0.528000 0.344000 0.015625 0.015625
0 0.984000 0.344000 0.015625 0.015625
0 0.644000 0.346000 0.015625 0.015625
0 0.012000 0.352000 0.015625 0.015625
0 0.152000 0.368000 0.015625 0.015625
0 0.972000 0.376000 0.015625 0.015625
0 0.582000 0.382000 0.015625 0.015625
0 0.166000 0.396000 0.015625 0.015625
0 0.476000 0.398000 0.015625 0.015625
0 0.736000 0.402000 0.015625 0.015625
0 0.388000 0.404000 0.015625 0.015625
0 0.812000 0.418000 0.015625 0.015625
0 0.692000 0.432000 0.015625 0.015625
0 0.032000 0.434000 0.015625 0.015625
0 0.476000 0.436000 0.015625 0.015625
0 0.588000 0.448000 0.015625 0.015625
0 0.156000 0.452000 0.015625 0.015625
0 0.988000 0.452000 0.015625 0.015625
0 0.282000 0.454000 0.015625 0.015625
0 0.692000 0.458000 0.015625 0.015625
0 0.882000 0.458000 0.015625 0.015625
0 0.426000 0.460000 0.015625 0.015625
0 0.546000 0.468000 0.015625 0.015625
0 0.112000 0.470000 0.015625 0.015625
0 0.696000 0.478000 0.015625 0.015625
0 0.026000 0.484000 0.015625 0.015625
0 0.072000 0.492000 0.015625 0.015625
0 0.344000 0.502000 0.015625 0.015625
0 0.498000 0.512000 0.015625 0.015625
0 0.872000 0.516000 0.015625 0.015625
0 0.280000 0.524000 0.015625 0.015625
0 0.008000 0.530000 0.015625 0.015625
0 0.396000 0.530000 0.015625 0.015625
0 0.818000 0.536000 0.015625 0.015625
0 0.840000 0.552000 0.015625 0.015625
0 0.166000 0.566000 0.015625 0.015625
0 0.456000 0.580000 0.015625 0.015625
0 0.772000 0.594000 0.015625 0.015625
0 0.984000 0.600000 0.015625 0.015625
0 0.340000 0.606000 0.015625 0.015625
0 0.700000 0.612000 0.015625 0.015625
0 0.216000 0.636000 0.015625 0.015625
0 0.018000 0.638000 0.015625 0.015625
0 0.848000 0.638000 0.015625 0.015625
0 0.778000 0.640000 0.015625 0.015625
0 0.652000 0.648000 0.015625 0.015625
0 0.536000 0.650000 0.015625 0.015625
0 0.908000 0.708000 0.015625 0.015625
0 0.372000 0.724000 0.015625 0.015625
0 0.712000 0.726000 0.015625 0.015625
0 0.326000 0.728000 0.015625 0.015625
0 0.868000 0.736000 0.015625 0.015625
0 0.448000 0.752000 0.015625 0.015625
0 0.524000 0.774000 0.015625 0.015625
0 0.652000 0.796000 0.015625 0.015625
0 0.304000 0.804000 0.015625 0.015625
0 0.224000 0.812000 0.015625 0.015625
0 0.892000 0.812000 0.015625 0.015625
0 0.100000 0.814000 0.015625 0.015625
0 0.456000 0.814000 0.015625 0.015625
0 0.126000 0.816000 0.015625 0.015625
0 0.994000 0.830000 0.015625 0.015625
0 0.752000 0.836000 0.015625 0.015625
0 0.312000 0.850000 0.015625 0.015625
0 0.032000 0.856000 0.015625 0.015625
0 0.776000 0.876000 0.015625 0.015625
0 0.788000 0.878000 0.015625 0.015625
0 0.196000 0.892000 0.015625 0.015625
