0 0.472000 0.012000 0.015625 0.015625
0 0.190000 0.022000 0.015625 0.015625
0 0.946000 0.022000 0.015625 0.015625
0 0.166000 0.030000 0.015625 0.015625
0 0.576000 0.030000 0.015625 0.015625
0 0.858000 0.030000 0.015625 0.015625
0 0.056000 0.052000 0.015625 0.015625
0 0.617000 0.096000 0.015625 0.015625
0 0.866000 0.100000 0.015625 0.015625
0 0.430000 0.105000 0.015625 0.015625
0 0.138000 0.108000 0.015625 0.015625
0 0.256000 0.136000 0.015625 0.015625
0 0.918000 0.136000 0.015625 0.015625
0 0.650000 0.158000 0.015625 0.015625
0 0.972000 0.168000 0.015625 0.015625
0 0.684000 0.176000 0.015625 0.015625
0 0.746000 0.178000 0.015625 0.015625
0 0.990000 0.184000 0.015625 0.015625
0 0.860000 0.196000 0.015625 0.015625
0 0.824000 0.220000 0.015625 0.015625
0 0.458000 0.224000 0.015625 0.015625
0 0.374000 0.232000 0.015625 0.015625
0 0.630000 0.232000 0.015625 0.015625
0 0.602000 0.236000 0.015625 0.015625
0 0.020000 0.238000 0.015625 0.015625
0 0.938000 0.240000 0.015625 0.015625
0 0.736000 0.250000 0.015625 0.015625
0 0.284000 0.262000 0.015625 0.015625
0 0.820000 0.276000 0.015625 0.015625
0 0.234000 0.280000 0.015625 0.015625
0 0.938000 0.292000 0.015625 0.015625
0 0.544000 0.294000 0.015625 0.015625
0 0.098000 0.304000 0.015625 0.015625
0 0.572000 0.308000 0.015625 0.015625
0 0.082000 0.334000 0.015625 0.015625
0 0.356000 0.336000 0.015625 0.015625
0 0.614000 0.352000 0.015625 0.015625
0 0.910000 0.354000 0.015625 0.015625
0 0.140000 0.370000 0.015625 0.015625
0 0.966000 0.372000 0.015625 0.015625
0 0.218000 0.376000 0.015625 0.015625
0 0.040000 0.378000 0.015625 0.015625
0 0.830000 0.378000 0.015625 0.015625
0 0.702000 0.396000 0.015625 0.015625
0 0.140000 0.406000 0.015625 0.015625
0 0.992000 0.410000 0.015625 0.015625
0 0.382000 0.412000 0.015625 0.015625
0 0.950000 0.414000 0.015625 0.015625
0 0.670000 0.430000 0.015625 0.015625
0 0.038000 0.432000 0.015625 0.015625
0 0.326000 0.434000 0.015625 0.015625
0 0.458000 0.436000 0.015625 0.015625
0 0.546000 0.436000 0.015625 0.015625
0 0.826000 0.444000 0.015625 0.015625
0 0.194000 0.462000 0.015625 0.015625
0 0.992000 0.462000 0.015625 0.015625
0 0.622000 0.468000 0.015625 0.015625
0 0.664000 0.486000 0.015625 0.015625
0 0.858000 0.486000 0.015625 0.015625
0 0.578000 0.506000 0.015625 0.015625
0 0.266000 0.508000 0.015625 0.015625
0 0.870000 0.522000 0.015625 0.015625
0 0.098000 0.530000 0.015625 0.015625
0 0.986000 0.530000 0.015625 0.015625
0 0.746000 0.558000 0.015625 0.015625
0 0.846000 0.560000 0.015625 0.015625
0 0.066000 0.562000 0.015625 0.015625
0 0.472000 0.566000 0.015625 0.015625
0 0.900000 0.570000 0.015625 0.015625
0 0.018000 0.574000 0.015625 0.015625
0 0.622000 0.604000 0.015625 0.015625
0 0.390000 0.606000 0.015625 0.015625
0 0.730000 0.608000 0.015625 0.015625
0 0.850000 0.624000 0.015625 0.015625
0 0.206000 0.628000 0.015625 0.015625
0 0.106000 0.646000 0.015625 0.015625
0 0.422000 0.650000 0.015625 0.015625
0 0.222000 0.658000 0.015625 0.015625
0 0.636000 0.668000 0.015625 0.015625
0 0.686000 0.708000 0.015625 0.015625
0 0.990000 0.732000 0.015625 0.015625
0 0.850000 0.736000 0.015625 0.015625
0 0.318000 0.742000 0.015625 0.015625
0 0.360000 0.744000 0.015625 0.015625
0 0.700000 0.760000 0.015625 0.015625
0 0.126000 0.762000 0.015625 0.015625
0 0.274000 0.764000 0.015625 0.015625
0 0.478000 0.780000 0.015625 0.015625
0 0.446000 0.814000 0.015625 0.015625
0 0.818000 0.842000 0.015625 0.015625
0 0.150000 0.852000 0.015625 0.015625
0 0.326000 0.854000 0.015625 0.015625
0 0.790000 0.872000 0.015625 0.015625
0 0.054000 0.886000 0.015625 0.015625
0 0.886000 0.894000 0.015625 0.015625
0 0.198000 0.896000 0.015625 0.015625
0 0.286000 0.900000 0.015625 0.015625
0 0.538000 0.906000 0.015625 0.015625
0 0.834000 0.912000 0.015625 0.015625
0 0.890000 0.918000 0.015625 0.015625
0 0.722000 0.934000 0.015625 0.015625
0 0.526000 0.942000 0.015625 0.015625
0 0.214000 0.948000 0.015625 0.015625
0 0.918000 0.960000 0.015625 0.015625
0 0.186000 0.964000 0.015625 0.015625
0 0.288000 0.966000 0.015625 0.015625
0 0.501000 0.972000 0.015625 0.015625
0 0.886000 0.974000 0.015625 0.015625
0 0.562588 0.980309 0.015625 0.015625
0 0.701828 0.987342 0.015625 0.015625
0 0.812940 0.960619 0.015625 0.015625
0 0.390999 0.538678 0.015625 0.015625
