0 0.503000 0.016000 0.015625 0.015625
0 0.928000 0.022000 0.015625 0.015625
0 0.050000 0.025000 0.015625 0.015625
0 0.228000 0.042000 0.015625 0.015625
0 0.594000 0.042000 0.015625 0.015625
0 0.204000 0.044000 0.015625 0.015625
0 0.954000 0.058000 0.015625 0.015625
0 0.180000 0.072000 0.015625 0.015625
0 0.842000 0.094000 0.015625 0.015625
0 0.410000 0.112000 0.015625 0.015625
0 0.228000 0.122000 0.015625 0.015625
0 0.684000 0.158000 0.015625 0.015625
0 0.782000 0.164000 0.015625 0.015625
0 0.898000 0.170000 0.015625 0.015625
0 0.438000 0.172000 0.015625 0.015625
0 0.316000 0.176000 0.015625 0.015625
0 0.642000 0.178000 0.015625 0.015625
0 0.700000 0.206000 0.015625 0.015625
0 0.005000 0.210000 0.015625 0.015625
0 0.460000 0.222000 0.015625 0.015625
0 0.478000 0.226000 0.015625 0.015625
0 0.382000 0.232000 0.015625 0.015625
0 0.646000 0.242000 0.015625 0.015625
0 0.932000 0.246000 0.015625 0.015625
0 0.626000 0.260000 0.015625 0.015625
0 0.702000 0.266000 0.015625 0.015625
0 0.236000 0.268000 0.015625 0.015625
0 0.210000 0.270000 0.015625 0.015625
0 0.534000 0.272000 0.015625 0.015625
0 0.818000 0.294000 0.015625 0.015625
0 0.930000 0.296000 0.015625 0.015625
0 0.078000 0.300000 0.015625 0.015625
0 0.226000 0.302000 0.015625 0.015625
0 0.462000 0.302000 0.015625 0.015625
0 0.770000 0.304000 0.015625 0.015625
0 0.586000 0.318000 0.015625 0.015625
0 0.690000 0.318000 0.015625 0.015625
0 0.046000 0.346000 0.015625 0.015625
0 0.874000 0.348000 0.015625 0.015625
0 0.182000 0.362000 0.015625 0.015625
0 0.294000 0.374000 0.015625 0.015625
0 0.654000 0.374000 0.015625 0.015625
0 0.774000 0.374000 0.015625 0.015625
0 0.918000 0.390000 0.015625 0.015625
0 0.978000 0.390000 0.015625 0.015625
0 0.128000 0.400000 0.015625 0.015625
0 0.226000 0.412000 0.015625 0.015625
0 0.374000 0.414000 0.015625 0.015625
0 0.505000 0.418000 0.015625 0.015625
0 0.486000 0.424000 0.015625 0.015625
0 0.028000 0.428000 0.015625 0.015625
0 0.686000 0.438000 0.015625 0.015625
0 0.806000 0.444000 0.015625 0.015625
0 0.986000 0.454000 0.015625 0.015625
0 0.338000 0.480000 0.015625 0.015625
0 0.518000 0.490000 0.015625 0.015625
0 0.618000 0.514000 0.015625 0.015625
0 0.870000 0.518000 0.015625 0.015625
0 0.242000 0.522000 0.015625 0.015625
0 0.842000 0.522000 0.015625 0.015625
0 0.394000 0.528000 0.015625 0.015625
0 0.670000 0.536000 0.015625 0.015625
0 0.494000 0.538000 0.015625 0.015625
0 0.046000 0.542000 0.015625 0.015625
0 0.878000 0.542000 0.015625 0.015625
0 0.994000 0.548000 0.015625 0.015625
0 0.442000 0.550000 0.015625 0.015625
0 0.790000 0.570000 0.015625 0.015625
0 0.118000 0.574000 0.015625 0.015625
0 0.026000 0.604000 0.015625 0.015625
0 0.830000 0.608000 0.015625 0.015625
0 0.314000 0.626000 0.015625 0.015625
0 0.682000 0.632000 0.015625 0.015625
0 0.994000 0.636000 0.015625 0.015625
0 0.874000 0.638000 0.015625 0.015625
0 0.214000 0.644000 0.015625 0.015625
0 0.714000 0.652000 0.015625 0.015625
0 0.890000 0.664000 0.015625 0.015625
0 0.582000 0.666000 0.015625 0.015625
0 0.046000 0.668000 0.015625 0.015625
0 0.054000 0.690000 0.015625 0.015625
0 0.146000 0.694000 0.015625 0.015625
0 0.014000 0.702000 0.015625 0.015625
0 0.346000 0.724000 0.015625 0.015625
0 0.378000 0.746000 0.015625 0.015625
0 0.630000 0.748000 0.015625 0.015625
0 0.854000 0.748000 0.015625 0.015625
0 0.366000 0.778000 0.015625 0.015625
0 0.942000 0.786000 0.015625 0.015625
0 0.450000 0.818000 0.015625 0.015625
0 0.406000 0.824000 0.015625 0.015625
0 0.094000 0.826000 0.015625 0.015625
0 0.714000 0.826000 0.015625 0.015625
0 0.206000 0.828000 0.015625 0.015625
0 0.494000 0.838000 0.015625 0.015625
0 0.322000 0.854000 0.015625 0.015625
0 0.798000 0.874000 0.015625 0.015625
0 0.198000 0.894000 0.015625 0.015625
0 0.550000 0.896000 0.015625 0.015625
0 0.826000 0.900000 0.015625 0.015625
0 0.962000 0.914000 0.015625 0.015625
0 0.886000 0.918000 0.015625 0.015625
0 0.286000 0.934000 0.015625 0.015625
0 0.102000 0.946000 0.015625 0.015625
0 0.790000 0.948000 0.015625 0.015625
0 0.894000 0.954000 0.015625 0.015625
0 0.290000 0.970000 0.015625 0.015625
0 0.094000 0.974000 0.015625 0.015625
