0 0.502000 0.008000 0.015625 0.015625
0 0.225000 0.028000 0.015625 0.015625
0 0.410000 0.042000 0.015625 0.015625
0 0.032000 0.047000 0.015625 0.015625
0 0.710000 0.060000 0.015625 0.015625
0 0.846000 0.068000 0.015625 0.015625
0 0.184000 0.070000 0.015625 0.015625
0 0.434000 0.096000 0.015625 0.015625
0 0.802000 0.108000 0.015625 0.015625
0 0.236000 0.136000 0.015625 0.015625
0 0.644000 0.144000 0.015625 0.015625
0 0.902000 0.164000 0.015625 0.015625
0 0.726000 0.168000 0.015625 0.015625
0 0.736000 0.172000 0.015625 0.015625
0 0.318000 0.176000 0.015625 0.015625
0 0.658000 0.176000 0.015625 0.015625
0 0.494000 0.210000 0.015625 0.015625
0 0.628000 0.226000 0.015625 0.015625
0 0.372000 0.228000 0.015625 0.015625
0 0.664000 0.232000 0.015625 0.015625
0 0.462000 0.234000 0.015625 0.015625
0 0.752000 0.242000 0.015625 0.015625
0 0.694000 0.252000 0.015625 0.015625
0 0.954000 0.270000 0.015625 0.015625
0 0.720000 0.278000 0.015625 0.015625
0 0.288000 0.286000 0.015625 0.015625
0 0.904000 0.290000 0.015625 0.015625
0 0.100000 0.298000 0.015625 0.015625
0 0.478000 0.318000 0.015625 0.015625
0 0.290000 0.326000 0.015625 0.015625
0 0.860000 0.330000 0.015625 0.015625
0 0.546000 0.344000 0.015625 0.015625
0 0.438000 0.354000 0.015625 0.015625
0 0.505000 0.354000 0.015625 0.015625
0 0.194000 0.358000 0.015625 0.015625
0 0.024000 0.362000 0.015625 0.015625
0 0.866000 0.372000 0.015625 0.015625
0 0.640000 0.374000 0.015625 0.015625
0 0.986000 0.384000 0.015625 0.015625
0 0.138000 0.386000 0.015625 0.015625
0 0.246000 0.396000 0.015625 0.015625
0 0.514000 0.402000 0.015625 0.015625
0 0.808000 0.408000 0.015625 0.015625
0 0.030000 0.418000 0.015625 0.015625
0 0.670000 0.422000 0.015625 0.015625
0 0.180000 0.446000 0.015625 0.015625
0 0.554000 0.448000 0.015625 0.015625
0 0.838000 0.460000 0.015625 0.015625
0 0.614000 0.462000 0.015625 0.015625
0 0.978000 0.470000 0.015625 0.015625
0 0.618000 0.498000 0.015625 0.015625
0 0.386000 0.505000 0.015625 0.015625
0 0.786000 0.508000 0.015625 0.015625
0 0.840000 0.512000 0.015625 0.015625
0 0.430000 0.518000 0.015625 0.015625
0 0.501000 0.518000 0.015625 0.015625
0 0.870000 0.520000 0.015625 0.015625
0 0.634000 0.534000 0.015625 0.015625
0 0.286000 0.540000 0.015625 0.015625
0 0.070000 0.546000 0.015625 0.015625
0 0.866000 0.566000 0.015625 0.015625
0 0.126000 0.570000 0.015625 0.015625
0 0.582000 0.570000 0.015625 0.015625
0 0.218000 0.582000 0.015625 0.015625
0 0.874000 0.610000 0.015625 0.015625
0 0.818000 0.618000 0.015625 0.015625
0 0.866000 0.632000 0.015625 0.015625
0 0.206000 0.638000 0.015625 0.015625
0 0.786000 0.646000 0.015625 0.015625
0 0.054000 0.654000 0.015625 0.015625
0 0.734000 0.660000 0.015625 0.015625
0 0.590000 0.666000 0.015625 0.015625
0 0.622000 0.670000 0.015625 0.015625
0 0.326000 0.690000 0.015625 0.015625
0 0.700000 0.700000 0.015625 0.015625
0 0.338000 0.724000 0.015625 0.015625
0 0.850000 0.742000 0.015625 0.015625
0 0.374000 0.746000 0.015625 0.015625
0 0.170000 0.770000 0.015625 0.015625
0 0.330000 0.770000 0.015625 0.015625
0 0.760000 0.780000 0.015625 0.015625
0 0.656000 0.806000 0.015625 0.015625
0 0.382000 0.814000 0.015625 0.015625
0 0.186000 0.836000 0.015625 0.015625
0 0.505000 0.850000 0.015625 0.015625
0 0.322000 0.858000 0.015625 0.015625
0 0.418000 0.858000 0.015625 0.015625
0 0.810000 0.870000 0.015625 0.015625
0 0.824000 0.872000 0.015625 0.015625
0 0.546000 0.894000 0.015625 0.015625
0 0.202000 0.896000 0.015625 0.015625
0 0.910000 0.896000 0.015625 0.015625
0 0.154000 0.900000 0.015625 0.015625
0 0.630000 0.908000 0.015625 0.015625
0 0.830000 0.910000 0.015625 0.015625
0 0.934000 0.916000 0.015625 0.015625
0 0.734000 0.940000 0.015625 0.015625
0 0.034000 0.962000 0.015625 0.015625
0 0.534000 0.964000 0.015625 0.015625
0 0.282000 0.966000 0.015625 0.015625
0 0.226000 0.970000 0.015625 0.015625
0 0.770000 0.974000 0.015625 0.015625
0 0.486000 0.986000 0.015625 0.015625
0 0.658000 0.990000 0.015625 0.015625
