0 0.209375 0.015625 0.015625 0.015625
0 0.965625 0.015625 0.015625 0.015625
0 0.375000 0.028125 0.015625 0.015625
0 0.475000 0.034375 0.015625 0.015625
0 0.184375 0.046875 0.015625 0.015625
0 0.528125 0.046875 0.015625 0.015625
0 0.826563 0.062500 0.015625 0.015625
0 0.576563 0.081250 0.015625 0.015625
0 0.906250 0.131250 0.015625 0.015625
0 0.070313 0.140625 0.015625 0.015625
0 0.831250 0.145313 0.015625 0.015625
0 0.270313 0.150000 0.015625 0.015625
0 0.970313 0.156250 0.015625 0.015625
0 0.314063 0.171875 0.015625 0.015625
0 0.437500 0.178125 0.015625 0.015625
0 0.904688 0.179688 0.015625 0.015625
0 0.837500 0.190625 0.015625 0.015625
0 0.015625 0.193750 0.015625 0.015625
0 0.400000 0.201563 0.015625 0.015625
0 0.535938 0.221875 0.015625 0.015625
0 0.670313 0.229688 0.015625 0.015625
0 0.373438 0.234375 0.015625 0.015625
0 0.154688 0.237500 0.015625 0.015625
0 0.587500 0.240625 0.015625 0.015625
0 0.329688 0.242188 0.015625 0.015625
0 0.706250 0.250000 0.015625 0.015625
0 0.645313 0.254688 0.015625 0.015625
0 0.465625 0.259375 0.015625 0.015625
0 0.501563 0.259375 0.015625 0.015625
0 0.515625 0.276563 0.015625 0.015625
0 0.273438 0.278125 0.015625 0.015625
0 0.421875 0.278125 0.015625 0.015625
0 0.706250 0.278125 0.015625 0.015625
0 0.345313 0.281250 0.015625 0.015625
0 0.934375 0.281250 0.015625 0.015625
0 0.237500 0.284375 0.015625 0.015625
0 0.801563 0.284375 0.015625 0.015625
0 0.865625 0.301563 0.015625 0.015625
0 0.465625 0.312500 0.015625 0.015625
0 0.043750 0.320313 0.015625 0.015625
0 0.745313 0.329688 0.015625 0.015625
0 0.690625 0.345313 0.015625 0.015625
0 0.468750 0.356250 0.015625 0.015625
0 0.645313 0.356250 0.015625 0.015625
0 0.173438 0.364063 0.015625 0.015625
0 0.790625 0.371875 0.015625 0.015625
0 0.290625 0.387500 0.015625 0.015625
0 0.570313 0.387500 0.015625 0.015625
0 0.981250 0.393750 0.015625 0.015625
0 0.026563 0.426563 0.015625 0.015625
0 0.721875 0.428125 0.015625 0.015625
0 0.678125 0.437500 0.015625 0.015625
0 0.357813 0.454688 0.015625 0.015625
0 0.085938 0.468750 0.015625 0.015625
0 0.650000 0.468750 0.015625 0.015625
0 0.193750 0.470313 0.015625 0.015625
0 0.493750 0.476563 0.015625 0.015625
0 0.978125 0.476563 0.015625 0.015625
0 0.021875 0.479688 0.015625 0.015625
0 0.614063 0.485938 0.015625 0.015625
0 0.921875 0.504688 0.015625 0.015625
0 0.357813 0.507813 0.015625 0.015625
0 0.834375 0.515625 0.015625 0.015625
0 0.873438 0.520313 0.015625 0.015625
0 0.906250 0.528125 0.015625 0.015625
0 0.537500 0.537500 0.015625 0.015625
0 0.385938 0.540625 0.015625 0.015625
0 0.265625 0.545313 0.015625 0.015625
0 0.057813 0.557813 0.015625 0.015625
0 0.209375 0.570313 0.015625 0.015625
0 0.754688 0.576563 0.015625 0.015625
0 0.726563 0.585938 0.015625 0.015625
0 0.785938 0.598438 0.015625 0.015625
0 0.065625 0.606250 0.015625 0.015625
0 0.206250 0.623438 0.015625 0.015625
0 0.862500 0.628125 0.015625 0.015625
0 0.821875 0.631250 0.015625 0.015625
0 0.657813 0.634375 0.015625 0.015625
0 0.218750 0.648438 0.015625 0.015625
0 0.885938 0.650000 0.015625 0.015625
0 0.909375 0.650000 0.015625 0.015625
0 0.465625 0.662500 0.015625 0.015625
0 0.165625 0.690625 0.015625 0.015625
0 0.865625 0.693750 0.015625 0.015625
0 0.465625 0.704688 0.015625 0.015625
0 0.370313 0.726563 0.015625 0.015625
0 0.657813 0.731250 0.015625 0.015625
0 0.085938 0.737500 0.015625 0.015625
0 0.865625 0.737500 0.015625 0.015625
0 0.145313 0.742188 0.015625 0.015625
0 0.329688 0.748438 0.015625 0.015625
0 0.126563 0.785938 0.015625 0.015625
0 0.059375 0.798438 0.015625 0.015625
0 0.459375 0.806250 0.015625 0.015625
0 0.473438 0.806250 0.015625 0.015625
0 0.526563 0.814063 0.015625 0.015625
0 0.234375 0.815625 0.015625 0.015625
0 0.690625 0.815625 0.015625 0.015625
0 0.142188 0.829688 0.015625 0.015625
0 0.062500 0.837500 0.015625 0.015625
0 0.462500 0.843750 0.015625 0.015625
0 0.934375 0.851563 0.015625 0.015625
0 0.321875 0.857813 0.015625 0.015625
0 0.778125 0.864063 0.015625 0.015625
0 0.418750 0.879688 0.015625 0.015625
0 0.870313 0.890625 0.015625 0.015625
0 0.193750 0.895313 0.015625 0.015625
0 0.552743 0.909986 0.015625 0.015625
0 0.852321 0.980309 0.015625 0.015625
0 0.877637 0.983122 0.015625 0.015625
0 0.939522 0.973277 0.015625 0.015625
0 0.424754 0.946554 0.015625 0.015625
0 0.333333 0.976090 0.015625 0.015625
0 0.161744 0.940928 0.015625 0.015625
0 0.174402 0.966245 0.015625 0.015625
0 0.196906 0.977496 0.015625 0.015625
0 0.632911 0.127989 0.015625 0.015625
0 0.654008 0.113924 0.015625 0.015625
0 0.050633 0.019691 0.015625 0.015625
