0 0.954000 0.012000 0.015625 0.015625
0 0.210000 0.020000 0.015625 0.015625
0 0.538000 0.032000 0.015625 0.015625
0 0.808000 0.036000 0.015625 0.015625
0 0.316000 0.047000 0.015625 0.015625
0 0.472000 0.056000 0.015625 0.015625
0 0.684000 0.061000 0.015625 0.015625
0 0.787000 0.063000 0.015625 0.015625
0 0.564000 0.070000 0.015625 0.015625
0 0.260000 0.124000 0.015625 0.015625
0 0.990000 0.124000 0.015625 0.015625
0 0.956000 0.132000 0.015625 0.015625
0 0.916000 0.140000 0.015625 0.015625
0 0.116000 0.142000 0.015625 0.015625
0 0.596000 0.146000 0.015625 0.015625
0 0.436000 0.168000 0.015625 0.015625
0 0.888000 0.172000 0.015625 0.015625
0 0.732000 0.206000 0.015625 0.015625
0 0.264000 0.214000 0.015625 0.015625
0 0.848000 0.218000 0.015625 0.015625
0 0.552000 0.222000 0.015625 0.015625
0 0.412000 0.226000 0.015625 0.015625
0 0.600000 0.226000 0.015625 0.015625
0 0.929000 0.227000 0.015625 0.015625
0 0.358000 0.232000 0.015625 0.015625
0 0.260000 0.256000 0.015625 0.015625
0 0.648000 0.274000 0.015625 0.015625
0 0.932000 0.280000 0.015625 0.015625
0 0.476000 0.288000 0.015625 0.015625
0 0.224000 0.302000 0.015625 0.015625
0 0.446000 0.302000 0.015625 0.015625
0 0.380000 0.314000 0.015625 0.015625
0 0.536000 0.324000 0.015625 0.015625
0 0.784000 0.332000 0.015625 0.015625
0 0.636000 0.348000 0.015625 0.015625
0 0.786000 0.350000 0.015625 0.015625
0 0.184000 0.354000 0.015625 0.015625
0 0.552000 0.370000 0.015625 0.015625
0 0.824000 0.388000 0.015625 0.015625
0 0.068000 0.392000 0.015625 0.015625
0 0.732000 0.412000 0.015625 0.015625
0 0.644000 0.418000 0.015625 0.015625
0 0.044000 0.424000 0.015625 0.015625
0 0.692000 0.426000 0.015625 0.015625
0 0.396000 0.450000 0.015625 0.015625
0 0.636000 0.452000 0.015625 0.015625
0 0.505000 0.454000 0.015625 0.015625
0 0.884000 0.462000 0.015625 0.015625
0 0.988000 0.462000 0.015625 0.015625
0 0.020000 0.466000 0.015625 0.015625
0 0.120000 0.470000 0.015625 0.015625
0 0.616000 0.470000 0.015625 0.015625
0 0.704000 0.476000 0.015625 0.015625
0 0.384000 0.490000 0.015625 0.015625
0 0.872000 0.516000 0.015625 0.015625
0 0.578000 0.520000 0.015625 0.015625
0 0.258000 0.534000 0.015625 0.015625
0 0.392000 0.534000 0.015625 0.015625
0 0.464000 0.534000 0.015625 0.015625
0 0.284000 0.536000 0.015625 0.015625
0 0.032000 0.554000 0.015625 0.015625
0 0.236000 0.562000 0.015625 0.015625
0 0.708000 0.562000 0.015625 0.015625
0 0.076000 0.564000 0.015625 0.015625
0 0.848000 0.580000 0.015625 0.015625
0 0.990000 0.590000 0.015625 0.015625
0 0.688000 0.602000 0.015625 0.015625
0 0.864000 0.614000 0.015625 0.015625
0 0.204000 0.624000 0.015625 0.015625
0 0.824000 0.628000 0.015625 0.015625
0 0.986000 0.632000 0.015625 0.015625
0 0.880000 0.638000 0.015625 0.015625
0 0.224000 0.650000 0.015625 0.015625
0 0.168000 0.688000 0.015625 0.015625
0 0.464000 0.692000 0.015625 0.015625
0 0.104000 0.706000 0.015625 0.015625
0 0.416000 0.706000 0.015625 0.015625
0 0.888000 0.712000 0.015625 0.015625
0 0.008000 0.714000 0.015625 0.015625
0 0.338000 0.718000 0.015625 0.015625
0 0.592000 0.728000 0.015625 0.015625
0 0.220000 0.736000 0.015625 0.015625
0 0.844000 0.742000 0.015625 0.015625
0 0.100000 0.756000 0.015625 0.015625
0 0.088000 0.786000 0.015625 0.015625
0 0.628000 0.788000 0.015625 0.015625
0 0.752000 0.788000 0.015625 0.015625
0 0.444000 0.798000 0.015625 0.015625
0 0.184000 0.804000 0.015625 0.015625
0 0.704000 0.832000 0.015625 0.015625
0 0.144000 0.836000 0.015625 0.015625
0 0.934000 0.842000 0.015625 0.015625
0 0.312000 0.852000 0.015625 0.015625
0 0.926000 0.878000 0.015625 0.015625
0 0.424000 0.888000 0.015625 0.015625
0 0.196000 0.892000 0.015625 0.015625
0 0.548000 0.892000 0.015625 0.015625
0 0.828000 0.906000 0.015625 0.015625
0 0.776000 0.924000 0.015625 0.015625
0 0.204000 0.936000 0.015625 0.015625
0 0.878000 0.938000 0.015625 0.015625
0 0.978000 0.952000 0.015625 0.015625
0 0.668000 0.978000 0.015625 0.015625
0 0.612000 0.980000 0.015625 0.015625
0 0.512000 0.984000 0.015625 0.015625
0 0.854000 0.984000 0.015625 0.015625
0 0.932000 0.990000 0.015625 0.015625
0 0.288000 0.992000 0.015625 0.015625
0 0.212377 0.180028 0.015625 0.015625
0 0.738397 0.306610 0.015625 0.015625
