0 0.083000 0.015000 0.015625 0.015625
0 0.347000 0.015000 0.015625 0.015625
0 0.541000 0.027000 0.015625 0.015625
0 0.775000 0.031000 0.015625 0.015625
0 0.491000 0.033000 0.015625 0.015625
0 0.945000 0.069000 0.015625 0.015625
0 0.825000 0.075000 0.015625 0.015625
0 0.620000 0.107000 0.015625 0.015625
0 0.530000 0.109000 0.015625 0.015625
0 0.873000 0.111000 0.015625 0.015625
0 0.630000 0.133000 0.015625 0.015625
0 0.128000 0.135000 0.015625 0.015625
0 0.966000 0.147000 0.015625 0.015625
0 0.266000 0.153000 0.015625 0.015625
0 0.340000 0.163000 0.015625 0.015625
0 0.638000 0.178000 0.015625 0.015625
0 0.848000 0.178000 0.015625 0.015625
0 0.424000 0.193000 0.015625 0.015625
0 0.792000 0.200000 0.015625 0.015625
0 0.146000 0.225000 0.015625 0.015625
0 0.924000 0.227000 0.015625 0.015625
0 0.370000 0.233000 0.015625 0.015625
0 0.606000 0.233000 0.015625 0.015625
0 0.030000 0.243000 0.015625 0.015625
0 0.678000 0.245000 0.015625 0.015625
0 0.462000 0.249000 0.015625 0.015625
0 0.650000 0.251000 0.015625 0.015625
0 0.818000 0.251000 0.015625 0.015625
0 0.274000 0.255000 0.015625 0.015625
0 0.538000 0.259000 0.015625 0.015625
0 0.426000 0.261000 0.015625 0.015625
0 0.484000 0.273000 0.015625 0.015625
0 0.710000 0.277000 0.015625 0.015625
0 0.930000 0.291000 0.015625 0.015625
0 0.024000 0.307000 0.015625 0.015625
0 0.396000 0.308000 0.015625 0.015625
0 0.490000 0.315000 0.015625 0.015625
0 0.382000 0.320000 0.015625 0.015625
0 0.242000 0.321000 0.015625 0.015625
0 0.754000 0.325000 0.015625 0.015625
0 0.700000 0.331000 0.015625 0.015625
0 0.226000 0.339000 0.015625 0.015625
0 0.484000 0.341000 0.015625 0.015625
0 0.626000 0.345000 0.015625 0.015625
0 0.150000 0.351000 0.015625 0.015625
0 0.308000 0.351000 0.015625 0.015625
0 0.742000 0.353000 0.015625 0.015625
0 0.186000 0.361000 0.015625 0.015625
0 0.994000 0.373000 0.015625 0.015625
0 0.808000 0.385000 0.015625 0.015625
0 0.294000 0.395000 0.015625 0.015625
0 0.546000 0.412000 0.015625 0.015625
0 0.954000 0.423000 0.015625 0.015625
0 0.670000 0.427000 0.015625 0.015625
0 0.014000 0.428000 0.015625 0.015625
0 0.112000 0.444000 0.015625 0.015625
0 0.730000 0.444000 0.015625 0.015625
0 0.086000 0.448000 0.015625 0.015625
0 0.642000 0.455000 0.015625 0.015625
0 0.136000 0.462000 0.015625 0.015625
0 0.390000 0.472000 0.015625 0.015625
0 0.518000 0.484000 0.015625 0.015625
0 0.606000 0.490000 0.015625 0.015625
0 0.470000 0.518000 0.015625 0.015625
0 0.872000 0.524000 0.015625 0.015625
0 0.758000 0.530000 0.015625 0.015625
0 0.258000 0.536000 0.015625 0.015625
0 0.384000 0.536000 0.015625 0.015625
0 0.288000 0.540000 0.015625 0.015625
0 0.086000 0.542000 0.015625 0.015625
0 0.546000 0.542000 0.015625 0.015625
0 0.900000 0.546000 0.015625 0.015625
0 0.186000 0.552000 0.015625 0.015625
0 0.690000 0.556000 0.015625 0.015625
0 0.038000 0.570000 0.015625 0.015625
0 0.754000 0.588000 0.015625 0.015625
0 0.210000 0.620000 0.015625 0.015625
0 0.880000 0.644000 0.015625 0.015625
0 0.210000 0.656000 0.015625 0.015625
0 0.490000 0.666000 0.015625 0.015625
0 0.914000 0.672000 0.015625 0.015625
0 0.180000 0.706000 0.015625 0.015625
0 0.794000 0.718000 0.015625 0.015625
0 0.354000 0.730000 0.015625 0.015625
0 0.850000 0.736000 0.015625 0.015625
0 0.382000 0.744000 0.015625 0.015625
0 0.078000 0.746000 0.015625 0.015625
0 0.052000 0.766000 0.015625 0.015625
0 0.406000 0.766000 0.015625 0.015625
0 0.700000 0.770000 0.015625 0.015625
0 0.186000 0.774000 0.015625 0.015625
0 0.650000 0.780000 0.015625 0.015625
0 0.214000 0.790000 0.015625 0.015625
0 0.718000 0.790000 0.015625 0.015625
0 0.458000 0.808000 0.015625 0.015625
0 0.126000 0.816000 0.015625 0.015625
0 0.948000 0.816000 0.015625 0.015625
0 0.486000 0.842000 0.015625 0.015625
0 0.318000 0.854000 0.015625 0.015625
0 0.486000 0.876000 0.015625 0.015625
0 0.774000 0.880000 0.015625 0.015625
0 0.424000 0.882000 0.015625 0.015625
0 0.850000 0.888000 0.015625 0.015625
0 0.198000 0.894000 0.015625 0.015625
0 0.558000 0.900000 0.015625 0.015625
0 0.866000 0.902000 0.015625 0.015625
0 0.166000 0.944000 0.015625 0.015625
0 0.192686 0.045007 0.015625 0.015625
0 0.218003 0.008439 0.015625 0.015625
0 0.419128 0.957806 0.015625 0.015625
0 0.202532 0.980309 0.015625 0.015625
0 0.264416 0.974684 0.015625 0.015625
0 0.645570 0.977496 0.015625 0.015625
0 0.766526 0.935302 0.015625 0.015625
0 0.863572 0.974684 0.015625 0.015625
0 0.893108 0.978903 0.015625 0.015625
0 0.800281 0.637131 0.015625 0.015625
0 0.634318 0.613221 0.015625 0.015625
0 0.428973 0.444444 0.015625 0.015625
0 0.316456 0.479606 0.015625 0.015625
0 0.440225 0.172996 0.015625 0.015625
