0 0.957000 0.010000 0.015625 0.015625
0 0.753000 0.017000 0.015625 0.015625
0 0.174000 0.027000 0.015625 0.015625
0 0.361000 0.033000 0.015625 0.015625
0 0.473000 0.058000 0.015625 0.015625
0 0.564000 0.069000 0.015625 0.015625
0 0.694000 0.077000 0.015625 0.015625
0 0.784000 0.085000 0.015625 0.015625
0 0.593000 0.090000 0.015625 0.015625
0 0.061000 0.099000 0.015625 0.015625
0 0.524000 0.100000 0.015625 0.015625
0 0.837000 0.104000 0.015625 0.015625
0 0.256000 0.129000 0.015625 0.015625
0 0.987000 0.133000 0.015625 0.015625
0 0.255000 0.171000 0.015625 0.015625
0 0.917000 0.174000 0.015625 0.015625
0 0.429000 0.177000 0.015625 0.015625
0 0.985000 0.215000 0.015625 0.015625
0 0.534000 0.217000 0.015625 0.015625
0 0.561000 0.221000 0.015625 0.015625
0 0.891000 0.221000 0.015625 0.015625
0 0.699000 0.225000 0.015625 0.015625
0 0.363000 0.239000 0.015625 0.015625
0 0.933000 0.241000 0.015625 0.015625
0 0.715000 0.253000 0.015625 0.015625
0 0.015000 0.271000 0.015625 0.015625
0 0.665000 0.277000 0.015625 0.015625
0 0.911000 0.277000 0.015625 0.015625
0 0.241000 0.279000 0.015625 0.015625
0 0.457000 0.285000 0.015625 0.015625
0 0.939000 0.285000 0.015625 0.015625
0 0.255000 0.293000 0.015625 0.015625
0 0.531000 0.301000 0.015625 0.015625
0 0.500000 0.313000 0.015625 0.015625
0 0.781000 0.315000 0.015625 0.015625
0 0.679000 0.317000 0.015625 0.015625
0 0.353000 0.327000 0.015625 0.015625
0 0.817000 0.333000 0.015625 0.015625
0 0.493000 0.351000 0.015625 0.015625
0 0.427000 0.355000 0.015625 0.015625
0 0.009000 0.359000 0.015625 0.015625
0 0.617000 0.363000 0.015625 0.015625
0 0.175000 0.371000 0.015625 0.015625
0 0.561000 0.371000 0.015625 0.015625
0 0.083000 0.377000 0.015625 0.015625
0 0.979000 0.387000 0.015625 0.015625
0 0.105000 0.403000 0.015625 0.015625
0 0.027000 0.427000 0.015625 0.015625
0 0.747000 0.427000 0.015625 0.015625
0 0.627000 0.429000 0.015625 0.015625
0 0.671000 0.431000 0.015625 0.015625
0 0.423000 0.451000 0.015625 0.015625
0 0.504000 0.451000 0.015625 0.015625
0 0.799000 0.465000 0.015625 0.015625
0 0.649000 0.467000 0.015625 0.015625
0 0.457000 0.469000 0.015625 0.015625
0 0.377000 0.473000 0.015625 0.015625
0 0.979000 0.475000 0.015625 0.015625
0 0.327000 0.491000 0.015625 0.015625
0 0.619000 0.497000 0.015625 0.015625
0 0.493000 0.513000 0.015625 0.015625
0 0.227000 0.515000 0.015625 0.015625
0 0.873000 0.517000 0.015625 0.015625
0 0.665000 0.529000 0.015625 0.015625
0 0.149000 0.533000 0.015625 0.015625
0 0.395000 0.535000 0.015625 0.015625
0 0.991000 0.557000 0.015625 0.015625
0 0.119000 0.559000 0.015625 0.015625
0 0.059000 0.563000 0.015625 0.015625
0 0.205000 0.581000 0.015625 0.015625
0 0.583000 0.585000 0.015625 0.015625
0 0.751000 0.599000 0.015625 0.015625
0 0.207000 0.633000 0.015625 0.015625
0 0.811000 0.641000 0.015625 0.015625
0 0.661000 0.645000 0.015625 0.015625
0 0.851000 0.645000 0.015625 0.015625
0 0.925000 0.663000 0.015625 0.015625
0 0.419000 0.695000 0.015625 0.015625
0 0.107000 0.705000 0.015625 0.015625
0 0.445000 0.711000 0.015625 0.015625
0 0.187000 0.719000 0.015625 0.015625
0 0.651000 0.721000 0.015625 0.015625
0 0.851000 0.721000 0.015625 0.015625
0 0.295000 0.727000 0.015625 0.015625
0 0.807000 0.733000 0.015625 0.015625
0 0.363000 0.737000 0.015625 0.015625
0 0.079000 0.775000 0.015625 0.015625
0 0.511000 0.777000 0.015625 0.015625
0 0.747000 0.791000 0.015625 0.015625
0 0.191000 0.795000 0.015625 0.015625
0 0.227000 0.807000 0.015625 0.015625
0 0.475000 0.809000 0.015625 0.015625
0 0.779000 0.829000 0.015625 0.015625
0 0.721000 0.837000 0.015625 0.015625
0 0.127000 0.839000 0.015625 0.015625
0 0.325000 0.855000 0.015625 0.015625
0 0.081000 0.861000 0.015625 0.015625
0 0.887000 0.867000 0.015625 0.015625
0 0.441000 0.887000 0.015625 0.015625
0 0.201000 0.897000 0.015625 0.015625
0 0.535000 0.903000 0.015625 0.015625
0 0.847000 0.915000 0.015625 0.015625
0 0.951000 0.933000 0.015625 0.015625
0 0.171000 0.935000 0.015625 0.015625
0 0.173000 0.953000 0.015625 0.015625
0 0.771000 0.957000 0.015625 0.015625
0 0.861000 0.959000 0.015625 0.015625
0 0.292546 0.984529 0.015625 0.015625
0 0.659634 0.973277 0.015625 0.015625
0 0.129395 0.151899 0.015625 0.015625
0 0.815752 0.586498 0.015625 0.015625
0 0.796062 0.288326 0.015625 0.015625
