0 0.453125 0.009375 0.015625 0.015625
0 0.298438 0.015625 0.015625 0.015625
0 0.746875 0.015625 0.015625 0.015625
0 0.834375 0.015625 0.015625 0.015625
0 0.034375 0.023438 0.015625 0.015625
0 0.168750 0.023438 0.015625 0.015625
0 0.676563 0.032813 0.015625 0.015625
0 0.818750 0.042188 0.015625 0.015625
0 0.559375 0.070313 0.015625 0.015625
0 0.939063 0.070313 0.015625 0.015625
0 0.979688 0.096875 0.015625 0.015625
0 0.590625 0.098438 0.015625 0.015625
0 0.882813 0.107813 0.015625 0.015625
0 0.632813 0.110938 0.015625 0.015625
0 0.239063 0.137500 0.015625 0.015625
0 0.445313 0.140625 0.015625 0.015625
0 0.832813 0.148438 0.015625 0.015625
0 0.184375 0.153125 0.015625 0.015625
0 0.606250 0.176563 0.015625 0.015625
0 0.087500 0.196875 0.015625 0.015625
0 0.782813 0.200000 0.015625 0.015625
0 0.945313 0.200000 0.015625 0.015625
0 0.896875 0.201563 0.015625 0.015625
0 0.395313 0.204688 0.015625 0.015625
0 0.718750 0.204688 0.015625 0.015625
0 0.673438 0.220313 0.015625 0.015625
0 0.587500 0.229688 0.015625 0.015625
0 0.365625 0.231250 0.015625 0.015625
0 0.464063 0.234375 0.015625 0.015625
0 0.150000 0.235938 0.015625 0.015625
0 0.935938 0.242188 0.015625 0.015625
0 0.442188 0.254688 0.015625 0.015625
0 0.523438 0.264063 0.015625 0.015625
0 0.735938 0.265625 0.015625 0.015625
0 0.021875 0.270313 0.015625 0.015625
0 0.253125 0.281250 0.015625 0.015625
0 0.800000 0.281250 0.015625 0.015625
0 0.767188 0.284375 0.015625 0.015625
0 0.645313 0.293750 0.015625 0.015625
0 0.928125 0.296875 0.015625 0.015625
0 0.078125 0.300000 0.015625 0.015625
0 0.700000 0.310938 0.015625 0.015625
0 0.529688 0.323438 0.015625 0.015625
0 0.657813 0.332813 0.015625 0.015625
0 0.382813 0.343750 0.015625 0.015625
0 0.006250 0.348438 0.015625 0.015625
0 0.184375 0.356250 0.015625 0.015625
0 0.451563 0.357813 0.015625 0.015625
0 0.531250 0.365625 0.015625 0.015625
0 0.806250 0.365625 0.015625 0.015625
0 0.140625 0.371875 0.015625 0.015625
0 0.693750 0.373438 0.015625 0.015625
0 0.468750 0.385938 0.015625 0.015625
0 0.945313 0.385938 0.015625 0.015625
0 0.689063 0.421875 0.015625 0.015625
0 0.785938 0.423438 0.015625 0.015625
0 0.317188 0.448438 0.015625 0.015625
0 0.373438 0.459375 0.015625 0.015625
0 0.070313 0.468750 0.015625 0.015625
0 0.129688 0.468750 0.015625 0.015625
0 0.559375 0.471875 0.015625 0.015625
0 0.620313 0.476563 0.015625 0.015625
0 0.992188 0.476563 0.015625 0.015625
0 0.026563 0.479688 0.015625 0.015625
0 0.964063 0.481250 0.015625 0.015625
0 0.350000 0.500000 0.015625 0.015625
0 0.839063 0.504688 0.015625 0.015625
0 0.506250 0.509375 0.015625 0.015625
0 0.871875 0.523438 0.015625 0.015625
0 0.398438 0.531250 0.015625 0.015625
0 0.253125 0.532813 0.015625 0.015625
0 0.351563 0.532813 0.015625 0.015625
0 0.750000 0.532813 0.015625 0.015625
0 0.156250 0.537500 0.015625 0.015625
0 0.648438 0.537500 0.015625 0.015625
0 0.037500 0.553125 0.015625 0.015625
0 0.809375 0.556250 0.015625 0.015625
0 0.498438 0.562500 0.015625 0.015625
0 0.785938 0.598438 0.015625 0.015625
0 0.659375 0.603125 0.015625 0.015625
0 0.006250 0.614063 0.015625 0.015625
0 0.085938 0.615625 0.015625 0.015625
0 0.545313 0.617188 0.015625 0.015625
0 0.207813 0.623438 0.015625 0.015625
0 0.979688 0.623438 0.015625 0.015625
0 0.887500 0.639063 0.015625 0.015625
0 0.809375 0.640625 0.015625 0.015625
0 0.868750 0.643750 0.015625 0.015625
0 0.214063 0.645313 0.015625 0.015625
0 0.170313 0.685938 0.015625 0.015625
0 0.406250 0.706250 0.015625 0.015625
0 0.873438 0.735938 0.015625 0.015625
0 0.950000 0.739063 0.015625 0.015625
0 0.859375 0.753125 0.015625 0.015625
0 0.006250 0.756250 0.015625 0.015625
0 0.334375 0.757813 0.015625 0.015625
0 0.631250 0.759375 0.015625 0.015625
0 0.485938 0.789063 0.015625 0.015625
0 0.106250 0.796875 0.015625 0.015625
0 0.553125 0.800000 0.015625 0.015625
0 0.453125 0.801563 0.015625 0.015625
0 0.357813 0.809375 0.015625 0.015625
0 0.689063 0.812500 0.015625 0.015625
0 0.306250 0.817188 0.015625 0.015625
0 0.014063 0.826563 0.015625 0.015625
0 0.920313 0.826563 0.015625 0.015625
0 0.317188 0.856250 0.015625 0.015625
0 0.759375 0.856250 0.015625 0.015625
0 0.890295 0.891702 0.015625 0.015625
0 0.803094 0.887482 0.015625 0.015625
0 0.897328 0.962025 0.015625 0.015625
0 0.949367 0.969058 0.015625 0.015625
0 0.661041 0.983122 0.015625 0.015625
0 0.542897 0.884669 0.015625 0.015625
0 0.433193 0.977496 0.015625 0.015625
0 0.385373 0.897328 0.015625 0.015625
0 0.157525 0.950774 0.015625 0.015625
0 0.201125 0.940928 0.015625 0.015625
0 0.203938 0.891702 0.015625 0.015625
0 0.239100 0.859353 0.015625 0.015625
0 0.275668 0.172996 0.015625 0.015625
