0 0.315000 0.010000 0.015625 0.015625
0 0.910000 0.030000 0.015625 0.015625
0 0.878000 0.036000 0.015625 0.015625
0 0.554000 0.040000 0.015625 0.015625
0 0.172000 0.054000 0.015625 0.015625
0 0.452000 0.092000 0.015625 0.015625
0 0.906000 0.098000 0.015625 0.015625
0 0.942000 0.100000 0.015625 0.015625
0 0.132000 0.116000 0.015625 0.015625
0 0.672000 0.128000 0.015625 0.015625
0 0.234000 0.148000 0.015625 0.015625
0 0.822000 0.152000 0.015625 0.015625
0 0.672000 0.160000 0.015625 0.015625
0 0.314000 0.168000 0.015625 0.015625
0 0.786000 0.168000 0.015625 0.015625
0 0.642000 0.174000 0.015625 0.015625
0 0.906000 0.196000 0.015625 0.015625
0 0.602000 0.202000 0.015625 0.015625
0 0.408000 0.224000 0.015625 0.015625
0 0.458000 0.228000 0.015625 0.015625
0 0.714000 0.228000 0.015625 0.015625
0 0.202000 0.230000 0.015625 0.015625
0 0.752000 0.232000 0.015625 0.015625
0 0.058000 0.234000 0.015625 0.015625
0 0.366000 0.234000 0.015625 0.015625
0 0.592000 0.236000 0.015625 0.015625
0 0.270000 0.264000 0.015625 0.015625
0 0.240000 0.266000 0.015625 0.015625
0 0.490000 0.266000 0.015625 0.015625
0 0.806000 0.280000 0.015625 0.015625
0 0.946000 0.286000 0.015625 0.015625
0 0.510000 0.290000 0.015625 0.015625
0 0.870000 0.294000 0.015625 0.015625
0 0.524000 0.330000 0.015625 0.015625
0 0.170000 0.350000 0.015625 0.015625
0 0.658000 0.362000 0.015625 0.015625
0 0.418000 0.372000 0.015625 0.015625
0 0.614000 0.374000 0.015625 0.015625
0 0.526000 0.378000 0.015625 0.015625
0 0.970000 0.384000 0.015625 0.015625
0 0.066000 0.386000 0.015625 0.015625
0 0.442000 0.390000 0.015625 0.015625
0 0.826000 0.390000 0.015625 0.015625
0 0.626000 0.424000 0.015625 0.015625
0 0.166000 0.428000 0.015625 0.015625
0 0.750000 0.430000 0.015625 0.015625
0 0.022000 0.438000 0.015625 0.015625
0 0.688000 0.438000 0.015625 0.015625
0 0.794000 0.440000 0.015625 0.015625
0 0.346000 0.442000 0.015625 0.015625
0 0.598000 0.454000 0.015625 0.015625
0 0.074000 0.458000 0.015625 0.015625
0 0.182000 0.458000 0.015625 0.015625
0 0.882000 0.458000 0.015625 0.015625
0 0.386000 0.464000 0.015625 0.015625
0 0.706000 0.464000 0.015625 0.015625
0 0.986000 0.464000 0.015625 0.015625
0 0.510000 0.466000 0.015625 0.015625
0 0.722000 0.488000 0.015625 0.015625
0 0.046000 0.510000 0.015625 0.015625
0 0.870000 0.524000 0.015625 0.015625
0 0.838000 0.526000 0.015625 0.015625
0 0.510000 0.528000 0.015625 0.015625
0 0.058000 0.532000 0.015625 0.015625
0 0.080000 0.534000 0.015625 0.015625
0 0.390000 0.534000 0.015625 0.015625
0 0.282000 0.538000 0.015625 0.015625
0 0.154000 0.544000 0.015625 0.015625
0 0.858000 0.548000 0.015625 0.015625
0 0.454000 0.580000 0.015625 0.015625
0 0.042000 0.586000 0.015625 0.015625
0 0.694000 0.590000 0.015625 0.015625
0 0.748000 0.602000 0.015625 0.015625
0 0.360000 0.608000 0.015625 0.015625
0 0.818000 0.618000 0.015625 0.015625
0 0.020000 0.624000 0.015625 0.015625
0 0.842000 0.624000 0.015625 0.015625
0 0.226000 0.634000 0.015625 0.015625
0 0.614000 0.638000 0.015625 0.015625
0 0.990000 0.640000 0.015625 0.015625
0 0.878000 0.644000 0.015625 0.015625
0 0.534000 0.652000 0.015625 0.015625
0 0.990000 0.674000 0.015625 0.015625
0 0.226000 0.678000 0.015625 0.015625
0 0.670000 0.708000 0.015625 0.015625
0 0.346000 0.724000 0.015625 0.015625
0 0.870000 0.748000 0.015625 0.015625
0 0.414000 0.756000 0.015625 0.015625
0 0.886000 0.756000 0.015625 0.015625
0 0.682000 0.774000 0.015625 0.015625
0 0.300000 0.782000 0.015625 0.015625
0 0.130000 0.796000 0.015625 0.015625
0 0.458000 0.810000 0.015625 0.015625
0 0.206000 0.820000 0.015625 0.015625
0 0.992000 0.824000 0.015625 0.015625
0 0.074000 0.842000 0.015625 0.015625
0 0.878000 0.842000 0.015625 0.015625
0 0.770000 0.850000 0.015625 0.015625
0 0.322000 0.854000 0.015625 0.015625
0 0.090000 0.864000 0.015625 0.015625
0 0.202000 0.896000 0.015625 0.015625
0 0.554000 0.896000 0.015625 0.015625
0 0.834000 0.910000 0.015625 0.015625
0 0.938000 0.920000 0.015625 0.015625
0 0.734000 0.930000 0.015625 0.015625
0 0.206000 0.950000 0.015625 0.015625
0 0.166000 0.952000 0.015625 0.015625
0 0.854000 0.964000 0.015625 0.015625
