0 0.782812 0.009375 0.015625 0.015625
0 0.806250 0.009375 0.015625 0.015625
0 0.456250 0.012500 0.015625 0.015625
0 0.871875 0.017188 0.015625 0.015625
0 0.325000 0.021875 0.015625 0.015625
0 0.185938 0.034375 0.015625 0.015625
0 0.557812 0.042188 0.015625 0.015625
0 0.073438 0.046875 0.015625 0.015625
0 0.946875 0.067188 0.015625 0.015625
0 0.176562 0.070312 0.015625 0.015625
0 0.054688 0.095312 0.015625 0.015625
0 0.632812 0.098438 0.015625 0.015625
0 0.610938 0.114062 0.015625 0.015625
0 0.909375 0.118750 0.015625 0.015625
0 0.446875 0.132812 0.015625 0.015625
0 0.239062 0.134375 0.015625 0.015625
0 0.170312 0.140625 0.015625 0.015625
0 0.123438 0.148438 0.015625 0.015625
0 0.335938 0.164062 0.015625 0.015625
0 0.800000 0.164062 0.015625 0.015625
0 0.759375 0.170312 0.015625 0.015625
0 0.900000 0.178125 0.015625 0.015625
0 0.600000 0.182812 0.015625 0.015625
0 0.689062 0.184375 0.015625 0.015625
0 0.393750 0.192188 0.015625 0.015625
0 0.778125 0.209375 0.015625 0.015625
0 0.531250 0.210938 0.015625 0.015625
0 0.959375 0.214062 0.015625 0.015625
0 0.706250 0.217188 0.015625 0.015625
0 0.465625 0.232812 0.015625 0.015625
0 0.365625 0.234375 0.015625 0.015625
0 0.609375 0.239062 0.015625 0.015625
0 0.504688 0.246875 0.015625 0.015625
0 0.214062 0.259375 0.015625 0.015625
0 0.459375 0.260938 0.015625 0.015625
0 0.750000 0.262500 0.015625 0.015625
0 0.067188 0.270312 0.015625 0.015625
0 0.500000 0.275000 0.015625 0.015625
0 0.270312 0.278125 0.015625 0.015625
0 0.353125 0.287500 0.015625 0.015625
0 0.935938 0.287500 0.015625 0.015625
0 0.773438 0.306250 0.015625 0.015625
0 0.726562 0.310938 0.015625 0.015625
0 0.634375 0.337500 0.015625 0.015625
0 0.206250 0.342188 0.015625 0.015625
0 0.498438 0.359375 0.015625 0.015625
0 0.179688 0.360938 0.015625 0.015625
0 0.406250 0.367188 0.015625 0.015625
0 0.982812 0.375000 0.015625 0.015625
0 0.490625 0.381250 0.015625 0.015625
0 0.700000 0.384375 0.015625 0.015625
0 0.529688 0.387500 0.015625 0.015625
0 0.826562 0.389062 0.015625 0.015625
0 0.959375 0.393750 0.015625 0.015625
0 0.473438 0.406250 0.015625 0.015625
0 0.759375 0.407812 0.015625 0.015625
0 0.145312 0.410938 0.015625 0.015625
0 0.021875 0.417188 0.015625 0.015625
0 0.689062 0.420312 0.015625 0.015625
0 0.071875 0.434375 0.015625 0.015625
0 0.534375 0.442188 0.015625 0.015625
0 0.034375 0.448438 0.015625 0.015625
0 0.314062 0.450000 0.015625 0.015625
0 0.170312 0.460938 0.015625 0.015625
0 0.626562 0.470312 0.015625 0.015625
0 0.979688 0.470312 0.015625 0.015625
0 0.406250 0.481250 0.015625 0.015625
0 0.893750 0.481250 0.015625 0.015625
0 0.485938 0.504688 0.015625 0.015625
0 0.873438 0.525000 0.015625 0.015625
0 0.065625 0.528125 0.015625 0.015625
0 0.729688 0.528125 0.015625 0.015625
0 0.826562 0.531250 0.015625 0.015625
0 0.526562 0.534375 0.015625 0.015625
0 0.385938 0.540625 0.015625 0.015625
0 0.685938 0.542188 0.015625 0.015625
0 0.253125 0.546875 0.015625 0.015625
0 0.159375 0.554688 0.015625 0.015625
0 0.353125 0.575000 0.015625 0.015625
0 0.620312 0.578125 0.015625 0.015625
0 0.834375 0.578125 0.015625 0.015625
0 0.009375 0.620312 0.015625 0.015625
0 0.206250 0.620312 0.015625 0.015625
0 0.517188 0.620312 0.015625 0.015625
0 0.806250 0.620312 0.015625 0.015625
0 0.670312 0.626562 0.015625 0.015625
0 0.881250 0.640625 0.015625 0.015625
0 0.214062 0.650000 0.015625 0.015625
0 0.306250 0.718750 0.015625 0.015625
0 0.165625 0.723438 0.015625 0.015625
0 0.621875 0.734375 0.015625 0.015625
0 0.850000 0.735938 0.015625 0.015625
0 0.385938 0.739062 0.015625 0.015625
0 0.885938 0.746875 0.015625 0.015625
0 0.959375 0.754688 0.015625 0.015625
0 0.353125 0.760938 0.015625 0.015625
0 0.434375 0.773438 0.015625 0.015625
0 0.468750 0.795312 0.015625 0.015625
0 0.445312 0.798438 0.015625 0.015625
0 0.728125 0.798438 0.015625 0.015625
0 0.293750 0.812500 0.015625 0.015625
0 0.093750 0.828125 0.015625 0.015625
0 0.034375 0.831250 0.015625 0.015625
0 0.073438 0.850000 0.015625 0.015625
0 0.253125 0.850000 0.015625 0.015625
0 0.326562 0.854688 0.015625 0.015625
0 0.106250 0.860938 0.015625 0.015625
0 0.750000 0.870312 0.015625 0.015625
0 0.203938 0.938115 0.015625 0.015625
0 0.149086 0.952180 0.015625 0.015625
0 0.191280 0.898734 0.015625 0.015625
0 0.341772 0.957806 0.015625 0.015625
0 0.400844 0.898734 0.015625 0.015625
0 0.448664 0.970464 0.015625 0.015625
0 0.572433 0.890295 0.015625 0.015625
0 0.715893 0.952180 0.015625 0.015625
0 0.789030 0.886076 0.015625 0.015625
0 0.873418 0.898734 0.015625 0.015625
0 0.883263 0.867792 0.015625 0.015625
0 0.904360 0.947961 0.015625 0.015625
0 0.956399 0.970464 0.015625 0.015625
