0 0.455000 0.014000 0.015625 0.015625
0 0.214000 0.020000 0.015625 0.015625
0 0.082000 0.026000 0.015625 0.015625
0 0.875000 0.028000 0.015625 0.015625
0 0.833000 0.032000 0.015625 0.015625
0 0.530000 0.038000 0.015625 0.015625
0 0.186000 0.042000 0.015625 0.015625
0 0.850000 0.050000 0.015625 0.015625
0 0.985000 0.064000 0.015625 0.015625
0 0.672000 0.130000 0.015625 0.015625
0 0.258000 0.135000 0.015625 0.015625
0 0.432000 0.138000 0.015625 0.015625
0 0.945000 0.142000 0.015625 0.015625
0 0.098000 0.148000 0.015625 0.015625
0 0.635000 0.150000 0.015625 0.015625
0 0.606000 0.165000 0.015625 0.015625
0 0.778000 0.172000 0.015625 0.015625
0 0.860000 0.194000 0.015625 0.015625
0 0.178000 0.195000 0.015625 0.015625
0 0.466000 0.210000 0.015625 0.015625
0 0.035000 0.214000 0.015625 0.015625
0 0.722000 0.225000 0.015625 0.015625
0 0.885000 0.225000 0.015625 0.015625
0 0.370000 0.234000 0.015625 0.015625
0 0.754000 0.234000 0.015625 0.015625
0 0.865000 0.238000 0.015625 0.015625
0 0.276000 0.244000 0.015625 0.015625
0 0.498000 0.248000 0.015625 0.015625
0 0.028000 0.265000 0.015625 0.015625
0 0.722000 0.268000 0.015625 0.015625
0 0.474000 0.274000 0.015625 0.015625
0 0.946000 0.288000 0.015625 0.015625
0 0.294000 0.296000 0.015625 0.015625
0 0.878000 0.300000 0.015625 0.015625
0 0.806000 0.316000 0.015625 0.015625
0 0.174000 0.326000 0.015625 0.015625
0 0.458000 0.352000 0.015625 0.015625
0 0.030000 0.354000 0.015625 0.015625
0 0.194000 0.358000 0.015625 0.015625
0 0.614000 0.358000 0.015625 0.015625
0 0.992000 0.364000 0.015625 0.015625
0 0.510000 0.370000 0.015625 0.015625
0 0.560000 0.370000 0.015625 0.015625
0 0.720000 0.390000 0.015625 0.015625
0 0.992000 0.392000 0.015625 0.015625
0 0.678000 0.422000 0.015625 0.015625
0 0.366000 0.430000 0.015625 0.015625
0 0.014000 0.438000 0.015625 0.015625
0 0.098000 0.446000 0.015625 0.015625
0 0.458000 0.448000 0.015625 0.015625
0 0.546000 0.448000 0.015625 0.015625
0 0.640000 0.456000 0.015625 0.015625
0 0.118000 0.458000 0.015625 0.015625
0 0.980000 0.458000 0.015625 0.015625
0 0.870000 0.466000 0.015625 0.015625
0 0.338000 0.470000 0.015625 0.015625
0 0.234000 0.480000 0.015625 0.015625
0 0.720000 0.486000 0.015625 0.015625
0 0.694000 0.494000 0.015625 0.015625
0 0.022000 0.522000 0.015625 0.015625
0 0.870000 0.522000 0.015625 0.015625
0 0.462000 0.524000 0.015625 0.015625
0 0.386000 0.538000 0.015625 0.015625
0 0.128000 0.546000 0.015625 0.015625
0 0.274000 0.566000 0.015625 0.015625
0 0.486000 0.570000 0.015625 0.015625
0 0.980000 0.570000 0.015625 0.015625
0 0.866000 0.578000 0.015625 0.015625
0 0.630000 0.594000 0.015625 0.015625
0 0.778000 0.594000 0.015625 0.015625
0 0.326000 0.598000 0.015625 0.015625
0 0.878000 0.598000 0.015625 0.015625
0 0.978000 0.618000 0.015625 0.015625
0 0.014000 0.620000 0.015625 0.015625
0 0.594000 0.620000 0.015625 0.015625
0 0.206000 0.622000 0.015625 0.015625
0 0.778000 0.622000 0.015625 0.015625
0 0.058000 0.636000 0.015625 0.015625
0 0.526000 0.640000 0.015625 0.015625
0 0.878000 0.646000 0.015625 0.015625
0 0.206000 0.656000 0.015625 0.015625
0 0.240000 0.694000 0.015625 0.015625
0 0.860000 0.750000 0.015625 0.015625
0 0.370000 0.752000 0.015625 0.015625
0 0.946000 0.760000 0.015625 0.015625
0 0.690000 0.770000 0.015625 0.015625
0 0.982000 0.784000 0.015625 0.015625
0 0.344000 0.788000 0.015625 0.015625
0 0.438000 0.794000 0.015625 0.015625
0 0.505000 0.808000 0.015625 0.015625
0 0.202000 0.812000 0.015625 0.015625
0 0.130000 0.830000 0.015625 0.015625
0 0.048000 0.842000 0.015625 0.015625
0 0.922000 0.846000 0.015625 0.015625
0 0.322000 0.854000 0.015625 0.015625
0 0.262000 0.862000 0.015625 0.015625
0 0.086000 0.874000 0.015625 0.015625
0 0.866000 0.882000 0.015625 0.015625
0 0.762000 0.884000 0.015625 0.015625
0 0.790000 0.886000 0.015625 0.015625
0 0.190000 0.898000 0.015625 0.015625
0 0.398000 0.908000 0.015625 0.015625
0 0.826000 0.908000 0.015625 0.015625
0 0.548000 0.912000 0.015625 0.015625
0 0.890000 0.930000 0.015625 0.015625
0 0.202000 0.950000 0.015625 0.015625
0 0.164000 0.952000 0.015625 0.015625
0 0.926000 0.966000 0.015625 0.015625
0 0.330520 0.984529 0.015625 0.015625
0 0.434599 0.964838 0.015625 0.015625
0 0.580872 0.990155 0.015625 0.015625
0 0.670886 0.983122 0.015625 0.015625
0 0.967651 0.959212 0.015625 0.015625
0 0.172996 0.289733 0.015625 0.015625
