0 0.873000 0.013000 0.015625 0.015625
0 0.707000 0.015000 0.015625 0.015625
0 0.183000 0.021000 0.015625 0.015625
0 0.321000 0.025000 0.015625 0.015625
0 0.477000 0.051000 0.015625 0.015625
0 0.804000 0.051000 0.015625 0.015625
0 0.545000 0.057000 0.015625 0.015625
0 0.670000 0.057000 0.015625 0.015625
0 0.792000 0.087000 0.015625 0.015625
0 0.970000 0.117000 0.015625 0.015625
0 0.265000 0.123000 0.015625 0.015625
0 0.008000 0.130000 0.015625 0.015625
0 0.600000 0.133000 0.015625 0.015625
0 0.630000 0.138000 0.015625 0.015625
0 0.122000 0.147000 0.015625 0.015625
0 0.923000 0.147000 0.015625 0.015625
0 0.864000 0.153000 0.015625 0.015625
0 0.426000 0.177000 0.015625 0.015625
0 0.881000 0.185000 0.015625 0.015625
0 0.708000 0.199000 0.015625 0.015625
0 0.350000 0.211000 0.015625 0.015625
0 0.451000 0.213000 0.015625 0.015625
0 0.397000 0.217000 0.015625 0.015625
0 0.596000 0.219000 0.015625 0.015625
0 0.258000 0.221000 0.015625 0.015625
0 0.510000 0.223000 0.015625 0.015625
0 0.365000 0.233000 0.015625 0.015625
0 0.935000 0.239000 0.015625 0.015625
0 0.865000 0.241000 0.015625 0.015625
0 0.188000 0.243000 0.015625 0.015625
0 0.640000 0.243000 0.015625 0.015625
0 0.465000 0.255000 0.015625 0.015625
0 0.343000 0.257000 0.015625 0.015625
0 0.237000 0.265000 0.015625 0.015625
0 0.010000 0.271000 0.015625 0.015625
0 0.937000 0.279000 0.015625 0.015625
0 0.465000 0.287000 0.015625 0.015625
0 0.817000 0.301000 0.015625 0.015625
0 0.259000 0.307000 0.015625 0.015625
0 0.493000 0.307000 0.015625 0.015625
0 0.657000 0.307000 0.015625 0.015625
0 0.883000 0.307000 0.015625 0.015625
0 0.413000 0.309000 0.015625 0.015625
0 0.553000 0.313000 0.015625 0.015625
0 0.013000 0.325000 0.015625 0.015625
0 0.365000 0.331000 0.015625 0.015625
0 0.803000 0.331000 0.015625 0.015625
0 0.319000 0.347000 0.015625 0.015625
0 0.615000 0.353000 0.015625 0.015625
0 0.171000 0.363000 0.015625 0.015625
0 0.977000 0.371000 0.015625 0.015625
0 0.531000 0.373000 0.015625 0.015625
0 0.817000 0.385000 0.015625 0.015625
0 0.706000 0.407000 0.015625 0.015625
0 0.131000 0.413000 0.015625 0.015625
0 0.043000 0.433000 0.015625 0.015625
0 0.644000 0.435000 0.015625 0.015625
0 0.686000 0.435000 0.015625 0.015625
0 0.410000 0.437000 0.015625 0.015625
0 0.179000 0.449000 0.015625 0.015625
0 0.451000 0.463000 0.015625 0.015625
0 0.987000 0.465000 0.015625 0.015625
0 0.605000 0.475000 0.015625 0.015625
0 0.891000 0.477000 0.015625 0.015625
0 0.257000 0.500000 0.015625 0.015625
0 0.299000 0.504000 0.015625 0.015625
0 0.738000 0.504000 0.015625 0.015625
0 0.579000 0.509000 0.015625 0.015625
0 0.871000 0.517000 0.015625 0.015625
0 0.077000 0.533000 0.015625 0.015625
0 0.385000 0.537000 0.015625 0.015625
0 0.477000 0.549000 0.015625 0.015625
0 0.109000 0.565000 0.015625 0.015625
0 0.241000 0.565000 0.015625 0.015625
0 0.857000 0.579000 0.015625 0.015625
0 0.665000 0.581000 0.015625 0.015625
0 0.805000 0.597000 0.015625 0.015625
0 0.709000 0.615000 0.015625 0.015625
0 0.869000 0.623000 0.015625 0.015625
0 0.797000 0.629000 0.015625 0.015625
0 0.903000 0.635000 0.015625 0.015625
0 0.217000 0.647000 0.015625 0.015625
0 0.873000 0.653000 0.015625 0.015625
0 0.455000 0.669000 0.015625 0.015625
0 0.857000 0.679000 0.015625 0.015625
0 0.197000 0.705000 0.015625 0.015625
0 0.097000 0.717000 0.015625 0.015625
0 0.329000 0.717000 0.015625 0.015625
0 0.657000 0.745000 0.015625 0.015625
0 0.857000 0.747000 0.015625 0.015625
0 0.375000 0.749000 0.015625 0.015625
0 0.125000 0.751000 0.015625 0.015625
0 0.505000 0.755000 0.015625 0.015625
0 0.455000 0.759000 0.015625 0.015625
0 0.161000 0.763000 0.015625 0.015625
0 0.457000 0.799000 0.015625 0.015625
0 0.667000 0.799000 0.015625 0.015625
0 0.177000 0.813000 0.015625 0.015625
0 0.110000 0.816000 0.015625 0.015625
0 0.597000 0.819000 0.015625 0.015625
0 0.040000 0.822000 0.015625 0.015625
0 0.116000 0.846000 0.015625 0.015625
0 0.777000 0.847000 0.015625 0.015625
0 0.319000 0.849000 0.015625 0.015625
0 0.967000 0.853000 0.015625 0.015625
0 0.929000 0.881000 0.015625 0.015625
0 0.885000 0.883000 0.015625 0.015625
0 0.201000 0.893000 0.015625 0.015625
0 0.538678 0.891702 0.015625 0.015625
0 0.424754 0.898734 0.015625 0.015625
0 0.786217 0.926864 0.015625 0.015625
0 0.824191 0.907173 0.015625 0.015625
0 0.950774 0.966245 0.015625 0.015625
0 0.883263 0.992968 0.015625 0.015625
0 0.659634 0.977496 0.015625 0.015625
0 0.454290 0.981716 0.015625 0.015625
0 0.385373 0.998594 0.015625 0.015625
0 0.310830 0.962025 0.015625 0.015625
0 0.215190 0.929677 0.015625 0.015625
0 0.168776 0.912799 0.015625 0.015625
0 0.210970 0.624473 0.015625 0.015625
