0 0.886000 0.008000 0.015625 0.015625
0 0.440000 0.016000 0.015625 0.015625
0 0.190000 0.028000 0.015625 0.015625
0 0.722000 0.028000 0.015625 0.015625
0 0.352000 0.046000 0.015625 0.015625
0 0.946000 0.046000 0.015625 0.015625
0 0.562000 0.066000 0.015625 0.015625
0 0.056000 0.078000 0.015625 0.015625
0 0.872000 0.078000 0.015625 0.015625
0 0.122000 0.114000 0.015625 0.015625
0 0.588000 0.126000 0.015625 0.015625
0 0.842000 0.128000 0.015625 0.015625
0 0.940000 0.130000 0.015625 0.015625
0 0.246000 0.158000 0.015625 0.015625
0 0.454000 0.160000 0.015625 0.015625
0 0.960000 0.162000 0.015625 0.015625
0 0.660000 0.166000 0.015625 0.015625
0 0.778000 0.166000 0.015625 0.015625
0 0.060000 0.180000 0.015625 0.015625
0 0.528000 0.202000 0.015625 0.015625
0 0.844000 0.204000 0.015625 0.015625
0 0.608000 0.214000 0.015625 0.015625
0 0.144000 0.222000 0.015625 0.015625
0 0.364000 0.224000 0.015625 0.015625
0 0.774000 0.224000 0.015625 0.015625
0 0.062000 0.226000 0.015625 0.015625
0 0.498000 0.230000 0.015625 0.015625
0 0.378000 0.238000 0.015625 0.015625
0 0.936000 0.238000 0.015625 0.015625
0 0.702000 0.244000 0.015625 0.015625
0 0.248000 0.246000 0.015625 0.015625
0 0.650000 0.260000 0.015625 0.015625
0 0.816000 0.270000 0.015625 0.015625
0 0.314000 0.280000 0.015625 0.015625
0 0.934000 0.284000 0.015625 0.015625
0 0.486000 0.292000 0.015625 0.015625
0 0.034000 0.314000 0.015625 0.015625
0 0.706000 0.332000 0.015625 0.015625
0 0.742000 0.336000 0.015625 0.015625
0 0.210000 0.338000 0.015625 0.015625
0 0.096000 0.344000 0.015625 0.015625
0 0.778000 0.358000 0.015625 0.015625
0 0.446000 0.360000 0.015625 0.015625
0 0.970000 0.372000 0.015625 0.015625
0 0.642000 0.378000 0.015625 0.015625
0 0.158000 0.380000 0.015625 0.015625
0 0.518000 0.384000 0.015625 0.015625
0 0.410000 0.386000 0.015625 0.015625
0 0.018000 0.404000 0.015625 0.015625
0 0.386000 0.410000 0.015625 0.015625
0 0.310000 0.414000 0.015625 0.015625
0 0.558000 0.434000 0.015625 0.015625
0 0.686000 0.434000 0.015625 0.015625
0 0.086000 0.436000 0.015625 0.015625
0 0.618000 0.438000 0.015625 0.015625
0 0.746000 0.452000 0.015625 0.015625
0 0.990000 0.458000 0.015625 0.015625
0 0.446000 0.460000 0.015625 0.015625
0 0.582000 0.460000 0.015625 0.015625
0 0.178000 0.486000 0.015625 0.015625
0 0.066000 0.490000 0.015625 0.015625
0 0.670000 0.501000 0.015625 0.015625
0 0.882000 0.520000 0.015625 0.015625
0 0.505000 0.532000 0.015625 0.015625
0 0.386000 0.534000 0.015625 0.015625
0 0.900000 0.534000 0.015625 0.015625
0 0.298000 0.536000 0.015625 0.015625
0 0.018000 0.540000 0.015625 0.015625
0 0.982000 0.546000 0.015625 0.015625
0 0.174000 0.560000 0.015625 0.015625
0 0.758000 0.560000 0.015625 0.015625
0 0.494000 0.568000 0.015625 0.015625
0 0.286000 0.570000 0.015625 0.015625
0 0.810000 0.578000 0.015625 0.015625
0 0.660000 0.580000 0.015625 0.015625
0 0.754000 0.590000 0.015625 0.015625
0 0.890000 0.620000 0.015625 0.015625
0 0.066000 0.630000 0.015625 0.015625
0 0.206000 0.642000 0.015625 0.015625
0 0.994000 0.644000 0.015625 0.015625
0 0.878000 0.646000 0.015625 0.015625
0 0.505000 0.656000 0.015625 0.015625
0 0.922000 0.700000 0.015625 0.015625
0 0.210000 0.706000 0.015625 0.015625
0 0.338000 0.718000 0.015625 0.015625
0 0.410000 0.722000 0.015625 0.015625
0 0.618000 0.726000 0.015625 0.015625
0 0.366000 0.742000 0.015625 0.015625
0 0.054000 0.750000 0.015625 0.015625
0 0.854000 0.754000 0.015625 0.015625
0 0.838000 0.770000 0.015625 0.015625
0 0.086000 0.790000 0.015625 0.015625
0 0.178000 0.798000 0.015625 0.015625
0 0.462000 0.810000 0.015625 0.015625
0 0.194000 0.822000 0.015625 0.015625
0 0.678000 0.828000 0.015625 0.015625
0 0.034000 0.840000 0.015625 0.015625
0 0.926000 0.840000 0.015625 0.015625
0 0.070000 0.842000 0.015625 0.015625
0 0.326000 0.846000 0.015625 0.015625
0 0.450000 0.846000 0.015625 0.015625
0 0.794000 0.870000 0.015625 0.015625
0 0.758000 0.872000 0.015625 0.015625
0 0.826000 0.876000 0.015625 0.015625
0 0.410000 0.882000 0.015625 0.015625
0 0.194000 0.896000 0.015625 0.015625
0 0.906000 0.904000 0.015625 0.015625
0 0.534000 0.906000 0.015625 0.015625
0 0.125176 0.839662 0.015625 0.015625
0 0.157525 0.960619 0.015625 0.015625
0 0.194093 0.973277 0.015625 0.015625
0 0.208158 0.985935 0.015625 0.015625
0 0.358650 0.985935 0.015625 0.015625
0 0.407876 0.926864 0.015625 0.015625
0 0.832630 0.909986 0.015625 0.015625
