0 0.460000 0.010000 0.015625 0.015625
0 0.826000 0.016000 0.015625 0.015625
0 0.320000 0.024000 0.015625 0.015625
0 0.674000 0.028000 0.015625 0.015625
0 0.860000 0.028000 0.015625 0.015625
0 0.044000 0.030000 0.015625 0.015625
0 0.174000 0.034000 0.015625 0.015625
0 0.556000 0.044000 0.015625 0.015625
0 0.170000 0.062000 0.015625 0.015625
0 0.632000 0.102000 0.015625 0.015625
0 0.584000 0.114000 0.015625 0.015625
0 0.918000 0.118000 0.015625 0.015625
0 0.452000 0.136000 0.015625 0.015625
0 0.180000 0.138000 0.015625 0.015625
0 0.228000 0.138000 0.015625 0.015625
0 0.814000 0.154000 0.015625 0.015625
0 0.326000 0.162000 0.015625 0.015625
0 0.746000 0.170000 0.015625 0.015625
0 0.104000 0.180000 0.015625 0.015625
0 0.598000 0.184000 0.015625 0.015625
0 0.898000 0.186000 0.015625 0.015625
0 0.382000 0.196000 0.015625 0.015625
0 0.960000 0.206000 0.015625 0.015625
0 0.758000 0.208000 0.015625 0.015625
0 0.670000 0.210000 0.015625 0.015625
0 0.518000 0.222000 0.015625 0.015625
0 0.716000 0.230000 0.015625 0.015625
0 0.602000 0.232000 0.015625 0.015625
0 0.370000 0.234000 0.015625 0.015625
0 0.466000 0.236000 0.015625 0.015625
0 0.954000 0.244000 0.015625 0.015625
0 0.180000 0.252000 0.015625 0.015625
0 0.446000 0.254000 0.015625 0.015625
0 0.500000 0.256000 0.015625 0.015625
0 0.750000 0.268000 0.015625 0.015625
0 0.354000 0.276000 0.015625 0.015625
0 0.064000 0.280000 0.015625 0.015625
0 0.266000 0.280000 0.015625 0.015625
0 0.790000 0.280000 0.015625 0.015625
0 0.934000 0.298000 0.015625 0.015625
0 0.766000 0.304000 0.015625 0.015625
0 0.720000 0.316000 0.015625 0.015625
0 0.642000 0.334000 0.015625 0.015625
0 0.402000 0.344000 0.015625 0.015625
0 0.206000 0.348000 0.015625 0.015625
0 0.492000 0.354000 0.015625 0.015625
0 0.180000 0.362000 0.015625 0.015625
0 0.972000 0.368000 0.015625 0.015625
0 0.806000 0.374000 0.015625 0.015625
0 0.528000 0.378000 0.015625 0.015625
0 0.704000 0.384000 0.015625 0.015625
0 0.478000 0.386000 0.015625 0.015625
0 0.018000 0.396000 0.015625 0.015625
0 0.134000 0.400000 0.015625 0.015625
0 0.766000 0.408000 0.015625 0.015625
0 0.694000 0.426000 0.015625 0.015625
0 0.062000 0.428000 0.015625 0.015625
0 0.428000 0.428000 0.015625 0.015625
0 0.034000 0.448000 0.015625 0.015625
0 0.550000 0.450000 0.015625 0.015625
0 0.978000 0.466000 0.015625 0.015625
0 0.626000 0.474000 0.015625 0.015625
0 0.158000 0.480000 0.015625 0.015625
0 0.394000 0.482000 0.015625 0.015625
0 0.880000 0.488000 0.015625 0.015625
0 0.338000 0.490000 0.015625 0.015625
0 0.022000 0.508000 0.015625 0.015625
0 0.501000 0.508000 0.015625 0.015625
0 0.834000 0.518000 0.015625 0.015625
0 0.874000 0.524000 0.015625 0.015625
0 0.734000 0.530000 0.015625 0.015625
0 0.384000 0.536000 0.015625 0.015625
0 0.660000 0.536000 0.015625 0.015625
0 0.166000 0.538000 0.015625 0.015625
0 0.246000 0.538000 0.015625 0.015625
0 0.070000 0.540000 0.015625 0.015625
0 0.505000 0.542000 0.015625 0.015625
0 0.330000 0.566000 0.015625 0.015625
0 0.826000 0.572000 0.015625 0.015625
0 0.630000 0.574000 0.015625 0.015625
0 0.350000 0.576000 0.015625 0.015625
0 0.780000 0.578000 0.015625 0.015625
0 0.520000 0.610000 0.015625 0.015625
0 0.010000 0.616000 0.015625 0.015625
0 0.206000 0.624000 0.015625 0.015625
0 0.800000 0.626000 0.015625 0.015625
0 0.674000 0.632000 0.015625 0.015625
0 0.034000 0.638000 0.015625 0.015625
0 0.882000 0.642000 0.015625 0.015625
0 0.214000 0.648000 0.015625 0.015625
0 0.160000 0.710000 0.015625 0.015625
0 0.858000 0.732000 0.015625 0.015625
0 0.382000 0.734000 0.015625 0.015625
0 0.616000 0.746000 0.015625 0.015625
0 0.954000 0.750000 0.015625 0.015625
0 0.342000 0.758000 0.015625 0.015625
0 0.422000 0.770000 0.015625 0.015625
0 0.442000 0.800000 0.015625 0.015625
0 0.550000 0.800000 0.015625 0.015625
0 0.308000 0.804000 0.015625 0.015625
0 0.718000 0.814000 0.015625 0.015625
0 0.034000 0.826000 0.015625 0.015625
0 0.094000 0.826000 0.015625 0.015625
0 0.346000 0.854000 0.015625 0.015625
0 0.254000 0.856000 0.015625 0.015625
0 0.894000 0.860000 0.015625 0.015625
0 0.750000 0.864000 0.015625 0.015625
0 0.062000 0.874000 0.015625 0.015625
0 0.793249 0.886076 0.015625 0.015625
0 0.817159 0.908579 0.015625 0.015625
0 0.876231 0.894515 0.015625 0.015625
0 0.905767 0.939522 0.015625 0.015625
0 0.950774 0.966245 0.015625 0.015625
0 0.717300 0.921238 0.015625 0.015625
0 0.569620 0.891702 0.015625 0.015625
0 0.450070 0.962025 0.015625 0.015625
0 0.402250 0.904360 0.015625 0.015625
0 0.345992 0.960619 0.015625 0.015625
0 0.199719 0.940928 0.015625 0.015625
0 0.195499 0.898734 0.015625 0.015625
0 0.153305 0.950774 0.015625 0.015625
0 0.654008 0.998594 0.015625 0.015625
0 0.315049 0.444444 0.015625 0.015625
0 0.939522 0.067511 0.015625 0.015625
