0 0.437500 0.018750 0.015625 0.015625
0 0.728125 0.028125 0.015625 0.015625
0 0.290625 0.043750 0.015625 0.015625
0 0.379688 0.043750 0.015625 0.015625
0 0.621875 0.046875 0.015625 0.015625
0 0.970313 0.053125 0.015625 0.015625
0 0.937500 0.059375 0.015625 0.015625
0 0.776563 0.078125 0.015625 0.015625
0 0.631250 0.087500 0.015625 0.015625
0 0.871875 0.087500 0.015625 0.015625
0 0.128125 0.121875 0.015625 0.015625
0 0.839063 0.137500 0.015625 0.015625
0 0.689063 0.151563 0.015625 0.015625
0 0.239063 0.156250 0.015625 0.015625
0 0.054688 0.160938 0.015625 0.015625
0 0.621875 0.176563 0.015625 0.015625
0 0.439063 0.178125 0.015625 0.015625
0 0.989063 0.178125 0.015625 0.015625
0 0.859375 0.207813 0.015625 0.015625
0 0.604688 0.210938 0.015625 0.015625
0 0.051563 0.221875 0.015625 0.015625
0 0.478125 0.225000 0.015625 0.015625
0 0.407813 0.226563 0.015625 0.015625
0 0.362500 0.228125 0.015625 0.015625
0 0.378125 0.234375 0.015625 0.015625
0 0.153125 0.239063 0.015625 0.015625
0 0.239063 0.256250 0.015625 0.015625
0 0.317188 0.257813 0.015625 0.015625
0 0.910938 0.265625 0.015625 0.015625
0 0.706250 0.268750 0.015625 0.015625
0 0.660938 0.273438 0.015625 0.015625
0 0.932813 0.282813 0.015625 0.015625
0 0.500000 0.290625 0.015625 0.015625
0 0.046875 0.307813 0.015625 0.015625
0 0.745313 0.310938 0.015625 0.015625
0 0.781250 0.310938 0.015625 0.015625
0 0.184375 0.342188 0.015625 0.015625
0 0.703125 0.345313 0.015625 0.015625
0 0.790625 0.354688 0.015625 0.015625
0 0.973438 0.368750 0.015625 0.015625
0 0.426563 0.370313 0.015625 0.015625
0 0.098438 0.371875 0.015625 0.015625
0 0.660938 0.375000 0.015625 0.015625
0 0.557813 0.378125 0.015625 0.015625
0 0.156250 0.387500 0.015625 0.015625
0 0.057813 0.414063 0.015625 0.015625
0 0.567188 0.425000 0.015625 0.015625
0 0.446875 0.428125 0.015625 0.015625
0 0.425000 0.434375 0.015625 0.015625
0 0.685938 0.435938 0.015625 0.015625
0 0.320313 0.439063 0.015625 0.015625
0 0.020313 0.445313 0.015625 0.015625
0 0.610938 0.445313 0.015625 0.015625
0 0.987500 0.446875 0.015625 0.015625
0 0.754688 0.448438 0.015625 0.015625
0 0.350000 0.457813 0.015625 0.015625
0 0.987500 0.470313 0.015625 0.015625
0 0.173438 0.478125 0.015625 0.015625
0 0.667188 0.489063 0.015625 0.015625
0 0.881250 0.490625 0.015625 0.015625
0 0.028125 0.495313 0.015625 0.015625
0 0.893750 0.503125 0.015625 0.015625
0 0.875000 0.525000 0.015625 0.015625
0 0.506250 0.528125 0.015625 0.015625
0 0.300000 0.532813 0.015625 0.015625
0 0.014063 0.535938 0.015625 0.015625
0 0.395313 0.539063 0.015625 0.015625
0 0.795313 0.550000 0.015625 0.015625
0 0.295313 0.564063 0.015625 0.015625
0 0.762500 0.564063 0.015625 0.015625
0 0.981250 0.565625 0.015625 0.015625
0 0.501563 0.568750 0.015625 0.015625
0 0.145313 0.573438 0.015625 0.015625
0 0.654688 0.576563 0.015625 0.015625
0 0.782813 0.592188 0.015625 0.015625
0 0.684375 0.600000 0.015625 0.015625
0 0.878125 0.621875 0.015625 0.015625
0 0.760938 0.626563 0.015625 0.015625
0 0.206250 0.640625 0.015625 0.015625
0 0.878125 0.650000 0.015625 0.015625
0 0.531250 0.654688 0.015625 0.015625
0 0.995313 0.656250 0.015625 0.015625
0 0.218750 0.696875 0.015625 0.015625
0 0.935938 0.709375 0.015625 0.015625
0 0.654688 0.718750 0.015625 0.015625
0 0.326563 0.725000 0.015625 0.015625
0 0.367188 0.742188 0.015625 0.015625
0 0.035938 0.746875 0.015625 0.015625
0 0.859375 0.750000 0.015625 0.015625
0 0.409375 0.754688 0.015625 0.015625
0 0.454688 0.806250 0.015625 0.015625
0 0.731250 0.818750 0.015625 0.015625
0 0.173438 0.821875 0.015625 0.015625
0 0.067188 0.828125 0.015625 0.015625
0 0.046875 0.837500 0.015625 0.015625
0 0.095313 0.837500 0.015625 0.015625
0 0.454688 0.839063 0.015625 0.015625
0 0.139063 0.839063 0.015625 0.015625
0 0.326563 0.846875 0.015625 0.015625
0 0.800000 0.871875 0.015625 0.015625
0 0.821875 0.873438 0.015625 0.015625
0 0.787500 0.878125 0.015625 0.015625
0 0.950000 0.881250 0.015625 0.015625
0 0.406250 0.892188 0.015625 0.015625
0 0.909375 0.893750 0.015625 0.015625
0 0.192188 0.900000 0.015625 0.015625
0 0.539063 0.907813 0.015625 0.015625
0 0.835938 0.909375 0.015625 0.015625
0 0.336146 0.942335 0.015625 0.015625
0 0.405063 0.931083 0.015625 0.015625
0 0.672293 0.987342 0.015625 0.015625
0 0.962025 0.946554 0.015625 0.015625
0 0.182841 0.978903 0.015625 0.015625
0 0.153305 0.946554 0.015625 0.015625
0 0.181435 0.032349 0.015625 0.015625
0 0.077356 0.090014 0.015625 0.015625
0 0.938115 0.094233 0.015625 0.015625
