0 0.356000 0.008000 0.015625 0.015625
0 0.460000 0.018000 0.015625 0.015625
0 0.080000 0.023000 0.015625 0.015625
0 0.203000 0.026000 0.015625 0.015625
0 0.542000 0.026000 0.015625 0.015625
0 0.798000 0.030000 0.015625 0.015625
0 0.492000 0.032000 0.015625 0.015625
0 0.938000 0.040000 0.015625 0.015625
0 0.828000 0.076000 0.015625 0.015625
0 0.538000 0.106000 0.015625 0.015625
0 0.886000 0.114000 0.015625 0.015625
0 0.024000 0.126000 0.015625 0.015625
0 0.627000 0.126000 0.015625 0.015625
0 0.268000 0.150000 0.015625 0.015625
0 0.970000 0.150000 0.015625 0.015625
0 0.108000 0.152000 0.015625 0.015625
0 0.330000 0.154000 0.015625 0.015625
0 0.612000 0.158000 0.015625 0.015625
0 0.855000 0.170000 0.015625 0.015625
0 0.805000 0.186000 0.015625 0.015625
0 0.142000 0.228000 0.015625 0.015625
0 0.380000 0.232000 0.015625 0.015625
0 0.919000 0.236000 0.015625 0.015625
0 0.674000 0.238000 0.015625 0.015625
0 0.606000 0.240000 0.015625 0.015625
0 0.834000 0.240000 0.015625 0.015625
0 0.022000 0.246000 0.015625 0.015625
0 0.466000 0.258000 0.015625 0.015625
0 0.274000 0.266000 0.015625 0.015625
0 0.534000 0.270000 0.015625 0.015625
0 0.706000 0.274000 0.015625 0.015625
0 0.408000 0.278000 0.015625 0.015625
0 0.933000 0.286000 0.015625 0.015625
0 0.027000 0.305000 0.015625 0.015625
0 0.408000 0.308000 0.015625 0.015625
0 0.702000 0.310000 0.015625 0.015625
0 0.227000 0.327000 0.015625 0.015625
0 0.774000 0.327000 0.015625 0.015625
0 0.505000 0.330000 0.015625 0.015625
0 0.305000 0.333000 0.015625 0.015625
0 0.350000 0.334000 0.015625 0.015625
0 0.746000 0.340000 0.015625 0.015625
0 0.152000 0.346000 0.015625 0.015625
0 0.638000 0.346000 0.015625 0.015625
0 0.486000 0.348000 0.015625 0.015625
0 0.190000 0.362000 0.015625 0.015625
0 0.546000 0.394000 0.015625 0.015625
0 0.294000 0.396000 0.015625 0.015625
0 0.970000 0.414000 0.015625 0.015625
0 0.022000 0.424000 0.015625 0.015625
0 0.683000 0.438000 0.015625 0.015625
0 0.722000 0.442000 0.015625 0.015625
0 0.946000 0.446000 0.015625 0.015625
0 0.646000 0.456000 0.015625 0.015625
0 0.106000 0.458000 0.015625 0.015625
0 0.070000 0.464000 0.015625 0.015625
0 0.150000 0.467000 0.015625 0.015625
0 0.374000 0.469000 0.015625 0.015625
0 0.314000 0.477000 0.015625 0.015625
0 0.505000 0.482000 0.015625 0.015625
0 0.606000 0.488000 0.015625 0.015625
0 0.470000 0.514000 0.015625 0.015625
0 0.870000 0.522000 0.015625 0.015625
0 0.946000 0.524000 0.015625 0.015625
0 0.786000 0.528000 0.015625 0.015625
0 0.306000 0.533000 0.015625 0.015625
0 0.384000 0.536000 0.015625 0.015625
0 0.520000 0.536000 0.015625 0.015625
0 0.078000 0.550000 0.015625 0.015625
0 0.900000 0.550000 0.015625 0.015625
0 0.270000 0.555000 0.015625 0.015625
0 0.706000 0.563000 0.015625 0.015625
0 0.194000 0.564000 0.015625 0.015625
0 0.034000 0.569000 0.015625 0.015625
0 0.772000 0.594000 0.015625 0.015625
0 0.741000 0.598000 0.015625 0.015625
0 0.624000 0.614000 0.015625 0.015625
0 0.211000 0.620000 0.015625 0.015625
0 0.874000 0.646000 0.015625 0.015625
0 0.214000 0.655000 0.015625 0.015625
0 0.480000 0.664000 0.015625 0.015625
0 0.910000 0.672000 0.015625 0.015625
0 0.178000 0.700000 0.015625 0.015625
0 0.820000 0.710000 0.015625 0.015625
0 0.858000 0.732000 0.015625 0.015625
0 0.348000 0.736000 0.015625 0.015625
0 0.396000 0.744000 0.015625 0.015625
0 0.080000 0.746000 0.015625 0.015625
0 0.178000 0.769000 0.015625 0.015625
0 0.677000 0.769000 0.015625 0.015625
0 0.055000 0.780000 0.015625 0.015625
0 0.727000 0.791000 0.015625 0.015625
0 0.206000 0.798000 0.015625 0.015625
0 0.460000 0.810000 0.015625 0.015625
0 0.134000 0.814000 0.015625 0.015625
0 0.960000 0.820000 0.015625 0.015625
0 0.319000 0.856000 0.015625 0.015625
0 0.527000 0.863000 0.015625 0.015625
0 0.794000 0.883000 0.015625 0.015625
0 0.410000 0.891000 0.015625 0.015625
0 0.548000 0.894000 0.015625 0.015625
0 0.906000 0.898000 0.015625 0.015625
0 0.860000 0.900000 0.015625 0.015625
0 0.810000 0.944000 0.015625 0.015625
0 0.166000 0.946000 0.015625 0.015625
0 0.282000 0.954000 0.015625 0.015625
0 0.420000 0.958000 0.015625 0.015625
0 0.590000 0.980000 0.015625 0.015625
0 0.656821 0.974684 0.015625 0.015625
0 0.856540 0.974684 0.015625 0.015625
0 0.902954 0.983122 0.015625 0.015625
0 0.801688 0.286920 0.015625 0.015625
0 0.746835 0.057665 0.015625 0.015625
0 0.609001 0.098453 0.015625 0.015625
