0 0.877000 0.010000 0.015625 0.015625
0 0.456000 0.013000 0.015625 0.015625
0 0.197000 0.028000 0.015625 0.015625
0 0.946000 0.035000 0.015625 0.015625
0 0.505000 0.039000 0.015625 0.015625
0 0.727000 0.039000 0.015625 0.015625
0 0.329000 0.042000 0.015625 0.015625
0 0.766000 0.051000 0.015625 0.015625
0 0.850000 0.077000 0.015625 0.015625
0 0.991000 0.077000 0.015625 0.015625
0 0.127000 0.109000 0.015625 0.015625
0 0.636000 0.119000 0.015625 0.015625
0 0.834000 0.137000 0.015625 0.015625
0 0.550000 0.141000 0.015625 0.015625
0 0.970000 0.153000 0.015625 0.015625
0 0.262000 0.159000 0.015625 0.015625
0 0.630000 0.169000 0.015625 0.015625
0 0.666000 0.179000 0.015625 0.015625
0 0.354000 0.185000 0.015625 0.015625
0 0.838000 0.185000 0.015625 0.015625
0 0.018000 0.201000 0.015625 0.015625
0 0.390000 0.201000 0.015625 0.015625
0 0.950000 0.205000 0.015625 0.015625
0 0.748000 0.213000 0.015625 0.015625
0 0.438000 0.215000 0.015625 0.015625
0 0.610000 0.225000 0.015625 0.015625
0 0.134000 0.227000 0.015625 0.015625
0 0.370000 0.231000 0.015625 0.015625
0 0.054000 0.239000 0.015625 0.015625
0 0.546000 0.245000 0.015625 0.015625
0 0.470000 0.249000 0.015625 0.015625
0 0.260000 0.251000 0.015625 0.015625
0 0.654000 0.253000 0.015625 0.015625
0 0.678000 0.269000 0.015625 0.015625
0 0.714000 0.275000 0.015625 0.015625
0 0.926000 0.283000 0.015625 0.015625
0 0.486000 0.289000 0.015625 0.015625
0 0.022000 0.309000 0.015625 0.015625
0 0.230000 0.321000 0.015625 0.015625
0 0.150000 0.333000 0.015625 0.015625
0 0.460000 0.347000 0.015625 0.015625
0 0.498000 0.357000 0.015625 0.015625
0 0.760000 0.359000 0.015625 0.015625
0 0.414000 0.369000 0.015625 0.015625
0 0.626000 0.371000 0.015625 0.015625
0 0.970000 0.371000 0.015625 0.015625
0 0.338000 0.389000 0.015625 0.015625
0 0.086000 0.408000 0.015625 0.015625
0 0.298000 0.409000 0.015625 0.015625
0 0.534000 0.429000 0.015625 0.015625
0 0.674000 0.437000 0.015625 0.015625
0 0.110000 0.440000 0.015625 0.015625
0 0.642000 0.445000 0.015625 0.015625
0 0.738000 0.451000 0.015625 0.015625
0 0.326000 0.459000 0.015625 0.015625
0 0.954000 0.463000 0.015625 0.015625
0 0.146000 0.483000 0.015625 0.015625
0 0.426000 0.483000 0.015625 0.015625
0 0.558000 0.489000 0.015625 0.015625
0 0.626000 0.500000 0.015625 0.015625
0 0.920000 0.513000 0.015625 0.015625
0 0.086000 0.521000 0.015625 0.015625
0 0.886000 0.521000 0.015625 0.015625
0 0.478000 0.529000 0.015625 0.015625
0 0.180000 0.535000 0.015625 0.015625
0 0.386000 0.535000 0.015625 0.015625
0 0.022000 0.537000 0.015625 0.015625
0 0.518000 0.537000 0.015625 0.015625
0 0.886000 0.547000 0.015625 0.015625
0 0.286000 0.549000 0.015625 0.015625
0 0.266000 0.553000 0.015625 0.015625
0 0.658000 0.565000 0.015625 0.015625
0 0.748000 0.565000 0.015625 0.015625
0 0.054000 0.583000 0.015625 0.015625
0 0.646000 0.599000 0.015625 0.015625
0 0.778000 0.605000 0.015625 0.015625
0 0.894000 0.629000 0.015625 0.015625
0 0.980000 0.635000 0.015625 0.015625
0 0.206000 0.645000 0.015625 0.015625
0 0.882000 0.645000 0.015625 0.015625
0 0.494000 0.657000 0.015625 0.015625
0 0.918000 0.685000 0.015625 0.015625
0 0.194000 0.711000 0.015625 0.015625
0 0.354000 0.721000 0.015625 0.015625
0 0.470000 0.729000 0.015625 0.015625
0 0.814000 0.745000 0.015625 0.015625
0 0.070000 0.751000 0.015625 0.015625
0 0.846000 0.751000 0.015625 0.015625
0 0.614000 0.767000 0.015625 0.015625
0 0.650000 0.779000 0.015625 0.015625
0 0.186000 0.783000 0.015625 0.015625
0 0.066000 0.789000 0.015625 0.015625
0 0.460000 0.807000 0.015625 0.015625
0 0.194000 0.813000 0.015625 0.015625
0 0.930000 0.823000 0.015625 0.015625
0 0.110000 0.829000 0.015625 0.015625
0 0.322000 0.849000 0.015625 0.015625
0 0.706000 0.875000 0.015625 0.015625
0 0.846000 0.875000 0.015625 0.015625
0 0.782000 0.877000 0.015625 0.015625
0 0.414000 0.885000 0.015625 0.015625
0 0.550000 0.893000 0.015625 0.015625
0 0.198000 0.895000 0.015625 0.015625
0 0.890000 0.905000 0.015625 0.015625
0 0.826000 0.907000 0.015625 0.015625
0 0.730000 0.909000 0.015625 0.015625
0 0.426000 0.931000 0.015625 0.015625
0 0.522000 0.941000 0.015625 0.015625
0 0.021097 0.094233 0.015625 0.015625
0 0.866385 0.977496 0.015625 0.015625
0 0.893108 0.985935 0.015625 0.015625
0 0.206751 0.974684 0.015625 0.015625
0 0.172996 0.963432 0.015625 0.015625
