0 0.855000 0.010000 0.015625 0.015625
0 0.457000 0.011000 0.015625 0.015625
0 0.317000 0.014000 0.015625 0.015625
0 0.553000 0.017000 0.015625 0.015625
0 0.905000 0.027000 0.015625 0.015625
0 0.163000 0.045000 0.015625 0.015625
0 0.955000 0.090000 0.015625 0.015625
0 0.448000 0.105000 0.015625 0.015625
0 0.881000 0.114000 0.015625 0.015625
0 0.670000 0.140000 0.015625 0.015625
0 0.236000 0.155000 0.015625 0.015625
0 0.790000 0.165000 0.015625 0.015625
0 0.990000 0.173000 0.015625 0.015625
0 0.421000 0.174000 0.015625 0.015625
0 0.638000 0.176000 0.015625 0.015625
0 0.290000 0.178000 0.015625 0.015625
0 0.590000 0.188000 0.015625 0.015625
0 0.810000 0.194000 0.015625 0.015625
0 0.610000 0.206000 0.015625 0.015625
0 0.418000 0.208000 0.015625 0.015625
0 0.898000 0.210000 0.015625 0.015625
0 0.186000 0.214000 0.015625 0.015625
0 0.730000 0.223000 0.015625 0.015625
0 0.458000 0.228000 0.015625 0.015625
0 0.366000 0.237000 0.015625 0.015625
0 0.709000 0.239000 0.015625 0.015625
0 0.058000 0.246000 0.015625 0.015625
0 0.752000 0.254000 0.015625 0.015625
0 0.244000 0.256000 0.015625 0.015625
0 0.488000 0.262000 0.015625 0.015625
0 0.264000 0.284000 0.015625 0.015625
0 0.822000 0.286000 0.015625 0.015625
0 0.946000 0.286000 0.015625 0.015625
0 0.874000 0.296000 0.015625 0.015625
0 0.600000 0.344000 0.015625 0.015625
0 0.530000 0.350000 0.015625 0.015625
0 0.172000 0.354000 0.015625 0.015625
0 0.406000 0.360000 0.015625 0.015625
0 0.960000 0.374000 0.015625 0.015625
0 0.644000 0.376000 0.015625 0.015625
0 0.434000 0.378000 0.015625 0.015625
0 0.740000 0.382000 0.015625 0.015625
0 0.172000 0.414000 0.015625 0.015625
0 0.646000 0.414000 0.015625 0.015625
0 0.036000 0.416000 0.015625 0.015625
0 0.670000 0.430000 0.015625 0.015625
0 0.760000 0.430000 0.015625 0.015625
0 0.386000 0.434000 0.015625 0.015625
0 0.358000 0.436000 0.015625 0.015625
0 0.118000 0.438000 0.015625 0.015625
0 0.042000 0.446000 0.015625 0.015625
0 0.514000 0.450000 0.015625 0.015625
0 0.620000 0.450000 0.015625 0.015625
0 0.704000 0.454000 0.015625 0.015625
0 0.872000 0.458000 0.015625 0.015625
0 0.988000 0.464000 0.015625 0.015625
0 0.214000 0.470000 0.015625 0.015625
0 0.366000 0.480000 0.015625 0.015625
0 0.076000 0.490000 0.015625 0.015625
0 0.620000 0.498000 0.015625 0.015625
0 0.722000 0.506000 0.015625 0.015625
0 0.866000 0.522000 0.015625 0.015625
0 0.394000 0.530000 0.015625 0.015625
0 0.866000 0.538000 0.015625 0.015625
0 0.514000 0.540000 0.015625 0.015625
0 0.146000 0.542000 0.015625 0.015625
0 0.070000 0.548000 0.015625 0.015625
0 0.290000 0.550000 0.015625 0.015625
0 0.868000 0.556000 0.015625 0.015625
0 0.462000 0.562000 0.015625 0.015625
0 0.744000 0.576000 0.015625 0.015625
0 0.674000 0.584000 0.015625 0.015625
0 0.990000 0.590000 0.015625 0.015625
0 0.794000 0.600000 0.015625 0.015625
0 0.360000 0.610000 0.015625 0.015625
0 0.840000 0.614000 0.015625 0.015625
0 0.014000 0.622000 0.015625 0.015625
0 0.210000 0.622000 0.015625 0.015625
0 0.606000 0.636000 0.015625 0.015625
0 0.534000 0.642000 0.015625 0.015625
0 0.214000 0.646000 0.015625 0.015625
0 0.880000 0.648000 0.015625 0.015625
0 0.222000 0.686000 0.015625 0.015625
0 0.400000 0.710000 0.015625 0.015625
0 0.354000 0.726000 0.015625 0.015625
0 0.650000 0.728000 0.015625 0.015625
0 0.868000 0.746000 0.015625 0.015625
0 0.698000 0.774000 0.015625 0.015625
0 0.902000 0.776000 0.015625 0.015625
0 0.306000 0.778000 0.015625 0.015625
0 0.166000 0.784000 0.015625 0.015625
0 0.204000 0.796000 0.015625 0.015625
0 0.122000 0.806000 0.015625 0.015625
0 0.454000 0.808000 0.015625 0.015625
0 0.990000 0.810000 0.015625 0.015625
0 0.766000 0.836000 0.015625 0.015625
0 0.870000 0.842000 0.015625 0.015625
0 0.326000 0.850000 0.015625 0.015625
0 0.780000 0.858000 0.015625 0.015625
0 0.778000 0.882000 0.015625 0.015625
0 0.560000 0.906000 0.015625 0.015625
0 0.834000 0.910000 0.015625 0.015625
0 0.918000 0.920000 0.015625 0.015625
0 0.754000 0.924000 0.015625 0.015625
0 0.520000 0.942000 0.015625 0.015625
0 0.204000 0.948000 0.015625 0.015625
0 0.166000 0.950000 0.015625 0.015625
0 0.404000 0.958000 0.015625 0.015625
