0 0.444925 0.123054 0.013456 0.013397
0 0.525058 0.349225 0.013171 0.013014
0 0.706060 0.680460 0.012339 0.012144
0 0.522159 0.097807 0.012318 0.012186
0 0.749110 0.618229 0.013350 0.013077
0 0.881890 0.504821 0.013417 0.013355
0 0.162895 0.130094 0.013008 0.012732
0 0.141957 0.179340 0.013553 0.013401
0 0.593235 0.496709 0.014024 0.013929
0 0.413603 0.323707 0.012912 0.012919
0 0.279616 0.033109 0.012878 0.012530
0 0.889197 0.759339 0.012236 0.012010
0 0.363962 0.055697 0.011340 0.011124
0 0.547985 0.369410 0.013020 0.012807
0 0.519669 0.446795 0.012625 0.012485
0 0.222335 0.470472 0.013146 0.013118
0 0.503067 0.606247 0.014439 0.014460
0 0.037989 0.959276 0.013162 0.013013
0 0.429399 0.484610 0.014496 0.014326
0 0.433188 0.372225 0.012264 0.012158
0 0.753339 0.078350 0.011675 0.011570
0 0.946436 0.565254 0.013158 0.013349
0 0.947094 0.219380 0.012191 0.011886
0 0.855531 0.644738 0.012394 0.012295
0 0.531550 0.480881 0.012136 0.011759
0 0.568286 0.693762 0.012980 0.012944
0 0.117577 0.359233 0.013580 0.013627
0 0.833894 0.622516 0.013614 0.013354
0 0.238148 0.566795 0.012705 0.012747
0 0.919860 0.757126 0.013046 0.012871
0 0.985048 0.719277 0.012654 0.012500
0 0.622277 0.279424 0.012772 0.012948
0 0.458334 0.961786 0.013113 0.013010
0 0.069270 0.182333 0.014030 0.013891
0 0.654436 0.866940 0.012460 0.012413
0 0.365607 0.536517 0.012148 0.012138
0 0.109713 0.980671 0.013403 0.013498
0 0.429387 0.573727 0.011365 0.011402
0 0.256168 0.221105 0.013784 0.014060
0 0.320009 0.303019 0.011838 0.011533
0 0.435672 0.344168 0.011920 0.011889
0 0.763004 0.901060 0.013469 0.013295
0 0.332348 0.518732 0.012562 0.012401
0 0.703702 0.517279 0.012449 0.012427
0 0.594676 0.221711 0.012344 0.012034
0 0.841474 0.767032 0.012251 0.012202
0 0.534592 0.626011 0.020177 0.019911
0 0.869831 0.184817 0.013309 0.012920
0 0.284020 0.807478 0.013276 0.013347
0 0.416953 0.638125 0.012560 0.012704
0 0.489676 0.830306 0.012311 0.012352
0 0.611064 0.017065 0.012110 0.012016
0 0.475944 0.994687 0.013180 0.010626
0 0.120739 0.314980 0.013486 0.013322
0 0.471571 0.011900 0.012127 0.012062
0 0.030606 0.825451 0.010550 0.010492
0 0.559032 0.383987 0.011554 0.011678
0 0.641951 0.327583 0.011581 0.011227
0 0.179472 0.612907 0.013926 0.013703
0 0.494598 0.544222 0.013810 0.013847
0 0.037017 0.692371 0.012257 0.012230
0 0.339673 0.076144 0.012461 0.012396
0 0.108321 0.411496 0.011701 0.011531
0 0.386140 0.757532 0.013381 0.013401
0 0.884025 0.365630 0.013162 0.013321
0 0.156296 0.472153 0.011535 0.011578
0 0.541085 0.973925 0.012219 0.012021
0 0.744002 0.291446 0.012188 0.012417
0 0.012860 0.733213 0.011388 0.011400
0 0.420939 0.832363 0.011370 0.011125
0 0.508745 0.162872 0.013111 0.013249
0 0.602095 0.619907 0.011758 0.011805
0 0.440917 0.059311 0.011435 0.011509
0 0.714125 0.979929 0.012749 0.012754
0 0.869116 0.989830 0.012227 0.012133
0 0.304819 0.249107 0.011399 0.011521
0 0.228884 0.241796 0.012685 0.012710
0 0.472586 0.111343 0.011274 0.011046
0 0.830678 0.028513 0.012868 0.013073
0 0.858976 0.316635 0.014088 0.014269
0 0.199058 0.723290 0.010915 0.010898
0 0.226717 0.013694 0.012414 0.012564
0 0.016112 0.120771 0.012586 0.012605
0 0.225510 0.651497 0.012747 0.012334
0 0.724381 0.618955 0.014571 0.014293
0 0.634403 0.686108 0.012881 0.013209
0 0.283961 0.689622 0.012348 0.012369
0 0.971245 0.337280 0.011951 0.012287
0 0.185901 0.891915 0.012542 0.012607
0 0.788422 0.005372 0.012607 0.010743
0 0.274421 0.762483 0.011921 0.011675
0 0.291529 0.396202 0.011709 0.011721
0 0.025922 0.573275 0.012296 0.012435
0 0.849700 0.710999 0.023761 0.023898
0 0.563558 0.048726 0.012905 0.012745
0 0.305623 0.790367 0.012300 0.012303
0 0.682179 0.048116 0.011857 0.011931
0 0.400096 0.570082 0.011266 0.010984
0 0.383676 0.998218 0.011183 0.003553
0 0.441308 0.827163 0.012280 0.012292
0 0.272056 0.117451 0.012509 0.012394
0 0.257233 0.252140 0.014501 0.014592
0 0.274748 0.270461 0.011122 0.011055
0 0.290588 0.998357 0.011647 0.003286
