0 0.035455 0.902776 0.012891 0.012771
0 0.860305 0.663280 0.013171 0.012773
0 0.749730 0.615029 0.012431 0.012002
0 0.247300 0.619899 0.012126 0.012063
0 0.524862 0.346937 0.012678 0.012493
0 0.315345 0.051340 0.011836 0.011605
0 0.100822 0.900382 0.013389 0.013480
0 0.388361 0.446863 0.012590 0.012410
0 0.187621 0.889493 0.012978 0.012952
0 0.127807 0.629766 0.012874 0.012867
0 0.651876 0.385540 0.011779 0.011785
0 0.095293 0.067140 0.012347 0.012277
0 0.231056 0.839024 0.011895 0.011918
0 0.654147 0.969174 0.012950 0.012770
0 0.864313 0.324293 0.012627 0.012567
0 0.162590 0.059352 0.011711 0.011690
0 0.394076 0.163548 0.011758 0.011904
0 0.458418 0.958497 0.011928 0.011875
0 0.026169 0.761263 0.012394 0.012484
0 0.202394 0.205306 0.011865 0.012000
0 0.677376 0.871527 0.011433 0.011290
0 0.572428 0.631838 0.013124 0.013084
0 0.939439 0.650257 0.011426 0.011214
0 0.225532 0.717636 0.012429 0.012443
0 0.406158 0.728323 0.012488 0.012316
0 0.474298 0.557890 0.011738 0.011523
0 0.226148 0.650221 0.012292 0.012052
0 0.198098 0.103754 0.011653 0.011535
0 0.138425 0.397468 0.011308 0.011283
0 0.092282 0.692939 0.012147 0.012073
0 0.160332 0.982274 0.012716 0.012830
0 0.425742 0.552276 0.012539 0.012941
0 0.916650 0.376404 0.011436 0.011339
0 0.110416 0.979493 0.013300 0.013296
0 0.731545 0.609289 0.011419 0.011341
0 0.045851 0.507158 0.013524 0.013634
0 0.250917 0.406938 0.013117 0.013164
0 0.339923 0.222570 0.012633 0.012469
0 0.247738 0.389800 0.012272 0.012117
0 0.637888 0.786914 0.011341 0.011250
0 0.775766 0.366191 0.010696 0.010766
0 0.848440 0.719154 0.020736 0.020253
0 0.710055 0.992622 0.013523 0.013593
0 0.543020 0.973712 0.011727 0.011557
0 0.719399 0.317381 0.011066 0.010962
0 0.227955 0.622627 0.011309 0.011261
0 0.134686 0.843322 0.012934 0.013125
0 0.541801 0.934787 0.012925 0.012654
0 0.053197 0.351643 0.012696 0.012425
0 0.098105 0.127218 0.012704 0.012665
0 0.344629 0.421630 0.013428 0.013545
0 0.527991 0.633360 0.012849 0.012714
0 0.398943 0.847204 0.012082 0.011919
0 0.063396 0.278877 0.011871 0.012023
0 0.465498 0.703328 0.011076 0.011025
0 0.037472 0.206081 0.011421 0.011399
0 0.067711 0.453935 0.012308 0.012318
0 0.224095 0.466813 0.012302 0.012257
0 0.274783 0.692325 0.012169 0.012231
0 0.417507 0.397589 0.012506 0.012360
0 0.397958 0.143114 0.011577 0.011580
0 0.681303 0.008558 0.012098 0.012222
0 0.756985 0.567557 0.012097 0.012000
0 0.516323 0.897611 0.012111 0.012070
0 0.389867 0.881503 0.011115 0.010990
0 0.201448 0.817252 0.011718 0.011741
0 0.312605 0.094586 0.011748 0.011376
0 0.709441 0.788766 0.011994 0.012080
0 0.080310 0.507058 0.011485 0.011702
0 0.344847 0.297689 0.022172 0.022216
0 0.401878 0.702401 0.008774 0.008761
0 0.270795 0.647168 0.012024 0.012342
0 0.331684 0.517484 0.010654 0.010579
0 0.670389 0.190235 0.015329 0.015487
0 0.388281 0.219059 0.012702 0.013367
0 0.511730 0.719972 0.010427 0.009996
0 0.552676 0.787380 0.009687 0.009408
0 0.448882 0.213500 0.015989 0.016017
