0 0.749572 0.616356 0.013831 0.013665
0 0.252088 0.285931 0.012684 0.012704
0 0.440681 0.433903 0.012335 0.012077
0 0.069396 0.288988 0.013014 0.012761
0 0.454679 0.355918 0.010880 0.010783
0 0.624337 0.772043 0.011778 0.011824
0 0.128398 0.613352 0.012578 0.012547
0 0.250937 0.433835 0.012328 0.012029
0 0.924036 0.380923 0.013268 0.013308
0 0.187301 0.889705 0.013315 0.013262
0 0.531384 0.320470 0.011957 0.011985
0 0.708025 0.489910 0.012716 0.012710
0 0.430916 0.275932 0.012456 0.012275
0 0.202277 0.850488 0.012592 0.012572
0 0.214886 0.569112 0.013794 0.013641
0 0.139608 0.300024 0.012375 0.012289
0 0.295860 0.154080 0.012427 0.012514
0 0.717844 0.441866 0.009892 0.009759
0 0.166675 0.712000 0.013376 0.013477
0 0.490537 0.819495 0.012266 0.012209
0 0.137983 0.441471 0.013746 0.013601
0 0.450652 0.956192 0.013353 0.013318
0 0.691532 0.316832 0.012868 0.012971
0 0.933888 0.586560 0.011943 0.011947
0 0.331959 0.517709 0.012112 0.012336
0 0.166198 0.136806 0.012685 0.012613
0 0.227644 0.364830 0.013533 0.013601
0 0.434706 0.311731 0.012388 0.012311
0 0.051521 0.398142 0.011922 0.012150
0 0.110824 0.979948 0.013612 0.013615
0 0.773174 0.379306 0.012041 0.011924
0 0.175639 0.506233 0.013368 0.013434
0 0.574446 0.294251 0.011855 0.011631
0 0.074238 0.630239 0.012633 0.012410
0 0.386426 0.030420 0.013747 0.013804
0 0.524314 0.346993 0.013399 0.013154
0 0.874700 0.497552 0.013517 0.013553
0 0.955098 0.722481 0.012478 0.012263
0 0.265257 0.711483 0.011743 0.011573
0 0.192727 0.098209 0.012707 0.012851
0 0.724020 0.912927 0.011971 0.011964
0 0.451191 0.542280 0.013625 0.013697
0 0.225520 0.649869 0.012613 0.012138
0 0.929447 0.766702 0.012643 0.012605
0 0.104293 0.728021 0.013398 0.013484
0 0.378532 0.184325 0.011742 0.011788
0 0.660847 0.330476 0.011780 0.011580
0 0.344172 0.296118 0.022996 0.022773
0 0.445088 0.214262 0.011189 0.011465
0 0.535037 0.505253 0.010608 0.010663
0 0.697020 0.818073 0.013493 0.013682
0 0.059249 0.571012 0.014639 0.014360
0 0.128811 0.570927 0.013608 0.013531
0 0.797177 0.120752 0.012256 0.012125
0 0.742686 0.065649 0.012046 0.012090
0 0.050577 0.117539 0.011132 0.011231
0 0.344515 0.843575 0.010670 0.010725
0 0.087609 0.666951 0.011372 0.011374
0 0.025781 0.489452 0.011538 0.011617
0 0.627499 0.372981 0.011659 0.011528
0 0.461970 0.067102 0.011892 0.011820
0 0.529904 0.637221 0.022641 0.022857
0 0.543303 0.970952 0.013014 0.012650
0 0.261082 0.460379 0.013759 0.013960
0 0.003510 0.587313 0.007007 0.013734
0 0.908894 0.303055 0.009977 0.010017
0 0.397028 0.189451 0.012878 0.012754
0 0.587779 0.711401 0.011826 0.011576
0 0.847701 0.717611 0.020723 0.020495
0 0.431006 0.684451 0.012857 0.012698
0 0.626673 0.114836 0.011798 0.012029
0 0.398892 0.407679 0.013624 0.013484
0 0.912670 0.971913 0.010350 0.010922
0 0.221604 0.388693 0.011639 0.011862
0 0.767463 0.930610 0.011620 0.011757
0 0.223820 0.466867 0.012638 0.012746
0 0.441131 0.059022 0.012832 0.012904
0 0.575242 0.513422 0.011200 0.011085
0 0.205305 0.992318 0.013077 0.013048
0 0.564602 0.972288 0.011433 0.011566
0 0.115349 0.569448 0.011173 0.011141
0 0.478714 0.749328 0.011256 0.011135
0 0.520159 0.194147 0.011578 0.011312
0 0.770095 0.003828 0.010005 0.007656
0 0.748422 0.809772 0.011272 0.011508
0 0.846499 0.055444 0.012785 0.012451
0 0.822149 0.475400 0.010107 0.010103
0 0.790608 0.003937 0.011541 0.007826
0 0.469119 0.261077 0.009515 0.009902
0 0.920588 0.145726 0.015814 0.015375
0 0.661157 0.164715 0.011933 0.011863
0 0.748715 0.811590 0.010861 0.011082
0 0.867125 0.255017 0.010961 0.011304
