0 0.713944 0.384969 0.014963 0.014994
0 0.378563 0.658515 0.016733 0.016536
0 0.225765 0.015990 0.015553 0.015385
0 0.313709 0.086957 0.014054 0.014146
0 0.764308 0.022984 0.014341 0.014423
0 0.121639 0.908637 0.017072 0.016878
0 0.162791 0.065738 0.014983 0.015136
0 0.343976 0.801773 0.013966 0.013995
0 0.203222 0.688676 0.014104 0.013976
0 0.705656 0.707918 0.014467 0.014504
0 0.354769 0.605182 0.015354 0.015227
0 0.116671 0.485294 0.014243 0.014044
0 0.500809 0.657997 0.013613 0.013729
0 0.668070 0.266790 0.014501 0.014415
0 0.078609 0.231433 0.015679 0.015632
0 0.452934 0.248311 0.017255 0.017250
0 0.569719 0.256411 0.013897 0.013870
0 0.098939 0.369090 0.013921 0.013392
0 0.583623 0.469795 0.013608 0.013653
0 0.947700 0.937374 0.013945 0.013915
0 0.627627 0.225215 0.014054 0.014215
0 0.484416 0.127831 0.013858 0.013715
0 0.301839 0.385032 0.014074 0.013951
0 0.394778 0.520970 0.013636 0.013691
0 0.686829 0.532130 0.015210 0.015341
0 0.613957 0.438864 0.014156 0.014099
0 0.185375 0.232279 0.013695 0.013708
0 0.567682 0.436956 0.013456 0.013298
0 0.360453 0.171632 0.015461 0.015475
0 0.101656 0.587076 0.014046 0.014403
0 0.962751 0.412255 0.013705 0.013856
0 0.392452 0.318723 0.014271 0.014453
0 0.226316 0.761716 0.014571 0.014964
0 0.598094 0.536830 0.013763 0.013721
0 0.920338 0.253116 0.013630 0.013529
0 0.204197 0.619914 0.013378 0.013384
0 0.698771 0.506148 0.014253 0.014075
0 0.490433 0.614966 0.014518 0.014521
0 0.763384 0.667451 0.013833 0.013795
0 0.388886 0.847374 0.014622 0.014649
0 0.203143 0.328276 0.014661 0.014475
0 0.555562 0.596232 0.014433 0.014476
0 0.791914 0.555122 0.015914 0.015828
0 0.197007 0.580319 0.014131 0.014243
0 0.737527 0.617587 0.015320 0.015519
0 0.088724 0.060599 0.013422 0.013374
0 0.888106 0.920890 0.014592 0.014700
0 0.751395 0.105162 0.013186 0.013377
0 0.946190 0.629024 0.014845 0.014887
0 0.518668 0.516362 0.016443 0.016360
0 0.190369 0.873917 0.014172 0.014246
0 0.627977 0.508999 0.014375 0.014394
0 0.485232 0.423942 0.015183 0.015509
0 0.542001 0.480041 0.014352 0.014359
0 0.905984 0.980807 0.014213 0.014214
0 0.121920 0.714981 0.015751 0.015978
0 0.236117 0.568370 0.014305 0.014090
0 0.855125 0.654228 0.014787 0.014639
0 0.278641 0.430627 0.014419 0.014139
0 0.316935 0.241457 0.014382 0.014219
0 0.883524 0.117149 0.014120 0.014278
0 0.839963 0.299841 0.014498 0.014504
0 0.856241 0.178284 0.013580 0.013464
0 0.463229 0.011977 0.015250 0.015396
0 0.345412 0.299033 0.023290 0.022879
0 0.912377 0.908296 0.015128 0.015490
0 0.598368 0.601790 0.014134 0.013990
0 0.763080 0.487507 0.012889 0.013296
0 0.024433 0.584319 0.014696 0.014922
0 0.844013 0.959386 0.015086 0.015192
0 0.839663 0.140011 0.013245 0.013333
0 0.153261 0.552070 0.013859 0.013932
0 0.461902 0.513625 0.016378 0.016656
0 0.941945 0.232995 0.014408 0.014364
0 0.168405 0.898016 0.014133 0.014001
0 0.633473 0.965709 0.014688 0.015026
0 0.848078 0.719781 0.022635 0.022328
0 0.123957 0.942726 0.014345 0.014365
0 0.348931 0.645089 0.013793 0.013977
0 0.484638 0.896075 0.014509 0.014382
0 0.926528 0.982107 0.013474 0.013469
0 0.573087 0.313030 0.014277 0.014485
0 0.464217 0.396082 0.013769 0.013305
0 0.828400 0.825678 0.015909 0.015968
0 0.993694 0.599136 0.012613 0.015853
0 0.461025 0.754759 0.014175 0.014268
0 0.975687 0.654702 0.014771 0.014766
0 0.017139 0.114327 0.013304 0.013397
0 0.920417 0.698652 0.014036 0.013948
0 0.785141 0.135156 0.014519 0.014480
0 0.804647 0.221357 0.012592 0.012291
0 0.116172 0.201957 0.015570 0.015343
0 0.843008 0.564108 0.016149 0.016059
0 0.987695 0.120190 0.014074 0.013947
0 0.778174 0.442459 0.014899 0.015038
0 0.874729 0.371517 0.013476 0.013355
0 0.347203 0.929826 0.014194 0.013998
0 0.530920 0.639111 0.021201 0.021317
0 0.052661 0.828419 0.014230 0.013945
0 0.920729 0.145855 0.020176 0.019659
0 0.670069 0.190982 0.018041 0.018345
0 0.987656 0.307191 0.014621 0.014538
0 0.738246 0.539057 0.013827 0.013592
0 0.987089 0.507076 0.016661 0.016238
0 0.296490 0.594579 0.015352 0.015248
0 0.474448 0.760161 0.013102 0.013139
0 0.008148 0.323473 0.014406 0.015035
0 0.870640 0.392766 0.013684 0.014024
0 0.465134 0.731815 0.017297 0.017106
0 0.829803 0.574605 0.014997 0.014855
0 0.290462 0.339019 0.014867 0.014719
0 0.262683 0.515343 0.015651 0.015603
0 0.994803 0.063836 0.010386 0.015172
0 0.559003 0.010212 0.014272 0.014069
0 0.005183 0.087651 0.010366 0.015881
0 0.522896 0.017387 0.018320 0.018017
0 0.877932 0.262276 0.014881 0.014744
0 0.744059 0.138365 0.014898 0.014833
0 0.524330 0.988614 0.015284 0.015540
0 0.634366 0.087847 0.016692 0.016739
0 0.637479 0.117136 0.017260 0.017686
0 0.807919 0.252931 0.012217 0.012100
0 0.117204 0.042263 0.014938 0.014390
0 0.682757 0.006453 0.018089 0.012906
0 0.332648 0.269904 0.015549 0.015726
0 0.447047 0.204138 0.016644 0.016911
0 0.003411 0.933747 0.006769 0.016000
0 0.871966 0.605357 0.014946 0.014359
0 0.854112 0.386080 0.012518 0.012400
0 0.375445 0.228219 0.020668 0.020570
0 0.749587 0.792239 0.015952 0.016102
0 0.605550 0.145902 0.015050 0.014891
0 0.900090 0.568326 0.015133 0.014900
0 0.966970 0.860679 0.015222 0.015037
0 0.853015 0.826725 0.014938 0.015044
0 0.012774 0.914423 0.014952 0.015202
0 0.263040 0.244506 0.018553 0.018518
0 0.540523 0.736508 0.021260 0.021148
