0 0.204527 0.516054 0.012271 0.012190
0 0.557057 0.861915 0.013151 0.013086
0 0.230384 0.257956 0.013550 0.013436
0 0.279491 0.436134 0.012059 0.012031
0 0.113761 0.744318 0.013675 0.013715
0 0.682435 0.815224 0.013458 0.013340
0 0.019229 0.569786 0.011797 0.011928
0 0.294980 0.239609 0.013198 0.013102
0 0.107239 0.825391 0.013480 0.013580
0 0.568768 0.362065 0.013010 0.012664
0 0.391724 0.494477 0.012087 0.011947
0 0.021624 0.097783 0.013602 0.013408
0 0.546711 0.050907 0.014033 0.013950
0 0.433535 0.735527 0.012940 0.013013
0 0.105329 0.331179 0.013971 0.013940
0 0.624188 0.504971 0.012914 0.012984
0 0.275638 0.836416 0.013095 0.013089
0 0.536978 0.339776 0.011556 0.011451
0 0.196243 0.628074 0.011787 0.011722
0 0.023673 0.295967 0.013114 0.013218
0 0.518367 0.878998 0.012342 0.012233
0 0.481767 0.294787 0.013015 0.012954
0 0.936592 0.842919 0.015013 0.014834
0 0.164191 0.376906 0.013204 0.013254
0 0.524547 0.152564 0.013609 0.013567
0 0.224458 0.840642 0.012452 0.012264
0 0.973377 0.870443 0.012325 0.012236
0 0.565999 0.397932 0.012010 0.011668
0 0.192752 0.746952 0.012308 0.012441
0 0.765254 0.529245 0.013408 0.013322
0 0.127635 0.541633 0.012132 0.012133
0 0.164570 0.477251 0.012226 0.012495
0 0.364545 0.926341 0.011933 0.011990
0 0.906984 0.044987 0.012512 0.012538
0 0.349730 0.840810 0.014032 0.014018
0 0.318719 0.374745 0.012550 0.012583
0 0.084468 0.822593 0.012359 0.012337
0 0.359349 0.450851 0.013482 0.013458
0 0.051706 0.353380 0.013547 0.013452
0 0.700930 0.912006 0.013063 0.013084
0 0.900924 0.530123 0.013337 0.013474
0 0.180361 0.847110 0.012352 0.012252
0 0.583875 0.794974 0.013155 0.013055
0 0.382966 0.536011 0.012255 0.012325
0 0.879412 0.363910 0.013757 0.013644
0 0.156493 0.274289 0.013533 0.013505
0 0.527889 0.545262 0.014562 0.014719
0 0.420914 0.932281 0.014493 0.014657
0 0.128855 0.616486 0.013446 0.013338
0 0.710686 0.556044 0.012372 0.012213
0 0.943645 0.654402 0.011448 0.011157
0 0.510479 0.852975 0.013971 0.013743
0 0.601599 0.714437 0.012971 0.012894
0 0.609185 0.740530 0.013251 0.013197
0 0.677986 0.240552 0.012041 0.011970
0 0.578514 0.639127 0.013484 0.013642
0 0.305226 0.747450 0.012524 0.012477
0 0.160283 0.421166 0.013388 0.013341
0 0.734871 0.619129 0.013817 0.014015
0 0.290539 0.338689 0.014087 0.014032
0 0.972867 0.050125 0.010057 0.009595
0 0.095725 0.934707 0.012568 0.012541
0 0.408499 0.745811 0.013309 0.012965
0 0.428564 0.282707 0.013094 0.013222
0 0.866839 0.116239 0.011798 0.011571
0 0.679123 0.106095 0.012974 0.012806
0 0.928221 0.713791 0.011982 0.012000
0 0.401701 0.272303 0.013258 0.013493
0 0.534189 0.635669 0.019764 0.019307
0 0.750046 0.378045 0.013595 0.013400
0 0.594891 0.456372 0.011953 0.011926
0 0.655201 0.892482 0.014165 0.014253
0 0.452482 0.310274 0.013277 0.013166
0 0.444450 0.455663 0.011672 0.011687
0 0.656591 0.406129 0.014578 0.014594
0 0.068973 0.960579 0.013631 0.013646
0 0.351455 0.784565 0.012769 0.012706
0 0.745824 0.067597 0.013574 0.013582
0 0.206788 0.675053 0.012023 0.012168
0 0.348921 0.295514 0.023956 0.023798
0 0.232898 0.042182 0.013137 0.013097
0 0.694268 0.318534 0.012327 0.012084
0 0.401415 0.914159 0.014416 0.014576
0 0.088086 0.911697 0.012590 0.012453
0 0.301881 0.614941 0.013210 0.013120
0 0.947804 0.577818 0.013513 0.013536
0 0.665325 0.613394 0.014031 0.013952
0 0.006908 0.879395 0.013554 0.014634
0 0.021066 0.901443 0.014275 0.013998
0 0.130184 0.974834 0.011809 0.011777
0 0.965143 0.591809 0.011954 0.011879
0 0.699779 0.703707 0.012625 0.012450
0 0.736357 0.975881 0.013157 0.013179
0 0.005684 0.138933 0.011228 0.012202
0 0.983768 0.510098 0.014993 0.014654
0 0.652733 0.255786 0.014688 0.014804
0 0.022292 0.858849 0.011872 0.012261
0 0.039093 0.761357 0.012576 0.012189
0 0.806727 0.646948 0.015640 0.015040
0 0.889251 0.575974 0.014316 0.014140
0 0.823385 0.241515 0.013313 0.013067
0 0.613112 0.179716 0.010026 0.010011
0 0.806162 0.511760 0.011282 0.011197
0 0.574358 0.468786 0.012105 0.011765
0 0.595352 0.192458 0.012374 0.012058
0 0.901432 0.981477 0.012798 0.012462
0 0.926886 0.474649 0.011916 0.012279
0 0.941558 0.936125 0.011410 0.011509
0 0.844795 0.347009 0.012181 0.011965
0 0.325448 0.017581 0.012241 0.012140
0 0.896231 0.783949 0.013052 0.013010
0 0.496236 0.888346 0.013591 0.013360
0 0.696689 0.473936 0.012796 0.013093
0 0.922263 0.016011 0.012535 0.012654
0 0.934031 0.820461 0.013020 0.013604
0 0.880451 0.126042 0.009572 0.009760
0 0.774512 0.415891 0.011809 0.012028
0 0.861144 0.248251 0.013189 0.013252
0 0.651705 0.472326 0.010373 0.010130
0 0.036878 0.858425 0.010377 0.010607
0 0.645371 0.307009 0.012432 0.012509
0 0.703631 0.819016 0.022306 0.022112
0 0.867164 0.560539 0.012319 0.012285
0 0.954215 0.032394 0.010747 0.010654
0 0.850614 0.716045 0.023231 0.022979
0 0.989791 0.067042 0.011072 0.010947
0 0.997082 0.218342 0.005836 0.011838
0 0.904004 0.811864 0.013098 0.013081
0 0.543812 0.152375 0.011037 0.011226
0 0.067484 0.571028 0.023034 0.023027
0 0.924164 0.364012 0.013837 0.013709
0 0.153633 0.434065 0.008706 0.009062
0 0.450893 0.211568 0.020036 0.019657
0 0.527080 0.425566 0.010201 0.009802
0 0.752953 0.277939 0.011747 0.011665
