0 0.728644 0.441610 0.015019 0.014815
0 0.950571 0.442763 0.014799 0.014974
0 0.934313 0.195777 0.014715 0.014503
0 0.811022 0.923680 0.014052 0.013944
0 0.238619 0.193405 0.014784 0.014646
0 0.685432 0.599671 0.018361 0.018217
0 0.961544 0.543024 0.014351 0.014195
0 0.892698 0.388843 0.013893 0.013778
0 0.446779 0.240783 0.015768 0.015848
0 0.270065 0.053190 0.013976 0.014054
0 0.673428 0.366319 0.015808 0.016206
0 0.542126 0.139143 0.014293 0.014286
0 0.514199 0.351500 0.014754 0.014812
0 0.597969 0.565896 0.015602 0.015596
0 0.728092 0.472045 0.014826 0.014820
0 0.344802 0.304436 0.019511 0.019689
0 0.667145 0.415705 0.015317 0.015328
0 0.115364 0.714558 0.014000 0.014001
0 0.934904 0.671299 0.015190 0.014996
0 0.804193 0.503608 0.013600 0.013564
0 0.773435 0.650949 0.014998 0.015120
0 0.087822 0.910586 0.014154 0.014108
0 0.032924 0.502317 0.014348 0.014037
0 0.359569 0.198544 0.014357 0.014365
0 0.472267 0.420195 0.014551 0.014318
0 0.287369 0.913249 0.014419 0.014460
0 0.707388 0.139669 0.014866 0.014925
0 0.760994 0.297977 0.015108 0.015171
0 0.808634 0.417098 0.014091 0.013872
0 0.666139 0.686172 0.018392 0.018357
0 0.712202 0.216586 0.014007 0.013884
0 0.693308 0.736070 0.014747 0.014659
0 0.307733 0.309027 0.014985 0.014907
0 0.524808 0.203232 0.014194 0.014240
0 0.193006 0.201429 0.015472 0.015372
0 0.406497 0.460801 0.015853 0.015742
0 0.412786 0.928260 0.015452 0.015692
0 0.133191 0.391500 0.015169 0.015086
0 0.533684 0.640322 0.022883 0.022517
0 0.085311 0.453975 0.016900 0.017073
0 0.291068 0.768787 0.014539 0.014460
0 0.736523 0.569479 0.014956 0.015227
0 0.346727 0.601067 0.014699 0.014810
0 0.939550 0.298115 0.014932 0.014702
0 0.826846 0.353894 0.013739 0.013622
0 0.218284 0.370393 0.014820 0.014831
0 0.789173 0.559609 0.014496 0.014614
0 0.631223 0.569465 0.014976 0.015130
0 0.525368 0.164916 0.015464 0.015687
0 0.474297 0.120997 0.013973 0.014064
0 0.700252 0.578099 0.015070 0.014890
0 0.314021 0.972204 0.014621 0.014655
0 0.534006 0.422332 0.015008 0.014801
0 0.573517 0.621159 0.014822 0.014583
0 0.566780 0.467188 0.014059 0.013873
0 0.126923 0.805874 0.014425 0.014383
0 0.104268 0.321875 0.013871 0.013705
0 0.733639 0.725879 0.013475 0.013517
0 0.784525 0.365989 0.013975 0.013804
0 0.823115 0.482687 0.014255 0.014225
0 0.240328 0.621583 0.014231 0.014120
0 0.837262 0.079900 0.015416 0.015451
0 0.127598 0.638861 0.015580 0.015406
0 0.646920 0.283234 0.015575 0.015359
0 0.218725 0.764112 0.014199 0.014210
0 0.018771 0.167832 0.013884 0.013932
0 0.128643 0.689111 0.014286 0.014249
0 0.283259 0.872263 0.014573 0.014537
0 0.636011 0.680739 0.014766 0.014889
0 0.804153 0.836547 0.015964 0.015743
0 0.056366 0.312239 0.013935 0.013866
0 0.756909 0.355187 0.014919 0.014678
0 0.645003 0.850750 0.013635 0.013880
0 0.247672 0.740348 0.016401 0.016443
0 0.173103 0.531153 0.014653 0.014547
0 0.025843 0.867534 0.013737 0.013843
0 0.471247 0.612089 0.014313 0.014121
0 0.020426 0.628536 0.013546 0.013575
0 0.955376 0.947254 0.014651 0.014407
0 0.572934 0.840392 0.014137 0.014069
0 0.302052 0.559968 0.014740 0.014813
0 0.087017 0.347162 0.015408 0.015424
0 0.985796 0.505182 0.016427 0.016211
0 0.726377 0.658156 0.014682 0.014616
0 0.713547 0.078452 0.017612 0.017432
0 0.654760 0.155351 0.014403 0.014339
0 0.603219 0.285172 0.013813 0.013736
0 0.077992 0.023735 0.014540 0.014364
0 0.863189 0.968124 0.013409 0.013543
0 0.177058 0.813729 0.014323 0.014122
0 0.686004 0.849486 0.013368 0.013284
0 0.584352 0.442348 0.014994 0.015287
0 0.497458 0.226481 0.015146 0.015364
0 0.901783 0.129064 0.014077 0.014050
0 0.636620 0.088294 0.021861 0.021745
0 0.061315 0.601990 0.014907 0.015004
0 0.024410 0.007607 0.014817 0.014557
0 0.037739 0.593894 0.013961 0.014094
0 0.626009 0.187313 0.017120 0.017058
0 0.742715 0.959140 0.013942 0.014072
0 0.280350 0.431643 0.015187 0.014753
0 0.138527 0.854092 0.014398 0.014544
0 0.007567 0.450916 0.014610 0.015795
0 0.687386 0.689801 0.013589 0.013878
0 0.645901 0.620005 0.014307 0.014548
0 0.341496 0.009285 0.013777 0.013555
0 0.257113 0.649898 0.016693 0.016837
0 0.848228 0.717681 0.020231 0.020087
0 0.960578 0.044661 0.014523 0.014527
0 0.994341 0.289012 0.011318 0.015784
0 0.477143 0.974555 0.015173 0.014957
0 0.599981 0.798871 0.016462 0.016525
0 0.911906 0.990956 0.015958 0.015733
0 0.462925 0.206214 0.014517 0.014400
0 0.737208 0.617903 0.014864 0.015065
0 0.375472 0.228754 0.018551 0.018209
0 0.643699 0.115111 0.013532 0.013272
0 0.074064 0.695891 0.015286 0.015548
0 0.907274 0.449923 0.015316 0.015262
0 0.033599 0.417350 0.017317 0.017657
0 0.004354 0.062115 0.008686 0.016647
0 0.921696 0.147501 0.020408 0.020681
0 0.996460 0.686642 0.007061 0.015817
0 0.540650 0.738835 0.020582 0.021042
0 0.300248 0.405641 0.013940 0.013807
0 0.474732 0.366178 0.014978 0.015331
0 0.774161 0.886097 0.015240 0.015288
0 0.379005 0.656206 0.016009 0.015929
0 0.742338 0.522146 0.014597 0.014393
0 0.203112 0.250639 0.016625 0.016377
0 0.698237 0.983646 0.016019 0.016791
0 0.248264 0.839558 0.013828 0.013761
0 0.830551 0.106740 0.016072 0.015864
0 0.143133 0.339355 0.014193 0.014182
0 0.615336 0.644951 0.012914 0.012734
0 0.068322 0.576908 0.021385 0.021552
0 0.991194 0.268574 0.013087 0.013174
0 0.253986 0.496667 0.015647 0.015401
0 0.756488 0.795467 0.015379 0.015308
0 0.254842 0.513489 0.015581 0.015551
0 0.743748 0.126307 0.015522 0.015528
0 0.125991 0.953423 0.014492 0.014125
0 0.878702 0.591065 0.022788 0.022725
0 0.930557 0.283203 0.014367 0.014246
0 0.127648 0.237378 0.018097 0.017530
0 0.704149 0.824953 0.021032 0.021012
0 0.005153 0.038184 0.010293 0.015256
0 0.895644 0.002821 0.015775 0.005598
0 0.888266 0.260095 0.020409 0.020250
0 0.377430 0.741619 0.023001 0.022689
0 0.799985 0.600051 0.015197 0.015021
0 0.264401 0.246552 0.019009 0.018549
0 0.045210 0.326593 0.018883 0.018961
0 0.668538 0.192148 0.018262 0.018188
0 0.764614 0.915466 0.013053 0.013147
0 0.528559 0.402614 0.014321 0.014169
0 0.807717 0.095889 0.014355 0.014050
