0 0.059326 0.473143 0.010949 0.010780
0 0.756481 0.640352 0.011934 0.011917
0 0.224956 0.799618 0.013543 0.013647
0 0.108943 0.487337 0.012922 0.012803
0 0.293059 0.404586 0.012663 0.012560
0 0.037181 0.032863 0.012627 0.012574
0 0.082213 0.284109 0.011196 0.011191
0 0.219181 0.206253 0.012335 0.012347
0 0.749597 0.616456 0.012380 0.012051
0 0.265333 0.168817 0.012043 0.012001
0 0.088609 0.222701 0.012602 0.012522
0 0.835685 0.914134 0.012327 0.012341
0 0.457637 0.957372 0.012491 0.012448
0 0.774852 0.893365 0.014023 0.013856
0 0.336467 0.063740 0.011931 0.011659
0 0.504663 0.631758 0.011474 0.011602
0 0.432799 0.275295 0.010969 0.008918
0 0.553942 0.645024 0.012718 0.012670
0 0.543639 0.973231 0.011292 0.011114
0 0.561213 0.326476 0.013009 0.012962
0 0.166866 0.898179 0.014243 0.014101
0 0.275889 0.423099 0.014064 0.014000
0 0.917820 0.481032 0.012113 0.012108
0 0.114497 0.064373 0.012293 0.012445
0 0.361175 0.434357 0.011605 0.011804
0 0.392440 0.310672 0.011860 0.011657
0 0.331090 0.517434 0.011415 0.011238
0 0.560379 0.955846 0.012697 0.012803
0 0.796098 0.549661 0.011410 0.011319
0 0.847376 0.718294 0.019858 0.019277
0 0.285969 0.510306 0.011988 0.012014
0 0.197307 0.467991 0.012528 0.012460
0 0.421981 0.091782 0.011630 0.011619
0 0.599253 0.758730 0.010869 0.011257
0 0.123150 0.905727 0.012425 0.012366
0 0.523444 0.346136 0.012264 0.012094
0 0.286134 0.142875 0.011384 0.011397
0 0.226340 0.649507 0.012598 0.012417
0 0.159106 0.822461 0.012383 0.012392
0 0.461713 0.141184 0.012905 0.013154
0 0.024551 0.195979 0.012311 0.012482
0 0.995608 0.827590 0.008777 0.013318
0 0.396587 0.535754 0.010316 0.010150
0 0.521459 0.972436 0.012460 0.011899
0 0.378391 0.228593 0.015002 0.015176
0 0.009361 0.603076 0.014094 0.013621
0 0.447355 0.839738 0.011981 0.011818
0 0.579593 0.760742 0.010532 0.010767
0 0.528824 0.634951 0.020484 0.020059
0 0.476899 0.781646 0.012505 0.012559
0 0.694138 0.312043 0.011787 0.011767
0 0.542145 0.279638 0.010488 0.010734
0 0.373897 0.834388 0.011484 0.011331
0 0.095489 0.522949 0.011573 0.011242
0 0.187036 0.888748 0.013519 0.013392
0 0.674163 0.324880 0.009874 0.010095
0 0.344507 0.297198 0.021781 0.021629
0 0.701128 0.821460 0.017462 0.016717
0 0.493276 0.190645 0.011527 0.011875
