0 0.298097 0.494669 0.013223 0.013175
0 0.539286 0.396588 0.012811 0.012980
0 0.379153 0.373845 0.013527 0.013432
0 0.054487 0.842147 0.013277 0.013487
0 0.290442 0.201955 0.013044 0.013143
0 0.603845 0.899658 0.012452 0.012395
0 0.204250 0.912438 0.012321 0.012273
0 0.742968 0.853453 0.013601 0.013580
0 0.122467 0.442700 0.012224 0.012130
0 0.682587 0.642785 0.013093 0.013102
0 0.264015 0.071503 0.012247 0.011998
0 0.892321 0.902135 0.012870 0.012845
0 0.943739 0.443072 0.013699 0.013766
0 0.807455 0.531351 0.014029 0.014092
0 0.761944 0.934154 0.012658 0.012571
0 0.531933 0.434556 0.012765 0.012649
0 0.153322 0.172006 0.013374 0.013115
0 0.318594 0.936639 0.012316 0.012373
0 0.593884 0.162544 0.013571 0.013283
0 0.350068 0.450940 0.012231 0.012011
0 0.200309 0.494477 0.013134 0.013143
0 0.645109 0.936758 0.013555 0.013515
0 0.230236 0.329630 0.013404 0.013487
0 0.804948 0.024787 0.012741 0.012580
0 0.457704 0.576797 0.012734 0.013045
0 0.784692 0.540335 0.013492 0.013335
0 0.289968 0.551092 0.012803 0.012804
0 0.049500 0.414959 0.013592 0.013667
0 0.697893 0.420354 0.013781 0.013582
0 0.908048 0.941697 0.013974 0.014011
0 0.644622 0.320144 0.013799 0.013720
0 0.956924 0.792973 0.013270 0.013538
0 0.058869 0.495416 0.012684 0.012536
0 0.537971 0.113797 0.013040 0.012838
0 0.406968 0.167135 0.013522 0.013775
0 0.758115 0.895996 0.012964 0.012961
0 0.786139 0.139617 0.013106 0.013080
0 0.611985 0.205719 0.012906 0.012747
0 0.206200 0.816417 0.012440 0.012456
0 0.778426 0.459104 0.013972 0.013790
0 0.909214 0.751786 0.013224 0.013281
0 0.900488 0.227253 0.013046 0.012932
0 0.029843 0.686507 0.014087 0.014186
0 0.756163 0.264402 0.012955 0.012892
0 0.181527 0.380796 0.012346 0.012416
0 0.380225 0.894281 0.013157 0.013156
0 0.586645 0.494371 0.013883 0.013820
0 0.588758 0.759052 0.013621 0.013566
0 0.112170 0.391383 0.012985 0.012919
0 0.839635 0.347886 0.013678 0.013624
0 0.467268 0.805373 0.013401 0.013414
0 0.156229 0.792881 0.013447 0.013081
0 0.578953 0.262327 0.012433 0.012416
0 0.857052 0.070225 0.014462 0.014447
0 0.306546 0.585315 0.013362 0.013424
0 0.563362 0.466766 0.013608 0.013546
0 0.760293 0.207630 0.013148 0.013113
0 0.128011 0.896827 0.013587 0.013435
0 0.433241 0.300229 0.012632 0.012645
0 0.723169 0.508755 0.013937 0.013707
0 0.302850 0.679903 0.013170 0.013043
0 0.680447 0.687000 0.014475 0.014365
0 0.650362 0.670240 0.013859 0.013792
0 0.138385 0.343802 0.013054 0.012989
0 0.477075 0.877164 0.013843 0.013699
0 0.480588 0.109199 0.013391 0.013140
0 0.601874 0.725542 0.012326 0.012269
0 0.769832 0.024572 0.013029 0.013343
0 0.141058 0.215628 0.012715 0.012848
0 0.543654 0.540071 0.014436 0.014356
0 0.022654 0.380843 0.013556 0.013321
0 0.677542 0.142657 0.012951 0.012678
0 0.831685 0.138438 0.013629 0.013890
0 0.375762 0.280890 0.012942 0.012940
0 0.507978 0.186167 0.012927 0.013146
0 0.152496 0.856279 0.012473 0.012533
0 0.094484 0.719235 0.013006 0.013146
0 0.851954 0.600917 0.014609 0.014660
0 0.711547 0.197296 0.014270 0.014094
0 0.076980 0.011199 0.013147 0.013027
0 0.478797 0.649079 0.013283 0.013108
0 0.884119 0.383625 0.013304 0.013189
0 0.119677 0.336491 0.014434 0.014461
0 0.559000 0.638927 0.013277 0.012960
0 0.633782 0.546859 0.015231 0.015194
0 0.837176 0.801546 0.011834 0.011685
0 0.090580 0.646858 0.012886 0.012930
0 0.228028 0.057944 0.013362 0.013421
0 0.120643 0.294779 0.013681 0.013524
0 0.557328 0.614873 0.013506 0.013682
0 0.498218 0.600081 0.013144 0.013049
0 0.111784 0.821088 0.013489 0.013126
0 0.975191 0.174977 0.013066 0.012967
0 0.982041 0.947088 0.013604 0.013481
0 0.411981 0.265272 0.013731 0.013747
0 0.581328 0.312406 0.012543 0.012708
0 0.896200 0.672337 0.013636 0.013622
0 0.141650 0.195496 0.013379 0.013398
0 0.756326 0.283918 0.012240 0.012038
0 0.827511 0.949146 0.012035 0.011860
0 0.071182 0.087654 0.012596 0.012496
0 0.555072 0.742798 0.013602 0.013666
0 0.026981 0.887136 0.013077 0.013130
0 0.289127 0.881430 0.014217 0.014215
0 0.335308 0.880084 0.012084 0.012082
0 0.527740 0.217537 0.013696 0.013799
0 0.801172 0.220178 0.014873 0.014996
0 0.961363 0.574255 0.012195 0.012107
0 0.814263 0.696109 0.013453 0.013751
0 0.579420 0.223383 0.013543 0.013528
0 0.942309 0.845965 0.012683 0.012891
0 0.916652 0.852650 0.012425 0.012525
0 0.339010 0.084980 0.014245 0.014083
0 0.962528 0.877880 0.014134 0.013992
0 0.371500 0.648949 0.013642 0.013715
0 0.649917 0.845664 0.013055 0.013095
0 0.367719 0.165650 0.014317 0.014343
0 0.473711 0.348126 0.013873 0.013601
0 0.895037 0.995439 0.012320 0.009121
0 0.959418 0.660012 0.012936 0.012996
0 0.448218 0.907001 0.013268 0.013446
0 0.915386 0.383560 0.013240 0.013536
0 0.023434 0.613123 0.014319 0.014493
0 0.355984 0.346135 0.013524 0.013323
0 0.332426 0.161712 0.011736 0.011409
0 0.878428 0.164890 0.013401 0.013321
0 0.346010 0.161577 0.012201 0.011915
0 0.990363 0.646287 0.013828 0.013900
0 0.589372 0.680250 0.013147 0.013315
0 0.983934 0.671234 0.013612 0.014142
0 0.227855 0.680623 0.015027 0.014910
0 0.143694 0.765867 0.013041 0.013066
0 0.491975 0.451008 0.013557 0.013601
0 0.313690 0.865849 0.014392 0.014185
0 0.374421 0.674172 0.014811 0.014863
0 0.147602 0.833209 0.011931 0.011803
0 0.750226 0.320016 0.013837 0.013781
0 0.192261 0.122607 0.014361 0.014438
0 0.964510 0.052375 0.012159 0.012408
0 0.525950 0.022601 0.012988 0.012729
0 0.189337 0.007207 0.012989 0.013104
0 0.859665 0.390671 0.012813 0.012988
0 0.330983 0.763719 0.013580 0.013686
0 0.165030 0.564547 0.013317 0.013110
0 0.155322 0.425786 0.013148 0.012868
0 0.721025 0.709414 0.012300 0.012306
0 0.640729 0.253848 0.015868 0.015913
0 0.388033 0.969441 0.011934 0.011824
0 0.018970 0.043957 0.011783 0.011740
0 0.003397 0.492503 0.006697 0.013748
0 0.220882 0.087785 0.013996 0.014122
0 0.452956 0.014107 0.013218 0.013438
0 0.236738 0.594863 0.012638 0.012523
0 0.509576 0.004537 0.012235 0.009023
0 0.710374 0.594556 0.012621 0.012511
0 0.993328 0.571710 0.013041 0.013811
0 0.684044 0.813118 0.013906 0.014183
0 0.707302 0.682520 0.011882 0.011561
0 0.746252 0.414783 0.013749 0.013366
0 0.770408 0.597178 0.014253 0.014142
0 0.886028 0.778554 0.011319 0.011216
0 0.604946 0.234871 0.014476 0.014361
0 0.310248 0.045249 0.013559 0.013724
0 0.789870 0.187122 0.012700 0.012676
0 0.008969 0.447736 0.014158 0.014219
0 0.489019 0.361014 0.013845 0.013799
0 0.059865 0.957180 0.013576 0.013549
0 0.864982 0.011676 0.013522 0.013413
0 0.982421 0.192289 0.013413 0.013475
0 0.844815 0.184548 0.014129 0.014281
0 0.443395 0.663958 0.013275 0.013360
0 0.409573 0.459421 0.014526 0.014260
0 0.291216 0.134812 0.012361 0.012117
0 0.368966 0.348788 0.013032 0.013514
0 0.466421 0.461899 0.013325 0.013480
0 0.041019 0.963241 0.013467 0.013111
0 0.480727 0.266334 0.014357 0.014330
0 0.270531 0.668283 0.013678 0.013813
0 0.253981 0.249198 0.014317 0.014497
0 0.798458 0.103070 0.013470 0.013484
0 0.848763 0.711264 0.021678 0.021493
0 0.559494 0.204591 0.013467 0.013314
0 0.765619 0.081281 0.013471 0.013645
0 0.141737 0.785490 0.012482 0.012288
0 0.935363 0.095821 0.013535 0.013450
0 0.222884 0.746359 0.010578 0.010617
0 0.970061 0.203630 0.013183 0.013170
0 0.267864 0.720265 0.014218 0.013951
0 0.722786 0.606468 0.012817 0.012811
0 0.905728 0.142925 0.014199 0.014382
0 0.246060 0.728438 0.013468 0.013513
0 0.300418 0.902349 0.013684 0.013629
0 0.906983 0.144602 0.013922 0.013601
0 0.936751 0.001824 0.012434 0.003648
0 0.021481 0.001766 0.012473 0.003532
