0 0.437800 0.525986 0.014192 0.014057
0 0.919558 0.633490 0.013116 0.013233
0 0.795726 0.821405 0.013461 0.013515
0 0.524716 0.284139 0.013207 0.012903
0 0.350944 0.147938 0.011745 0.011658
0 0.051493 0.450744 0.012811 0.012422
0 0.444046 0.714768 0.010705 0.010542
0 0.748335 0.619112 0.013116 0.012983
0 0.443491 0.824723 0.011983 0.011800
0 0.631391 0.311182 0.012881 0.012848
0 0.226926 0.753173 0.013237 0.013156
0 0.296686 0.194620 0.014617 0.014538
0 0.799938 0.646075 0.012365 0.012414
0 0.279655 0.249795 0.012075 0.012139
0 0.753352 0.309901 0.012691 0.012753
0 0.417992 0.214461 0.013246 0.013356
0 0.484253 0.508906 0.013541 0.013626
0 0.825843 0.611209 0.012444 0.012280
0 0.056388 0.345208 0.013653 0.013689
0 0.257163 0.444671 0.011759 0.011666
0 0.131307 0.748303 0.013337 0.013364
0 0.572616 0.600937 0.012347 0.012235
0 0.375241 0.659476 0.012963 0.012893
0 0.412857 0.363372 0.013407 0.013214
0 0.507048 0.371818 0.013835 0.013692
0 0.298766 0.667510 0.011846 0.011803
0 0.762829 0.348234 0.012062 0.011912
0 0.139296 0.424681 0.012929 0.012936
0 0.289959 0.811099 0.013073 0.013135
0 0.234142 0.194641 0.012389 0.012311
0 0.091496 0.299789 0.012685 0.012535
0 0.283339 0.551706 0.013993 0.013994
0 0.731023 0.523879 0.013527 0.013485
0 0.030445 0.873915 0.013505 0.013623
0 0.593768 0.924258 0.011999 0.011968
0 0.484399 0.264212 0.012916 0.012944
0 0.605481 0.069869 0.013035 0.013363
0 0.479297 0.233862 0.012248 0.012481
0 0.253259 0.220408 0.013846 0.014011
0 0.728355 0.714353 0.012408 0.012292
0 0.036550 0.667660 0.011787 0.011717
0 0.296241 0.280738 0.013283 0.013076
0 0.724760 0.450791 0.013081 0.013198
0 0.410141 0.191300 0.014191 0.014004
0 0.580712 0.652211 0.012025 0.012069
0 0.164892 0.213337 0.012813 0.012687
0 0.331796 0.518646 0.011288 0.011512
0 0.181611 0.495675 0.012361 0.012087
0 0.108413 0.400599 0.012174 0.012226
0 0.334320 0.784009 0.012378 0.012364
0 0.631861 0.814710 0.011879 0.011602
0 0.650820 0.138617 0.012298 0.012612
0 0.761620 0.062546 0.012981 0.013075
0 0.509479 0.061708 0.012280 0.012217
0 0.018339 0.105112 0.012273 0.012284
0 0.372578 0.463500 0.012992 0.012708
0 0.978174 0.974430 0.012814 0.013100
0 0.405319 0.590488 0.011708 0.011806
0 0.458154 0.959841 0.012325 0.012184
0 0.513523 0.038316 0.013964 0.014073
0 0.934749 0.964528 0.011953 0.011795
0 0.468844 0.647113 0.014146 0.014199
0 0.173148 0.350810 0.012594 0.012641
0 0.785123 0.534540 0.012780 0.012755
0 0.676005 0.336818 0.013384 0.013488
0 0.820896 0.991774 0.013475 0.013372
0 0.232968 0.507329 0.012893 0.012933
0 0.041069 0.966019 0.013100 0.012800
0 0.545596 0.091068 0.014003 0.014013
0 0.110909 0.740992 0.013001 0.012904
0 0.773350 0.234093 0.012594 0.012694
0 0.617892 0.819646 0.011509 0.011337
0 0.791989 0.018767 0.010609 0.010696
0 0.945055 0.704060 0.014662 0.014471
0 0.106844 0.631910 0.013463 0.013343
0 0.522604 0.350615 0.012400 0.012396
0 0.116199 0.972582 0.013543 0.013405
0 0.391336 0.042772 0.012390 0.012313
0 0.937104 0.540382 0.012549 0.012674
0 0.669569 0.072923 0.012765 0.012657
0 0.909328 0.613580 0.010161 0.009872
0 0.541027 0.972088 0.011237 0.011064
0 0.008601 0.731190 0.012417 0.012629
0 0.160704 0.706913 0.012985 0.013311
0 0.848721 0.707954 0.021953 0.022341
0 0.013112 0.502990 0.011701 0.011623
0 0.416555 0.744813 0.012800 0.013406
0 0.187827 0.715499 0.013177 0.013058
0 0.533568 0.626333 0.020381 0.020238
0 0.185552 0.891639 0.012724 0.012692
0 0.813682 0.279381 0.012624 0.012581
0 0.490170 0.675645 0.012157 0.012048
0 0.945850 0.310688 0.012175 0.012129
0 0.981728 0.250709 0.013359 0.013381
0 0.267517 0.138098 0.012280 0.012674
0 0.495762 0.544815 0.013972 0.014206
0 0.004199 0.262176 0.008378 0.012146
0 0.297176 0.925398 0.012419 0.012751
0 0.731828 0.063749 0.012574 0.012530
0 0.442685 0.059352 0.012559 0.012631
0 0.556339 0.710821 0.011328 0.011138
0 0.219146 0.974658 0.011609 0.011478
0 0.951658 0.068722 0.012818 0.012995
0 0.160303 0.473400 0.013161 0.013337
0 0.237677 0.991941 0.011442 0.011479
0 0.791248 0.377982 0.012475 0.012687
0 0.650984 0.282640 0.011697 0.011415
0 0.225512 0.651170 0.012610 0.012248
0 0.425338 0.571318 0.009423 0.009573
0 0.131905 0.107234 0.012884 0.012770
0 0.191514 0.089461 0.013785 0.013982
0 0.540100 0.615774 0.012048 0.012262
0 0.703221 0.812806 0.021159 0.021193
0 0.975738 0.490248 0.013307 0.013171
0 0.443820 0.215696 0.013077 0.013026
0 0.223178 0.468577 0.011629 0.011752
0 0.623107 0.916463 0.011199 0.011079
0 0.394523 0.944982 0.011484 0.011250
0 0.442907 0.391204 0.011197 0.010977
0 0.536887 0.619794 0.017059 0.014915
