0 0.749448 0.616275 0.013239 0.013204
0 0.191133 0.157804 0.013183 0.013111
0 0.433386 0.123192 0.013276 0.013318
0 0.274095 0.126546 0.012465 0.012248
0 0.141379 0.192932 0.010404 0.010288
0 0.848784 0.893153 0.011628 0.011359
0 0.462429 0.958909 0.013258 0.013099
0 0.700970 0.560588 0.012923 0.012818
0 0.417227 0.377549 0.012671 0.012638
0 0.415813 0.231839 0.013144 0.013240
0 0.525177 0.346908 0.013347 0.013130
0 0.607101 0.554246 0.012397 0.012284
0 0.066845 0.950086 0.011693 0.011654
0 0.099322 0.836364 0.012909 0.012927
0 0.433886 0.524455 0.011520 0.011568
0 0.656018 0.525650 0.010593 0.010580
0 0.186963 0.889919 0.013420 0.013532
0 0.543670 0.972906 0.013489 0.013177
0 0.593174 0.585717 0.012713 0.012663
0 0.231321 0.535989 0.014122 0.013945
0 0.572446 0.257273 0.012133 0.012109
0 0.302309 0.210583 0.012297 0.012135
0 0.304692 0.040892 0.012311 0.012244
0 0.213887 0.407621 0.011427 0.011213
0 0.921417 0.871546 0.011812 0.011954
0 0.390799 0.397506 0.013630 0.013646
0 0.695785 0.457978 0.010918 0.010738
0 0.502833 0.753746 0.012836 0.012582
0 0.837601 0.765398 0.012585 0.012573
0 0.773229 0.127269 0.012167 0.011916
0 0.457344 0.155103 0.012785 0.012881
0 0.776588 0.522139 0.012810 0.012723
0 0.159977 0.060402 0.012971 0.013005
0 0.272606 0.711516 0.012044 0.012048
0 0.626426 0.116117 0.011683 0.011765
0 0.599020 0.879547 0.013024 0.012997
0 0.110997 0.979676 0.013718 0.013725
0 0.621011 0.328754 0.011640 0.011578
0 0.076191 0.398408 0.012208 0.012280
0 0.176644 0.134240 0.012069 0.012300
0 0.711075 0.252172 0.012387 0.012225
0 0.722272 0.408834 0.013299 0.013301
0 0.674657 0.689402 0.012026 0.011907
0 0.353817 0.594668 0.012720 0.012583
0 0.266863 0.526750 0.013673 0.013418
0 0.917978 0.446099 0.009590 0.010227
0 0.096052 0.558519 0.012446 0.012713
0 0.507750 0.235877 0.011559 0.011567
0 0.432307 0.966792 0.014105 0.014181
0 0.619529 0.234228 0.013821 0.013812
0 0.871450 0.133821 0.011200 0.011071
0 0.612382 0.216157 0.012958 0.012894
0 0.222963 0.466907 0.012557 0.012612
0 0.230380 0.512978 0.011828 0.011692
0 0.937504 0.928441 0.013188 0.013053
0 0.245275 0.017899 0.012698 0.012776
0 0.344825 0.295671 0.023466 0.023353
0 0.078556 0.681747 0.013511 0.013649
0 0.331330 0.517415 0.011237 0.011135
0 0.766070 0.823180 0.012175 0.012389
0 0.441531 0.198164 0.014350 0.014148
0 0.847803 0.718030 0.019773 0.018794
0 0.441571 0.058837 0.011534 0.011545
0 0.227184 0.650251 0.012625 0.012550
0 0.996958 0.589237 0.006041 0.012328
0 0.884530 0.014411 0.011854 0.011576
0 0.745326 0.005006 0.009065 0.008659
0 0.585979 0.017696 0.012691 0.012695
0 0.667564 0.854753 0.011963 0.011987
0 0.345504 0.719839 0.011905 0.011857
0 0.527607 0.385885 0.011788 0.011856
0 0.530176 0.637271 0.022955 0.023178
0 0.147133 0.374707 0.011158 0.011019
0 0.395135 0.800034 0.012401 0.012368
0 0.409820 0.806928 0.012020 0.011653
0 0.775654 0.322283 0.010686 0.010824
0 0.617675 0.023988 0.011027 0.011091
0 0.788150 0.004376 0.013168 0.008753
0 0.701560 0.820833 0.020033 0.019919
0 0.472063 0.858719 0.011819 0.012729
0 0.538092 0.746778 0.011854 0.011958
0 0.022575 0.642149 0.010539 0.010236
0 0.265065 0.273079 0.010444 0.009933
0 0.567972 0.947767 0.011845 0.011804
0 0.049098 0.497073 0.012258 0.011916
0 0.622293 0.714271 0.010970 0.010829
0 0.067830 0.426455 0.012122 0.012417
0 0.731763 0.331299 0.010962 0.011020
0 0.133341 0.293000 0.011315 0.010985
0 0.921100 0.144952 0.018948 0.019145
0 0.752873 0.143114 0.011003 0.011176
