0 0.367829 0.086564 0.013023 0.012982
0 0.551494 0.212647 0.011593 0.011536
0 0.916893 0.615445 0.013280 0.013067
0 0.906444 0.448592 0.013780 0.013789
0 0.269273 0.078140 0.012754 0.012621
0 0.828784 0.565655 0.012386 0.012426
0 0.749815 0.616199 0.013707 0.013583
0 0.070534 0.294704 0.013419 0.013422
0 0.849306 0.495032 0.013010 0.012938
0 0.480613 0.733601 0.014724 0.014725
0 0.781283 0.656070 0.014219 0.014177
0 0.706195 0.088269 0.012630 0.012625
0 0.292491 0.063692 0.012972 0.012800
0 0.580558 0.300363 0.012558 0.012337
0 0.441463 0.099123 0.014188 0.014261
0 0.149586 0.400654 0.012518 0.012282
0 0.286797 0.629628 0.014153 0.013983
0 0.575039 0.190168 0.012288 0.012587
0 0.736728 0.182781 0.011935 0.012014
0 0.125400 0.559898 0.013663 0.013665
0 0.857990 0.348023 0.011270 0.011200
0 0.550107 0.363580 0.012074 0.012013
0 0.956111 0.911683 0.011715 0.011615
0 0.042162 0.405312 0.013063 0.013038
0 0.090380 0.350661 0.012888 0.012975
0 0.436116 0.025847 0.012611 0.012361
0 0.920836 0.047467 0.013513 0.013384
0 0.554367 0.397024 0.013122 0.013164
0 0.524760 0.346751 0.013036 0.012786
0 0.370577 0.484579 0.012846 0.013065
0 0.899450 0.522576 0.011872 0.011911
0 0.788935 0.308860 0.012309 0.012364
0 0.368390 0.256659 0.013198 0.013217
0 0.754273 0.238284 0.013519 0.013508
0 0.315779 0.703775 0.012917 0.012768
0 0.528930 0.052296 0.011893 0.011974
0 0.235492 0.587154 0.011360 0.011435
0 0.651221 0.132900 0.012280 0.012178
0 0.095078 0.057143 0.013070 0.013010
0 0.144591 0.601159 0.014851 0.015288
0 0.295821 0.910485 0.013678 0.013515
0 0.403898 0.526840 0.013817 0.013567
0 0.479598 0.252547 0.014038 0.013834
0 0.224944 0.650478 0.012864 0.012285
0 0.236764 0.709043 0.013504 0.013357
0 0.213168 0.674816 0.010898 0.010947
0 0.796541 0.913697 0.012703 0.012388
0 0.215818 0.233908 0.014727 0.014717
0 0.734698 0.580364 0.011443 0.011167
0 0.631553 0.751041 0.013639 0.013541
0 0.516219 0.793017 0.013467 0.013693
0 0.570521 0.603972 0.014020 0.014211
0 0.994358 0.057523 0.011142 0.013321
0 0.147946 0.774815 0.012780 0.012742
0 0.222970 0.468126 0.012340 0.012324
0 0.986230 0.099023 0.012410 0.012145
0 0.416551 0.137376 0.012377 0.012459
0 0.235391 0.897472 0.013065 0.012837
0 0.211476 0.092396 0.011181 0.011181
0 0.494271 0.784415 0.013922 0.013855
0 0.923786 0.134133 0.012540 0.012509
0 0.161087 0.448121 0.012306 0.012333
0 0.782487 0.254729 0.012455 0.012275
0 0.713553 0.355487 0.010431 0.010215
0 0.187700 0.891399 0.013844 0.013654
0 0.190957 0.748558 0.011363 0.011391
0 0.492015 0.355089 0.010627 0.010690
0 0.814698 0.171279 0.012870 0.013001
0 0.441535 0.058452 0.012932 0.012717
0 0.543863 0.973450 0.012579 0.012375
0 0.109987 0.980762 0.013818 0.013721
0 0.408871 0.324389 0.010326 0.010496
0 0.071501 0.652382 0.011870 0.011874
0 0.073735 0.682800 0.011622 0.011381
0 0.462656 0.959247 0.014235 0.014130
0 0.049069 0.587220 0.011166 0.011330
0 0.629249 0.996351 0.012271 0.007298
0 0.596995 0.960926 0.014646 0.014317
0 0.429329 0.182465 0.011003 0.010676
0 0.789280 0.004907 0.013221 0.009799
0 0.130214 0.893316 0.013457 0.013487
0 0.495683 0.542770 0.012532 0.012565
0 0.569312 0.556140 0.011974 0.011367
0 0.282240 0.734183 0.012093 0.012215
0 0.331233 0.517966 0.012234 0.012278
0 0.700396 0.242725 0.011413 0.011821
0 0.996074 0.165260 0.007853 0.012358
0 0.604651 0.456941 0.011429 0.011344
0 0.961224 0.266127 0.010127 0.010447
0 0.423331 0.555419 0.014344 0.014155
0 0.371425 0.809076 0.011011 0.011005
0 0.571735 0.904582 0.009410 0.009411
0 0.799613 0.018270 0.011965 0.011691
0 0.122955 0.343483 0.011110 0.011181
0 0.114993 0.747614 0.011424 0.011434
0 0.774362 0.004720 0.013578 0.009436
0 0.345608 0.863249 0.009871 0.009959
0 0.821801 0.184159 0.012404 0.012602
0 0.514567 0.847041 0.010196 0.010257
