0 0.038995 0.461810 0.013201 0.013047
0 0.157640 0.790357 0.012317 0.012240
0 0.109151 0.816197 0.014430 0.014134
0 0.044555 0.540441 0.013227 0.013038
0 0.287013 0.491672 0.013009 0.012884
0 0.604166 0.899518 0.012838 0.012838
0 0.974542 0.503334 0.013628 0.013585
0 0.745259 0.852323 0.012601 0.012597
0 0.080867 0.502606 0.013426 0.013514
0 0.205048 0.364847 0.012506 0.012500
0 0.942349 0.845591 0.013018 0.013137
0 0.908808 0.967392 0.013238 0.013129
0 0.792298 0.347442 0.013022 0.012977
0 0.060644 0.939330 0.013317 0.013188
0 0.381932 0.875376 0.013406 0.013390
0 0.804994 0.024518 0.012752 0.012477
0 0.338261 0.019592 0.012329 0.012223
0 0.053055 0.839666 0.013172 0.013401
0 0.307328 0.107024 0.013738 0.013710
0 0.956172 0.667459 0.013846 0.013852
0 0.184856 0.351626 0.013034 0.013014
0 0.111575 0.264525 0.012926 0.012798
0 0.593244 0.162569 0.013713 0.013465
0 0.457897 0.576908 0.012471 0.012653
0 0.857660 0.070966 0.013990 0.013987
0 0.720001 0.599309 0.013865 0.013799
0 0.241154 0.621810 0.012998 0.012945
0 0.645839 0.936463 0.013452 0.013426
0 0.400186 0.848426 0.013407 0.013359
0 0.841343 0.558062 0.013784 0.013677
0 0.264133 0.071646 0.012158 0.011993
0 0.808280 0.845697 0.012107 0.012078
0 0.772517 0.534769 0.013328 0.013077
0 0.531631 0.433966 0.013080 0.012983
0 0.708350 0.770909 0.012996 0.012965
0 0.838815 0.310205 0.012563 0.012716
0 0.438860 0.300664 0.014147 0.014099
0 0.221117 0.330955 0.013345 0.013388
0 0.477863 0.508391 0.012771 0.012677
0 0.747607 0.122590 0.013614 0.013636
0 0.943292 0.110527 0.013849 0.013661
0 0.028835 0.686389 0.013935 0.013912
0 0.777910 0.383430 0.013196 0.013166
0 0.539355 0.395463 0.012812 0.012793
0 0.049980 0.415888 0.015181 0.015245
0 0.355875 0.401418 0.013722 0.013589
0 0.421447 0.189892 0.013824 0.013675
0 0.478095 0.675761 0.014061 0.014191
0 0.196018 0.495661 0.012999 0.013046
0 0.461540 0.759042 0.013317 0.013377
0 0.643405 0.299874 0.013414 0.013397
0 0.270148 0.575860 0.013006 0.012657
0 0.631225 0.622153 0.014179 0.014066
0 0.897481 0.701990 0.012673 0.012641
0 0.595880 0.219391 0.012712 0.012648
0 0.937913 0.750261 0.012941 0.013041
0 0.909451 0.366503 0.013520 0.013491
0 0.862801 0.660709 0.012568 0.012517
0 0.699075 0.587036 0.014096 0.014151
0 0.071379 0.288573 0.013122 0.013028
0 0.533328 0.545828 0.014284 0.014146
0 0.163948 0.965105 0.012277 0.012522
0 0.112151 0.391231 0.013195 0.013158
0 0.233431 0.052586 0.014359 0.014540
0 0.505791 0.495996 0.013584 0.013473
0 0.842960 0.940503 0.013135 0.013169
0 0.746161 0.407105 0.013344 0.013191
0 0.822725 0.630364 0.012315 0.012304
0 0.114759 0.898787 0.013565 0.013259
0 0.743647 0.816553 0.012152 0.012170
0 0.594557 0.572103 0.013790 0.013640
0 0.480809 0.731506 0.013337 0.013435
0 0.832464 0.138912 0.012854 0.012954
0 0.929790 0.233240 0.014217 0.014320
0 0.049805 0.233383 0.013588 0.013482
0 0.974063 0.174796 0.012869 0.012806
0 0.356671 0.360283 0.013371 0.013322
0 0.665837 0.280928 0.012785 0.012685
0 0.687807 0.331423 0.014006 0.014051
0 0.542680 0.499247 0.012720 0.012554
0 0.408545 0.709983 0.013010 0.012918
0 0.440462 0.388073 0.014077 0.013961
0 0.132234 0.115028 0.013772 0.014028
0 0.418826 0.331388 0.013146 0.013132
0 0.787135 0.139929 0.013650 0.013744
0 0.961362 0.574560 0.012075 0.012076
0 0.448090 0.906809 0.013178 0.013089
0 0.438250 0.871984 0.013905 0.013977
0 0.885445 0.841531 0.012083 0.012026
0 0.559841 0.259079 0.012422 0.012353
0 0.057172 0.195044 0.013486 0.013654
0 0.360148 0.692664 0.012699 0.012484
0 0.043580 0.977939 0.014009 0.013982
0 0.026943 0.886897 0.013034 0.012963
0 0.854869 0.603847 0.014551 0.014575
0 0.874350 0.395497 0.012830 0.012659
0 0.129730 0.198300 0.013919 0.014068
0 0.939863 0.016979 0.013276 0.013318
0 0.491076 0.241907 0.012793 0.012610
0 0.820963 0.404858 0.013884 0.014053
0 0.114980 0.658270 0.012552 0.012414
0 0.916805 0.650727 0.012824 0.012771
0 0.368182 0.648656 0.013246 0.013154
0 0.480878 0.107716 0.013944 0.013845
0 0.935263 0.976938 0.012714 0.012855
0 0.554479 0.476766 0.014188 0.014203
0 0.022049 0.381430 0.013656 0.013573
0 0.640727 0.253421 0.016026 0.016022
0 0.262226 0.984733 0.012289 0.012376
0 0.579222 0.262506 0.012499 0.012671
0 0.454520 0.014401 0.013386 0.013439
0 0.298493 0.563969 0.013805 0.014222
0 0.177045 0.806461 0.013395 0.013380
0 0.225670 0.679240 0.014556 0.014391
0 0.876471 0.120390 0.013525 0.013573
0 0.079616 0.077642 0.012443 0.012216
0 0.862328 0.773157 0.012208 0.012161
0 0.489134 0.154497 0.014414 0.014335
0 0.790218 0.187137 0.012801 0.012414
0 0.615615 0.049436 0.014302 0.014177
0 0.562042 0.594195 0.013333 0.013369
0 0.801175 0.219848 0.014891 0.015002
0 0.606259 0.680015 0.013909 0.014241
0 0.329089 0.763853 0.013575 0.013585
0 0.340325 0.985582 0.012363 0.012559
0 0.649801 0.846401 0.013387 0.013381
0 0.892100 0.108641 0.013222 0.013489
0 0.282503 0.198787 0.013341 0.013123
0 0.315026 0.899582 0.015000 0.014772
0 0.737738 0.161700 0.013484 0.013603
0 0.356407 0.250602 0.014009 0.014171
0 0.525980 0.023415 0.013158 0.013097
0 0.780308 0.629057 0.014710 0.014751
0 0.322733 0.724953 0.013005 0.012803
0 0.937025 0.871487 0.013631 0.013386
0 0.727052 0.516804 0.013581 0.013498
0 0.245479 0.158752 0.014321 0.014356
0 0.559810 0.623024 0.013638 0.013656
0 0.993061 0.408249 0.012567 0.012469
0 0.551234 0.685548 0.015266 0.015084
0 0.014404 0.644657 0.012153 0.012307
0 0.760593 0.316857 0.012983 0.013066
0 0.189773 0.007145 0.012712 0.012944
0 0.526793 0.217626 0.013639 0.013961
0 0.351714 0.588444 0.015205 0.014963
0 0.770286 0.598196 0.014814 0.014752
0 0.938547 0.133202 0.011502 0.010968
0 0.312346 0.640515 0.014279 0.014393
0 0.862457 0.747340 0.013897 0.013950
0 0.982514 0.192272 0.012843 0.012749
0 0.022738 0.995477 0.013183 0.009047
0 0.018619 0.171747 0.013251 0.013177
0 0.340415 0.085427 0.013995 0.013885
0 0.133238 0.830367 0.012563 0.012287
0 0.060601 0.956955 0.012838 0.012665
0 0.013365 0.610328 0.014549 0.014661
0 0.486286 0.455754 0.013231 0.013323
0 0.821157 0.962596 0.013770 0.013462
0 0.961887 0.879035 0.013812 0.013794
0 0.724481 0.268574 0.012660 0.012875
0 0.424122 0.423180 0.014643 0.014456
0 0.375735 0.343703 0.015243 0.015329
0 0.778285 0.753604 0.012489 0.012830
0 0.013589 0.447279 0.014224 0.013943
0 0.269734 0.668045 0.013696 0.013743
0 0.481390 0.267619 0.015038 0.015073
0 0.387259 0.973444 0.012435 0.012435
0 0.411025 0.669395 0.013881 0.013980
0 0.467787 0.327899 0.014127 0.013786
0 0.158783 0.264059 0.013601 0.013426
0 0.319391 0.952748 0.012736 0.012731
0 0.147965 0.432870 0.013589 0.013435
0 0.186778 0.552003 0.015046 0.015109
0 0.145460 0.840825 0.013311 0.013092
0 0.554819 0.658090 0.013641 0.013614
0 0.148629 0.430871 0.013290 0.013505
0 0.265627 0.719173 0.013842 0.013964
0 0.844038 0.184622 0.014331 0.014226
0 0.456238 0.556934 0.012344 0.012331
0 0.310188 0.045025 0.013601 0.013753
0 0.859790 0.837167 0.012527 0.012204
0 0.888432 0.997705 0.012875 0.004578
0 0.779815 0.458056 0.014496 0.014067
0 0.165107 0.563532 0.013608 0.013563
0 0.880616 0.176725 0.013672 0.013664
0 0.417773 0.469632 0.008976 0.008987
0 0.408317 0.428359 0.013327 0.013168
0 0.589688 0.611537 0.013567 0.013771
0 0.229158 0.079735 0.011246 0.011473
0 0.865010 0.011975 0.012986 0.012980
0 0.922748 0.140744 0.015052 0.014609
0 0.849187 0.711605 0.022763 0.022927
0 0.675104 0.642439 0.014746 0.014613
0 0.222315 0.746490 0.011040 0.011070
0 0.123296 0.433785 0.010188 0.010049
0 0.879052 0.170135 0.013577 0.013529
0 0.348736 0.308285 0.013156 0.012282
0 0.783414 0.456658 0.014053 0.013941
0 0.879775 0.173108 0.013694 0.013710
0 0.177411 0.263124 0.013367 0.013261
