0 0.723896 0.496034 0.013761 0.013618
0 0.804357 0.553143 0.012278 0.011878
0 0.400769 0.881597 0.013344 0.013321
0 0.748482 0.619151 0.013376 0.013215
0 0.596287 0.480539 0.013378 0.013255
0 0.244228 0.445393 0.013556 0.013471
0 0.582120 0.877023 0.012869 0.012834
0 0.153653 0.484677 0.012210 0.012098
0 0.273705 0.415540 0.013690 0.013554
0 0.646587 0.704350 0.012211 0.012260
0 0.053471 0.471136 0.012187 0.012388
0 0.239043 0.694937 0.013901 0.013910
0 0.283193 0.064176 0.013405 0.013531
0 0.551705 0.407885 0.013014 0.012903
0 0.405820 0.130172 0.014835 0.015022
0 0.920641 0.328241 0.012405 0.012440
0 0.475772 0.460553 0.012858 0.012897
0 0.470355 0.516117 0.012841 0.012810
0 0.344244 0.906017 0.011011 0.010925
0 0.117669 0.496065 0.011213 0.011404
0 0.448700 0.958252 0.013110 0.013091
0 0.875348 0.643639 0.013603 0.013470
0 0.779362 0.535592 0.012461 0.012456
0 0.528932 0.486047 0.012335 0.012139
0 0.286675 0.608624 0.013286 0.013128
0 0.623358 0.881451 0.012094 0.012106
0 0.621268 0.935777 0.012078 0.012023
0 0.184684 0.891936 0.012811 0.012765
0 0.541823 0.975413 0.011380 0.011164
0 0.403732 0.631943 0.012645 0.012473
0 0.099024 0.430405 0.011774 0.011546
0 0.159677 0.202295 0.012182 0.012247
0 0.050078 0.760696 0.011613 0.011526
0 0.335787 0.463766 0.013378 0.013478
0 0.011237 0.412594 0.014427 0.014335
0 0.275836 0.741457 0.012853 0.012672
0 0.715434 0.366981 0.012051 0.012162
0 0.568394 0.454330 0.012625 0.012614
0 0.837588 0.055527 0.013251 0.013329
0 0.769057 0.858060 0.012258 0.012251
0 0.659007 0.569222 0.012506 0.012534
0 0.562708 0.613701 0.012996 0.013055
0 0.331057 0.518358 0.012554 0.012342
0 0.415147 0.715961 0.012717 0.012630
0 0.591620 0.952757 0.010231 0.010234
0 0.691943 0.621016 0.012163 0.012379
0 0.481356 0.046294 0.013094 0.013011
0 0.305501 0.257598 0.014274 0.014139
0 0.029531 0.478266 0.011739 0.011621
0 0.057554 0.537747 0.012644 0.012619
0 0.061938 0.817151 0.012450 0.012168
0 0.107786 0.980586 0.013267 0.013562
0 0.841205 0.964339 0.011848 0.012091
0 0.503099 0.492440 0.012447 0.012691
0 0.225478 0.990688 0.013377 0.013390
0 0.839059 0.901392 0.013346 0.013250
0 0.665355 0.232911 0.013573 0.013394
0 0.763742 0.276529 0.012293 0.012252
0 0.749803 0.323535 0.012481 0.012353
0 0.223563 0.469649 0.012303 0.012400
0 0.057467 0.686103 0.014113 0.014108
0 0.022528 0.313706 0.012500 0.012411
0 0.509564 0.059021 0.012109 0.011974
0 0.814286 0.487800 0.013899 0.013883
0 0.979298 0.831807 0.012625 0.012624
0 0.855332 0.764463 0.013175 0.013024
0 0.857081 0.688992 0.012437 0.012396
0 0.861794 0.572261 0.011462 0.011335
0 0.995169 0.425354 0.009298 0.009591
0 0.513226 0.979431 0.011589 0.011410
0 0.005757 0.755331 0.011515 0.014381
0 0.618743 0.484334 0.012594 0.012901
0 0.045807 0.524059 0.011994 0.011846
0 0.398953 0.495056 0.011700 0.011676
0 0.417397 0.008273 0.012485 0.012589
0 0.161083 0.266024 0.012681 0.012619
0 0.396485 0.943118 0.009324 0.009329
0 0.122883 0.071951 0.013858 0.013796
0 0.223704 0.648334 0.011987 0.011953
0 0.595259 0.008178 0.014138 0.014056
0 0.126752 0.412331 0.011753 0.011943
0 0.179468 0.196709 0.013739 0.013814
0 0.164601 0.382542 0.011847 0.011740
0 0.165356 0.004295 0.012275 0.008552
0 0.776709 0.230716 0.012606 0.012376
0 0.506408 0.701358 0.012113 0.012125
0 0.858544 0.203873 0.013807 0.013451
0 0.024628 0.562141 0.012261 0.012188
0 0.065683 0.246737 0.011120 0.011365
0 0.348876 0.626276 0.011095 0.010663
0 0.422065 0.554864 0.012817 0.012512
0 0.741150 0.811518 0.012500 0.012370
0 0.787931 0.005725 0.012744 0.011217
0 0.850319 0.705344 0.021782 0.021878
0 0.700331 0.172030 0.012392 0.012314
0 0.322935 0.348279 0.013349 0.012728
0 0.535453 0.346170 0.014019 0.014169
0 0.038348 0.325629 0.011670 0.012103
0 0.456911 0.070820 0.014013 0.014587
0 0.851302 0.182766 0.012842 0.012936
0 0.028011 0.529873 0.008394 0.007960
0 0.966545 0.050121 0.013183 0.013153
0 0.998091 0.411633 0.003766 0.009406
0 0.531527 0.629447 0.022585 0.022516
