0 0.064876 0.486669 0.014226 0.014337
0 0.646718 0.224412 0.012449 0.012591
0 0.456760 0.327466 0.012281 0.012124
0 0.142764 0.309241 0.012930 0.012988
0 0.212556 0.544855 0.012673 0.012637
0 0.331715 0.425367 0.013485 0.013643
0 0.166560 0.584562 0.013985 0.013925
0 0.026485 0.722285 0.014327 0.014172
0 0.096616 0.599325 0.012746 0.012585
0 0.459755 0.957634 0.012899 0.013016
0 0.540374 0.324190 0.012430 0.012220
0 0.809884 0.872963 0.014095 0.013959
0 0.613741 0.368589 0.011514 0.011586
0 0.684394 0.437900 0.012273 0.012082
0 0.710820 0.753281 0.011781 0.011506
0 0.186643 0.889539 0.013204 0.013235
0 0.544695 0.904966 0.012232 0.012418
0 0.854308 0.028453 0.012167 0.012197
0 0.455253 0.054164 0.012426 0.012629
0 0.282840 0.116255 0.013885 0.013773
0 0.382956 0.571481 0.013207 0.013320
0 0.213714 0.335633 0.013012 0.013015
0 0.762567 0.950117 0.012546 0.012420
0 0.151338 0.751999 0.012379 0.012023
0 0.183662 0.215189 0.012438 0.012424
0 0.639440 0.890302 0.012448 0.012388
0 0.064917 0.394855 0.013033 0.013004
0 0.222147 0.467147 0.013043 0.013152
0 0.184809 0.076647 0.012448 0.012565
0 0.085097 0.222924 0.012377 0.012420
0 0.545697 0.615763 0.010765 0.010791
0 0.516122 0.950102 0.011908 0.011880
0 0.252911 0.617298 0.013447 0.013522
0 0.345167 0.295893 0.022942 0.022990
0 0.249775 0.777473 0.011221 0.011028
0 0.542887 0.972402 0.012927 0.012565
0 0.393180 0.825336 0.011677 0.011621
0 0.814949 0.598973 0.011842 0.011811
0 0.503364 0.589361 0.012492 0.012366
0 0.195886 0.426640 0.011921 0.012075
0 0.693307 0.568835 0.011937 0.012025
0 0.455360 0.517356 0.012105 0.012066
0 0.269549 0.845489 0.011971 0.011931
0 0.419065 0.708736 0.012173 0.012043
0 0.507921 0.344464 0.012025 0.011789
0 0.404977 0.615724 0.012893 0.012999
0 0.759069 0.866290 0.012450 0.012391
0 0.226874 0.649603 0.012723 0.012222
0 0.496273 0.388617 0.013258 0.013226
0 0.965527 0.053012 0.011457 0.011460
0 0.109723 0.979094 0.013209 0.013194
0 0.604807 0.067126 0.013164 0.013052
0 0.801620 0.111977 0.012698 0.012884
0 0.004232 0.224467 0.008461 0.012274
0 0.423363 0.166213 0.012486 0.012601
0 0.728824 0.366220 0.011399 0.011519
0 0.275790 0.351539 0.012328 0.012107
0 0.354571 0.772929 0.013600 0.013396
0 0.360660 0.834736 0.013829 0.013681
0 0.726865 0.897439 0.011385 0.011498
0 0.355308 0.478922 0.011635 0.011500
0 0.957068 0.235453 0.012018 0.011992
0 0.273583 0.375043 0.012235 0.012092
0 0.827059 0.157020 0.011987 0.011606
0 0.624099 0.112791 0.012902 0.012601
0 0.216899 0.808743 0.013218 0.013222
0 0.372406 0.308845 0.013204 0.013262
0 0.393524 0.240859 0.010420 0.010598
0 0.847774 0.718243 0.021056 0.020691
0 0.996745 0.589679 0.006459 0.014250
0 0.492411 0.451115 0.009277 0.009388
0 0.455846 0.426068 0.010174 0.010024
0 0.617848 0.677174 0.012635 0.012728
0 0.498460 0.542943 0.015891 0.015973
0 0.460906 0.640719 0.010862 0.010988
0 0.326587 0.245589 0.011403 0.011477
0 0.517480 0.477251 0.012706 0.012867
0 0.189654 0.327808 0.012993 0.013109
0 0.650163 0.693497 0.009982 0.010107
0 0.077353 0.338171 0.010468 0.010412
0 0.094505 0.787043 0.012288 0.011642
0 0.378279 0.225838 0.015444 0.015174
0 0.919015 0.144519 0.016073 0.015875
0 0.005441 0.971766 0.010728 0.012612
0 0.608085 0.714293 0.011451 0.011340
0 0.531021 0.637158 0.021950 0.022106
0 0.784560 0.729710 0.020453 0.020286
0 0.750899 0.614758 0.011214 0.011224
0 0.541702 0.664764 0.012682 0.012836
0 0.797648 0.006880 0.012023 0.012406
0 0.774232 0.004385 0.011704 0.008770
0 0.440757 0.058379 0.012213 0.011986
0 0.990992 0.466398 0.012447 0.012531
0 0.567021 0.593512 0.011005 0.010810
0 0.496101 0.542322 0.015005 0.014407
0 0.880255 0.470392 0.011225 0.011537
