0 0.027065 0.833888 0.013345 0.013277
0 0.200885 0.063093 0.012349 0.012219
0 0.285018 0.782426 0.011154 0.011121
0 0.186950 0.889166 0.013570 0.013514
0 0.650747 0.885596 0.013892 0.013912
0 0.255726 0.411492 0.012846 0.012868
0 0.390335 0.162667 0.012422 0.012459
0 0.294731 0.120565 0.012649 0.012585
0 0.097657 0.819851 0.010994 0.010815
0 0.295122 0.680914 0.012143 0.012051
0 0.467330 0.232571 0.013631 0.013541
0 0.458246 0.957693 0.013051 0.013026
0 0.252187 0.477925 0.011848 0.011645
0 0.524714 0.347168 0.012475 0.012242
0 0.404088 0.090514 0.012527 0.012581
0 0.496072 0.725271 0.011318 0.011257
0 0.203110 0.924966 0.012672 0.012547
0 0.012895 0.986832 0.013560 0.013803
0 0.600861 0.530523 0.012528 0.012437
0 0.121123 0.739979 0.012603 0.012578
0 0.342325 0.589539 0.012500 0.012471
0 0.034623 0.430621 0.012068 0.011717
0 0.735101 0.860718 0.013541 0.013531
0 0.111168 0.895819 0.013317 0.013182
0 0.380176 0.678183 0.012773 0.012434
0 0.114969 0.227145 0.010966 0.010863
0 0.109499 0.979705 0.013222 0.013211
0 0.021223 0.678058 0.011821 0.011754
0 0.610311 0.818904 0.013354 0.013123
0 0.102719 0.332864 0.011302 0.011103
0 0.748806 0.615963 0.012688 0.012378
0 0.844865 0.839215 0.011432 0.011193
0 0.321812 0.713340 0.013497 0.013460
0 0.163387 0.939004 0.012038 0.012164
0 0.579787 0.348365 0.012914 0.012797
0 0.534841 0.733782 0.010724 0.010652
0 0.477861 0.317867 0.012109 0.012239
0 0.777230 0.416741 0.012938 0.012900
0 0.094777 0.124038 0.011454 0.011511
0 0.183317 0.636151 0.013735 0.013814
0 0.233067 0.810797 0.012191 0.012152
0 0.848121 0.718838 0.018243 0.017862
0 0.117677 0.579678 0.012482 0.012482
0 0.818912 0.781950 0.012997 0.012933
0 0.712015 0.733588 0.011504 0.011214
0 0.223203 0.466340 0.012191 0.012198
0 0.225806 0.651427 0.012146 0.011754
0 0.649954 0.565798 0.013679 0.013662
0 0.046696 0.506876 0.012885 0.013035
0 0.543502 0.973659 0.011980 0.011931
0 0.257159 0.823872 0.012429 0.012322
0 0.910338 0.856993 0.011207 0.011404
0 0.597010 0.242923 0.013283 0.013148
0 0.984180 0.840114 0.010472 0.010623
0 0.530721 0.636732 0.021455 0.021691
0 0.188039 0.486400 0.012556 0.012447
0 0.710949 0.685310 0.011691 0.011524
0 0.811903 0.360977 0.013184 0.013136
0 0.664023 0.812459 0.011620 0.011754
0 0.383377 0.795579 0.011346 0.011131
0 0.761206 0.498132 0.012896 0.012451
0 0.597744 0.850184 0.011460 0.011419
0 0.452759 0.886715 0.012037 0.012052
0 0.631163 0.240848 0.012780 0.012607
0 0.974854 0.575032 0.013452 0.013512
0 0.007187 0.461454 0.012601 0.012489
0 0.665013 0.756730 0.010900 0.011046
0 0.764066 0.138382 0.013312 0.013122
0 0.112674 0.717308 0.013491 0.013511
0 0.775253 0.567459 0.010320 0.010213
0 0.259519 0.892983 0.010575 0.010428
0 0.344182 0.297209 0.022185 0.021850
0 0.313963 0.525591 0.011119 0.011024
0 0.580056 0.024191 0.012395 0.012322
0 0.120271 0.417696 0.010198 0.010257
0 0.103715 0.742569 0.010863 0.010527
0 0.769110 0.594669 0.010962 0.010980
0 0.522322 0.016915 0.014454 0.014546
0 0.066703 0.936499 0.009467 0.009585
0 0.372784 0.624624 0.014589 0.013536
0 0.799028 0.367434 0.010085 0.009888
0 0.330486 0.517703 0.010853 0.010789
0 0.450496 0.214198 0.015721 0.015835
0 0.700033 0.821384 0.019052 0.018825
