0 0.968215 0.361271 0.014199 0.013855
0 0.474512 0.249221 0.017770 0.017649
0 0.831562 0.415410 0.014622 0.014351
0 0.584643 0.938897 0.018442 0.018045
0 0.723851 0.444965 0.014661 0.014625
0 0.554111 0.782457 0.014353 0.014212
0 0.823962 0.026033 0.013585 0.013409
0 0.750793 0.034507 0.016015 0.015791
0 0.162935 0.242307 0.015630 0.015446
0 0.969161 0.604036 0.014328 0.014384
0 0.802903 0.563258 0.014367 0.014282
0 0.924790 0.381276 0.014282 0.014255
0 0.114842 0.695771 0.014845 0.014906
0 0.455918 0.790612 0.014235 0.014209
0 0.948746 0.674508 0.014305 0.014170
0 0.398734 0.858036 0.013860 0.013802
0 0.481242 0.369478 0.015279 0.015406
0 0.705448 0.738205 0.014892 0.015001
0 0.657460 0.787963 0.014264 0.014501
0 0.291924 0.475972 0.014672 0.014586
0 0.825067 0.382043 0.014796 0.014778
0 0.813993 0.592327 0.014442 0.014432
0 0.960912 0.785273 0.014178 0.014253
0 0.488845 0.736434 0.014669 0.015006
0 0.415663 0.052988 0.013622 0.013583
0 0.189887 0.578987 0.015568 0.015515
0 0.566298 0.532272 0.013955 0.013962
0 0.839735 0.506422 0.014984 0.014850
0 0.721481 0.388406 0.014701 0.014876
0 0.938619 0.619859 0.014108 0.014153
0 0.317855 0.366797 0.015063 0.015009
0 0.682821 0.463937 0.014002 0.014101
0 0.424589 0.609272 0.014530 0.014536
0 0.017848 0.779969 0.013212 0.013121
0 0.345760 0.488234 0.014586 0.014518
0 0.868214 0.255872 0.014151 0.014282
0 0.867366 0.027753 0.013739 0.013635
0 0.517356 0.201489 0.015316 0.015206
0 0.312584 0.561978 0.014170 0.014324
0 0.830128 0.106644 0.014231 0.014102
0 0.083400 0.436010 0.015579 0.015434
0 0.627761 0.445848 0.015497 0.015668
0 0.347537 0.300721 0.022792 0.022367
0 0.383961 0.710122 0.015630 0.015437
0 0.849539 0.720790 0.022339 0.021958
0 0.189423 0.382007 0.015600 0.015973
0 0.189913 0.208438 0.015449 0.015249
0 0.403276 0.446594 0.014677 0.014423
0 0.116231 0.781592 0.014484 0.014404
0 0.214215 0.018090 0.015045 0.014989
0 0.859761 0.817070 0.015280 0.015159
0 0.473096 0.482044 0.014314 0.014281
0 0.068081 0.542955 0.014877 0.014782
0 0.872680 0.213745 0.014791 0.014784
0 0.267268 0.211707 0.015773 0.015477
0 0.712520 0.662227 0.014146 0.014217
0 0.462849 0.102528 0.014414 0.014632
0 0.308543 0.044671 0.015477 0.015386
0 0.302977 0.733637 0.014736 0.014641
0 0.066069 0.900217 0.014349 0.014290
0 0.780061 0.254709 0.013539 0.013539
0 0.553731 0.215064 0.014502 0.014451
0 0.950983 0.072077 0.015882 0.015942
0 0.423211 0.978376 0.014487 0.014162
0 0.646326 0.835641 0.014640 0.014558
0 0.564952 0.490747 0.015791 0.015776
0 0.061102 0.045635 0.014241 0.014564
0 0.377113 0.229517 0.018881 0.018888
0 0.590199 0.575858 0.014579 0.014553
0 0.730240 0.329762 0.015320 0.014925
0 0.093003 0.401469 0.016998 0.016488
0 0.899079 0.871355 0.014854 0.014781
0 0.589243 0.056962 0.014922 0.015045
0 0.275760 0.872005 0.014761 0.014671
0 0.773457 0.236470 0.014377 0.013993
0 0.125843 0.269149 0.015413 0.015355
0 0.296487 0.713167 0.015287 0.015194
0 0.637872 0.117668 0.014953 0.015050
0 0.095238 0.341737 0.015357 0.015648
0 0.172379 0.343644 0.014972 0.014859
0 0.395821 0.606887 0.013911 0.013950
0 0.981323 0.979025 0.015702 0.015827
0 0.533902 0.640698 0.022670 0.022103
0 0.665018 0.921348 0.013499 0.013479
0 0.015140 0.209906 0.015105 0.014960
0 0.170679 0.887071 0.014779 0.014688
0 0.721065 0.901161 0.014063 0.013974
0 0.471354 0.168625 0.017179 0.017007
0 0.169281 0.067623 0.016187 0.016574
0 0.366000 0.030492 0.013435 0.013383
0 0.992422 0.443420 0.015062 0.016558
0 0.593888 0.020230 0.014836 0.014960
0 0.362950 0.994687 0.016671 0.010546
0 0.794221 0.759540 0.014334 0.014548
0 0.993256 0.825978 0.013489 0.015684
0 0.697405 0.028352 0.013906 0.013766
0 0.062655 0.756125 0.014216 0.014307
0 0.068426 0.576748 0.021633 0.021826
0 0.366446 0.584129 0.015541 0.015218
0 0.076473 0.357621 0.016395 0.015833
0 0.636170 0.088211 0.022013 0.022136
0 0.422245 0.643420 0.013033 0.012974
0 0.534701 0.727633 0.016731 0.016761
0 0.671272 0.193601 0.020744 0.020463
0 0.087640 0.933319 0.014249 0.014226
0 0.031734 0.223678 0.014545 0.014068
0 0.703672 0.823055 0.022730 0.022674
0 0.888350 0.259656 0.018077 0.018426
0 0.139740 0.036676 0.016629 0.016519
0 0.484287 0.005469 0.015750 0.010909
0 0.146349 0.891111 0.016254 0.016657
0 0.451870 0.215606 0.020127 0.019902
0 0.077070 0.773029 0.014234 0.013829
0 0.004793 0.922510 0.009340 0.015434
0 0.922381 0.148263 0.021396 0.021227
0 0.103467 0.984240 0.014769 0.014902
0 0.553887 0.010196 0.014579 0.014780
0 0.265448 0.245764 0.019269 0.018952
0 0.790114 0.736780 0.017917 0.017393
0 0.045926 0.327442 0.019582 0.019501
0 0.866405 0.307776 0.013462 0.013294
0 0.977347 0.094066 0.015319 0.015152
0 0.707506 0.916518 0.013566 0.013354
0 0.117668 0.983873 0.012151 0.012546
0 0.997883 0.851271 0.004211 0.015998
0 0.003045 0.924078 0.006025 0.015354
