0 0.943370 0.565662 0.013990 0.013943
0 0.686654 0.684538 0.012887 0.012514
0 0.566399 0.394471 0.012976 0.012877
0 0.820887 0.611076 0.013464 0.013385
0 0.531667 0.555167 0.012685 0.012396
0 0.406724 0.466892 0.012895 0.012782
0 0.477937 0.374513 0.013757 0.013842
0 0.748947 0.618409 0.013605 0.013432
0 0.543457 0.468562 0.013540 0.013279
0 0.613151 0.901561 0.013250 0.013307
0 0.567440 0.285579 0.013104 0.013050
0 0.502884 0.345440 0.011090 0.011021
0 0.397696 0.637403 0.012504 0.012438
0 0.669212 0.585669 0.012466 0.012385
0 0.961034 0.740281 0.013168 0.013365
0 0.863612 0.923343 0.011226 0.011119
0 0.449249 0.226366 0.013526 0.013466
0 0.572869 0.690352 0.011660 0.011318
0 0.524845 0.348701 0.012921 0.012675
0 0.373789 0.048846 0.013791 0.013625
0 0.813822 0.501641 0.012307 0.012222
0 0.140273 0.235679 0.012274 0.012316
0 0.502998 0.229246 0.012929 0.012872
0 0.215663 0.225800 0.013049 0.013044
0 0.643711 0.581420 0.012631 0.012739
0 0.622011 0.776475 0.014419 0.014158
0 0.331532 0.518496 0.012044 0.012013
0 0.597065 0.591375 0.014290 0.014310
0 0.934459 0.522375 0.013111 0.012970
0 0.706825 0.498947 0.013317 0.013425
0 0.170396 0.196396 0.011637 0.011432
0 0.116092 0.350245 0.012885 0.012910
0 0.223441 0.470038 0.013129 0.013096
0 0.109423 0.980951 0.013901 0.013778
0 0.664688 0.359758 0.012924 0.012619
0 0.189574 0.567450 0.013216 0.013220
0 0.353378 0.466322 0.012249 0.012141
0 0.150201 0.199757 0.013535 0.013381
0 0.481651 0.800740 0.012246 0.012140
0 0.035811 0.958988 0.012376 0.012577
0 0.917433 0.185452 0.011797 0.011533
0 0.168057 0.993165 0.013883 0.013393
0 0.315237 0.660624 0.012315 0.012353
0 0.295473 0.484976 0.012419 0.012217
0 0.255742 0.220983 0.013740 0.013809
0 0.828209 0.060394 0.012419 0.012429
0 0.157957 0.566010 0.011865 0.011849
0 0.287836 0.807523 0.012888 0.013016
0 0.246158 0.052724 0.011286 0.011040
0 0.782298 0.279270 0.011862 0.012047
0 0.848670 0.710470 0.020827 0.020619
0 0.635392 0.124551 0.014449 0.014606
0 0.701665 0.902813 0.012967 0.013127
0 0.492013 0.543979 0.012215 0.012273
0 0.933584 0.905335 0.011424 0.011158
0 0.513371 0.010319 0.014947 0.014765
0 0.457816 0.960804 0.012754 0.012679
0 0.825747 0.180572 0.013316 0.013296
0 0.909911 0.981429 0.012059 0.012102
0 0.346315 0.113354 0.012000 0.012076
0 0.804627 0.764325 0.013108 0.013360
0 0.621272 0.656745 0.012437 0.012470
0 0.185304 0.891282 0.012780 0.012686
0 0.591894 0.350717 0.012828 0.012626
0 0.422571 0.555876 0.013580 0.013380
0 0.856202 0.803438 0.012685 0.012477
0 0.412479 0.726162 0.012464 0.012610
0 0.297921 0.928802 0.013124 0.012975
0 0.911511 0.341055 0.013246 0.013331
0 0.165607 0.223615 0.013955 0.013915
0 0.540473 0.973503 0.011726 0.011679
0 0.226282 0.921997 0.011694 0.011306
0 0.820663 0.472263 0.013024 0.013075
0 0.158070 0.281070 0.011774 0.011554
0 0.225575 0.650969 0.012884 0.012484
0 0.565523 0.640947 0.012180 0.012244
0 0.102856 0.079040 0.011127 0.011270
0 0.527800 0.092495 0.011057 0.011185
0 0.786839 0.638325 0.013214 0.013097
0 0.013325 0.541602 0.011219 0.010979
0 0.659739 0.029078 0.012374 0.012220
0 0.319205 0.158238 0.012333 0.011970
0 0.109611 0.153349 0.012428 0.012535
0 0.222367 0.810019 0.011377 0.011551
0 0.997596 0.253267 0.004689 0.011305
0 0.442026 0.844563 0.011161 0.011216
0 0.968242 0.878590 0.012561 0.012315
0 0.082158 0.185823 0.014120 0.014238
0 0.007736 0.718676 0.010922 0.011100
0 0.434158 0.064376 0.011013 0.010837
0 0.446805 0.571365 0.012453 0.012612
0 0.334959 0.676222 0.011978 0.011725
0 0.998251 0.614030 0.003442 0.014777
0 0.787914 0.005337 0.012511 0.010675
0 0.337697 0.707315 0.010804 0.010663
0 0.578721 0.043290 0.010686 0.010404
0 0.492058 0.895534 0.011089 0.011038
0 0.127847 0.282024 0.012619 0.012765
0 0.345859 0.290445 0.024777 0.024610
0 0.139133 0.451021 0.012448 0.012233
0 0.724973 0.712266 0.011985 0.011792
0 0.402179 0.572228 0.010206 0.009951
