0 0.565653 0.373200 0.013359 0.013394
0 0.861879 0.446426 0.013971 0.013908
0 0.415579 0.430757 0.013777 0.013924
0 0.859544 0.659715 0.012960 0.012926
0 0.333873 0.478965 0.013390 0.013372
0 0.161814 0.628999 0.012387 0.012307
0 0.535189 0.291042 0.013644 0.013532
0 0.801968 0.407089 0.012202 0.012193
0 0.148357 0.268944 0.012198 0.012250
0 0.328705 0.329294 0.012672 0.012416
0 0.467819 0.138504 0.013344 0.013399
0 0.933351 0.838731 0.012542 0.012542
0 0.439224 0.029899 0.013015 0.012851
0 0.524891 0.349382 0.013341 0.013186
0 0.411584 0.804836 0.012911 0.012751
0 0.086510 0.630562 0.011904 0.011719
0 0.814108 0.317913 0.013477 0.013463
0 0.282425 0.686377 0.012144 0.011981
0 0.950360 0.367884 0.013094 0.013283
0 0.098581 0.189380 0.011291 0.011148
0 0.201984 0.160006 0.014118 0.014015
0 0.292838 0.149283 0.013922 0.013674
0 0.130507 0.621814 0.010944 0.010807
0 0.840848 0.328700 0.012664 0.012629
0 0.109139 0.981332 0.013515 0.013560
0 0.277551 0.273970 0.012221 0.012166
0 0.352446 0.230169 0.013599 0.013526
0 0.330670 0.518847 0.012754 0.012772
0 0.156578 0.215049 0.012356 0.012527
0 0.902726 0.568071 0.013159 0.012885
0 0.020877 0.421026 0.013752 0.013811
0 0.666959 0.174804 0.012848 0.012781
0 0.091166 0.216001 0.011603 0.011323
0 0.761873 0.502123 0.012021 0.011891
0 0.184671 0.891654 0.012878 0.012832
0 0.355618 0.679550 0.013589 0.013354
0 0.254911 0.847735 0.011536 0.011310
0 0.222874 0.469664 0.012652 0.012619
0 0.296455 0.182177 0.012496 0.012627
0 0.059625 0.614143 0.011992 0.011899
0 0.473295 0.734376 0.013112 0.012783
0 0.372483 0.115501 0.012864 0.012978
0 0.609421 0.152087 0.012821 0.012794
0 0.301002 0.290760 0.012277 0.012409
0 0.450170 0.505199 0.011608 0.011469
0 0.225311 0.652415 0.013232 0.012915
0 0.490816 0.955823 0.013845 0.013805
0 0.533068 0.080456 0.013077 0.012876
0 0.125138 0.450589 0.011938 0.011732
0 0.065793 0.389979 0.012406 0.012104
0 0.748213 0.619204 0.013214 0.013140
0 0.555713 0.408790 0.013548 0.013532
0 0.677852 0.061053 0.013610 0.013872
0 0.527962 0.928998 0.013383 0.013337
0 0.531671 0.259276 0.013632 0.013697
0 0.769684 0.421459 0.012007 0.011747
0 0.581872 0.063325 0.011437 0.011137
0 0.337016 0.029399 0.013148 0.012986
0 0.578862 0.503418 0.011132 0.011453
0 0.460603 0.959968 0.013066 0.013201
0 0.421312 0.556694 0.013941 0.013714
0 0.106728 0.460772 0.014042 0.013824
0 0.471803 0.635645 0.011913 0.012115
0 0.089003 0.802708 0.012327 0.012315
0 0.409991 0.295602 0.012733 0.012805
0 0.848526 0.241231 0.013248 0.013123
0 0.240287 0.419582 0.012480 0.012442
0 0.543921 0.976261 0.013400 0.013221
0 0.124963 0.504473 0.011235 0.010933
0 0.631168 0.817615 0.011846 0.012136
0 0.052797 0.921797 0.013217 0.013106
0 0.103073 0.518837 0.012545 0.012608
0 0.436117 0.589287 0.010090 0.009863
0 0.547195 0.087687 0.011987 0.011628
0 0.804723 0.033031 0.012524 0.012406
0 0.772143 0.600192 0.011606 0.011553
0 0.234671 0.252210 0.011830 0.011557
0 0.597431 0.666275 0.012455 0.012711
0 0.069794 0.835296 0.013255 0.013216
0 0.047120 0.366780 0.012556 0.012441
0 0.787608 0.592649 0.013147 0.012687
0 0.398576 0.570959 0.011488 0.011057
0 0.663312 0.323917 0.013096 0.012775
0 0.086947 0.352450 0.012860 0.012737
0 0.350311 0.709944 0.013258 0.013577
0 0.274782 0.128187 0.012622 0.012677
0 0.984212 0.360286 0.013554 0.013661
0 0.495618 0.543512 0.014876 0.014797
0 0.882749 0.246803 0.012763 0.013103
0 0.095887 0.264939 0.011460 0.011404
0 0.220926 0.063238 0.013018 0.013121
0 0.227701 0.513720 0.013049 0.013121
0 0.180850 0.717650 0.012838 0.012655
0 0.939703 0.006608 0.013314 0.013055
0 0.590805 0.004519 0.013934 0.009018
0 0.470764 0.604978 0.014317 0.014471
0 0.449876 0.063683 0.012365 0.012497
0 0.847294 0.710131 0.022897 0.022317
0 0.367558 0.465513 0.013703 0.013770
0 0.113555 0.084746 0.013531 0.013481
0 0.650365 0.995795 0.010310 0.008344
0 0.255651 0.555278 0.012788 0.012608
0 0.807549 0.708439 0.011860 0.011828
0 0.993000 0.949353 0.011651 0.012036
0 0.991450 0.818895 0.015078 0.015173
0 0.165095 0.545641 0.011644 0.011744
0 0.057240 0.218867 0.012405 0.012351
0 0.864401 0.076397 0.011651 0.011281
0 0.760731 0.437603 0.012078 0.012004
0 0.666017 0.493114 0.013131 0.013337
0 0.608101 0.717917 0.011556 0.010900
0 0.411913 0.969596 0.012508 0.012661
0 0.778001 0.005039 0.018865 0.010078
0 0.531424 0.629102 0.023975 0.023971
0 0.848025 0.406363 0.013157 0.014361
0 0.485493 0.092095 0.010787 0.010788
0 0.082768 0.563719 0.010554 0.010469
0 0.784508 0.726068 0.015913 0.016314
0 0.997038 0.471173 0.005913 0.014184
0 0.151644 0.545683 0.012149 0.012007
0 0.002633 0.572903 0.005194 0.010650
0 0.774978 0.004992 0.015571 0.009967
0 0.821507 0.185293 0.012048 0.011788
0 0.366274 0.453222 0.013051 0.013041
