0 0.156951 0.050477 0.013243 0.013327
0 0.146929 0.545805 0.013264 0.013207
0 0.170746 0.446187 0.014588 0.014328
0 0.013733 0.176371 0.011743 0.011535
0 0.060672 0.658420 0.013058 0.013032
0 0.142384 0.214499 0.013112 0.012998
0 0.864374 0.365312 0.012592 0.012668
0 0.040171 0.764368 0.012104 0.012076
0 0.103880 0.434089 0.013114 0.012776
0 0.066428 0.839661 0.012886 0.012507
0 0.653917 0.498463 0.012716 0.012725
0 0.866737 0.627201 0.013403 0.013334
0 0.897460 0.525105 0.012753 0.012531
0 0.166782 0.121124 0.014674 0.014645
0 0.095540 0.548050 0.012006 0.011965
0 0.096623 0.094458 0.013582 0.013546
0 0.154408 0.301358 0.012707 0.012763
0 0.499837 0.909588 0.012414 0.012149
0 0.583828 0.154728 0.013112 0.012996
0 0.956187 0.508864 0.015465 0.014998
0 0.718098 0.308598 0.012368 0.012422
0 0.785862 0.025504 0.011644 0.011329
0 0.495500 0.234814 0.013828 0.013739
0 0.278639 0.436359 0.012293 0.012143
0 0.735173 0.621635 0.014553 0.014538
0 0.564996 0.015239 0.012020 0.012034
0 0.660412 0.571788 0.015422 0.015231
0 0.264075 0.673251 0.013047 0.013134
0 0.519665 0.104872 0.014156 0.013976
0 0.113473 0.895853 0.012575 0.012376
0 0.608587 0.513364 0.012118 0.011375
0 0.624070 0.629095 0.012376 0.012274
0 0.307658 0.564984 0.013329 0.013331
0 0.877298 0.508364 0.012839 0.012818
0 0.320837 0.210416 0.013516 0.013584
0 0.182281 0.205679 0.013248 0.013274
0 0.506174 0.520660 0.012151 0.012605
0 0.164012 0.735085 0.013127 0.013183
0 0.633659 0.797904 0.011880 0.012087
0 0.727018 0.879766 0.011282 0.011106
0 0.028832 0.128733 0.013107 0.013034
0 0.158840 0.813787 0.012852 0.013105
0 0.128109 0.004425 0.011386 0.008798
0 0.454489 0.452820 0.013372 0.013317
0 0.019989 0.801603 0.013913 0.013895
0 0.589966 0.558325 0.012763 0.013074
0 0.822498 0.650306 0.013140 0.013484
0 0.314747 0.313233 0.011839 0.012079
0 0.817015 0.455223 0.011679 0.011831
0 0.542224 0.091104 0.013768 0.013801
0 0.954473 0.387146 0.014034 0.013702
0 0.489016 0.633347 0.012594 0.012577
0 0.132048 0.495657 0.013870 0.013975
0 0.499582 0.856700 0.013275 0.013382
0 0.585514 0.431979 0.014207 0.014491
0 0.171168 0.344453 0.014175 0.014268
0 0.640194 0.234372 0.013181 0.013129
0 0.771657 0.679379 0.012582 0.012411
0 0.756112 0.055770 0.013200 0.013010
0 0.598547 0.659576 0.013112 0.013152
0 0.661831 0.419877 0.012392 0.012584
0 0.048081 0.014117 0.012558 0.012799
0 0.127989 0.343745 0.013050 0.013093
0 0.556184 0.405460 0.011933 0.012077
0 0.777079 0.522856 0.011933 0.011853
0 0.798930 0.923266 0.011417 0.011478
0 0.772116 0.003752 0.011473 0.007504
0 0.777579 0.351353 0.012679 0.012652
0 0.533396 0.062900 0.013263 0.013327
0 0.468766 0.437013 0.012184 0.011976
0 0.276886 0.917951 0.012419 0.012568
0 0.820019 0.973386 0.010983 0.010881
0 0.297851 0.822402 0.011940 0.011932
0 0.104033 0.662012 0.014702 0.014607
0 0.448508 0.218318 0.015113 0.015224
0 0.660854 0.516220 0.014552 0.015228
0 0.700662 0.089614 0.014074 0.013756
0 0.828397 0.595592 0.014150 0.013947
0 0.617683 0.922571 0.012720 0.012776
0 0.017620 0.417844 0.012890 0.012747
0 0.072335 0.975941 0.011393 0.011453
0 0.451514 0.854828 0.013832 0.013817
0 0.515822 0.600900 0.013499 0.013753
0 0.721606 0.844838 0.011422 0.011799
0 0.740519 0.265362 0.011576 0.011723
0 0.838246 0.985644 0.010509 0.010603
0 0.591519 0.008547 0.010270 0.010040
0 0.989475 0.410461 0.012516 0.012018
0 0.433062 0.701734 0.011798 0.011854
0 0.819587 0.515635 0.015250 0.014817
0 0.552964 0.208730 0.013886 0.013807
0 0.872779 0.873413 0.011859 0.011928
0 0.144143 0.764340 0.012929 0.012480
0 0.573879 0.994243 0.010522 0.010184
0 0.147495 0.751314 0.011529 0.011576
0 0.991989 0.961459 0.013391 0.013155
0 0.336095 0.669505 0.012388 0.012449
0 0.799157 0.553581 0.012279 0.012434
0 0.889299 0.995007 0.012466 0.009898
0 0.925672 0.391592 0.014429 0.014408
0 0.828046 0.914312 0.010826 0.010978
0 0.485582 0.143833 0.013847 0.013705
0 0.809279 0.735898 0.011114 0.011065
0 0.886162 0.047392 0.011585 0.011367
