0 0.304904 0.464498 0.012166 0.012107
0 0.625725 0.151032 0.013023 0.013042
0 0.543093 0.088534 0.013434 0.013258
0 0.136120 0.306906 0.010981 0.010850
0 0.589110 0.635802 0.013471 0.013503
0 0.473096 0.076144 0.011471 0.011285
0 0.456563 0.102966 0.014002 0.013956
0 0.170415 0.753002 0.013768 0.013674
0 0.782683 0.401012 0.012877 0.012669
0 0.636916 0.859394 0.012446 0.012513
0 0.528406 0.511123 0.012808 0.012774
0 0.199143 0.453300 0.013137 0.012845
0 0.821749 0.396665 0.013596 0.013452
0 0.792829 0.933429 0.012954 0.012955
0 0.579866 0.343632 0.014230 0.014053
0 0.625631 0.203577 0.012551 0.012516
0 0.204845 0.603733 0.012012 0.012078
0 0.703710 0.088264 0.013269 0.013492
0 0.649759 0.900326 0.012584 0.012580
0 0.801199 0.969656 0.012830 0.012975
0 0.513878 0.748673 0.012663 0.012607
0 0.265830 0.472301 0.011009 0.011077
0 0.753122 0.224735 0.012247 0.012130
0 0.233935 0.214864 0.014069 0.013914
0 0.697548 0.201866 0.013288 0.013464
0 0.649840 0.493754 0.013645 0.013508
0 0.361510 0.777152 0.013350 0.013196
0 0.031542 0.326763 0.013023 0.012812
0 0.070179 0.678096 0.012709 0.012596
0 0.613215 0.287191 0.013196 0.013236
0 0.052488 0.594286 0.013615 0.013385
0 0.947347 0.630261 0.013869 0.013942
0 0.174448 0.513176 0.012946 0.012669
0 0.748747 0.616986 0.013266 0.013304
0 0.812228 0.949612 0.011483 0.011453
0 0.524746 0.346749 0.013359 0.013237
0 0.543877 0.973038 0.012404 0.012221
0 0.841333 0.254190 0.011999 0.011964
0 0.965465 0.584117 0.011536 0.011298
0 0.476944 0.537553 0.013025 0.012955
0 0.463362 0.961015 0.012545 0.012444
0 0.077966 0.614711 0.012801 0.012890
0 0.504139 0.221280 0.012853 0.012629
0 0.152519 0.055409 0.011463 0.011658
0 0.039035 0.484661 0.013337 0.013362
0 0.419998 0.219544 0.013642 0.013643
0 0.177544 0.271492 0.013187 0.012881
0 0.922812 0.450737 0.013329 0.013190
0 0.146165 0.736165 0.012424 0.012347
0 0.476582 0.800999 0.013303 0.013340
0 0.265742 0.714753 0.013937 0.014046
0 0.223210 0.467268 0.012282 0.012051
0 0.891640 0.595258 0.012942 0.012938
0 0.784915 0.532650 0.011283 0.010907
0 0.151520 0.026234 0.013296 0.013171
0 0.444263 0.973528 0.013283 0.013159
0 0.520025 0.439911 0.014428 0.014341
0 0.552337 0.574954 0.014136 0.014357
0 0.861919 0.053025 0.010575 0.010345
0 0.439427 0.068164 0.011554 0.011788
0 0.362573 0.036021 0.012382 0.012201
0 0.461657 0.757500 0.013556 0.013416
0 0.523781 0.911716 0.011219 0.011030
0 0.183007 0.256787 0.012025 0.012154
0 0.977755 0.994996 0.010846 0.009846
0 0.416545 0.697985 0.013988 0.013736
0 0.318458 0.222269 0.012781 0.012400
0 0.233741 0.740342 0.012398 0.012260
0 0.091311 0.656021 0.011751 0.012137
0 0.163538 0.878886 0.014041 0.014174
0 0.011365 0.957976 0.013729 0.013541
0 0.097682 0.774446 0.011953 0.011959
0 0.697188 0.915412 0.012112 0.011867
0 0.839063 0.315690 0.010978 0.011868
0 0.225198 0.648546 0.012399 0.012037
0 0.368387 0.086808 0.012920 0.012566
0 0.249541 0.815831 0.014155 0.014095
0 0.789887 0.605445 0.011427 0.011355
0 0.742823 0.318576 0.009520 0.010403
0 0.531515 0.211674 0.013960 0.013508
0 0.018013 0.113625 0.011874 0.011815
0 0.308306 0.645719 0.013058 0.013195
0 0.174752 0.684591 0.011407 0.011198
0 0.800066 0.166118 0.012172 0.012339
0 0.649798 0.005888 0.011174 0.011251
0 0.627704 0.025719 0.010570 0.010433
0 0.802339 0.126050 0.013861 0.014057
0 0.003607 0.361090 0.007204 0.013130
0 0.969311 0.101168 0.010998 0.011074
0 0.002414 0.699440 0.004801 0.011294
0 0.109334 0.979907 0.013732 0.013788
0 0.286630 0.900497 0.012581 0.012513
0 0.501692 0.198124 0.012118 0.011891
0 0.415615 0.202690 0.010885 0.011076
0 0.491879 0.931590 0.011078 0.010576
0 0.186823 0.890852 0.013049 0.013036
0 0.004413 0.347516 0.008806 0.012027
0 0.373187 0.809049 0.010107 0.010201
0 0.774714 0.004590 0.012358 0.009180
0 0.120690 0.525123 0.010823 0.010803
0 0.766027 0.905644 0.011477 0.011755
0 0.434672 0.841331 0.010004 0.010202
0 0.003173 0.698690 0.006286 0.010701
0 0.789306 0.004608 0.012101 0.009217
0 0.335700 0.821901 0.010475 0.010313
0 0.409499 0.107546 0.011361 0.011014
0 0.452065 0.214947 0.014410 0.013526
0 0.203048 0.978616 0.012413 0.012437
0 0.422497 0.555378 0.013473 0.013280
