0 0.237134 0.124283 0.013102 0.013062
0 0.237868 0.525478 0.012664 0.012494
0 0.109490 0.262587 0.011582 0.011022
0 0.048020 0.415361 0.012249 0.011965
0 0.112616 0.360302 0.013841 0.013699
0 0.138299 0.142653 0.012862 0.012805
0 0.141903 0.298383 0.012666 0.012718
0 0.283215 0.955498 0.012723 0.012603
0 0.679387 0.031821 0.010976 0.010865
0 0.749504 0.616223 0.013140 0.012955
0 0.224104 0.466674 0.012950 0.012854
0 0.604984 0.052027 0.013143 0.013028
0 0.295873 0.031099 0.012396 0.012243
0 0.853204 0.766678 0.011211 0.011292
0 0.644287 0.859082 0.012364 0.012038
0 0.186935 0.889778 0.012948 0.013062
0 0.532372 0.313927 0.013447 0.013546
0 0.328680 0.040648 0.012513 0.012496
0 0.980531 0.937310 0.012295 0.012235
0 0.213412 0.304474 0.013432 0.013494
0 0.566604 0.240754 0.012596 0.012617
0 0.463177 0.960922 0.013417 0.013525
0 0.621971 0.871955 0.012183 0.012213
0 0.330944 0.517885 0.012601 0.012589
0 0.627476 0.115442 0.011820 0.011872
0 0.297623 0.442704 0.012730 0.012634
0 0.476701 0.560740 0.012379 0.012314
0 0.384309 0.356499 0.012276 0.012172
0 0.702008 0.731073 0.010770 0.010432
0 0.112070 0.548160 0.013814 0.013602
0 0.726792 0.753390 0.011758 0.011839
0 0.083543 0.496282 0.012882 0.012602
0 0.544920 0.292821 0.012392 0.012453
0 0.685799 0.890710 0.012021 0.011944
0 0.360475 0.315626 0.012245 0.012385
0 0.383183 0.204565 0.012870 0.012659
0 0.054164 0.614913 0.009924 0.009945
0 0.621219 0.223953 0.012000 0.012026
0 0.447031 0.258949 0.011137 0.010970
0 0.522650 0.347181 0.012239 0.012059
0 0.154889 0.404026 0.011294 0.011411
0 0.344965 0.295436 0.022277 0.022404
0 0.892616 0.727847 0.013046 0.012795
0 0.456707 0.787369 0.013705 0.013658
0 0.149465 0.385299 0.013255 0.013199
0 0.617638 0.732562 0.011147 0.011070
0 0.770962 0.061971 0.012595 0.012847
0 0.598059 0.751288 0.010764 0.010375
0 0.292152 0.538309 0.013694 0.013509
0 0.646159 0.531761 0.012913 0.012515
0 0.836358 0.120068 0.011667 0.011768
0 0.795329 0.535085 0.012279 0.012445
0 0.386840 0.646796 0.012390 0.012227
0 0.374315 0.443875 0.013349 0.013424
0 0.964067 0.380874 0.010820 0.010846
0 0.357181 0.642196 0.011704 0.011636
0 0.938654 0.072083 0.012050 0.012363
0 0.013705 0.923989 0.014110 0.014334
0 0.698692 0.786953 0.010804 0.010618
0 0.009112 0.281403 0.013466 0.013675
0 0.530616 0.636740 0.022716 0.023013
0 0.875673 0.844312 0.011266 0.010971
0 0.848252 0.201272 0.009765 0.009941
0 0.529425 0.720567 0.013085 0.013092
0 0.439119 0.197995 0.013126 0.012928
0 0.770740 0.565844 0.010430 0.010336
0 0.658618 0.518381 0.010511 0.010457
0 0.110072 0.980227 0.013924 0.013981
0 0.642817 0.443244 0.012205 0.012090
0 0.542818 0.972630 0.013339 0.012973
0 0.628060 0.425027 0.011505 0.011425
0 0.429093 0.349419 0.013294 0.013190
0 0.444396 0.719544 0.012673 0.012517
0 0.516951 0.328418 0.011572 0.011576
0 0.726128 0.189044 0.011395 0.011186
0 0.869105 0.282138 0.011471 0.011451
0 0.189894 0.487619 0.011981 0.012129
0 0.572725 0.718175 0.012270 0.012210
0 0.152496 0.764366 0.010846 0.010705
0 0.226896 0.649860 0.012347 0.012219
0 0.609218 0.617425 0.010144 0.010076
0 0.426277 0.593213 0.012772 0.012721
0 0.789038 0.004404 0.012524 0.008807
0 0.669233 0.565892 0.010482 0.010351
0 0.365213 0.800031 0.013088 0.013304
0 0.037482 0.840348 0.011996 0.012045
0 0.848495 0.718716 0.017550 0.017040
0 0.620581 0.670080 0.010264 0.010181
0 0.750758 0.193006 0.011105 0.011045
0 0.497822 0.345770 0.011294 0.011767
0 0.670988 0.515154 0.010550 0.010590
0 0.024482 0.630058 0.012085 0.011877
0 0.453625 0.064696 0.010821 0.011011
0 0.836607 0.041262 0.011233 0.011284
