0 0.748855 0.616907 0.013035 0.012999
0 0.136097 0.666460 0.014555 0.014281
0 0.292866 0.112618 0.011933 0.011917
0 0.461264 0.959055 0.013076 0.013058
0 0.181185 0.426044 0.012707 0.012594
0 0.291372 0.194847 0.011778 0.011674
0 0.617973 0.703808 0.012590 0.012724
0 0.342470 0.396464 0.012698 0.012583
0 0.175004 0.058121 0.013055 0.013241
0 0.251677 0.324074 0.012488 0.012423
0 0.509593 0.759401 0.014214 0.014250
0 0.493418 0.082745 0.012548 0.012513
0 0.587479 0.080412 0.012868 0.012667
0 0.679918 0.612955 0.013630 0.013578
0 0.206050 0.119819 0.013250 0.013357
0 0.187198 0.889620 0.012871 0.012791
0 0.523929 0.347244 0.013463 0.013225
0 0.457966 0.793900 0.012159 0.011978
0 0.710095 0.475722 0.010859 0.010893
0 0.642124 0.769533 0.013304 0.013103
0 0.419190 0.225483 0.012349 0.012218
0 0.659482 0.227688 0.011252 0.011238
0 0.141580 0.301302 0.012381 0.012498
0 0.906986 0.859277 0.013105 0.012866
0 0.086099 0.550558 0.014017 0.013862
0 0.012807 0.971749 0.013721 0.013694
0 0.297513 0.168318 0.012696 0.012647
0 0.191701 0.078939 0.014060 0.013886
0 0.041697 0.471973 0.013130 0.013065
0 0.415337 0.929260 0.012455 0.012495
0 0.450812 0.170825 0.012853 0.012796
0 0.223157 0.466826 0.012937 0.012898
0 0.627961 0.112089 0.013279 0.013333
0 0.215525 0.755749 0.011149 0.010914
0 0.118421 0.241434 0.011614 0.011769
0 0.466601 0.753210 0.013367 0.013147
0 0.680191 0.807887 0.011598 0.011573
0 0.783900 0.828884 0.012976 0.012901
0 0.544514 0.972867 0.013561 0.013252
0 0.612462 0.523704 0.011875 0.011726
0 0.081745 0.108148 0.012414 0.012074
0 0.109935 0.979598 0.013697 0.013748
0 0.317797 0.282340 0.013012 0.013202
0 0.687032 0.516279 0.013927 0.013952
0 0.045117 0.545543 0.013912 0.014190
0 0.229991 0.216632 0.010812 0.010596
0 0.936322 0.431517 0.010673 0.010815
0 0.051152 0.820624 0.012939 0.012727
0 0.439222 0.107502 0.013337 0.013122
0 0.318663 0.643992 0.012463 0.012405
0 0.343206 0.296107 0.023357 0.023013
0 0.777903 0.342668 0.011965 0.011744
0 0.088008 0.444729 0.012993 0.013186
0 0.387883 0.774302 0.013756 0.013678
0 0.226532 0.648962 0.012610 0.012285
0 0.710052 0.231869 0.012627 0.012697
0 0.897318 0.014515 0.012265 0.012131
0 0.381032 0.611633 0.012044 0.011822
0 0.134927 0.747437 0.011363 0.011374
0 0.667548 0.871840 0.011915 0.012037
0 0.414562 0.009193 0.012186 0.011880
0 0.392193 0.707482 0.012025 0.012003
0 0.530219 0.636643 0.023094 0.023574
0 0.848704 0.718825 0.018455 0.018086
0 0.599431 0.681798 0.011313 0.012891
0 0.971211 0.935943 0.010997 0.011231
0 0.331337 0.517345 0.011728 0.011674
0 0.899423 0.075974 0.010353 0.010426
0 0.864050 0.789953 0.011831 0.011908
0 0.981754 0.817449 0.010565 0.010698
0 0.200248 0.224368 0.010886 0.010892
0 0.440508 0.059740 0.011495 0.011475
0 0.253184 0.452506 0.011228 0.011181
0 0.738916 0.786375 0.012597 0.012279
0 0.047303 0.996153 0.013081 0.007694
0 0.557130 0.437788 0.009704 0.009595
0 0.620978 0.781279 0.016001 0.015826
0 0.499137 0.503789 0.010975 0.010853
0 0.447738 0.216668 0.014520 0.016234
0 0.880799 0.794568 0.013622 0.013497
0 0.849966 0.002913 0.009730 0.005771
0 0.650792 0.528169 0.009589 0.009633
0 0.262187 0.001601 0.011417 0.003203
0 0.700282 0.821185 0.017663 0.017626
0 0.240881 0.526143 0.012993 0.013077
0 0.602861 0.273495 0.011736 0.011685
0 0.687258 0.471408 0.010965 0.011078
0 0.002884 0.611585 0.005753 0.011113
0 0.789813 0.004426 0.012890 0.008852
0 0.240559 0.528291 0.012950 0.013094
0 0.693321 0.418702 0.011356 0.011285
0 0.773851 0.004422 0.012168 0.008845
0 0.048907 0.995284 0.012286 0.009433
0 0.122791 0.939662 0.013280 0.013319
0 0.692467 0.419941 0.011212 0.011204
