0 0.117163 0.385454 0.012300 0.012357
0 0.899725 0.197192 0.012206 0.012144
0 0.356314 0.379300 0.012882 0.012808
0 0.047415 0.375091 0.012608 0.012464
0 0.902216 0.542273 0.013209 0.012992
0 0.269771 0.392191 0.012554 0.012437
0 0.601566 0.091740 0.013027 0.013056
0 0.521378 0.528789 0.012924 0.012903
0 0.807233 0.063155 0.013092 0.013139
0 0.851064 0.759902 0.013072 0.013082
0 0.476556 0.511338 0.012656 0.012740
0 0.907763 0.218621 0.013511 0.013737
0 0.541897 0.536657 0.012408 0.012337
0 0.166723 0.456794 0.012932 0.013021
0 0.577745 0.268854 0.010464 0.010284
0 0.657726 0.557863 0.012481 0.012327
0 0.462794 0.130972 0.013143 0.013356
0 0.241028 0.947991 0.013522 0.013397
0 0.685882 0.263945 0.012811 0.012829
0 0.776501 0.096806 0.013676 0.013628
0 0.949267 0.300937 0.012438 0.012347
0 0.654683 0.667107 0.013279 0.013112
0 0.893519 0.649724 0.013060 0.012747
0 0.436635 0.452358 0.012759 0.012602
0 0.392544 0.859843 0.012248 0.012268
0 0.278913 0.436440 0.011886 0.011735
0 0.044211 0.900799 0.011427 0.011820
0 0.732565 0.620780 0.014188 0.014198
0 0.413941 0.244934 0.012904 0.012684
0 0.589124 0.181068 0.012726 0.012925
0 0.856453 0.260983 0.013842 0.013910
0 0.241077 0.446239 0.013853 0.013717
0 0.432739 0.670091 0.012121 0.012020
0 0.024866 0.371445 0.013618 0.013765
0 0.490043 0.375514 0.012658 0.012861
0 0.966269 0.607138 0.012056 0.011597
0 0.105740 0.350767 0.014158 0.013836
0 0.482001 0.714512 0.012695 0.012484
0 0.445100 0.131228 0.012535 0.012318
0 0.442278 0.374260 0.013763 0.013514
0 0.087545 0.927357 0.012061 0.011776
0 0.900414 0.069333 0.011880 0.011853
0 0.809840 0.389878 0.013576 0.013677
0 0.752196 0.709612 0.014114 0.014194
0 0.776791 0.618943 0.011924 0.011956
0 0.449239 0.588821 0.012402 0.012580
0 0.883628 0.115352 0.008913 0.009292
0 0.324947 0.272842 0.012858 0.012722
0 0.626096 0.651708 0.013317 0.013128
0 0.994751 0.066731 0.010497 0.012228
0 0.456743 0.489238 0.014545 0.014488
0 0.375238 0.716325 0.012367 0.012426
0 0.358864 0.664177 0.012560 0.012475
0 0.376257 0.205123 0.012303 0.012103
0 0.615486 0.774352 0.013992 0.013710
0 0.651555 0.087172 0.012888 0.012897
0 0.649980 0.581407 0.011887 0.011707
0 0.438464 0.552463 0.013525 0.013407
0 0.934500 0.044846 0.012024 0.012025
0 0.392504 0.975721 0.013474 0.013423
0 0.179229 0.195484 0.013202 0.013210
0 0.475860 0.929611 0.014022 0.013990
0 0.283999 0.687048 0.013706 0.013692
0 0.797010 0.781264 0.012577 0.012559
0 0.833995 0.021216 0.013650 0.013704
0 0.702729 0.705326 0.012402 0.012320
0 0.091094 0.180447 0.011851 0.011902
0 0.377413 0.737553 0.016121 0.016228
0 0.189226 0.620827 0.011772 0.011732
0 0.666601 0.418011 0.012216 0.012234
0 0.145754 0.702107 0.011006 0.011186
0 0.889466 0.589053 0.011886 0.012069
0 0.683692 0.774973 0.012663 0.012726
0 0.013146 0.917018 0.011801 0.012079
0 0.257752 0.686337 0.011941 0.012027
0 0.242819 0.568496 0.013193 0.013089
0 0.120795 0.928506 0.011679 0.011411
0 0.050927 0.843563 0.013329 0.013422
0 0.935935 0.853273 0.013286 0.013293
0 0.907422 0.635916 0.012619 0.012579
0 0.487370 0.351254 0.013085 0.013000
0 0.281226 0.836721 0.012327 0.012279
0 0.995357 0.463723 0.009270 0.013033
0 0.730874 0.553952 0.011921 0.012119
0 0.995554 0.019720 0.008785 0.014234
0 0.535992 0.723287 0.012693 0.012572
0 0.983232 0.513056 0.015076 0.014141
0 0.062332 0.701132 0.011863 0.011922
0 0.910437 0.925695 0.012615 0.012490
0 0.767667 0.535299 0.013024 0.012680
0 0.995477 0.654824 0.009046 0.013757
0 0.081926 0.738344 0.012379 0.012473
0 0.012949 0.902102 0.011668 0.011528
0 0.867624 0.105808 0.010817 0.010920
0 0.534414 0.631126 0.023697 0.022910
0 0.349138 0.290825 0.024198 0.024683
0 0.802951 0.541302 0.011570 0.011429
0 0.305274 0.925147 0.011966 0.011884
0 0.671548 0.317155 0.011165 0.011277
0 0.201542 0.039083 0.012124 0.012153
0 0.858726 0.869972 0.013087 0.013274
0 0.175309 0.833475 0.011395 0.011454
0 0.925716 0.012867 0.011292 0.011069
0 0.956764 0.024965 0.010953 0.010739
0 0.243677 0.138291 0.012006 0.012046
0 0.458313 0.297493 0.014258 0.014009
0 0.003276 0.841546 0.006543 0.011235
0 0.868953 0.572276 0.011633 0.011637
0 0.879993 0.976321 0.014310 0.014318
0 0.782730 0.902340 0.011474 0.011167
0 0.361149 0.837893 0.012493 0.012472
0 0.673829 0.910820 0.011405 0.011274
0 0.909670 0.996322 0.013238 0.007296
0 0.866533 0.107355 0.010260 0.010500
0 0.446665 0.290249 0.010733 0.010792
0 0.295091 0.802364 0.011064 0.010725
0 0.850985 0.547041 0.011581 0.011762
0 0.456477 0.296297 0.014220 0.014318
0 0.911817 0.996614 0.013626 0.006739
0 0.973991 0.034811 0.010367 0.010357
