0 0.055053 0.354621 0.012906 0.012882
0 0.673367 0.447572 0.013080 0.012915
0 0.665885 0.091376 0.012925 0.012786
0 0.862618 0.508345 0.012332 0.012171
0 0.307443 0.922076 0.012763 0.012760
0 0.019670 0.815602 0.012122 0.012125
0 0.817918 0.173424 0.012775 0.012811
0 0.306043 0.505388 0.012022 0.011739
0 0.903944 0.541009 0.013527 0.013345
0 0.879785 0.352725 0.012620 0.012522
0 0.771274 0.044113 0.012569 0.012598
0 0.929419 0.041151 0.011952 0.011990
0 0.464063 0.419279 0.011965 0.012059
0 0.891990 0.735686 0.013270 0.013228
0 0.573561 0.207576 0.012354 0.012491
0 0.365925 0.785546 0.013255 0.013117
0 0.689946 0.570141 0.012475 0.012251
0 0.838988 0.323236 0.013428 0.013390
0 0.864344 0.248163 0.012761 0.012682
0 0.094726 0.380114 0.011814 0.011672
0 0.584991 0.756658 0.013581 0.013491
0 0.278769 0.436663 0.012078 0.011971
0 0.775072 0.355491 0.013122 0.012942
0 0.471569 0.121506 0.012420 0.012466
0 0.173202 0.217664 0.013020 0.012817
0 0.738684 0.687682 0.014023 0.014008
0 0.503444 0.200935 0.011522 0.011571
0 0.382012 0.962691 0.013372 0.013231
0 0.491550 0.287783 0.011077 0.011090
0 0.069354 0.916652 0.010872 0.010678
0 0.404422 0.427678 0.013325 0.013166
0 0.932990 0.541226 0.013043 0.012854
0 0.335640 0.358340 0.013215 0.013158
0 0.462741 0.036871 0.013793 0.014022
0 0.936250 0.190705 0.013925 0.013803
0 0.428554 0.979208 0.012625 0.012591
0 0.643947 0.614906 0.012884 0.012915
0 0.499712 0.936611 0.014393 0.014534
0 0.163891 0.971903 0.009919 0.009784
0 0.735506 0.588793 0.012335 0.012301
0 0.733841 0.622440 0.014057 0.013759
0 0.685944 0.279057 0.012340 0.012365
0 0.655608 0.320001 0.011685 0.011906
0 0.807097 0.053337 0.011421 0.011380
0 0.043298 0.757715 0.012992 0.013103
0 0.515816 0.346838 0.012775 0.012560
0 0.270776 0.928916 0.011438 0.011422
0 0.651848 0.585595 0.011917 0.012010
0 0.270335 0.604416 0.012297 0.012214
0 0.466843 0.168315 0.013338 0.013162
0 0.576611 0.429093 0.012274 0.012177
0 0.953101 0.380782 0.011977 0.011592
0 0.456099 0.660812 0.013186 0.012944
0 0.904604 0.614752 0.013143 0.013022
0 0.461952 0.693895 0.012596 0.012696
0 0.489997 0.470951 0.013070 0.013102
0 0.904813 0.075327 0.010471 0.010440
0 0.237114 0.427442 0.013453 0.013432
0 0.976524 0.303653 0.013420 0.013295
0 0.112550 0.714510 0.013477 0.013615
0 0.946623 0.289388 0.012374 0.012448
0 0.776015 0.105292 0.013174 0.013044
0 0.571621 0.509598 0.013605 0.013557
0 0.207571 0.405588 0.012506 0.012406
0 0.416696 0.884464 0.012735 0.012602
0 0.593733 0.143126 0.012266 0.012054
0 0.324322 0.244448 0.012299 0.012142
0 0.104277 0.356932 0.015211 0.015224
0 0.383541 0.342631 0.014015 0.013939
0 0.565076 0.610745 0.013439 0.013511
0 0.117384 0.169031 0.011875 0.011831
0 0.548290 0.729323 0.012407 0.012356
0 0.388599 0.776271 0.013566 0.013370
0 0.403205 0.605627 0.013254 0.013090
0 0.883823 0.119227 0.009356 0.009131
0 0.802286 0.545348 0.011609 0.011161
0 0.802937 0.519611 0.010264 0.010005
0 0.770523 0.887975 0.012792 0.012696
0 0.970733 0.604340 0.012005 0.011576
0 0.536940 0.508750 0.012770 0.013067
0 0.191915 0.614150 0.011865 0.011988
0 0.761789 0.735539 0.013275 0.013326
0 0.295888 0.666840 0.014280 0.014478
0 0.209231 0.989457 0.011587 0.011302
0 0.260820 0.153909 0.011578 0.011472
0 0.063281 0.618527 0.013738 0.013766
0 0.038233 0.902924 0.011627 0.011725
0 0.790894 0.719418 0.013739 0.013668
0 0.767961 0.540078 0.012564 0.012098
0 0.487424 0.617103 0.012929 0.013097
0 0.870544 0.108494 0.012265 0.011821
0 0.760579 0.915033 0.012616 0.012764
0 0.973858 0.039111 0.009828 0.009701
0 0.131995 0.674256 0.011545 0.011627
0 0.832015 0.005902 0.012644 0.011596
0 0.932888 0.859270 0.013221 0.013154
0 0.241826 0.575105 0.012976 0.012833
0 0.535750 0.630119 0.022878 0.022634
0 0.593159 0.976665 0.014446 0.014515
0 0.134265 0.951858 0.012547 0.012566
0 0.022093 0.695436 0.012400 0.012321
0 0.350110 0.291055 0.024454 0.024592
0 0.926772 0.008534 0.010981 0.011182
0 0.983339 0.659794 0.011192 0.011166
0 0.004164 0.371062 0.008244 0.014355
0 0.214851 0.816257 0.012164 0.012004
0 0.846265 0.994048 0.012219 0.011643
0 0.696907 0.789681 0.012436 0.012611
0 0.851118 0.840760 0.012278 0.012221
0 0.278553 0.739609 0.012348 0.012540
0 0.892644 0.588841 0.012197 0.012251
0 0.752401 0.438982 0.011337 0.011427
0 0.981533 0.513246 0.014229 0.013883
0 0.368545 0.747741 0.013241 0.012794
0 0.087868 0.924135 0.012353 0.012251
0 0.774003 0.461594 0.012311 0.012088
0 0.900331 0.997612 0.011089 0.004747
0 0.090318 0.784930 0.010081 0.009999
0 0.878867 0.977891 0.013345 0.013462
0 0.790621 0.837044 0.013369 0.013343
0 0.911470 0.926012 0.011475 0.011311
0 0.870446 0.572581 0.011046 0.011178
0 0.111518 0.002101 0.011057 0.004202
0 0.001654 0.979642 0.003303 0.010902
0 0.651148 0.473513 0.010856 0.009982
0 0.851536 0.711416 0.021567 0.020892
0 0.266195 0.192285 0.009909 0.009972
