0 0.280327 0.520332 0.014648 0.014386
0 0.308144 0.479607 0.013124 0.013108
0 0.603992 0.899543 0.012696 0.012671
0 0.054471 0.842760 0.012775 0.012925
0 0.910277 0.356261 0.012777 0.012840
0 0.527437 0.219080 0.013669 0.013771
0 0.859592 0.072486 0.014324 0.014333
0 0.188519 0.376905 0.012729 0.012705
0 0.107873 0.263182 0.013910 0.013934
0 0.539429 0.396333 0.012912 0.013252
0 0.912657 0.611221 0.012996 0.013022
0 0.593577 0.162058 0.013490 0.013176
0 0.070864 0.452365 0.012833 0.012595
0 0.598781 0.214030 0.012821 0.012633
0 0.136107 0.759511 0.013021 0.012918
0 0.489615 0.675799 0.013877 0.013795
0 0.806176 0.024569 0.012718 0.012510
0 0.238321 0.617345 0.013110 0.012884
0 0.300660 0.143269 0.013060 0.013006
0 0.272357 0.944234 0.012796 0.012856
0 0.975348 0.504874 0.013371 0.013397
0 0.024237 0.404768 0.012846 0.012876
0 0.539011 0.589099 0.012178 0.012034
0 0.465907 0.185934 0.012471 0.012554
0 0.411265 0.175528 0.013304 0.013226
0 0.430156 0.385704 0.014068 0.013887
0 0.137826 0.279456 0.013037 0.013175
0 0.125376 0.843720 0.012456 0.012505
0 0.544311 0.522034 0.014182 0.014143
0 0.120647 0.893298 0.013981 0.013618
0 0.736239 0.982725 0.014185 0.014178
0 0.774027 0.836333 0.013325 0.013261
0 0.788328 0.141188 0.013782 0.013675
0 0.512175 0.168362 0.014016 0.013866
0 0.927663 0.654648 0.013194 0.013217
0 0.263684 0.071773 0.012110 0.011887
0 0.029912 0.686286 0.013532 0.013464
0 0.899599 0.972364 0.012627 0.012686
0 0.290382 0.201481 0.012520 0.012525
0 0.034213 0.939586 0.012977 0.012952
0 0.156621 0.951208 0.012732 0.012617
0 0.318416 0.930352 0.012630 0.012500
0 0.179638 0.356152 0.013158 0.013011
0 0.889116 0.240381 0.013137 0.013087
0 0.728082 0.626795 0.014066 0.013712
0 0.577506 0.262133 0.012549 0.012394
0 0.663906 0.284370 0.013816 0.013825
0 0.476115 0.342145 0.013518 0.013475
0 0.591936 0.373961 0.013772 0.013554
0 0.818195 0.617494 0.014775 0.014877
0 0.645425 0.936439 0.013812 0.013917
0 0.889661 0.636797 0.012759 0.012528
0 0.089820 0.736964 0.013374 0.013301
0 0.439347 0.522286 0.012634 0.012641
0 0.323902 0.977433 0.013187 0.013304
0 0.399927 0.380112 0.013787 0.013646
0 0.960778 0.573803 0.012515 0.012574
0 0.783857 0.956430 0.013519 0.013478
0 0.197442 0.495970 0.013319 0.013368
0 0.784257 0.880828 0.014938 0.014783
0 0.480078 0.108395 0.013781 0.013630
0 0.117325 0.177697 0.013865 0.013851
0 0.131730 0.132255 0.013870 0.013748
0 0.664108 0.564470 0.014033 0.013774
0 0.458317 0.576247 0.012827 0.013039
0 0.077211 0.243220 0.014118 0.013859
0 0.832461 0.551171 0.013933 0.013951
0 0.832327 0.138675 0.013546 0.013713
0 0.139135 0.828354 0.012353 0.012228
0 0.474238 0.724019 0.013146 0.013125
0 0.237794 0.170057 0.012485 0.012476
0 0.434205 0.776074 0.013481 0.013293
0 0.704637 0.163296 0.013157 0.013315
0 0.776118 0.458613 0.013969 0.013934
0 0.422813 0.881437 0.013360 0.013311
0 0.581801 0.479005 0.014021 0.013951
0 0.316307 0.673456 0.013046 0.013038
0 0.300261 0.597812 0.013845 0.014038
0 0.135046 0.094955 0.013762 0.013663
0 0.718042 0.472245 0.014086 0.013954
0 0.977896 0.410569 0.014975 0.014794
0 0.911153 0.747964 0.013662 0.013664
0 0.852116 0.600755 0.014258 0.014289
0 0.706470 0.210482 0.013254 0.013165
0 0.061510 0.956696 0.012775 0.012659
0 0.009457 0.976736 0.015606 0.014962
0 0.228630 0.326090 0.014112 0.014066
0 0.816606 0.966732 0.012468 0.012434
0 0.111479 0.391835 0.013378 0.013145
0 0.587236 0.604191 0.013608 0.013774
0 0.954681 0.096762 0.014335 0.014252
0 0.821517 0.710071 0.013330 0.013462
0 0.345083 0.325515 0.012717 0.012855
0 0.904094 0.428316 0.014205 0.014057
0 0.023520 0.381516 0.013886 0.013769
0 0.978383 0.831655 0.013251 0.013517
0 0.559461 0.710545 0.014109 0.014035
0 0.939620 0.017148 0.013028 0.013095
0 0.228520 0.055383 0.012706 0.012812
0 0.844823 0.817190 0.012886 0.012785
0 0.364669 0.779445 0.011907 0.011921
0 0.073099 0.188190 0.014190 0.014062
0 0.027621 0.887590 0.012527 0.012580
0 0.408206 0.234345 0.013983 0.013830
0 0.378524 0.683976 0.012080 0.011931
0 0.871858 0.769210 0.012155 0.012178
0 0.426874 0.270742 0.017195 0.017208
0 0.558229 0.484004 0.013740 0.013548
0 0.816670 0.416160 0.013273 0.013082
0 0.078108 0.582443 0.013009 0.013032
0 0.589632 0.652908 0.017246 0.017201
0 0.160137 0.699092 0.013534 0.013676
0 0.048236 0.414836 0.015165 0.015078
0 0.365443 0.345920 0.012709 0.012897
0 0.487334 0.245588 0.013179 0.013483
0 0.032031 0.152365 0.014467 0.014247
0 0.948381 0.831187 0.011813 0.012036
0 0.975411 0.175158 0.013008 0.012811
0 0.247788 0.142351 0.014074 0.013903
0 0.930962 0.991329 0.014307 0.014450
0 0.801425 0.220099 0.014598 0.014602
0 0.770795 0.194970 0.013502 0.013540
0 0.381023 0.883268 0.014036 0.014168
0 0.804946 0.773761 0.012274 0.012143
0 0.644178 0.015511 0.013810 0.013876
0 0.890914 0.876436 0.013015 0.013095
0 0.791206 0.187705 0.012703 0.012698
0 0.491256 0.453136 0.013761 0.013575
0 0.762068 0.294970 0.013016 0.012867
0 0.720421 0.429410 0.013543 0.013756
0 0.312264 0.738899 0.014125 0.013652
0 0.357637 0.610448 0.013445 0.013173
0 0.516668 0.425566 0.014119 0.013983
0 0.526055 0.023433 0.012772 0.012796
0 0.226400 0.680182 0.014781 0.014608
0 0.189641 0.006891 0.012606 0.012505
0 0.453962 0.013963 0.013465 0.013513
0 0.671204 0.716111 0.013635 0.013491
0 0.640862 0.252782 0.015785 0.015796
0 0.982918 0.191954 0.013311 0.013400
0 0.531456 0.433786 0.013076 0.012617
0 0.315546 0.902018 0.014272 0.014110
0 0.649635 0.846605 0.013359 0.013318
0 0.569753 0.300899 0.013075 0.013425
0 0.665474 0.686781 0.015126 0.015334
0 0.907891 0.128638 0.014142 0.014161
0 0.417273 0.430384 0.014845 0.014616
0 0.113212 0.822114 0.012524 0.012444
0 0.628944 0.667377 0.016415 0.016691
0 0.338992 0.084540 0.013779 0.013605
0 0.385508 0.973744 0.013346 0.013065
0 0.049903 0.232882 0.014247 0.014724
0 0.764561 0.105421 0.014791 0.014464
0 0.151709 0.431683 0.013571 0.013627
0 0.962324 0.878581 0.013953 0.013844
0 0.938550 0.871448 0.012925 0.012688
0 0.252402 0.194725 0.014818 0.014346
0 0.062672 0.335507 0.012928 0.013112
0 0.447000 0.906851 0.013268 0.013522
0 0.165169 0.564013 0.013425 0.013389
0 0.606906 0.680780 0.014924 0.014866
0 0.162061 0.796482 0.012628 0.012674
0 0.618969 0.263090 0.013016 0.012955
0 0.745311 0.406729 0.013598 0.013436
0 0.844093 0.184914 0.013948 0.014171
0 0.928145 0.445276 0.012919 0.013055
0 0.925965 0.121519 0.013023 0.013016
0 0.996176 0.129184 0.007648 0.014659
0 0.187867 0.551385 0.014425 0.014758
0 0.740772 0.319044 0.013764 0.013806
0 0.018332 0.043597 0.011430 0.011278
0 0.330743 0.765255 0.013657 0.013549
0 0.266794 0.719887 0.013871 0.013808
0 0.400095 0.348857 0.013899 0.013775
0 0.222338 0.746581 0.011166 0.011120
0 0.773384 0.388845 0.013917 0.013603
0 0.022629 0.436948 0.014401 0.014743
0 0.150283 0.433495 0.013547 0.014112
0 0.881396 0.173333 0.013609 0.013626
0 0.874131 0.911573 0.012707 0.012854
0 0.298442 0.004298 0.013231 0.008543
0 0.770514 0.600048 0.014647 0.014578
0 0.940811 0.846079 0.011873 0.011647
0 0.531947 0.629897 0.023697 0.023472
0 0.147037 0.441999 0.012739 0.012646
0 0.309046 0.045837 0.013149 0.013332
0 0.909869 0.067434 0.013091 0.013380
0 0.479568 0.267319 0.015307 0.015510
0 0.269674 0.668559 0.013589 0.013883
0 0.161101 0.794747 0.012679 0.012654
0 0.909524 0.069774 0.012528 0.011993
