0 0.203528 0.517868 0.012573 0.012641
0 0.279019 0.436203 0.012222 0.012163
0 0.463057 0.287676 0.013040 0.013021
0 0.342236 0.412561 0.013866 0.013770
0 0.734452 0.972885 0.013834 0.013730
0 0.545742 0.343234 0.012287 0.012258
0 0.208801 0.681831 0.011377 0.011414
0 0.376820 0.525929 0.012727 0.012563
0 0.556128 0.865682 0.013133 0.012963
0 0.193246 0.618617 0.011540 0.011249
0 0.059928 0.373364 0.013821 0.014148
0 0.293604 0.619154 0.013052 0.012921
0 0.397313 0.312333 0.013478 0.013612
0 0.902497 0.739345 0.013705 0.013569
0 0.679605 0.237889 0.012677 0.012637
0 0.560436 0.388776 0.012288 0.012152
0 0.020905 0.299854 0.013501 0.013520
0 0.147645 0.419361 0.012905 0.012899
0 0.162633 0.381293 0.013204 0.013256
0 0.175137 0.559693 0.013244 0.012954
0 0.085081 0.821891 0.012457 0.012336
0 0.941632 0.574485 0.012751 0.012914
0 0.404565 0.908337 0.013474 0.013719
0 0.208587 0.776006 0.012880 0.012780
0 0.624228 0.842988 0.012733 0.012679
0 0.555666 0.047293 0.013942 0.013848
0 0.430070 0.318872 0.014244 0.014059
0 0.942426 0.654501 0.011776 0.011736
0 0.764620 0.528916 0.013256 0.013168
0 0.703308 0.282041 0.013951 0.013914
0 0.151696 0.299232 0.013444 0.013436
0 0.102675 0.344701 0.014607 0.014755
0 0.953914 0.835953 0.014830 0.014869
0 0.571961 0.361967 0.013552 0.013464
0 0.643070 0.351224 0.012827 0.012627
0 0.463232 0.427700 0.012643 0.012534
0 0.714039 0.468758 0.013038 0.013029
0 0.106136 0.824350 0.012703 0.012693
0 0.735445 0.619631 0.014506 0.014572
0 0.112099 0.742363 0.013307 0.013470
0 0.688621 0.161754 0.013260 0.013213
0 0.386266 0.291276 0.014038 0.013781
0 0.621013 0.500737 0.013275 0.013235
0 0.583870 0.792008 0.012012 0.011931
0 0.309219 0.876576 0.012925 0.013019
0 0.655057 0.420897 0.014412 0.014209
0 0.543607 0.579141 0.014028 0.014032
0 0.596679 0.614989 0.014637 0.015002
0 0.440196 0.736826 0.012783 0.012786
0 0.687434 0.045978 0.014348 0.014367
0 0.042244 0.545537 0.012283 0.012487
0 0.408679 0.943728 0.013483 0.013288
0 0.490305 0.834298 0.013143 0.013074
0 0.866251 0.285218 0.013198 0.013022
0 0.052051 0.101908 0.012321 0.012128
0 0.278608 0.332691 0.014168 0.014067
0 0.711579 0.875688 0.013078 0.013229
0 0.588773 0.456429 0.012916 0.012806
0 0.528428 0.872602 0.013963 0.013862
0 0.937011 0.300953 0.014492 0.014354
0 0.573289 0.634145 0.013518 0.013323
0 0.355143 0.914607 0.012220 0.012123
0 0.615410 0.759161 0.013220 0.013412
0 0.963934 0.592443 0.012180 0.011983
0 0.284026 0.745015 0.012669 0.012556
0 0.297851 0.241156 0.013096 0.012948
0 0.219152 0.837324 0.012150 0.012131
0 0.405699 0.460519 0.011957 0.012211
0 0.867873 0.118089 0.011628 0.011521
0 0.910720 0.043353 0.012712 0.012772
0 0.676705 0.828745 0.013503 0.013489
0 0.540449 0.489018 0.013698 0.013830
0 0.838854 0.330858 0.012854 0.013084
0 0.731406 0.334678 0.013341 0.013327
0 0.590659 0.370621 0.012238 0.012167
0 0.413414 0.699382 0.011535 0.011666
0 0.800232 0.661361 0.014006 0.013748
0 0.007335 0.877435 0.013545 0.013757
0 0.945321 0.468237 0.011879 0.011751
0 0.663539 0.334191 0.012605 0.012831
0 0.984270 0.511015 0.015459 0.014596
0 0.739210 0.378294 0.012777 0.012884
0 0.530693 0.185257 0.013251 0.013139
0 0.676196 0.613346 0.013158 0.013102
0 0.504602 0.913033 0.012653 0.012682
0 0.619988 0.738529 0.012575 0.012441
0 0.899833 0.530257 0.013541 0.013564
0 0.034123 0.121976 0.012880 0.012770
0 0.328055 0.427447 0.012759 0.012360
0 0.806770 0.510485 0.010356 0.010065
0 0.104329 0.511133 0.011613 0.011607
0 0.349175 0.296132 0.024069 0.023994
0 0.882449 0.127269 0.009451 0.009515
0 0.322715 0.812508 0.012577 0.012498
0 0.020812 0.004617 0.013613 0.009234
0 0.708160 0.437696 0.011847 0.011714
0 0.970000 0.865609 0.012698 0.012663
0 0.230612 0.211523 0.013638 0.013509
0 0.687537 0.718960 0.012189 0.012453
0 0.887394 0.574489 0.014010 0.014101
0 0.115500 0.503108 0.012810 0.012923
0 0.201009 0.025154 0.013568 0.013666
0 0.845137 0.250745 0.012420 0.012480
0 0.881528 0.387522 0.013464 0.013589
0 0.890930 0.834757 0.011332 0.011438
0 0.089008 0.911052 0.012578 0.012450
0 0.521113 0.168664 0.013022 0.012971
0 0.901903 0.982466 0.014320 0.013998
0 0.293189 0.863758 0.013088 0.013035
0 0.713488 0.580733 0.011579 0.011803
0 0.533168 0.636369 0.023782 0.023816
0 0.603862 0.442095 0.011621 0.011694
0 0.998245 0.217356 0.003444 0.012582
0 0.767197 0.417691 0.011319 0.011031
0 0.976066 0.049747 0.009544 0.009251
0 0.636519 0.082770 0.022994 0.022682
0 0.901298 0.081629 0.009767 0.009892
0 0.899793 0.866133 0.010625 0.010811
0 0.096368 0.871917 0.011225 0.011165
0 0.927654 0.015048 0.012170 0.012511
0 0.012662 0.847827 0.012556 0.012657
0 0.005945 0.779772 0.011608 0.012677
0 0.801354 0.533264 0.012873 0.012728
0 0.941485 0.937661 0.011497 0.011362
0 0.850890 0.716544 0.023001 0.023078
0 0.786194 0.477600 0.011208 0.011103
