0 0.656881 0.285353 0.012930 0.012689
0 0.670984 0.337534 0.013526 0.013513
0 0.401260 0.448815 0.012104 0.011893
0 0.256111 0.389516 0.010482 0.010347
0 0.407241 0.299195 0.014176 0.014324
0 0.403981 0.861848 0.012041 0.012012
0 0.475899 0.245152 0.012954 0.012776
0 0.722119 0.288766 0.013556 0.013729
0 0.326027 0.479289 0.013683 0.013800
0 0.737874 0.849174 0.012344 0.012302
0 0.789107 0.425013 0.012324 0.012272
0 0.461575 0.973147 0.013352 0.013252
0 0.445247 0.961872 0.013470 0.013194
0 0.591861 0.723870 0.012513 0.012400
0 0.258184 0.874033 0.012949 0.012977
0 0.523679 0.350085 0.013415 0.013202
0 0.620355 0.825261 0.011920 0.011835
0 0.963420 0.760403 0.012890 0.012780
0 0.542090 0.974759 0.012882 0.012669
0 0.330795 0.518947 0.012533 0.012469
0 0.735292 0.081948 0.013351 0.013171
0 0.663039 0.156277 0.013851 0.013709
0 0.530543 0.481279 0.012840 0.012655
0 0.168373 0.212981 0.013926 0.013755
0 0.916977 0.664008 0.012776 0.012872
0 0.454599 0.031206 0.013855 0.013699
0 0.225634 0.082338 0.014357 0.014517
0 0.184094 0.891619 0.012883 0.012878
0 0.303753 0.048175 0.013485 0.013428
0 0.612395 0.083805 0.013947 0.014015
0 0.715412 0.972159 0.013036 0.013124
0 0.304772 0.739326 0.012416 0.012374
0 0.135805 0.342519 0.013282 0.013191
0 0.131004 0.280614 0.012846 0.012840
0 0.587417 0.072123 0.013788 0.013556
0 0.095129 0.157847 0.012575 0.012332
0 0.286722 0.840679 0.012230 0.012264
0 0.442008 0.862480 0.012291 0.012346
0 0.486231 0.032094 0.012249 0.012234
0 0.725980 0.724905 0.013939 0.013951
0 0.289313 0.376314 0.012596 0.012882
0 0.626162 0.174903 0.013166 0.013108
0 0.038065 0.486844 0.011745 0.011877
0 0.874740 0.749818 0.012006 0.011994
0 0.372301 0.602253 0.011869 0.012048
0 0.065638 0.063606 0.013098 0.013167
0 0.698505 0.522980 0.013136 0.012812
0 0.168993 0.519956 0.012726 0.012736
0 0.296046 0.158382 0.014214 0.014433
0 0.016994 0.487860 0.013143 0.013028
0 0.099983 0.380033 0.012901 0.012657
0 0.973353 0.612929 0.012025 0.011929
0 0.609967 0.640928 0.013873 0.013613
0 0.490637 0.582976 0.014298 0.014210
0 0.317715 0.681679 0.013271 0.012956
0 0.370989 0.063384 0.012851 0.012930
0 0.086592 0.494518 0.012347 0.012387
0 0.722204 0.803899 0.014381 0.014248
0 0.222148 0.470536 0.012701 0.012695
0 0.886137 0.817602 0.013283 0.013358
0 0.032817 0.120976 0.012218 0.012299
0 0.762494 0.928194 0.013252 0.013446
0 0.083277 0.907221 0.012592 0.012652
0 0.145457 0.647297 0.011882 0.011593
0 0.419821 0.606712 0.012294 0.012125
0 0.873091 0.056821 0.012645 0.012726
0 0.440794 0.059658 0.012249 0.012405
0 0.072946 0.548697 0.012899 0.012811
0 0.055453 0.276210 0.012444 0.012375
0 0.354627 0.554026 0.011722 0.011919
0 0.532392 0.631433 0.021124 0.020861
0 0.013787 0.646313 0.011576 0.011567
0 0.129084 0.645924 0.012534 0.012391
0 0.715755 0.166278 0.012839 0.012849
0 0.154858 0.306816 0.011671 0.011302
0 0.108298 0.980768 0.013211 0.013381
0 0.515465 0.905467 0.012392 0.012225
0 0.787881 0.005446 0.012737 0.010892
0 0.357503 0.327104 0.013460 0.013181
0 0.495406 0.992907 0.010126 0.010226
0 0.223155 0.648481 0.012379 0.012309
0 0.688391 0.567432 0.012343 0.012465
0 0.748686 0.363969 0.011955 0.012036
0 0.839702 0.167376 0.011994 0.012093
0 0.093689 0.751721 0.013347 0.013371
0 0.922376 0.815091 0.011753 0.011754
0 0.045760 0.314700 0.013243 0.013069
0 0.002989 0.286908 0.005945 0.011789
0 0.723207 0.576940 0.012701 0.012475
0 0.690045 0.353910 0.011963 0.011848
0 0.027789 0.518355 0.013436 0.013396
0 0.283569 0.614708 0.012139 0.012031
0 0.159691 0.422048 0.012727 0.012570
0 0.753712 0.682974 0.014065 0.014009
0 0.308676 0.373261 0.011933 0.011850
0 0.847177 0.712810 0.021183 0.020951
0 0.618029 0.514996 0.011249 0.010835
0 0.751468 0.610261 0.012275 0.011859
0 0.519180 0.503365 0.010848 0.010097
0 0.904204 0.260237 0.013247 0.013368
0 0.607614 0.002274 0.012586 0.004548
0 0.636555 0.323118 0.011416 0.011654
0 0.526613 0.495770 0.013171 0.012848
0 0.821069 0.163180 0.011272 0.011092
0 0.022035 0.128911 0.010169 0.010611
0 0.496624 0.544869 0.013621 0.014091
0 0.085699 0.091426 0.012758 0.012829
0 0.730074 0.229930 0.012349 0.012501
0 0.332039 0.293869 0.010173 0.011143
0 0.403128 0.572043 0.009375 0.009716
0 0.994543 0.426108 0.010022 0.010582
0 0.702096 0.808957 0.016601 0.016622
