0 0.129516 0.735810 0.013283 0.013195
0 0.748731 0.598984 0.014548 0.014479
0 0.279452 0.561580 0.013723 0.013638
0 0.185337 0.890997 0.012355 0.012187
0 0.279254 0.763858 0.013326 0.013335
0 0.074995 0.419567 0.012240 0.012086
0 0.471179 0.625447 0.013148 0.013096
0 0.304491 0.157395 0.012863 0.012697
0 0.236934 0.355606 0.014154 0.013954
0 0.808260 0.745084 0.013347 0.013163
0 0.344403 0.676359 0.013685 0.013603
0 0.371481 0.454804 0.012082 0.011959
0 0.455342 0.445140 0.012639 0.012623
0 0.917743 0.614387 0.013578 0.013486
0 0.034374 0.735007 0.012703 0.012645
0 0.109370 0.980915 0.013516 0.013388
0 0.132387 0.427446 0.013767 0.014047
0 0.239279 0.889824 0.011794 0.011896
0 0.290502 0.809642 0.013444 0.013315
0 0.587110 0.748937 0.012103 0.012038
0 0.406043 0.601432 0.011594 0.011522
0 0.748624 0.619021 0.013832 0.013781
0 0.470081 0.253946 0.013681 0.013570
0 0.526529 0.081745 0.013671 0.013817
0 0.824722 0.964990 0.013743 0.013845
0 0.133088 0.360439 0.012324 0.012335
0 0.032311 0.972960 0.012743 0.012680
0 0.073094 0.280669 0.013720 0.013521
0 0.959255 0.785219 0.012341 0.012222
0 0.863105 0.541468 0.011297 0.011338
0 0.831479 0.611367 0.012999 0.012643
0 0.196734 0.025078 0.012987 0.012887
0 0.252775 0.180709 0.012147 0.011942
0 0.297381 0.108227 0.013067 0.013108
0 0.820818 0.572098 0.012296 0.012235
0 0.300565 0.663768 0.012090 0.011969
0 0.161725 0.774189 0.012378 0.012634
0 0.544946 0.343181 0.013534 0.013441
0 0.222922 0.470141 0.012963 0.012961
0 0.016546 0.075404 0.013411 0.013334
0 0.556142 0.218380 0.012889 0.012955
0 0.635163 0.366302 0.013313 0.013278
0 0.408436 0.825429 0.011909 0.011839
0 0.955961 0.521311 0.013472 0.013223
0 0.133431 0.763165 0.011498 0.011525
0 0.224846 0.651521 0.012978 0.012616
0 0.158377 0.983824 0.012090 0.012233
0 0.348065 0.150044 0.011352 0.011066
0 0.947192 0.739182 0.013070 0.012980
0 0.681754 0.730854 0.011593 0.011646
0 0.450146 0.005505 0.012622 0.010921
0 0.068818 0.184547 0.012971 0.012779
0 0.331138 0.518895 0.012377 0.012118
0 0.529333 0.202687 0.013314 0.013214
0 0.712962 0.359603 0.013129 0.013181
0 0.430275 0.612422 0.012285 0.012284
0 0.424447 0.747016 0.012871 0.012764
0 0.077776 0.361406 0.014302 0.014274
0 0.219377 0.399802 0.012173 0.012160
0 0.925459 0.753366 0.013076 0.012847
0 0.428338 0.627215 0.013147 0.012920
0 0.737773 0.313277 0.012033 0.012194
0 0.390731 0.147076 0.013264 0.013202
0 0.894855 0.692399 0.013156 0.013136
0 0.985312 0.053753 0.012726 0.012805
0 0.733224 0.801608 0.012026 0.012108
0 0.515096 0.022551 0.012904 0.012530
0 0.241159 0.545658 0.012677 0.012737
0 0.441086 0.059908 0.011957 0.011984
0 0.008462 0.353418 0.013037 0.012993
0 0.252066 0.222101 0.014037 0.014074
0 0.563831 0.932890 0.013607 0.013351
0 0.109506 0.568515 0.012641 0.012540
0 0.138535 0.099000 0.012247 0.012024
0 0.892111 0.025027 0.012794 0.012912
0 0.187974 0.659239 0.011995 0.012027
0 0.182262 0.729750 0.013103 0.013224
0 0.838110 0.444463 0.013935 0.014335
0 0.775259 0.029256 0.012110 0.012225
0 0.724831 0.379255 0.012055 0.012136
0 0.638423 0.887386 0.011718 0.011845
0 0.550168 0.112108 0.014003 0.013902
0 0.903402 0.168710 0.013473 0.013432
0 0.459289 0.962073 0.011715 0.011719
0 0.370218 0.265884 0.013723 0.013568
0 0.497205 0.670902 0.010825 0.011016
0 0.802114 0.089092 0.013454 0.013502
0 0.540541 0.973543 0.010993 0.010740
0 0.037737 0.573371 0.010024 0.010297
0 0.399612 0.321578 0.013159 0.013260
0 0.528525 0.630886 0.019580 0.018825
0 0.325808 0.273297 0.011925 0.012021
0 0.993218 0.008171 0.012740 0.013470
0 0.109912 0.258116 0.013178 0.013151
0 0.089505 0.721898 0.011660 0.011893
0 0.848717 0.710680 0.023591 0.023657
0 0.740029 0.049951 0.013489 0.013411
0 0.449505 0.204423 0.014167 0.014223
0 0.801994 0.429131 0.010984 0.011095
0 0.524924 0.349942 0.012732 0.012735
0 0.823039 0.185496 0.012554 0.012562
0 0.773235 0.004758 0.011196 0.009509
0 0.591287 0.050757 0.012952 0.013126
0 0.632814 0.083227 0.015191 0.015256
0 0.401228 0.571115 0.010247 0.010204
0 0.618551 0.913996 0.009444 0.009687
0 0.586752 0.671337 0.012363 0.012696
0 0.517453 0.627526 0.010223 0.010672
0 0.605533 0.653592 0.012228 0.012229
0 0.745619 0.104615 0.011714 0.011760
0 0.500419 0.968584 0.011435 0.011792
0 0.800977 0.430276 0.010835 0.010952
0 0.250783 0.245529 0.013524 0.013593
0 0.399776 0.570621 0.010985 0.010261
0 0.561296 0.951447 0.011979 0.012361
0 0.537961 0.753956 0.010882 0.011157
0 0.592609 0.052218 0.013032 0.013281
0 0.493120 0.544356 0.013976 0.014211
