0 0.280685 0.432880 0.014138 0.013988
0 0.653779 0.869225 0.015442 0.015272
0 0.762968 0.358447 0.014225 0.014218
0 0.970951 0.706083 0.014437 0.014263
0 0.311170 0.209330 0.015333 0.015438
0 0.214296 0.789862 0.013368 0.013561
0 0.175702 0.487722 0.014638 0.014708
0 0.614329 0.482899 0.013245 0.013214
0 0.254481 0.888704 0.014584 0.014449
0 0.586774 0.440939 0.013882 0.013875
0 0.413208 0.350051 0.014177 0.014250
0 0.793642 0.556909 0.016445 0.016268
0 0.055754 0.461377 0.013854 0.013614
0 0.223451 0.695852 0.013815 0.013630
0 0.816506 0.319315 0.014144 0.014129
0 0.574214 0.508843 0.013913 0.013907
0 0.696679 0.062122 0.014642 0.014475
0 0.118619 0.856063 0.013744 0.013655
0 0.318459 0.837344 0.014292 0.014306
0 0.053245 0.830789 0.014587 0.014828
0 0.823234 0.801329 0.013672 0.013479
0 0.129135 0.546923 0.013650 0.013584
0 0.414807 0.570158 0.013744 0.013900
0 0.480178 0.619744 0.013312 0.013342
0 0.515225 0.542369 0.014958 0.015019
0 0.212563 0.621953 0.013493 0.013400
0 0.074038 0.262054 0.013724 0.013783
0 0.136682 0.049826 0.018227 0.018217
0 0.489644 0.893169 0.015169 0.015153
0 0.903532 0.211051 0.014000 0.014015
0 0.346349 0.596218 0.014408 0.014281
0 0.937737 0.751192 0.014281 0.014674
0 0.936293 0.457922 0.014037 0.014081
0 0.867533 0.269801 0.014008 0.014083
0 0.951532 0.939931 0.014539 0.014424
0 0.304360 0.737920 0.016986 0.016902
0 0.401088 0.129845 0.014450 0.014721
0 0.418353 0.309888 0.014423 0.014371
0 0.880629 0.861217 0.015120 0.014994
0 0.684066 0.542886 0.014462 0.014560
0 0.635654 0.306818 0.014726 0.014953
0 0.770278 0.671157 0.014512 0.014088
0 0.633571 0.405712 0.015829 0.016022
0 0.452372 0.666489 0.012910 0.012644
0 0.052043 0.079409 0.014752 0.014531
0 0.337448 0.930947 0.013785 0.013729
0 0.767733 0.833285 0.015213 0.015080
0 0.253532 0.016328 0.015295 0.015430
0 0.647500 0.700577 0.013513 0.013513
0 0.951195 0.214108 0.015525 0.015765
0 0.738389 0.616943 0.015789 0.015956
0 0.679667 0.119363 0.014146 0.014088
0 0.093915 0.741933 0.015209 0.015289
0 0.676909 0.261191 0.014456 0.014395
0 0.434110 0.026734 0.013970 0.013806
0 0.351111 0.369960 0.013913 0.014332
0 0.413050 0.081181 0.015472 0.015538
0 0.418747 0.757379 0.014178 0.014027
0 0.351045 0.397585 0.013896 0.013893
0 0.291901 0.393388 0.015207 0.015142
0 0.199073 0.294868 0.014360 0.014719
0 0.154627 0.453180 0.015203 0.015225
0 0.364702 0.477309 0.013525 0.013665
0 0.609507 0.604761 0.015699 0.015719
0 0.486170 0.183213 0.014176 0.014131
0 0.952679 0.410180 0.014380 0.014396
0 0.955764 0.018498 0.012432 0.012438
0 0.052146 0.269999 0.014768 0.014847
0 0.990508 0.781530 0.013923 0.013925
0 0.381724 0.027823 0.013643 0.013629
0 0.345949 0.297440 0.023396 0.023208
0 0.073154 0.029130 0.014972 0.015030
0 0.026359 0.216100 0.014947 0.015049
0 0.848031 0.719911 0.022468 0.022179
0 0.871497 0.392990 0.013153 0.013202
0 0.762120 0.492238 0.012974 0.013010
0 0.787159 0.959939 0.015324 0.015525
0 0.778487 0.447833 0.014819 0.015057
0 0.945363 0.634953 0.015740 0.015866
0 0.516005 0.110735 0.014388 0.014259
0 0.263589 0.560493 0.014456 0.014347
0 0.250009 0.524125 0.012895 0.012648
0 0.047640 0.935714 0.014427 0.014244
0 0.941249 0.659201 0.012940 0.012985
0 0.982033 0.104797 0.014729 0.014957
0 0.904819 0.658252 0.013734 0.013842
0 0.528927 0.197211 0.014542 0.014181
0 0.531570 0.637814 0.022425 0.022423
0 0.758747 0.550119 0.014693 0.014530
0 0.506682 0.203733 0.014341 0.014558
0 0.975820 0.877138 0.015380 0.015411
0 0.982994 0.153825 0.012932 0.013014
0 0.595622 0.041846 0.013552 0.013755
0 0.375140 0.307549 0.014493 0.014851
0 0.322429 0.473210 0.014011 0.013904
0 0.173459 0.071176 0.014915 0.015008
0 0.905517 0.247010 0.013725 0.013667
0 0.842091 0.568566 0.017465 0.017199
0 0.624424 0.961064 0.014848 0.015236
0 0.875663 0.995380 0.014277 0.009227
0 0.090666 0.438509 0.014699 0.014705
0 0.323128 0.271932 0.014636 0.014590
0 0.619882 0.149741 0.014635 0.015225
0 0.987566 0.506748 0.016794 0.016492
0 0.004783 0.933990 0.009523 0.011947
0 0.892241 0.570787 0.014656 0.014530
0 0.906031 0.983788 0.015102 0.015179
0 0.709649 0.453444 0.013682 0.013496
0 0.385295 0.983106 0.013743 0.013684
0 0.004463 0.477543 0.008925 0.016739
0 0.517974 0.363867 0.013814 0.013970
0 0.484339 0.737765 0.015280 0.015193
0 0.093803 0.909673 0.014720 0.014550
0 0.013317 0.312334 0.015223 0.015224
0 0.790498 0.121198 0.014836 0.015068
0 0.280776 0.743389 0.016154 0.015965
0 0.207893 0.547437 0.014768 0.014384
0 0.921061 0.145845 0.020479 0.019991
0 0.470493 0.667355 0.012457 0.012614
0 0.732941 0.382126 0.014921 0.014930
0 0.820091 0.823105 0.013514 0.013601
0 0.582817 0.174095 0.014544 0.014744
0 0.634884 0.086872 0.021013 0.021093
0 0.636877 0.043893 0.014594 0.014532
0 0.505070 0.378341 0.017591 0.017322
0 0.980668 0.588831 0.014858 0.014970
0 0.831449 0.141356 0.014506 0.014299
0 0.667921 0.181917 0.014953 0.014718
0 0.919102 0.439258 0.017232 0.016730
0 0.278979 0.250907 0.015689 0.015555
0 0.713682 0.470798 0.013668 0.013926
0 0.523832 0.018041 0.016835 0.016434
0 0.723471 0.286242 0.014728 0.014364
0 0.376866 0.230596 0.020725 0.020509
0 0.276236 0.250130 0.016222 0.016826
0 0.746646 0.216085 0.015056 0.015681
0 0.313501 0.066598 0.013496 0.012897
0 0.012690 0.908469 0.014066 0.013517
0 0.792913 0.046616 0.012362 0.012174
0 0.120501 0.906977 0.014754 0.014517
0 0.391188 0.247109 0.011233 0.011105
0 0.185110 0.996864 0.015931 0.006245
0 0.136631 0.022304 0.015861 0.015924
0 0.579185 0.154454 0.014182 0.014176
0 0.538582 0.736365 0.022093 0.022337
0 0.065765 0.575006 0.023472 0.022819
0 0.502746 0.376820 0.017037 0.017405
0 0.869752 0.608694 0.015232 0.014846
