0 0.334153 0.571892 0.012708 0.012651
0 0.748937 0.618712 0.013582 0.013322
0 0.454614 0.456872 0.014269 0.013964
0 0.699809 0.724266 0.013246 0.012971
0 0.566452 0.298298 0.013304 0.013232
0 0.107810 0.080198 0.013641 0.013527
0 0.923263 0.540451 0.013837 0.013878
0 0.544118 0.346074 0.013429 0.013459
0 0.793647 0.132760 0.013189 0.013168
0 0.184506 0.891295 0.013173 0.013095
0 0.383185 0.536055 0.012515 0.012415
0 0.260897 0.147344 0.012039 0.011853
0 0.944005 0.579139 0.012673 0.012615
0 0.192001 0.204212 0.012057 0.012000
0 0.898705 0.391328 0.012519 0.012492
0 0.569247 0.476883 0.013103 0.012983
0 0.053810 0.373565 0.013714 0.013740
0 0.703930 0.237775 0.012694 0.012656
0 0.425131 0.532933 0.012737 0.012584
0 0.531995 0.170748 0.012730 0.012806
0 0.184036 0.476280 0.013413 0.013475
0 0.154373 0.241774 0.012849 0.012693
0 0.173272 0.813624 0.013548 0.013356
0 0.748035 0.817728 0.014003 0.014073
0 0.037378 0.113505 0.011973 0.011738
0 0.042473 0.959529 0.013097 0.013027
0 0.210974 0.297839 0.013196 0.013131
0 0.109314 0.981121 0.013864 0.013853
0 0.533590 0.663250 0.014175 0.014196
0 0.675747 0.873624 0.013782 0.013689
0 0.870938 0.548921 0.011920 0.011947
0 0.103572 0.197773 0.013002 0.012853
0 0.865660 0.671339 0.012284 0.012380
0 0.182581 0.638342 0.014951 0.014750
0 0.809207 0.155645 0.012083 0.011982
0 0.285841 0.139862 0.013951 0.013895
0 0.861041 0.223882 0.013286 0.013356
0 0.641309 0.625498 0.012422 0.012301
0 0.832304 0.782581 0.013158 0.013150
0 0.485373 0.662016 0.012893 0.012730
0 0.027507 0.549413 0.012843 0.012692
0 0.182322 0.401536 0.013136 0.013208
0 0.883345 0.499742 0.013632 0.013439
0 0.499348 0.755254 0.013014 0.012997
0 0.766644 0.339423 0.013563 0.013670
0 0.148713 0.404754 0.012530 0.012869
0 0.467318 0.353304 0.013781 0.013681
0 0.222894 0.469679 0.012779 0.012770
0 0.277793 0.455721 0.013880 0.013713
0 0.281516 0.115772 0.013534 0.013592
0 0.031852 0.763775 0.013341 0.013238
0 0.919336 0.304249 0.012144 0.012217
0 0.875180 0.789503 0.014359 0.014164
0 0.119741 0.527966 0.013087 0.013150
0 0.774293 0.074499 0.011780 0.011781
0 0.344300 0.804976 0.011249 0.011213
0 0.835504 0.450466 0.011889 0.011972
0 0.432390 0.172067 0.013389 0.013209
0 0.142733 0.491692 0.013452 0.013214
0 0.708530 0.090678 0.013232 0.013121
0 0.436666 0.138228 0.013539 0.013594
0 0.331177 0.518848 0.013341 0.013358
0 0.306763 0.853406 0.012429 0.012377
0 0.822831 0.270772 0.012106 0.012061
0 0.315515 0.343546 0.012296 0.012711
0 0.494513 0.496163 0.011573 0.011740
0 0.584543 0.008483 0.014793 0.014697
0 0.495698 0.544871 0.014319 0.014382
0 0.460881 0.958214 0.012989 0.013199
0 0.379413 0.702348 0.011504 0.011366
0 0.408507 0.239536 0.012866 0.012580
0 0.415281 0.919392 0.011012 0.010918
0 0.522553 0.350143 0.012705 0.012771
0 0.433528 0.592771 0.011926 0.011619
0 0.426574 0.659982 0.013228 0.013347
0 0.942134 0.179701 0.012295 0.012157
0 0.428856 0.239192 0.011661 0.011671
0 0.301295 0.752005 0.011611 0.011501
0 0.753974 0.042940 0.012468 0.012427
0 0.402089 0.048344 0.011042 0.010986
0 0.226115 0.798789 0.011680 0.011572
0 0.978578 0.412554 0.012925 0.012914
0 0.347788 0.292436 0.020218 0.019537
0 0.360418 0.549285 0.013009 0.012990
0 0.486450 0.359889 0.012319 0.012112
0 0.845895 0.003317 0.014097 0.006633
0 0.729278 0.010447 0.011617 0.011606
0 0.648534 0.998039 0.011371 0.003880
0 0.543990 0.973654 0.012220 0.012371
0 0.103334 0.576873 0.011235 0.011635
0 0.041304 0.322281 0.012068 0.011941
0 0.333042 0.009278 0.013029 0.013310
0 0.180959 0.060374 0.012375 0.012137
0 0.165403 0.317283 0.012083 0.012347
0 0.682911 0.664236 0.012647 0.012553
0 0.994694 0.852384 0.010356 0.012072
0 0.848514 0.710900 0.023410 0.023395
0 0.788029 0.005694 0.012712 0.011164
0 0.454024 0.991925 0.012728 0.012874
0 0.531183 0.629976 0.023745 0.023632
0 0.304131 0.107746 0.012097 0.012341
0 0.831806 0.469729 0.011809 0.012002
0 0.886314 0.139174 0.011275 0.011632
0 0.420774 0.039438 0.011753 0.012097
0 0.421559 0.556608 0.013203 0.013677
0 0.406733 0.030342 0.012865 0.012988
0 0.323431 0.267548 0.012152 0.012383
0 0.547439 0.806624 0.010077 0.009886
0 0.226654 0.653267 0.012526 0.012225
0 0.737932 0.990201 0.013444 0.013462
0 0.762089 0.098487 0.012428 0.012485
0 0.915148 0.252654 0.011817 0.011319
0 0.648254 0.996845 0.011647 0.006259
0 0.960014 0.814198 0.012503 0.012891
0 0.280554 0.867106 0.010421 0.010385
