0 0.811736 0.523759 0.011678 0.011543
0 0.819733 0.646132 0.012765 0.012852
0 0.804488 0.486327 0.013218 0.013289
0 0.975493 0.851060 0.013194 0.013203
0 0.866505 0.456767 0.013357 0.013085
0 0.545444 0.743358 0.013140 0.013232
0 0.788175 0.726066 0.013822 0.013837
0 0.953484 0.582730 0.012862 0.012838
0 0.132170 0.311946 0.013845 0.013815
0 0.954233 0.786374 0.013280 0.013036
0 0.837027 0.014020 0.013775 0.013741
0 0.524432 0.349454 0.013642 0.013437
0 0.567354 0.354460 0.014145 0.013872
0 0.411627 0.142298 0.013583 0.013477
0 0.862240 0.485471 0.012158 0.012206
0 0.748236 0.618087 0.013315 0.013003
0 0.601023 0.183629 0.012571 0.012640
0 0.108985 0.741639 0.012730 0.012628
0 0.531229 0.171666 0.014295 0.014400
0 0.939550 0.621998 0.011789 0.011774
0 0.650860 0.669123 0.012914 0.012747
0 0.401541 0.260585 0.014045 0.014127
0 0.435323 0.717787 0.014954 0.015032
0 0.057968 0.685144 0.013156 0.013155
0 0.493990 0.591722 0.013153 0.013197
0 0.159779 0.565574 0.012671 0.012373
0 0.947875 0.559088 0.012524 0.012576
0 0.659938 0.371871 0.011952 0.011899
0 0.382536 0.432906 0.014143 0.014115
0 0.789413 0.606758 0.012441 0.012492
0 0.869347 0.174758 0.011505 0.011349
0 0.407704 0.079178 0.012947 0.012957
0 0.863942 0.094729 0.013796 0.013698
0 0.892774 0.692736 0.012319 0.012101
0 0.412510 0.757690 0.013022 0.012907
0 0.380416 0.566538 0.011171 0.011254
0 0.362556 0.173811 0.013635 0.013444
0 0.460981 0.959582 0.012575 0.012587
0 0.568446 0.406594 0.013958 0.013695
0 0.039135 0.505736 0.012503 0.012605
0 0.136498 0.568485 0.013077 0.013057
0 0.700870 0.326711 0.011670 0.011668
0 0.372893 0.328603 0.012746 0.012526
0 0.543711 0.972931 0.013447 0.013074
0 0.717559 0.298825 0.013824 0.013655
0 0.414338 0.389869 0.013417 0.013348
0 0.583385 0.025763 0.012359 0.012309
0 0.870403 0.377194 0.012004 0.011418
0 0.987493 0.244955 0.014359 0.014165
0 0.417332 0.529291 0.012156 0.012023
0 0.583945 0.517020 0.012539 0.012811
0 0.074108 0.983846 0.012414 0.012474
0 0.145731 0.457530 0.014311 0.014328
0 0.790169 0.005841 0.012492 0.011575
0 0.508905 0.545195 0.012430 0.013078
0 0.872825 0.762528 0.012259 0.012080
0 0.607880 0.109938 0.013869 0.013836
0 0.616458 0.193683 0.011881 0.011951
0 0.603762 0.620817 0.012824 0.012995
0 0.440847 0.059536 0.012483 0.012498
0 0.068166 0.246988 0.011748 0.011417
0 0.222199 0.469684 0.012306 0.012366
0 0.745901 0.006737 0.010006 0.009870
0 0.200825 0.112542 0.014148 0.014224
0 0.650182 0.208421 0.013407 0.013550
0 0.849726 0.708641 0.021006 0.021049
0 0.611791 0.732924 0.012597 0.012820
0 0.594382 0.393256 0.012344 0.012024
0 0.184856 0.891817 0.013056 0.013049
0 0.492095 0.544237 0.011831 0.012131
0 0.079960 0.922649 0.012078 0.012073
0 0.861834 0.302151 0.012482 0.012576
0 0.628438 0.849942 0.012473 0.012602
0 0.771386 0.008786 0.011524 0.011613
0 0.224379 0.764523 0.012655 0.012643
0 0.366373 0.592291 0.011221 0.010901
0 0.282606 0.224514 0.012348 0.012138
0 0.480747 0.744233 0.011986 0.012071
0 0.988187 0.303636 0.013051 0.012710
0 0.786645 0.304661 0.012236 0.012415
0 0.290766 0.522736 0.012236 0.012373
0 0.121655 0.667501 0.013363 0.013603
0 0.851612 0.928668 0.013392 0.013531
0 0.109716 0.981883 0.012891 0.012804
0 0.092794 0.676301 0.011874 0.011857
0 0.767287 0.382137 0.010843 0.010782
0 0.092064 0.168680 0.012729 0.012512
0 0.438178 0.300711 0.013043 0.013014
0 0.897569 0.022185 0.010740 0.010971
0 0.222894 0.564891 0.010613 0.010637
0 0.193643 0.366961 0.010908 0.010555
0 0.059868 0.076048 0.013549 0.013554
0 0.979893 0.496289 0.013660 0.013626
0 0.205361 0.357679 0.012744 0.012512
0 0.356652 0.408272 0.013178 0.013476
0 0.344319 0.181858 0.015456 0.015042
0 0.172164 0.696769 0.012664 0.012845
0 0.284794 0.176507 0.011142 0.011529
0 0.818349 0.084426 0.012940 0.012557
0 0.043206 0.293338 0.010785 0.010609
0 0.223334 0.648508 0.011292 0.011318
0 0.078745 0.288004 0.010639 0.010924
0 0.330509 0.518889 0.011806 0.011782
0 0.563140 0.607032 0.013290 0.013138
0 0.118761 0.081474 0.011778 0.011570
0 0.026139 0.732061 0.011275 0.011369
0 0.993228 0.638878 0.011797 0.012657
0 0.252656 0.242073 0.010816 0.010956
0 0.043284 0.027109 0.011702 0.011444
0 0.421500 0.556943 0.012613 0.012609
