0 0.631493 0.316404 0.012778 0.012747
0 0.538522 0.515448 0.012325 0.012321
0 0.054538 0.353684 0.012745 0.012640
0 0.661773 0.096504 0.012033 0.012136
0 0.673929 0.398143 0.012766 0.012776
0 0.453275 0.094924 0.013204 0.013157
0 0.598520 0.157985 0.013245 0.013027
0 0.823791 0.158931 0.012527 0.012731
0 0.530052 0.198825 0.012986 0.012986
0 0.690700 0.565561 0.012671 0.012633
0 0.452766 0.459425 0.012640 0.012487
0 0.924662 0.303061 0.012491 0.012405
0 0.493420 0.196566 0.012150 0.012315
0 0.734067 0.622165 0.013744 0.013586
0 0.459463 0.323827 0.012935 0.012871
0 0.419800 0.401459 0.012423 0.012420
0 0.888704 0.736707 0.013005 0.012898
0 0.095533 0.380241 0.011360 0.011224
0 0.279332 0.436487 0.012101 0.011958
0 0.254725 0.427579 0.013208 0.013132
0 0.786182 0.053667 0.011776 0.011644
0 0.610176 0.781938 0.014197 0.014078
0 0.712875 0.675647 0.011596 0.011710
0 0.344783 0.356332 0.012175 0.012399
0 0.689701 0.266937 0.012327 0.012338
0 0.835584 0.503695 0.011686 0.011554
0 0.784977 0.349350 0.012749 0.012652
0 0.583839 0.513763 0.013755 0.013706
0 0.924293 0.035539 0.011868 0.011842
0 0.445416 0.747236 0.013849 0.013901
0 0.211688 0.552895 0.013200 0.012872
0 0.903533 0.541177 0.012997 0.012830
0 0.168383 0.963341 0.011632 0.011592
0 0.014907 0.817268 0.012739 0.012584
0 0.459075 0.406212 0.012665 0.012587
0 0.421632 0.299778 0.014013 0.013802
0 0.942194 0.418412 0.012838 0.012801
0 0.526296 0.418128 0.012381 0.012333
0 0.468651 0.166814 0.013592 0.013512
0 0.417467 0.448009 0.013160 0.013099
0 0.311203 0.505968 0.012320 0.012320
0 0.077778 0.842288 0.013788 0.013686
0 0.326638 0.797534 0.012952 0.012887
0 0.916954 0.180098 0.013684 0.013350
0 0.086508 0.927204 0.012034 0.011825
0 0.436468 0.562970 0.013747 0.013648
0 0.878461 0.356815 0.011737 0.011177
0 0.322610 0.289461 0.012853 0.013066
0 0.445734 0.702591 0.013021 0.012793
0 0.559941 0.565743 0.013647 0.013449
0 0.278135 0.933059 0.010813 0.010981
0 0.427502 0.632005 0.013175 0.013364
0 0.891385 0.587992 0.011938 0.012076
0 0.048705 0.786754 0.013205 0.013345
0 0.922980 0.851815 0.014022 0.013863
0 0.271431 0.578057 0.012415 0.012570
0 0.109199 0.702008 0.012618 0.012639
0 0.077599 0.618974 0.012981 0.012823
0 0.479611 0.497068 0.013248 0.012953
0 0.429975 0.011811 0.013964 0.014020
0 0.551806 0.734819 0.012239 0.012420
0 0.117221 0.165153 0.012219 0.012323
0 0.921404 0.324852 0.013093 0.013173
0 0.257461 0.178608 0.012762 0.012604
0 0.768552 0.537157 0.012875 0.012746
0 0.438629 0.832854 0.012181 0.012105
0 0.801320 0.337227 0.010425 0.010417
0 0.391280 0.950943 0.013023 0.013040
0 0.780313 0.097191 0.013610 0.013445
0 0.506680 0.352132 0.013445 0.013118
0 0.182371 0.619883 0.012551 0.012388
0 0.483948 0.281273 0.010546 0.010449
0 0.885856 0.118399 0.009092 0.009021
0 0.134140 0.945627 0.012409 0.012235
0 0.019050 0.366764 0.013922 0.013697
0 0.824689 0.008352 0.013057 0.013301
0 0.312646 0.870637 0.012053 0.011773
0 0.870851 0.109324 0.011800 0.011444
0 0.233087 0.454685 0.012905 0.012830
0 0.466019 0.569358 0.013147 0.012971
0 0.832795 0.738696 0.013496 0.013619
0 0.981791 0.651135 0.010312 0.010267
0 0.097811 0.358959 0.015008 0.014869
0 0.584087 0.950934 0.014223 0.014550
0 0.371757 0.697910 0.012620 0.012734
0 0.721773 0.771338 0.014805 0.014436
0 0.803346 0.542167 0.011454 0.011306
0 0.904521 0.073109 0.010066 0.010288
0 0.778070 0.484579 0.012362 0.012275
0 0.969552 0.605067 0.011639 0.011006
0 0.751236 0.437281 0.011063 0.011184
0 0.312597 0.763567 0.012691 0.012748
0 0.166051 0.181651 0.012204 0.012001
0 0.543703 0.954292 0.013511 0.013171
0 0.660768 0.603304 0.013517 0.013363
0 0.116589 0.014688 0.012583 0.012306
0 0.283990 0.672674 0.013216 0.013084
0 0.466858 0.959302 0.013691 0.013553
0 0.083834 0.729834 0.012117 0.012095
0 0.214151 0.992019 0.012233 0.012214
0 0.534604 0.630492 0.023764 0.023262
0 0.413437 0.904542 0.013281 0.013369
0 0.968049 0.031242 0.009977 0.009579
0 0.741249 0.577942 0.011876 0.011888
0 0.654652 0.588842 0.011882 0.011952
0 0.959606 0.088475 0.012145 0.011884
0 0.853965 0.615502 0.011068 0.011043
0 0.031827 0.904431 0.011539 0.011411
0 0.064333 0.916179 0.011367 0.011188
0 0.978574 0.513948 0.013370 0.013038
0 0.869623 0.570519 0.011459 0.011691
0 0.866848 0.872129 0.011629 0.011337
0 0.095977 0.997713 0.012378 0.004575
0 0.727278 0.065184 0.012112 0.012039
0 0.431838 0.710148 0.012485 0.012303
0 0.349497 0.290951 0.024243 0.024583
0 0.735135 0.422314 0.009344 0.009256
0 0.851472 0.996207 0.012345 0.007586
0 0.880556 0.977376 0.014083 0.014285
0 0.132072 0.013075 0.009729 0.009284
0 0.991189 0.512375 0.010796 0.011531
0 0.599200 0.257752 0.010172 0.009770
0 0.726948 0.788536 0.013078 0.012913
0 0.848958 0.548122 0.011333 0.011556
0 0.806665 0.485220 0.010032 0.010217
0 0.904747 0.996907 0.011990 0.006185
0 0.236869 0.816926 0.012969 0.012698
0 0.906505 0.997390 0.011984 0.005213
0 0.918601 0.004184 0.011330 0.008322
0 0.912073 0.926200 0.011603 0.011584
0 0.779123 0.505554 0.010933 0.011007
0 0.050298 0.647786 0.011744 0.011672
