0 0.116991 0.720088 0.012717 0.012630
0 0.061018 0.088415 0.012339 0.012404
0 0.893973 0.457397 0.012765 0.012586
0 0.105871 0.659115 0.013196 0.013038
0 0.058096 0.411044 0.013037 0.013013
0 0.883333 0.440177 0.012175 0.012100
0 0.771123 0.494911 0.012597 0.012322
0 0.114614 0.347631 0.013209 0.013264
0 0.011451 0.187274 0.010999 0.010966
0 0.657796 0.497009 0.012887 0.012867
0 0.042063 0.323332 0.012473 0.012391
0 0.332630 0.949345 0.012007 0.011930
0 0.076633 0.124288 0.012227 0.012199
0 0.070211 0.833857 0.013007 0.012828
0 0.567431 0.584426 0.012561 0.012534
0 0.093160 0.582444 0.012981 0.012652
0 0.661467 0.433825 0.012992 0.013064
0 0.860128 0.634562 0.013441 0.013254
0 0.167636 0.789294 0.012880 0.012928
0 0.610477 0.474864 0.012068 0.011876
0 0.777689 0.042506 0.014126 0.013820
0 0.822664 0.452734 0.012557 0.012550
0 0.179604 0.086637 0.012594 0.012913
0 0.140655 0.517707 0.013396 0.013181
0 0.708198 0.672232 0.012868 0.012536
0 0.454678 0.035138 0.012662 0.012451
0 0.711647 0.322373 0.011599 0.011775
0 0.956353 0.509123 0.015376 0.014991
0 0.621927 0.647756 0.012613 0.012380
0 0.046647 0.848453 0.012518 0.012775
0 0.279035 0.436385 0.011890 0.011724
0 0.292653 0.238060 0.012800 0.012821
0 0.006449 0.635791 0.011980 0.011621
0 0.321076 0.314841 0.012919 0.012962
0 0.306125 0.852444 0.012836 0.012742
0 0.081073 0.951500 0.013788 0.013764
0 0.753428 0.643557 0.011945 0.012085
0 0.559528 0.203756 0.012149 0.012136
0 0.461741 0.287588 0.012281 0.012032
0 0.274754 0.712281 0.013542 0.013381
0 0.686953 0.294698 0.011853 0.012193
0 0.010233 0.534512 0.011647 0.011641
0 0.133715 0.697548 0.013779 0.013442
0 0.233641 0.707342 0.012152 0.012161
0 0.831485 0.286059 0.014943 0.014824
0 0.477995 0.077492 0.013363 0.013192
0 0.687383 0.527379 0.012827 0.012839
0 0.735304 0.620718 0.013745 0.013882
0 0.995088 0.455963 0.009794 0.013790
0 0.464757 0.964405 0.011062 0.010991
0 0.747765 0.071952 0.012363 0.012264
0 0.014693 0.400583 0.014059 0.014191
0 0.781160 0.523098 0.012466 0.012525
0 0.254173 0.530305 0.012715 0.012644
0 0.763961 0.029251 0.013223 0.013249
0 0.265565 0.733557 0.012725 0.012568
0 0.527724 0.332391 0.013776 0.013994
0 0.786646 0.349522 0.011653 0.011759
0 0.531044 0.477335 0.010707 0.010870
0 0.697263 0.740140 0.013053 0.013103
0 0.398892 0.992561 0.012547 0.012200
0 0.913190 0.719744 0.013819 0.013906
0 0.227563 0.883973 0.013325 0.013514
0 0.581175 0.455453 0.015073 0.015108
0 0.366090 0.445209 0.012363 0.012385
0 0.618443 0.853335 0.013533 0.013547
0 0.550257 0.591120 0.011486 0.012080
0 0.939900 0.753465 0.013165 0.013036
0 0.124656 0.125988 0.012382 0.012409
0 0.431455 0.217867 0.013967 0.014013
0 0.587858 0.083975 0.012755 0.012422
0 0.934195 0.386039 0.013273 0.013367
0 0.553893 0.332350 0.011185 0.011258
0 0.971533 0.076349 0.012310 0.012160
0 0.824584 0.598558 0.013508 0.013379
0 0.823797 0.518647 0.014561 0.014490
0 0.446932 0.563336 0.011850 0.012097
0 0.262005 0.907991 0.011999 0.012127
0 0.711999 0.383409 0.012844 0.012764
0 0.472339 0.791945 0.012963 0.012945
0 0.541558 0.865342 0.012994 0.012980
0 0.816183 0.819500 0.013546 0.013848
0 0.585500 0.032061 0.012728 0.012554
0 0.816328 0.976634 0.011049 0.010887
0 0.202943 0.336455 0.012914 0.013040
0 0.688891 0.384005 0.011471 0.011213
0 0.409988 0.295291 0.013859 0.013751
0 0.747338 0.326654 0.012224 0.012275
0 0.489946 0.620190 0.011731 0.012082
0 0.780676 0.729587 0.012764 0.012764
0 0.472580 0.516883 0.012156 0.012257
0 0.686306 0.482274 0.014269 0.014643
0 0.181496 0.187123 0.011376 0.011544
0 0.898614 0.828563 0.012927 0.012694
0 0.799491 0.554304 0.012133 0.012221
0 0.655143 0.381017 0.011424 0.011196
0 0.148384 0.569420 0.013842 0.014019
0 0.865049 0.524823 0.014443 0.014433
0 0.578982 0.728547 0.012599 0.012701
