0 0.142517 0.957996 0.012303 0.012195
0 0.172563 0.229181 0.012307 0.012196
0 0.117441 0.813234 0.012426 0.012471
0 0.186833 0.889446 0.013073 0.012953
0 0.202568 0.791761 0.013240 0.013171
0 0.040419 0.758966 0.012035 0.012044
0 0.738308 0.880775 0.013469 0.013555
0 0.049292 0.834060 0.012020 0.011897
0 0.017827 0.667283 0.013313 0.013240
0 0.461041 0.960276 0.011687 0.011615
0 0.816855 0.726603 0.011433 0.011624
0 0.613328 0.413682 0.011575 0.011551
0 0.682176 0.688378 0.012723 0.012651
0 0.484062 0.567796 0.012923 0.012726
0 0.120552 0.271821 0.012001 0.012031
0 0.748239 0.615751 0.012480 0.012238
0 0.467876 0.489290 0.012082 0.012218
0 0.036516 0.920883 0.013307 0.013609
0 0.261973 0.231231 0.011987 0.011957
0 0.169068 0.770793 0.012901 0.012687
0 0.124918 0.489826 0.011751 0.011741
0 0.109891 0.979419 0.013843 0.013759
0 0.980161 0.734007 0.013163 0.013034
0 0.368931 0.451367 0.012000 0.012040
0 0.229756 0.188753 0.012395 0.012203
0 0.224935 0.349664 0.012077 0.012062
0 0.553593 0.716023 0.012301 0.012078
0 0.223073 0.466843 0.012563 0.012539
0 0.535491 0.725652 0.012151 0.011845
0 0.416824 0.297302 0.010187 0.010066
0 0.223420 0.415169 0.012712 0.012814
0 0.078391 0.518050 0.011750 0.011770
0 0.058991 0.476388 0.012123 0.013251
0 0.094784 0.992334 0.012867 0.012777
0 0.007080 0.795766 0.012906 0.012899
0 0.226327 0.691015 0.011778 0.011687
0 0.360972 0.150525 0.011673 0.011758
0 0.922146 0.497291 0.012934 0.012581
0 0.032981 0.807973 0.011404 0.011382
0 0.225965 0.649217 0.012823 0.012392
0 0.448636 0.416466 0.011254 0.011352
0 0.543096 0.973782 0.012236 0.012087
0 0.747862 0.296103 0.011479 0.011315
0 0.551781 0.317131 0.011512 0.011538
0 0.537772 0.523945 0.010688 0.010821
0 0.455056 0.911835 0.013056 0.013020
0 0.701417 0.822385 0.017905 0.017444
0 0.343429 0.297675 0.022365 0.022214
0 0.530979 0.636921 0.020751 0.020715
0 0.320217 0.003087 0.011871 0.006174
0 0.251318 0.077659 0.011728 0.011694
0 0.523847 0.346211 0.012004 0.011626
0 0.531623 0.395969 0.011536 0.011527
0 0.847738 0.717845 0.020201 0.019755
0 0.005237 0.988515 0.010475 0.012922
0 0.102574 0.001841 0.012410 0.003682
0 0.922851 0.772460 0.011155 0.011150
0 0.331799 0.516498 0.010950 0.010813
0 0.537462 0.994732 0.012155 0.010482
0 0.375303 0.227697 0.017971 0.018056
0 0.316145 0.324414 0.011549 0.011474
0 0.421615 0.822032 0.010145 0.010205
0 0.648372 0.408706 0.009329 0.009132
0 0.565229 0.151140 0.011530 0.011540
