0 0.682420 0.018337 0.013193 0.013166
0 0.524800 0.346692 0.013299 0.013016
0 0.143549 0.211657 0.012953 0.013015
0 0.543299 0.973167 0.013915 0.013702
0 0.248248 0.159329 0.013378 0.013191
0 0.802063 0.778068 0.014199 0.013912
0 0.364683 0.129453 0.013196 0.013049
0 0.553361 0.296456 0.013216 0.013222
0 0.449126 0.137017 0.012443 0.012548
0 0.139718 0.743271 0.013705 0.013698
0 0.501025 0.334178 0.012800 0.012383
0 0.749046 0.616034 0.012815 0.012722
0 0.167109 0.423885 0.012246 0.012238
0 0.413669 0.028070 0.011778 0.011539
0 0.882098 0.704590 0.013007 0.012953
0 0.591341 0.091011 0.012000 0.011835
0 0.431545 0.456468 0.012303 0.012221
0 0.139341 0.298541 0.012286 0.012130
0 0.223064 0.467254 0.012674 0.012653
0 0.735726 0.398151 0.010191 0.010206
0 0.807444 0.633314 0.013348 0.013697
0 0.459388 0.957568 0.013272 0.013316
0 0.762769 0.918559 0.012141 0.012049
0 0.446345 0.860165 0.012881 0.012803
0 0.787386 0.748563 0.011840 0.011936
0 0.412933 0.550911 0.012795 0.012604
0 0.098734 0.509022 0.012819 0.012849
0 0.331664 0.517205 0.011487 0.011503
0 0.094317 0.712484 0.012842 0.012767
0 0.083609 0.806202 0.012536 0.012500
0 0.279005 0.269570 0.011763 0.011866
0 0.301566 0.436717 0.012211 0.012079
0 0.067578 0.361542 0.011110 0.010989
0 0.380310 0.868990 0.012217 0.012222
0 0.190006 0.448151 0.013966 0.013728
0 0.142350 0.588770 0.013543 0.013644
0 0.350301 0.605854 0.011999 0.011986
0 0.226073 0.649818 0.012611 0.012359
0 0.131258 0.190525 0.012190 0.012131
0 0.848490 0.718106 0.018994 0.018815
0 0.555699 0.569252 0.013535 0.013302
0 0.729146 0.982923 0.012569 0.012587
0 0.886505 0.576361 0.013128 0.013479
0 0.394831 0.769871 0.012985 0.012802
0 0.927161 0.546638 0.012799 0.013126
0 0.475643 0.411071 0.012879 0.012693
0 0.292734 0.313248 0.013135 0.013406
0 0.613263 0.284050 0.012956 0.012830
0 0.346654 0.342350 0.012275 0.012402
0 0.964669 0.038133 0.011884 0.012040
0 0.422822 0.305338 0.012258 0.011976
0 0.707397 0.416927 0.010879 0.011121
0 0.627912 0.975895 0.012415 0.012511
0 0.454346 0.188320 0.011870 0.011723
0 0.485677 0.525105 0.013026 0.013131
0 0.923217 0.963590 0.012726 0.012594
0 0.416906 0.360555 0.012082 0.012106
0 0.996351 0.410365 0.007229 0.010937
0 0.785084 0.125985 0.011451 0.011357
0 0.530132 0.637206 0.023187 0.023673
0 0.344860 0.296531 0.023232 0.023288
0 0.187643 0.890691 0.012741 0.012677
0 0.817283 0.263564 0.011625 0.011454
0 0.508232 0.983482 0.012538 0.012267
0 0.487116 0.447244 0.011285 0.011416
0 0.441472 0.058224 0.011298 0.010990
0 0.761221 0.061030 0.011133 0.011549
0 0.418079 0.103235 0.011947 0.012117
0 0.923910 0.064422 0.010460 0.010660
0 0.712438 0.367540 0.011043 0.011689
0 0.185842 0.992941 0.012442 0.012598
0 0.821432 0.470328 0.010893 0.010552
0 0.701327 0.820824 0.021256 0.021002
0 0.417708 0.317969 0.011511 0.011610
0 0.787123 0.004338 0.011934 0.008677
0 0.998362 0.785831 0.003277 0.011352
0 0.109152 0.979741 0.013027 0.013145
0 0.921138 0.145763 0.019360 0.018828
0 0.185167 0.975958 0.012899 0.012741
0 0.246559 0.989763 0.011410 0.011383
0 0.374987 0.227237 0.018893 0.020045
