0 0.113093 0.152278 0.012604 0.012574
0 0.591530 0.284600 0.012885 0.012740
0 0.655639 0.497831 0.012860 0.012899
0 0.574376 0.597278 0.011852 0.011819
0 0.129258 0.346860 0.012560 0.012443
0 0.457129 0.039791 0.012907 0.012888
0 0.623591 0.635914 0.013021 0.013107
0 0.691363 0.273334 0.012927 0.012903
0 0.175673 0.199933 0.012510 0.012337
0 0.011665 0.188236 0.011189 0.011202
0 0.660042 0.638311 0.012431 0.012601
0 0.864466 0.631352 0.013479 0.013402
0 0.022970 0.472979 0.013267 0.013060
0 0.529729 0.331367 0.013502 0.013632
0 0.537299 0.020722 0.012422 0.012526
0 0.666197 0.434043 0.012863 0.012886
0 0.626523 0.569669 0.011915 0.012103
0 0.713142 0.322310 0.011949 0.012010
0 0.066301 0.378833 0.011714 0.011612
0 0.822903 0.450929 0.013070 0.012972
0 0.903490 0.460389 0.012801 0.012730
0 0.880366 0.429588 0.012213 0.012007
0 0.955987 0.509271 0.015521 0.015173
0 0.728438 0.671415 0.012669 0.012742
0 0.575786 0.043843 0.012845 0.012870
0 0.781984 0.044318 0.013876 0.013790
0 0.129084 0.400599 0.013237 0.013105
0 0.598340 0.555762 0.013029 0.013141
0 0.046116 0.354680 0.012898 0.012983
0 0.750524 0.073452 0.012650 0.012492
0 0.122703 0.690192 0.012081 0.012318
0 0.291858 0.252989 0.012785 0.012761
0 0.818936 0.652285 0.013475 0.014002
0 0.311411 0.327201 0.013023 0.012776
0 0.141673 0.114347 0.012423 0.012373
0 0.995168 0.456003 0.009629 0.013856
0 0.006539 0.637219 0.012672 0.012918
0 0.221841 0.131397 0.013826 0.013919
0 0.039658 0.515083 0.011365 0.011355
0 0.043380 0.071519 0.013718 0.013594
0 0.767081 0.029990 0.014080 0.014056
0 0.108880 0.671715 0.013700 0.013442
0 0.590894 0.491607 0.012817 0.012938
0 0.993665 0.054388 0.012490 0.013491
0 0.526540 0.721142 0.012378 0.012171
0 0.611982 0.065467 0.011837 0.011799
0 0.734563 0.621546 0.014680 0.014701
0 0.785284 0.807218 0.012477 0.012721
0 0.015697 0.821016 0.011862 0.011902
0 0.234577 0.706560 0.012060 0.012022
0 0.222352 0.754000 0.011182 0.011067
0 0.480727 0.809356 0.012601 0.012468
0 0.401045 0.500864 0.013441 0.013228
0 0.247252 0.525599 0.012688 0.012715
0 0.893142 0.846877 0.011099 0.011107
0 0.250586 0.736244 0.012599 0.012657
0 0.167411 0.797843 0.011737 0.012172
0 0.957560 0.752298 0.013433 0.013346
0 0.659878 0.771887 0.012499 0.012629
0 0.043545 0.971468 0.013496 0.013309
0 0.779855 0.524588 0.012395 0.012576
0 0.421444 0.313438 0.014233 0.014341
0 0.552410 0.475058 0.013210 0.013040
0 0.100018 0.567646 0.011606 0.011658
0 0.941145 0.280408 0.013998 0.014400
0 0.816911 0.975993 0.013233 0.013209
0 0.558345 0.260387 0.012642 0.012757
0 0.820128 0.517517 0.014043 0.013945
0 0.552429 0.456614 0.013853 0.013878
0 0.279510 0.436292 0.012368 0.012136
0 0.450260 0.514230 0.012471 0.012778
0 0.825870 0.596830 0.014358 0.014315
0 0.073388 0.836757 0.012673 0.012507
0 0.688539 0.510017 0.013183 0.012902
0 0.713518 0.383482 0.013381 0.013243
0 0.950433 0.371740 0.013729 0.013418
0 0.156326 0.522767 0.012043 0.012149
0 0.293810 0.869798 0.011272 0.011209
0 0.610300 0.849286 0.012109 0.012197
0 0.924114 0.003140 0.015327 0.006214
0 0.964692 0.325693 0.012366 0.012776
0 0.440599 0.855365 0.011239 0.011614
0 0.728942 0.280142 0.013207 0.012880
0 0.795212 0.743563 0.012670 0.012552
0 0.410131 0.520348 0.012166 0.012163
0 0.424004 0.196836 0.014051 0.013821
0 0.822863 0.914742 0.012108 0.012454
0 0.998129 0.217480 0.003686 0.015804
0 0.020706 0.406769 0.013429 0.013614
0 0.072714 0.975112 0.011639 0.011598
0 0.958189 0.049065 0.014346 0.014309
0 0.799334 0.412175 0.014674 0.014854
0 0.525342 0.873088 0.012345 0.012362
0 0.729925 0.842610 0.011479 0.011692
0 0.045896 0.030893 0.011158 0.011140
0 0.471081 0.961266 0.011464 0.011249
0 0.114782 0.720854 0.011624 0.011197
0 0.516860 0.003701 0.011597 0.007401
0 0.002819 0.805906 0.005639 0.013244
0 0.656202 0.384200 0.012866 0.012663
