0 0.450052 0.792587 0.014480 0.014576
0 0.967487 0.361071 0.013673 0.013493
0 0.830004 0.031095 0.013955 0.013855
0 0.865064 0.251126 0.014860 0.014793
0 0.583755 0.938621 0.018083 0.017679
0 0.932631 0.388401 0.014145 0.014220
0 0.806088 0.561579 0.013890 0.014010
0 0.752428 0.038757 0.014914 0.014726
0 0.832608 0.415631 0.014092 0.013972
0 0.968067 0.598587 0.014392 0.014542
0 0.516431 0.201181 0.016384 0.016169
0 0.791261 0.603583 0.017356 0.017346
0 0.624059 0.448083 0.014272 0.014169
0 0.697906 0.736155 0.014993 0.015094
0 0.188136 0.206418 0.015500 0.015470
0 0.718218 0.673456 0.013963 0.013983
0 0.478725 0.485633 0.014339 0.014399
0 0.296831 0.474868 0.014456 0.014297
0 0.114872 0.698843 0.014942 0.014882
0 0.456445 0.101172 0.014406 0.014396
0 0.164688 0.231351 0.014924 0.014869
0 0.830768 0.110128 0.014215 0.014391
0 0.184008 0.578495 0.014837 0.014747
0 0.418971 0.053630 0.013235 0.013199
0 0.320047 0.367398 0.014996 0.015242
0 0.317184 0.568798 0.014319 0.014343
0 0.772070 0.231946 0.014825 0.014541
0 0.681215 0.464413 0.014064 0.014173
0 0.399837 0.443225 0.015345 0.015112
0 0.945762 0.669348 0.014154 0.014045
0 0.491994 0.739134 0.015534 0.015871
0 0.400209 0.860762 0.013965 0.013920
0 0.562737 0.535815 0.014493 0.014584
0 0.021132 0.774280 0.013705 0.013609
0 0.116566 0.781988 0.013954 0.013877
0 0.656072 0.784266 0.014148 0.014123
0 0.342851 0.500521 0.014879 0.014899
0 0.735162 0.445037 0.014546 0.014359
0 0.557568 0.783547 0.014666 0.014710
0 0.937015 0.620533 0.014085 0.014045
0 0.428157 0.607427 0.017674 0.017532
0 0.176407 0.337983 0.014759 0.014693
0 0.845218 0.503219 0.014652 0.014828
0 0.594164 0.066254 0.014613 0.014639
0 0.401526 0.607505 0.014141 0.013918
0 0.084152 0.440894 0.015267 0.015340
0 0.890503 0.020625 0.013764 0.013665
0 0.646111 0.841331 0.013660 0.013824
0 0.384845 0.709624 0.015071 0.014927
0 0.827712 0.381628 0.015175 0.014996
0 0.481723 0.364213 0.014326 0.014292
0 0.300456 0.711365 0.015112 0.014925
0 0.063600 0.536037 0.013742 0.013857
0 0.305651 0.734567 0.015163 0.015230
0 0.849333 0.721095 0.021746 0.021626
0 0.476545 0.251634 0.013912 0.013859
0 0.959709 0.783980 0.013601 0.013597
0 0.874131 0.211750 0.014988 0.015037
0 0.725992 0.388355 0.014927 0.014955
0 0.415640 0.979840 0.014805 0.014888
0 0.592604 0.573228 0.014406 0.014355
0 0.063690 0.399184 0.015337 0.015472
0 0.188341 0.387314 0.015914 0.015954
0 0.778292 0.256221 0.015507 0.015272
0 0.214730 0.021990 0.015280 0.015274
0 0.565473 0.491727 0.015014 0.014913
0 0.533597 0.640198 0.022402 0.022085
0 0.854494 0.816722 0.015026 0.015010
0 0.047672 0.034324 0.014291 0.014250
0 0.065047 0.899542 0.013668 0.013469
0 0.470073 0.169434 0.016798 0.016674
0 0.642865 0.118722 0.014967 0.014887
0 0.015757 0.210424 0.015203 0.015045
0 0.347673 0.300366 0.022682 0.022514
0 0.955025 0.070833 0.015849 0.015545
0 0.551935 0.214176 0.013782 0.013788
0 0.901778 0.862741 0.015487 0.015565
0 0.376824 0.228937 0.018869 0.018653
0 0.097214 0.343966 0.015157 0.015353
0 0.127035 0.270934 0.014241 0.014310
0 0.029982 0.228088 0.014267 0.014098
0 0.427470 0.642346 0.014154 0.013760
0 0.283132 0.873379 0.014991 0.015066
0 0.309130 0.045817 0.014916 0.014998
0 0.699648 0.026035 0.013543 0.013683
0 0.983253 0.442160 0.015035 0.015127
0 0.553886 0.007522 0.014550 0.014319
0 0.965539 0.092778 0.013965 0.014282
0 0.166957 0.070872 0.015279 0.015375
0 0.359704 0.992819 0.015560 0.014309
0 0.366400 0.584495 0.014553 0.014425
0 0.671376 0.192461 0.019470 0.019008
0 0.976771 0.977787 0.015596 0.015986
0 0.794401 0.763609 0.014243 0.014874
0 0.132748 0.036532 0.015564 0.015328
0 0.730387 0.328120 0.014339 0.014811
0 0.170638 0.888580 0.015244 0.014973
0 0.064469 0.765196 0.014194 0.014143
0 0.087371 0.933631 0.014130 0.014117
0 0.263690 0.213834 0.015215 0.015104
0 0.534362 0.727528 0.017130 0.017079
0 0.723596 0.895655 0.015565 0.015634
0 0.363520 0.028979 0.014109 0.013335
0 0.008275 0.922957 0.015049 0.014985
0 0.145923 0.889713 0.015975 0.015913
0 0.789926 0.737185 0.018949 0.018435
0 0.703281 0.823964 0.020563 0.020528
0 0.922011 0.147073 0.020515 0.020295
0 0.634353 0.087758 0.022352 0.022056
0 0.580942 0.008394 0.016394 0.015438
0 0.067822 0.577140 0.021522 0.021835
0 0.046618 0.056206 0.012711 0.012913
0 0.553771 0.191888 0.014798 0.014746
0 0.160975 0.041592 0.015493 0.015414
0 0.888233 0.259353 0.016768 0.016932
0 0.996884 0.850074 0.006169 0.014531
0 0.129344 0.447249 0.014171 0.014035
0 0.869659 0.308380 0.013579 0.013281
0 0.076827 0.368094 0.014633 0.014429
0 0.701305 0.916897 0.015244 0.014948
0 0.875959 0.314844 0.014634 0.013990
0 0.874293 0.313381 0.014916 0.014672
0 0.843587 0.781293 0.014904 0.014792
0 0.878849 0.592702 0.021634 0.021339
0 0.536035 0.729382 0.018318 0.018236
0 0.118572 0.984348 0.011836 0.011560
