0 0.192549 0.529637 0.013815 0.013901
0 0.105829 0.514310 0.013197 0.013142
0 0.094378 0.480623 0.011534 0.011345
0 0.675900 0.645552 0.014086 0.014238
0 0.955521 0.851753 0.013678 0.013502
0 0.950993 0.901688 0.012042 0.012208
0 0.279470 0.436062 0.012091 0.012073
0 0.126054 0.430037 0.013648 0.013719
0 0.030371 0.124612 0.012907 0.012752
0 0.295901 0.810616 0.013226 0.013169
0 0.937375 0.624871 0.012211 0.012312
0 0.197302 0.625213 0.010975 0.010940
0 0.345371 0.778452 0.011862 0.011706
0 0.404785 0.630778 0.012009 0.012129
0 0.097619 0.934737 0.012553 0.012603
0 0.394214 0.464967 0.013883 0.013813
0 0.751458 0.234816 0.013359 0.013247
0 0.040702 0.371257 0.013882 0.013815
0 0.569773 0.131578 0.011545 0.011409
0 0.397862 0.272289 0.013065 0.012780
0 0.790568 0.904235 0.012351 0.012180
0 0.406147 0.833607 0.014121 0.013969
0 0.024811 0.076772 0.013967 0.013900
0 0.736955 0.967669 0.013478 0.013407
0 0.237946 0.902627 0.013820 0.013820
0 0.317613 0.379247 0.012963 0.013182
0 0.621332 0.515470 0.014050 0.013973
0 0.742502 0.156096 0.013127 0.013144
0 0.836884 0.033523 0.012581 0.012660
0 0.753463 0.682034 0.012800 0.012833
0 0.653408 0.376435 0.013577 0.013633
0 0.105992 0.593875 0.013696 0.013672
0 0.284419 0.571474 0.013201 0.013200
0 0.476006 0.388219 0.010655 0.010350
0 0.606027 0.440599 0.013205 0.012935
0 0.464148 0.348406 0.012089 0.011971
0 0.774607 0.426029 0.012821 0.012907
0 0.555064 0.463531 0.013128 0.013486
0 0.300211 0.319583 0.013847 0.013874
0 0.080784 0.825563 0.012439 0.012261
0 0.767146 0.535978 0.013676 0.013503
0 0.450687 0.933994 0.013175 0.013305
0 0.303942 0.832892 0.013187 0.013117
0 0.451913 0.377039 0.013006 0.013006
0 0.171099 0.892588 0.012101 0.011836
0 0.901745 0.531858 0.013748 0.013784
0 0.322070 0.748015 0.013370 0.013326
0 0.152258 0.032768 0.012986 0.012918
0 0.890595 0.390292 0.013978 0.014047
0 0.875309 0.120411 0.009397 0.009381
0 0.715096 0.463893 0.012897 0.013019
0 0.584830 0.524517 0.012690 0.012708
0 0.965663 0.716045 0.010457 0.010414
0 0.707782 0.946811 0.012457 0.012922
0 0.752256 0.635421 0.013434 0.013557
0 0.649168 0.744485 0.012603 0.012591
0 0.944218 0.938784 0.011896 0.011924
0 0.904375 0.983010 0.013009 0.013149
0 0.252035 0.260408 0.012918 0.013049
0 0.614569 0.639037 0.013179 0.013158
0 0.006295 0.878101 0.012207 0.013240
0 0.722086 0.577178 0.012944 0.012854
0 0.486882 0.460734 0.012540 0.012385
0 0.427856 0.314354 0.013576 0.013560
0 0.969600 0.584980 0.011989 0.011671
0 0.158696 0.750376 0.011545 0.011141
0 0.915997 0.840166 0.010929 0.010617
0 0.522823 0.465417 0.011868 0.011731
0 0.253752 0.930354 0.013032 0.013042
0 0.177457 0.737829 0.012909 0.012721
0 0.298111 0.760952 0.012192 0.012049
0 0.853224 0.020540 0.013236 0.013384
0 0.547603 0.690493 0.013059 0.013058
0 0.375667 0.554080 0.011949 0.011631
0 0.122720 0.983450 0.012184 0.012049
0 0.476673 0.278298 0.012352 0.012388
0 0.697653 0.338077 0.012668 0.012690
0 0.584261 0.950878 0.014997 0.015242
0 0.848368 0.221644 0.011481 0.011462
0 0.504979 0.297570 0.014117 0.013871
0 0.535413 0.221903 0.010532 0.010212
0 0.729567 0.702111 0.012956 0.013151
0 0.113291 0.863509 0.010318 0.010005
0 0.890452 0.577143 0.013017 0.013072
0 0.983451 0.510448 0.016277 0.015199
0 0.868393 0.260067 0.012051 0.011864
0 0.534117 0.159437 0.012178 0.012042
0 0.052194 0.873887 0.012183 0.012224
0 0.311048 0.203704 0.012039 0.011776
0 0.993060 0.251144 0.013631 0.014651
0 0.347421 0.296098 0.023949 0.023646
0 0.641078 0.297521 0.013593 0.013385
0 0.088550 0.911507 0.012318 0.012217
0 0.845700 0.710609 0.016513 0.017075
0 0.532648 0.632931 0.020187 0.019883
0 0.801642 0.538569 0.012496 0.012431
0 0.735430 0.619778 0.013845 0.013624
0 0.966245 0.414339 0.013792 0.013730
0 0.816268 0.418290 0.012191 0.011625
0 0.786199 0.490255 0.013825 0.013966
0 0.427895 0.931541 0.013623 0.013483
0 0.365406 0.917157 0.012122 0.011802
0 0.164750 0.260086 0.012638 0.012647
0 0.993729 0.871732 0.012057 0.012511
0 0.721748 0.611584 0.012885 0.012572
0 0.944827 0.333959 0.011065 0.010970
0 0.615896 0.056740 0.013641 0.013676
0 0.649311 0.485223 0.013010 0.013185
0 0.837215 0.004555 0.010187 0.009036
0 0.942591 0.027856 0.010137 0.009747
0 0.519805 0.903316 0.012161 0.012145
0 0.870291 0.565014 0.012511 0.012367
0 0.857691 0.115897 0.010437 0.010217
0 0.868838 0.747156 0.012350 0.012040
0 0.445291 0.223975 0.012924 0.012945
0 0.610637 0.902875 0.012144 0.012513
0 0.423930 0.082595 0.011891 0.011864
0 0.965269 0.445073 0.011376 0.011584
0 0.773841 0.467979 0.012259 0.012589
0 0.511099 0.532461 0.013888 0.013682
0 0.089733 0.742522 0.012016 0.012405
0 0.352561 0.005659 0.012109 0.011102
0 0.068527 0.571626 0.021626 0.021850
0 0.942345 0.357458 0.011427 0.011516
0 0.018465 0.987518 0.013504 0.013924
0 0.921945 0.004846 0.012068 0.009597
0 0.757455 0.277992 0.009777 0.009551
0 0.998045 0.217053 0.003872 0.012532
0 0.577860 0.891296 0.012627 0.012838
0 0.850007 0.536831 0.013018 0.012708
0 0.764528 0.787482 0.013647 0.013635
0 0.652434 0.472965 0.009861 0.009640
0 0.705274 0.819664 0.022312 0.022337
0 0.498427 0.522620 0.012836 0.012521
0 0.517397 0.628260 0.009641 0.009685
0 0.377297 0.736817 0.022741 0.022413
0 0.878016 0.072403 0.012121 0.011845
0 0.635464 0.083862 0.023541 0.023306
0 0.209769 0.444551 0.020174 0.020643
0 0.944686 0.016660 0.015815 0.017946
