0 0.446751 0.465271 0.012885 0.012666
0 0.680231 0.270085 0.012222 0.012204
0 0.555010 0.137542 0.013017 0.013020
0 0.714660 0.646497 0.013442 0.013438
0 0.211119 0.609651 0.012354 0.012253
0 0.035857 0.725895 0.013790 0.013731
0 0.278386 0.436281 0.012137 0.012130
0 0.824516 0.203580 0.012778 0.012814
0 0.911955 0.376820 0.012406 0.012330
0 0.147662 0.221405 0.012351 0.012474
0 0.418697 0.479359 0.012575 0.012798
0 0.296473 0.562065 0.012316 0.012305
0 0.591028 0.217512 0.012051 0.012069
0 0.963779 0.390977 0.012315 0.012458
0 0.218555 0.437074 0.012788 0.012734
0 0.905479 0.075086 0.012000 0.011838
0 0.868650 0.394370 0.014495 0.014442
0 0.846703 0.216233 0.012589 0.012540
0 0.516123 0.655638 0.012643 0.012589
0 0.442838 0.126294 0.012571 0.012544
0 0.929859 0.050481 0.011697 0.011733
0 0.532446 0.400839 0.012284 0.012156
0 0.412836 0.737859 0.013087 0.013168
0 0.929749 0.843070 0.014047 0.014156
0 0.754745 0.062328 0.012869 0.012974
0 0.639967 0.472874 0.011656 0.011777
0 0.087891 0.329105 0.012563 0.012569
0 0.247260 0.196683 0.012606 0.012635
0 0.658262 0.629368 0.014128 0.014021
0 0.902197 0.542692 0.012901 0.012863
0 0.479385 0.671112 0.013051 0.012949
0 0.062513 0.803020 0.013101 0.012890
0 0.867300 0.106768 0.011825 0.011594
0 0.497841 0.740250 0.012962 0.012910
0 0.593615 0.552048 0.011992 0.012087
0 0.241729 0.432207 0.014583 0.014449
0 0.652927 0.581559 0.011690 0.011698
0 0.802447 0.522776 0.011101 0.010950
0 0.490067 0.439258 0.013582 0.013262
0 0.718712 0.338049 0.012733 0.012578
0 0.969098 0.303115 0.012516 0.012519
0 0.786968 0.106021 0.013552 0.013528
0 0.305980 0.500461 0.013155 0.013059
0 0.524079 0.353147 0.012812 0.012738
0 0.882764 0.119019 0.009455 0.009467
0 0.819534 0.548511 0.012873 0.012979
0 0.066816 0.355233 0.012279 0.012187
0 0.811557 0.738054 0.014428 0.014141
0 0.356136 0.341779 0.012221 0.012578
0 0.384312 0.768415 0.012111 0.012497
0 0.190551 0.616006 0.012240 0.012062
0 0.667951 0.428975 0.012946 0.012875
0 0.135749 0.188137 0.012344 0.012631
0 0.641121 0.779214 0.012972 0.012822
0 0.383574 0.955916 0.012463 0.012554
0 0.730514 0.235444 0.012481 0.012537
0 0.459878 0.696938 0.012583 0.012676
0 0.032013 0.592889 0.013722 0.013629
0 0.573205 0.744466 0.012053 0.011962
0 0.755439 0.564162 0.011276 0.011287
0 0.955070 0.708642 0.012578 0.012479
0 0.254194 0.537231 0.013208 0.013175
0 0.126766 0.696016 0.012461 0.012389
0 0.180132 0.178751 0.012599 0.012255
0 0.472515 0.756459 0.012729 0.012545
0 0.983359 0.598126 0.012661 0.012635
0 0.947852 0.658944 0.012164 0.012128
0 0.435700 0.208744 0.014319 0.014296
0 0.048027 0.903443 0.012267 0.012123
0 0.451078 0.440000 0.012835 0.012978
0 0.436921 0.005203 0.012365 0.010312
0 0.733674 0.621941 0.013897 0.013881
0 0.924246 0.221269 0.012782 0.012740
0 0.507571 0.246849 0.011702 0.011820
0 0.886570 0.587996 0.011607 0.011849
0 0.656822 0.090616 0.010731 0.010368
0 0.368476 0.876734 0.012194 0.012065
0 0.764943 0.525940 0.011797 0.011702
0 0.139451 0.684878 0.012581 0.012470
0 0.760560 0.851518 0.013097 0.013316
0 0.561229 0.157584 0.013256 0.013209
0 0.089941 0.628534 0.011891 0.011843
0 0.384713 0.933713 0.012578 0.012565
0 0.535279 0.980062 0.012649 0.012764
0 0.135797 0.968732 0.011993 0.012089
0 0.587582 0.950844 0.014049 0.013914
0 0.031571 0.685474 0.012515 0.012539
0 0.981683 0.052129 0.010249 0.009908
0 0.912024 0.924986 0.011618 0.011644
0 0.937182 0.870187 0.012717 0.012692
0 0.353463 0.293982 0.019683 0.019263
0 0.276099 0.928025 0.012066 0.012097
0 0.878674 0.977155 0.012839 0.012961
0 0.850669 0.317004 0.010749 0.010636
0 0.379337 0.577431 0.012875 0.012675
0 0.823058 0.779783 0.012629 0.012754
0 0.748829 0.438436 0.011900 0.011772
0 0.281609 0.667284 0.013198 0.013409
0 0.846254 0.663531 0.011412 0.011532
0 0.130299 0.008208 0.012005 0.012169
0 0.983063 0.513421 0.014075 0.013395
0 0.475294 0.936319 0.013805 0.013817
0 0.534542 0.629277 0.020938 0.020872
0 0.962124 0.606255 0.011498 0.010893
0 0.866116 0.569111 0.011599 0.011784
0 0.853121 0.541727 0.010743 0.010516
0 0.272548 0.974069 0.011687 0.011452
0 0.941502 0.020636 0.010590 0.010733
0 0.703790 0.785693 0.010817 0.010668
0 0.298232 0.198320 0.011848 0.011676
0 0.064587 0.368782 0.013297 0.013311
0 0.528223 0.581794 0.011908 0.011911
0 0.220206 0.905776 0.012982 0.012962
0 0.841729 0.553205 0.010426 0.010555
0 0.085942 0.927991 0.012146 0.012550
0 0.850686 0.714132 0.020740 0.019713
0 0.105016 0.782622 0.010681 0.010549
0 0.945284 0.379060 0.010247 0.010077
0 0.380106 0.219837 0.021806 0.022193
