0 0.116330 0.067966 0.012776 0.012599
0 0.611521 0.709825 0.013563 0.013196
0 0.524860 0.346709 0.012886 0.012644
0 0.248509 0.406907 0.013189 0.012979
0 0.748559 0.616734 0.012463 0.012336
0 0.203579 0.232760 0.013288 0.013275
0 0.164175 0.113194 0.012771 0.012705
0 0.186743 0.889205 0.013170 0.013073
0 0.459276 0.959078 0.011402 0.011461
0 0.218580 0.567726 0.012864 0.012788
0 0.672146 0.576094 0.013323 0.013349
0 0.106252 0.294471 0.012328 0.012483
0 0.339133 0.417113 0.011944 0.011952
0 0.343678 0.221235 0.013608 0.013753
0 0.189368 0.969370 0.012785 0.012698
0 0.715119 0.930668 0.013235 0.013232
0 0.811299 0.462237 0.012890 0.013026
0 0.707757 0.566717 0.011382 0.011355
0 0.780396 0.356657 0.012972 0.012882
0 0.173010 0.408566 0.011611 0.011495
0 0.959568 0.696669 0.012870 0.012962
0 0.643986 0.450270 0.012346 0.012437
0 0.442425 0.097499 0.011483 0.011349
0 0.381120 0.914808 0.011425 0.011460
0 0.015239 0.708476 0.013720 0.013528
0 0.132050 0.854366 0.011899 0.011982
0 0.404290 0.386850 0.012693 0.012305
0 0.225924 0.650082 0.012647 0.012488
0 0.525787 0.211926 0.013256 0.013506
0 0.065913 0.454442 0.012497 0.012495
0 0.542739 0.973445 0.011651 0.011557
0 0.162234 0.925419 0.013199 0.013251
0 0.748997 0.135097 0.011991 0.011759
0 0.076549 0.802631 0.012778 0.012776
0 0.232212 0.530057 0.012628 0.012433
0 0.125563 0.167356 0.012228 0.012354
0 0.284400 0.718938 0.013028 0.013294
0 0.031830 0.558470 0.013046 0.012766
0 0.631886 0.137493 0.011230 0.011277
0 0.235175 0.496032 0.011338 0.011156
0 0.849401 0.313801 0.011882 0.011812
0 0.899841 0.574609 0.012316 0.012582
0 0.564459 0.203522 0.009610 0.009744
0 0.885976 0.548783 0.011308 0.011259
0 0.080369 0.325390 0.011794 0.011851
0 0.421311 0.610031 0.011241 0.011409
0 0.483874 0.704491 0.011445 0.011116
0 0.530684 0.635664 0.022366 0.022678
0 0.701935 0.821968 0.017800 0.017428
0 0.110391 0.979811 0.013254 0.013332
0 0.820541 0.776629 0.012341 0.012383
0 0.374378 0.226583 0.016864 0.017198
0 0.328280 0.219383 0.012017 0.012136
0 0.178355 0.481638 0.011374 0.011435
0 0.071441 0.513407 0.012028 0.012207
0 0.675162 0.008709 0.012657 0.012733
0 0.344514 0.296498 0.021994 0.022028
0 0.078376 0.566314 0.012846 0.012821
0 0.332679 0.517250 0.011136 0.010873
0 0.548051 0.229413 0.011113 0.010765
0 0.216102 0.727324 0.012249 0.012129
0 0.670486 0.085046 0.011613 0.011673
0 0.477337 0.814092 0.012496 0.012246
0 0.205069 0.710199 0.012918 0.012646
0 0.119339 0.827973 0.009535 0.009343
0 0.847757 0.717249 0.019327 0.018846
0 0.083105 0.985593 0.012759 0.012806
0 0.289384 0.665044 0.012056 0.012134
