0 0.885707 0.251823 0.013895 0.013673
0 0.621101 0.496625 0.013397 0.013371
0 0.279433 0.436158 0.012567 0.012520
0 0.154107 0.908368 0.013802 0.013738
0 0.076926 0.367197 0.013984 0.013960
0 0.215633 0.568839 0.012684 0.012636
0 0.553462 0.468260 0.012574 0.012557
0 0.012837 0.411682 0.012473 0.012385
0 0.113769 0.525053 0.012790 0.012564
0 0.107677 0.506646 0.012549 0.012538
0 0.650543 0.780007 0.012934 0.012870
0 0.028255 0.082627 0.013804 0.013718
0 0.212352 0.839451 0.013563 0.013448
0 0.053555 0.118782 0.013689 0.013633
0 0.284908 0.567787 0.014116 0.014203
0 0.918402 0.643927 0.012590 0.012640
0 0.776858 0.257735 0.012658 0.012507
0 0.097794 0.935574 0.012788 0.012650
0 0.232700 0.261153 0.011839 0.011822
0 0.806606 0.053550 0.012339 0.012178
0 0.635002 0.330084 0.013761 0.013627
0 0.127075 0.433683 0.013726 0.013710
0 0.441951 0.424924 0.012331 0.012296
0 0.336033 0.209984 0.012549 0.012390
0 0.847695 0.109686 0.012224 0.011994
0 0.715962 0.533025 0.012233 0.012533
0 0.735629 0.619146 0.014723 0.014706
0 0.007012 0.879432 0.013266 0.013923
0 0.196774 0.616232 0.012031 0.011645
0 0.788908 0.185434 0.013216 0.013148
0 0.628399 0.429021 0.014648 0.014761
0 0.528121 0.452593 0.013159 0.013349
0 0.611825 0.643040 0.013191 0.013225
0 0.765623 0.534900 0.013496 0.013368
0 0.965964 0.916957 0.013725 0.013605
0 0.908599 0.349571 0.013390 0.013260
0 0.292301 0.835987 0.012770 0.012820
0 0.081522 0.744209 0.012472 0.012459
0 0.394877 0.959550 0.013852 0.013681
0 0.595359 0.534602 0.012533 0.012523
0 0.588604 0.276877 0.012813 0.012816
0 0.957316 0.851385 0.014154 0.014048
0 0.167873 0.261225 0.013127 0.012634
0 0.880741 0.363068 0.014073 0.014089
0 0.867620 0.068012 0.011718 0.011710
0 0.410680 0.056478 0.012701 0.012799
0 0.081863 0.827312 0.012664 0.012392
0 0.128135 0.578779 0.012996 0.013081
0 0.604800 0.885093 0.013770 0.013705
0 0.460212 0.668744 0.014485 0.014621
0 0.151214 0.767798 0.013147 0.013118
0 0.412317 0.382644 0.012450 0.012159
0 0.687132 0.692026 0.012351 0.012562
0 0.267933 0.291382 0.014224 0.014018
0 0.709287 0.445962 0.012709 0.012656
0 0.572912 0.025497 0.013999 0.014007
0 0.856212 0.265528 0.012228 0.012090
0 0.687152 0.489614 0.013602 0.013757
0 0.422383 0.621740 0.013281 0.013199
0 0.914026 0.312366 0.013202 0.013169
0 0.767346 0.911488 0.011749 0.011719
0 0.396707 0.235409 0.012713 0.012598
0 0.737376 0.723779 0.013523 0.013550
0 0.742421 0.677846 0.014346 0.014154
0 0.314152 0.837672 0.012735 0.012991
0 0.659243 0.632936 0.012261 0.012316
0 0.879032 0.321833 0.012307 0.012231
0 0.377256 0.551776 0.012122 0.012110
0 0.815328 0.023523 0.012148 0.012457
0 0.710328 0.364716 0.012580 0.012623
0 0.900906 0.532388 0.013346 0.013398
0 0.133425 0.776652 0.011519 0.011685
0 0.349205 0.906813 0.011966 0.012066
0 0.970044 0.589466 0.011883 0.011603
0 0.717970 0.640038 0.012277 0.012195
0 0.551019 0.513325 0.013451 0.013368
0 0.975227 0.227042 0.012184 0.012048
0 0.692298 0.782259 0.011530 0.011480
0 0.628298 0.372787 0.012414 0.012231
0 0.985911 0.541909 0.012593 0.012551
0 0.329297 0.758486 0.012683 0.012303
0 0.813696 0.412922 0.012943 0.012739
0 0.908952 0.986999 0.014207 0.014157
0 0.459408 0.380134 0.010914 0.010662
0 0.572137 0.518569 0.013701 0.013809
0 0.543918 0.994718 0.013782 0.010564
0 0.490164 0.887476 0.012475 0.012640
0 0.983603 0.510352 0.014982 0.014534
0 0.937684 0.027194 0.009680 0.009370
0 0.419000 0.313264 0.011378 0.011180
0 0.890372 0.577902 0.013120 0.012965
0 0.088626 0.913357 0.012482 0.012372
0 0.179575 0.024114 0.013561 0.013219
0 0.392601 0.475468 0.014764 0.014920
0 0.542902 0.159288 0.013407 0.013340
0 0.995725 0.875707 0.008550 0.011788
0 0.801572 0.537823 0.012270 0.012098
0 0.315784 0.751120 0.012310 0.012554
0 0.863563 0.115770 0.009563 0.009905
0 0.457776 0.345197 0.013483 0.013420
0 0.740789 0.985549 0.013120 0.013094
0 0.472665 0.973617 0.013679 0.013577
0 0.787727 0.486609 0.013578 0.013344
0 0.411778 0.002061 0.011158 0.004122
0 0.247407 0.760087 0.011902 0.011639
0 0.580486 0.983822 0.012572 0.012511
0 0.009202 0.299238 0.015462 0.015585
0 0.348644 0.295499 0.024352 0.024525
0 0.794438 0.426808 0.011460 0.011388
0 0.957667 0.444583 0.011281 0.011250
0 0.533420 0.635706 0.021951 0.021699
0 0.521758 0.249290 0.011066 0.010727
0 0.779382 0.426215 0.011748 0.011517
0 0.290605 0.388803 0.012420 0.012611
0 0.951994 0.944988 0.011086 0.011150
0 0.982923 0.346199 0.011057 0.011121
0 0.869274 0.564742 0.012769 0.012479
0 0.432514 0.316592 0.012020 0.011876
0 0.774368 0.462894 0.011360 0.011349
0 0.850313 0.715356 0.023013 0.022840
0 0.813555 0.003435 0.012784 0.006870
0 0.939847 0.011857 0.010995 0.011178
0 0.823765 0.545270 0.012032 0.011682
0 0.549206 0.645332 0.011326 0.011140
0 0.971496 0.741451 0.012112 0.012291
0 0.887230 0.996530 0.011504 0.006940
0 0.997484 0.218217 0.004980 0.012625
0 0.911735 0.021228 0.011279 0.011757
0 0.012890 0.995924 0.015213 0.008152
0 0.848207 0.537644 0.013269 0.013096
0 0.945534 0.804436 0.013085 0.012871
0 0.004925 0.261847 0.009818 0.016714
0 0.541252 0.732500 0.022025 0.021710
0 0.704542 0.819880 0.022529 0.022008
0 0.651429 0.471037 0.009888 0.009997
0 0.881798 0.011483 0.011260 0.011322
0 0.067978 0.572033 0.022544 0.022784
