0 0.139007 0.110164 0.014861 0.014896
0 0.461195 0.390710 0.014106 0.013953
0 0.421466 0.770913 0.014136 0.013917
0 0.282070 0.433176 0.015092 0.014993
0 0.273349 0.822090 0.014285 0.014148
0 0.667753 0.543799 0.015299 0.015190
0 0.224153 0.441000 0.014391 0.014517
0 0.804360 0.168112 0.014335 0.014226
0 0.497345 0.562190 0.013459 0.013607
0 0.606441 0.495778 0.014790 0.014540
0 0.228170 0.334584 0.015272 0.015135
0 0.042822 0.765439 0.014136 0.014040
0 0.160314 0.304451 0.014476 0.014395
0 0.949129 0.873636 0.014895 0.014940
0 0.475233 0.638779 0.014131 0.013830
0 0.628346 0.118358 0.014659 0.015009
0 0.486721 0.749485 0.012991 0.012993
0 0.195342 0.712886 0.014225 0.014072
0 0.532313 0.202303 0.013485 0.013491
0 0.948798 0.936895 0.014461 0.014508
0 0.775558 0.845539 0.014080 0.014150
0 0.670150 0.586568 0.014227 0.014243
0 0.193411 0.484382 0.015030 0.015014
0 0.064629 0.102295 0.016962 0.016857
0 0.909153 0.982750 0.017529 0.017319
0 0.663578 0.238396 0.013897 0.014067
0 0.280464 0.069623 0.014471 0.014570
0 0.791014 0.298372 0.014730 0.014587
0 0.255687 0.184451 0.014054 0.014150
0 0.484158 0.802572 0.019358 0.019502
0 0.327570 0.411932 0.013878 0.013798
0 0.683952 0.275750 0.013288 0.013165
0 0.124429 0.847183 0.013852 0.013953
0 0.684100 0.837511 0.014206 0.014109
0 0.121727 0.230169 0.017295 0.017434
0 0.428276 0.431134 0.014127 0.014096
0 0.470165 0.721858 0.013249 0.013216
0 0.763468 0.119227 0.013528 0.013574
0 0.891217 0.394775 0.013458 0.013520
0 0.972096 0.388547 0.014441 0.014627
0 0.213648 0.574515 0.013188 0.013196
0 0.400497 0.147590 0.013820 0.013766
0 0.593940 0.104989 0.013804 0.013918
0 0.760033 0.544749 0.014576 0.014489
0 0.248460 0.215020 0.014505 0.014425
0 0.786793 0.658059 0.013789 0.013840
0 0.253045 0.915463 0.014122 0.014164
0 0.970248 0.180396 0.013706 0.013682
0 0.635768 0.943979 0.015022 0.014919
0 0.503089 0.337799 0.014323 0.014356
0 0.393658 0.346955 0.013961 0.013715
0 0.319937 0.371953 0.017541 0.017892
0 0.018439 0.805798 0.013662 0.013553
0 0.878536 0.951689 0.013847 0.013951
0 0.535684 0.382486 0.013941 0.014196
0 0.341419 0.751403 0.015232 0.015515
0 0.804250 0.514716 0.015638 0.015499
0 0.171891 0.821921 0.014288 0.014302
0 0.843071 0.007438 0.014338 0.014348
0 0.770010 0.680427 0.013369 0.013284
0 0.312830 0.812532 0.015426 0.015490
0 0.631252 0.165575 0.014189 0.014239
0 0.988486 0.132554 0.014233 0.014322
0 0.023422 0.286148 0.013429 0.013495
0 0.444158 0.904543 0.016609 0.016583
0 0.616636 0.534571 0.013453 0.013564
0 0.488326 0.150942 0.014700 0.014493
0 0.760289 0.497506 0.013160 0.012857
0 0.075605 0.602143 0.014167 0.013900
0 0.021510 0.253608 0.013739 0.013678
0 0.872802 0.284423 0.013578 0.013631
0 0.697872 0.059015 0.013920 0.013916
0 0.253046 0.514472 0.013976 0.014044
0 0.516967 0.948257 0.015341 0.015214
0 0.812423 0.071582 0.013740 0.013926
0 0.778406 0.451595 0.014546 0.014546
0 0.201309 0.148971 0.013916 0.013846
0 0.871303 0.693133 0.014309 0.014030
0 0.438114 0.020748 0.014083 0.014053
0 0.549548 0.251280 0.014047 0.014058
0 0.738730 0.617962 0.015787 0.016107
0 0.906656 0.709061 0.014820 0.014988
0 0.306181 0.981172 0.014778 0.014742
0 0.092259 0.198123 0.015129 0.015172
0 0.848874 0.720203 0.023000 0.023128
0 0.727058 0.249018 0.014339 0.013940
0 0.266952 0.623679 0.014787 0.014838
0 0.510410 0.237920 0.014597 0.014655
0 0.332929 0.179872 0.014426 0.014438
0 0.049573 0.598803 0.014430 0.014540
0 0.647818 0.622756 0.013640 0.013625
0 0.354718 0.611974 0.013979 0.014009
0 0.430873 0.316284 0.014457 0.014030
0 0.835995 0.344529 0.013709 0.013668
0 0.745714 0.044374 0.014964 0.015040
0 0.288025 0.196828 0.015215 0.015303
0 0.920320 0.145761 0.019515 0.018907
0 0.348577 0.961422 0.014883 0.015091
0 0.792652 0.557852 0.016176 0.015727
0 0.346005 0.297803 0.023812 0.023430
0 0.059708 0.424726 0.014842 0.014679
0 0.836409 0.578178 0.016523 0.016481
0 0.794498 0.957629 0.015379 0.015117
0 0.072297 0.055810 0.015594 0.015177
0 0.987405 0.506354 0.016787 0.016462
0 0.875189 0.315928 0.017738 0.018560
0 0.366456 0.247391 0.014390 0.014788
0 0.581971 0.518575 0.014396 0.014397
0 0.739417 0.115051 0.013564 0.013352
0 0.120157 0.908243 0.014610 0.014297
0 0.702368 0.225468 0.014797 0.014637
0 0.899136 0.598323 0.015210 0.015244
0 0.090762 0.908553 0.014624 0.014605
0 0.302021 0.448140 0.015274 0.015335
0 0.282382 0.653043 0.014093 0.013995
0 0.859555 0.623182 0.014829 0.014624
0 0.231076 0.545680 0.017006 0.017078
0 0.010378 0.914495 0.014054 0.014001
0 0.604382 0.267834 0.012723 0.012447
0 0.930678 0.664272 0.016404 0.016181
0 0.202247 0.632432 0.014603 0.014288
0 0.762891 0.726840 0.015313 0.015366
0 0.217694 0.630684 0.014233 0.013641
0 0.658742 0.649234 0.015523 0.015405
0 0.768890 0.078207 0.013239 0.013207
0 0.801650 0.344343 0.013276 0.013014
0 0.992487 0.306110 0.014666 0.016267
0 0.619080 0.261933 0.014668 0.014772
0 0.576525 0.382228 0.013553 0.013358
0 0.012899 0.112858 0.016505 0.016421
0 0.494906 0.281866 0.013233 0.012890
0 0.077032 0.172090 0.016542 0.016372
0 0.530955 0.638736 0.023714 0.023631
0 0.726474 0.877791 0.014443 0.014139
0 0.310872 0.299788 0.014973 0.014824
0 0.870650 0.899254 0.014834 0.015191
0 0.482315 0.274451 0.016231 0.016314
0 0.678445 0.202970 0.015511 0.015232
0 0.635091 0.086725 0.022265 0.021973
0 0.511650 0.678315 0.014444 0.014667
0 0.871165 0.152985 0.015459 0.015374
0 0.093418 0.152389 0.015112 0.014953
0 0.008277 0.112357 0.016093 0.016513
0 0.808086 0.982534 0.015432 0.014918
0 0.376233 0.228882 0.021611 0.021872
