0 0.200277 0.271516 0.012067 0.012021
0 0.106371 0.516462 0.012273 0.012157
0 0.454661 0.345201 0.014046 0.013873
0 0.621900 0.490763 0.013599 0.013700
0 0.198370 0.564259 0.013295 0.013273
0 0.124552 0.926935 0.013429 0.013146
0 0.770212 0.912241 0.013065 0.013149
0 0.057655 0.143922 0.013378 0.013353
0 0.113757 0.643445 0.013058 0.012935
0 0.172446 0.270388 0.013236 0.013210
0 0.279449 0.436137 0.011870 0.011814
0 0.948608 0.854977 0.014740 0.014595
0 0.327933 0.185365 0.013307 0.013324
0 0.057035 0.557829 0.011981 0.011902
0 0.270044 0.837234 0.012671 0.012597
0 0.011918 0.080232 0.013811 0.013820
0 0.015207 0.414190 0.012217 0.012024
0 0.297492 0.351843 0.013141 0.013070
0 0.437599 0.267618 0.013430 0.013217
0 0.711291 0.630292 0.012725 0.012453
0 0.534995 0.475894 0.013310 0.013270
0 0.601292 0.240128 0.013037 0.012964
0 0.606320 0.553669 0.012908 0.012734
0 0.437000 0.393055 0.013764 0.013748
0 0.884140 0.662685 0.012994 0.012945
0 0.590638 0.939336 0.012563 0.012321
0 0.968296 0.592286 0.012254 0.012001
0 0.538292 0.207302 0.013777 0.013919
0 0.766396 0.535144 0.013441 0.013313
0 0.207218 0.773994 0.012649 0.012794
0 0.338223 0.887120 0.013781 0.013771
0 0.399075 0.427732 0.013187 0.012998
0 0.075580 0.390823 0.014012 0.013948
0 0.735851 0.619314 0.014369 0.014544
0 0.365528 0.543013 0.012802 0.012599
0 0.432612 0.440750 0.012411 0.012260
0 0.449571 0.630333 0.013246 0.013266
0 0.752266 0.971357 0.012928 0.012904
0 0.346088 0.916960 0.012337 0.012236
0 0.099971 0.931009 0.012900 0.013227
0 0.778106 0.052919 0.012780 0.012897
0 0.202518 0.622783 0.011717 0.011725
0 0.706265 0.736395 0.013143 0.013253
0 0.274993 0.259495 0.013528 0.013575
0 0.887554 0.448427 0.012666 0.012557
0 0.732189 0.520959 0.014202 0.014379
0 0.742568 0.484105 0.012025 0.011927
0 0.901447 0.534984 0.013346 0.013312
0 0.021688 0.450221 0.013111 0.013023
0 0.065455 0.741192 0.012688 0.012808
0 0.372136 0.393796 0.010825 0.010620
0 0.517283 0.277897 0.011032 0.010937
0 0.532581 0.426290 0.012834 0.012699
0 0.216873 0.836587 0.013967 0.013872
0 0.672277 0.427958 0.014048 0.014010
0 0.526922 0.530406 0.014108 0.014139
0 0.637610 0.385715 0.014298 0.014209
0 0.505267 0.952405 0.012928 0.012954
0 0.620869 0.643978 0.011756 0.011768
0 0.697442 0.515597 0.012692 0.012573
0 0.940400 0.956129 0.013279 0.013543
0 0.927631 0.262794 0.012357 0.012211
0 0.601070 0.754104 0.011775 0.011550
0 0.167003 0.026273 0.012843 0.012916
0 0.715896 0.942196 0.012957 0.012985
0 0.279237 0.578652 0.014190 0.014315
0 0.170694 0.786529 0.011859 0.011923
0 0.787012 0.697862 0.012739 0.012888
0 0.910059 0.039056 0.010547 0.010407
0 0.456514 0.294857 0.012846 0.012785
0 0.078500 0.823875 0.011801 0.011961
0 0.816333 0.395347 0.011465 0.011440
0 0.954251 0.442717 0.012398 0.012565
0 0.918152 0.993001 0.013018 0.012511
0 0.854916 0.072845 0.011138 0.011159
0 0.805463 0.239471 0.012905 0.012955
0 0.881332 0.737262 0.012976 0.013088
0 0.006348 0.879050 0.012378 0.013691
0 0.325235 0.733981 0.012027 0.011893
0 0.725048 0.668915 0.011699 0.011820
0 0.994117 0.540229 0.011765 0.013906
0 0.348820 0.295405 0.023652 0.023819
0 0.242936 0.969391 0.012481 0.012334
0 0.762399 0.293116 0.013300 0.013405
0 0.983474 0.510396 0.015216 0.014308
0 0.150875 0.964620 0.011990 0.011925
0 0.827286 0.108564 0.011705 0.011447
0 0.840868 0.117440 0.009636 0.009492
0 0.578746 0.148539 0.013165 0.013142
0 0.549965 0.653238 0.012603 0.012433
0 0.318098 0.823553 0.012183 0.012259
0 0.713082 0.331602 0.013272 0.013719
0 0.008670 0.900488 0.012117 0.012113
0 0.461242 0.996528 0.015213 0.006902
0 0.535199 0.637381 0.020965 0.020823
0 0.782284 0.422283 0.012618 0.012307
0 0.005633 0.309185 0.011087 0.014413
0 0.650454 0.313249 0.013292 0.013469
0 0.408437 0.997909 0.012916 0.004131
0 0.089690 0.909334 0.013141 0.013051
0 0.536498 0.004623 0.011924 0.009247
0 0.776195 0.464183 0.011347 0.011441
0 0.789182 0.486991 0.013334 0.012889
0 0.562545 0.922019 0.012029 0.012482
0 0.442922 0.300029 0.013127 0.013218
0 0.668394 0.236894 0.013042 0.013196
0 0.890328 0.581457 0.013111 0.013209
0 0.635872 0.957684 0.011545 0.011650
0 0.704606 0.817676 0.020213 0.019933
0 0.138536 0.266705 0.010543 0.010351
0 0.829252 0.010132 0.011917 0.011846
0 0.777896 0.022299 0.012569 0.012694
0 0.993176 0.865256 0.012853 0.013701
0 0.096381 0.876540 0.009800 0.009786
0 0.949485 0.524406 0.010583 0.010709
0 0.801406 0.538831 0.012862 0.012640
0 0.992295 0.319360 0.011002 0.011962
0 0.970101 0.957204 0.010865 0.010960
0 0.850264 0.716125 0.022325 0.021937
0 0.407716 0.996839 0.012198 0.006234
0 0.849932 0.539187 0.013081 0.013073
0 0.433124 0.933523 0.012264 0.012205
0 0.451319 0.211802 0.019126 0.018488
0 0.998231 0.217504 0.003473 0.011873
0 0.885999 0.259920 0.013419 0.012958
0 0.936727 0.038256 0.010174 0.009912
0 0.636104 0.084812 0.021929 0.021626
0 0.532109 0.572352 0.014041 0.014101
0 0.991510 0.863925 0.011785 0.012350
0 0.398363 0.264623 0.011699 0.012056
0 0.372360 0.742531 0.019864 0.020184
0 0.887211 0.261149 0.013360 0.012826
0 0.957205 0.348238 0.010777 0.010597
0 0.472773 0.768774 0.011760 0.011228
