0 0.594747 0.220534 0.012613 0.012504
0 0.502332 0.303239 0.012930 0.012855
0 0.932350 0.042809 0.011790 0.011762
0 0.350755 0.401614 0.012784 0.012790
0 0.936466 0.856968 0.013514 0.013351
0 0.659892 0.094728 0.012360 0.012437
0 0.799327 0.512665 0.011096 0.010982
0 0.249434 0.178130 0.012638 0.012534
0 0.687262 0.290138 0.012866 0.013045
0 0.730384 0.599130 0.012333 0.012205
0 0.958999 0.556913 0.012836 0.012691
0 0.064449 0.027904 0.012272 0.012393
0 0.059843 0.353959 0.012692 0.012701
0 0.612088 0.163776 0.012091 0.011971
0 0.240343 0.425621 0.013344 0.013243
0 0.813912 0.197386 0.012795 0.012812
0 0.447407 0.516579 0.013264 0.013215
0 0.410228 0.429701 0.013105 0.013017
0 0.033521 0.593585 0.013576 0.013523
0 0.572515 0.215794 0.012831 0.012672
0 0.417033 0.393189 0.013825 0.013834
0 0.905207 0.074273 0.011464 0.011383
0 0.279786 0.436952 0.012069 0.011829
0 0.903348 0.542321 0.013271 0.013206
0 0.940437 0.703901 0.012631 0.012631
0 0.840934 0.366544 0.013618 0.013575
0 0.508191 0.266614 0.013122 0.013290
0 0.737508 0.027299 0.012420 0.012502
0 0.164357 0.180929 0.012581 0.012527
0 0.868526 0.107880 0.011958 0.011849
0 0.614816 0.529270 0.012910 0.013003
0 0.533469 0.350952 0.012984 0.012900
0 0.424938 0.800364 0.012872 0.012943
0 0.091249 0.858173 0.013532 0.013393
0 0.364039 0.870108 0.013540 0.013396
0 0.776078 0.259130 0.013079 0.013083
0 0.376592 0.313951 0.014281 0.014086
0 0.472970 0.643384 0.012093 0.012318
0 0.782336 0.106375 0.013803 0.013816
0 0.053049 0.814472 0.012513 0.012446
0 0.757465 0.594183 0.012430 0.012287
0 0.131157 0.200205 0.012433 0.012463
0 0.101174 0.342158 0.012959 0.012563
0 0.178931 0.614312 0.012995 0.012927
0 0.889226 0.587656 0.011972 0.012050
0 0.469614 0.958046 0.013838 0.013713
0 0.883981 0.119021 0.009553 0.009426
0 0.018255 0.652998 0.012573 0.012542
0 0.442422 0.702146 0.012313 0.012417
0 0.123727 0.708255 0.012805 0.012613
0 0.439007 0.117124 0.012818 0.012750
0 0.641527 0.222471 0.010153 0.010043
0 0.165868 0.039612 0.012355 0.012195
0 0.081509 0.355663 0.012437 0.012321
0 0.219892 0.445086 0.013934 0.013722
0 0.840928 0.433938 0.013187 0.013019
0 0.646195 0.571629 0.011992 0.012115
0 0.529793 0.580346 0.011669 0.011410
0 0.476276 0.442589 0.013842 0.013268
0 0.916409 0.372606 0.011983 0.011746
0 0.453556 0.196073 0.014240 0.014178
0 0.327067 0.259492 0.013258 0.013363
0 0.849250 0.222649 0.012088 0.011988
0 0.208546 0.810124 0.011987 0.011924
0 0.507035 0.666767 0.012164 0.012111
0 0.472361 0.012933 0.014144 0.014173
0 0.144160 0.749028 0.013300 0.013296
0 0.899941 0.368521 0.012359 0.012154
0 0.660103 0.437275 0.011969 0.012013
0 0.885763 0.683738 0.011103 0.011205
0 0.939502 0.343340 0.013006 0.012815
0 0.957483 0.619495 0.011507 0.011626
0 0.615921 0.870302 0.012053 0.012138
0 0.492029 0.441762 0.012811 0.012687
0 0.696442 0.695124 0.013224 0.013245
0 0.027660 0.347551 0.014048 0.014166
0 0.745170 0.894129 0.013268 0.013151
0 0.375537 0.559910 0.013208 0.013138
0 0.227499 0.827579 0.012922 0.012935
0 0.666006 0.674668 0.014097 0.014130
0 0.793606 0.386067 0.012107 0.011927
0 0.605260 0.754323 0.011684 0.011984
0 0.767829 0.532415 0.012810 0.012623
0 0.384251 0.951433 0.013201 0.013228
0 0.363162 0.817760 0.012572 0.012436
0 0.734365 0.622733 0.014453 0.014710
0 0.710712 0.783972 0.011390 0.011325
0 0.677584 0.405855 0.012144 0.012161
0 0.497842 0.573885 0.012515 0.013116
0 0.276084 0.945806 0.011009 0.010880
0 0.747351 0.440937 0.010896 0.010891
0 0.868635 0.570039 0.011226 0.011325
0 0.470741 0.763888 0.011685 0.011726
0 0.118012 0.889943 0.011977 0.012203
0 0.413531 0.890336 0.012446 0.012239
0 0.136204 0.963799 0.011260 0.011493
0 0.938191 0.826256 0.013383 0.013249
0 0.935829 0.010336 0.011109 0.011471
0 0.281069 0.548728 0.012699 0.012282
0 0.113064 0.003987 0.011543 0.007973
0 0.047606 0.901050 0.011914 0.011802
0 0.104417 0.781335 0.010354 0.010237
0 0.536030 0.979208 0.013564 0.013541
0 0.350102 0.290217 0.023959 0.024444
0 0.130832 0.990102 0.014400 0.014206
0 0.950115 0.307486 0.012910 0.012696
0 0.878903 0.976937 0.012714 0.012632
0 0.760606 0.872127 0.012992 0.012912
0 0.984542 0.513207 0.013939 0.013138
0 0.979384 0.046002 0.010161 0.009885
0 0.900746 0.997399 0.011491 0.005151
0 0.820525 0.774650 0.012782 0.012662
0 0.910688 0.924237 0.011644 0.011741
0 0.510570 0.570841 0.012819 0.013694
0 0.866739 0.539269 0.010548 0.010608
0 0.086371 0.925899 0.012278 0.011836
0 0.962103 0.029572 0.010242 0.010272
0 0.604999 0.989749 0.013949 0.014067
0 0.850901 0.543086 0.010575 0.010337
0 0.915994 0.679030 0.012959 0.012718
0 0.983546 0.967591 0.012480 0.012639
0 0.214418 0.998260 0.010693 0.003480
0 0.966664 0.608862 0.011629 0.011055
