0 0.264068 0.840310 0.012954 0.012958
0 0.602829 0.542266 0.013056 0.012898
0 0.928976 0.749036 0.013105 0.013021
0 0.204938 0.957325 0.012567 0.012467
0 0.198858 0.508839 0.013473 0.013372
0 0.184308 0.890797 0.012618 0.012580
0 0.112652 0.491000 0.011689 0.011976
0 0.541903 0.976214 0.013118 0.012858
0 0.900844 0.696871 0.013048 0.013013
0 0.431474 0.871944 0.013271 0.013231
0 0.413643 0.155810 0.012639 0.012590
0 0.614641 0.292943 0.013514 0.013465
0 0.636277 0.623556 0.013538 0.013436
0 0.233498 0.437816 0.012821 0.012735
0 0.305742 0.116779 0.013246 0.013001
0 0.944900 0.468981 0.012166 0.012220
0 0.747553 0.618935 0.013268 0.013284
0 0.275462 0.111213 0.013393 0.013485
0 0.156779 0.655958 0.011478 0.011319
0 0.296261 0.073005 0.013830 0.013734
0 0.886229 0.524741 0.013710 0.013546
0 0.169061 0.682039 0.011596 0.011541
0 0.238842 0.833518 0.010397 0.010342
0 0.346898 0.701105 0.012008 0.011952
0 0.401464 0.052858 0.012030 0.012402
0 0.301883 0.518408 0.012308 0.012361
0 0.051105 0.372094 0.012738 0.012853
0 0.740609 0.431779 0.013845 0.013842
0 0.229998 0.756639 0.012180 0.012030
0 0.349159 0.215339 0.012407 0.012246
0 0.053320 0.953553 0.012339 0.012479
0 0.612889 0.960216 0.012906 0.012890
0 0.641937 0.916169 0.013148 0.012999
0 0.461817 0.081498 0.013792 0.013937
0 0.441734 0.970279 0.011659 0.011739
0 0.329842 0.725414 0.012794 0.012761
0 0.557261 0.563639 0.013316 0.013266
0 0.048021 0.740650 0.013872 0.013713
0 0.201998 0.039984 0.014104 0.013968
0 0.799966 0.474868 0.012934 0.012951
0 0.141361 0.322299 0.013927 0.013779
0 0.432586 0.712449 0.013291 0.013251
0 0.876465 0.676834 0.012966 0.012813
0 0.700741 0.978461 0.011617 0.011542
0 0.153139 0.552895 0.011447 0.011099
0 0.252756 0.620954 0.012654 0.012569
0 0.344650 0.817364 0.012640 0.012533
0 0.117603 0.602966 0.013051 0.013108
0 0.924562 0.080242 0.014318 0.014195
0 0.334738 0.664046 0.011371 0.011035
0 0.274844 0.382802 0.012154 0.012179
0 0.107813 0.980572 0.013026 0.013019
0 0.570679 0.021493 0.013907 0.013869
0 0.374160 0.500459 0.012248 0.012018
0 0.138599 0.037840 0.014130 0.014322
0 0.563944 0.936460 0.012892 0.012958
0 0.376608 0.540982 0.012357 0.012276
0 0.278702 0.197453 0.013433 0.013289
0 0.355921 0.194779 0.013978 0.013887
0 0.710201 0.444041 0.013348 0.013456
0 0.140749 0.770437 0.013271 0.013092
0 0.395421 0.942191 0.009070 0.009053
0 0.664421 0.166761 0.012551 0.012554
0 0.647721 0.672073 0.012812 0.012762
0 0.224247 0.647975 0.011890 0.011663
0 0.221285 0.469890 0.012115 0.012128
0 0.745159 0.174633 0.012759 0.012756
0 0.705677 0.819918 0.015154 0.015065
0 0.383567 0.144863 0.013437 0.013274
0 0.925014 0.285214 0.012190 0.012160
0 0.128463 0.241943 0.012725 0.012795
0 0.778842 0.154368 0.013577 0.013727
0 0.505121 0.151643 0.012767 0.012727
0 0.971958 0.561725 0.012105 0.012100
0 0.118397 0.629261 0.012897 0.013103
0 0.635620 0.251707 0.012425 0.012309
0 0.416756 0.567972 0.014128 0.013897
0 0.495235 0.544159 0.014392 0.014586
0 0.872605 0.780469 0.012823 0.012380
0 0.147113 0.925759 0.012333 0.012260
0 0.728840 0.083504 0.012147 0.012333
0 0.807699 0.301311 0.012369 0.012363
0 0.814125 0.705530 0.013223 0.013234
0 0.054245 0.123314 0.012102 0.011965
0 0.522451 0.355494 0.012150 0.011849
0 0.345703 0.294432 0.019251 0.019268
0 0.938395 0.060578 0.013593 0.013485
0 0.429661 0.551759 0.013505 0.013653
0 0.440036 0.059561 0.012446 0.012450
0 0.205635 0.839656 0.011903 0.011830
0 0.500853 0.651900 0.012303 0.012158
0 0.270483 0.237127 0.013344 0.013192
0 0.804994 0.758466 0.013553 0.013469
0 0.166169 0.901789 0.013154 0.013048
0 0.830748 0.219977 0.010964 0.011320
0 0.879053 0.139819 0.011401 0.011497
0 0.787025 0.005670 0.012737 0.011341
0 0.228309 0.241638 0.013882 0.013744
0 0.331637 0.517862 0.011985 0.011195
0 0.477404 0.145527 0.010453 0.010091
0 0.995908 0.422893 0.008183 0.011111
0 0.725311 0.001714 0.011501 0.003428
0 0.850051 0.710486 0.021905 0.021137
0 0.426834 0.205147 0.011739 0.012014
0 0.748274 0.193569 0.011524 0.011866
0 0.658245 0.638370 0.014907 0.014829
0 0.375043 0.221428 0.014719 0.014792
0 0.376514 0.223457 0.013277 0.013317
