0 0.738307 0.037181 0.015843 0.015586
0 0.422287 0.818551 0.014593 0.014661
0 0.594043 0.933248 0.018423 0.018140
0 0.621337 0.457052 0.014886 0.014699
0 0.086702 0.816358 0.014410 0.014332
0 0.469665 0.876482 0.014591 0.014433
0 0.542368 0.543110 0.014482 0.014559
0 0.524820 0.394715 0.014749 0.014988
0 0.293656 0.685714 0.014786 0.014861
0 0.570007 0.605289 0.014921 0.014884
0 0.805199 0.111521 0.014037 0.014071
0 0.403014 0.442006 0.014932 0.014875
0 0.779619 0.567726 0.014688 0.014596
0 0.250758 0.444545 0.014812 0.014923
0 0.486562 0.033940 0.013993 0.013794
0 0.130751 0.192141 0.015111 0.014878
0 0.659938 0.785009 0.014862 0.014740
0 0.738337 0.373108 0.014996 0.015044
0 0.062308 0.437475 0.014588 0.014480
0 0.563490 0.802149 0.014647 0.014490
0 0.649443 0.887345 0.014110 0.013881
0 0.090126 0.520905 0.014301 0.014134
0 0.561382 0.698247 0.015675 0.015690
0 0.227124 0.527676 0.015064 0.015104
0 0.931658 0.549526 0.014552 0.014635
0 0.845187 0.397943 0.015612 0.015353
0 0.899281 0.650435 0.014627 0.014441
0 0.116866 0.683073 0.015076 0.015054
0 0.170236 0.340543 0.014870 0.014885
0 0.105486 0.786489 0.015110 0.015032
0 0.778804 0.404736 0.015043 0.014828
0 0.774835 0.031696 0.013787 0.013988
0 0.858714 0.284377 0.014246 0.014121
0 0.950872 0.616741 0.014590 0.014642
0 0.508150 0.472268 0.015107 0.015105
0 0.014147 0.804534 0.013761 0.013983
0 0.037560 0.142887 0.015113 0.015096
0 0.972701 0.378573 0.014272 0.014087
0 0.934389 0.445615 0.015193 0.015096
0 0.070783 0.902587 0.014203 0.014061
0 0.182225 0.032745 0.013418 0.013630
0 0.406221 0.030536 0.014735 0.014762
0 0.458163 0.122955 0.014423 0.014320
0 0.436013 0.251496 0.014476 0.014369
0 0.558254 0.195261 0.013990 0.013225
0 0.295143 0.367132 0.015496 0.015625
0 0.826311 0.507730 0.015092 0.015245
0 0.696226 0.628558 0.014222 0.014100
0 0.667453 0.465487 0.014157 0.014001
0 0.415238 0.624419 0.014155 0.014179
0 0.518403 0.159539 0.014804 0.014764
0 0.764087 0.280610 0.013981 0.013986
0 0.451669 0.192380 0.018403 0.018380
0 0.241927 0.191695 0.015582 0.015597
0 0.124643 0.366099 0.015841 0.015667
0 0.724633 0.849890 0.014224 0.014498
0 0.568275 0.499693 0.016027 0.015868
0 0.019856 0.237886 0.014390 0.014430
0 0.849827 0.721964 0.022505 0.022370
0 0.569638 0.234728 0.012995 0.013059
0 0.802943 0.414761 0.014602 0.014632
0 0.521716 0.191436 0.015016 0.015000
0 0.868196 0.160221 0.014712 0.014677
0 0.506161 0.983089 0.013744 0.013797
0 0.535176 0.636677 0.017648 0.017832
0 0.076319 0.354243 0.015797 0.015893
0 0.217015 0.021226 0.014553 0.014470
0 0.752120 0.708461 0.015118 0.015101
0 0.113720 0.445181 0.014122 0.014030
0 0.550511 0.238701 0.013439 0.013393
0 0.311623 0.204583 0.015735 0.015801
0 0.475699 0.620325 0.014254 0.014223
0 0.378721 0.626367 0.017272 0.017155
0 0.324354 0.586403 0.014705 0.014608
0 0.655273 0.128734 0.014217 0.014087
0 0.347703 0.301154 0.023145 0.022888
0 0.455499 0.985935 0.016715 0.016627
0 0.558074 0.987510 0.014093 0.014683
0 0.600779 0.018030 0.014946 0.015178
0 0.753818 0.247545 0.015422 0.015408
0 0.006807 0.887952 0.013257 0.014332
0 0.308547 0.084669 0.015610 0.015640
0 0.190658 0.076830 0.014702 0.014723
0 0.037042 0.227067 0.014918 0.014771
0 0.147662 0.887198 0.016027 0.015661
0 0.563172 0.874953 0.013039 0.012974
0 0.334874 0.567410 0.015444 0.015265
0 0.749794 0.271072 0.014207 0.014018
0 0.995118 0.850604 0.009563 0.012510
0 0.913799 0.798426 0.013987 0.014181
0 0.850465 0.789898 0.014571 0.014233
0 0.377412 0.228222 0.019480 0.019856
0 0.416059 0.980412 0.015257 0.015269
0 0.829469 0.790805 0.014881 0.014803
0 0.669148 0.902478 0.013866 0.013877
0 0.067759 0.576592 0.022269 0.022369
0 0.270624 0.752617 0.015084 0.014985
0 0.391506 0.731377 0.017770 0.017584
0 0.346525 0.145941 0.014694 0.014516
0 0.677980 0.914319 0.013224 0.013083
0 0.007802 0.972112 0.014772 0.015118
0 0.534589 0.708853 0.014804 0.014716
0 0.856743 0.228849 0.013860 0.013933
0 0.922165 0.147129 0.020571 0.020480
0 0.388964 0.732695 0.018858 0.019523
0 0.995685 0.328787 0.008631 0.016204
0 0.302799 0.003176 0.014452 0.006352
0 0.731640 0.273757 0.014588 0.015010
0 0.142149 0.465709 0.014466 0.014423
0 0.888210 0.260259 0.019989 0.019816
0 0.745874 0.009691 0.014324 0.014242
0 0.091540 0.936813 0.013979 0.013951
0 0.879243 0.591845 0.024097 0.023747
0 0.003403 0.558977 0.006800 0.016756
0 0.173691 0.900733 0.015535 0.015653
0 0.943380 0.869576 0.013891 0.013896
0 0.140803 0.240827 0.015220 0.015064
0 0.265109 0.247114 0.020233 0.019962
0 0.524623 0.019784 0.018683 0.018447
0 0.671375 0.192627 0.020110 0.019770
0 0.451973 0.215969 0.020189 0.020385
0 0.915600 0.987224 0.013150 0.013213
0 0.110000 0.986342 0.015032 0.015025
0 0.704165 0.823698 0.022079 0.022202
0 0.744180 0.553940 0.012436 0.011980
0 0.002422 0.560403 0.004766 0.017163
0 0.905784 0.179776 0.012627 0.012166
0 0.045336 0.326975 0.019687 0.019374
