0 0.927477 0.601407 0.013127 0.012985
0 0.830808 0.623875 0.013172 0.013016
0 0.748389 0.618070 0.013546 0.013368
0 0.434564 0.582284 0.012561 0.012537
0 0.795520 0.405065 0.012207 0.012100
0 0.382953 0.453724 0.012979 0.012978
0 0.268804 0.775749 0.012650 0.012523
0 0.528510 0.156367 0.013787 0.013695
0 0.760461 0.318062 0.013841 0.013811
0 0.066058 0.106530 0.012708 0.012744
0 0.301024 0.660198 0.012253 0.012090
0 0.559932 0.775936 0.012113 0.012000
0 0.826756 0.771999 0.014482 0.014565
0 0.974471 0.922251 0.013006 0.012839
0 0.290066 0.809608 0.013046 0.012839
0 0.525139 0.349254 0.013456 0.013322
0 0.019157 0.708976 0.013053 0.013152
0 0.817359 0.545923 0.012131 0.012160
0 0.701250 0.565343 0.012562 0.012601
0 0.545507 0.108610 0.013580 0.014030
0 0.535840 0.860836 0.013708 0.013635
0 0.557088 0.354875 0.013681 0.013695
0 0.461944 0.528135 0.013391 0.013012
0 0.971957 0.774227 0.012439 0.012511
0 0.346675 0.699449 0.013591 0.013720
0 0.235534 0.727065 0.013156 0.012958
0 0.453250 0.643451 0.012806 0.012731
0 0.186664 0.039079 0.013155 0.013176
0 0.945321 0.722975 0.014272 0.013995
0 0.647459 0.701260 0.011973 0.012041
0 0.380478 0.503105 0.011971 0.012065
0 0.278138 0.549106 0.013591 0.013477
0 0.776189 0.523645 0.012270 0.011991
0 0.678911 0.405124 0.013474 0.013318
0 0.536712 0.128089 0.013777 0.013477
0 0.122774 0.809773 0.012916 0.012669
0 0.331483 0.518703 0.011970 0.011926
0 0.612268 0.058259 0.013012 0.012882
0 0.256038 0.220211 0.013752 0.013832
0 0.445867 0.208159 0.012613 0.012449
0 0.583119 0.759370 0.012579 0.012687
0 0.451415 0.960715 0.012198 0.012079
0 0.370465 0.271481 0.013021 0.012883
0 0.193892 0.657228 0.011262 0.011603
0 0.392042 0.613631 0.011740 0.011640
0 0.407590 0.273802 0.013091 0.013244
0 0.676308 0.335026 0.013641 0.013617
0 0.155566 0.444663 0.013608 0.013497
0 0.547244 0.221483 0.013113 0.013058
0 0.346337 0.152724 0.012454 0.011854
0 0.515041 0.172226 0.011127 0.011275
0 0.289834 0.320727 0.013862 0.013717
0 0.417476 0.050819 0.012333 0.012314
0 0.729125 0.020040 0.012619 0.012674
0 0.169203 0.591312 0.011585 0.011468
0 0.906296 0.603245 0.010691 0.010496
0 0.143169 0.097503 0.011426 0.011394
0 0.224907 0.651129 0.012926 0.012620
0 0.955485 0.546447 0.013588 0.013570
0 0.031244 0.975381 0.012877 0.012846
0 0.798143 0.029219 0.012710 0.012666
0 0.383778 0.200788 0.011909 0.011914
0 0.011597 0.145425 0.013108 0.012920
0 0.311339 0.112437 0.013667 0.013931
0 0.839158 0.484960 0.011888 0.011759
0 0.496614 0.544538 0.014032 0.014207
0 0.197358 0.882607 0.013192 0.013092
0 0.093879 0.753268 0.012014 0.011964
0 0.147070 0.465118 0.011817 0.011775
0 0.757217 0.019656 0.012238 0.012356
0 0.109171 0.980746 0.013419 0.013381
0 0.305762 0.913400 0.012873 0.012902
0 0.336636 0.492937 0.012408 0.012685
0 0.128297 0.346966 0.012626 0.012572
0 0.285504 0.225513 0.012893 0.012934
0 0.077170 0.672697 0.011711 0.011728
0 0.041354 0.281091 0.012682 0.012636
0 0.309535 0.081631 0.011514 0.011727
0 0.715687 0.319009 0.011857 0.011811
0 0.614650 0.990932 0.011872 0.011811
0 0.654504 0.010958 0.011431 0.011453
0 0.184924 0.891082 0.013146 0.013066
0 0.202833 0.139317 0.011655 0.011672
0 0.074256 0.358224 0.011631 0.011913
0 0.078222 0.393900 0.011774 0.011702
0 0.871282 0.996336 0.013826 0.007328
0 0.965886 0.052039 0.013259 0.013388
0 0.099466 0.740933 0.010974 0.010854
0 0.913632 0.749500 0.009628 0.009612
0 0.513420 0.602072 0.015026 0.015225
0 0.450485 0.815614 0.013175 0.013093
0 0.531646 0.628957 0.023792 0.023787
0 0.096878 0.319422 0.012925 0.013225
0 0.417921 0.772419 0.011954 0.011859
0 0.222482 0.470015 0.012718 0.012770
0 0.788720 0.005184 0.012473 0.010355
0 0.079481 0.473680 0.011550 0.011615
0 0.984547 0.278998 0.012188 0.012155
0 0.632402 0.048501 0.011827 0.011801
0 0.848539 0.710964 0.023241 0.023071
0 0.208367 0.153933 0.010953 0.011352
0 0.858385 0.635359 0.012097 0.011818
0 0.300901 0.156919 0.010427 0.010634
0 0.544700 0.984024 0.012005 0.012141
0 0.573017 0.669465 0.012552 0.012271
0 0.199704 0.376797 0.011765 0.011980
0 0.073772 0.699795 0.010743 0.010713
0 0.968918 0.002214 0.011970 0.004429
0 0.543520 0.974302 0.010318 0.009895
0 0.720438 0.823191 0.010255 0.010842
0 0.151785 0.991653 0.014122 0.014581
0 0.440787 0.060120 0.011953 0.012094
0 0.002656 0.332371 0.005299 0.011877
0 0.946108 0.128901 0.011976 0.011911
0 0.330857 0.290337 0.010770 0.010967
0 0.399163 0.570118 0.011800 0.010880
0 0.585825 0.859412 0.009056 0.008962
