0 0.685775 0.514717 0.013402 0.013096
0 0.748510 0.616037 0.013200 0.012919
0 0.589934 0.533104 0.012619 0.012572
0 0.116732 0.643830 0.013806 0.013665
0 0.125695 0.207015 0.011938 0.011813
0 0.230995 0.538862 0.012267 0.012279
0 0.096055 0.566464 0.013427 0.013370
0 0.228108 0.268003 0.011495 0.011315
0 0.524471 0.346935 0.013326 0.013060
0 0.273330 0.582359 0.011640 0.011651
0 0.664066 0.598904 0.011267 0.011108
0 0.226218 0.650714 0.012577 0.012248
0 0.860021 0.915497 0.012655 0.012627
0 0.230730 0.696202 0.012621 0.012327
0 0.230943 0.077488 0.013137 0.012854
0 0.351216 0.805391 0.013401 0.013530
0 0.185488 0.383965 0.013274 0.013114
0 0.027694 0.516532 0.012895 0.012892
0 0.376012 0.244307 0.012155 0.012054
0 0.144400 0.290368 0.011575 0.011410
0 0.728349 0.431129 0.012230 0.012117
0 0.237633 0.127549 0.011990 0.011796
0 0.462447 0.959176 0.013147 0.013006
0 0.851702 0.868536 0.012574 0.012639
0 0.628166 0.112654 0.012310 0.012426
0 0.290866 0.310045 0.012315 0.012124
0 0.164176 0.146372 0.012436 0.012670
0 0.735966 0.665827 0.011919 0.011823
0 0.344651 0.296336 0.023088 0.023105
0 0.819920 0.818762 0.012069 0.012106
0 0.468113 0.704564 0.013449 0.013245
0 0.348278 0.416156 0.013031 0.012862
0 0.222443 0.467090 0.012597 0.012467
0 0.913327 0.452940 0.009867 0.010594
0 0.416647 0.591418 0.011895 0.011889
0 0.236941 0.425035 0.012627 0.012653
0 0.629519 0.928953 0.013009 0.013012
0 0.629347 0.690976 0.010842 0.010713
0 0.258284 0.234608 0.011400 0.011436
0 0.775830 0.158956 0.011158 0.011131
0 0.238532 0.324584 0.012842 0.012741
0 0.237036 0.814860 0.012275 0.012378
0 0.465293 0.859051 0.011987 0.011665
0 0.186876 0.889700 0.012722 0.012700
0 0.543743 0.972894 0.013051 0.012732
0 0.388969 0.151834 0.011649 0.012108
0 0.631822 0.507243 0.010742 0.010833
0 0.560851 0.264427 0.013373 0.013241
0 0.331484 0.517356 0.011850 0.011646
0 0.777625 0.359626 0.010958 0.010795
0 0.267629 0.526780 0.014953 0.014986
0 0.502652 0.241569 0.010754 0.010891
0 0.017918 0.030298 0.011651 0.011550
0 0.458061 0.570472 0.010763 0.010643
0 0.653873 0.078396 0.012075 0.012119
0 0.562271 0.280123 0.013255 0.013223
0 0.440588 0.058425 0.011783 0.012163
0 0.093570 0.461298 0.012119 0.012143
0 0.673347 0.453671 0.011995 0.011897
0 0.848356 0.718542 0.020038 0.019482
0 0.717697 0.114537 0.011484 0.011388
0 0.373395 0.307951 0.011627 0.011448
0 0.569409 0.817498 0.011968 0.011963
0 0.480024 0.418415 0.010862 0.010597
0 0.665552 0.333293 0.011005 0.011041
0 0.100044 0.753904 0.011202 0.011306
0 0.898146 0.983316 0.010934 0.010829
0 0.669621 0.878510 0.011097 0.011169
0 0.108923 0.979051 0.013402 0.013278
0 0.449627 0.304140 0.010942 0.010927
0 0.126508 0.819606 0.011978 0.012110
0 0.530275 0.636855 0.022769 0.023017
0 0.334986 0.683184 0.010806 0.010577
0 0.728800 0.282155 0.010384 0.009977
0 0.194165 0.177561 0.011488 0.011274
0 0.020650 0.642946 0.010325 0.009907
0 0.747186 0.333347 0.010937 0.011107
0 0.602565 0.570303 0.010915 0.010867
0 0.897194 0.022188 0.011831 0.011907
0 0.069001 0.462930 0.013677 0.013894
0 0.128349 0.929842 0.011019 0.011076
0 0.164005 0.166672 0.013397 0.013171
0 0.997540 0.588990 0.004896 0.013035
0 0.374906 0.227045 0.016922 0.016931
0 0.455305 0.215928 0.013838 0.013709
0 0.614097 0.339530 0.010720 0.010632
0 0.954535 0.682666 0.010474 0.010503
0 0.627508 0.896513 0.009519 0.009542
0 0.512092 0.527957 0.010399 0.010674
0 0.633623 0.085212 0.016102 0.015592
0 0.498253 0.543694 0.014010 0.014272
0 0.666686 0.658797 0.011221 0.011505
0 0.479911 0.868299 0.007118 0.009041
0 0.316528 0.385352 0.008344 0.008045
