0 0.291051 0.445689 0.013968 0.013789
0 0.545880 0.296674 0.011335 0.011118
0 0.753926 0.187959 0.013176 0.013208
0 0.910520 0.597341 0.013165 0.013082
0 0.217001 0.199138 0.012562 0.012428
0 0.576111 0.333008 0.013480 0.013422
0 0.184364 0.891634 0.013167 0.013108
0 0.455612 0.460427 0.014718 0.014469
0 0.517209 0.198399 0.012851 0.012974
0 0.713871 0.096533 0.014000 0.013983
0 0.705062 0.858583 0.013624 0.013708
0 0.402309 0.041032 0.013044 0.012917
0 0.157590 0.222455 0.014036 0.014040
0 0.789412 0.126967 0.013479 0.013622
0 0.843408 0.105666 0.011625 0.011450
0 0.294430 0.115009 0.013981 0.014042
0 0.794887 0.505311 0.013667 0.013718
0 0.747934 0.618919 0.013334 0.013179
0 0.093466 0.377747 0.014438 0.014295
0 0.684327 0.720707 0.013753 0.013583
0 0.813806 0.781742 0.012847 0.012683
0 0.524451 0.349959 0.013119 0.012935
0 0.913851 0.372801 0.013769 0.013829
0 0.060077 0.489923 0.012148 0.011960
0 0.200554 0.386078 0.013585 0.013602
0 0.564477 0.640097 0.013587 0.013541
0 0.486268 0.564921 0.013526 0.013599
0 0.512152 0.067870 0.011619 0.011678
0 0.770736 0.818755 0.013449 0.013352
0 0.047214 0.364097 0.011583 0.011665
0 0.702888 0.568847 0.013284 0.013145
0 0.502878 0.486061 0.012731 0.012743
0 0.473872 0.120293 0.013948 0.013857
0 0.226877 0.301536 0.012256 0.012090
0 0.335298 0.569801 0.012865 0.012753
0 0.864996 0.186055 0.013089 0.013076
0 0.175826 0.076346 0.013432 0.013265
0 0.144662 0.086741 0.012386 0.012221
0 0.979231 0.392916 0.013406 0.013379
0 0.627558 0.252605 0.013659 0.013691
0 0.886110 0.492514 0.014294 0.014642
0 0.496020 0.640911 0.012309 0.012418
0 0.887379 0.650256 0.011954 0.012043
0 0.340210 0.624151 0.013257 0.013299
0 0.473598 0.243204 0.012248 0.012125
0 0.158651 0.824401 0.013753 0.013992
0 0.103460 0.197668 0.012453 0.012337
0 0.119049 0.544630 0.011653 0.011425
0 0.450894 0.959612 0.013314 0.013346
0 0.143927 0.485571 0.013042 0.012793
0 0.837629 0.288840 0.013787 0.013503
0 0.633768 0.969266 0.012842 0.012744
0 0.485429 0.079269 0.012828 0.012951
0 0.282968 0.757086 0.012969 0.012828
0 0.134921 0.601448 0.012965 0.012920
0 0.222143 0.470316 0.012788 0.012877
0 0.799595 0.371777 0.013806 0.013634
0 0.331690 0.518999 0.012272 0.012134
0 0.788496 0.272452 0.013654 0.013535
0 0.495679 0.284205 0.013524 0.013451
0 0.517342 0.802105 0.011024 0.010814
0 0.619253 0.509056 0.012073 0.011905
0 0.498896 0.696914 0.012662 0.012165
0 0.992691 0.505208 0.013797 0.013896
0 0.934363 0.272647 0.012914 0.012845
0 0.195583 0.087210 0.012404 0.012179
0 0.392786 0.731098 0.012804 0.012801
0 0.783914 0.067266 0.011920 0.011678
0 0.578462 0.796351 0.010261 0.010220
0 0.109267 0.981638 0.013482 0.013647
0 0.457963 0.066240 0.012337 0.012007
0 0.543017 0.975748 0.013067 0.012811
0 0.854916 0.010283 0.013416 0.013254
0 0.414875 0.438519 0.012805 0.012973
0 0.691140 0.631164 0.013059 0.013137
0 0.585308 0.008684 0.014401 0.014100
0 0.015091 0.755794 0.013543 0.013487
0 0.757964 0.990401 0.013542 0.013315
0 0.004162 0.333603 0.008230 0.012226
0 0.746714 0.136066 0.013797 0.013894
0 0.714842 0.426979 0.012735 0.012850
0 0.489775 0.315313 0.013058 0.013063
0 0.323853 0.109953 0.012471 0.012425
0 0.285240 0.939801 0.011689 0.012170
0 0.251479 0.482958 0.012551 0.012168
0 0.771734 0.386573 0.012381 0.012112
0 0.284332 0.134401 0.014011 0.013797
0 0.387536 0.257584 0.013175 0.013111
0 0.061208 0.641354 0.012596 0.012349
0 0.849122 0.711148 0.023010 0.022956
0 0.089288 0.984190 0.012554 0.012592
0 0.042864 0.165138 0.011979 0.011975
0 0.787367 0.005380 0.012344 0.010585
0 0.428473 0.010115 0.012470 0.012583
0 0.399279 0.570912 0.010986 0.010659
0 0.436871 0.589772 0.010759 0.010714
0 0.282100 0.150066 0.011679 0.011661
0 0.227297 0.653694 0.012850 0.012640
0 0.838375 0.640650 0.013113 0.013023
0 0.415183 0.005059 0.012015 0.010008
0 0.222224 0.433371 0.007850 0.008126
0 0.754209 0.028159 0.012641 0.012522
0 0.954714 0.185433 0.011273 0.011543
0 0.437981 0.655942 0.011728 0.011603
0 0.441469 0.059226 0.011551 0.011302
0 0.018914 0.021720 0.010058 0.010029
0 0.345087 0.294782 0.014866 0.014488
0 0.181164 0.781855 0.013484 0.013233
0 0.008028 0.153876 0.013626 0.013612
0 0.493326 0.543044 0.013665 0.013964
0 0.410082 0.782534 0.012262 0.012460
0 0.426747 0.498584 0.014290 0.014334
0 0.167351 0.284459 0.011610 0.011637
