0 0.033102 0.027969 0.012151 0.012123
0 0.167387 0.727870 0.013272 0.013081
0 0.067833 0.702906 0.012324 0.012282
0 0.514138 0.093360 0.013137 0.013071
0 0.033860 0.526724 0.012711 0.012776
0 0.146553 0.557669 0.013111 0.012999
0 0.827925 0.439959 0.012942 0.012866
0 0.174780 0.797416 0.012595 0.012361
0 0.321650 0.254728 0.013252 0.013150
0 0.866025 0.629988 0.013342 0.013216
0 0.075100 0.457730 0.012611 0.012612
0 0.085793 0.564921 0.012246 0.012426
0 0.595639 0.023010 0.012096 0.012132
0 0.650965 0.573542 0.013041 0.012897
0 0.759138 0.017657 0.013237 0.013118
0 0.432536 0.254698 0.013667 0.013756
0 0.164324 0.083001 0.013027 0.013240
0 0.278515 0.436443 0.012339 0.012098
0 0.955562 0.509877 0.016052 0.015731
0 0.768659 0.684112 0.012629 0.012916
0 0.637032 0.621324 0.012919 0.012881
0 0.678383 0.560502 0.014116 0.014019
0 0.774967 0.030501 0.013127 0.012889
0 0.735069 0.621346 0.015025 0.015044
0 0.157811 0.300721 0.012287 0.012117
0 0.079905 0.828989 0.012217 0.012013
0 0.124651 0.171733 0.012723 0.012923
0 0.895180 0.524178 0.012812 0.012764
0 0.881955 0.492888 0.012247 0.012239
0 0.006846 0.182746 0.012103 0.012315
0 0.820618 0.651641 0.013578 0.014025
0 0.486371 0.091326 0.012173 0.012057
0 0.808046 0.457413 0.013297 0.013014
0 0.995170 0.456943 0.009659 0.013329
0 0.130246 0.353421 0.013158 0.013097
0 0.656615 0.423433 0.012867 0.012901
0 0.856706 0.507867 0.013852 0.013993
0 0.527619 0.899160 0.011885 0.011959
0 0.123251 0.696463 0.011665 0.011717
0 0.316042 0.327720 0.012044 0.012135
0 0.327056 0.376727 0.013912 0.013827
0 0.551991 0.080926 0.012387 0.012690
0 0.272721 0.913235 0.011702 0.011440
0 0.319243 0.566184 0.012969 0.013022
0 0.409926 0.800304 0.011565 0.011581
0 0.221921 0.029052 0.013231 0.013351
0 0.098006 0.695939 0.014120 0.014215
0 0.011260 0.418583 0.013486 0.013196
0 0.061092 0.021523 0.012799 0.012940
0 0.651484 0.496837 0.014476 0.014327
0 0.223972 0.886443 0.012138 0.012245
0 0.590020 0.330132 0.012724 0.012725
0 0.334469 0.639255 0.012479 0.012387
0 0.901205 0.794919 0.013525 0.013853
0 0.820763 0.752533 0.013440 0.013408
0 0.802372 0.744391 0.011859 0.011935
0 0.482255 0.635325 0.013708 0.013761
0 0.070765 0.977147 0.011543 0.011777
0 0.281752 0.735882 0.011982 0.011897
0 0.519314 0.973082 0.010896 0.010726
0 0.132098 0.115110 0.013873 0.013966
0 0.146665 0.278713 0.012693 0.012503
0 0.566401 0.577144 0.012379 0.012390
0 0.325790 0.895277 0.011774 0.011765
0 0.393773 0.995401 0.012845 0.009197
0 0.712618 0.315775 0.011789 0.011971
0 0.627848 0.650761 0.012084 0.011836
0 0.825628 0.973507 0.012593 0.012669
0 0.575376 0.174099 0.012615 0.012795
0 0.819978 0.516965 0.015387 0.015243
0 0.939066 0.079323 0.013189 0.013278
0 0.012939 0.823865 0.012777 0.012880
0 0.621536 0.453194 0.014344 0.014475
0 0.853395 0.321609 0.012555 0.012558
0 0.812845 0.728468 0.013434 0.013071
0 0.779014 0.525123 0.011948 0.012103
0 0.609557 0.317874 0.012543 0.012607
0 0.004664 0.803164 0.009328 0.013641
0 0.834784 0.912291 0.011751 0.011919
0 0.081730 0.153257 0.012564 0.012635
0 0.463374 0.842709 0.012578 0.012836
0 0.877116 0.911703 0.015001 0.014793
0 0.498554 0.963590 0.012641 0.012614
0 0.142028 0.656369 0.014177 0.014240
0 0.383880 0.499831 0.012729 0.012673
0 0.446312 0.230831 0.013976 0.014343
0 0.486198 0.522296 0.012297 0.012204
0 0.203739 0.998324 0.011155 0.003351
0 0.860416 0.398654 0.014649 0.014623
0 0.645964 0.841801 0.011547 0.011520
0 0.951718 0.376759 0.013351 0.013379
0 0.750734 0.065131 0.013446 0.013264
0 0.826384 0.596819 0.013778 0.013789
0 0.534154 0.434461 0.011542 0.011352
0 0.725054 0.869244 0.011642 0.011386
0 0.756648 0.491802 0.015362 0.015580
0 0.562214 0.672361 0.013632 0.013663
0 0.943887 0.050467 0.014440 0.014528
0 0.670627 0.876554 0.012143 0.012260
0 0.533773 0.963692 0.012322 0.011702
0 0.725325 0.316818 0.011428 0.011626
0 0.832488 0.492237 0.012675 0.013277
0 0.626581 0.649611 0.012510 0.012463
0 0.987091 0.339998 0.012901 0.013154
0 0.998315 0.217620 0.003327 0.015751
0 0.266519 0.660801 0.011905 0.011909
