0 0.656841 0.496194 0.012872 0.012999
0 0.901773 0.456629 0.012543 0.012383
0 0.288964 0.664352 0.012815 0.012788
0 0.603735 0.035061 0.012840 0.012772
0 0.035181 0.464770 0.013540 0.013400
0 0.194729 0.735013 0.012533 0.012476
0 0.164190 0.787442 0.013070 0.012936
0 0.866417 0.629605 0.013620 0.013504
0 0.040310 0.714452 0.013072 0.013292
0 0.624058 0.593964 0.012780 0.012776
0 0.382576 0.863525 0.011786 0.011875
0 0.775908 0.040149 0.013142 0.012922
0 0.665783 0.433623 0.013109 0.013262
0 0.542618 0.296416 0.012945 0.012814
0 0.108895 0.570146 0.012692 0.012778
0 0.865573 0.430537 0.012482 0.012365
0 0.750946 0.650520 0.012700 0.012550
0 0.747855 0.071197 0.012538 0.012535
0 0.075974 0.371773 0.013595 0.013362
0 0.494314 0.637847 0.012752 0.012756
0 0.814754 0.452862 0.013012 0.012854
0 0.633733 0.575220 0.013150 0.013192
0 0.956648 0.509207 0.015213 0.015094
0 0.158668 0.106850 0.012959 0.012887
0 0.421730 0.257037 0.013062 0.013066
0 0.529546 0.902620 0.012856 0.012610
0 0.145461 0.526233 0.013136 0.013065
0 0.628038 0.661613 0.013269 0.013257
0 0.765089 0.580738 0.011721 0.011357
0 0.008243 0.186190 0.011629 0.011429
0 0.073114 0.834975 0.012830 0.012621
0 0.083603 0.028784 0.012452 0.012365
0 0.595827 0.286081 0.012543 0.012510
0 0.103445 0.669537 0.013255 0.013264
0 0.711893 0.321232 0.011640 0.011780
0 0.008040 0.369343 0.013313 0.013207
0 0.316546 0.314241 0.012895 0.012835
0 0.570754 0.579346 0.012111 0.011998
0 0.760628 0.026027 0.013424 0.013326
0 0.125807 0.734286 0.013397 0.013277
0 0.270330 0.768506 0.012025 0.012151
0 0.431644 0.829175 0.012254 0.012056
0 0.460608 0.061595 0.011890 0.011897
0 0.561170 0.110286 0.012812 0.012731
0 0.806697 0.324023 0.013006 0.012818
0 0.811617 0.351498 0.014464 0.014694
0 0.199057 0.849841 0.012898 0.012680
0 0.497488 0.122294 0.011594 0.011558
0 0.141638 0.228984 0.011861 0.011667
0 0.173495 0.323534 0.011866 0.011797
0 0.835073 0.490476 0.012263 0.012323
0 0.489843 0.514069 0.013880 0.013773
0 0.648775 0.665336 0.012544 0.012296
0 0.550224 0.044732 0.012391 0.012499
0 0.821822 0.650958 0.013409 0.013606
0 0.287690 0.242260 0.013449 0.013472
0 0.501848 0.700969 0.013277 0.013141
0 0.279380 0.436713 0.012085 0.011841
0 0.533616 0.465499 0.011643 0.011633
0 0.455196 0.838769 0.013385 0.013604
0 0.630507 0.810203 0.011777 0.011600
0 0.007632 0.416663 0.011996 0.011693
0 0.995672 0.449224 0.008635 0.012070
0 0.832863 0.419084 0.014825 0.014997
0 0.581320 0.198425 0.013014 0.012862
0 0.573640 0.455691 0.012808 0.012825
0 0.280227 0.547264 0.013179 0.012938
0 0.734921 0.621300 0.014470 0.014499
0 0.621109 0.017984 0.012887 0.013203
0 0.082700 0.145605 0.012300 0.012253
0 0.005789 0.797986 0.011578 0.014894
0 0.072070 0.976059 0.011506 0.011685
0 0.799046 0.553634 0.012227 0.012227
0 0.142005 0.137645 0.010513 0.010282
0 0.779483 0.522718 0.011465 0.011337
0 0.516562 0.972375 0.011231 0.011311
0 0.365368 0.915037 0.013492 0.013398
0 0.304414 0.532954 0.011942 0.011965
0 0.687209 0.454151 0.015022 0.015235
0 0.719345 0.867913 0.011330 0.011077
0 0.510957 0.440164 0.011736 0.011820
0 0.435257 0.663662 0.013204 0.013538
0 0.948677 0.366738 0.013476 0.013413
0 0.403043 0.498282 0.013038 0.013054
0 0.824145 0.516877 0.014918 0.014501
0 0.482688 0.958108 0.013305 0.012921
0 0.819562 0.973873 0.011864 0.011662
0 0.136712 0.120838 0.014925 0.014960
0 0.806753 0.747706 0.012192 0.011934
0 0.636764 0.778134 0.012463 0.012641
0 0.829373 0.596452 0.014059 0.013574
0 0.815048 0.728178 0.013340 0.013587
0 0.877193 0.939303 0.013150 0.013200
0 0.822770 0.752467 0.013388 0.014067
0 0.780290 0.524460 0.012046 0.012238
0 0.927164 0.781103 0.013447 0.013927
0 0.620153 0.883824 0.011782 0.011890
0 0.151488 0.959093 0.011283 0.011254
0 0.153159 0.618312 0.013555 0.013866
0 0.956324 0.598068 0.012891 0.012977
0 0.828637 0.914106 0.010970 0.011360
