0 0.658787 0.736431 0.012809 0.012753
0 0.550098 0.499828 0.013521 0.013422
0 0.575878 0.361309 0.013849 0.013915
0 0.526371 0.349150 0.012699 0.012431
0 0.847599 0.289852 0.012899 0.012756
0 0.161779 0.310673 0.013046 0.013011
0 0.495372 0.328947 0.012548 0.012536
0 0.866970 0.960307 0.012762 0.013050
0 0.353701 0.497412 0.011834 0.011888
0 0.508424 0.290945 0.013130 0.013113
0 0.950184 0.262624 0.013132 0.012918
0 0.029357 0.101590 0.012408 0.012318
0 0.185788 0.344002 0.012028 0.012190
0 0.749112 0.618444 0.013315 0.013171
0 0.765333 0.546319 0.013920 0.013781
0 0.107278 0.383629 0.012673 0.012538
0 0.096395 0.165631 0.013921 0.013859
0 0.222296 0.470271 0.013112 0.012997
0 0.640830 0.654454 0.012787 0.012975
0 0.337343 0.402581 0.012699 0.012178
0 0.169777 0.482603 0.013352 0.013453
0 0.901637 0.212073 0.013469 0.013562
0 0.598161 0.403181 0.012114 0.011930
0 0.841529 0.796425 0.013889 0.013702
0 0.356414 0.133672 0.013737 0.013585
0 0.647793 0.452237 0.012048 0.011986
0 0.495612 0.646062 0.013623 0.013625
0 0.264997 0.923348 0.013153 0.012965
0 0.075522 0.585854 0.011945 0.011954
0 0.613088 0.900397 0.011933 0.011963
0 0.638775 0.500251 0.012932 0.012878
0 0.523295 0.124297 0.013268 0.013072
0 0.108912 0.980883 0.013705 0.013713
0 0.373366 0.644104 0.012807 0.012750
0 0.824850 0.610559 0.013041 0.012943
0 0.966035 0.766170 0.013123 0.013162
0 0.931901 0.184063 0.012081 0.012209
0 0.622568 0.698570 0.012085 0.012094
0 0.165142 0.177762 0.012624 0.012546
0 0.066241 0.068702 0.012885 0.012813
0 0.331963 0.518657 0.012252 0.012135
0 0.226075 0.495748 0.013154 0.013360
0 0.441211 0.084224 0.012394 0.012347
0 0.457464 0.960911 0.013168 0.013152
0 0.274229 0.217674 0.011722 0.011803
0 0.739863 0.946162 0.013319 0.013522
0 0.847790 0.712012 0.021295 0.020902
0 0.229863 0.090164 0.012989 0.013283
0 0.032931 0.974415 0.012587 0.012566
0 0.022645 0.546618 0.012210 0.012220
0 0.348184 0.051641 0.012805 0.012928
0 0.555475 0.107690 0.013391 0.013412
0 0.185032 0.891537 0.012746 0.012745
0 0.582722 0.019077 0.012516 0.012709
0 0.447824 0.529352 0.012437 0.012242
0 0.863914 0.555083 0.013192 0.013369
0 0.162758 0.545209 0.013125 0.013050
0 0.584618 0.113064 0.013496 0.013454
0 0.382457 0.603494 0.013172 0.013412
0 0.234074 0.206248 0.014136 0.013995
0 0.255512 0.221559 0.014266 0.014369
0 0.288650 0.808070 0.013015 0.013042
0 0.813046 0.083806 0.013540 0.013863
0 0.496650 0.544989 0.014395 0.014577
0 0.497251 0.621745 0.013255 0.012909
0 0.541311 0.973285 0.011626 0.011541
0 0.645907 0.028292 0.012510 0.012664
0 0.417279 0.120054 0.011566 0.011486
0 0.966980 0.056929 0.013155 0.013275
0 0.996052 0.275664 0.007876 0.013430
0 0.533067 0.629182 0.022327 0.022021
0 0.018484 0.440366 0.012479 0.012531
0 0.853753 0.816152 0.012688 0.012516
0 0.391248 0.905877 0.011655 0.011628
0 0.013222 0.687856 0.010471 0.010207
0 0.996707 0.550477 0.006512 0.014647
0 0.749351 0.167331 0.013406 0.013375
0 0.217932 0.220209 0.011620 0.011877
0 0.125602 0.236349 0.013150 0.013460
0 0.345758 0.290486 0.024722 0.024533
0 0.571604 0.855597 0.012218 0.012200
0 0.794286 0.407343 0.010904 0.010679
0 0.788946 0.005411 0.012507 0.010822
0 0.293695 0.146106 0.013224 0.013148
0 0.469671 0.865018 0.012525 0.012814
0 0.226609 0.022994 0.013692 0.013735
0 0.823214 0.185118 0.012703 0.012669
0 0.498258 0.742713 0.012301 0.012848
0 0.603714 0.418023 0.012483 0.012782
0 0.997372 0.831386 0.005233 0.013335
0 0.996211 0.433440 0.007579 0.013669
0 0.776366 0.005244 0.013416 0.010488
0 0.463826 0.884938 0.013075 0.013156
0 0.730592 0.878113 0.012776 0.012586
0 0.214162 0.206668 0.012011 0.011362
