0 0.623272 0.484483 0.013139 0.012919
0 0.324849 0.746704 0.012220 0.012211
0 0.147345 0.913125 0.014392 0.014210
0 0.378161 0.548563 0.012964 0.012982
0 0.742775 0.235957 0.013456 0.013381
0 0.017327 0.413722 0.012161 0.012338
0 0.282185 0.762095 0.013181 0.012965
0 0.789727 0.073868 0.012953 0.012774
0 0.441103 0.624056 0.012299 0.012162
0 0.467071 0.341218 0.012525 0.012397
0 0.766328 0.531052 0.013744 0.013622
0 0.157809 0.079586 0.013502 0.013454
0 0.355853 0.147458 0.013485 0.013218
0 0.176366 0.213608 0.013333 0.013367
0 0.900627 0.648488 0.013011 0.013017
0 0.392680 0.458261 0.013328 0.013486
0 0.765029 0.911773 0.013535 0.013518
0 0.038080 0.140635 0.013692 0.013448
0 0.208315 0.563997 0.012654 0.012622
0 0.092534 0.538960 0.013999 0.014061
0 0.332109 0.773589 0.013091 0.013042
0 0.511563 0.343554 0.014718 0.014631
0 0.279729 0.436330 0.012482 0.012430
0 0.436496 0.392026 0.011739 0.011498
0 0.504986 0.737139 0.014192 0.013984
0 0.062032 0.748777 0.013628 0.013649
0 0.801338 0.253477 0.012638 0.012647
0 0.276774 0.810024 0.012362 0.012405
0 0.343516 0.952498 0.013701 0.013544
0 0.206321 0.618131 0.012484 0.012639
0 0.849042 0.221523 0.014606 0.014482
0 0.556134 0.515912 0.013868 0.014145
0 0.538826 0.432870 0.013240 0.013199
0 0.075181 0.370604 0.014244 0.014251
0 0.736954 0.971033 0.013723 0.013911
0 0.233963 0.891765 0.013459 0.013403
0 0.394557 0.246044 0.012648 0.012844
0 0.437736 0.432322 0.012614 0.012719
0 0.614921 0.643681 0.013697 0.013597
0 0.444125 0.325216 0.013733 0.013836
0 0.837636 0.109512 0.012083 0.011868
0 0.912520 0.420601 0.013849 0.013891
0 0.006604 0.879130 0.013076 0.014405
0 0.100173 0.938423 0.011985 0.012395
0 0.936801 0.337895 0.012382 0.012423
0 0.164272 0.771463 0.012538 0.012546
0 0.410142 0.314574 0.012652 0.012686
0 0.481523 0.376150 0.012167 0.011914
0 0.601059 0.536317 0.013007 0.013031
0 0.900376 0.534319 0.013689 0.013576
0 0.127412 0.594522 0.012943 0.012693
0 0.320546 0.351431 0.012486 0.012398
0 0.309729 0.833470 0.012726 0.012674
0 0.588275 0.261418 0.012622 0.012633
0 0.853767 0.259336 0.013669 0.013723
0 0.830947 0.558833 0.012014 0.012057
0 0.339441 0.912691 0.012554 0.012446
0 0.261657 0.967828 0.012667 0.012591
0 0.167461 0.824527 0.012948 0.012854
0 0.800285 0.043061 0.012146 0.012298
0 0.282837 0.573361 0.013471 0.013628
0 0.664273 0.314276 0.014738 0.014790
0 0.225526 0.278043 0.012963 0.012929
0 0.620371 0.381405 0.013318 0.013311
0 0.579211 0.499238 0.014755 0.014903
0 0.070197 0.829629 0.012861 0.012573
0 0.755587 0.338755 0.012818 0.012938
0 0.640262 0.654443 0.013204 0.013078
0 0.560146 0.655579 0.012582 0.012511
0 0.527472 0.262456 0.010517 0.010410
0 0.966312 0.590564 0.012358 0.012061
0 0.954941 0.440236 0.011126 0.011073
0 0.958599 0.859441 0.014097 0.013891
0 0.600256 0.785493 0.012576 0.012450
0 0.726347 0.465239 0.014197 0.014307
0 0.586780 0.560596 0.014498 0.014520
0 0.279995 0.273988 0.013879 0.014187
0 0.531869 0.635797 0.022981 0.022792
0 0.725064 0.585312 0.012165 0.012605
0 0.113493 0.499885 0.012122 0.012142
0 0.914820 0.989908 0.013255 0.013334
0 0.846024 0.491546 0.013334 0.013196
0 0.601125 0.902021 0.011065 0.011337
0 0.704946 0.934522 0.012543 0.012582
0 0.852555 0.118269 0.009449 0.009612
0 0.088435 0.915735 0.013054 0.013100
0 0.465499 0.980152 0.012772 0.012866
0 0.764874 0.753211 0.013987 0.014282
0 0.983408 0.510712 0.015657 0.014862
0 0.348266 0.295391 0.024047 0.024204
0 0.978613 0.902003 0.013696 0.013756
0 0.982419 0.782879 0.012904 0.012892
0 0.516434 0.492869 0.011854 0.011882
0 0.961221 0.950846 0.011999 0.011893
0 0.009879 0.063460 0.014144 0.014142
0 0.410587 0.993221 0.014023 0.013227
0 0.683521 0.500133 0.012034 0.012166
0 0.971899 0.493074 0.012731 0.012492
0 0.861591 0.072276 0.012070 0.011953
0 0.476974 0.994433 0.014668 0.011135
0 0.937744 0.039594 0.009381 0.009190
0 0.888205 0.579425 0.013176 0.013075
0 0.994206 0.745854 0.011587 0.014132
0 0.967860 0.037553 0.013431 0.013674
0 0.083082 0.453514 0.013742 0.014480
0 0.734646 0.619990 0.014237 0.014482
0 0.614793 0.986333 0.010163 0.010152
0 0.997372 0.217864 0.005183 0.012573
0 0.548060 0.183518 0.014980 0.015251
0 0.761857 0.087004 0.012683 0.012371
0 0.065687 0.572650 0.020798 0.020312
0 0.802656 0.535965 0.012538 0.012432
0 0.704543 0.817858 0.021408 0.021362
0 0.788838 0.420465 0.012656 0.012596
0 0.837027 0.003529 0.011582 0.007058
0 0.761914 0.731046 0.013166 0.013660
0 0.949455 0.035509 0.009154 0.009208
0 0.933395 0.260046 0.011755 0.011273
0 0.742890 0.282509 0.009406 0.009129
0 0.799047 0.018311 0.010918 0.011162
0 0.820337 0.261265 0.012416 0.012627
0 0.879816 0.805944 0.012177 0.012264
0 0.791206 0.483846 0.013572 0.013248
0 0.635750 0.085198 0.023232 0.023364
0 0.723646 0.550633 0.013152 0.012919
0 0.849235 0.536025 0.013334 0.013111
0 0.913953 0.028856 0.010957 0.010995
0 0.099900 0.873089 0.010654 0.010421
0 0.731770 0.635810 0.012727 0.012615
0 0.978329 0.051163 0.008962 0.008766
0 0.948361 0.036523 0.009409 0.008311
0 0.741564 0.851322 0.013041 0.012882
0 0.563985 0.954289 0.021026 0.021043
0 0.004769 0.484644 0.009476 0.018571
0 0.376366 0.736796 0.023251 0.023004
0 0.715818 0.555680 0.012970 0.012335
0 0.940454 0.027219 0.012691 0.012396
0 0.820995 0.259165 0.013082 0.013383
0 0.779589 0.461430 0.011895 0.012273
0 0.850163 0.715089 0.022540 0.022696
0 0.792803 0.482927 0.013513 0.013396
