0 0.412223 0.462869 0.015163 0.015284
0 0.446631 0.240915 0.015971 0.016019
0 0.713903 0.138868 0.015073 0.015090
0 0.347607 0.299643 0.022971 0.022752
0 0.304818 0.309375 0.015053 0.014886
0 0.943914 0.686336 0.014455 0.014350
0 0.684725 0.850334 0.013517 0.013478
0 0.174673 0.813311 0.012981 0.012849
0 0.732404 0.474443 0.014553 0.014595
0 0.299209 0.912011 0.013674 0.013718
0 0.239631 0.193639 0.015075 0.014916
0 0.826645 0.355322 0.014280 0.014422
0 0.712099 0.217198 0.014605 0.014471
0 0.963339 0.542289 0.014029 0.014028
0 0.256155 0.758560 0.013998 0.013888
0 0.808314 0.516601 0.014254 0.014184
0 0.721079 0.090937 0.015984 0.015683
0 0.816591 0.412611 0.014206 0.014465
0 0.271708 0.054538 0.014523 0.014375
0 0.088196 0.911271 0.014606 0.014756
0 0.800465 0.837128 0.014724 0.014559
0 0.757453 0.694722 0.013635 0.013837
0 0.742002 0.521533 0.015369 0.015240
0 0.838266 0.506497 0.014654 0.014637
0 0.957340 0.447972 0.014723 0.014786
0 0.773617 0.654207 0.015459 0.015716
0 0.139798 0.647490 0.014704 0.014552
0 0.478619 0.119172 0.015264 0.015298
0 0.343626 0.598728 0.015002 0.015103
0 0.123991 0.376767 0.015696 0.015675
0 0.108577 0.711357 0.015073 0.014980
0 0.691311 0.742519 0.014470 0.014322
0 0.525348 0.160832 0.015127 0.015295
0 0.082783 0.024414 0.014797 0.014762
0 0.135967 0.689577 0.013890 0.013783
0 0.149486 0.337446 0.014890 0.015004
0 0.643928 0.280896 0.015114 0.015046
0 0.935549 0.191186 0.014091 0.013994
0 0.704904 0.582759 0.014943 0.014955
0 0.766165 0.292390 0.015092 0.015249
0 0.665455 0.690309 0.018469 0.018335
0 0.095605 0.323833 0.014696 0.014685
0 0.725332 0.661072 0.014652 0.014625
0 0.778630 0.368451 0.014476 0.014448
0 0.319398 0.552894 0.015542 0.015541
0 0.788798 0.560080 0.014789 0.014893
0 0.894232 0.393366 0.014240 0.014182
0 0.336410 0.329371 0.014010 0.013990
0 0.683547 0.603091 0.020208 0.020050
0 0.452040 0.611626 0.014081 0.014159
0 0.955919 0.947139 0.014590 0.014342
0 0.030846 0.586471 0.014583 0.014544
0 0.079115 0.455119 0.016089 0.015971
0 0.030504 0.887073 0.014471 0.014577
0 0.534150 0.640035 0.023195 0.022879
0 0.212869 0.371396 0.014786 0.015145
0 0.063950 0.682187 0.014609 0.014734
0 0.031105 0.505852 0.013664 0.013944
0 0.526401 0.425024 0.014102 0.013885
0 0.537827 0.134204 0.015984 0.016047
0 0.220946 0.760800 0.014219 0.014213
0 0.118440 0.787318 0.015268 0.015275
0 0.197417 0.195555 0.015384 0.015583
0 0.280037 0.875283 0.014213 0.014310
0 0.521341 0.207579 0.014019 0.014001
0 0.650629 0.129997 0.014563 0.014649
0 0.852240 0.962954 0.013353 0.013295
0 0.413371 0.923172 0.015722 0.015530
0 0.007034 0.777038 0.013602 0.014088
0 0.670794 0.369197 0.015100 0.015354
0 0.975634 0.268670 0.013217 0.013315
0 0.731936 0.558946 0.015424 0.015758
0 0.470981 0.420779 0.014630 0.014479
0 0.600423 0.565526 0.016249 0.015927
0 0.563028 0.482101 0.014171 0.014104
0 0.281341 0.430800 0.015013 0.014699
0 0.177415 0.531692 0.013823 0.013580
0 0.959030 0.041554 0.014688 0.014702
0 0.627831 0.187929 0.017473 0.017502
0 0.665660 0.417410 0.015928 0.015600
0 0.635884 0.684058 0.014402 0.014367
0 0.702441 0.965702 0.014156 0.014247
0 0.572792 0.621582 0.014416 0.014040
0 0.756483 0.356411 0.014922 0.015096
0 0.750743 0.136635 0.014763 0.014889
0 0.651271 0.635538 0.014769 0.014936
0 0.605291 0.286721 0.014049 0.013856
0 0.504735 0.341104 0.014738 0.014662
0 0.865722 0.151737 0.014554 0.014289
0 0.058452 0.603050 0.013696 0.013579
0 0.078584 0.338256 0.015085 0.014760
0 0.743424 0.957917 0.013886 0.013996
0 0.364839 0.204215 0.014857 0.014739
0 0.628900 0.574627 0.015665 0.015570
0 0.030199 0.422677 0.018161 0.018482
0 0.610466 0.648143 0.013548 0.013506
0 0.643726 0.844886 0.013842 0.014017
0 0.836983 0.078551 0.015926 0.015948
0 0.523727 0.405473 0.014504 0.014332
0 0.588401 0.810227 0.013673 0.013961
0 0.985851 0.504893 0.016691 0.016829
0 0.687324 0.692202 0.013782 0.014203
0 0.034189 0.610761 0.013535 0.013433
0 0.635921 0.088197 0.022214 0.022282
0 0.921511 0.147456 0.020768 0.020566
0 0.217176 0.612865 0.013940 0.013960
0 0.337002 0.004673 0.012378 0.009345
0 0.007482 0.450451 0.014815 0.016591
0 0.938769 0.295765 0.016087 0.016161
0 0.007857 0.174258 0.014202 0.014584
0 0.742489 0.115453 0.014806 0.014772
0 0.460645 0.208167 0.013870 0.013827
0 0.985769 0.661130 0.014969 0.014731
0 0.142375 0.302214 0.015483 0.015458
0 0.297155 0.775523 0.015062 0.014977
0 0.652299 0.155984 0.014760 0.014915
0 0.736989 0.617678 0.014759 0.015224
0 0.024450 0.007561 0.015938 0.015016
0 0.807124 0.927681 0.015472 0.015362
0 0.140215 0.853428 0.014726 0.014860
0 0.369451 0.659844 0.014247 0.014257
0 0.912015 0.990930 0.016530 0.016382
0 0.067772 0.576669 0.021705 0.021562
0 0.601241 0.796551 0.016608 0.016767
0 0.004384 0.063073 0.008733 0.015985
0 0.058869 0.313326 0.014693 0.014259
0 0.129070 0.237390 0.017923 0.017350
0 0.753726 0.798143 0.015630 0.015917
0 0.540684 0.738563 0.021549 0.021960
0 0.880187 0.591655 0.024181 0.024003
0 0.378153 0.741404 0.023266 0.023135
0 0.914097 0.006309 0.015620 0.012619
0 0.202995 0.250224 0.016945 0.016695
0 0.265009 0.246528 0.019776 0.019241
0 0.254707 0.828734 0.016863 0.016639
0 0.314422 0.988758 0.015127 0.014920
0 0.125128 0.953484 0.014023 0.013694
0 0.484356 0.990955 0.016362 0.016382
0 0.847846 0.716319 0.021983 0.022370
0 0.252115 0.496025 0.015691 0.015663
0 0.004184 0.289996 0.008278 0.014948
0 0.889174 0.260302 0.019849 0.019769
0 0.588701 0.443309 0.014480 0.015032
0 0.376091 0.228080 0.019221 0.018985
0 0.474121 0.371905 0.014237 0.014354
0 0.773534 0.887374 0.014981 0.014971
0 0.799368 0.601179 0.014666 0.014709
0 0.045684 0.326441 0.018101 0.018456
0 0.829658 0.104504 0.016279 0.016462
0 0.916753 0.006005 0.016388 0.011992
0 0.670479 0.192129 0.019836 0.019591
0 0.253435 0.511991 0.015924 0.015692
0 0.524849 0.019208 0.020291 0.019837
0 0.697187 0.884847 0.014840 0.014625
0 0.003154 0.288291 0.006216 0.015464
0 0.496882 0.226564 0.015243 0.015212
0 0.254374 0.650004 0.015220 0.014504
0 0.296102 0.405311 0.015604 0.015537
0 0.475893 0.370902 0.015148 0.014648
0 0.114702 0.001602 0.013035 0.003205
0 0.199883 0.250682 0.017537 0.017217
