0 0.605145 0.862035 0.014032 0.014011
0 0.048921 0.704859 0.012872 0.012505
0 0.749710 0.617662 0.013549 0.013387
0 0.781538 0.889164 0.013487 0.013349
0 0.171872 0.465432 0.012711 0.012635
0 0.120395 0.133424 0.012871 0.012904
0 0.302282 0.261505 0.013072 0.013092
0 0.852680 0.748972 0.012576 0.012400
0 0.424094 0.176404 0.012709 0.012731
0 0.091943 0.318162 0.011652 0.011561
0 0.965082 0.867239 0.012815 0.012858
0 0.804791 0.934282 0.012672 0.012661
0 0.674353 0.905888 0.013770 0.013660
0 0.165085 0.360865 0.013591 0.013455
0 0.830031 0.624205 0.013716 0.013665
0 0.885646 0.954808 0.012996 0.012754
0 0.291221 0.810865 0.013090 0.013027
0 0.964949 0.563192 0.013064 0.012868
0 0.943114 0.600472 0.012335 0.012259
0 0.777860 0.680549 0.014532 0.014344
0 0.418721 0.146370 0.011984 0.011977
0 0.564309 0.574020 0.013575 0.013519
0 0.083380 0.619685 0.011301 0.011466
0 0.513702 0.335385 0.013986 0.013993
0 0.935549 0.489793 0.013288 0.013349
0 0.175373 0.575171 0.010956 0.010911
0 0.040287 0.516213 0.012155 0.012125
0 0.404468 0.763581 0.013327 0.013172
0 0.069946 0.597359 0.011444 0.011471
0 0.498741 0.165980 0.011870 0.011678
0 0.836345 0.585328 0.013031 0.013004
0 0.505105 0.038066 0.011255 0.011319
0 0.254964 0.218876 0.013966 0.013986
0 0.646002 0.797349 0.011758 0.011644
0 0.833829 0.803698 0.012333 0.012668
0 0.822840 0.265358 0.012224 0.012131
0 0.548932 0.782006 0.012763 0.012718
0 0.821199 0.560536 0.012547 0.012435
0 0.058827 0.143190 0.010726 0.010438
0 0.040792 0.293933 0.011421 0.011530
0 0.557622 0.680090 0.012651 0.012455
0 0.641215 0.036632 0.013461 0.013602
0 0.674864 0.682509 0.013166 0.013103
0 0.988118 0.647230 0.012987 0.012836
0 0.187779 0.649091 0.012697 0.012484
0 0.811004 0.473433 0.011823 0.011722
0 0.443034 0.427004 0.012222 0.012107
0 0.622326 0.575949 0.014413 0.014162
0 0.143406 0.310297 0.012544 0.012573
0 0.328489 0.287017 0.011617 0.011799
0 0.112027 0.461426 0.011718 0.011743
0 0.414926 0.212912 0.012447 0.012700
0 0.283821 0.104693 0.012822 0.012555
0 0.369846 0.249581 0.011524 0.011573
0 0.177435 0.974331 0.012088 0.012214
0 0.334613 0.817438 0.011837 0.011900
0 0.088985 0.166326 0.011856 0.011803
0 0.223076 0.469068 0.012378 0.012419
0 0.412269 0.055128 0.012520 0.012430
0 0.362150 0.510622 0.014280 0.014129
0 0.184462 0.890661 0.012331 0.012316
0 0.729814 0.343613 0.012687 0.012589
0 0.649281 0.744823 0.011808 0.011887
0 0.438678 0.721693 0.012885 0.012757
0 0.991864 0.444436 0.014221 0.013895
0 0.457523 0.959629 0.012380 0.012223
0 0.466780 0.263889 0.012550 0.012588
0 0.117391 0.708401 0.011953 0.012039
0 0.433319 0.665782 0.012287 0.012072
0 0.718056 0.331097 0.012475 0.012208
0 0.628584 0.594815 0.011727 0.011364
0 0.281116 0.125857 0.012637 0.013009
0 0.407007 0.955215 0.012521 0.012497
0 0.884846 0.286513 0.012519 0.012593
0 0.474245 0.722019 0.011509 0.011459
0 0.937507 0.985127 0.012125 0.011942
0 0.852992 0.108225 0.013755 0.013876
0 0.200462 0.667461 0.012138 0.012313
0 0.887625 0.733979 0.012460 0.012439
0 0.717722 0.235510 0.012543 0.012450
0 0.109125 0.980553 0.013251 0.013317
0 0.617512 0.166206 0.012651 0.012445
0 0.058983 0.259279 0.012658 0.012535
0 0.249824 0.512203 0.012654 0.012742
0 0.453572 0.700691 0.012758 0.012837
0 0.494133 0.544740 0.013784 0.013782
0 0.192664 0.778042 0.012317 0.012228
0 0.815706 0.383334 0.013697 0.013481
0 0.871789 0.100068 0.012954 0.013281
0 0.002779 0.553774 0.005514 0.011304
0 0.789366 0.005273 0.012123 0.010546
0 0.968527 0.494926 0.012926 0.013106
0 0.175508 0.078590 0.011999 0.012235
0 0.227448 0.902844 0.013284 0.013279
0 0.353914 0.996887 0.011341 0.006217
0 0.317309 0.004576 0.012062 0.009152
0 0.368453 0.168510 0.012842 0.012642
0 0.322828 0.716655 0.011483 0.011646
0 0.027638 0.961202 0.012379 0.012482
0 0.981221 0.606840 0.010833 0.010744
0 0.702607 0.813194 0.020681 0.020765
0 0.849245 0.710946 0.022353 0.022317
0 0.541459 0.973806 0.011646 0.011605
0 0.339818 0.522650 0.015129 0.014878
0 0.698777 0.016447 0.013030 0.012821
0 0.546599 0.867358 0.012280 0.011901
0 0.708783 0.099327 0.010639 0.010181
0 0.827096 0.671405 0.011985 0.011669
0 0.669370 0.992516 0.012910 0.012812
0 0.913564 0.127241 0.013166 0.013249
0 0.214882 0.940257 0.011725 0.011716
0 0.442639 0.777032 0.012955 0.012868
0 0.715661 0.006362 0.010657 0.010809
0 0.001615 0.674454 0.003229 0.013416
0 0.994224 0.373585 0.011497 0.013603
0 0.440024 0.146713 0.011813 0.011734
0 0.993225 0.371903 0.011754 0.012980
0 0.526327 0.347369 0.013184 0.013197
0 0.979817 0.399445 0.011988 0.011753
0 0.227054 0.650815 0.012053 0.011736
0 0.768994 0.054937 0.010067 0.010209
