0 0.943378 0.078126 0.012199 0.012224
0 0.099560 0.082715 0.012160 0.012058
0 0.305790 0.203485 0.012818 0.012651
0 0.105651 0.027790 0.011981 0.011925
0 0.449459 0.023655 0.012631 0.012453
0 0.366632 0.452131 0.013518 0.013499
0 0.105976 0.554510 0.012358 0.012294
0 0.668339 0.302244 0.012318 0.012163
0 0.560275 0.063490 0.013430 0.013524
0 0.859046 0.635115 0.013485 0.013362
0 0.661110 0.432874 0.013139 0.013266
0 0.822793 0.455022 0.012897 0.012744
0 0.013205 0.181678 0.011371 0.011533
0 0.267103 0.755927 0.012943 0.012926
0 0.889327 0.471004 0.013245 0.013164
0 0.159476 0.376590 0.013006 0.012989
0 0.547356 0.352408 0.012844 0.012991
0 0.279058 0.436214 0.011993 0.011861
0 0.457240 0.345362 0.013980 0.013818
0 0.073529 0.845399 0.012579 0.012619
0 0.874959 0.446278 0.011456 0.011078
0 0.095387 0.696779 0.013213 0.013082
0 0.400280 0.236166 0.012859 0.012865
0 0.512768 0.287126 0.012998 0.013185
0 0.528444 0.046308 0.012318 0.012228
0 0.572191 0.111167 0.012756 0.012642
0 0.812148 0.311325 0.012608 0.012686
0 0.032512 0.420467 0.012108 0.012176
0 0.133671 0.473330 0.012999 0.012969
0 0.191749 0.493181 0.011768 0.011779
0 0.314483 0.326832 0.012116 0.012087
0 0.169802 0.796617 0.012910 0.012734
0 0.956072 0.509929 0.015829 0.015254
0 0.087925 0.675200 0.013051 0.013269
0 0.848731 0.374251 0.013963 0.013964
0 0.518009 0.478849 0.012915 0.012834
0 0.729727 0.645837 0.012541 0.012581
0 0.608390 0.475642 0.012340 0.012031
0 0.785212 0.059543 0.013530 0.013639
0 0.945490 0.382569 0.014413 0.014359
0 0.655952 0.496234 0.012664 0.012704
0 0.515008 0.012954 0.012330 0.012294
0 0.186671 0.847358 0.012062 0.012017
0 0.632124 0.674017 0.013017 0.012975
0 0.577725 0.469834 0.012502 0.012305
0 0.687050 0.609455 0.011808 0.011560
0 0.262306 0.498595 0.012388 0.012491
0 0.018095 0.326681 0.011772 0.011515
0 0.435699 0.502903 0.012456 0.012463
0 0.780239 0.523577 0.012661 0.013005
0 0.044570 0.588236 0.013561 0.013250
0 0.076796 0.966624 0.013754 0.013774
0 0.122662 0.122242 0.012068 0.011865
0 0.709017 0.322148 0.011647 0.011729
0 0.557397 0.439074 0.013629 0.013492
0 0.055669 0.034065 0.012436 0.012607
0 0.603875 0.041594 0.014538 0.014588
0 0.599003 0.506477 0.012868 0.013111
0 0.995178 0.454677 0.009620 0.014044
0 0.812104 0.234205 0.013937 0.013889
0 0.343901 0.429098 0.013236 0.013096
0 0.523624 0.183519 0.011686 0.011998
0 0.554889 0.853411 0.012098 0.012141
0 0.133501 0.219583 0.012987 0.013151
0 0.142345 0.725216 0.014083 0.013976
0 0.152869 0.573726 0.013990 0.014036
0 0.568175 0.577021 0.011923 0.011597
0 0.626992 0.856480 0.012758 0.012695
0 0.461420 0.217506 0.014860 0.014914
0 0.780616 0.728634 0.012727 0.012546
0 0.242056 0.793010 0.012800 0.012764
0 0.010609 0.797929 0.014218 0.014345
0 0.711010 0.383135 0.013085 0.013013
0 0.823197 0.599817 0.013299 0.013387
0 0.822258 0.519124 0.015254 0.015212
0 0.812082 0.653066 0.013728 0.013750
0 0.739415 0.852683 0.012199 0.012280
0 0.199239 0.138866 0.012296 0.012035
0 0.256807 0.906064 0.013001 0.012988
0 0.824876 0.771955 0.011835 0.012021
0 0.481450 0.628226 0.012457 0.011876
0 0.898092 0.777540 0.010733 0.010663
0 0.225224 0.723903 0.012200 0.011878
0 0.690836 0.745617 0.011426 0.011298
0 0.845159 0.501597 0.013383 0.013041
0 0.388908 0.626547 0.012159 0.012298
0 0.625939 0.153020 0.011820 0.011722
0 0.458881 0.966465 0.010855 0.011061
0 0.824234 0.975748 0.011112 0.010882
0 0.533965 0.798903 0.012860 0.012615
0 0.750956 0.078868 0.012454 0.011699
0 0.896411 0.827576 0.009897 0.009830
0 0.796696 0.952029 0.012759 0.012663
0 0.790343 0.752297 0.012457 0.012811
0 0.384521 0.965281 0.010686 0.010882
0 0.490315 0.886035 0.012714 0.012721
0 0.007694 0.398395 0.013953 0.014024
0 0.799197 0.554869 0.012064 0.012232
0 0.794680 0.975503 0.011124 0.011449
0 0.663764 0.956132 0.012376 0.012624
0 0.837638 0.915301 0.012671 0.012731
0 0.142654 0.962913 0.012611 0.012647
0 0.661924 0.888798 0.011770 0.011586
0 0.650379 0.381229 0.012143 0.011763
0 0.537505 0.012042 0.013314 0.013423
0 0.003007 0.955533 0.006012 0.009662
0 0.998342 0.218358 0.003283 0.016268
