0 0.169696 0.731040 0.016239 0.016080
0 0.450427 0.240203 0.015946 0.015700
0 0.443089 0.063288 0.014370 0.014318
0 0.110173 0.643679 0.013957 0.013973
0 0.877344 0.356413 0.013916 0.013924
0 0.710588 0.419237 0.014755 0.014673
0 0.523973 0.569733 0.014258 0.014266
0 0.438592 0.688460 0.017818 0.017849
0 0.824470 0.903565 0.014704 0.014560
0 0.104125 0.461884 0.014498 0.014390
0 0.840645 0.161502 0.014712 0.014660
0 0.300784 0.021501 0.013977 0.014078
0 0.149746 0.860198 0.013200 0.013319
0 0.555675 0.458993 0.014802 0.014690
0 0.077089 0.298176 0.015034 0.014778
0 0.309429 0.623436 0.014680 0.014620
0 0.404978 0.147477 0.014595 0.014569
0 0.650272 0.813469 0.015493 0.015471
0 0.662179 0.418451 0.014314 0.014204
0 0.427441 0.595206 0.014562 0.014461
0 0.075868 0.167267 0.014904 0.015026
0 0.891503 0.390291 0.013857 0.013723
0 0.329057 0.874042 0.014486 0.014434
0 0.277692 0.872197 0.014219 0.014030
0 0.394724 0.874322 0.014333 0.014189
0 0.680602 0.514014 0.014511 0.014354
0 0.214286 0.761144 0.013097 0.012988
0 0.903481 0.189131 0.014217 0.014177
0 0.382324 0.815238 0.014810 0.014783
0 0.196040 0.701291 0.013258 0.013165
0 0.252319 0.449826 0.014861 0.015040
0 0.024543 0.621859 0.014968 0.015048
0 0.036391 0.809427 0.014391 0.014154
0 0.591208 0.329666 0.014512 0.014556
0 0.765453 0.529829 0.015420 0.015473
0 0.830556 0.473593 0.014585 0.014401
0 0.486511 0.177040 0.013915 0.014118
0 0.971897 0.638751 0.015435 0.015379
0 0.907559 0.546185 0.013921 0.013974
0 0.716070 0.178492 0.015166 0.014959
0 0.216994 0.392683 0.015484 0.015662
0 0.736843 0.074638 0.014885 0.014701
0 0.488994 0.405225 0.014984 0.014955
0 0.061960 0.983513 0.014254 0.014179
0 0.496654 0.303398 0.014866 0.014888
0 0.620888 0.950654 0.014826 0.014982
0 0.488889 0.761029 0.014095 0.014209
0 0.426753 0.296343 0.017234 0.017228
0 0.059093 0.425892 0.013655 0.013745
0 0.880785 0.704516 0.015157 0.015018
0 0.698278 0.125005 0.014148 0.014212
0 0.913202 0.581748 0.014753 0.015004
0 0.759001 0.951510 0.014010 0.014072
0 0.255303 0.730264 0.015675 0.015732
0 0.377777 0.161639 0.014675 0.014301
0 0.580784 0.193631 0.015111 0.015147
0 0.368596 0.708922 0.014516 0.014633
0 0.202089 0.835420 0.014388 0.014289
0 0.790738 0.511564 0.015956 0.015831
0 0.920823 0.355891 0.015166 0.015356
0 0.187063 0.479416 0.015359 0.015327
0 0.826528 0.359928 0.013677 0.013733
0 0.625961 0.133432 0.013727 0.013816
0 0.856325 0.228966 0.015658 0.015753
0 0.739505 0.619375 0.015821 0.015737
0 0.986044 0.403835 0.013969 0.013708
0 0.196069 0.520884 0.014720 0.014750
0 0.358284 0.917018 0.015380 0.015455
0 0.678254 0.453709 0.013873 0.013997
0 0.533123 0.640175 0.022885 0.022670
0 0.063922 0.364509 0.014665 0.014814
0 0.155406 0.027603 0.015009 0.014995
0 0.087488 0.916096 0.014554 0.014491
0 0.786582 0.287731 0.014973 0.014787
0 0.657604 0.594379 0.014776 0.015518
0 0.919011 0.898076 0.015237 0.015255
0 0.212099 0.305178 0.015001 0.014971
0 0.887922 0.960569 0.014008 0.014038
0 0.148392 0.658656 0.014461 0.014274
0 0.202237 0.552530 0.016015 0.015938
0 0.347913 0.300155 0.022755 0.022631
0 0.921309 0.246724 0.013660 0.013768
0 0.681803 0.287424 0.014492 0.014405
0 0.240027 0.685268 0.015168 0.015037
0 0.350346 0.497578 0.015300 0.015247
0 0.313491 0.644728 0.013965 0.013737
0 0.257616 0.219746 0.014947 0.014834
0 0.943947 0.035348 0.014255 0.014280
0 0.466345 0.418490 0.014329 0.014168
0 0.020743 0.464335 0.015255 0.015114
0 0.675428 0.818773 0.014265 0.014276
0 0.641543 0.111204 0.016383 0.016078
0 0.163776 0.834355 0.014961 0.014775
0 0.849611 0.721532 0.023084 0.023076
0 0.819840 0.733278 0.014515 0.014705
0 0.241589 0.523760 0.016284 0.016381
0 0.822865 0.521977 0.016255 0.016000
0 0.985410 0.505181 0.016433 0.016419
0 0.302629 0.339840 0.015737 0.015843
0 0.409966 0.652302 0.014714 0.014768
0 0.788450 0.558385 0.014373 0.014606
0 0.562452 0.507340 0.013528 0.014128
0 0.357724 0.151662 0.017480 0.017444
0 0.025790 0.007731 0.014634 0.014695
0 0.323852 0.974597 0.014729 0.014866
0 0.378064 0.229846 0.020075 0.020072
0 0.535903 0.487628 0.014641 0.014476
0 0.542585 0.186320 0.014163 0.014243
0 0.859894 0.197459 0.014618 0.014555
0 0.921980 0.147507 0.020853 0.020463
0 0.279984 0.811653 0.015125 0.015078
0 0.848177 0.630691 0.014565 0.014467
0 0.255304 0.540327 0.014464 0.014311
0 0.707309 0.267410 0.015190 0.015125
0 0.910538 0.992653 0.017334 0.014695
0 0.823947 0.316196 0.017297 0.017264
0 0.067735 0.576558 0.021287 0.021177
0 0.513763 0.112241 0.015536 0.015839
0 0.156765 0.324219 0.016440 0.015983
0 0.524422 0.019255 0.018210 0.017789
0 0.684289 0.977738 0.015145 0.015105
0 0.740611 0.340858 0.014049 0.013899
0 0.567743 0.419493 0.013076 0.013216
0 0.803080 0.654366 0.014196 0.014368
0 0.573582 0.399823 0.014437 0.014251
0 0.375180 0.365759 0.015238 0.015386
0 0.174127 0.259497 0.016225 0.016187
0 0.137911 0.219638 0.016692 0.016379
0 0.289992 0.455500 0.014815 0.014498
0 0.021435 0.919041 0.013348 0.013720
0 0.189531 0.297191 0.015108 0.015070
0 0.004428 0.062237 0.008831 0.016316
0 0.373989 0.383066 0.014519 0.014438
0 0.909296 0.414816 0.014147 0.013855
0 0.884017 0.044531 0.013944 0.014619
0 0.701410 0.823862 0.020930 0.020570
0 0.375782 0.739055 0.018700 0.018131
0 0.832025 0.823934 0.014372 0.014677
0 0.158323 0.174538 0.015280 0.015083
0 0.688432 0.543624 0.014879 0.014691
0 0.896436 0.438883 0.010909 0.010817
0 0.638157 0.088688 0.018790 0.018791
0 0.671728 0.192332 0.020300 0.020169
0 0.886126 0.046824 0.013055 0.013376
0 0.228101 0.284948 0.015217 0.015149
0 0.997272 0.212892 0.005431 0.013729
0 0.264564 0.246134 0.016914 0.016920
0 0.954013 0.950471 0.015704 0.015478
0 0.540780 0.738279 0.021843 0.021974
0 0.451047 0.217355 0.020407 0.020654
0 0.486468 0.351166 0.014099 0.014718
0 0.007854 0.607486 0.012404 0.011782
0 0.001855 0.228386 0.003633 0.014512
0 0.746847 0.714490 0.015966 0.015812
0 0.286890 0.435073 0.015914 0.015851
0 0.003521 0.099845 0.007041 0.015010
0 0.501931 0.520731 0.013799 0.014130
0 0.822293 0.314585 0.017258 0.017199
0 0.642174 0.571878 0.015712 0.016012
