0 0.932272 0.373406 0.013246 0.013206
0 0.812234 0.193864 0.012954 0.012797
0 0.165596 0.199416 0.013237 0.013213
0 0.766606 0.236004 0.012957 0.012954
0 0.774396 0.053679 0.012908 0.012721
0 0.691533 0.283688 0.013187 0.013001
0 0.665333 0.395153 0.013030 0.012878
0 0.931817 0.044445 0.011744 0.011819
0 0.048245 0.810481 0.013021 0.012886
0 0.279244 0.436600 0.012009 0.011792
0 0.785532 0.100174 0.013534 0.013653
0 0.030534 0.602272 0.013853 0.013844
0 0.755877 0.589182 0.011932 0.011788
0 0.936183 0.698160 0.012873 0.012817
0 0.659080 0.094447 0.012206 0.012097
0 0.438252 0.126587 0.012964 0.012829
0 0.579056 0.205838 0.012724 0.012732
0 0.471840 0.574013 0.012926 0.012896
0 0.366165 0.390723 0.012757 0.012675
0 0.902830 0.541869 0.013197 0.013276
0 0.530066 0.355201 0.012559 0.012384
0 0.604159 0.203485 0.011415 0.011253
0 0.657800 0.676196 0.013821 0.013796
0 0.531290 0.582015 0.012276 0.012455
0 0.718828 0.595318 0.012487 0.012330
0 0.157652 0.747679 0.013023 0.012814
0 0.733227 0.621754 0.014092 0.014136
0 0.871410 0.352176 0.013071 0.012879
0 0.953425 0.623431 0.011308 0.011498
0 0.316305 0.249653 0.012092 0.011938
0 0.889433 0.389285 0.013973 0.013938
0 0.128528 0.199427 0.012443 0.012404
0 0.420857 0.479910 0.013442 0.013526
0 0.848199 0.501727 0.013043 0.013350
0 0.012090 0.667239 0.012621 0.012578
0 0.412508 0.388966 0.012272 0.012356
0 0.473805 0.438803 0.012796 0.012896
0 0.645484 0.570037 0.012261 0.012149
0 0.742844 0.362193 0.012678 0.012632
0 0.939222 0.290038 0.013975 0.013895
0 0.889259 0.588770 0.011995 0.012088
0 0.873243 0.221848 0.012584 0.012559
0 0.236933 0.188754 0.012833 0.012846
0 0.119237 0.018367 0.012554 0.012575
0 0.099779 0.817146 0.013378 0.013535
0 0.600902 0.870681 0.012603 0.012679
0 0.057691 0.355229 0.012735 0.012589
0 0.687918 0.433080 0.011551 0.011446
0 0.451262 0.023877 0.014083 0.014021
0 0.228912 0.014729 0.013236 0.012988
0 0.884019 0.120026 0.009478 0.009357
0 0.459798 0.634266 0.011983 0.011810
0 0.464947 0.512012 0.012420 0.012123
0 0.177101 0.861336 0.012739 0.012717
0 0.457808 0.279796 0.011800 0.011744
0 0.081912 0.357606 0.012567 0.012510
0 0.350605 0.549933 0.013504 0.013613
0 0.452228 0.196356 0.014272 0.014132
0 0.869585 0.108218 0.012413 0.012004
0 0.408596 0.896806 0.012516 0.012707
0 0.803257 0.514619 0.012065 0.011984
0 0.957528 0.243503 0.013069 0.013000
0 0.113940 0.735269 0.011971 0.011960
0 0.270531 0.644120 0.011708 0.011518
0 0.217862 0.422909 0.012994 0.012842
0 0.382529 0.968424 0.012949 0.012964
0 0.507273 0.316850 0.011743 0.011766
0 0.034313 0.368151 0.014133 0.014056
0 0.988124 0.540440 0.012772 0.012522
0 0.267364 0.552556 0.011934 0.011620
0 0.053984 0.044176 0.011726 0.011975
0 0.930320 0.817358 0.013206 0.013175
0 0.272438 0.944027 0.010810 0.010639
0 0.698201 0.697725 0.013313 0.013236
0 0.768371 0.533088 0.013087 0.012715
0 0.618990 0.154979 0.012358 0.012395
0 0.605698 0.753158 0.011243 0.011789
0 0.751415 0.435928 0.012024 0.012053
0 0.180882 0.615650 0.012588 0.012582
0 0.139006 0.961036 0.011602 0.011602
0 0.380905 0.292845 0.014150 0.013969
0 0.932700 0.847534 0.012966 0.012839
0 0.046394 0.903211 0.012344 0.012176
0 0.114277 0.896041 0.012221 0.012317
0 0.455795 0.951100 0.013555 0.013794
0 0.959360 0.444068 0.013053 0.013046
0 0.868654 0.570460 0.011042 0.011147
0 0.905819 0.075483 0.012038 0.011740
0 0.368251 0.861041 0.013313 0.013335
0 0.699745 0.995166 0.014006 0.009615
0 0.746766 0.865399 0.012098 0.012133
0 0.968020 0.608985 0.010832 0.010814
0 0.888221 0.690087 0.011042 0.011093
0 0.936111 0.011482 0.011310 0.011481
0 0.534587 0.629429 0.023147 0.023460
0 0.808507 0.795155 0.011051 0.011108
0 0.442093 0.692721 0.011298 0.011299
0 0.850104 0.544247 0.011002 0.010793
0 0.984022 0.513252 0.014197 0.013499
0 0.277952 0.665756 0.012702 0.012554
0 0.281167 0.549719 0.012381 0.012157
0 0.257150 0.826011 0.012357 0.012547
0 0.587516 0.979029 0.013256 0.013606
0 0.104747 0.780348 0.010483 0.010267
0 0.866844 0.525427 0.009221 0.008614
0 0.349964 0.290652 0.024250 0.024624
0 0.143240 0.994813 0.012462 0.010353
0 0.724838 0.884173 0.013100 0.013241
0 0.087928 0.926484 0.011751 0.011632
0 0.962240 0.030274 0.010877 0.010897
0 0.706375 0.788183 0.011956 0.011820
0 0.537742 0.561109 0.014256 0.013983
0 0.096584 0.340958 0.012310 0.011528
0 0.955940 0.352956 0.012921 0.012673
0 0.845177 0.555707 0.011816 0.011757
0 0.651271 0.473752 0.011137 0.010465
0 0.804410 0.540044 0.010797 0.010793
0 0.528628 0.473952 0.011867 0.011505
0 0.948509 0.677411 0.013883 0.013594
0 0.978825 0.046657 0.010671 0.010401
0 0.879083 0.977563 0.013669 0.013736
0 0.901778 0.998151 0.012119 0.003654
0 0.911715 0.925445 0.011752 0.011653
0 0.968667 0.355234 0.011374 0.011873
0 0.401075 0.786602 0.013045 0.013250
0 0.900333 0.997814 0.012044 0.004360
0 0.977631 0.969823 0.013062 0.012841
