0 0.641709 0.876507 0.017642 0.017490
0 0.515736 0.375008 0.014789 0.014512
0 0.258392 0.570524 0.015738 0.015700
0 0.280613 0.433275 0.015309 0.015187
0 0.455427 0.584760 0.013431 0.013234
0 0.954765 0.405588 0.013112 0.013217
0 0.793144 0.556614 0.016581 0.016279
0 0.487614 0.578694 0.014408 0.014142
0 0.194216 0.025316 0.016195 0.016408
0 0.873346 0.290473 0.013968 0.013773
0 0.173614 0.082793 0.015151 0.015165
0 0.951092 0.939456 0.014971 0.014842
0 0.247671 0.278245 0.014037 0.013910
0 0.834669 0.817913 0.013812 0.013924
0 0.361310 0.394923 0.014812 0.014739
0 0.609406 0.395855 0.014203 0.014167
0 0.546326 0.545619 0.013981 0.014147
0 0.819752 0.890376 0.014338 0.014158
0 0.716160 0.293189 0.012399 0.012388
0 0.934540 0.736521 0.015307 0.015190
0 0.304477 0.215319 0.015304 0.015455
0 0.668939 0.530949 0.014919 0.014935
0 0.404951 0.088246 0.015454 0.015705
0 0.070441 0.218855 0.015184 0.015235
0 0.253909 0.027367 0.014936 0.015098
0 0.603694 0.465471 0.014294 0.014183
0 0.708089 0.512032 0.014133 0.013965
0 0.049969 0.082850 0.014376 0.014375
0 0.591638 0.426122 0.013552 0.013766
0 0.950620 0.854024 0.014537 0.014448
0 0.485425 0.893791 0.015013 0.015022
0 0.280597 0.351064 0.016119 0.015900
0 0.826637 0.326407 0.013472 0.013260
0 0.053513 0.478483 0.014255 0.014128
0 0.922425 0.461027 0.013986 0.013961
0 0.860465 0.674154 0.013534 0.013574
0 0.109880 0.276045 0.013434 0.013504
0 0.203643 0.614248 0.013568 0.013424
0 0.309876 0.735381 0.014462 0.014366
0 0.792492 0.326426 0.014473 0.014344
0 0.681844 0.271613 0.014185 0.014187
0 0.126302 0.573347 0.014095 0.014015
0 0.596036 0.656261 0.014821 0.014713
0 0.737259 0.483115 0.014050 0.014253
0 0.542329 0.114082 0.016451 0.016329
0 0.174707 0.490524 0.015045 0.015010
0 0.126182 0.858809 0.013808 0.013933
0 0.434621 0.690648 0.013844 0.013814
0 0.246056 0.227543 0.014591 0.014691
0 0.104641 0.433000 0.014052 0.013989
0 0.070168 0.036160 0.015030 0.015131
0 0.952633 0.020306 0.012515 0.012609
0 0.489792 0.215720 0.014664 0.014446
0 0.453715 0.174193 0.016232 0.016409
0 0.873013 0.407089 0.013731 0.013576
0 0.323099 0.340112 0.015601 0.015699
0 0.331616 0.940412 0.013813 0.013593
0 0.421245 0.760759 0.013654 0.013717
0 0.939709 0.660892 0.013443 0.013562
0 0.757787 0.548840 0.014397 0.014489
0 0.637581 0.967146 0.014489 0.014517
0 0.406655 0.346931 0.014882 0.014897
0 0.380739 0.015388 0.016341 0.016238
0 0.489882 0.172470 0.014079 0.014024
0 0.143103 0.415401 0.015007 0.015054
0 0.828498 0.964610 0.015450 0.015287
0 0.783546 0.081271 0.014300 0.014508
0 0.670198 0.096112 0.013896 0.013935
0 0.346437 0.297041 0.023095 0.022671
0 0.296589 0.815613 0.014216 0.014538
0 0.195420 0.721000 0.014149 0.014104
0 0.366914 0.313424 0.014646 0.014555
0 0.046075 0.277035 0.013894 0.013702
0 0.923643 0.233285 0.014378 0.014396
0 0.757372 0.496068 0.013478 0.013643
0 0.695506 0.059748 0.014883 0.014880
0 0.090891 0.744959 0.014988 0.015148
0 0.791990 0.954211 0.014642 0.014777
0 0.200086 0.865003 0.015102 0.014783
0 0.829132 0.151918 0.016386 0.016471
0 0.845148 0.168982 0.014711 0.014870
0 0.906971 0.981837 0.014702 0.015017
0 0.757193 0.674577 0.014921 0.015061
0 0.840514 0.569273 0.017476 0.017423
0 0.243295 0.790296 0.014573 0.014791
0 0.445756 0.678801 0.014645 0.014431
0 0.781335 0.455409 0.014689 0.014636
0 0.484540 0.613760 0.012708 0.013067
0 0.848019 0.720034 0.022899 0.022796
0 0.771767 0.836693 0.015233 0.014959
0 0.486441 0.738049 0.015536 0.015644
0 0.008181 0.892802 0.014679 0.014852
0 0.895782 0.246762 0.013379 0.013340
0 0.135286 0.053449 0.017292 0.016859
0 0.176355 0.536823 0.014983 0.015188
0 0.466678 0.376050 0.014841 0.015030
0 0.585072 0.223787 0.014592 0.014859
0 0.893336 0.571473 0.014468 0.014446
0 0.520553 0.209702 0.014029 0.013579
0 0.986909 0.506757 0.016839 0.016423
0 0.318901 0.475664 0.015855 0.016101
0 0.993500 0.852252 0.013000 0.014425
0 0.315111 0.285603 0.015225 0.015049
0 0.920959 0.145616 0.019862 0.019513
0 0.352318 0.596102 0.014057 0.014030
0 0.946628 0.640239 0.015243 0.015326
0 0.973404 0.097140 0.014707 0.014705
0 0.069472 0.917582 0.014931 0.014925
0 0.733988 0.993780 0.017723 0.012440
0 0.716150 0.390595 0.014666 0.014556
0 0.493357 0.003292 0.015700 0.006569
0 0.219970 0.525943 0.014842 0.014435
0 0.269344 0.752305 0.014720 0.014785
0 0.418850 0.361401 0.014088 0.014091
0 0.825461 0.116209 0.015177 0.015208
0 0.661579 0.049928 0.013648 0.013683
0 0.635050 0.084641 0.021002 0.021075
0 0.666398 0.180736 0.015316 0.015252
0 0.579539 0.185122 0.014127 0.014542
0 0.631061 0.694898 0.014446 0.014539
0 0.745981 0.218237 0.015149 0.015407
0 0.870745 0.610636 0.015062 0.014918
0 0.561872 0.090964 0.013404 0.013353
0 0.012323 0.333577 0.014326 0.015224
0 0.048069 0.835938 0.013353 0.013389
0 0.958168 0.877962 0.014354 0.014075
0 0.615946 0.156663 0.014522 0.015318
0 0.531691 0.637743 0.024009 0.024118
0 0.239319 0.604764 0.013723 0.013743
0 0.375633 0.228950 0.020710 0.021045
0 0.985636 0.598558 0.015265 0.015281
0 0.625202 0.060881 0.014955 0.014916
0 0.791889 0.890854 0.014806 0.014702
0 0.715709 0.419174 0.011319 0.010860
0 0.374775 0.275167 0.017114 0.017505
0 0.091860 0.910409 0.015235 0.015261
0 0.120535 0.906991 0.015221 0.015216
0 0.983201 0.597937 0.015196 0.015179
0 0.510527 0.472770 0.019072 0.018956
0 0.522249 0.018449 0.017217 0.016867
0 0.997777 0.126360 0.004429 0.015643
0 0.064838 0.575402 0.022711 0.022285
0 0.012031 0.910919 0.013974 0.013605
0 0.477298 0.665320 0.014193 0.013902
0 0.784729 0.732559 0.023261 0.022986
0 0.701656 0.822976 0.022566 0.022211
