0 0.938034 0.567391 0.013463 0.013339
0 0.553817 0.352202 0.013533 0.013468
0 0.406648 0.030977 0.013407 0.013303
0 0.432111 0.615195 0.012500 0.012277
0 0.879581 0.483195 0.013524 0.013529
0 0.750497 0.495768 0.013397 0.013259
0 0.915247 0.629688 0.011683 0.011609
0 0.791838 0.127623 0.013439 0.013231
0 0.841065 0.752694 0.013213 0.013129
0 0.889674 0.406367 0.012151 0.012119
0 0.687497 0.630410 0.012849 0.012857
0 0.060645 0.470530 0.012851 0.012684
0 0.276957 0.138779 0.012739 0.012608
0 0.748094 0.618602 0.013342 0.013227
0 0.734960 0.535783 0.012756 0.012792
0 0.491688 0.111679 0.012711 0.012837
0 0.532744 0.216446 0.012758 0.012769
0 0.788949 0.772838 0.014080 0.014101
0 0.471537 0.239490 0.012118 0.012112
0 0.766394 0.050496 0.013599 0.013586
0 0.926221 0.390031 0.011943 0.011698
0 0.522777 0.490551 0.013648 0.013319
0 0.512047 0.070463 0.012094 0.012110
0 0.142696 0.486290 0.013026 0.012849
0 0.499530 0.260539 0.013540 0.013604
0 0.234202 0.310146 0.014101 0.013883
0 0.459809 0.440746 0.012321 0.012381
0 0.303261 0.754080 0.012312 0.012273
0 0.192801 0.088915 0.012122 0.011915
0 0.525097 0.348996 0.012732 0.012596
0 0.493121 0.644615 0.011930 0.011922
0 0.083519 0.346827 0.013979 0.013862
0 0.308224 0.114489 0.014278 0.013981
0 0.251091 0.106168 0.013954 0.013942
0 0.968196 0.410026 0.012387 0.012572
0 0.665615 0.727146 0.013400 0.013327
0 0.638248 0.967314 0.012755 0.012578
0 0.750511 0.347865 0.014025 0.014031
0 0.209000 0.087701 0.012295 0.012296
0 0.298984 0.415875 0.013585 0.013564
0 0.236791 0.181134 0.012156 0.011857
0 0.872593 0.175450 0.013613 0.013612
0 0.726272 0.338682 0.013120 0.013218
0 0.452577 0.107093 0.014306 0.013838
0 0.271816 0.060750 0.013060 0.012862
0 0.178032 0.166386 0.013835 0.013813
0 0.458107 0.017731 0.012364 0.012198
0 0.102234 0.197852 0.012425 0.012326
0 0.451807 0.356516 0.013398 0.013348
0 0.657295 0.825800 0.013351 0.013603
0 0.348883 0.193070 0.013656 0.013549
0 0.653323 0.240997 0.013604 0.013454
0 0.594759 0.281637 0.012647 0.012770
0 0.457920 0.959598 0.012892 0.012968
0 0.441778 0.060009 0.012205 0.012049
0 0.299508 0.139353 0.013112 0.013015
0 0.050333 0.351729 0.012801 0.012505
0 0.309927 0.339197 0.013471 0.013373
0 0.108240 0.980470 0.013386 0.013483
0 0.601431 0.788314 0.009977 0.009871
0 0.882227 0.328515 0.011156 0.011037
0 0.726580 0.129136 0.013746 0.013342
0 0.223081 0.469106 0.012943 0.012956
0 0.890769 0.041095 0.011499 0.011456
0 0.736803 0.064203 0.012256 0.012311
0 0.416039 0.468572 0.012628 0.013015
0 0.014714 0.721968 0.013318 0.013298
0 0.538809 0.877064 0.012892 0.012758
0 0.584554 0.008192 0.014066 0.013900
0 0.988387 0.403996 0.013478 0.013342
0 0.005585 0.373477 0.011100 0.014116
0 0.332221 0.518814 0.012743 0.012537
0 0.791915 0.935929 0.013989 0.014032
0 0.731826 0.033282 0.011290 0.011303
0 0.491784 0.014244 0.013341 0.013412
0 0.495121 0.543104 0.014428 0.014639
0 0.040303 0.764779 0.013336 0.013531
0 0.335785 0.568369 0.011747 0.011324
0 0.129284 0.584013 0.011739 0.011767
0 0.266556 0.719039 0.012685 0.012549
0 0.402013 0.684824 0.012625 0.012351
0 0.184743 0.891948 0.013110 0.013129
0 0.162353 0.273463 0.011995 0.011976
0 0.208071 0.995961 0.013628 0.008053
0 0.543040 0.975424 0.012852 0.012600
0 0.203235 0.813996 0.013277 0.013368
0 0.114710 0.545594 0.011297 0.011401
0 0.343613 0.312841 0.012613 0.012878
0 0.494176 0.895100 0.011356 0.011382
0 0.103274 0.137059 0.012873 0.013041
0 0.490995 0.461437 0.011306 0.011112
0 0.458936 0.793168 0.011611 0.011487
0 0.225497 0.653685 0.013342 0.013065
0 0.182232 0.030598 0.012537 0.012758
0 0.446050 0.549383 0.012955 0.012759
0 0.286301 0.716843 0.011841 0.011557
0 0.455719 0.483609 0.010280 0.010380
0 0.175077 0.741142 0.013184 0.012958
0 0.496010 0.992663 0.009027 0.009143
0 0.825708 0.049559 0.012272 0.012515
0 0.003233 0.821709 0.006406 0.014114
0 0.532568 0.633470 0.016009 0.015788
0 0.398733 0.979682 0.012239 0.012440
0 0.039888 0.842578 0.013565 0.013364
0 0.848295 0.710888 0.022515 0.022113
0 0.435522 0.555852 0.011980 0.012139
0 0.333483 0.710469 0.010843 0.010870
0 0.305751 0.993154 0.012933 0.012449
0 0.243983 0.233853 0.011619 0.011683
0 0.068339 0.567759 0.018908 0.019034
0 0.601158 0.510650 0.011350 0.011518
