0 0.212378 0.153528 0.012619 0.012574
0 0.542607 0.043304 0.012719 0.012685
0 0.056517 0.161225 0.013278 0.013110
0 0.972724 0.450130 0.012471 0.012370
0 0.686854 0.463242 0.013139 0.012973
0 0.483119 0.386023 0.013069 0.013055
0 0.145469 0.304235 0.012073 0.012114
0 0.524454 0.347683 0.013454 0.013406
0 0.433473 0.525483 0.013462 0.013631
0 0.749848 0.616432 0.013049 0.012822
0 0.027924 0.367487 0.012194 0.011880
0 0.078394 0.333142 0.011742 0.011612
0 0.543462 0.805236 0.013787 0.013840
0 0.208156 0.507760 0.012005 0.011853
0 0.455590 0.585141 0.013582 0.013403
0 0.770133 0.308479 0.011965 0.011802
0 0.472183 0.201776 0.013525 0.013973
0 0.268816 0.224715 0.014001 0.013939
0 0.910943 0.580927 0.012004 0.012020
0 0.725565 0.236136 0.013297 0.013264
0 0.321949 0.164122 0.013634 0.013667
0 0.495518 0.718874 0.012954 0.012858
0 0.078048 0.529413 0.012885 0.012960
0 0.784610 0.874914 0.013217 0.013409
0 0.428524 0.724862 0.013722 0.013780
0 0.635740 0.321739 0.013113 0.013054
0 0.188863 0.470228 0.012170 0.011894
0 0.605377 0.070930 0.011927 0.011745
0 0.190214 0.379522 0.011273 0.011093
0 0.460708 0.959343 0.013723 0.013599
0 0.251120 0.549623 0.010419 0.010225
0 0.600259 0.222271 0.012953 0.012761
0 0.829319 0.478841 0.012212 0.011851
0 0.578254 0.267812 0.012274 0.012024
0 0.356063 0.487500 0.011091 0.011312
0 0.338883 0.565167 0.013093 0.013033
0 0.878694 0.471256 0.012120 0.012102
0 0.433935 0.316260 0.012303 0.012460
0 0.448433 0.758397 0.012956 0.012820
0 0.698909 0.935334 0.013651 0.013526
0 0.791571 0.638365 0.012191 0.012019
0 0.544627 0.973835 0.013982 0.013704
0 0.546185 0.910474 0.013261 0.013182
0 0.156948 0.667561 0.013130 0.013168
0 0.567866 0.079423 0.010953 0.010865
0 0.139313 0.080394 0.013146 0.013276
0 0.473916 0.132713 0.012818 0.012844
0 0.588892 0.694789 0.012778 0.012699
0 0.901614 0.443126 0.012602 0.012831
0 0.021116 0.458231 0.011725 0.011576
0 0.279889 0.025049 0.011468 0.011560
0 0.118340 0.679005 0.010738 0.010833
0 0.181353 0.599602 0.012502 0.012826
0 0.995226 0.523794 0.009432 0.011920
0 0.100147 0.654675 0.013008 0.012785
0 0.579651 0.685975 0.009130 0.009345
0 0.435940 0.036907 0.011222 0.011264
0 0.075324 0.062862 0.012498 0.012051
0 0.110190 0.980088 0.013688 0.013711
0 0.332258 0.517919 0.012049 0.011770
0 0.880008 0.354136 0.013606 0.013263
0 0.822634 0.672427 0.011977 0.011745
0 0.226498 0.650237 0.012356 0.011987
0 0.690885 0.329195 0.011387 0.011408
0 0.106948 0.840214 0.013085 0.012990
0 0.210816 0.667991 0.010985 0.010887
0 0.790789 0.057014 0.011673 0.011564
0 0.241366 0.491707 0.012403 0.012317
0 0.787415 0.183016 0.012155 0.012111
0 0.780808 0.068066 0.013506 0.013177
0 0.599897 0.552419 0.014343 0.014392
0 0.563238 0.994751 0.013597 0.010498
0 0.664970 0.113816 0.010863 0.010993
0 0.088935 0.506841 0.013292 0.013434
0 0.372252 0.807824 0.010516 0.010486
0 0.467323 0.007358 0.012119 0.011704
0 0.787976 0.004704 0.011975 0.009407
0 0.473260 0.114107 0.011547 0.012031
0 0.274146 0.936914 0.012700 0.012619
0 0.578063 0.253708 0.010768 0.010598
0 0.620722 0.007281 0.011412 0.011581
0 0.022320 0.883504 0.012036 0.012046
0 0.186228 0.891043 0.012944 0.012992
0 0.382702 0.742538 0.012352 0.012255
0 0.222567 0.467726 0.013023 0.013215
0 0.179358 0.978282 0.012549 0.012613
0 0.172590 0.860023 0.013171 0.013147
0 0.996994 0.274739 0.005942 0.010494
0 0.585595 0.691860 0.012112 0.013466
0 0.300814 0.784470 0.010932 0.010700
0 0.466693 0.082075 0.010492 0.010138
0 0.668729 0.186118 0.014892 0.014339
0 0.631702 0.998412 0.011089 0.003175
