0 0.033643 0.384574 0.012603 0.012504
0 0.111898 0.389312 0.012679 0.012517
0 0.967307 0.811486 0.012798 0.012677
0 0.831310 0.046441 0.012758 0.012614
0 0.899036 0.868088 0.012446 0.012313
0 0.771730 0.327327 0.012818 0.012682
0 0.278748 0.068732 0.011807 0.011562
0 0.105430 0.348517 0.014618 0.014345
0 0.065282 0.200595 0.012422 0.012373
0 0.278648 0.436470 0.011849 0.011718
0 0.688822 0.266186 0.012610 0.012397
0 0.195821 0.569125 0.012973 0.012741
0 0.363319 0.449048 0.012532 0.012428
0 0.939408 0.851370 0.013293 0.013405
0 0.338991 0.843884 0.013189 0.013291
0 0.185692 0.612855 0.011948 0.011915
0 0.608772 0.788956 0.013700 0.013599
0 0.074863 0.755444 0.013137 0.012927
0 0.903137 0.541203 0.013280 0.013134
0 0.730809 0.814046 0.012217 0.012081
0 0.788694 0.086245 0.012332 0.012272
0 0.289496 0.718883 0.013147 0.013041
0 0.240935 0.804232 0.011938 0.011869
0 0.923789 0.248870 0.012581 0.012381
0 0.961997 0.619027 0.011534 0.010995
0 0.331816 0.259120 0.012665 0.012723
0 0.566274 0.197465 0.013149 0.013038
0 0.305414 0.459650 0.012781 0.012709
0 0.900303 0.923279 0.012314 0.012323
0 0.286740 0.286392 0.012984 0.013121
0 0.373448 0.669275 0.014500 0.014422
0 0.686474 0.418830 0.012077 0.012009
0 0.897348 0.078594 0.011675 0.011527
0 0.851566 0.259697 0.014100 0.014202
0 0.066412 0.775903 0.011767 0.011890
0 0.015907 0.826354 0.012371 0.012522
0 0.226232 0.109419 0.012618 0.012587
0 0.536448 0.403844 0.012103 0.012160
0 0.991974 0.786719 0.011606 0.011590
0 0.055425 0.654798 0.011643 0.011280
0 0.425599 0.108363 0.013640 0.013691
0 0.890293 0.588339 0.012051 0.012077
0 0.400313 0.914526 0.013680 0.013507
0 0.872680 0.121115 0.009628 0.009662
0 0.213915 0.621810 0.013460 0.013496
0 0.151149 0.170968 0.012854 0.012999
0 0.505068 0.577692 0.012117 0.012055
0 0.220513 0.905541 0.011236 0.010913
0 0.345573 0.396379 0.012501 0.012354
0 0.399792 0.954867 0.012533 0.012452
0 0.906433 0.005390 0.011583 0.010772
0 0.108052 0.461064 0.012866 0.012735
0 0.738716 0.363627 0.013389 0.013306
0 0.221800 0.935655 0.012090 0.011814
0 0.613698 0.543036 0.012381 0.012464
0 0.829593 0.733405 0.012875 0.012912
0 0.212550 0.480717 0.012919 0.012762
0 0.978288 0.459649 0.011847 0.011893
0 0.458768 0.875543 0.013584 0.013354
0 0.470362 0.654154 0.011949 0.011783
0 0.538356 0.600396 0.013351 0.013419
0 0.494408 0.124206 0.013370 0.013631
0 0.820835 0.389393 0.012098 0.011873
0 0.219339 0.442306 0.014429 0.014254
0 0.840895 0.818085 0.012145 0.011913
0 0.522410 0.748270 0.013833 0.013599
0 0.485468 0.470082 0.013291 0.013128
0 0.888285 0.257438 0.013413 0.013124
0 0.872107 0.974263 0.013799 0.013763
0 0.858340 0.109153 0.012338 0.011939
0 0.395383 0.525720 0.012526 0.012547
0 0.310153 0.346311 0.012136 0.012086
0 0.607331 0.698550 0.014349 0.014494
0 0.951505 0.382296 0.012120 0.012145
0 0.652650 0.082769 0.012057 0.012119
0 0.419820 0.360942 0.013532 0.013518
0 0.458999 0.401183 0.013500 0.013249
0 0.368309 0.786159 0.012700 0.012342
0 0.734429 0.622637 0.013870 0.013979
0 0.896905 0.993988 0.012753 0.011894
0 0.371432 0.770058 0.014746 0.014771
0 0.734292 0.253054 0.013061 0.013283
0 0.664014 0.918648 0.012816 0.012878
0 0.626855 0.657741 0.013135 0.012927
0 0.767515 0.535810 0.012976 0.012714
0 0.171416 0.661103 0.013808 0.013610
0 0.015711 0.335688 0.015012 0.014821
0 0.750598 0.687995 0.013367 0.013533
0 0.091385 0.010847 0.013117 0.013095
0 0.585464 0.172618 0.012579 0.012511
0 0.649226 0.582109 0.011746 0.011794
0 0.658485 0.186100 0.011965 0.012157
0 0.367155 0.896144 0.013817 0.013651
0 0.983712 0.513112 0.014079 0.013525
0 0.972338 0.052606 0.009712 0.009806
0 0.966977 0.715012 0.011189 0.011041
0 0.200500 0.825083 0.012713 0.012644
0 0.726654 0.502280 0.014048 0.014325
0 0.785707 0.953280 0.011878 0.011441
0 0.806219 0.111626 0.011407 0.011377
0 0.101324 0.932689 0.012204 0.011806
0 0.933880 0.057220 0.011248 0.011407
0 0.211408 0.954150 0.012669 0.012712
0 0.996978 0.334158 0.006005 0.011377
0 0.741486 0.709197 0.011781 0.011612
0 0.349205 0.290722 0.024498 0.024796
0 0.088411 0.936374 0.011087 0.010821
0 0.091144 0.782523 0.009750 0.009457
0 0.767953 0.106108 0.012094 0.011801
0 0.768174 0.429586 0.010843 0.010586
0 0.869982 0.570534 0.011419 0.011588
0 0.542334 0.290688 0.010915 0.010986
0 0.849480 0.547511 0.012078 0.011991
0 0.597364 0.998294 0.013374 0.003398
0 0.802902 0.540785 0.011507 0.011362
0 0.428164 0.133176 0.012398 0.012329
0 0.774415 0.623124 0.010546 0.010549
0 0.467509 0.462680 0.012774 0.012124
