0 0.913822 0.636221 0.014823 0.014675
0 0.309368 0.478027 0.013413 0.013273
0 0.845492 0.818173 0.013056 0.012970
0 0.189019 0.110168 0.013147 0.013164
0 0.154663 0.438401 0.013160 0.012975
0 0.539299 0.397359 0.012772 0.012930
0 0.120686 0.196114 0.013352 0.013305
0 0.199919 0.373623 0.012760 0.012777
0 0.723152 0.466239 0.013897 0.013702
0 0.603567 0.899557 0.012404 0.012346
0 0.804819 0.024576 0.013055 0.012898
0 0.230788 0.163001 0.013331 0.013189
0 0.785642 0.141395 0.013717 0.013611
0 0.942515 0.845466 0.012663 0.012715
0 0.235400 0.626616 0.012688 0.012530
0 0.839622 0.348816 0.012420 0.012339
0 0.290830 0.202118 0.012874 0.013042
0 0.472733 0.359940 0.013778 0.013839
0 0.020502 0.852376 0.012329 0.012200
0 0.579307 0.262137 0.012489 0.012518
0 0.038873 0.864531 0.011671 0.011591
0 0.644980 0.936762 0.013550 0.013554
0 0.820143 0.925388 0.013511 0.013474
0 0.523802 0.349803 0.013060 0.013208
0 0.149949 0.603247 0.013647 0.013378
0 0.064421 0.078941 0.013361 0.013274
0 0.573654 0.363103 0.013697 0.013562
0 0.841658 0.386834 0.013564 0.013407
0 0.866178 0.081622 0.013788 0.013890
0 0.532183 0.434498 0.012843 0.012806
0 0.526602 0.218080 0.013863 0.014032
0 0.779921 0.438838 0.013615 0.013618
0 0.234848 0.973635 0.012128 0.012187
0 0.530600 0.819827 0.013961 0.013867
0 0.250904 0.037298 0.013253 0.013258
0 0.151000 0.294161 0.013358 0.013333
0 0.373116 0.596815 0.013747 0.013753
0 0.387454 0.875034 0.013405 0.013354
0 0.110964 0.504294 0.013199 0.013123
0 0.086399 0.641273 0.013433 0.013306
0 0.458103 0.576661 0.012784 0.012891
0 0.601156 0.620803 0.012716 0.012691
0 0.775520 0.333697 0.014070 0.014102
0 0.369664 0.819062 0.013106 0.013155
0 0.960123 0.315424 0.013300 0.013327
0 0.650434 0.265658 0.012843 0.012840
0 0.437143 0.392458 0.013188 0.013272
0 0.158267 0.789094 0.012876 0.012855
0 0.517649 0.496052 0.013303 0.013534
0 0.817497 0.967176 0.012312 0.012349
0 0.626793 0.579369 0.012880 0.013037
0 0.745418 0.983442 0.012270 0.012399
0 0.897429 0.949987 0.012808 0.012749
0 0.438244 0.057423 0.014070 0.014318
0 0.029193 0.686249 0.013810 0.013986
0 0.548366 0.749331 0.013847 0.013976
0 0.355340 0.355125 0.013572 0.013475
0 0.737295 0.318642 0.014259 0.014141
0 0.775634 0.049336 0.013397 0.013448
0 0.203805 0.493770 0.013037 0.013057
0 0.345554 0.164493 0.013025 0.013097
0 0.867960 0.985169 0.012595 0.012680
0 0.745731 0.674912 0.012660 0.012745
0 0.105338 0.262410 0.013088 0.013088
0 0.420518 0.348443 0.015774 0.015559
0 0.335379 0.381204 0.014199 0.013991
0 0.780299 0.784515 0.012696 0.012631
0 0.549770 0.924202 0.015228 0.014858
0 0.111508 0.391319 0.013341 0.013296
0 0.943753 0.976982 0.013200 0.012904
0 0.968983 0.734307 0.014236 0.014138
0 0.667305 0.735887 0.013008 0.012821
0 0.648995 0.015904 0.012653 0.012417
0 0.159117 0.865563 0.013204 0.012920
0 0.281167 0.082976 0.013324 0.013264
0 0.027671 0.505470 0.013172 0.013006
0 0.873251 0.562795 0.015087 0.015045
0 0.303553 0.571609 0.013719 0.013753
0 0.369478 0.648283 0.013326 0.013367
0 0.189065 0.415966 0.013596 0.013495
0 0.796725 0.686730 0.014554 0.014467
0 0.110061 0.818487 0.014095 0.013819
0 0.617134 0.532700 0.013511 0.013419
0 0.584539 0.220293 0.013033 0.013078
0 0.189604 0.272620 0.012950 0.012886
0 0.053356 0.840308 0.012569 0.012656
0 0.609698 0.329595 0.014731 0.014542
0 0.970332 0.221744 0.012845 0.012978
0 0.979807 0.761972 0.013940 0.013930
0 0.724737 0.524413 0.013995 0.013996
0 0.605429 0.679824 0.013420 0.013624
0 0.448523 0.967276 0.013264 0.013208
0 0.879031 0.169606 0.013235 0.013323
0 0.438723 0.816990 0.014113 0.014048
0 0.315174 0.928283 0.014466 0.014453
0 0.765694 0.822913 0.012261 0.012265
0 0.831543 0.139240 0.013677 0.013974
0 0.129040 0.736686 0.013462 0.013441
0 0.532604 0.583034 0.014126 0.013958
0 0.597511 0.574044 0.014174 0.014335
0 0.402087 0.382361 0.013026 0.012967
0 0.112593 0.233515 0.013705 0.013552
0 0.632208 0.337751 0.015613 0.015719
0 0.643088 0.708503 0.014169 0.014029
0 0.050618 0.232428 0.013629 0.013473
0 0.905042 0.738618 0.013101 0.013065
0 0.294050 0.166901 0.013546 0.013660
0 0.975818 0.174348 0.012848 0.012777
0 0.381696 0.170065 0.013990 0.014028
0 0.883075 0.651138 0.013685 0.013572
0 0.219402 0.713632 0.014358 0.014092
0 0.491751 0.450904 0.013595 0.013762
0 0.060057 0.956701 0.013178 0.013046
0 0.536134 0.488964 0.012935 0.012871
0 0.145593 0.549978 0.012971 0.012784
0 0.372125 0.472468 0.012942 0.012991
0 0.262856 0.332970 0.012406 0.012419
0 0.698632 0.068921 0.014184 0.014535
0 0.501399 0.568686 0.014669 0.014744
0 0.961515 0.573445 0.012889 0.012836
0 0.337914 0.122024 0.013719 0.013597
0 0.308032 0.041459 0.013375 0.013367
0 0.104745 0.681420 0.014056 0.013990
0 0.645809 0.639541 0.014342 0.014399
0 0.069251 0.601720 0.012838 0.012723
0 0.902596 0.258034 0.014399 0.014443
0 0.800592 0.067133 0.013995 0.014149
0 0.449166 0.906892 0.013567 0.013461
0 0.776853 0.458803 0.014704 0.014656
0 0.189588 0.007686 0.013669 0.013784
0 0.660058 0.847275 0.013324 0.013332
0 0.410991 0.702148 0.012572 0.012552
0 0.790201 0.187261 0.012699 0.012381
0 0.092853 0.383633 0.014891 0.014675
0 0.332688 0.826685 0.014206 0.014357
0 0.984305 0.570776 0.012721 0.012695
0 0.561142 0.592754 0.013332 0.013315
0 0.795289 0.233483 0.013650 0.013161
0 0.250872 0.280346 0.013764 0.013888
0 0.149059 0.623726 0.013092 0.013099
0 0.330578 0.763469 0.013659 0.013655
0 0.604787 0.362849 0.013786 0.014126
0 0.436468 0.534162 0.013805 0.013925
0 0.454113 0.014252 0.012877 0.012863
0 0.078622 0.421614 0.014213 0.014219
0 0.021996 0.381768 0.013766 0.013704
0 0.995179 0.553190 0.009641 0.014764
0 0.946755 0.738680 0.011718 0.011902
0 0.807847 0.995527 0.011818 0.008947
0 0.112765 0.316280 0.013827 0.013750
0 0.770326 0.597011 0.014805 0.014751
0 0.703559 0.837123 0.014483 0.014503
0 0.222953 0.746579 0.011081 0.010949
0 0.492830 0.280218 0.013587 0.013381
0 0.658878 0.989248 0.012359 0.011988
0 0.285594 0.326892 0.012473 0.012460
0 0.130587 0.099206 0.014457 0.014508
0 0.525777 0.022273 0.012712 0.012778
0 0.340327 0.083397 0.014307 0.014355
0 0.802959 0.217745 0.015488 0.015120
0 0.139361 0.639399 0.014035 0.013779
0 0.996917 0.865042 0.006157 0.012190
0 0.845144 0.184401 0.014339 0.014434
0 0.921529 0.077633 0.013904 0.013772
0 0.979152 0.874672 0.015878 0.016037
0 0.164550 0.564476 0.013223 0.013167
0 0.934786 0.004022 0.013865 0.008028
0 0.402426 0.714903 0.013820 0.013658
0 0.934387 0.797005 0.012794 0.012700
0 0.939047 0.872498 0.013304 0.012933
0 0.864609 0.011860 0.013560 0.013384
0 0.713006 0.998091 0.012945 0.003790
0 0.657565 0.625595 0.011391 0.011127
0 0.605364 0.155014 0.013638 0.013767
0 0.390884 0.684551 0.013962 0.014039
0 0.956981 0.893757 0.012514 0.012702
0 0.879330 0.739658 0.011182 0.011054
0 0.703825 0.707351 0.015865 0.015888
0 0.027723 0.886435 0.011954 0.012028
0 0.014385 0.447382 0.013792 0.013713
0 0.389860 0.973120 0.012731 0.012387
0 0.363964 0.006103 0.014147 0.012149
0 0.187362 0.551626 0.014818 0.015465
0 0.982827 0.191642 0.012917 0.012948
0 0.014958 0.554052 0.015788 0.015885
0 0.744287 0.405796 0.013547 0.013226
0 0.920047 0.289791 0.011959 0.011502
0 0.845833 0.582114 0.014182 0.013701
0 0.657318 0.235023 0.013184 0.012921
0 0.270404 0.668705 0.013445 0.013810
0 0.346065 0.289864 0.024036 0.023876
0 0.603658 0.156143 0.013916 0.013824
0 0.060578 0.821758 0.012370 0.012470
0 0.849322 0.710612 0.022807 0.023063
0 0.244690 0.728308 0.013356 0.013324
0 0.495949 0.893050 0.013234 0.013430
0 0.002310 0.420353 0.004517 0.012510
0 0.476749 0.895047 0.013663 0.013312
0 0.407745 0.454937 0.014483 0.013868
0 0.531491 0.629471 0.023283 0.023292
0 0.692543 0.606586 0.011030 0.011179
0 0.262607 0.071104 0.011638 0.011346
0 0.903933 0.998326 0.010802 0.003349
0 0.267358 0.719431 0.014069 0.013700
0 0.562473 0.616919 0.013382 0.012778
0 0.890878 0.981824 0.010845 0.011221
