0 0.669083 0.397872 0.013089 0.013039
0 0.696168 0.278173 0.012761 0.012642
0 0.346945 0.444025 0.012932 0.012809
0 0.123662 0.024859 0.013153 0.013023
0 0.379404 0.385308 0.012788 0.012704
0 0.560294 0.142341 0.013081 0.012913
0 0.071355 0.755351 0.013627 0.013474
0 0.829012 0.039633 0.012928 0.012949
0 0.280780 0.079342 0.011862 0.011676
0 0.527353 0.401383 0.012826 0.012685
0 0.958338 0.424399 0.013142 0.012965
0 0.771981 0.106122 0.012597 0.012508
0 0.721329 0.480778 0.014186 0.014227
0 0.607810 0.541643 0.012506 0.012719
0 0.280676 0.436414 0.011838 0.011715
0 0.750975 0.202903 0.012347 0.012588
0 0.034257 0.384648 0.012544 0.012392
0 0.951550 0.818834 0.012778 0.012748
0 0.317667 0.356450 0.014500 0.014406
0 0.600777 0.642403 0.013816 0.013680
0 0.302596 0.433914 0.013118 0.012955
0 0.903384 0.541397 0.013202 0.013134
0 0.380878 0.782186 0.013616 0.013310
0 0.950368 0.289364 0.012175 0.012199
0 0.485988 0.634566 0.012748 0.012680
0 0.890984 0.587910 0.012397 0.012350
0 0.119283 0.501563 0.013104 0.012900
0 0.142676 0.507484 0.013173 0.012977
0 0.026979 0.770053 0.014097 0.013774
0 0.650985 0.586022 0.011772 0.011719
0 0.361985 0.702283 0.014225 0.014242
0 0.013716 0.824425 0.012428 0.012324
0 0.734185 0.622254 0.014008 0.014071
0 0.919032 0.282715 0.013197 0.013091
0 0.050638 0.647184 0.012730 0.012928
0 0.414648 0.108642 0.013762 0.013785
0 0.507703 0.589732 0.013043 0.012854
0 0.860577 0.214823 0.014311 0.014246
0 0.244232 0.822014 0.011422 0.011444
0 0.457913 0.143121 0.013160 0.012832
0 0.189716 0.624045 0.012193 0.012192
0 0.065374 0.203341 0.012515 0.012611
0 0.669022 0.952944 0.013117 0.012902
0 0.797869 0.061518 0.011337 0.011509
0 0.249100 0.141023 0.012879 0.012888
0 0.374194 0.870736 0.012771 0.012733
0 0.234760 0.265683 0.012952 0.012886
0 0.931990 0.862580 0.012694 0.012596
0 0.506451 0.465863 0.013624 0.013512
0 0.822240 0.377370 0.010764 0.010642
0 0.461209 0.406881 0.012571 0.012886
0 0.721720 0.674593 0.012333 0.012148
0 0.561486 0.224677 0.012184 0.012303
0 0.426664 0.907829 0.013333 0.013370
0 0.247041 0.436527 0.013887 0.013644
0 0.527707 0.741475 0.013388 0.013265
0 0.208806 0.948075 0.011947 0.011734
0 0.726975 0.008248 0.012734 0.012836
0 0.171224 0.839656 0.013142 0.013185
0 0.087605 0.937966 0.011021 0.010859
0 0.220800 0.901477 0.010810 0.010759
0 0.255348 0.636382 0.013861 0.013601
0 0.287170 0.716763 0.013007 0.012909
0 0.398208 0.970269 0.012967 0.012811
0 0.738927 0.703925 0.014333 0.014359
0 0.550445 0.650035 0.013815 0.013931
0 0.452553 0.830891 0.011467 0.011522
0 0.886314 0.021834 0.011426 0.011543
0 0.940308 0.240973 0.012125 0.012164
0 0.812508 0.112531 0.010752 0.010833
0 0.854947 0.105064 0.012080 0.011922
0 0.436350 0.339375 0.010907 0.010647
0 0.585852 0.672466 0.013875 0.013772
0 0.652629 0.082693 0.012829 0.012731
0 0.454790 0.119340 0.014229 0.014230
0 0.232261 0.791196 0.011586 0.011355
0 0.133928 0.233065 0.012942 0.012809
0 0.622109 0.986326 0.013077 0.013075
0 0.767885 0.536616 0.013182 0.012827
0 0.970202 0.720116 0.012526 0.012511
0 0.962822 0.617242 0.011755 0.010957
0 0.698271 0.810290 0.013346 0.013436
0 0.459699 0.752032 0.011999 0.011643
0 0.165480 0.971694 0.011251 0.011331
0 0.660542 0.186588 0.012101 0.012172
0 0.355648 0.274049 0.012768 0.012620
0 0.609305 0.828283 0.013915 0.014030
0 0.676169 0.912275 0.012731 0.012813
0 0.417404 0.331078 0.014659 0.014604
0 0.868740 0.116888 0.009741 0.009858
0 0.776533 0.425282 0.012274 0.012438
0 0.094266 0.804113 0.013468 0.013106
0 0.502308 0.566264 0.012466 0.012455
0 0.893896 0.076254 0.012047 0.011454
0 0.900796 0.923320 0.011845 0.011788
0 0.254463 0.943026 0.011475 0.011516
0 0.100710 0.932848 0.012381 0.011937
0 0.536668 0.984509 0.011414 0.011673
0 0.903036 0.861208 0.010983 0.010812
0 0.896292 0.994178 0.012583 0.011561
0 0.982802 0.513020 0.014811 0.013932
0 0.536289 0.292988 0.010799 0.010661
0 0.344093 0.540216 0.011764 0.012344
0 0.872312 0.974824 0.013591 0.013570
0 0.371703 0.736631 0.013103 0.013145
0 0.589885 0.983133 0.014171 0.014393
0 0.869406 0.570376 0.011937 0.011921
0 0.350362 0.291298 0.023769 0.024265
0 0.971105 0.053201 0.010243 0.010158
0 0.870627 0.724612 0.013073 0.013379
0 0.828429 0.842135 0.011613 0.011834
0 0.932404 0.058096 0.011526 0.011615
0 0.803122 0.541325 0.011656 0.011487
0 0.111916 0.357361 0.013665 0.014015
0 0.981050 0.458419 0.011749 0.011665
0 0.742515 0.365782 0.012183 0.011934
0 0.651393 0.473467 0.010266 0.009614
0 0.833585 0.889308 0.013887 0.013818
0 0.908885 0.004744 0.011337 0.009263
0 0.836456 0.546230 0.011937 0.012047
0 0.535191 0.483636 0.011466 0.011689
0 0.001592 0.468130 0.003157 0.011545
0 0.989210 0.337370 0.014037 0.013521
0 0.932092 0.353288 0.009725 0.009700
