0 0.065453 0.660205 0.012788 0.012792
0 0.068757 0.832825 0.013428 0.013560
0 0.645864 0.019733 0.013162 0.013155
0 0.097547 0.544901 0.012615 0.012607
0 0.204262 0.101698 0.012727 0.012622
0 0.870209 0.626608 0.013565 0.013669
0 0.103434 0.094534 0.012136 0.012121
0 0.522158 0.082582 0.011961 0.011815
0 0.011170 0.176690 0.012394 0.012025
0 0.655847 0.499311 0.012842 0.012792
0 0.762840 0.009877 0.013038 0.013076
0 0.365934 0.198160 0.012976 0.013095
0 0.471403 0.242091 0.013693 0.013988
0 0.665652 0.572763 0.012468 0.012363
0 0.165007 0.795816 0.011736 0.011497
0 0.122434 0.709661 0.013800 0.013764
0 0.151687 0.321781 0.012770 0.012753
0 0.093458 0.451314 0.011637 0.011496
0 0.052877 0.725986 0.011848 0.011943
0 0.956339 0.509294 0.015340 0.015051
0 0.647685 0.522739 0.013325 0.013330
0 0.770784 0.402250 0.013727 0.013551
0 0.759403 0.687698 0.012852 0.012961
0 0.504177 0.117579 0.012599 0.012520
0 0.179766 0.546637 0.012897 0.012760
0 0.735371 0.621072 0.014536 0.014564
0 0.899492 0.493611 0.012643 0.012619
0 0.844409 0.442909 0.014068 0.014123
0 0.563699 0.089462 0.012552 0.012329
0 0.728371 0.414955 0.012689 0.012715
0 0.898385 0.514647 0.012671 0.012546
0 0.777288 0.027918 0.013050 0.012588
0 0.523973 0.018680 0.013138 0.013042
0 0.324982 0.657107 0.013573 0.013508
0 0.151642 0.753932 0.012851 0.012641
0 0.807585 0.457962 0.012842 0.012666
0 0.825971 0.352632 0.012503 0.012397
0 0.152519 0.376966 0.014084 0.014015
0 0.825830 0.649913 0.013720 0.013915
0 0.629038 0.789102 0.012140 0.012471
0 0.275240 0.774023 0.012092 0.011993
0 0.320682 0.312997 0.012330 0.012505
0 0.103439 0.031535 0.012489 0.012565
0 0.191758 0.827963 0.013659 0.013569
0 0.476317 0.625857 0.013709 0.013622
0 0.940390 0.374508 0.013348 0.013345
0 0.637849 0.664144 0.013004 0.012780
0 0.716378 0.309275 0.012301 0.012266
0 0.123675 0.432723 0.012573 0.012750
0 0.779226 0.522803 0.011698 0.011438
0 0.279067 0.436476 0.012163 0.011966
0 0.291098 0.646864 0.013014 0.013271
0 0.656782 0.417095 0.012397 0.012459
0 0.583651 0.011073 0.013403 0.013665
0 0.553484 0.009641 0.011576 0.011365
0 0.160792 0.108452 0.013380 0.013513
0 0.018122 0.418299 0.013418 0.013313
0 0.800095 0.553549 0.013202 0.013196
0 0.442162 0.403579 0.012739 0.012551
0 0.632327 0.559422 0.014148 0.014208
0 0.347957 0.907390 0.013259 0.013260
0 0.120247 0.228162 0.012907 0.012901
0 0.824664 0.729236 0.013140 0.012710
0 0.148305 0.963696 0.013052 0.013337
0 0.186781 0.136897 0.011785 0.011563
0 0.928009 0.476194 0.014263 0.014252
0 0.011247 0.333468 0.013134 0.013203
0 0.897050 0.771195 0.013283 0.013220
0 0.576094 0.161197 0.012617 0.012780
0 0.299612 0.583983 0.012676 0.012745
0 0.098340 0.665120 0.014632 0.014988
0 0.249487 0.865455 0.013361 0.013108
0 0.831132 0.594760 0.014634 0.014303
0 0.431597 0.232819 0.015900 0.016092
0 0.821695 0.515381 0.015012 0.014880
0 0.549215 0.410806 0.012135 0.012045
0 0.747771 0.059857 0.012765 0.012585
0 0.071673 0.976484 0.011893 0.012018
0 0.674579 0.857736 0.011599 0.011843
0 0.725296 0.878683 0.012010 0.011935
0 0.520069 0.903566 0.011812 0.011879
0 0.817384 0.974181 0.011681 0.011452
0 0.740937 0.265239 0.011606 0.011761
0 0.414940 0.471144 0.012543 0.012600
0 0.827911 0.843878 0.012567 0.012709
0 0.740892 0.326800 0.012626 0.013012
0 0.411246 0.710160 0.011485 0.011445
0 0.809134 0.923515 0.011771 0.011898
0 0.540474 0.657312 0.011549 0.011741
0 0.591358 0.497003 0.014507 0.014514
0 0.020024 0.798320 0.013672 0.013648
0 0.648070 0.259918 0.012025 0.012042
0 0.938346 0.101816 0.013268 0.013353
0 0.168769 0.325825 0.011916 0.012627
0 0.568083 0.271129 0.012275 0.012060
0 0.290115 0.990633 0.012891 0.012664
0 0.823277 0.913256 0.011647 0.011653
0 0.996338 0.464270 0.007324 0.011850
0 0.823142 0.623856 0.012986 0.013141
0 0.712909 0.369798 0.012964 0.012856
0 0.140750 0.203382 0.013639 0.013561
0 0.722798 0.263770 0.010022 0.009758
0 0.689919 0.607117 0.012698 0.013087
0 0.472665 0.899922 0.012374 0.012321
0 0.136820 0.400048 0.013934 0.013926
0 0.526672 0.560505 0.010656 0.010404
0 0.692686 0.366004 0.010884 0.010575
0 0.526343 0.562379 0.010709 0.010899
0 0.498572 0.142144 0.013504 0.013383
0 0.677545 0.937551 0.011730 0.011486
