0 0.108828 0.792114 0.014364 0.014201
0 0.806357 0.593647 0.014241 0.014359
0 0.274098 0.617100 0.015256 0.015086
0 0.266449 0.675796 0.013496 0.013198
0 0.656980 0.505431 0.014593 0.014681
0 0.731366 0.094681 0.016933 0.016822
0 0.793560 0.519469 0.014983 0.014890
0 0.787946 0.125773 0.013954 0.014025
0 0.445434 0.104554 0.014119 0.014083
0 0.103849 0.608767 0.013890 0.013734
0 0.189680 0.678634 0.013885 0.013792
0 0.534968 0.639311 0.021440 0.021122
0 0.128525 0.391116 0.014580 0.014697
0 0.047355 0.800934 0.014077 0.014003
0 0.697456 0.629816 0.015091 0.014998
0 0.030231 0.194179 0.013881 0.013789
0 0.050139 0.256975 0.014318 0.014339
0 0.379936 0.020384 0.014687 0.014556
0 0.673343 0.714820 0.014140 0.014029
0 0.510372 0.180225 0.014759 0.014596
0 0.732473 0.409096 0.015488 0.015446
0 0.898425 0.647939 0.014971 0.015049
0 0.690959 0.883322 0.014328 0.014389
0 0.254016 0.539395 0.015855 0.015911
0 0.785486 0.165379 0.013814 0.013770
0 0.074019 0.114579 0.014163 0.014137
0 0.242411 0.103085 0.015738 0.015613
0 0.551587 0.251041 0.014187 0.014188
0 0.428602 0.602926 0.014186 0.014208
0 0.291540 0.740224 0.014127 0.013965
0 0.739583 0.130701 0.014274 0.014321
0 0.262475 0.091553 0.015352 0.015503
0 0.622172 0.900925 0.017029 0.016741
0 0.170146 0.899626 0.016392 0.016232
0 0.308954 0.603123 0.013693 0.013793
0 0.473220 0.492550 0.014416 0.014372
0 0.564509 0.711334 0.015323 0.015575
0 0.617925 0.439602 0.014851 0.014546
0 0.569406 0.815786 0.014468 0.014310
0 0.396327 0.841762 0.014094 0.014075
0 0.144370 0.042432 0.014476 0.014434
0 0.373354 0.619646 0.014296 0.014226
0 0.912429 0.689268 0.014382 0.014179
0 0.481005 0.303119 0.015621 0.015743
0 0.347708 0.300702 0.023391 0.023151
0 0.147094 0.886008 0.015304 0.014821
0 0.833512 0.110251 0.014781 0.014659
0 0.826244 0.407751 0.014689 0.014830
0 0.092769 0.420769 0.015322 0.015034
0 0.531832 0.962438 0.014370 0.014278
0 0.343036 0.053262 0.014313 0.014262
0 0.088247 0.291830 0.014437 0.014506
0 0.509681 0.734098 0.014135 0.014046
0 0.673016 0.804265 0.013977 0.013939
0 0.180749 0.164728 0.015600 0.015730
0 0.370962 0.443671 0.016543 0.016780
0 0.400994 0.977597 0.013808 0.013670
0 0.068710 0.893403 0.014071 0.013891
0 0.664818 0.319487 0.014760 0.014410
0 0.586045 0.192292 0.014836 0.014972
0 0.944689 0.764295 0.014876 0.014845
0 0.862657 0.363889 0.014634 0.014548
0 0.968330 0.152400 0.014689 0.014757
0 0.347180 0.661871 0.014213 0.014435
0 0.878850 0.770220 0.013012 0.013003
0 0.763089 0.404012 0.015074 0.014984
0 0.403716 0.744129 0.013953 0.013774
0 0.477795 0.015121 0.015002 0.015053
0 0.170113 0.045472 0.016322 0.016253
0 0.522669 0.276528 0.014686 0.014748
0 0.046261 0.111877 0.015568 0.015422
0 0.745783 0.262039 0.014309 0.014088
0 0.542005 0.470205 0.014768 0.014967
0 0.167426 0.478872 0.015253 0.015063
0 0.293413 0.207091 0.016018 0.015965
0 0.068289 0.576531 0.020491 0.021327
0 0.850051 0.721006 0.023035 0.023043
0 0.487303 0.260084 0.014262 0.014140
0 0.814310 0.641699 0.013528 0.013550
0 0.691604 0.973349 0.014824 0.014730
0 0.287397 0.331897 0.014713 0.014806
0 0.325295 0.786429 0.015000 0.015056
0 0.746803 0.232051 0.015080 0.015146
0 0.866021 0.246719 0.014381 0.014445
0 0.730075 0.050301 0.013787 0.013622
0 0.568625 0.610497 0.014888 0.014692
0 0.988825 0.819499 0.014054 0.013700
0 0.558985 0.196106 0.014482 0.014053
0 0.624835 0.105029 0.013846 0.013930
0 0.166836 0.511316 0.016191 0.016670
0 0.398089 0.064145 0.014516 0.014809
0 0.760081 0.280829 0.014837 0.015210
0 0.591280 0.835512 0.014261 0.014251
0 0.922619 0.147543 0.020698 0.020827
0 0.927310 0.450401 0.015081 0.015228
0 0.703822 0.824512 0.022278 0.022279
0 0.053150 0.344175 0.014787 0.014721
0 0.084467 0.928913 0.013538 0.013389
0 0.524566 0.019290 0.019571 0.019078
0 0.399711 0.231915 0.016427 0.016060
0 0.272618 0.312275 0.015972 0.015909
0 0.003577 0.564702 0.007147 0.017125
0 0.004767 0.654058 0.009365 0.015350
0 0.879732 0.592002 0.024155 0.023850
0 0.671126 0.193019 0.019689 0.019244
0 0.995340 0.846479 0.009291 0.012828
0 0.008265 0.006946 0.013909 0.013358
0 0.118468 0.284255 0.016094 0.016149
0 0.976292 0.685839 0.015053 0.014800
0 0.997631 0.347260 0.004673 0.015340
0 0.991035 0.946552 0.012995 0.012993
0 0.332068 0.570197 0.014206 0.014213
0 0.328653 0.604833 0.014778 0.014176
0 0.153904 0.233516 0.014136 0.014154
0 0.209499 0.449496 0.020357 0.019919
0 0.845523 0.352274 0.013280 0.013251
0 0.265146 0.246426 0.021220 0.020644
0 0.377343 0.228325 0.019751 0.019058
0 0.004727 0.565491 0.009450 0.016975
0 0.168820 0.086418 0.013910 0.013298
0 0.766854 0.591481 0.012092 0.012218
0 0.161045 0.205915 0.014810 0.014710
