0 0.664949 0.090139 0.012921 0.012764
0 0.621217 0.546502 0.012226 0.012273
0 0.114295 0.389125 0.012492 0.012308
0 0.224673 0.051560 0.012416 0.012303
0 0.324360 0.901944 0.013373 0.013245
0 0.539515 0.539419 0.013300 0.013227
0 0.847778 0.061394 0.012789 0.012670
0 0.408634 0.290074 0.012442 0.012272
0 0.187635 0.365119 0.012055 0.011967
0 0.515587 0.736677 0.013137 0.013075
0 0.616687 0.297302 0.012625 0.012555
0 0.149633 0.020828 0.012241 0.012135
0 0.039976 0.376959 0.012863 0.012648
0 0.088952 0.929305 0.012116 0.012052
0 0.475734 0.359368 0.013596 0.013470
0 0.279090 0.436668 0.011725 0.011549
0 0.295096 0.920299 0.014418 0.014464
0 0.386490 0.678659 0.013194 0.013220
0 0.420190 0.244869 0.012494 0.012427
0 0.573792 0.230458 0.012987 0.012799
0 0.450879 0.123404 0.013701 0.013764
0 0.682821 0.320290 0.012775 0.012566
0 0.349913 0.819739 0.012452 0.012473
0 0.446155 0.477101 0.012267 0.012291
0 0.652352 0.603672 0.013776 0.013721
0 0.682577 0.270659 0.012571 0.012631
0 0.099991 0.674211 0.012212 0.012068
0 0.508155 0.468787 0.012552 0.012302
0 0.353688 0.696923 0.012971 0.012789
0 0.833925 0.035218 0.013383 0.013339
0 0.903578 0.542703 0.013033 0.012847
0 0.486449 0.583714 0.011697 0.011759
0 0.401130 0.137070 0.012784 0.012819
0 0.395219 0.979559 0.013098 0.013155
0 0.613694 0.664366 0.013825 0.013859
0 0.716162 0.712087 0.012608 0.012636
0 0.508220 0.097320 0.014227 0.014022
0 0.487951 0.617166 0.013402 0.013361
0 0.441219 0.503622 0.014265 0.014087
0 0.301013 0.233267 0.013756 0.013885
0 0.239552 0.922781 0.012222 0.012323
0 0.616888 0.122881 0.011652 0.011553
0 0.347228 0.736919 0.013322 0.013287
0 0.057380 0.870691 0.012267 0.012286
0 0.535443 0.406512 0.012105 0.012197
0 0.474188 0.893233 0.013836 0.014019
0 0.889166 0.589246 0.012398 0.012340
0 0.410667 0.368335 0.014107 0.013987
0 0.833617 0.378211 0.011203 0.010927
0 0.690639 0.407135 0.012028 0.012011
0 0.239419 0.431665 0.013561 0.013377
0 0.441265 0.873903 0.013672 0.013754
0 0.744168 0.345099 0.013430 0.013745
0 0.026514 0.797318 0.012884 0.012957
0 0.703327 0.556327 0.013024 0.013000
0 0.768403 0.532480 0.013358 0.013229
0 0.889705 0.464935 0.012600 0.012708
0 0.743875 0.040842 0.011618 0.011481
0 0.195385 0.853381 0.011471 0.011399
0 0.374284 0.397738 0.012824 0.012996
0 0.258268 0.743458 0.012573 0.012462
0 0.113757 0.926927 0.011827 0.011459
0 0.180071 0.569553 0.012968 0.012899
0 0.488784 0.484152 0.013699 0.013894
0 0.451077 0.749644 0.012598 0.012642
0 0.081013 0.182771 0.012355 0.012613
0 0.593219 0.840528 0.013008 0.012860
0 0.051209 0.733557 0.011821 0.011670
0 0.539219 0.573189 0.012798 0.012983
0 0.948355 0.692864 0.011856 0.011856
0 0.734692 0.622161 0.013534 0.013424
0 0.238626 0.611731 0.013783 0.013680
0 0.866385 0.107953 0.011537 0.011356
0 0.306998 0.854277 0.011853 0.012377
0 0.133900 0.204324 0.012135 0.012093
0 0.778326 0.104568 0.013888 0.014214
0 0.742680 0.425854 0.011695 0.011844
0 0.006555 0.925143 0.011795 0.011975
0 0.869331 0.239528 0.012087 0.012123
0 0.880517 0.117249 0.009790 0.009642
0 0.097983 0.358525 0.014017 0.014001
0 0.255227 0.159381 0.012384 0.012247
0 0.720310 0.042488 0.012438 0.012549
0 0.622639 0.959265 0.013986 0.013955
0 0.648742 0.575918 0.011630 0.011586
0 0.191029 0.622830 0.011284 0.011294
0 0.900483 0.072797 0.012315 0.012136
0 0.173546 0.487774 0.012329 0.012582
0 0.936427 0.047765 0.011915 0.012041
0 0.087301 0.730993 0.011165 0.011246
0 0.442357 0.399705 0.013000 0.013006
0 0.755881 0.704465 0.013749 0.013587
0 0.931033 0.782883 0.012303 0.012392
0 0.929050 0.850465 0.014383 0.014332
0 0.839958 0.265287 0.014169 0.014136
0 0.819081 0.675457 0.012430 0.012389
0 0.780941 0.900188 0.011631 0.011597
0 0.650494 0.949759 0.012552 0.012551
0 0.960847 0.617867 0.010873 0.010680
0 0.350454 0.290477 0.024323 0.024719
0 0.031585 0.358983 0.013966 0.013974
0 0.210031 0.782855 0.012478 0.012641
0 0.992026 0.460467 0.012560 0.012496
0 0.782812 0.800366 0.012720 0.012774
0 0.992639 0.621860 0.013744 0.014463
0 0.903913 0.994169 0.012127 0.011485
0 0.007820 0.849068 0.010863 0.010888
0 0.983442 0.512973 0.014246 0.013403
0 0.003574 0.460844 0.007148 0.013202
0 0.713394 0.837430 0.013006 0.012997
0 0.926184 0.292460 0.013159 0.013338
0 0.909933 0.924112 0.011877 0.011907
0 0.007303 0.908912 0.011116 0.011035
0 0.859280 0.995481 0.011278 0.009037
0 0.926415 0.015608 0.011211 0.011096
0 0.804990 0.540060 0.010421 0.010440
0 0.534382 0.630377 0.024261 0.024170
0 0.971576 0.040373 0.010508 0.010351
0 0.090988 0.783287 0.008979 0.008993
0 0.868693 0.570680 0.011292 0.011306
0 0.848123 0.545276 0.011955 0.011920
