0 0.549363 0.804056 0.014670 0.014534
0 0.593530 0.941358 0.018216 0.018152
0 0.279616 0.404283 0.014497 0.014331
0 0.174724 0.537945 0.015515 0.015443
0 0.473416 0.779377 0.013496 0.013462
0 0.750835 0.029868 0.016600 0.016305
0 0.406302 0.507934 0.014887 0.014758
0 0.148224 0.264249 0.014829 0.014659
0 0.502019 0.417300 0.014960 0.015126
0 0.619951 0.459263 0.014499 0.014444
0 0.248699 0.469398 0.014336 0.014260
0 0.837706 0.420579 0.015399 0.015222
0 0.747893 0.386613 0.015210 0.015158
0 0.730232 0.661693 0.014741 0.014769
0 0.958914 0.078250 0.014490 0.014311
0 0.474642 0.317792 0.014975 0.014847
0 0.079596 0.660925 0.014837 0.014628
0 0.658335 0.873139 0.014004 0.014145
0 0.655377 0.957541 0.013342 0.013523
0 0.610201 0.560341 0.014655 0.014852
0 0.215538 0.215415 0.015183 0.015286
0 0.601289 0.624064 0.015008 0.015112
0 0.270252 0.738205 0.014967 0.014833
0 0.754735 0.929043 0.014284 0.014060
0 0.296975 0.698319 0.014227 0.014221
0 0.300647 0.050642 0.015565 0.015544
0 0.909112 0.320639 0.013962 0.013954
0 0.679170 0.030182 0.014270 0.014344
0 0.760926 0.571126 0.014812 0.014944
0 0.932443 0.680812 0.014186 0.014520
0 0.804052 0.393838 0.015011 0.014848
0 0.871603 0.045397 0.014421 0.014138
0 0.635300 0.767096 0.014707 0.014599
0 0.087502 0.262602 0.014055 0.013925
0 0.427684 0.832129 0.013873 0.013903
0 0.065088 0.550515 0.014170 0.014245
0 0.849833 0.721935 0.021938 0.021819
0 0.686458 0.307023 0.014196 0.014418
0 0.824027 0.565016 0.014666 0.014697
0 0.126188 0.782820 0.014681 0.014684
0 0.746871 0.353137 0.015123 0.015140
0 0.070030 0.811316 0.014340 0.014511
0 0.610525 0.086029 0.014371 0.014241
0 0.463344 0.708343 0.013922 0.014178
0 0.456993 0.467435 0.014572 0.014655
0 0.223259 0.915675 0.014687 0.014476
0 0.347804 0.300766 0.022781 0.022468
0 0.074137 0.038054 0.014399 0.014408
0 0.813834 0.732919 0.014267 0.014383
0 0.533813 0.640297 0.022370 0.022014
0 0.399027 0.019261 0.013976 0.013962
0 0.714048 0.691984 0.015423 0.015270
0 0.439159 0.429564 0.015720 0.015837
0 0.479243 0.015572 0.014487 0.014297
0 0.708091 0.905276 0.014399 0.014415
0 0.877273 0.158092 0.014517 0.014682
0 0.036351 0.427554 0.015045 0.014739
0 0.071865 0.899840 0.013766 0.013734
0 0.934123 0.805303 0.014738 0.014751
0 0.397292 0.714902 0.015607 0.015496
0 0.363673 0.013781 0.014000 0.014225
0 0.553684 0.484725 0.015584 0.015462
0 0.137126 0.029174 0.015545 0.015521
0 0.022524 0.746091 0.012862 0.012730
0 0.168063 0.884286 0.015991 0.015834
0 0.992880 0.463374 0.014240 0.014894
0 0.876970 0.768536 0.015112 0.015195
0 0.981341 0.125104 0.013840 0.014103
0 0.298797 0.241210 0.015035 0.014921
0 0.686389 0.907000 0.013705 0.013403
0 0.552290 0.728570 0.015931 0.016195
0 0.927278 0.618706 0.014965 0.014882
0 0.165839 0.948459 0.014100 0.014022
0 0.976875 0.947584 0.015555 0.015322
0 0.954080 0.862231 0.014717 0.014637
0 0.069285 0.253986 0.015132 0.015117
0 0.532668 0.068027 0.013811 0.013805
0 0.067792 0.576422 0.021587 0.021554
0 0.993800 0.361412 0.012400 0.015078
0 0.635042 0.087942 0.021709 0.021199
0 0.079076 0.358919 0.016496 0.016250
0 0.370704 0.611919 0.014811 0.015249
0 0.078416 0.340490 0.014931 0.014939
0 0.161663 0.054774 0.015638 0.015526
0 0.296970 0.322152 0.015354 0.015173
0 0.428056 0.666519 0.014928 0.014912
0 0.399054 0.562628 0.013629 0.013457
0 0.354642 0.976851 0.015134 0.015238
0 0.477559 0.140586 0.016778 0.016628
0 0.440565 0.977093 0.014647 0.014629
0 0.838743 0.786734 0.015901 0.015515
0 0.995360 0.636949 0.009219 0.016674
0 0.852180 0.082967 0.013238 0.013148
0 0.452260 0.132260 0.014460 0.014488
0 0.921031 0.147301 0.020449 0.020295
0 0.090928 0.933511 0.013798 0.013681
0 0.376574 0.229914 0.019885 0.019609
0 0.171171 0.333295 0.016001 0.015340
0 0.869141 0.274574 0.013711 0.013657
0 0.266854 0.246706 0.019688 0.019601
0 0.535895 0.019181 0.014290 0.014444
0 0.147589 0.885612 0.014101 0.013813
0 0.850748 0.795663 0.012508 0.012375
0 0.681943 0.464566 0.013243 0.012793
0 0.732983 0.258478 0.014252 0.014251
0 0.015438 0.196211 0.014414 0.013878
0 0.857600 0.261193 0.013516 0.013466
0 0.744585 0.246297 0.014572 0.014557
0 0.704066 0.824623 0.022494 0.022561
0 0.743618 0.973384 0.013564 0.013068
0 0.141976 0.004857 0.015598 0.009714
0 0.499833 0.207319 0.015108 0.015034
0 0.994001 0.828567 0.011998 0.017041
0 0.003506 0.568063 0.006970 0.017527
0 0.046378 0.328228 0.019056 0.019145
0 0.105960 0.986456 0.014889 0.014822
0 0.885284 0.262365 0.017666 0.017546
0 0.004825 0.894252 0.009219 0.013133
0 0.136158 0.450183 0.014246 0.013801
0 0.671596 0.193222 0.020729 0.020829
0 0.921344 0.657563 0.014157 0.013881
0 0.345042 0.995319 0.014628 0.009299
0 0.447526 0.997617 0.015485 0.004717
0 0.787513 0.733711 0.022301 0.022447
0 0.913473 0.442041 0.019847 0.020340
0 0.368840 0.580929 0.015605 0.014649
0 0.376554 0.740073 0.023073 0.022714
0 0.151602 0.325946 0.013967 0.014110
