0 0.945366 0.854969 0.012705 0.012659
0 0.534846 0.573506 0.013615 0.013386
0 0.448229 0.482534 0.013602 0.013230
0 0.028391 0.484031 0.011400 0.011401
0 0.330945 0.518696 0.012236 0.012256
0 0.251214 0.394043 0.014161 0.013998
0 0.387705 0.873578 0.012311 0.012170
0 0.566997 0.295554 0.012540 0.012138
0 0.117859 0.409061 0.014620 0.014340
0 0.485595 0.394066 0.012355 0.012164
0 0.435016 0.810265 0.012652 0.012707
0 0.102357 0.599519 0.011161 0.011236
0 0.395404 0.481831 0.013746 0.013928
0 0.897278 0.670405 0.013481 0.013573
0 0.525319 0.349264 0.013198 0.013003
0 0.448913 0.958385 0.013174 0.013072
0 0.724576 0.424669 0.013110 0.013193
0 0.679381 0.583063 0.012926 0.012885
0 0.892887 0.017955 0.013289 0.013330
0 0.126295 0.665821 0.013731 0.013805
0 0.748201 0.618764 0.013501 0.013369
0 0.186232 0.415848 0.011730 0.011791
0 0.544600 0.456554 0.012120 0.011829
0 0.095293 0.864873 0.012382 0.012191
0 0.221531 0.469801 0.012886 0.012773
0 0.373856 0.628475 0.013171 0.012849
0 0.749154 0.031058 0.013808 0.013998
0 0.780406 0.764407 0.013677 0.014007
0 0.148026 0.267142 0.012281 0.012094
0 0.778170 0.478391 0.013514 0.013466
0 0.107926 0.981105 0.013323 0.013273
0 0.063251 0.864439 0.013504 0.013526
0 0.529262 0.686216 0.013006 0.012927
0 0.072829 0.042673 0.013687 0.013790
0 0.062788 0.104264 0.012282 0.012226
0 0.213001 0.405949 0.013367 0.013269
0 0.511804 0.639291 0.013519 0.013881
0 0.097181 0.768753 0.012687 0.012483
0 0.908843 0.773105 0.012690 0.012702
0 0.764272 0.304876 0.012921 0.012948
0 0.956428 0.240564 0.012895 0.013156
0 0.018302 0.215370 0.013170 0.013286
0 0.292959 0.736300 0.013364 0.013229
0 0.729316 0.915951 0.013695 0.013641
0 0.065951 0.161351 0.012022 0.011832
0 0.621369 0.228188 0.011823 0.011851
0 0.139301 0.233047 0.013500 0.013244
0 0.541650 0.976891 0.013115 0.012900
0 0.609137 0.496221 0.012245 0.012198
0 0.456265 0.367433 0.011972 0.012041
0 0.287659 0.605808 0.012968 0.013004
0 0.185387 0.891652 0.013054 0.013017
0 0.220348 0.010633 0.013438 0.013338
0 0.452061 0.555411 0.012519 0.012525
0 0.396455 0.755085 0.013245 0.013393
0 0.256073 0.962007 0.012884 0.012823
0 0.606541 0.665678 0.011789 0.012161
0 0.300062 0.490300 0.012300 0.012257
0 0.329611 0.054102 0.013825 0.013318
0 0.395254 0.942104 0.009620 0.009448
0 0.693875 0.326954 0.013139 0.013083
0 0.803905 0.701399 0.012468 0.012490
0 0.006330 0.545023 0.010631 0.010511
0 0.801973 0.330320 0.012465 0.012487
0 0.843697 0.209334 0.012304 0.012171
0 0.004391 0.100416 0.008750 0.012949
0 0.440195 0.128792 0.012729 0.012906
0 0.523462 0.371253 0.014114 0.013824
0 0.854298 0.179596 0.013541 0.013388
0 0.395197 0.512827 0.013301 0.013441
0 0.198066 0.814628 0.013285 0.013306
0 0.305535 0.227768 0.014107 0.014125
0 0.751273 0.075562 0.011612 0.011705
0 0.060187 0.534388 0.010875 0.010899
0 0.440599 0.060002 0.012551 0.012560
0 0.941401 0.489434 0.011693 0.011445
0 0.422068 0.556436 0.013467 0.013661
0 0.491947 0.206630 0.011467 0.011136
0 0.223826 0.648302 0.012436 0.012366
0 0.513836 0.931688 0.013805 0.013599
0 0.399243 0.570315 0.011914 0.011385
0 0.420542 0.759254 0.012928 0.012823
0 0.655530 0.229158 0.012001 0.011813
0 0.575814 0.005680 0.012902 0.011022
0 0.533809 0.635142 0.014769 0.014830
0 0.315485 0.009075 0.013190 0.013283
0 0.551404 0.998128 0.011501 0.003711
0 0.634864 0.303394 0.012377 0.012599
0 0.301465 0.996148 0.014292 0.007674
0 0.317026 0.352249 0.010876 0.010880
0 0.545217 0.040113 0.012223 0.012111
0 0.786190 0.005602 0.013786 0.011204
0 0.350073 0.127462 0.013150 0.012942
0 0.464340 0.088841 0.014529 0.014470
0 0.850097 0.710438 0.023750 0.024317
0 0.551437 0.023702 0.012762 0.012890
0 0.001728 0.419513 0.003456 0.014845
0 0.081546 0.015273 0.013216 0.013023
0 0.760245 0.726777 0.011144 0.011166
0 0.347205 0.290927 0.023310 0.023766
0 0.783068 0.005632 0.014590 0.011242
0 0.642982 0.028937 0.011106 0.011055
