0 0.196565 0.224999 0.012537 0.012438
0 0.266114 0.168489 0.012084 0.011947
0 0.031498 0.707177 0.013910 0.013694
0 0.052386 0.956170 0.012496 0.012457
0 0.023570 0.050360 0.011835 0.011664
0 0.747151 0.817490 0.013727 0.013771
0 0.748327 0.616386 0.012981 0.012677
0 0.434808 0.874303 0.013432 0.013755
0 0.199631 0.328400 0.012847 0.012866
0 0.473459 0.636031 0.011935 0.011922
0 0.939751 0.722296 0.013111 0.012870
0 0.580658 0.342844 0.011647 0.011783
0 0.112054 0.944966 0.011519 0.011378
0 0.175134 0.817602 0.013226 0.013276
0 0.060617 0.476282 0.012230 0.012335
0 0.110951 0.034249 0.012527 0.012618
0 0.084599 0.082598 0.011218 0.010918
0 0.565430 0.557893 0.012943 0.012889
0 0.141342 0.515630 0.012155 0.012319
0 0.187193 0.889686 0.013241 0.013233
0 0.176114 0.745448 0.012685 0.012591
0 0.319009 0.177119 0.012300 0.012509
0 0.927527 0.523399 0.012514 0.012663
0 0.302531 0.318255 0.012229 0.012150
0 0.424911 0.301149 0.010396 0.010136
0 0.213053 0.978184 0.013086 0.013199
0 0.070266 0.254702 0.012629 0.012686
0 0.405280 0.517469 0.011897 0.011704
0 0.876499 0.687020 0.013521 0.013517
0 0.458336 0.957296 0.012235 0.012300
0 0.528796 0.298989 0.011371 0.011206
0 0.304338 0.639472 0.010730 0.010732
0 0.327201 0.028265 0.012381 0.012456
0 0.225858 0.649866 0.012227 0.011864
0 0.973750 0.875824 0.011565 0.011245
0 0.262681 0.418078 0.011836 0.011794
0 0.546897 0.319303 0.012331 0.012519
0 0.946670 0.482647 0.012901 0.013149
0 0.016188 0.944899 0.011533 0.011448
0 0.098521 0.465783 0.012172 0.012001
0 0.353485 0.505478 0.011420 0.011398
0 0.477647 0.678807 0.011837 0.011978
0 0.169503 0.511252 0.011720 0.011881
0 0.566999 0.421821 0.013762 0.013755
0 0.091914 0.995156 0.011654 0.009640
0 0.532034 0.636098 0.020602 0.021042
0 0.006818 0.766418 0.012170 0.012165
0 0.110042 0.979014 0.013668 0.013801
0 0.699564 0.406624 0.010392 0.010427
0 0.543075 0.973206 0.011382 0.011276
0 0.006463 0.396798 0.012093 0.012618
0 0.679033 0.533582 0.012317 0.012140
0 0.344288 0.105729 0.011924 0.011381
0 0.246173 0.441066 0.012587 0.012337
0 0.376591 0.130880 0.011270 0.011481
0 0.478360 0.798214 0.010951 0.010761
0 0.343333 0.296785 0.022655 0.022287
0 0.668002 0.190143 0.015792 0.015636
0 0.281788 0.884987 0.011986 0.011596
0 0.224123 0.465960 0.012423 0.012434
0 0.449144 0.213667 0.016052 0.016113
0 0.342314 0.235379 0.010900 0.010690
0 0.881824 0.791999 0.015428 0.014797
0 0.810637 0.046881 0.012466 0.012211
0 0.816710 0.451274 0.009601 0.009448
0 0.235390 0.828591 0.011255 0.011390
0 0.182298 0.788850 0.011361 0.011506
0 0.475079 0.187932 0.012682 0.012382
0 0.374386 0.227053 0.018629 0.019309
0 0.852973 0.739019 0.011744 0.011789
