0 0.702455 0.642272 0.013615 0.013696
0 0.167549 0.324115 0.013234 0.013195
0 0.458808 0.312820 0.012489 0.012479
0 0.123505 0.130370 0.013421 0.013390
0 0.290985 0.810412 0.013323 0.013252
0 0.748291 0.618452 0.013222 0.013001
0 0.702611 0.555409 0.012752 0.012600
0 0.455085 0.960240 0.012199 0.011964
0 0.184858 0.891245 0.012795 0.012725
0 0.377228 0.513229 0.011434 0.011394
0 0.619971 0.052884 0.013231 0.013167
0 0.818797 0.621134 0.013597 0.013478
0 0.370788 0.452094 0.012314 0.012265
0 0.926892 0.450341 0.012693 0.012598
0 0.300160 0.590923 0.014081 0.013971
0 0.587702 0.925928 0.013175 0.012931
0 0.137277 0.470287 0.011695 0.011789
0 0.778070 0.537205 0.013414 0.013602
0 0.317264 0.974888 0.013136 0.012938
0 0.050942 0.270068 0.012235 0.012187
0 0.853549 0.978587 0.013071 0.012997
0 0.109675 0.980455 0.013768 0.013649
0 0.251519 0.858231 0.013774 0.013961
0 0.703621 0.425174 0.011559 0.011716
0 0.469869 0.470674 0.011842 0.011984
0 0.028924 0.957350 0.012924 0.012729
0 0.314492 0.142734 0.013464 0.013451
0 0.254241 0.219659 0.013857 0.013900
0 0.288641 0.273625 0.012446 0.012353
0 0.393206 0.287887 0.013209 0.013221
0 0.401155 0.656812 0.011916 0.011691
0 0.794072 0.739825 0.012658 0.012718
0 0.261760 0.416314 0.011638 0.011675
0 0.379436 0.305201 0.012092 0.011962
0 0.129936 0.729109 0.011835 0.011726
0 0.448180 0.684754 0.013318 0.013126
0 0.121696 0.369181 0.012436 0.012414
0 0.691119 0.944404 0.011524 0.011409
0 0.520071 0.598877 0.013993 0.014024
0 0.341889 0.634086 0.013152 0.013057
0 0.050760 0.099496 0.011983 0.011975
0 0.673744 0.482742 0.012568 0.012421
0 0.331637 0.518948 0.012037 0.012053
0 0.270187 0.705799 0.013159 0.013135
0 0.205345 0.367759 0.013820 0.013752
0 0.540868 0.974837 0.011467 0.011250
0 0.879309 0.502903 0.012025 0.012158
0 0.543624 0.767173 0.013630 0.013302
0 0.519203 0.113289 0.014526 0.014974
0 0.505097 0.737836 0.011883 0.012097
0 0.934048 0.955974 0.012591 0.012703
0 0.449259 0.166059 0.012064 0.012010
0 0.222830 0.470008 0.012464 0.012513
0 0.191338 0.656453 0.012358 0.012243
0 0.525246 0.349435 0.013113 0.012678
0 0.100406 0.273999 0.012531 0.012475
0 0.729285 0.730806 0.011588 0.011701
0 0.170026 0.943776 0.012452 0.012421
0 0.871883 0.530133 0.011921 0.011782
0 0.695511 0.032062 0.012692 0.012512
0 0.099157 0.441076 0.011841 0.011804
0 0.173761 0.545192 0.012652 0.012638
0 0.968065 0.669164 0.014512 0.014086
0 0.651058 0.174231 0.014517 0.014275
0 0.720579 0.301985 0.013307 0.013296
0 0.839168 0.227034 0.012566 0.012384
0 0.974549 0.699850 0.014563 0.014393
0 0.439979 0.909797 0.011657 0.011464
0 0.666434 0.052616 0.011791 0.011934
0 0.967496 0.122862 0.011987 0.011919
0 0.796293 0.893673 0.012126 0.011918
0 0.929112 0.631164 0.012455 0.011970
0 0.529477 0.629796 0.020696 0.020190
0 0.737077 0.527852 0.012471 0.012426
0 0.847863 0.711258 0.021125 0.020976
0 0.943664 0.221729 0.011084 0.011232
0 0.066591 0.675557 0.012489 0.012100
0 0.905225 0.078320 0.011398 0.011514
0 0.732456 0.905241 0.009501 0.009271
0 0.486245 0.369194 0.010682 0.010461
0 0.982292 0.832950 0.013186 0.013539
0 0.267829 0.104595 0.012786 0.012621
0 0.776091 0.402325 0.012177 0.012301
0 0.123126 0.822525 0.012337 0.012234
0 0.484448 0.559651 0.011614 0.012215
0 0.553970 0.099581 0.011575 0.011553
0 0.512300 0.353018 0.012435 0.012192
0 0.724097 0.115935 0.011401 0.011350
0 0.153654 0.709991 0.012575 0.012356
0 0.441676 0.059179 0.012017 0.011946
0 0.155607 0.085866 0.012665 0.012526
0 0.432791 0.531716 0.010691 0.011061
0 0.346127 0.600285 0.012976 0.013043
0 0.788361 0.005407 0.012618 0.010814
0 0.702536 0.813739 0.022132 0.022498
0 0.830095 0.643954 0.015760 0.015851
0 0.595186 0.573877 0.012479 0.012219
0 0.831400 0.003299 0.011349 0.006576
0 0.865763 0.287722 0.012055 0.012184
0 0.485077 0.549524 0.009344 0.008798
0 0.430324 0.765053 0.011674 0.011624
0 0.047550 0.685646 0.012998 0.012886
0 0.613570 0.788579 0.012542 0.012627
0 0.325421 0.803407 0.012068 0.011855
0 0.908464 0.768186 0.011220 0.011056
0 0.716445 0.694090 0.011947 0.011803
0 0.664446 0.271689 0.012191 0.012005
0 0.410739 0.955886 0.012413 0.012244
0 0.345225 0.290187 0.024339 0.024209
0 0.775210 0.005088 0.012816 0.010176
0 0.822577 0.185185 0.011738 0.011881
