0 0.917127 0.789990 0.013036 0.013279
0 0.361931 0.484212 0.013783 0.013672
0 0.858072 0.546715 0.013768 0.013683
0 0.710245 0.456705 0.013937 0.013555
0 0.040608 0.944678 0.013194 0.013318
0 0.976667 0.634173 0.012623 0.012652
0 0.679438 0.788057 0.013334 0.013084
0 0.253476 0.404803 0.012075 0.011974
0 0.894982 0.704045 0.013696 0.013766
0 0.154584 0.707882 0.012443 0.012489
0 0.257375 0.835382 0.012788 0.012699
0 0.963453 0.721238 0.012741 0.012606
0 0.213463 0.036217 0.013997 0.013810
0 0.108383 0.568915 0.013650 0.013416
0 0.334987 0.716135 0.013074 0.012945
0 0.542026 0.976025 0.013299 0.013069
0 0.747578 0.619806 0.013382 0.013303
0 0.174714 0.377861 0.013848 0.013756
0 0.104135 0.339389 0.012465 0.012392
0 0.586987 0.971399 0.012313 0.012060
0 0.596107 0.798795 0.013135 0.013062
0 0.796389 0.499262 0.013526 0.013588
0 0.255288 0.221570 0.013089 0.013112
0 0.303645 0.055482 0.013377 0.013337
0 0.380385 0.577877 0.011908 0.011745
0 0.184455 0.891471 0.012683 0.012666
0 0.181315 0.514486 0.013698 0.013622
0 0.097636 0.537643 0.012347 0.012556
0 0.287064 0.141958 0.013980 0.013895
0 0.445127 0.129604 0.013820 0.013819
0 0.608654 0.675172 0.012620 0.012543
0 0.067718 0.655083 0.013650 0.013681
0 0.416365 0.483468 0.012806 0.012779
0 0.406512 0.708297 0.012612 0.012736
0 0.523699 0.349732 0.013008 0.012764
0 0.292766 0.719899 0.011380 0.011213
0 0.326265 0.678691 0.011070 0.011220
0 0.132964 0.955196 0.012996 0.012721
0 0.935918 0.682163 0.011159 0.010923
0 0.331404 0.518899 0.012926 0.012664
0 0.090822 0.811704 0.012319 0.012233
0 0.421041 0.981375 0.012344 0.012362
0 0.340670 0.456391 0.013351 0.012967
0 0.107140 0.980347 0.013330 0.013126
0 0.221442 0.469613 0.012692 0.012570
0 0.537979 0.669019 0.013288 0.013245
0 0.191559 0.968869 0.013773 0.013789
0 0.440784 0.059244 0.012360 0.012621
0 0.128568 0.027437 0.012944 0.012637
0 0.543394 0.216941 0.012052 0.012288
0 0.097293 0.488936 0.012689 0.012852
0 0.651491 0.936179 0.012635 0.012522
0 0.399622 0.854455 0.014009 0.013886
0 0.213210 0.759560 0.012988 0.012815
0 0.136182 0.553055 0.013095 0.012886
0 0.310663 0.255774 0.012884 0.012495
0 0.316604 0.821606 0.011810 0.011699
0 0.583533 0.628451 0.012803 0.012948
0 0.278883 0.351158 0.010356 0.010342
0 0.303915 0.282546 0.012503 0.012980
0 0.700517 0.296246 0.012761 0.012870
0 0.119357 0.639722 0.012446 0.012806
0 0.495847 0.544848 0.014743 0.014563
0 0.666754 0.311929 0.012302 0.012141
0 0.102705 0.410757 0.013339 0.013339
0 0.619454 0.314299 0.011948 0.011941
0 0.739434 0.040540 0.013909 0.013936
0 0.395255 0.167680 0.012983 0.013084
0 0.226452 0.647723 0.010719 0.010841
0 0.121416 0.891095 0.011851 0.011984
0 0.115170 0.244133 0.012170 0.012310
0 0.858534 0.797762 0.012882 0.012304
0 0.534143 0.252733 0.011620 0.011541
0 0.860897 0.359799 0.011452 0.011732
0 0.778480 0.552438 0.012522 0.012250
0 0.978493 0.403611 0.013915 0.013851
0 0.295681 0.437229 0.009891 0.009551
0 0.432112 0.013762 0.013157 0.012793
0 0.164502 0.774892 0.012774 0.012462
0 0.727427 0.486232 0.012367 0.012663
0 0.508115 0.301089 0.012184 0.012082
0 0.805615 0.122573 0.012219 0.012109
0 0.211177 0.239454 0.012731 0.012693
0 0.586584 0.004739 0.012254 0.009479
0 0.892543 0.069529 0.012638 0.012604
0 0.396846 0.942520 0.009837 0.009864
0 0.641972 0.690759 0.011860 0.011708
0 0.930601 0.077504 0.011589 0.011567
0 0.421937 0.555990 0.012754 0.012549
0 0.859124 0.156791 0.011652 0.011589
0 0.308626 0.125335 0.011860 0.011552
0 0.443178 0.201602 0.011668 0.011728
0 0.871189 0.342932 0.012000 0.012187
0 0.995858 0.425200 0.008260 0.010259
0 0.109761 0.136675 0.012857 0.012203
0 0.714393 0.083817 0.012659 0.012502
0 0.988017 0.850517 0.011362 0.011024
0 0.850188 0.710230 0.020827 0.020253
0 0.430933 0.002539 0.011833 0.005078
0 0.533121 0.630436 0.023501 0.023240
0 0.889775 0.587651 0.011107 0.010421
0 0.785797 0.005647 0.013382 0.011295
0 0.495248 0.221157 0.010625 0.010291
0 0.672797 0.421805 0.011199 0.011055
0 0.219375 0.862811 0.013409 0.013611
0 0.269433 0.775155 0.011045 0.010847
0 0.309355 0.012054 0.012908 0.012835
0 0.782672 0.005594 0.015493 0.011170
0 0.882776 0.436560 0.013319 0.013576
0 0.278917 0.787913 0.010854 0.010817
0 0.227084 0.668044 0.011085 0.010508
0 0.772976 0.171538 0.011605 0.011656
0 0.760635 0.706817 0.012497 0.012732
0 0.542254 0.018420 0.008654 0.009148
0 0.631536 0.813220 0.012081 0.011737
0 0.494551 0.219872 0.011116 0.010645
