0 0.061335 0.471062 0.011431 0.011175
0 0.460503 0.958277 0.012351 0.012249
0 0.133035 0.206204 0.012266 0.012108
0 0.747475 0.617308 0.012541 0.012584
0 0.152903 0.934066 0.013490 0.013460
0 0.063218 0.241087 0.013336 0.013195
0 0.144207 0.531365 0.012840 0.012549
0 0.266423 0.170569 0.012708 0.012566
0 0.123873 0.066895 0.012696 0.012614
0 0.212847 0.232630 0.012068 0.012022
0 0.186693 0.889118 0.013337 0.013189
0 0.116400 0.783436 0.011943 0.011880
0 0.421167 0.430314 0.014135 0.014152
0 0.182151 0.464981 0.011625 0.011613
0 0.648213 0.283286 0.010995 0.010831
0 0.543216 0.973639 0.011873 0.011814
0 0.424480 0.204622 0.011857 0.011531
0 0.567657 0.321503 0.013026 0.012880
0 0.214041 0.766873 0.013791 0.013781
0 0.417703 0.855078 0.012164 0.012112
0 0.542775 0.145896 0.012264 0.012149
0 0.931567 0.455840 0.011913 0.012024
0 0.134070 0.037554 0.010285 0.010043
0 0.108743 0.978857 0.013651 0.013680
0 0.672053 0.926636 0.011387 0.011710
0 0.529935 0.636759 0.020920 0.020551
0 0.525328 0.347063 0.012230 0.012023
0 0.451405 0.142779 0.011771 0.011816
0 0.542203 0.217952 0.010839 0.010715
0 0.240550 0.787822 0.012733 0.012669
0 0.088429 0.284370 0.011843 0.011531
0 0.226060 0.649542 0.012582 0.012428
0 0.321896 0.473886 0.010583 0.010542
0 0.964715 0.215566 0.010269 0.010016
0 0.457870 0.262159 0.011624 0.011689
0 0.474758 0.632117 0.011775 0.011779
0 0.271022 0.405121 0.011588 0.011629
0 0.039232 0.570578 0.012702 0.012553
0 0.349540 0.015587 0.012181 0.012269
0 0.222737 0.466550 0.011522 0.011459
0 0.167465 0.803998 0.012445 0.012443
0 0.764655 0.807121 0.013158 0.013135
0 0.353586 0.514616 0.011585 0.011463
0 0.051132 0.012963 0.012514 0.012405
0 0.846920 0.717898 0.020680 0.020261
0 0.342347 0.737179 0.012335 0.012415
0 0.641951 0.344105 0.010669 0.010733
0 0.035501 0.404075 0.011412 0.011336
0 0.779310 0.020614 0.011722 0.011657
0 0.583244 0.782469 0.009369 0.009033
0 0.465659 0.793885 0.011787 0.011581
0 0.336963 0.114654 0.012272 0.012026
0 0.759211 0.591946 0.009157 0.008966
0 0.810430 0.265103 0.009879 0.009507
0 0.687585 0.497388 0.010045 0.010416
0 0.147196 0.803921 0.011389 0.011232
0 0.983335 0.416078 0.010253 0.010396
0 0.458293 0.613911 0.010253 0.009833
0 0.375858 0.227793 0.018172 0.018510
0 0.344903 0.297638 0.021803 0.021552
