0 0.581965 0.309635 0.014151 0.014077
0 0.762679 0.280463 0.013133 0.012841
0 0.636898 0.182130 0.012616 0.012690
0 0.960977 0.359865 0.012437 0.012410
0 0.276990 0.402319 0.012596 0.012584
0 0.927834 0.273611 0.012314 0.012360
0 0.860605 0.235380 0.013431 0.013192
0 0.525277 0.347027 0.013826 0.013584
0 0.780368 0.032719 0.013455 0.013302
0 0.559649 0.530221 0.012729 0.012586
0 0.420390 0.287982 0.013751 0.013685
0 0.811490 0.345938 0.012916 0.012923
0 0.748225 0.617634 0.013318 0.013254
0 0.909406 0.029257 0.010275 0.010776
0 0.117146 0.498648 0.012231 0.011922
0 0.953473 0.164173 0.011786 0.011755
0 0.401670 0.738039 0.013464 0.013522
0 0.635166 0.268523 0.013954 0.014030
0 0.854306 0.048439 0.013460 0.013315
0 0.434329 0.179418 0.013843 0.013805
0 0.734836 0.536268 0.011361 0.011101
0 0.717171 0.685603 0.012078 0.012225
0 0.187299 0.255005 0.012002 0.011925
0 0.446945 0.022812 0.013541 0.013456
0 0.217373 0.174859 0.014111 0.013905
0 0.722852 0.351834 0.013057 0.012868
0 0.478334 0.436466 0.012552 0.012740
0 0.533966 0.676691 0.011338 0.011238
0 0.474059 0.331767 0.013535 0.013551
0 0.556316 0.191632 0.013861 0.013804
0 0.420533 0.671260 0.013351 0.013415
0 0.658109 0.072089 0.012974 0.012891
0 0.576848 0.898087 0.012655 0.012590
0 0.033118 0.143122 0.012315 0.012194
0 0.902814 0.278242 0.011559 0.011650
0 0.441813 0.058559 0.012458 0.012395
0 0.903077 0.406783 0.012677 0.012483
0 0.827140 0.038757 0.012198 0.012217
0 0.223851 0.467538 0.012600 0.012514
0 0.641185 0.495514 0.011656 0.011385
0 0.186828 0.891012 0.013268 0.013229
0 0.624117 0.364209 0.013095 0.012996
0 0.067179 0.390339 0.013811 0.013614
0 0.272294 0.213903 0.013137 0.013199
0 0.763354 0.080985 0.010779 0.010675
0 0.688512 0.738688 0.012587 0.012445
0 0.518007 0.459161 0.011054 0.010924
0 0.543121 0.821658 0.013331 0.013241
0 0.455833 0.520628 0.010590 0.010647
0 0.308231 0.048343 0.012095 0.012151
0 0.729295 0.664939 0.013341 0.013201
0 0.124462 0.208064 0.012548 0.012508
0 0.331673 0.518049 0.012511 0.012408
0 0.392640 0.132579 0.011452 0.011453
0 0.419307 0.597983 0.012157 0.011996
0 0.035990 0.274063 0.012268 0.011927
0 0.329175 0.603489 0.010463 0.010386
0 0.110664 0.980751 0.014134 0.014068
0 0.430366 0.227608 0.012712 0.012733
0 0.270423 0.849981 0.011951 0.012188
0 0.481034 0.052550 0.012588 0.012458
0 0.750265 0.567045 0.013038 0.012973
0 0.215240 0.076462 0.012412 0.012504
0 0.241481 0.494355 0.011374 0.011476
0 0.297909 0.842941 0.013671 0.013950
0 0.149485 0.974852 0.013179 0.013093
0 0.255108 0.624399 0.011546 0.011555
0 0.492916 0.465721 0.012629 0.012170
0 0.785280 0.469799 0.009588 0.009679
0 0.459956 0.960038 0.012962 0.012786
0 0.365104 0.469821 0.010557 0.010350
0 0.505681 0.970516 0.012447 0.012419
0 0.543657 0.973029 0.012594 0.012460
0 0.329107 0.821244 0.010459 0.010538
0 0.327602 0.553793 0.012612 0.012736
0 0.137669 0.654377 0.012049 0.012215
0 0.142916 0.770530 0.010549 0.010209
0 0.137154 0.870148 0.013864 0.013763
0 0.495728 0.042211 0.011514 0.011485
0 0.060658 0.973718 0.012680 0.012881
0 0.564710 0.253933 0.011250 0.011130
0 0.045172 0.819155 0.012195 0.012120
0 0.162087 0.902341 0.011665 0.011835
0 0.305328 0.494081 0.011933 0.011915
0 0.730862 0.448014 0.011886 0.011684
0 0.509990 0.037871 0.010905 0.010245
0 0.164387 0.673098 0.009419 0.009687
0 0.324658 0.852660 0.012260 0.012048
0 0.226170 0.648595 0.011454 0.011358
0 0.773837 0.004242 0.011778 0.008483
0 0.013565 0.608908 0.012533 0.012424
0 0.078154 0.637697 0.010834 0.010750
0 0.596479 0.407919 0.010041 0.009636
0 0.138196 0.490948 0.011189 0.011262
0 0.313385 0.774829 0.012605 0.012732
0 0.677032 0.542272 0.010863 0.010600
0 0.619435 0.105851 0.011586 0.011631
0 0.817283 0.512149 0.012059 0.012390
