0 0.221737 0.055055 0.012472 0.012397
0 0.654026 0.498753 0.012870 0.012863
0 0.138687 0.159493 0.012373 0.012512
0 0.171433 0.312013 0.012179 0.012400
0 0.867306 0.628463 0.013996 0.013939
0 0.068784 0.693358 0.012268 0.012420
0 0.569987 0.209488 0.013068 0.012960
0 0.768725 0.688122 0.012871 0.013085
0 0.085998 0.563627 0.011764 0.011714
0 0.150192 0.069072 0.012839 0.012865
0 0.955861 0.509773 0.015722 0.015397
0 0.010381 0.177890 0.011744 0.011458
0 0.324747 0.316793 0.012673 0.012665
0 0.044106 0.516438 0.012225 0.012269
0 0.052407 0.019857 0.011958 0.011522
0 0.301463 0.245470 0.013096 0.013091
0 0.138219 0.719381 0.012627 0.012435
0 0.093243 0.027387 0.012425 0.012491
0 0.489533 0.084879 0.012535 0.012402
0 0.278988 0.436424 0.012177 0.012021
0 0.072432 0.461687 0.012623 0.012464
0 0.072693 0.172650 0.013114 0.012911
0 0.167593 0.729850 0.012469 0.012294
0 0.555920 0.091473 0.012369 0.012631
0 0.735024 0.621105 0.014491 0.014466
0 0.582577 0.312972 0.012693 0.012659
0 0.511214 0.079794 0.013325 0.013145
0 0.817058 0.441164 0.012678 0.012559
0 0.606733 0.331331 0.012820 0.012834
0 0.656018 0.422112 0.012753 0.012650
0 0.449608 0.236481 0.014159 0.014219
0 0.653784 0.572309 0.013270 0.012826
0 0.807791 0.457627 0.013253 0.012911
0 0.822145 0.651479 0.013102 0.013465
0 0.133266 0.547922 0.012024 0.011956
0 0.527058 0.899447 0.011884 0.012028
0 0.316614 0.892857 0.011444 0.011393
0 0.141910 0.111139 0.013541 0.013354
0 0.112957 0.152266 0.014249 0.014172
0 0.778112 0.524914 0.012450 0.012329
0 0.628902 0.797112 0.012953 0.012857
0 0.070528 0.840128 0.013108 0.012989
0 0.995247 0.455853 0.009502 0.013317
0 0.300991 0.365262 0.013441 0.013267
0 0.775305 0.028411 0.013273 0.012936
0 0.017385 0.794928 0.013418 0.013392
0 0.112794 0.358501 0.012720 0.012899
0 0.896796 0.788706 0.014216 0.014490
0 0.646901 0.845021 0.012337 0.012435
0 0.555162 0.006557 0.012509 0.012181
0 0.628141 0.653587 0.010655 0.010662
0 0.269007 0.915387 0.011638 0.011750
0 0.203543 0.993974 0.010649 0.010605
0 0.815098 0.727685 0.012642 0.012671
0 0.461316 0.840639 0.012550 0.012313
0 0.727406 0.318426 0.011454 0.011498
0 0.822886 0.752257 0.013044 0.013111
0 0.937473 0.079749 0.013689 0.013769
0 0.552807 0.679548 0.013192 0.013358
0 0.380186 0.486899 0.012761 0.012563
0 0.272099 0.669389 0.012148 0.012019
0 0.863595 0.521323 0.013744 0.013714
0 0.821347 0.517835 0.016310 0.015678
0 0.807297 0.743161 0.011872 0.011628
0 0.944519 0.051231 0.013812 0.013844
0 0.499760 0.961150 0.012614 0.012585
0 0.426717 0.242270 0.013374 0.013394
0 0.883609 0.495679 0.012195 0.012263
0 0.434140 0.168299 0.014367 0.014258
0 0.520780 0.971918 0.011345 0.011242
0 0.760121 0.013911 0.013208 0.013256
0 0.071542 0.977135 0.011587 0.011763
0 0.171493 0.796630 0.011832 0.011634
0 0.290967 0.555069 0.011536 0.011469
0 0.441621 0.488323 0.012512 0.012533
0 0.820330 0.974690 0.011419 0.011270
0 0.828245 0.597084 0.013858 0.013443
0 0.148672 0.286022 0.013175 0.013228
0 0.652441 0.521294 0.012696 0.012718
0 0.949977 0.386857 0.012874 0.012836
0 0.532759 0.429315 0.012834 0.012772
0 0.545125 0.109534 0.012204 0.012163
0 0.239718 0.888181 0.012327 0.012396
0 0.292244 0.751360 0.011709 0.011968
0 0.763578 0.486347 0.014331 0.014399
0 0.725683 0.871227 0.011539 0.011394
0 0.494358 0.628267 0.012719 0.012844
0 0.800330 0.958572 0.011091 0.011412
0 0.617226 0.439701 0.014935 0.014913
0 0.470982 0.608663 0.013021 0.013284
0 0.565394 0.573726 0.012560 0.012666
0 0.650407 0.367017 0.012334 0.011913
0 0.855063 0.374283 0.015031 0.015053
0 0.387169 0.834133 0.014118 0.013950
0 0.003585 0.416297 0.007097 0.011871
0 0.884520 0.855760 0.011661 0.011878
0 0.858721 0.312933 0.012426 0.012606
0 0.838272 0.986381 0.011134 0.010992
0 0.750578 0.064833 0.013006 0.012827
