0 0.268018 0.824631 0.013566 0.013676
0 0.525608 0.347262 0.013169 0.013054
0 0.174853 0.528908 0.013130 0.012793
0 0.302865 0.379169 0.011831 0.011721
0 0.346996 0.032782 0.013864 0.013866
0 0.403219 0.233807 0.013042 0.012913
0 0.284566 0.423906 0.012362 0.012767
0 0.425079 0.097827 0.013515 0.013586
0 0.748760 0.617439 0.013331 0.013336
0 0.445725 0.731575 0.013947 0.014000
0 0.204865 0.583358 0.013622 0.013580
0 0.113020 0.170380 0.012491 0.012508
0 0.230970 0.545547 0.014070 0.013871
0 0.170358 0.794237 0.012751 0.012550
0 0.540723 0.038120 0.013018 0.012954
0 0.607783 0.470675 0.013524 0.013463
0 0.103175 0.416252 0.012185 0.012085
0 0.233596 0.585520 0.013057 0.013137
0 0.404555 0.105990 0.013648 0.013467
0 0.903393 0.560804 0.013168 0.013112
0 0.842588 0.087648 0.012556 0.012340
0 0.850115 0.749110 0.012866 0.012833
0 0.797832 0.166945 0.013431 0.013321
0 0.309125 0.685530 0.013487 0.013460
0 0.829972 0.405050 0.010812 0.010597
0 0.312329 0.122468 0.014187 0.013997
0 0.487909 0.397491 0.011990 0.011781
0 0.623223 0.691175 0.013305 0.013167
0 0.145179 0.302492 0.012203 0.012081
0 0.045684 0.135729 0.013007 0.013079
0 0.086594 0.337874 0.012917 0.012768
0 0.459097 0.769100 0.013603 0.013472
0 0.334307 0.532792 0.011522 0.011450
0 0.162831 0.674134 0.013382 0.013419
0 0.560291 0.113714 0.013949 0.013986
0 0.819948 0.880788 0.012433 0.012546
0 0.655670 0.008350 0.013855 0.013897
0 0.817515 0.080379 0.011467 0.011632
0 0.544888 0.973582 0.014231 0.014044
0 0.808014 0.677415 0.012068 0.012019
0 0.056173 0.413976 0.013618 0.013559
0 0.313816 0.809430 0.014613 0.014576
0 0.299930 0.153126 0.012032 0.011966
0 0.372934 0.806861 0.010525 0.010249
0 0.583685 0.271069 0.012684 0.012894
0 0.610820 0.956360 0.013645 0.014001
0 0.927248 0.309029 0.011477 0.011567
0 0.831928 0.240678 0.011091 0.011108
0 0.489001 0.662295 0.012258 0.012019
0 0.927159 0.392369 0.011947 0.011895
0 0.594830 0.717036 0.013214 0.013127
0 0.312530 0.955062 0.012224 0.012195
0 0.680419 0.918295 0.012864 0.013014
0 0.809513 0.807124 0.012961 0.012928
0 0.461536 0.959667 0.013408 0.013288
0 0.862630 0.599146 0.013308 0.013439
0 0.700143 0.163390 0.012251 0.012231
0 0.331474 0.517853 0.012407 0.012190
0 0.102992 0.738134 0.013959 0.013799
0 0.683879 0.298476 0.012357 0.012396
0 0.355855 0.969947 0.012968 0.013025
0 0.530560 0.851911 0.013363 0.013237
0 0.010018 0.486867 0.013741 0.013730
0 0.186508 0.890644 0.013103 0.013111
0 0.724372 0.577490 0.010983 0.011189
0 0.445957 0.058913 0.012864 0.012908
0 0.576185 0.691037 0.011476 0.011585
0 0.597997 0.010572 0.013823 0.014399
0 0.116715 0.023187 0.012690 0.012649
0 0.313286 0.614686 0.011711 0.011658
0 0.645821 0.858822 0.013405 0.013547
0 0.226468 0.650799 0.012071 0.011657
0 0.004082 0.385811 0.008151 0.013819
0 0.223543 0.467532 0.013229 0.013230
0 0.319736 0.647372 0.012423 0.012542
0 0.472376 0.463873 0.012662 0.012806
0 0.975583 0.084751 0.011389 0.011681
0 0.187187 0.715129 0.013038 0.012930
0 0.086941 0.366699 0.011852 0.011760
0 0.005170 0.597513 0.010244 0.012463
0 0.109598 0.979966 0.013796 0.013814
0 0.665267 0.124075 0.011685 0.011517
0 0.879193 0.471160 0.011584 0.011540
0 0.628611 0.639267 0.012460 0.012335
0 0.358678 0.837762 0.011338 0.011245
0 0.350651 0.479264 0.010878 0.010881
0 0.847090 0.120574 0.012364 0.012310
0 0.496490 0.542067 0.012213 0.012033
0 0.440557 0.247162 0.011564 0.011356
0 0.325499 0.720665 0.013487 0.013997
0 0.099359 0.439471 0.012534 0.012210
0 0.177995 0.005974 0.011371 0.010614
0 0.786639 0.004757 0.012716 0.009425
0 0.421766 0.555691 0.014276 0.014102
0 0.660052 0.178069 0.013178 0.013273
0 0.268312 0.860091 0.012321 0.012382
0 0.913674 0.996676 0.011388 0.006649
0 0.025574 0.416574 0.013083 0.012929
0 0.701403 0.042222 0.012023 0.011596
0 0.774214 0.004451 0.012194 0.008903
0 0.801878 0.029474 0.013004 0.012852
0 0.153449 0.633899 0.011259 0.010814
0 0.345359 0.294969 0.024742 0.024589
