0 0.163406 0.216417 0.013665 0.013639
0 0.149756 0.912920 0.014320 0.013894
0 0.801617 0.246869 0.011597 0.011496
0 0.712355 0.628660 0.011681 0.011779
0 0.214090 0.887367 0.013477 0.013560
0 0.280309 0.436236 0.012443 0.012343
0 0.026272 0.081113 0.013448 0.013494
0 0.526422 0.494304 0.013019 0.013048
0 0.622498 0.485041 0.012853 0.012767
0 0.092251 0.390458 0.014253 0.014140
0 0.202851 0.628755 0.011954 0.012033
0 0.227276 0.274939 0.012466 0.012454
0 0.441710 0.622780 0.012774 0.012715
0 0.176724 0.795530 0.012752 0.012654
0 0.605883 0.538552 0.013027 0.012965
0 0.708370 0.553488 0.011184 0.011252
0 0.902010 0.647686 0.012851 0.012796
0 0.433094 0.433675 0.012232 0.012311
0 0.652235 0.647418 0.011654 0.011575
0 0.178333 0.071118 0.013703 0.013867
0 0.019174 0.412407 0.012032 0.012045
0 0.765625 0.217912 0.013173 0.013242
0 0.736526 0.619308 0.014315 0.014307
0 0.113849 0.504773 0.012364 0.012139
0 0.375872 0.556084 0.012909 0.012783
0 0.599415 0.898873 0.011459 0.011517
0 0.466775 0.342476 0.012788 0.012572
0 0.604779 0.447462 0.014093 0.013979
0 0.792938 0.064098 0.012496 0.012417
0 0.494956 0.354495 0.014471 0.014399
0 0.350423 0.736888 0.012304 0.012577
0 0.099365 0.936084 0.012130 0.012339
0 0.066078 0.746824 0.013702 0.013715
0 0.468012 0.393737 0.011310 0.011150
0 0.936031 0.254477 0.012552 0.012419
0 0.103882 0.531018 0.013635 0.013748
0 0.273771 0.839168 0.012628 0.012651
0 0.840421 0.106495 0.011819 0.011669
0 0.766447 0.534112 0.013367 0.013206
0 0.006782 0.878636 0.012951 0.013669
0 0.253458 0.957280 0.012565 0.012484
0 0.064760 0.121884 0.012523 0.012609
0 0.272581 0.285319 0.013300 0.012686
0 0.487508 0.989999 0.012711 0.012794
0 0.286061 0.358772 0.012438 0.012451
0 0.281411 0.559228 0.013580 0.013567
0 0.609217 0.634631 0.014281 0.014294
0 0.626593 0.325686 0.013946 0.013952
0 0.321438 0.144871 0.013260 0.013113
0 0.546470 0.183878 0.013478 0.013499
0 0.632214 0.394586 0.013755 0.013743
0 0.573490 0.174209 0.013525 0.013495
0 0.073594 0.827030 0.013240 0.012999
0 0.950752 0.539104 0.013052 0.013149
0 0.358232 0.958217 0.013677 0.013683
0 0.704505 0.593585 0.013141 0.013029
0 0.381978 0.461254 0.013402 0.013556
0 0.799699 0.032705 0.012222 0.012414
0 0.928155 0.382846 0.012693 0.012672
0 0.727642 0.754673 0.013213 0.013117
0 0.424550 0.271543 0.012780 0.012671
0 0.536430 0.516373 0.014271 0.014160
0 0.884629 0.434273 0.014005 0.014064
0 0.347941 0.907377 0.012370 0.012079
0 0.835463 0.230816 0.012382 0.012605
0 0.957210 0.949686 0.012593 0.012540
0 0.125975 0.472953 0.014250 0.014701
0 0.577379 0.910796 0.013160 0.013162
0 0.307679 0.823852 0.012906 0.012868
0 0.587944 0.266710 0.012422 0.012487
0 0.521544 0.429555 0.012076 0.011975
0 0.901443 0.533356 0.012930 0.012994
0 0.854738 0.115434 0.009558 0.009740
0 0.348843 0.295525 0.023914 0.023768
0 0.090953 0.577077 0.012918 0.012932
0 0.939168 0.036273 0.009990 0.009520
0 0.722084 0.474705 0.013396 0.013450
0 0.920182 0.270576 0.013410 0.013256
0 0.280190 0.745921 0.012392 0.012259
0 0.458900 0.685774 0.013822 0.013957
0 0.959024 0.854743 0.013917 0.013976
0 0.983651 0.510475 0.015833 0.015073
0 0.864285 0.068345 0.011711 0.011831
0 0.413803 0.994431 0.012212 0.010850
0 0.943465 0.006829 0.014085 0.013379
0 0.968826 0.590551 0.012099 0.011745
0 0.863796 0.259319 0.012739 0.012735
0 0.005186 0.921821 0.010371 0.013139
0 0.767198 0.911283 0.013029 0.013019
0 0.612869 0.993746 0.010732 0.010762
0 0.736818 0.977017 0.012815 0.013026
0 0.750069 0.726527 0.013153 0.013176
0 0.889952 0.578932 0.013174 0.013095
0 0.516650 0.253926 0.010928 0.010785
0 0.087953 0.913381 0.012734 0.012681
0 0.876741 0.455025 0.011906 0.012038
0 0.761545 0.289421 0.013885 0.013933
0 0.417118 0.360663 0.011655 0.011447
0 0.802744 0.537680 0.012111 0.011908
0 0.776977 0.462202 0.011559 0.011407
0 0.533581 0.638510 0.018600 0.018463
0 0.171909 0.746188 0.011885 0.011854
0 0.956323 0.448453 0.011458 0.011335
0 0.099782 0.870842 0.010175 0.010135
0 0.363825 0.746436 0.013098 0.012847
0 0.712672 0.948476 0.012470 0.012367
0 0.992819 0.745612 0.012873 0.013107
0 0.518425 0.989287 0.014331 0.014176
0 0.785157 0.422552 0.012582 0.012576
0 0.613964 0.790827 0.012700 0.012619
0 0.209377 0.585969 0.010606 0.010361
0 0.705019 0.816416 0.021151 0.021495
0 0.989313 0.938432 0.013098 0.012708
0 0.795135 0.405866 0.009740 0.009811
0 0.895382 0.822027 0.011777 0.011743
0 0.911006 0.990959 0.012238 0.012319
0 0.445585 0.005991 0.013362 0.011976
0 0.436259 0.979438 0.012948 0.013029
0 0.564111 0.577151 0.012780 0.012787
0 0.445244 0.295855 0.012781 0.013153
0 0.451242 0.277187 0.012655 0.012379
0 0.833744 0.553870 0.012339 0.012541
0 0.790187 0.485613 0.013720 0.013201
0 0.916114 0.024509 0.011327 0.010839
0 0.998309 0.217444 0.003305 0.012748
0 0.849849 0.716092 0.023110 0.022879
0 0.848422 0.537246 0.013231 0.012852
0 0.995498 0.333335 0.009005 0.011700
0 0.068431 0.572460 0.019076 0.018803
0 0.635692 0.084530 0.023335 0.023787
0 0.536764 0.651007 0.010560 0.009953
