0 0.934769 0.628680 0.012755 0.012665
0 0.088864 0.482623 0.011971 0.011858
0 0.279015 0.436148 0.012271 0.012236
0 0.766482 0.536172 0.013866 0.013750
0 0.964527 0.725002 0.011894 0.011516
0 0.195021 0.533822 0.013449 0.013493
0 0.200729 0.618274 0.011672 0.011501
0 0.130653 0.439082 0.013628 0.013362
0 0.300519 0.779983 0.013433 0.013167
0 0.755116 0.153096 0.012994 0.013015
0 0.622078 0.513879 0.014258 0.014143
0 0.625241 0.299822 0.013925 0.013940
0 0.386985 0.200687 0.013028 0.012838
0 0.745138 0.703268 0.012978 0.012920
0 0.054410 0.150627 0.013520 0.013499
0 0.248648 0.261858 0.013298 0.013256
0 0.707780 0.361074 0.013244 0.013493
0 0.032858 0.064920 0.013966 0.013864
0 0.685607 0.547649 0.012526 0.012663
0 0.946274 0.857876 0.013702 0.013559
0 0.504085 0.448442 0.013184 0.013261
0 0.475023 0.391642 0.010972 0.010885
0 0.346037 0.783918 0.012054 0.011952
0 0.121974 0.629599 0.013393 0.013374
0 0.766885 0.278504 0.012658 0.012569
0 0.660765 0.746933 0.012875 0.012627
0 0.829080 0.037014 0.012856 0.012937
0 0.287130 0.394999 0.013578 0.013259
0 0.823531 0.675890 0.013552 0.013622
0 0.750468 0.630970 0.012251 0.012212
0 0.962784 0.916347 0.012973 0.013000
0 0.179338 0.015424 0.013090 0.013018
0 0.653867 0.639486 0.012903 0.012713
0 0.280605 0.583636 0.013910 0.013985
0 0.663530 0.377216 0.013803 0.013739
0 0.077852 0.824718 0.011972 0.011812
0 0.293121 0.811012 0.012126 0.012155
0 0.113495 0.517831 0.012971 0.012961
0 0.266022 0.888318 0.013842 0.013818
0 0.372342 0.541904 0.012948 0.012811
0 0.753484 0.226411 0.012267 0.012284
0 0.572489 0.140015 0.011572 0.011453
0 0.523227 0.930101 0.012715 0.012544
0 0.582607 0.529700 0.012827 0.012676
0 0.943622 0.803078 0.011873 0.011627
0 0.026065 0.963946 0.013915 0.014064
0 0.390705 0.850935 0.013465 0.013761
0 0.374910 0.360648 0.011235 0.011189
0 0.156896 0.238846 0.013160 0.013204
0 0.408248 0.628060 0.012361 0.012429
0 0.322531 0.736109 0.012917 0.012918
0 0.889272 0.356175 0.012428 0.012603
0 0.028471 0.390393 0.014058 0.013990
0 0.680282 0.293237 0.013503 0.013375
0 0.507497 0.335767 0.013847 0.013775
0 0.876292 0.121036 0.008717 0.008966
0 0.467233 0.971707 0.011986 0.011909
0 0.296300 0.305222 0.013712 0.013561
0 0.577979 0.886561 0.013554 0.013639
0 0.901495 0.532047 0.013290 0.013446
0 0.420488 0.331189 0.012866 0.012828
0 0.469141 0.333043 0.013124 0.013090
0 0.974088 0.285035 0.014426 0.014198
0 0.097255 0.933856 0.012023 0.012282
0 0.365528 0.993007 0.013660 0.013055
0 0.525928 0.956865 0.013075 0.013345
0 0.739127 0.733564 0.013416 0.013198
0 0.871438 0.216017 0.011811 0.011718
0 0.616404 0.642070 0.013869 0.013941
0 0.350835 0.922379 0.012348 0.012398
0 0.700313 0.448997 0.013037 0.013034
0 0.607454 0.891603 0.013560 0.013167
0 0.773735 0.425547 0.012351 0.012504
0 0.006959 0.878520 0.012744 0.013096
0 0.735843 0.600967 0.011756 0.012061
0 0.390109 0.472237 0.014028 0.013881
0 0.085071 0.741035 0.011989 0.012197
0 0.113328 0.863469 0.010428 0.010235
0 0.278545 0.936624 0.012189 0.012155
0 0.734891 0.619834 0.014927 0.014860
0 0.454051 0.263466 0.013167 0.013100
0 0.588949 0.407277 0.013117 0.013416
0 0.870525 0.255705 0.013505 0.013350
0 0.170714 0.892920 0.012136 0.011887
0 0.788032 0.906285 0.012229 0.012010
0 0.970544 0.588313 0.011545 0.011156
0 0.045238 0.880783 0.011788 0.011565
0 0.534117 0.548242 0.014711 0.014435
0 0.540508 0.664452 0.012468 0.012322
0 0.490368 0.669568 0.013379 0.013358
0 0.168844 0.754929 0.012202 0.011816
0 0.736699 0.967227 0.013167 0.013085
0 0.922966 0.352130 0.012996 0.012828
0 0.904902 0.983975 0.013391 0.013464
0 0.891308 0.578547 0.013201 0.013160
0 0.965135 0.440700 0.010999 0.011053
0 0.313887 0.836069 0.012057 0.012058
0 0.089381 0.910887 0.012510 0.012659
0 0.435125 0.080550 0.011612 0.011402
0 0.831251 0.004858 0.011457 0.009717
0 0.945233 0.939668 0.012038 0.011880
0 0.548268 0.132537 0.012295 0.012354
0 0.857310 0.118916 0.011449 0.011222
0 0.984045 0.509880 0.015203 0.014624
0 0.533410 0.635436 0.023302 0.022970
0 0.716012 0.943475 0.013309 0.012820
0 0.438117 0.928520 0.013230 0.012679
0 0.823696 0.437847 0.012215 0.012142
0 0.802736 0.538680 0.012743 0.012868
0 0.971454 0.572844 0.012480 0.012720
0 0.533007 0.448037 0.012325 0.012749
0 0.652164 0.482116 0.013187 0.013828
0 0.347629 0.295444 0.024676 0.024650
0 0.544507 0.561885 0.013535 0.013998
0 0.364608 0.251484 0.011995 0.012477
0 0.787589 0.489214 0.014614 0.014347
0 0.818738 0.425007 0.011536 0.011334
0 0.983896 0.310428 0.013779 0.013572
0 0.895269 0.732955 0.013094 0.012893
0 0.518935 0.444539 0.012477 0.012504
0 0.848399 0.537942 0.013155 0.013130
0 0.137714 0.998127 0.010719 0.003725
0 0.998041 0.217240 0.003855 0.012853
0 0.862116 0.534917 0.010291 0.010439
0 0.460913 0.277228 0.011028 0.010998
0 0.869577 0.565438 0.012363 0.012111
0 0.531840 0.221815 0.010646 0.010310
0 0.913264 0.004955 0.011312 0.009708
0 0.894273 0.033565 0.012422 0.012844
0 0.774563 0.465648 0.011872 0.012171
0 0.993981 0.876299 0.012038 0.013636
0 0.964244 0.365243 0.013073 0.013234
0 0.798374 0.056988 0.011291 0.011189
0 0.878295 0.073717 0.012040 0.011184
0 0.598148 0.048146 0.011373 0.011463
0 0.705665 0.817896 0.022540 0.022598
0 0.376435 0.735888 0.022977 0.022740
0 0.067539 0.572283 0.022884 0.022661
0 0.849942 0.715784 0.023718 0.023724
0 0.635926 0.083784 0.023715 0.023587
0 0.772474 0.404191 0.010348 0.009956
0 0.943610 0.021310 0.011948 0.011447
