0 0.419352 0.350002 0.013722 0.013846
0 0.202015 0.148288 0.013061 0.013138
0 0.799335 0.406046 0.013101 0.013233
0 0.760570 0.072471 0.013723 0.013635
0 0.816918 0.308398 0.013300 0.013168
0 0.064942 0.119174 0.012321 0.012233
0 0.206473 0.502740 0.012433 0.012288
0 0.240250 0.204635 0.011822 0.011778
0 0.502161 0.228668 0.012099 0.011825
0 0.495446 0.119570 0.011761 0.011726
0 0.529065 0.907185 0.012841 0.012844
0 0.565628 0.082290 0.012651 0.012631
0 0.441665 0.620484 0.013690 0.013566
0 0.903290 0.444504 0.013100 0.013241
0 0.061400 0.067193 0.012495 0.012640
0 0.788191 0.872163 0.013026 0.013189
0 0.357535 0.644331 0.012574 0.012419
0 0.951980 0.251002 0.013303 0.013550
0 0.590281 0.239054 0.014634 0.014727
0 0.525045 0.347374 0.013675 0.013598
0 0.161439 0.586708 0.012183 0.012215
0 0.473978 0.109882 0.013647 0.013294
0 0.462895 0.802865 0.013599 0.013560
0 0.977806 0.447159 0.013716 0.013604
0 0.875538 0.309209 0.012979 0.012717
0 0.748725 0.617643 0.013371 0.013573
0 0.447988 0.739883 0.013351 0.013324
0 0.803094 0.221263 0.014072 0.014181
0 0.395265 0.325896 0.012959 0.012950
0 0.408275 0.476771 0.013470 0.013406
0 0.407766 0.765741 0.012104 0.012117
0 0.428924 0.671035 0.013783 0.013761
0 0.057267 0.029875 0.013003 0.012869
0 0.644518 0.263531 0.013866 0.013847
0 0.731905 0.115494 0.012942 0.012850
0 0.546000 0.120439 0.010892 0.010934
0 0.819213 0.067272 0.013049 0.013098
0 0.643271 0.453716 0.012988 0.012980
0 0.256188 0.222092 0.014180 0.014196
0 0.553534 0.030223 0.012547 0.012487
0 0.591937 0.964585 0.012594 0.012307
0 0.697735 0.950354 0.013213 0.013181
0 0.602026 0.593600 0.014332 0.014473
0 0.612450 0.500815 0.013826 0.013757
0 0.520921 0.109529 0.010970 0.011035
0 0.550851 0.360267 0.012284 0.012238
0 0.877975 0.519631 0.013281 0.012968
0 0.334029 0.466050 0.013123 0.012612
0 0.331970 0.517662 0.011856 0.011871
0 0.704741 0.309191 0.011969 0.011863
0 0.460754 0.958701 0.013514 0.013492
0 0.845848 0.476584 0.012846 0.013020
0 0.389834 0.405200 0.011810 0.012067
0 0.483928 0.179745 0.012793 0.012723
0 0.582167 0.798745 0.012562 0.012408
0 0.580390 0.722137 0.013100 0.013110
0 0.144429 0.305108 0.011370 0.011557
0 0.371583 0.807360 0.010543 0.010651
0 0.209703 0.360347 0.012201 0.012257
0 0.130662 0.696642 0.013273 0.013037
0 0.079408 0.546013 0.011817 0.012216
0 0.545514 0.972541 0.013374 0.013122
0 0.671674 0.135774 0.012591 0.012537
0 0.598699 0.472823 0.012349 0.012127
0 0.875862 0.472352 0.011827 0.011732
0 0.306423 0.918386 0.012543 0.012450
0 0.496260 0.543830 0.013051 0.012653
0 0.128306 0.902710 0.013624 0.013593
0 0.225255 0.650039 0.012632 0.012271
0 0.269009 0.660830 0.013043 0.012928
0 0.657594 0.527758 0.011570 0.011248
0 0.836988 0.003441 0.013468 0.006883
0 0.372986 0.560058 0.011850 0.011950
0 0.069973 0.639486 0.011992 0.011767
0 0.447685 0.291413 0.010634 0.011107
0 0.985220 0.006206 0.013065 0.012399
0 0.134271 0.431025 0.010810 0.010715
0 0.108719 0.979308 0.013516 0.013550
0 0.422540 0.554691 0.014493 0.014321
0 0.045321 0.566054 0.010614 0.010517
0 0.150652 0.964514 0.012749 0.012749
0 0.647764 0.047418 0.010748 0.010993
0 0.048456 0.433121 0.011550 0.011462
0 0.647430 0.974157 0.012773 0.012601
0 0.273741 0.793974 0.011941 0.011497
0 0.819201 0.777352 0.011600 0.011483
0 0.094547 0.365947 0.010755 0.010813
0 0.760805 0.684706 0.011744 0.011456
0 0.105913 0.641126 0.010839 0.010953
0 0.102757 0.863841 0.012334 0.012570
0 0.673262 0.156079 0.012842 0.013141
0 0.775384 0.004657 0.013037 0.009313
0 0.002746 0.302634 0.005463 0.009783
0 0.663584 0.022409 0.011814 0.012097
0 0.837012 0.004720 0.014125 0.009352
0 0.220940 0.467924 0.012981 0.012896
