0 0.749757 0.616186 0.013377 0.013216
0 0.493561 0.422554 0.013000 0.012836
0 0.064263 0.774045 0.012743 0.012691
0 0.140379 0.297442 0.012519 0.012495
0 0.480878 0.398118 0.012716 0.012366
0 0.151287 0.718375 0.012580 0.012469
0 0.254477 0.264290 0.012446 0.012488
0 0.104091 0.221238 0.012590 0.012485
0 0.353716 0.090634 0.013182 0.012927
0 0.684140 0.019770 0.013260 0.013332
0 0.189396 0.234765 0.012601 0.012354
0 0.353436 0.399632 0.013618 0.013598
0 0.804390 0.427154 0.010700 0.010684
0 0.525629 0.346225 0.012708 0.012513
0 0.078877 0.708958 0.014218 0.014070
0 0.244368 0.228802 0.012529 0.012379
0 0.465004 0.507070 0.013273 0.013202
0 0.186815 0.889951 0.013160 0.013151
0 0.083477 0.689877 0.013072 0.013059
0 0.849486 0.717982 0.016439 0.016014
0 0.343725 0.297583 0.014311 0.013991
0 0.090977 0.524322 0.013719 0.013576
0 0.938148 0.353415 0.012133 0.012063
0 0.727670 0.385737 0.010073 0.009958
0 0.794733 0.860308 0.011367 0.011315
0 0.137142 0.414222 0.011292 0.011407
0 0.471625 0.314517 0.012044 0.011505
0 0.140205 0.592903 0.014118 0.014083
0 0.450549 0.140183 0.012545 0.012788
0 0.455821 0.203693 0.013288 0.013192
0 0.277326 0.212279 0.012487 0.012569
0 0.542876 0.972048 0.013878 0.013581
0 0.331823 0.517537 0.011265 0.011491
0 0.921281 0.562004 0.013359 0.013125
0 0.524971 0.523862 0.012372 0.012411
0 0.911863 0.903409 0.011140 0.011186
0 0.458896 0.957640 0.013382 0.013293
0 0.485257 0.715827 0.011023 0.010936
0 0.198172 0.406882 0.012092 0.012106
0 0.226348 0.649613 0.012523 0.012243
0 0.786240 0.124593 0.012522 0.012534
0 0.957002 0.375881 0.010536 0.010144
0 0.222711 0.467150 0.012877 0.012889
0 0.524627 0.215822 0.012763 0.012457
0 0.558086 0.285552 0.011744 0.011691
0 0.848564 0.414505 0.009412 0.009537
0 0.906383 0.579346 0.013045 0.012942
0 0.427936 0.730577 0.012043 0.012180
0 0.148121 0.454718 0.012989 0.013578
0 0.976514 0.025003 0.012229 0.012136
0 0.071304 0.363336 0.011902 0.011978
0 0.595119 0.229453 0.011909 0.011767
0 0.341329 0.870206 0.012115 0.011821
0 0.584397 0.888456 0.012092 0.012012
0 0.736531 0.679073 0.012859 0.012634
0 0.482541 0.815205 0.012102 0.012076
0 0.108969 0.979530 0.013467 0.013632
0 0.531132 0.636840 0.022804 0.023393
0 0.442292 0.058150 0.011893 0.012378
0 0.249044 0.878647 0.012636 0.012244
0 0.853390 0.243347 0.012110 0.012474
0 0.723352 0.431239 0.009816 0.009538
0 0.495651 0.976095 0.011109 0.011049
0 0.724481 0.055831 0.010572 0.010675
0 0.628796 0.083506 0.011379 0.011447
0 0.782942 0.748584 0.012227 0.011938
0 0.737915 0.959241 0.011076 0.011014
0 0.744102 0.506399 0.010058 0.010003
0 0.342454 0.638916 0.010771 0.010960
0 0.564820 0.330096 0.011381 0.011639
0 0.647304 0.959263 0.011683 0.011486
0 0.906550 0.425583 0.010163 0.010329
0 0.772390 0.347630 0.012327 0.012523
0 0.980743 0.733537 0.012087 0.011851
0 0.426215 0.041240 0.010695 0.011111
0 0.983801 0.059608 0.010155 0.010367
0 0.866289 0.006610 0.009282 0.009135
0 0.921588 0.145312 0.017281 0.017275
0 0.813378 0.708590 0.011411 0.011886
0 0.276313 0.758881 0.010469 0.010703
0 0.190307 0.769114 0.012718 0.012847
0 0.773385 0.800292 0.011576 0.010931
0 0.149436 0.443763 0.011198 0.010671
