0 0.516649 0.848299 0.013024 0.012967
0 0.330821 0.380297 0.013967 0.013861
0 0.265772 0.566111 0.012339 0.011978
0 0.286549 0.941309 0.014153 0.013979
0 0.746884 0.276159 0.012570 0.012501
0 0.603631 0.899360 0.012275 0.012144
0 0.053961 0.842416 0.012890 0.013126
0 0.787093 0.568650 0.012896 0.012826
0 0.054616 0.473209 0.013733 0.013601
0 0.310629 0.428060 0.013273 0.013156
0 0.741986 0.939501 0.012507 0.012201
0 0.805066 0.024485 0.012825 0.012502
0 0.532001 0.434324 0.012847 0.012719
0 0.442220 0.089191 0.012797 0.012736
0 0.540082 0.395379 0.012676 0.012733
0 0.579245 0.262371 0.012304 0.012294
0 0.579230 0.312631 0.013403 0.013306
0 0.485110 0.286726 0.012983 0.013039
0 0.593613 0.162537 0.013642 0.013427
0 0.920317 0.702317 0.012276 0.012398
0 0.980787 0.375876 0.015205 0.015095
0 0.383037 0.180238 0.013678 0.013617
0 0.861530 0.949343 0.012144 0.012049
0 0.503237 0.909203 0.013291 0.013226
0 0.532774 0.582718 0.012705 0.012584
0 0.201588 0.274352 0.013040 0.013057
0 0.615468 0.418267 0.013580 0.013634
0 0.217353 0.124508 0.013037 0.013059
0 0.746941 0.365396 0.013390 0.013440
0 0.922475 0.563021 0.012893 0.012944
0 0.849228 0.599597 0.015182 0.014994
0 0.869469 0.360335 0.013102 0.013112
0 0.644737 0.936444 0.013208 0.013147
0 0.304456 0.120636 0.013050 0.013124
0 0.564436 0.111120 0.012715 0.012844
0 0.451128 0.682625 0.013258 0.013214
0 0.858372 0.070964 0.014218 0.014177
0 0.204242 0.557758 0.013566 0.013526
0 0.286725 0.404910 0.013713 0.013729
0 0.261778 0.593208 0.013646 0.013682
0 0.762641 0.892260 0.013737 0.013668
0 0.648750 0.049244 0.013913 0.013702
0 0.699768 0.270786 0.012881 0.012822
0 0.517726 0.315325 0.013658 0.013669
0 0.271811 0.148222 0.013203 0.013148
0 0.832443 0.138130 0.012921 0.013024
0 0.940928 0.845617 0.013104 0.012984
0 0.380541 0.725520 0.013658 0.013639
0 0.522043 0.142086 0.013293 0.013215
0 0.069253 0.320999 0.013411 0.013298
0 0.909375 0.852143 0.011881 0.012041
0 0.168246 0.510057 0.013613 0.013577
0 0.158203 0.788485 0.012601 0.012641
0 0.498331 0.412884 0.013142 0.013078
0 0.076247 0.413211 0.012732 0.012738
0 0.028633 0.686851 0.014086 0.014067
0 0.458253 0.576152 0.012774 0.012836
0 0.846460 0.103167 0.012444 0.012632
0 0.112724 0.392366 0.012991 0.012870
0 0.886583 0.589738 0.013298 0.013304
0 0.104377 0.473739 0.013281 0.013344
0 0.394503 0.614062 0.013349 0.013528
0 0.036584 0.563336 0.013305 0.013309
0 0.363919 0.695636 0.014158 0.014042
0 0.780704 0.745717 0.012465 0.012667
0 0.523740 0.549784 0.013671 0.013560
0 0.345929 0.981291 0.012500 0.012458
0 0.393076 0.876549 0.013435 0.013097
0 0.631609 0.562787 0.012668 0.012458
0 0.330200 0.180861 0.013827 0.013609
0 0.183676 0.366697 0.013404 0.013240
0 0.786001 0.140289 0.012608 0.012418
0 0.569993 0.593779 0.013025 0.013000
0 0.112072 0.821152 0.014636 0.014297
0 0.158838 0.828712 0.012842 0.012771
0 0.478783 0.113650 0.012610 0.012575
0 0.800409 0.849401 0.012482 0.012583
0 0.909870 0.476182 0.013555 0.013561
0 0.835787 0.480772 0.012531 0.012453
0 0.419935 0.806263 0.014046 0.013964
0 0.526398 0.219421 0.013724 0.013777
0 0.871787 0.305036 0.013766 0.013795
0 0.461916 0.971641 0.013306 0.013212
0 0.639914 0.602733 0.013512 0.013498
0 0.134306 0.395665 0.012929 0.012563
0 0.049483 0.408103 0.013286 0.013379
0 0.185965 0.807295 0.013409 0.013199
0 0.612454 0.557289 0.013406 0.013605
0 0.816867 0.966969 0.012668 0.012725
0 0.349674 0.900206 0.014492 0.014400
0 0.136232 0.202404 0.013562 0.013690
0 0.507531 0.220526 0.012617 0.012613
0 0.502765 0.664264 0.013795 0.013669
0 0.025256 0.645211 0.014094 0.014014
0 0.728223 0.513752 0.015909 0.015850
0 0.413217 0.319900 0.013908 0.014130
0 0.816955 0.811917 0.011870 0.011744
0 0.094404 0.216113 0.013363 0.013098
0 0.138886 0.029585 0.013801 0.013556
0 0.600982 0.582985 0.013117 0.012887
0 0.022904 0.381640 0.013902 0.013762
0 0.251210 0.226790 0.014113 0.013984
0 0.038588 0.124270 0.013284 0.013227
0 0.189497 0.321174 0.013878 0.013913
0 0.072192 0.014276 0.013362 0.013492
0 0.078133 0.056228 0.012934 0.012699
0 0.775861 0.458593 0.013892 0.013715
0 0.877795 0.170097 0.013362 0.013355
0 0.146759 0.870330 0.014327 0.014208
0 0.468326 0.012255 0.012929 0.013066
0 0.125524 0.766006 0.014725 0.014666
0 0.975685 0.174273 0.013184 0.013165
0 0.745703 0.406871 0.013419 0.013278
0 0.641010 0.254027 0.015824 0.015962
0 0.226156 0.680951 0.015346 0.015396
0 0.939555 0.259436 0.012889 0.012843
0 0.026099 0.887453 0.013325 0.013152
0 0.330938 0.762986 0.013484 0.013416
0 0.162925 0.957259 0.014145 0.013998
0 0.189766 0.007741 0.012956 0.012949
0 0.338800 0.084844 0.014146 0.013935
0 0.491861 0.451236 0.013293 0.013318
0 0.646603 0.892513 0.013732 0.013510
0 0.738144 0.318892 0.013585 0.013673
0 0.938741 0.871545 0.013094 0.013081
0 0.364840 0.801396 0.014444 0.014681
0 0.165881 0.564884 0.013233 0.013239
0 0.117752 0.446150 0.013096 0.013150
0 0.407803 0.538010 0.012772 0.012759
0 0.419258 0.414140 0.016069 0.015482
0 0.898220 0.487069 0.012424 0.012801
0 0.745460 0.426542 0.014172 0.014427
0 0.007936 0.226156 0.012958 0.012916
0 0.602190 0.696313 0.014266 0.014311
0 0.525833 0.738028 0.012870 0.012927
0 0.859362 0.407255 0.013572 0.013663
0 0.996082 0.517229 0.007810 0.012671
0 0.843207 0.876957 0.012445 0.011990
0 0.210832 0.089990 0.013500 0.013473
0 0.526560 0.664870 0.014091 0.014579
0 0.736095 0.203742 0.012826 0.012896
0 0.789460 0.187278 0.012388 0.012110
0 0.962048 0.879139 0.014274 0.013836
0 0.965833 0.276995 0.014154 0.014193
0 0.970869 0.506201 0.012468 0.012573
0 0.800899 0.220111 0.015395 0.015558
0 0.010500 0.293015 0.013101 0.013032
0 0.482635 0.266822 0.014924 0.014683
0 0.265835 0.202270 0.014686 0.014554
0 0.264781 0.072332 0.012658 0.012233
0 0.307174 0.546583 0.011700 0.012319
0 0.522074 0.720613 0.013247 0.013286
0 0.982791 0.786322 0.012949 0.012806
0 0.080885 0.937070 0.013942 0.013967
0 0.446212 0.906701 0.013899 0.013942
0 0.952725 0.009109 0.013068 0.013185
0 0.524934 0.023856 0.013138 0.012971
0 0.138417 0.132888 0.014270 0.014373
0 0.189841 0.241448 0.013611 0.013772
0 0.290092 0.201018 0.013093 0.012936
0 0.014351 0.447855 0.014095 0.013997
0 0.983221 0.191433 0.013121 0.012972
0 0.050409 0.233197 0.013783 0.013714
0 0.021588 0.285651 0.012866 0.013096
0 0.747310 0.447167 0.012742 0.012963
0 0.364138 0.648959 0.012052 0.012149
0 0.265965 0.665245 0.012775 0.012870
0 0.981741 0.004918 0.012558 0.009824
0 0.199681 0.337316 0.012917 0.013266
0 0.387952 0.976761 0.013149 0.013277
0 0.849815 0.710862 0.023210 0.023599
0 0.532340 0.631149 0.020375 0.020166
0 0.153520 0.998279 0.012002 0.003413
0 0.499250 0.108542 0.014638 0.014975
0 0.062337 0.965071 0.014172 0.014123
0 0.169763 0.908454 0.013751 0.013990
0 0.771915 0.597728 0.014083 0.014310
0 0.604206 0.681234 0.013117 0.013207
0 0.308824 0.045368 0.013248 0.013473
0 0.783515 0.642148 0.013400 0.013444
0 0.786957 0.160914 0.011865 0.011755
0 0.855976 0.016912 0.013192 0.012785
0 0.807696 0.829770 0.014967 0.014758
0 0.857583 0.015752 0.014406 0.014480
0 0.997972 0.268646 0.004013 0.013026
0 0.809880 0.250270 0.012100 0.011890
0 0.286783 0.810383 0.015100 0.015071
0 0.844022 0.184360 0.014394 0.014340
0 0.821468 0.252746 0.014439 0.014456
0 0.020713 0.422717 0.013398 0.013215
0 0.649073 0.893317 0.016178 0.012601
0 0.710664 0.744763 0.010426 0.010062
0 0.702954 0.813233 0.022344 0.022348
0 0.345447 0.290197 0.024614 0.024271
0 0.266375 0.719565 0.013853 0.013975
0 0.029776 0.740065 0.010216 0.010689
