0 0.749414 0.616012 0.012562 0.012461
0 0.061280 0.468604 0.011713 0.011665
0 0.205460 0.448376 0.013723 0.013568
0 0.555922 0.402837 0.011222 0.011335
0 0.186043 0.888711 0.013103 0.013039
0 0.094505 0.120685 0.011428 0.011352
0 0.458646 0.957187 0.012267 0.012271
0 0.268065 0.172104 0.012716 0.012769
0 0.303643 0.356259 0.014165 0.014253
0 0.863340 0.671036 0.011275 0.011112
0 0.459421 0.464371 0.012035 0.011858
0 0.960583 0.788553 0.011913 0.011925
0 0.117343 0.170430 0.011730 0.011767
0 0.544267 0.856604 0.013816 0.013707
0 0.151326 0.065365 0.012771 0.012810
0 0.125269 0.388589 0.012153 0.012237
0 0.212782 0.241473 0.011766 0.011709
0 0.461603 0.631100 0.013206 0.013312
0 0.353515 0.093896 0.012037 0.011996
0 0.207003 0.493373 0.012029 0.012019
0 0.415163 0.126404 0.013691 0.013667
0 0.686788 0.865111 0.013949 0.013999
0 0.638673 0.854578 0.013252 0.013189
0 0.507910 0.070782 0.012581 0.012391
0 0.393643 0.117843 0.012344 0.012212
0 0.047131 0.252164 0.012254 0.012248
0 0.107108 0.226447 0.011739 0.011532
0 0.110366 0.926984 0.012437 0.012337
0 0.428357 0.979792 0.011128 0.011272
0 0.384872 0.006073 0.011876 0.011835
0 0.227744 0.756653 0.012325 0.012195
0 0.318187 0.935768 0.011065 0.011177
0 0.983611 0.944174 0.011664 0.011724
0 0.109629 0.979171 0.013407 0.013401
0 0.159717 0.747030 0.010752 0.010793
0 0.202875 0.154375 0.012473 0.012634
0 0.525923 0.345749 0.012545 0.012468
0 0.265288 0.398398 0.012397 0.012338
0 0.705164 0.244755 0.011802 0.011786
0 0.476377 0.373920 0.011187 0.011069
0 0.158592 0.933233 0.011056 0.010741
0 0.847915 0.717564 0.019501 0.018754
0 0.220076 0.837257 0.013144 0.013039
0 0.909510 0.792353 0.012708 0.012756
0 0.719697 0.733325 0.010762 0.010840
0 0.226706 0.649688 0.012586 0.012524
0 0.039821 0.574733 0.013112 0.013365
0 0.028620 0.550698 0.012183 0.012201
0 0.076307 0.004992 0.012032 0.009934
0 0.480705 0.250864 0.010663 0.010855
0 0.148927 0.471331 0.010660 0.010809
0 0.596449 0.391700 0.011887 0.011674
0 0.345508 0.296902 0.021598 0.021447
0 0.301251 0.187235 0.012215 0.012279
0 0.330944 0.517501 0.010362 0.010381
0 0.417626 0.753021 0.009938 0.009935
0 0.612250 0.155660 0.010263 0.010296
0 0.553232 0.997632 0.010739 0.004736
0 0.573272 0.489620 0.011783 0.011895
0 0.530952 0.635910 0.021096 0.021241
0 0.442570 0.059418 0.010696 0.010690
0 0.450766 0.213334 0.017129 0.017446
0 0.701469 0.820487 0.018176 0.017692
