0 0.882240 0.594382 0.013867 0.013785
0 0.665858 0.676140 0.011900 0.011881
0 0.366829 0.439224 0.012086 0.012159
0 0.779380 0.375572 0.013393 0.013140
0 0.391005 0.493832 0.012573 0.012657
0 0.629262 0.615840 0.013433 0.013157
0 0.298348 0.318697 0.013509 0.013249
0 0.669972 0.955818 0.013605 0.013604
0 0.588948 0.364414 0.012469 0.012386
0 0.587561 0.606562 0.013675 0.013532
0 0.290847 0.754370 0.012505 0.012511
0 0.782018 0.911540 0.012996 0.013044
0 0.048308 0.288012 0.012515 0.012372
0 0.274062 0.882374 0.011727 0.011510
0 0.582605 0.909735 0.012390 0.012359
0 0.925203 0.540931 0.010564 0.010808
0 0.957500 0.884840 0.013428 0.013344
0 0.369510 0.090347 0.013276 0.012946
0 0.851772 0.655716 0.012179 0.012012
0 0.473497 0.366201 0.012267 0.012205
0 0.185811 0.363499 0.012458 0.012477
0 0.492024 0.142012 0.012782 0.012582
0 0.221938 0.783201 0.012141 0.012014
0 0.349656 0.791243 0.012371 0.012385
0 0.142252 0.271613 0.013273 0.013228
0 0.184053 0.805298 0.013239 0.013158
0 0.939048 0.698172 0.013664 0.013581
0 0.439200 0.511382 0.013502 0.013434
0 0.562633 0.579327 0.013936 0.013969
0 0.513416 0.572693 0.012771 0.012737
0 0.711575 0.833317 0.012295 0.012245
0 0.520935 0.122568 0.014066 0.014033
0 0.441198 0.089314 0.013783 0.013734
0 0.394376 0.680259 0.013271 0.013255
0 0.948213 0.581891 0.012230 0.012290
0 0.726712 0.419088 0.012458 0.012632
0 0.624089 0.717150 0.012916 0.012940
0 0.455181 0.764736 0.012695 0.012645
0 0.117546 0.516886 0.012977 0.012905
0 0.761620 0.139354 0.012881 0.012640
0 0.950191 0.487581 0.012162 0.012417
0 0.258779 0.565445 0.012214 0.012206
0 0.122949 0.919795 0.012254 0.012150
0 0.428045 0.670621 0.011701 0.011642
0 0.213312 0.660581 0.012621 0.012522
0 0.450805 0.475344 0.012632 0.012914
0 0.977537 0.607956 0.011909 0.011850
0 0.403658 0.053442 0.011895 0.012055
0 0.193868 0.842245 0.012277 0.012302
0 0.223439 0.737453 0.012637 0.012302
0 0.126673 0.744849 0.013518 0.013517
0 0.597648 0.445393 0.012918 0.013006
0 0.339022 0.381255 0.012768 0.012723
0 0.635879 0.450324 0.013685 0.013453
0 0.732903 0.488690 0.013846 0.014048
0 0.844069 0.322479 0.012214 0.012169
0 0.252041 0.585808 0.014154 0.013870
0 0.230456 0.249554 0.012564 0.012649
0 0.878596 0.509864 0.011800 0.011912
0 0.027320 0.796869 0.011722 0.011481
0 0.163435 0.275538 0.012559 0.012413
0 0.610082 0.329716 0.017081 0.016989
0 0.885518 0.476881 0.012398 0.011969
0 0.374000 0.384874 0.012910 0.012894
0 0.954385 0.784619 0.013033 0.013043
0 0.091164 0.822029 0.012915 0.012904
0 0.731585 0.367343 0.013981 0.013739
0 0.876818 0.743404 0.013869 0.013731
0 0.388126 0.528015 0.013851 0.013841
0 0.240853 0.495028 0.012810 0.012453
0 0.867986 0.347153 0.013452 0.013401
0 0.071568 0.950450 0.013710 0.013811
0 0.904461 0.061662 0.011267 0.011129
0 0.116133 0.355669 0.013864 0.013715
0 0.295844 0.550527 0.012606 0.012504
0 0.321766 0.219656 0.015298 0.015276
0 0.334676 0.941585 0.013017 0.012881
0 0.887269 0.383310 0.013807 0.013927
0 0.638401 0.186301 0.012595 0.012571
0 0.905364 0.311824 0.012046 0.011929
0 0.524670 0.751972 0.013971 0.013975
0 0.782565 0.585351 0.012441 0.011897
0 0.745588 0.131982 0.013597 0.013961
0 0.938105 0.626973 0.012171 0.012191
0 0.336296 0.638486 0.011411 0.011507
0 0.230193 0.884831 0.012312 0.012036
0 0.045548 0.923269 0.013084 0.013136
0 0.096707 0.488143 0.014237 0.014043
0 0.208598 0.482819 0.013604 0.013434
0 0.759069 0.235655 0.012192 0.012215
0 0.678609 0.855940 0.013654 0.013546
0 0.349071 0.121106 0.012325 0.011914
0 0.966118 0.971342 0.009573 0.009360
0 0.466358 0.720043 0.012375 0.012145
0 0.296996 0.217308 0.013437 0.013538
0 0.152571 0.729513 0.013550 0.013388
0 0.936494 0.479157 0.012435 0.012285
0 0.860146 0.427555 0.013015 0.013101
0 0.509011 0.718798 0.012024 0.012013
0 0.760974 0.479664 0.013004 0.013226
0 0.745523 0.633766 0.014336 0.014469
0 0.225744 0.357046 0.011629 0.011385
0 0.144334 0.320999 0.011738 0.011855
0 0.288406 0.668465 0.012564 0.012467
0 0.347838 0.653921 0.011555 0.011443
0 0.592095 0.285611 0.015158 0.015115
0 0.591161 0.852779 0.013416 0.012904
0 0.745428 0.520188 0.012517 0.012444
0 0.562140 0.950707 0.012379 0.012103
0 0.913303 0.142715 0.013935 0.013577
0 0.261146 0.269583 0.011388 0.011372
0 0.138630 0.672594 0.013378 0.013132
0 0.119611 0.416068 0.011284 0.011035
0 0.607738 0.414187 0.010785 0.010560
0 0.820233 0.015390 0.011814 0.011858
0 0.591571 0.745392 0.012126 0.011994
0 0.154440 0.472830 0.011986 0.011988
0 0.061977 0.730257 0.013504 0.013502
0 0.875293 0.698741 0.013098 0.012842
0 0.707414 0.285840 0.013881 0.013919
0 0.700642 0.309789 0.014129 0.014089
0 0.905464 0.231857 0.013681 0.013782
0 0.923348 0.848565 0.011542 0.011745
0 0.995100 0.863123 0.009752 0.015260
0 0.453025 0.257501 0.015081 0.015427
0 0.256720 0.924651 0.012160 0.012186
0 0.464305 0.797300 0.011689 0.011292
0 0.915759 0.290365 0.013072 0.013119
0 0.278453 0.274858 0.012694 0.012730
0 0.797534 0.597608 0.014357 0.014282
0 0.176613 0.560555 0.011792 0.011744
0 0.347292 0.091518 0.014672 0.014350
0 0.556954 0.055106 0.014438 0.014151
0 0.477710 0.014513 0.013156 0.013153
0 0.267594 0.349475 0.010720 0.010918
0 0.071153 0.670680 0.012143 0.012465
0 0.664650 0.216083 0.011969 0.012034
0 0.969717 0.003674 0.011152 0.007349
0 0.909858 0.517943 0.013138 0.013364
0 0.812217 0.494893 0.011327 0.011211
0 0.142855 0.089922 0.012575 0.012492
0 0.543217 0.450202 0.014583 0.014557
0 0.867678 0.936293 0.010326 0.010609
0 0.996909 0.548042 0.006151 0.015163
0 0.480600 0.239822 0.011459 0.011004
0 0.652713 0.343566 0.013881 0.013571
0 0.196118 0.910069 0.011776 0.011740
0 0.565075 0.472991 0.013466 0.013470
0 0.532759 0.723798 0.012496 0.012280
0 0.211906 0.049963 0.012317 0.012439
0 0.962251 0.176807 0.010933 0.011164
0 0.283114 0.104810 0.013908 0.013688
0 0.466324 0.232173 0.013165 0.013598
0 0.155444 0.461327 0.013214 0.013004
0 0.991708 0.245123 0.011456 0.011880
0 0.566290 0.232408 0.012458 0.012217
0 0.977966 0.304356 0.011700 0.011726
0 0.310296 0.563593 0.011649 0.011374
0 0.808480 0.085872 0.012828 0.012925
0 0.556848 0.760068 0.012703 0.011836
0 0.783877 0.238443 0.013184 0.013334
0 0.185428 0.389061 0.012509 0.012299
0 0.462283 0.054652 0.015132 0.014864
0 0.529085 0.055996 0.013753 0.013492
0 0.602624 0.236271 0.010567 0.009602
0 0.538846 0.284320 0.013951 0.014154
0 0.548786 0.729573 0.012894 0.013478
0 0.785943 0.720347 0.016714 0.016258
0 0.459585 0.978477 0.011435 0.011433
0 0.848558 0.711979 0.019999 0.019423
0 0.403244 0.968924 0.012102 0.012172
0 0.528728 0.857934 0.010904 0.010617
0 0.542716 0.473065 0.016376 0.016667
0 0.478257 0.705850 0.011994 0.011888
0 0.288840 0.445208 0.012283 0.012337
0 0.243654 0.995531 0.009940 0.008803
0 0.106240 0.175915 0.012012 0.011898
0 0.509799 0.466845 0.017385 0.017548
0 0.575865 0.852846 0.010662 0.010120
0 0.022258 0.606440 0.011752 0.011837
0 0.750793 0.615706 0.009512 0.009647
0 0.290041 0.444209 0.011236 0.011063
0 0.345560 0.290618 0.024289 0.023982
0 0.851696 0.114227 0.010703 0.011161
