0 0.736983 0.478741 0.013244 0.013199
0 0.684763 0.632446 0.012931 0.012865
0 0.727973 0.931389 0.012646 0.012504
0 0.509363 0.078276 0.012098 0.012081
0 0.656061 0.726631 0.013107 0.012921
0 0.537226 0.192051 0.012863 0.012844
0 0.811771 0.783228 0.012596 0.012432
0 0.792050 0.354397 0.013427 0.013193
0 0.480557 0.741199 0.013650 0.013739
0 0.557525 0.318390 0.013808 0.013757
0 0.915452 0.609829 0.010873 0.011003
0 0.408397 0.643245 0.013276 0.013183
0 0.943033 0.530898 0.014048 0.013939
0 0.062714 0.463653 0.012763 0.012475
0 0.420578 0.029524 0.012032 0.011858
0 0.748862 0.618700 0.013041 0.013025
0 0.892730 0.409388 0.012385 0.012498
0 0.789341 0.127596 0.013716 0.013913
0 0.501682 0.504084 0.013613 0.013562
0 0.531201 0.570718 0.012745 0.012676
0 0.957664 0.425724 0.012827 0.012544
0 0.472808 0.038514 0.012190 0.012210
0 0.924920 0.515324 0.014763 0.014530
0 0.338949 0.238906 0.013701 0.013718
0 0.443285 0.514035 0.013344 0.013200
0 0.075919 0.396301 0.014657 0.014565
0 0.314661 0.090801 0.012896 0.012927
0 0.062100 0.419885 0.013343 0.013318
0 0.604471 0.208161 0.012613 0.013305
0 0.172057 0.772428 0.013012 0.012888
0 0.872219 0.325634 0.012498 0.012611
0 0.576738 0.671687 0.013842 0.013759
0 0.490347 0.241274 0.013562 0.013508
0 0.448776 0.109598 0.013310 0.013074
0 0.061724 0.368507 0.011099 0.011215
0 0.262738 0.322365 0.014013 0.013859
0 0.524393 0.349424 0.012736 0.012631
0 0.137303 0.246256 0.011794 0.011878
0 0.089073 0.186541 0.013836 0.013885
0 0.530101 0.527488 0.012633 0.012859
0 0.315574 0.439918 0.013664 0.013676
0 0.608022 0.979787 0.012844 0.012859
0 0.237954 0.174003 0.011658 0.011476
0 0.882157 0.011954 0.012444 0.012260
0 0.549064 0.089813 0.013646 0.013298
0 0.863101 0.166301 0.013873 0.013820
0 0.333706 0.572853 0.012130 0.012110
0 0.762501 0.387066 0.012607 0.012952
0 0.291320 0.794976 0.013034 0.012869
0 0.143307 0.486452 0.013452 0.013358
0 0.434486 0.478783 0.013307 0.013183
0 0.516145 0.252939 0.012143 0.012224
0 0.750722 0.780362 0.011490 0.011206
0 0.494962 0.543067 0.014075 0.013946
0 0.772002 0.086247 0.014017 0.013885
0 0.280613 0.736706 0.012131 0.012066
0 0.608342 0.490340 0.013301 0.013351
0 0.365671 0.515748 0.013093 0.013266
0 0.223054 0.469554 0.012278 0.012317
0 0.441759 0.320316 0.012385 0.012378
0 0.291667 0.677590 0.012736 0.012663
0 0.390683 0.341629 0.011858 0.011781
0 0.439403 0.010904 0.013372 0.013332
0 0.331972 0.518872 0.011751 0.011542
0 0.738156 0.055930 0.011877 0.012048
0 0.122106 0.536635 0.011989 0.011606
0 0.133016 0.559722 0.011995 0.012423
0 0.004511 0.341395 0.009022 0.013208
0 0.035769 0.778346 0.012029 0.012144
0 0.584946 0.008976 0.014353 0.014088
0 0.007859 0.761231 0.013172 0.013132
0 0.819564 0.004043 0.012638 0.008086
0 0.461036 0.956779 0.013888 0.013927
0 0.437075 0.591945 0.009331 0.009730
0 0.543037 0.975936 0.013371 0.013170
0 0.759157 0.094255 0.011123 0.011424
0 0.432535 0.676647 0.013907 0.014007
0 0.225705 0.653469 0.012978 0.012768
0 0.848379 0.710841 0.022172 0.021881
0 0.041462 0.757323 0.012210 0.012236
0 0.155143 0.066368 0.012580 0.012478
0 0.397905 0.570367 0.011666 0.011420
0 0.310491 0.315938 0.013420 0.013412
0 0.034416 0.602348 0.012375 0.012220
0 0.108570 0.981401 0.013051 0.013283
0 0.491584 0.633417 0.011441 0.011920
0 0.453352 0.003702 0.010354 0.007373
0 0.410517 0.401495 0.013271 0.013715
0 0.608191 0.781636 0.009977 0.010221
0 0.788399 0.005583 0.012547 0.011166
0 0.211546 0.098156 0.011267 0.011387
0 0.185069 0.891995 0.012637 0.012746
0 0.242338 0.004851 0.012245 0.009611
0 0.220217 0.187638 0.013899 0.013891
0 0.071997 0.096784 0.011846 0.011938
0 0.400310 0.571491 0.010530 0.010406
0 0.279846 0.132581 0.011297 0.011552
0 0.929918 0.393072 0.011625 0.011752
0 0.797939 0.391553 0.012991 0.013050
0 0.823787 0.184461 0.013189 0.013082
0 0.730814 0.125843 0.013202 0.013541
0 0.505611 0.890267 0.012320 0.012144
0 0.017117 0.226158 0.011226 0.011131
0 0.282372 0.133029 0.013129 0.012252
0 0.460010 0.477044 0.012587 0.012673
0 0.920477 0.139317 0.018527 0.017896
0 0.209565 0.196301 0.012010 0.011650
0 0.644057 0.745814 0.013144 0.013124
