0 0.955318 0.798347 0.013690 0.013509
0 0.777736 0.652130 0.012685 0.012564
0 0.733756 0.567718 0.013607 0.013230
0 0.087925 0.286408 0.012691 0.012626
0 0.310569 0.420256 0.013948 0.013619
0 0.261036 0.327320 0.012901 0.012777
0 0.246784 0.198769 0.013047 0.012991
0 0.330805 0.518793 0.012713 0.012748
0 0.606153 0.179286 0.013785 0.013551
0 0.365743 0.419886 0.012838 0.012775
0 0.345897 0.459576 0.011725 0.011604
0 0.917033 0.799297 0.011411 0.011318
0 0.747940 0.619358 0.013318 0.013171
0 0.268399 0.934790 0.012770 0.012541
0 0.034288 0.300895 0.012080 0.011825
0 0.400521 0.317644 0.014133 0.014093
0 0.351042 0.348975 0.013159 0.013050
0 0.397969 0.639356 0.013613 0.013528
0 0.768436 0.280589 0.013050 0.012944
0 0.179820 0.236636 0.013745 0.013787
0 0.054108 0.451665 0.013624 0.013529
0 0.408394 0.670240 0.011868 0.011728
0 0.659014 0.849082 0.012574 0.012557
0 0.135220 0.204055 0.013835 0.013919
0 0.674342 0.545841 0.013305 0.013213
0 0.125710 0.308349 0.013249 0.013383
0 0.524016 0.349010 0.013494 0.013275
0 0.605945 0.380837 0.013764 0.013640
0 0.221473 0.470471 0.012873 0.012875
0 0.752578 0.111011 0.012816 0.012760
0 0.397605 0.873316 0.013306 0.013197
0 0.651853 0.808777 0.012696 0.012734
0 0.341903 0.741771 0.012416 0.012613
0 0.481528 0.646726 0.012607 0.012538
0 0.473440 0.072049 0.013532 0.013463
0 0.230142 0.391531 0.012654 0.012715
0 0.258846 0.629074 0.011200 0.011097
0 0.709833 0.772973 0.014261 0.014136
0 0.648672 0.138575 0.011559 0.011572
0 0.679422 0.984461 0.013043 0.012881
0 0.781012 0.041730 0.012617 0.012619
0 0.184438 0.891744 0.012670 0.012584
0 0.825767 0.156285 0.012332 0.012201
0 0.234386 0.432739 0.012826 0.012613
0 0.505089 0.613348 0.012965 0.012728
0 0.018348 0.400820 0.013926 0.014285
0 0.906719 0.705504 0.011398 0.011467
0 0.534508 0.530007 0.013698 0.013609
0 0.172521 0.369864 0.012529 0.012137
0 0.293869 0.775328 0.013615 0.013751
0 0.446801 0.957149 0.012868 0.012978
0 0.073738 0.548405 0.012413 0.012236
0 0.831808 0.683996 0.013354 0.013181
0 0.597278 0.017840 0.012519 0.012453
0 0.846190 0.888688 0.013406 0.013718
0 0.816279 0.535174 0.011876 0.011904
0 0.733877 0.540862 0.012088 0.012175
0 0.406569 0.252178 0.013198 0.013042
0 0.625634 0.049593 0.012106 0.012180
0 0.713866 0.519735 0.013072 0.013187
0 0.710683 0.236204 0.011409 0.011247
0 0.307475 0.602627 0.011804 0.011749
0 0.158363 0.090327 0.013524 0.013512
0 0.703305 0.874632 0.013550 0.013498
0 0.552755 0.400110 0.012375 0.012345
0 0.624336 0.010372 0.014157 0.013969
0 0.827917 0.426401 0.013287 0.013174
0 0.897815 0.903040 0.013575 0.013457
0 0.712415 0.353252 0.012070 0.012196
0 0.725659 0.142844 0.011217 0.011331
0 0.440798 0.060138 0.012620 0.012817
0 0.039096 0.498968 0.012660 0.012566
0 0.328264 0.291945 0.011273 0.011430
0 0.559576 0.232752 0.012033 0.012164
0 0.063041 0.566027 0.012927 0.012555
0 0.618973 0.097322 0.011972 0.012160
0 0.441954 0.545737 0.012251 0.012415
0 0.540463 0.974877 0.012111 0.012030
0 0.198768 0.728186 0.011958 0.011693
0 0.849433 0.710345 0.021345 0.021271
0 0.108088 0.693326 0.011764 0.011627
0 0.495470 0.544171 0.014153 0.013830
0 0.159442 0.273631 0.011101 0.011409
0 0.982338 0.557106 0.012360 0.012105
0 0.042371 0.371316 0.014258 0.013939
0 0.777544 0.481852 0.011877 0.011990
0 0.102525 0.486945 0.012000 0.012011
0 0.174098 0.461948 0.011509 0.011727
0 0.064170 0.346460 0.012211 0.012553
0 0.426048 0.995522 0.012049 0.008956
0 0.223819 0.647501 0.011596 0.011512
0 0.972681 0.240210 0.012665 0.012601
0 0.537937 0.007369 0.014281 0.013950
0 0.058794 0.168265 0.012189 0.012007
0 0.421675 0.556803 0.012638 0.012323
0 0.134051 0.116579 0.012178 0.012262
0 0.334872 0.076743 0.011902 0.012075
0 0.108164 0.981326 0.013813 0.014115
0 0.005812 0.697377 0.011624 0.013017
0 0.821327 0.393426 0.011384 0.011334
0 0.467404 0.540199 0.011160 0.011231
0 0.054518 0.721442 0.012165 0.012106
0 0.674334 0.386370 0.012615 0.012787
0 0.533605 0.630403 0.023001 0.022372
0 0.621700 0.684494 0.012616 0.012553
0 0.778392 0.005069 0.013941 0.010111
0 0.495553 0.993172 0.010145 0.010294
0 0.821757 0.972010 0.013517 0.013206
0 0.282717 0.627689 0.013908 0.014075
0 0.003816 0.114390 0.007578 0.014354
0 0.702653 0.366888 0.013380 0.013678
0 0.148486 0.282875 0.010204 0.010169
0 0.279577 0.606135 0.009683 0.010811
0 0.056670 0.239851 0.011057 0.011153
