0 0.518360 0.423605 0.012905 0.012961
0 0.192740 0.622861 0.011236 0.011132
0 0.929601 0.632333 0.012712 0.012778
0 0.089360 0.488787 0.011700 0.011545
0 0.458536 0.334462 0.012454 0.012424
0 0.286450 0.287940 0.014457 0.014472
0 0.955072 0.847740 0.013632 0.013513
0 0.279972 0.436028 0.012042 0.011937
0 0.653319 0.637803 0.013678 0.013727
0 0.206634 0.565979 0.013144 0.012649
0 0.413439 0.630739 0.012443 0.012213
0 0.252140 0.264797 0.012064 0.012286
0 0.278996 0.569767 0.012956 0.013055
0 0.103416 0.584242 0.012940 0.012931
0 0.971463 0.586420 0.012338 0.012191
0 0.365363 0.556293 0.013338 0.013354
0 0.119341 0.433193 0.014206 0.014157
0 0.767260 0.908734 0.012694 0.012390
0 0.605577 0.643356 0.014783 0.014776
0 0.122328 0.507624 0.012539 0.012505
0 0.150374 0.749707 0.012312 0.012552
0 0.746116 0.247186 0.012451 0.012234
0 0.353978 0.782325 0.012586 0.012570
0 0.279921 0.794428 0.013239 0.013045
0 0.766876 0.537249 0.013748 0.013699
0 0.426561 0.289932 0.012782 0.012606
0 0.461501 0.968026 0.012202 0.012197
0 0.167628 0.899046 0.012202 0.011874
0 0.548314 0.332970 0.014190 0.014185
0 0.721734 0.718335 0.012250 0.012137
0 0.281094 0.815746 0.012395 0.012656
0 0.555865 0.687112 0.012771 0.012581
0 0.483420 0.433271 0.012497 0.012623
0 0.079990 0.824815 0.012288 0.012325
0 0.946444 0.941096 0.011273 0.011310
0 0.905073 0.239743 0.012046 0.012091
0 0.097949 0.933973 0.012355 0.012732
0 0.743539 0.975326 0.012983 0.013057
0 0.379413 0.875761 0.013572 0.013673
0 0.959719 0.446375 0.012112 0.012040
0 0.278750 0.857884 0.013660 0.013736
0 0.362081 0.918605 0.012251 0.012395
0 0.082724 0.374917 0.014166 0.014288
0 0.406116 0.321820 0.012528 0.012383
0 0.899478 0.448137 0.012611 0.012603
0 0.971792 0.352980 0.013295 0.013101
0 0.314106 0.375176 0.012037 0.011862
0 0.526756 0.463847 0.012243 0.012335
0 0.085845 0.741943 0.012242 0.012384
0 0.529920 0.570983 0.013762 0.013662
0 0.621547 0.518815 0.014216 0.014176
0 0.021776 0.089603 0.013861 0.013707
0 0.442700 0.075901 0.011732 0.011554
0 0.954699 0.737442 0.011943 0.011956
0 0.177430 0.219343 0.013185 0.013139
0 0.901195 0.532507 0.013059 0.013219
0 0.188702 0.780967 0.011961 0.011935
0 0.383439 0.471513 0.013213 0.013273
0 0.554781 0.521749 0.014437 0.014532
0 0.555529 0.993767 0.013473 0.012327
0 0.662074 0.489568 0.013374 0.013295
0 0.006619 0.878841 0.012949 0.013903
0 0.584497 0.040257 0.013039 0.013025
0 0.352105 0.964800 0.014000 0.013975
0 0.816188 0.433998 0.011221 0.011164
0 0.664904 0.757478 0.012794 0.012675
0 0.724629 0.460927 0.013301 0.013192
0 0.971635 0.917131 0.010874 0.010847
0 0.735003 0.619741 0.014738 0.014653
0 0.441691 0.928494 0.012417 0.012536
0 0.317777 0.829953 0.013153 0.013142
0 0.584601 0.529343 0.012171 0.011991
0 0.610262 0.295080 0.013436 0.013156
0 0.024878 0.890961 0.012477 0.012001
0 0.931973 0.725984 0.012474 0.012570
0 0.701546 0.936742 0.011812 0.012053
0 0.563093 0.145430 0.011386 0.011130
0 0.286837 0.960623 0.013116 0.012833
0 0.952025 0.551763 0.012719 0.012480
0 0.194014 0.061682 0.012776 0.012573
0 0.835461 0.355010 0.014365 0.014271
0 0.530338 0.640550 0.021856 0.021485
0 0.855874 0.113341 0.011857 0.011900
0 0.351301 0.245982 0.012413 0.012488
0 0.799139 0.436044 0.012157 0.012186
0 0.591610 0.876999 0.012826 0.013030
0 0.686184 0.514671 0.012868 0.012842
0 0.089203 0.911399 0.012556 0.012500
0 0.828738 0.034468 0.012538 0.012415
0 0.698493 0.336449 0.013453 0.013358
0 0.983831 0.510100 0.015449 0.014713
0 0.891890 0.578805 0.013247 0.013180
0 0.063836 0.107832 0.012706 0.012788
0 0.624366 0.880060 0.013131 0.013448
0 0.112277 0.866260 0.010647 0.010535
0 0.778408 0.427508 0.011874 0.011862
0 0.902962 0.986468 0.013572 0.013444
0 0.872713 0.118020 0.009225 0.009315
0 0.781025 0.138766 0.012145 0.012316
0 0.459967 0.261595 0.011570 0.011408
0 0.753942 0.280100 0.009490 0.009264
0 0.801349 0.539365 0.013330 0.013367
0 0.991163 0.880289 0.011769 0.011992
0 0.962864 0.788124 0.011328 0.011359
0 0.986444 0.310293 0.013300 0.013324
0 0.786722 0.490936 0.014100 0.014323
0 0.195620 0.256546 0.010135 0.010037
0 0.778274 0.754584 0.011218 0.011591
0 0.643820 0.388940 0.013313 0.013358
0 0.774795 0.468326 0.011601 0.011745
0 0.348057 0.294976 0.024366 0.024695
0 0.473034 0.391009 0.010791 0.010798
0 0.849442 0.538778 0.013169 0.013264
0 0.362410 0.738474 0.012861 0.013258
0 0.387869 0.004987 0.011199 0.009870
0 0.836469 0.005404 0.011481 0.010647
0 0.389872 0.371286 0.012531 0.012113
0 0.007942 0.928526 0.013832 0.013853
0 0.998123 0.217956 0.003702 0.012222
0 0.872658 0.071652 0.010686 0.010871
0 0.944072 0.021586 0.011036 0.010432
0 0.873706 0.249443 0.011951 0.012243
0 0.869620 0.565644 0.012819 0.012533
0 0.998197 0.943670 0.003535 0.013731
0 0.752030 0.621896 0.011350 0.011502
0 0.068659 0.571934 0.022785 0.023362
0 0.704532 0.819188 0.022275 0.022285
0 0.635699 0.084996 0.024246 0.024917
0 0.373509 0.738770 0.017128 0.017613
0 0.650579 0.472108 0.011364 0.011206
0 0.738904 0.710815 0.014156 0.014645
0 0.871777 0.073699 0.011029 0.010702
0 0.751580 0.624047 0.010674 0.010702
