0 0.558305 0.234453 0.013240 0.012963
0 0.661950 0.095905 0.012322 0.012282
0 0.712695 0.665451 0.012823 0.012774
0 0.631083 0.162454 0.012283 0.012125
0 0.655835 0.421531 0.012563 0.012614
0 0.696372 0.274698 0.012807 0.012793
0 0.540275 0.545088 0.012089 0.011903
0 0.210645 0.396479 0.013484 0.013393
0 0.411641 0.717471 0.013133 0.012992
0 0.566629 0.367344 0.012140 0.012301
0 0.055744 0.361371 0.012980 0.012872
0 0.834622 0.141265 0.012350 0.012345
0 0.279879 0.436667 0.012126 0.012045
0 0.881537 0.739222 0.013015 0.013037
0 0.734070 0.621662 0.013620 0.013549
0 0.095887 0.387367 0.012692 0.012624
0 0.263667 0.605519 0.013050 0.012874
0 0.653637 0.588372 0.011796 0.011797
0 0.332189 0.374736 0.012816 0.012810
0 0.962909 0.425454 0.013211 0.013170
0 0.871889 0.224855 0.011997 0.011851
0 0.925913 0.035870 0.012667 0.012623
0 0.431014 0.489823 0.012776 0.012748
0 0.580365 0.520189 0.013862 0.013722
0 0.416539 0.672175 0.013004 0.012832
0 0.422977 0.113176 0.012951 0.012912
0 0.432025 0.831385 0.013093 0.013154
0 0.546815 0.725915 0.012844 0.012708
0 0.743321 0.710627 0.012275 0.012150
0 0.685729 0.573909 0.011956 0.011969
0 0.458991 0.184212 0.012739 0.012684
0 0.480002 0.480109 0.013384 0.013375
0 0.432482 0.393215 0.013643 0.013646
0 0.466376 0.156416 0.013516 0.013356
0 0.617390 0.336937 0.012145 0.011940
0 0.683597 0.616947 0.013804 0.013480
0 0.469889 0.906560 0.014084 0.013924
0 0.903615 0.537359 0.013132 0.013036
0 0.404925 0.273051 0.011950 0.011728
0 0.455324 0.328436 0.014793 0.014676
0 0.311336 0.525718 0.010891 0.010826
0 0.285023 0.662647 0.014531 0.014622
0 0.391916 0.955310 0.013198 0.013191
0 0.122139 0.741664 0.012248 0.012213
0 0.371179 0.361942 0.012297 0.012400
0 0.359506 0.845715 0.012150 0.012002
0 0.892080 0.582198 0.012548 0.012468
0 0.187284 0.611601 0.012059 0.011857
0 0.375474 0.285379 0.012767 0.012674
0 0.608380 0.933369 0.015162 0.014726
0 0.083777 0.645479 0.012691 0.012741
0 0.935074 0.842703 0.013816 0.013872
0 0.022879 0.824546 0.012220 0.012243
0 0.399905 0.574103 0.013365 0.013338
0 0.341459 0.765764 0.012517 0.012523
0 0.833094 0.502386 0.011532 0.011516
0 0.501603 0.358700 0.013126 0.012997
0 0.770854 0.109236 0.013768 0.013537
0 0.282185 0.936183 0.011113 0.010969
0 0.087758 0.927738 0.011495 0.011273
0 0.028319 0.802594 0.013214 0.013304
0 0.824748 0.015768 0.012662 0.012693
0 0.869295 0.289237 0.013910 0.013981
0 0.495302 0.739997 0.013035 0.012926
0 0.349689 0.742654 0.012730 0.012551
0 0.608446 0.597802 0.013832 0.013782
0 0.491951 0.624683 0.012397 0.012321
0 0.036458 0.376985 0.015295 0.015304
0 0.969960 0.597851 0.012178 0.011791
0 0.923378 0.272950 0.013112 0.013067
0 0.761848 0.026674 0.010940 0.010890
0 0.733077 0.574524 0.011428 0.011384
0 0.138977 0.203356 0.012798 0.012842
0 0.257518 0.527415 0.013537 0.013658
0 0.231481 0.453799 0.013146 0.013339
0 0.024605 0.907061 0.011560 0.011627
0 0.600037 0.259240 0.009292 0.009302
0 0.073872 0.755331 0.013614 0.013481
0 0.172321 0.963196 0.011031 0.011172
0 0.086398 0.785862 0.010289 0.010104
0 0.342634 0.841764 0.012176 0.011845
0 0.793810 0.528871 0.012658 0.012851
0 0.461709 0.457107 0.013722 0.013884
0 0.742755 0.445156 0.010654 0.010522
0 0.601188 0.807979 0.012943 0.013092
0 0.818529 0.487291 0.010354 0.010418
0 0.474346 0.280584 0.010835 0.010662
0 0.095793 0.357368 0.014205 0.014292
0 0.761497 0.007571 0.011226 0.011826
0 0.111812 0.170389 0.012092 0.012442
0 0.767368 0.535791 0.013641 0.013343
0 0.780575 0.926545 0.011981 0.011860
0 0.912797 0.927385 0.011392 0.011542
0 0.737925 0.926329 0.012266 0.012344
0 0.650672 0.473612 0.009802 0.009297
0 0.851636 0.714198 0.018185 0.017549
0 0.967457 0.029234 0.010534 0.010284
0 0.835244 0.661555 0.012495 0.012597
0 0.231743 0.843480 0.012810 0.012635
0 0.997547 0.671668 0.004861 0.010966
0 0.350624 0.290771 0.023299 0.023877
0 0.584360 0.800045 0.012779 0.012887
0 0.886254 0.117411 0.009614 0.009629
0 0.981515 0.513677 0.014366 0.013963
0 0.852446 0.997029 0.011042 0.005943
0 0.904449 0.073334 0.009511 0.009308
0 0.140550 0.018304 0.012150 0.012184
0 0.128069 0.945105 0.010937 0.010760
0 0.727643 0.780822 0.011332 0.011256
0 0.879626 0.977829 0.012819 0.012672
0 0.987700 0.463279 0.011764 0.011736
0 0.057203 0.908626 0.010919 0.011033
0 0.525737 0.977962 0.012637 0.013092
0 0.094121 0.764130 0.014091 0.013470
0 0.864952 0.355663 0.010013 0.009759
0 0.917697 0.004890 0.011627 0.009666
0 0.534926 0.630386 0.023759 0.023351
0 0.870781 0.566839 0.011222 0.010779
0 0.274807 0.141439 0.012064 0.012296
0 0.215568 0.108920 0.008222 0.008011
0 0.872545 0.109199 0.011292 0.011273
0 0.984085 0.513642 0.013953 0.013701
0 0.720822 0.434034 0.008514 0.009037
0 0.865400 0.539942 0.009896 0.009736
0 0.219762 0.994934 0.010375 0.009523
0 0.637501 0.080289 0.022923 0.023009
0 0.354697 0.822794 0.011618 0.011560
0 0.001695 0.988241 0.003375 0.012209
