0 0.827305 0.609762 0.013347 0.013136
0 0.807708 0.819980 0.013167 0.013080
0 0.312745 0.224046 0.012635 0.012687
0 0.545508 0.294163 0.013629 0.013520
0 0.467290 0.684499 0.012796 0.012740
0 0.162798 0.752075 0.011965 0.011712
0 0.367423 0.148777 0.013500 0.013469
0 0.765377 0.939460 0.012855 0.012848
0 0.658841 0.883534 0.012466 0.012201
0 0.277589 0.692506 0.012459 0.012634
0 0.086369 0.393215 0.012916 0.012931
0 0.258140 0.028816 0.012671 0.012544
0 0.921957 0.590571 0.013475 0.013231
0 0.932691 0.806541 0.012465 0.012350
0 0.599142 0.578349 0.012675 0.012494
0 0.592660 0.455202 0.013149 0.012957
0 0.541706 0.784835 0.013123 0.012899
0 0.025666 0.930776 0.012366 0.012300
0 0.844031 0.549827 0.012401 0.012375
0 0.749030 0.618217 0.013289 0.013140
0 0.288975 0.808361 0.013146 0.012967
0 0.437660 0.682005 0.013360 0.013319
0 0.106153 0.144054 0.014156 0.013984
0 0.629637 0.370427 0.012611 0.012582
0 0.038085 0.971894 0.013083 0.012833
0 0.148083 0.680959 0.011871 0.011798
0 0.419864 0.602736 0.012633 0.012575
0 0.167155 0.425844 0.012646 0.012789
0 0.686513 0.636941 0.012401 0.012383
0 0.528236 0.411975 0.012546 0.012662
0 0.145754 0.041653 0.011547 0.011453
0 0.125318 0.450922 0.012472 0.012489
0 0.181777 0.665073 0.012692 0.012940
0 0.583430 0.902531 0.012252 0.012209
0 0.183322 0.059146 0.013076 0.012894
0 0.316787 0.150763 0.012791 0.012846
0 0.895827 0.799468 0.012889 0.012749
0 0.418938 0.416838 0.012668 0.012348
0 0.185457 0.891456 0.013184 0.013086
0 0.650162 0.033193 0.013170 0.013022
0 0.222483 0.469771 0.012780 0.012784
0 0.194085 0.249550 0.013349 0.013313
0 0.722858 0.825662 0.012689 0.012696
0 0.222101 0.056495 0.012308 0.011921
0 0.566498 0.378190 0.012141 0.012414
0 0.370348 0.495045 0.013045 0.012787
0 0.666009 0.052219 0.012394 0.012216
0 0.597473 0.116529 0.012440 0.012352
0 0.095138 0.692956 0.011721 0.012113
0 0.022699 0.470389 0.011569 0.011390
0 0.333179 0.653030 0.012574 0.012791
0 0.341794 0.450686 0.012347 0.012176
0 0.313857 0.176853 0.012938 0.012897
0 0.722097 0.577281 0.012198 0.011811
0 0.660981 0.286930 0.013680 0.013588
0 0.607698 0.077202 0.012617 0.012493
0 0.959248 0.794593 0.014282 0.014536
0 0.457308 0.958949 0.012843 0.012894
0 0.355830 0.847163 0.012019 0.011775
0 0.839409 0.485562 0.011597 0.011795
0 0.610653 0.721788 0.012773 0.013143
0 0.777205 0.923338 0.012067 0.012164
0 0.109716 0.980884 0.013625 0.013615
0 0.087871 0.890825 0.012313 0.012431
0 0.807197 0.992161 0.013233 0.013296
0 0.548234 0.904900 0.011753 0.011832
0 0.527184 0.350474 0.013003 0.012596
0 0.567716 0.189897 0.013197 0.013379
0 0.034563 0.319162 0.012726 0.012649
0 0.571837 0.512856 0.013321 0.013320
0 0.174025 0.039270 0.013108 0.012946
0 0.255949 0.219242 0.013850 0.013799
0 0.540871 0.972834 0.011510 0.011311
0 0.090678 0.623506 0.011464 0.011575
0 0.331530 0.519243 0.012589 0.012454
0 0.770609 0.020716 0.012613 0.012793
0 0.103015 0.550115 0.012364 0.012588
0 0.644658 0.817187 0.010570 0.010595
0 0.102095 0.356796 0.013606 0.013479
0 0.473438 0.158003 0.013076 0.013020
0 0.452138 0.092699 0.013146 0.013239
0 0.533101 0.668683 0.012570 0.012838
0 0.528126 0.922321 0.011234 0.011140
0 0.042975 0.690069 0.016283 0.015735
0 0.226251 0.651091 0.012615 0.012290
0 0.470800 0.862158 0.009903 0.009642
0 0.779506 0.293961 0.011994 0.012100
0 0.003620 0.778359 0.007218 0.011903
0 0.435349 0.802983 0.011363 0.011761
0 0.261071 0.808931 0.011565 0.011534
0 0.980710 0.367297 0.012040 0.012156
0 0.858008 0.384390 0.013128 0.013160
0 0.940504 0.019713 0.013807 0.013900
0 0.789324 0.005845 0.012828 0.011690
0 0.354000 0.255959 0.013388 0.013613
0 0.136034 0.390058 0.011890 0.011675
0 0.849394 0.710806 0.023223 0.023241
0 0.260714 0.235320 0.012218 0.012190
0 0.313356 0.943570 0.012455 0.012484
0 0.426369 0.047535 0.012369 0.012025
0 0.751601 0.817116 0.012048 0.012092
0 0.996081 0.729879 0.007837 0.013729
0 0.980505 0.607208 0.010179 0.010243
0 0.130403 0.003845 0.011551 0.007671
0 0.441040 0.059516 0.011636 0.011697
0 0.794325 0.862019 0.010982 0.010901
0 0.390771 0.732666 0.013358 0.013575
0 0.496453 0.543743 0.014211 0.014539
0 0.944055 0.268536 0.011191 0.011315
0 0.108755 0.954751 0.011461 0.011695
0 0.345658 0.289414 0.023624 0.023690
0 0.562647 0.627922 0.012405 0.012989
0 0.004845 0.472193 0.009256 0.013377
0 0.988988 0.252515 0.011725 0.011425
0 0.381749 0.732004 0.020180 0.017265
0 0.691989 0.727507 0.015338 0.014971
