0 0.120793 0.068269 0.012569 0.012465
0 0.122475 0.220669 0.011978 0.011684
0 0.178657 0.795612 0.013499 0.013321
0 0.748940 0.616761 0.012274 0.012154
0 0.180963 0.462611 0.012135 0.011944
0 0.187114 0.889917 0.013018 0.013136
0 0.059860 0.470708 0.011285 0.010954
0 0.153702 0.930808 0.013362 0.013261
0 0.111605 0.028255 0.012669 0.012454
0 0.420718 0.207765 0.011486 0.011562
0 0.136536 0.526263 0.011740 0.011614
0 0.048769 0.016598 0.012920 0.012860
0 0.425550 0.356040 0.011275 0.011153
0 0.268359 0.169002 0.012158 0.012137
0 0.072484 0.231597 0.012812 0.013023
0 0.204550 0.766616 0.013158 0.013073
0 0.362453 0.033267 0.012438 0.012348
0 0.299415 0.403116 0.012908 0.012891
0 0.207672 0.229732 0.013132 0.013191
0 0.401117 0.425079 0.012338 0.012320
0 0.743281 0.672897 0.012041 0.011710
0 0.237565 0.787599 0.012709 0.012721
0 0.275534 0.405892 0.011679 0.011490
0 0.458970 0.958466 0.011675 0.011671
0 0.573231 0.321600 0.012797 0.012707
0 0.316027 0.491009 0.011992 0.011926
0 0.523979 0.346246 0.012313 0.011947
0 0.541553 0.219693 0.011100 0.011041
0 0.112195 0.252533 0.011493 0.011359
0 0.543140 0.973450 0.011431 0.011378
0 0.650189 0.289647 0.012183 0.012302
0 0.798208 0.554807 0.011677 0.011726
0 0.447425 0.256414 0.012561 0.012242
0 0.336648 0.107710 0.012130 0.011826
0 0.226292 0.649498 0.012874 0.012731
0 0.421621 0.874451 0.012028 0.011909
0 0.131387 0.789088 0.012792 0.012609
0 0.789278 0.804302 0.012695 0.012595
0 0.355909 0.515980 0.011519 0.011540
0 0.932383 0.457785 0.011589 0.011695
0 0.109426 0.979758 0.013327 0.013465
0 0.448769 0.213824 0.015707 0.015988
0 0.591877 0.394284 0.011545 0.011717
0 0.224086 0.465775 0.012036 0.012032
0 0.060333 0.815931 0.012179 0.012079
0 0.848000 0.718693 0.019753 0.019142
0 0.714313 0.331914 0.011664 0.011414
0 0.670277 0.938464 0.009722 0.010160
0 0.459504 0.150635 0.011410 0.011293
0 0.693498 0.531063 0.009755 0.009972
0 0.007053 0.454461 0.011987 0.011858
0 0.474624 0.633664 0.011221 0.011116
0 0.344060 0.297161 0.022338 0.021722
0 0.132029 0.811918 0.012029 0.011979
0 0.344785 0.340551 0.012024 0.011834
0 0.452311 0.315338 0.010608 0.010616
0 0.045480 0.369572 0.011076 0.010588
0 0.153438 0.508992 0.012068 0.011932
0 0.701767 0.821414 0.017768 0.017134
0 0.450238 0.790507 0.011903 0.012145
0 0.528854 0.637901 0.020093 0.021350
0 0.375496 0.227891 0.017565 0.017907
0 0.040674 0.583225 0.012048 0.011861
