0 0.539417 0.396062 0.012901 0.013093
0 0.109201 0.818206 0.014380 0.014228
0 0.786281 0.140329 0.013727 0.013560
0 0.527656 0.960685 0.012515 0.012439
0 0.288992 0.587325 0.013843 0.013830
0 0.133045 0.448897 0.013464 0.013505
0 0.290237 0.201848 0.012797 0.012933
0 0.554816 0.124251 0.013010 0.012813
0 0.105660 0.480905 0.013416 0.013400
0 0.455363 0.712494 0.014184 0.014035
0 0.053518 0.840129 0.013057 0.013237
0 0.120270 0.868366 0.013234 0.013222
0 0.185874 0.353277 0.012686 0.012490
0 0.653373 0.277474 0.012976 0.012937
0 0.918884 0.763068 0.013816 0.013782
0 0.942066 0.845474 0.013148 0.013184
0 0.767561 0.041784 0.012609 0.012625
0 0.306590 0.574912 0.013683 0.013663
0 0.366670 0.143762 0.013558 0.013599
0 0.579127 0.262113 0.012313 0.012328
0 0.593487 0.162258 0.013426 0.013148
0 0.676780 0.884040 0.012913 0.012920
0 0.530890 0.433988 0.012829 0.012676
0 0.189317 0.498229 0.012825 0.012935
0 0.116793 0.276583 0.012549 0.012320
0 0.653763 0.582818 0.013347 0.013340
0 0.622902 0.456384 0.013105 0.012939
0 0.069643 0.949584 0.013835 0.013859
0 0.957738 0.674875 0.014047 0.014125
0 0.567738 0.479186 0.012083 0.012185
0 0.924962 0.517298 0.013864 0.014065
0 0.805081 0.024401 0.013124 0.012861
0 0.456336 0.432907 0.012225 0.012205
0 0.287025 0.147909 0.013708 0.013570
0 0.902899 0.172756 0.013276 0.013224
0 0.583054 0.929288 0.013827 0.013831
0 0.858823 0.070691 0.014345 0.014268
0 0.719734 0.597222 0.013036 0.012957
0 0.878132 0.766254 0.013701 0.013529
0 0.701651 0.529597 0.014175 0.014110
0 0.876859 0.097118 0.013863 0.013784
0 0.043078 0.418977 0.013241 0.013228
0 0.032816 0.571753 0.013007 0.012821
0 0.080420 0.968935 0.014560 0.014350
0 0.128902 0.837828 0.014537 0.014504
0 0.655618 0.306406 0.012414 0.012374
0 0.818274 0.820617 0.013820 0.013770
0 0.816631 0.966899 0.013010 0.013020
0 0.215954 0.342586 0.013214 0.013106
0 0.644266 0.936212 0.013327 0.013176
0 0.526906 0.218301 0.013831 0.014046
0 0.563905 0.228146 0.012746 0.012666
0 0.477918 0.115149 0.013055 0.012980
0 0.809553 0.401093 0.012821 0.012634
0 0.823802 0.740793 0.013098 0.013036
0 0.263956 0.071386 0.012634 0.012413
0 0.945596 0.092831 0.013224 0.013184
0 0.413189 0.650340 0.014586 0.014482
0 0.881554 0.550515 0.013648 0.013704
0 0.547341 0.299777 0.013907 0.014078
0 0.822901 0.674588 0.014454 0.014489
0 0.458249 0.576025 0.012521 0.012538
0 0.603717 0.899205 0.012768 0.012685
0 0.529737 0.191260 0.013777 0.013616
0 0.939812 0.480291 0.012852 0.012488
0 0.667601 0.741878 0.012495 0.012441
0 0.292780 0.888833 0.013310 0.013125
0 0.405191 0.344422 0.013886 0.013642
0 0.028209 0.686252 0.014046 0.014153
0 0.694027 0.205457 0.013319 0.013424
0 0.920656 0.102571 0.012711 0.012948
0 0.627049 0.719893 0.013642 0.013500
0 0.418935 0.782926 0.014161 0.014029
0 0.051757 0.587813 0.012529 0.012488
0 0.347962 0.613521 0.014020 0.013824
0 0.351689 0.913147 0.013127 0.013202
0 0.408604 0.393933 0.014073 0.013967
0 0.949718 0.603117 0.013271 0.013298
0 0.372537 0.368506 0.013028 0.012906
0 0.685871 0.899752 0.012229 0.012493
0 0.918981 0.343407 0.014085 0.014066
0 0.832633 0.138742 0.013589 0.013720
0 0.471057 0.408264 0.013712 0.013688
0 0.286202 0.639588 0.012769 0.012716
0 0.533189 0.472594 0.012696 0.012508
0 0.679298 0.132021 0.014243 0.014138
0 0.846623 0.957950 0.013491 0.013624
0 0.461217 0.760483 0.013289 0.013276
0 0.699976 0.326426 0.013460 0.013320
0 0.024839 0.339574 0.014898 0.014812
0 0.191799 0.150686 0.014400 0.014380
0 0.961077 0.573873 0.012496 0.012545
0 0.065009 0.314862 0.013316 0.013220
0 0.425592 0.586296 0.013376 0.013191
0 0.862659 0.416539 0.013101 0.013179
0 0.356587 0.329481 0.012857 0.012773
0 0.703664 0.552459 0.013730 0.013860
0 0.894134 0.858558 0.012534 0.012975
0 0.745776 0.406758 0.013742 0.013506
0 0.235407 0.054125 0.014250 0.014218
0 0.372881 0.624561 0.012609 0.012383
0 0.878360 0.169394 0.013767 0.013795
0 0.422894 0.686612 0.012593 0.012425
0 0.661021 0.708360 0.013835 0.013832
0 0.459077 0.788852 0.012471 0.012554
0 0.339784 0.084885 0.014401 0.014209
0 0.619266 0.757366 0.013212 0.013216
0 0.166831 0.983301 0.012620 0.012765
0 0.100774 0.016650 0.013932 0.014053
0 0.184700 0.107379 0.013668 0.013581
0 0.100034 0.107069 0.014585 0.014465
0 0.641155 0.252977 0.016197 0.016058
0 0.701608 0.633351 0.013996 0.014057
0 0.400099 0.220127 0.013757 0.013485
0 0.587354 0.766903 0.014080 0.014160
0 0.449396 0.907405 0.013458 0.013308
0 0.045648 0.237278 0.013998 0.013957
0 0.143412 0.687589 0.013209 0.013463
0 0.042390 0.268649 0.013487 0.013241
0 0.801477 0.219899 0.014887 0.014926
0 0.886678 0.432688 0.013217 0.013274
0 0.062945 0.387691 0.013330 0.013593
0 0.422793 0.924304 0.012946 0.012868
0 0.659324 0.846864 0.013393 0.013246
0 0.908076 0.046265 0.013165 0.013248
0 0.186061 0.005995 0.014693 0.011989
0 0.549314 0.643287 0.013686 0.013522
0 0.005566 0.865396 0.011132 0.013024
0 0.264956 0.940784 0.013024 0.012963
0 0.192416 0.996059 0.012419 0.007855
0 0.863497 0.991657 0.012100 0.012036
0 0.226190 0.678698 0.014818 0.014532
0 0.254566 0.786158 0.012320 0.012231
0 0.389320 0.330963 0.014221 0.013862
0 0.022498 0.381640 0.013924 0.013714
0 0.752239 0.773231 0.012155 0.012159
0 0.789791 0.186752 0.013140 0.012648
0 0.176093 0.792478 0.012461 0.012171
0 0.055370 0.534471 0.013057 0.012765
0 0.330240 0.763737 0.013413 0.013238
0 0.856317 0.436867 0.013609 0.013616
0 0.028162 0.281337 0.013226 0.013081
0 0.606118 0.679457 0.013778 0.013846
0 0.526282 0.023153 0.013443 0.013243
0 0.737558 0.318956 0.013579 0.014119
0 0.632541 0.675775 0.013017 0.013129
0 0.951362 0.013364 0.013243 0.013301
0 0.164597 0.565182 0.013515 0.013446
0 0.453828 0.013712 0.013214 0.013222
0 0.832468 0.445728 0.014199 0.014145
0 0.480514 0.266805 0.014785 0.014755
0 0.512976 0.467089 0.014233 0.014318
0 0.975235 0.174661 0.013040 0.012980
0 0.027975 0.886622 0.012285 0.012203
0 0.937816 0.871952 0.013095 0.012855
0 0.160465 0.789291 0.011536 0.011803
0 0.113365 0.392981 0.012360 0.012022
0 0.725469 0.900920 0.012454 0.012377
0 0.944277 0.902531 0.015274 0.015667
0 0.023367 0.750200 0.013349 0.013275
0 0.387261 0.972525 0.013555 0.013362
0 0.996279 0.869794 0.007443 0.012417
0 0.939958 0.204773 0.012474 0.012496
0 0.075573 0.889402 0.013494 0.013519
0 0.764918 0.402718 0.012905 0.012674
0 0.995365 0.057175 0.009270 0.013104
0 0.962364 0.878886 0.014352 0.014206
0 0.011949 0.188823 0.014153 0.014093
0 0.905522 0.980562 0.012413 0.012465
0 0.365443 0.648528 0.014145 0.014006
0 0.754093 0.002818 0.012090 0.005637
0 0.845230 0.184205 0.014328 0.014480
0 0.194334 0.198142 0.012937 0.012904
0 0.266434 0.719358 0.013769 0.013703
0 0.982723 0.191726 0.013412 0.013277
0 0.007777 0.710699 0.015022 0.016264
0 0.286318 0.830208 0.011932 0.011854
0 0.475687 0.521335 0.017883 0.017135
0 0.414364 0.002696 0.014062 0.005392
0 0.187449 0.551884 0.014571 0.014929
0 0.499178 0.108777 0.014584 0.014891
0 0.210924 0.200652 0.013257 0.013177
0 0.765308 0.458897 0.013588 0.013827
0 0.011610 0.439905 0.014240 0.014314
0 0.308390 0.045127 0.013641 0.013769
0 0.508719 0.499401 0.012247 0.012179
0 0.771068 0.598418 0.014431 0.014413
0 0.865135 0.011597 0.013215 0.013212
0 0.341556 0.646543 0.011880 0.011847
0 0.846317 0.706727 0.020517 0.020181
0 0.077260 0.909633 0.012751 0.012676
0 0.413992 0.412030 0.015628 0.015459
0 0.252115 0.279622 0.009284 0.011037
0 0.222258 0.745481 0.011160 0.010823
0 0.157018 0.212438 0.014895 0.014605
0 0.456046 0.556950 0.011907 0.011964
0 0.487713 0.932795 0.009858 0.009884
0 0.836340 0.602075 0.012104 0.011692
0 0.842483 0.702936 0.015110 0.014713
0 0.740854 0.667137 0.013125 0.012926
0 0.501758 0.477124 0.013062 0.012943
0 0.491515 0.451253 0.013455 0.013717
0 0.255300 0.813153 0.014431 0.014326
0 0.244605 0.727377 0.013665 0.013740
0 0.850699 0.342114 0.014682 0.014223
0 0.535374 0.590286 0.013904 0.013967
0 0.417454 0.410343 0.017612 0.016939
0 0.848567 0.340002 0.014231 0.013934
0 0.269252 0.667696 0.013669 0.013575
0 0.767435 0.459346 0.013864 0.014187
