0 0.940262 0.481285 0.012746 0.012873
0 0.653054 0.460569 0.012866 0.012815
0 0.595939 0.310148 0.013382 0.013320
0 0.640385 0.852901 0.012298 0.012406
0 0.645248 0.944352 0.012140 0.012101
0 0.680370 0.977876 0.014084 0.013768
0 0.507599 0.574763 0.013036 0.012991
0 0.827606 0.279713 0.014091 0.013915
0 0.243250 0.283628 0.011500 0.011517
0 0.986340 0.211702 0.013167 0.013170
0 0.892354 0.437377 0.012858 0.012727
0 0.139906 0.455993 0.013517 0.013361
0 0.776671 0.691280 0.013161 0.013130
0 0.383084 0.157789 0.014112 0.013918
0 0.475002 0.771084 0.013591 0.013475
0 0.170870 0.392466 0.012922 0.012768
0 0.198930 0.206199 0.013293 0.013135
0 0.383122 0.358895 0.013725 0.014038
0 0.488134 0.128525 0.013584 0.013346
0 0.566089 0.118555 0.013377 0.013532
0 0.053570 0.400330 0.014532 0.014471
0 0.328602 0.562260 0.012193 0.012173
0 0.319121 0.308808 0.012946 0.012803
0 0.553171 0.354658 0.012324 0.012618
0 0.748086 0.619161 0.013739 0.013563
0 0.342247 0.506860 0.014638 0.014303
0 0.975404 0.488130 0.012558 0.012355
0 0.328328 0.075880 0.012113 0.012395
0 0.324813 0.240289 0.013089 0.013080
0 0.696900 0.110595 0.012992 0.012915
0 0.164779 0.340768 0.011722 0.011736
0 0.542822 0.975719 0.013184 0.013033
0 0.943819 0.196936 0.011712 0.011671
0 0.111230 0.544645 0.013580 0.013586
0 0.175393 0.287319 0.011956 0.012050
0 0.314962 0.045800 0.012515 0.012647
0 0.388322 0.711341 0.013676 0.013530
0 0.577473 0.505197 0.013156 0.013086
0 0.827954 0.333036 0.012431 0.012044
0 0.308347 0.574758 0.012172 0.012105
0 0.553330 0.094069 0.014243 0.014111
0 0.461082 0.960025 0.012428 0.012343
0 0.123562 0.250376 0.012503 0.012712
0 0.797135 0.852514 0.012718 0.012568
0 0.333271 0.384299 0.012916 0.012727
0 0.063335 0.844646 0.013364 0.013247
0 0.006089 0.423363 0.012178 0.014141
0 0.436359 0.589921 0.010524 0.010526
0 0.659550 0.355961 0.012015 0.011969
0 0.219198 0.807123 0.012883 0.013028
0 0.107853 0.196789 0.012863 0.012822
0 0.910046 0.041858 0.013645 0.013450
0 0.685502 0.071239 0.013339 0.013384
0 0.603388 0.170718 0.012948 0.012668
0 0.412183 0.678588 0.012145 0.011975
0 0.430557 0.035421 0.013461 0.013034
0 0.584554 0.010575 0.013754 0.013523
0 0.406098 0.789814 0.012318 0.012670
0 0.459693 0.041423 0.012626 0.012617
0 0.155058 0.258846 0.011815 0.011851
0 0.949457 0.042401 0.012517 0.012621
0 0.600945 0.527234 0.012234 0.012158
0 0.574872 0.480944 0.013545 0.013460
0 0.117529 0.489974 0.013002 0.012865
0 0.239464 0.332024 0.012576 0.012781
0 0.179538 0.684489 0.013178 0.013161
0 0.856687 0.710638 0.012072 0.013185
0 0.804764 0.070626 0.012781 0.012842
0 0.108258 0.980948 0.013381 0.013509
0 0.788750 0.192078 0.012763 0.012771
0 0.146527 0.730821 0.012890 0.013064
0 0.223907 0.469351 0.013004 0.013122
0 0.695129 0.371093 0.011853 0.011997
0 0.185013 0.892813 0.012706 0.012670
0 0.183806 0.807738 0.012221 0.011923
0 0.338299 0.016395 0.012601 0.012339
0 0.813336 0.005799 0.013422 0.011598
0 0.619457 0.493131 0.012654 0.012916
0 0.286484 0.229514 0.015238 0.015368
0 0.440658 0.058490 0.011884 0.011892
0 0.926187 0.616033 0.010523 0.010622
0 0.063621 0.600959 0.012034 0.011936
0 0.106011 0.252086 0.012840 0.013114
0 0.679568 0.051493 0.012779 0.012595
0 0.722358 0.009909 0.012287 0.012106
0 0.303294 0.801949 0.011785 0.011669
0 0.574841 0.673145 0.011178 0.011319
0 0.494099 0.543298 0.013318 0.013481
0 0.071187 0.442252 0.014072 0.014109
0 0.534967 0.334135 0.013369 0.012673
0 0.857290 0.494326 0.013414 0.013123
0 0.599428 0.130994 0.013187 0.013876
0 0.854657 0.357422 0.011377 0.011125
0 0.134867 0.489817 0.011267 0.011776
0 0.123335 0.309909 0.014419 0.014014
0 0.788013 0.005675 0.013089 0.011165
0 0.063463 0.011244 0.014323 0.014363
0 0.225515 0.651310 0.012360 0.012306
0 0.872147 0.495918 0.012432 0.011778
0 0.010532 0.533964 0.011830 0.011734
0 0.158581 0.016963 0.013591 0.013679
0 0.557473 0.484623 0.012181 0.011792
0 0.908482 0.338902 0.012360 0.012284
0 0.240509 0.469367 0.011569 0.011620
0 0.016387 0.998364 0.012307 0.003260
0 0.285577 0.227373 0.013927 0.013753
0 0.417599 0.662001 0.013649 0.013244
0 0.025573 0.615868 0.011245 0.011306
0 0.506273 0.873634 0.011063 0.010736
0 0.609397 0.916703 0.011494 0.011848
