0 0.617639 0.822391 0.013919 0.013759
0 0.912414 0.813614 0.013364 0.013192
0 0.875618 0.656052 0.014223 0.014326
0 0.812192 0.018410 0.013125 0.012949
0 0.505691 0.851239 0.013684 0.013528
0 0.368692 0.030477 0.013754 0.013698
0 0.110563 0.198867 0.012464 0.012403
0 0.184600 0.891569 0.012496 0.012399
0 0.747419 0.619164 0.013343 0.013268
0 0.222845 0.114023 0.013284 0.013013
0 0.149794 0.098715 0.013950 0.013790
0 0.143803 0.181621 0.012673 0.012356
0 0.449182 0.072627 0.012091 0.012009
0 0.121543 0.742961 0.013890 0.013726
0 0.081827 0.957477 0.012774 0.012818
0 0.474163 0.645105 0.012867 0.012763
0 0.574394 0.947919 0.012401 0.012343
0 0.157273 0.630949 0.012400 0.012134
0 0.419156 0.741231 0.012426 0.012429
0 0.343162 0.055128 0.012492 0.012170
0 0.105025 0.359832 0.014036 0.013884
0 0.172937 0.854259 0.013471 0.013557
0 0.186646 0.543687 0.012611 0.012613
0 0.516142 0.778260 0.012471 0.012296
0 0.149745 0.694975 0.011848 0.011732
0 0.965853 0.146132 0.012473 0.012511
0 0.320633 0.124273 0.011876 0.011849
0 0.195997 0.459946 0.013771 0.013656
0 0.297900 0.578647 0.013492 0.013094
0 0.222021 0.469780 0.013012 0.012932
0 0.454227 0.585433 0.011749 0.011390
0 0.671403 0.518249 0.012838 0.012722
0 0.965424 0.515533 0.013314 0.013358
0 0.143715 0.392189 0.013484 0.013452
0 0.108157 0.980404 0.013600 0.013595
0 0.556354 0.357715 0.012651 0.012579
0 0.541598 0.977495 0.012503 0.012263
0 0.716142 0.898212 0.013061 0.013023
0 0.096190 0.214411 0.013640 0.013374
0 0.301980 0.633086 0.013476 0.013564
0 0.531524 0.288423 0.012446 0.012407
0 0.549899 0.414221 0.012239 0.012405
0 0.652872 0.433127 0.013667 0.013539
0 0.659677 0.161942 0.012557 0.012597
0 0.892869 0.629819 0.012157 0.012277
0 0.763829 0.823164 0.012688 0.012627
0 0.911503 0.080278 0.011357 0.011238
0 0.864762 0.008773 0.012402 0.012162
0 0.706087 0.331731 0.014236 0.014169
0 0.392286 0.418318 0.013242 0.013387
0 0.380718 0.122516 0.014196 0.014216
0 0.646151 0.899407 0.013902 0.013986
0 0.526347 0.256649 0.012961 0.012660
0 0.524434 0.349454 0.013379 0.013082
0 0.942249 0.085750 0.012841 0.012829
0 0.685080 0.265670 0.012175 0.012113
0 0.101001 0.137718 0.013592 0.013491
0 0.594130 0.217751 0.012347 0.012100
0 0.487057 0.749221 0.014472 0.014183
0 0.581471 0.225110 0.011407 0.011096
0 0.204067 0.391688 0.012800 0.012971
0 0.599972 0.365387 0.011632 0.011928
0 0.224381 0.648510 0.012522 0.012367
0 0.819171 0.565236 0.012997 0.012894
0 0.060892 0.444413 0.013808 0.013717
0 0.293430 0.862734 0.011776 0.011536
0 0.994905 0.715390 0.010190 0.015159
0 0.103631 0.232155 0.011991 0.011973
0 0.036824 0.713435 0.012176 0.012018
0 0.993197 0.616427 0.012263 0.011919
0 0.768937 0.701184 0.012791 0.012660
0 0.196136 0.424381 0.012824 0.012684
0 0.300787 0.891210 0.013843 0.013515
0 0.254525 0.176432 0.011601 0.011598
0 0.492917 0.910695 0.012118 0.012222
0 0.330068 0.418343 0.013144 0.013142
0 0.331343 0.936088 0.012095 0.012111
0 0.633972 0.362048 0.012416 0.012544
0 0.321866 0.981678 0.012084 0.012144
0 0.054056 0.553205 0.012559 0.012607
0 0.821643 0.048327 0.011963 0.012086
0 0.333280 0.016007 0.012327 0.011946
0 0.006690 0.685260 0.012048 0.012541
0 0.329952 0.518798 0.011947 0.012019
0 0.978888 0.222886 0.011836 0.011736
0 0.938902 0.549416 0.011944 0.011926
0 0.383651 0.167699 0.012077 0.011930
0 0.387867 0.988126 0.011833 0.011930
0 0.520053 0.649549 0.011690 0.011428
0 0.495124 0.543699 0.013851 0.013748
0 0.849641 0.710321 0.023385 0.023448
0 0.024316 0.195355 0.014417 0.014683
0 0.974389 0.271836 0.011443 0.011398
0 0.160995 0.751956 0.012380 0.012507
0 0.720688 0.395015 0.011781 0.011788
0 0.267290 0.272865 0.013560 0.013156
0 0.396445 0.943027 0.010018 0.009930
0 0.347408 0.290703 0.023389 0.023739
0 0.532907 0.446549 0.014450 0.014295
0 0.090941 0.891159 0.012831 0.012573
0 0.704503 0.814387 0.022529 0.022348
0 0.971556 0.787005 0.011581 0.011506
0 0.640300 0.476045 0.012188 0.012399
0 0.747762 0.517288 0.011769 0.012032
0 0.562248 0.032186 0.011858 0.011549
0 0.788395 0.005760 0.013462 0.011520
0 0.532263 0.631653 0.023134 0.023119
0 0.936977 0.157213 0.010482 0.010107
