0 0.757128 0.218021 0.011979 0.011806
0 0.582422 0.359850 0.012647 0.012579
0 0.483007 0.316909 0.013057 0.013045
0 0.383548 0.292946 0.014421 0.014505
0 0.092896 0.301300 0.013773 0.013798
0 0.235870 0.339041 0.011396 0.011334
0 0.463979 0.454383 0.012221 0.012306
0 0.695728 0.101252 0.012766 0.012789
0 0.477228 0.525263 0.013995 0.013984
0 0.444567 0.030207 0.013103 0.012902
0 0.030495 0.411955 0.013545 0.013567
0 0.218002 0.196884 0.013812 0.013653
0 0.414473 0.085039 0.012988 0.012926
0 0.803175 0.473945 0.012838 0.012838
0 0.462651 0.960824 0.013635 0.013588
0 0.748660 0.616974 0.013431 0.013341
0 0.556332 0.811947 0.013805 0.013779
0 0.546349 0.771552 0.013486 0.013475
0 0.567413 0.198750 0.012259 0.012129
0 0.777538 0.553983 0.013480 0.013295
0 0.909426 0.450284 0.013096 0.013229
0 0.926313 0.051540 0.013116 0.013054
0 0.248331 0.758593 0.012469 0.012494
0 0.556372 0.661542 0.013707 0.013748
0 0.963947 0.569258 0.013823 0.013759
0 0.151187 0.462395 0.012158 0.012205
0 0.474270 0.824120 0.012510 0.012498
0 0.179585 0.353483 0.013442 0.013254
0 0.709499 0.178851 0.010154 0.010334
0 0.797833 0.679799 0.013304 0.013284
0 0.616348 0.601184 0.013659 0.013969
0 0.976627 0.534404 0.011956 0.011835
0 0.356121 0.574995 0.014402 0.014227
0 0.524885 0.347310 0.013237 0.013083
0 0.774378 0.204960 0.012871 0.012723
0 0.543267 0.973152 0.012719 0.012468
0 0.201300 0.447435 0.011858 0.011815
0 0.223116 0.467798 0.012140 0.012026
0 0.801653 0.944413 0.012872 0.013049
0 0.138282 0.037915 0.012841 0.012755
0 0.529587 0.378119 0.011528 0.011275
0 0.011157 0.375449 0.013903 0.013566
0 0.240371 0.596889 0.013014 0.013041
0 0.618664 0.056146 0.010745 0.010904
0 0.115136 0.738740 0.011467 0.011198
0 0.898397 0.250653 0.013374 0.013280
0 0.313892 0.782211 0.012214 0.012111
0 0.092640 0.963093 0.012659 0.012692
0 0.464192 0.027257 0.013457 0.013407
0 0.932832 0.924286 0.011628 0.011932
0 0.315476 0.134077 0.013853 0.013937
0 0.125623 0.335145 0.011862 0.011938
0 0.621932 0.288900 0.013067 0.012630
0 0.196098 0.863876 0.014279 0.014072
0 0.271678 0.595802 0.013235 0.013222
0 0.286150 0.050869 0.011781 0.011812
0 0.460071 0.732723 0.013782 0.013625
0 0.439551 0.926769 0.012938 0.012797
0 0.626271 0.172217 0.012433 0.012300
0 0.377664 0.169068 0.012614 0.012550
0 0.246851 0.029925 0.011738 0.011792
0 0.280716 0.875171 0.013222 0.013350
0 0.742782 0.572520 0.010613 0.010811
0 0.109773 0.602595 0.011718 0.011629
0 0.446660 0.095102 0.011410 0.011123
0 0.331247 0.517849 0.012445 0.012098
0 0.069037 0.318992 0.011605 0.011912
0 0.186752 0.891060 0.012934 0.012932
0 0.640159 0.994166 0.013359 0.011667
0 0.939710 0.115804 0.012203 0.012238
0 0.355622 0.120817 0.012581 0.012289
0 0.099573 0.638713 0.011735 0.011696
0 0.973676 0.497658 0.012579 0.012568
0 0.431102 0.292531 0.012723 0.012591
0 0.442699 0.134677 0.013300 0.013264
0 0.083406 0.516941 0.011050 0.010940
0 0.226838 0.649163 0.012483 0.011977
0 0.109390 0.980883 0.013439 0.013376
0 0.744812 0.162408 0.010317 0.010068
0 0.371239 0.808120 0.009880 0.009691
0 0.741878 0.377454 0.012014 0.012325
0 0.661535 0.074329 0.011322 0.011502
0 0.359042 0.858252 0.009244 0.009130
0 0.794606 0.132612 0.011401 0.011625
0 0.813530 0.317764 0.014110 0.013982
0 0.962931 0.122276 0.010981 0.010996
0 0.197464 0.814410 0.011214 0.011286
0 0.779558 0.268993 0.012088 0.012154
0 0.990027 0.121921 0.011162 0.010752
0 0.444256 0.273104 0.011236 0.011118
0 0.786826 0.004848 0.014128 0.009606
0 0.626213 0.893612 0.013197 0.013361
0 0.275110 0.932194 0.012576 0.012550
0 0.629737 0.912642 0.012436 0.012519
0 0.753766 0.166711 0.012498 0.012383
0 0.859848 0.001637 0.012301 0.003259
0 0.463598 0.576838 0.012082 0.012506
0 0.072963 0.391214 0.013000 0.012869
0 0.788899 0.004477 0.013056 0.008924
0 0.120612 0.627699 0.010226 0.009929
0 0.396710 0.945224 0.009442 0.009521
0 0.440877 0.057427 0.012084 0.012245
