0 0.205984 0.062729 0.014082 0.013704
0 0.913817 0.729498 0.012181 0.011968
0 0.186242 0.414586 0.013597 0.013489
0 0.710439 0.492549 0.013671 0.013546
0 0.831984 0.591628 0.013353 0.013362
0 0.789265 0.753296 0.013314 0.013373
0 0.748991 0.618860 0.013438 0.013335
0 0.669197 0.588144 0.013476 0.013311
0 0.292342 0.450254 0.013521 0.013400
0 0.829255 0.627004 0.013501 0.013392
0 0.182397 0.442032 0.011963 0.011954
0 0.366440 0.479362 0.014037 0.013968
0 0.158628 0.246656 0.012976 0.013004
0 0.094696 0.672470 0.013759 0.013667
0 0.298741 0.315003 0.014566 0.014222
0 0.529569 0.280268 0.012900 0.012844
0 0.751136 0.461015 0.012689 0.012689
0 0.299403 0.373224 0.012937 0.012902
0 0.289986 0.812777 0.013305 0.013201
0 0.616855 0.684292 0.015111 0.014975
0 0.574746 0.127437 0.013645 0.013677
0 0.945801 0.619237 0.013087 0.013193
0 0.464652 0.378171 0.011829 0.011874
0 0.167344 0.115245 0.012884 0.012952
0 0.759148 0.851258 0.012732 0.012779
0 0.525489 0.349526 0.012958 0.012805
0 0.702999 0.689743 0.013539 0.013291
0 0.176485 0.739190 0.013163 0.013317
0 0.732975 0.902680 0.012871 0.012968
0 0.509698 0.336399 0.013551 0.013409
0 0.527017 0.724156 0.013051 0.012842
0 0.837174 0.781648 0.012920 0.013021
0 0.254783 0.220894 0.013836 0.013908
0 0.110388 0.980974 0.013346 0.013327
0 0.605778 0.080730 0.012204 0.012112
0 0.989101 0.878108 0.012842 0.012927
0 0.691079 0.836412 0.013343 0.013267
0 0.665281 0.933698 0.013306 0.013269
0 0.479008 0.768994 0.013410 0.013450
0 0.458241 0.960681 0.012962 0.012920
0 0.573745 0.984884 0.012241 0.012121
0 0.865849 0.855951 0.013015 0.013094
0 0.369258 0.793381 0.013122 0.013281
0 0.496104 0.176612 0.013086 0.012850
0 0.223315 0.469526 0.012885 0.012829
0 0.777275 0.588622 0.011598 0.011441
0 0.350637 0.025214 0.014521 0.014568
0 0.749050 0.706452 0.012822 0.012721
0 0.081676 0.915203 0.011206 0.010862
0 0.461669 0.112359 0.011935 0.011988
0 0.525978 0.158420 0.012788 0.012845
0 0.383489 0.677527 0.013265 0.013288
0 0.330798 0.518914 0.012085 0.012053
0 0.699571 0.614128 0.013372 0.012983
0 0.089673 0.349307 0.013619 0.013408
0 0.099129 0.099489 0.013409 0.013348
0 0.409354 0.786655 0.013228 0.013033
0 0.109127 0.312350 0.012078 0.011705
0 0.539676 0.199219 0.012573 0.012499
0 0.326268 0.681502 0.013118 0.013031
0 0.298645 0.115871 0.012521 0.012598
0 0.374376 0.834295 0.011624 0.011497
0 0.448141 0.399652 0.012295 0.012682
0 0.263310 0.036617 0.012057 0.012171
0 0.977591 0.193910 0.014375 0.014013
0 0.122027 0.578188 0.011831 0.011770
0 0.360963 0.748533 0.013224 0.013239
0 0.185687 0.891551 0.012851 0.012893
0 0.431275 0.860802 0.011544 0.011519
0 0.826623 0.564107 0.011990 0.011860
0 0.933693 0.009590 0.013001 0.012954
0 0.541620 0.973587 0.011922 0.011781
0 0.014674 0.416678 0.012581 0.012458
0 0.589673 0.605507 0.012333 0.012477
0 0.355592 0.160673 0.012013 0.011879
0 0.188209 0.021761 0.011814 0.011649
0 0.882287 0.516851 0.011854 0.011810
0 0.183477 0.810895 0.011375 0.011237
0 0.225054 0.652165 0.013297 0.013071
0 0.072954 0.404324 0.012580 0.012555
0 0.004264 0.513009 0.008476 0.012345
0 0.109248 0.383777 0.013474 0.013425
0 0.996791 0.788524 0.006317 0.013700
0 0.268312 0.010936 0.013215 0.013348
0 0.922828 0.206737 0.013765 0.013563
0 0.441541 0.059923 0.012310 0.012269
0 0.121386 0.728064 0.013050 0.012864
0 0.133920 0.105553 0.012657 0.012770
0 0.433797 0.482866 0.011397 0.011098
0 0.530501 0.631385 0.017758 0.017534
0 0.028091 0.008548 0.011408 0.011751
0 0.164349 0.614230 0.011368 0.011745
0 0.850654 0.709878 0.022074 0.021935
0 0.912693 0.688222 0.012479 0.012681
0 0.506959 0.496707 0.013367 0.013323
0 0.715004 0.397944 0.012117 0.012259
0 0.004392 0.071843 0.008762 0.014419
0 0.699643 0.078185 0.012924 0.012605
0 0.789143 0.005363 0.012522 0.010727
0 0.050892 0.678562 0.010323 0.010418
0 0.347026 0.974996 0.011388 0.011339
0 0.329209 0.815020 0.012207 0.012006
0 0.546799 0.644961 0.011671 0.011376
0 0.736793 0.281322 0.013558 0.013665
0 0.493475 0.544181 0.012475 0.012641
0 0.651395 0.001628 0.012204 0.003257
0 0.267257 0.666901 0.013483 0.013334
0 0.165418 0.793453 0.011430 0.011395
0 0.422036 0.556925 0.012547 0.012739
0 0.001724 0.660205 0.003403 0.010652
0 0.624472 0.028444 0.012118 0.012251
0 0.774866 0.005059 0.013351 0.010118
0 0.615534 0.481046 0.012786 0.012184
0 0.995309 0.393011 0.009381 0.011581
