0 0.280836 0.432987 0.014616 0.014416
0 0.668244 0.511219 0.013978 0.013931
0 0.613667 0.894901 0.018145 0.018117
0 0.323413 0.924118 0.014284 0.014255
0 0.268033 0.243796 0.014674 0.014639
0 0.455100 0.325356 0.017430 0.017358
0 0.292466 0.209237 0.014510 0.014385
0 0.254076 0.075295 0.013973 0.013779
0 0.386384 0.560779 0.014361 0.014258
0 0.892339 0.869125 0.014603 0.014427
0 0.949073 0.938215 0.014538 0.014510
0 0.132272 0.843050 0.013895 0.014106
0 0.225654 0.296234 0.014633 0.014603
0 0.209869 0.795026 0.013826 0.014208
0 0.869058 0.329706 0.013827 0.013575
0 0.107564 0.234108 0.013897 0.013805
0 0.044135 0.084871 0.015745 0.015656
0 0.793225 0.557026 0.016305 0.015979
0 0.595894 0.426563 0.013975 0.014222
0 0.504471 0.362498 0.014250 0.014178
0 0.692699 0.054871 0.015192 0.015319
0 0.692548 0.497594 0.014742 0.014752
0 0.923378 0.376436 0.013649 0.013726
0 0.965892 0.868839 0.015439 0.015323
0 0.199853 0.616214 0.013646 0.013481
0 0.304166 0.750619 0.016211 0.016562
0 0.406575 0.662923 0.013977 0.014014
0 0.190213 0.728605 0.013706 0.013784
0 0.161712 0.105312 0.015456 0.015396
0 0.788296 0.297243 0.014788 0.014957
0 0.422861 0.261118 0.013735 0.013672
0 0.038574 0.866408 0.013572 0.013669
0 0.833059 0.988303 0.014457 0.014521
0 0.610504 0.369031 0.014516 0.014604
0 0.359788 0.604261 0.013801 0.013727
0 0.587125 0.267145 0.014583 0.014503
0 0.912358 0.467412 0.013652 0.013747
0 0.762457 0.334842 0.015158 0.015220
0 0.179370 0.469468 0.015391 0.015316
0 0.406050 0.687142 0.013847 0.013937
0 0.320133 0.025160 0.014527 0.014645
0 0.080980 0.748906 0.014521 0.014913
0 0.465256 0.670783 0.013689 0.013679
0 0.583153 0.648932 0.015454 0.015575
0 0.560137 0.713948 0.013750 0.013629
0 0.277334 0.764892 0.015661 0.015441
0 0.306465 0.414770 0.015384 0.015349
0 0.902134 0.307094 0.013435 0.013268
0 0.834289 0.181883 0.015307 0.015191
0 0.231506 0.034827 0.014872 0.015172
0 0.681590 0.539792 0.014236 0.014050
0 0.481189 0.639247 0.014195 0.014161
0 0.133973 0.476035 0.015304 0.015188
0 0.016703 0.586483 0.014579 0.014602
0 0.268150 0.599722 0.013889 0.013772
0 0.214589 0.530515 0.014238 0.013823
0 0.631089 0.963535 0.014004 0.013851
0 0.758830 0.676636 0.014587 0.014952
0 0.792768 0.060389 0.012930 0.012826
0 0.064314 0.475407 0.014327 0.014144
0 0.427842 0.755543 0.013782 0.013591
0 0.055140 0.041207 0.015588 0.015782
0 0.968290 0.726034 0.014187 0.014356
0 0.302945 0.818147 0.014624 0.014228
0 0.513760 0.181571 0.013897 0.014113
0 0.801303 0.852437 0.014180 0.014241
0 0.673553 0.273646 0.013928 0.014011
0 0.905855 0.034637 0.015088 0.014996
0 0.737859 0.617291 0.015257 0.015460
0 0.905716 0.981693 0.014401 0.014502
0 0.029777 0.295675 0.014728 0.014709
0 0.780771 0.453464 0.014351 0.014407
0 0.848965 0.719664 0.021747 0.021631
0 0.060497 0.231363 0.014642 0.014844
0 0.495240 0.622405 0.014228 0.014130
0 0.580429 0.514901 0.014355 0.014295
0 0.927169 0.669117 0.013135 0.013204
0 0.769268 0.840570 0.015666 0.015611
0 0.012835 0.911476 0.013481 0.013181
0 0.682402 0.409482 0.016898 0.016949
0 0.701315 0.098212 0.014135 0.013876
0 0.937399 0.643995 0.016077 0.016369
0 0.712398 0.396951 0.014859 0.014612
0 0.748242 0.085384 0.013325 0.012914
0 0.328375 0.465662 0.013923 0.014035
0 0.381375 0.136625 0.014940 0.014730
0 0.896454 0.574883 0.014185 0.013857
0 0.963660 0.078965 0.014179 0.014420
0 0.758150 0.547074 0.014240 0.014040
0 0.877323 0.399892 0.013187 0.013190
0 0.899242 0.260332 0.013449 0.013527
0 0.467392 0.877660 0.014812 0.014922
0 0.063468 0.569614 0.015782 0.015964
0 0.030270 0.190504 0.014684 0.014589
0 0.500227 0.120129 0.014064 0.014070
0 0.246457 0.572475 0.018000 0.018225
0 0.488665 0.744320 0.017328 0.017350
0 0.603220 0.169950 0.014062 0.014418
0 0.108821 0.011886 0.015240 0.015307
0 0.558820 0.525230 0.014386 0.014036
0 0.740537 0.230930 0.014576 0.014851
0 0.411600 0.330697 0.015138 0.015299
0 0.843626 0.152249 0.015661 0.015557
0 0.568878 0.019273 0.016434 0.016350
0 0.004358 0.942135 0.008644 0.011502
0 0.869275 0.784257 0.014278 0.014113
0 0.840393 0.572253 0.016799 0.016687
0 0.478457 0.893011 0.015743 0.015346
0 0.501468 0.236489 0.014180 0.013729
0 0.667836 0.072272 0.013463 0.013375
0 0.887524 0.689590 0.013061 0.012986
0 0.988570 0.259289 0.013931 0.014123
0 0.750575 0.006700 0.014067 0.013217
0 0.920565 0.146060 0.019263 0.018644
0 0.569893 0.206392 0.013687 0.013406
0 0.335362 0.986552 0.014202 0.014473
0 0.758712 0.495365 0.012787 0.013046
0 0.313722 0.310817 0.015275 0.015220
0 0.987189 0.506518 0.016347 0.015959
0 0.094142 0.910630 0.014974 0.014896
0 0.155157 0.588510 0.015027 0.014945
0 0.694579 0.685433 0.014520 0.014555
0 0.406843 0.941824 0.014850 0.014572
0 0.196166 0.824129 0.015228 0.014851
0 0.531827 0.637947 0.022758 0.022618
0 0.600003 0.070872 0.014456 0.014469
0 0.449414 0.214060 0.018259 0.018081
0 0.987681 0.629262 0.014784 0.014404
0 0.292137 0.471807 0.013720 0.013807
0 0.110151 0.060367 0.017917 0.017780
0 0.867444 0.615237 0.014336 0.014452
0 0.364690 0.328938 0.014605 0.014437
0 0.120051 0.907749 0.015136 0.015028
0 0.376135 0.228256 0.020459 0.019958
0 0.366758 0.120743 0.014788 0.014577
0 0.345962 0.293351 0.018531 0.018549
0 0.002816 0.052136 0.005569 0.013807
0 0.786958 0.961097 0.014642 0.014449
0 0.701999 0.822901 0.020901 0.020557
0 0.148750 0.449211 0.015599 0.015697
0 0.996555 0.296312 0.006862 0.015141
0 0.384516 0.415707 0.014302 0.014119
0 0.660322 0.190059 0.014819 0.014500
0 0.527123 0.120611 0.013314 0.013183
0 0.176948 0.029811 0.017164 0.017572
0 0.522923 0.018600 0.016004 0.015920
0 0.687890 0.328296 0.013650 0.013198
0 0.694883 0.213288 0.017757 0.017565
0 0.635037 0.086005 0.020292 0.020220
0 0.366338 0.327085 0.015036 0.014676
