0 0.784801 0.627140 0.012526 0.012503
0 0.507933 0.469892 0.014203 0.014106
0 0.922149 0.805493 0.013292 0.013220
0 0.210718 0.505130 0.014038 0.013979
0 0.451843 0.959965 0.011938 0.011993
0 0.048005 0.617609 0.013578 0.013470
0 0.681155 0.481815 0.014012 0.013925
0 0.462526 0.503901 0.012936 0.013192
0 0.748483 0.618700 0.013720 0.013563
0 0.511856 0.318573 0.013266 0.013166
0 0.281830 0.686612 0.012790 0.012783
0 0.146196 0.705400 0.013851 0.013796
0 0.062678 0.460994 0.013134 0.013019
0 0.391771 0.868632 0.012334 0.012182
0 0.071155 0.250972 0.012607 0.012585
0 0.595396 0.338745 0.013160 0.012921
0 0.133333 0.075706 0.012962 0.012883
0 0.915983 0.632691 0.012705 0.012797
0 0.548115 0.460688 0.013513 0.013505
0 0.581691 0.445261 0.012553 0.012338
0 0.477309 0.867431 0.012418 0.012341
0 0.194944 0.460678 0.013049 0.012944
0 0.043253 0.519952 0.012165 0.011911
0 0.080966 0.422610 0.013067 0.013027
0 0.608467 0.371964 0.013660 0.013385
0 0.333585 0.490708 0.012723 0.012607
0 0.901802 0.608879 0.012575 0.012575
0 0.763219 0.982516 0.011821 0.011828
0 0.592463 0.249183 0.013206 0.013297
0 0.079351 0.339773 0.012404 0.012284
0 0.012301 0.061479 0.013994 0.013982
0 0.044406 0.589485 0.013021 0.013036
0 0.465227 0.468102 0.012874 0.012642
0 0.594617 0.517497 0.014680 0.014517
0 0.457148 0.696606 0.012837 0.013021
0 0.421309 0.111218 0.012285 0.012581
0 0.273079 0.603985 0.012731 0.012511
0 0.642181 0.643663 0.013291 0.013110
0 0.542368 0.977394 0.013030 0.012937
0 0.413468 0.018214 0.013453 0.013091
0 0.833893 0.653316 0.012720 0.012810
0 0.597902 0.603672 0.012405 0.012121
0 0.631929 0.487511 0.011979 0.012155
0 0.503218 0.755122 0.012537 0.012706
0 0.993863 0.651003 0.010869 0.011376
0 0.232319 0.802247 0.013877 0.013977
0 0.031983 0.398641 0.012516 0.012526
0 0.452005 0.582940 0.012535 0.012609
0 0.288434 0.031634 0.012876 0.012687
0 0.224370 0.648573 0.012919 0.012720
0 0.151739 0.314955 0.014217 0.014198
0 0.032698 0.263741 0.012718 0.012695
0 0.325795 0.368953 0.013747 0.013872
0 0.919881 0.101898 0.012518 0.012755
0 0.477238 0.025829 0.012525 0.012604
0 0.330048 0.518438 0.012915 0.013171
0 0.094832 0.824242 0.011778 0.011713
0 0.828270 0.054640 0.013931 0.013752
0 0.323973 0.007254 0.013258 0.013444
0 0.561719 0.212564 0.012993 0.012845
0 0.979081 0.106863 0.012097 0.011957
0 0.524957 0.347779 0.012068 0.012250
0 0.728442 0.302958 0.014115 0.014479
0 0.845374 0.171450 0.012640 0.012921
0 0.509660 0.021123 0.013864 0.013704
0 0.446338 0.068078 0.013470 0.013635
0 0.529077 0.996213 0.014727 0.007547
0 0.152331 0.281124 0.012987 0.013086
0 0.221402 0.469825 0.012837 0.012774
0 0.511199 0.573486 0.011648 0.011494
0 0.556997 0.241024 0.012125 0.012278
0 0.409125 0.002700 0.011470 0.005370
0 0.302178 0.502325 0.012416 0.012027
0 0.683201 0.255426 0.012317 0.012173
0 0.040187 0.831161 0.011666 0.011771
0 0.571889 0.027608 0.012858 0.012985
0 0.120195 0.751503 0.012839 0.012797
0 0.119376 0.996523 0.013097 0.006954
0 0.781664 0.878927 0.010740 0.010616
0 0.184806 0.892049 0.012727 0.012843
0 0.744382 0.903969 0.013000 0.013474
0 0.294122 0.279659 0.013957 0.013960
0 0.807259 0.124755 0.012786 0.012870
0 0.341968 0.354066 0.012371 0.012295
0 0.868382 0.058304 0.011131 0.011088
0 0.536690 0.020025 0.013335 0.013324
0 0.871187 0.043888 0.013570 0.013188
0 0.315212 0.498079 0.012650 0.012408
0 0.753091 0.890178 0.013525 0.013385
0 0.088129 0.011079 0.014864 0.014799
0 0.122681 0.442213 0.013757 0.013923
0 0.171890 0.020705 0.013716 0.013918
0 0.786586 0.005439 0.013031 0.010879
0 0.588794 0.935254 0.012489 0.012914
0 0.345773 0.096604 0.012175 0.012113
0 0.849965 0.710145 0.023512 0.023925
0 0.347393 0.291203 0.023502 0.023805
0 0.481657 0.833334 0.010984 0.010959
0 0.248605 0.391335 0.012988 0.013058
0 0.532502 0.630931 0.024080 0.023703
0 0.397357 0.943995 0.010060 0.009895
0 0.422745 0.556289 0.013124 0.013367
0 0.401558 0.571800 0.010679 0.010670
0 0.996268 0.425267 0.007465 0.010020
0 0.783380 0.005362 0.015135 0.010668
