0 0.096916 0.189185 0.011166 0.010892
0 0.047004 0.435763 0.012374 0.012263
0 0.155977 0.567631 0.013429 0.013260
0 0.631684 0.042392 0.013718 0.013659
0 0.524625 0.349507 0.013609 0.013471
0 0.782306 0.518661 0.012943 0.013002
0 0.419745 0.642548 0.013595 0.013676
0 0.766280 0.432374 0.012518 0.012320
0 0.772128 0.048691 0.013450 0.013451
0 0.836598 0.269008 0.012417 0.012125
0 0.911254 0.297764 0.012298 0.012123
0 0.486671 0.946958 0.013665 0.013543
0 0.232425 0.346899 0.012517 0.012457
0 0.160350 0.704365 0.012097 0.012109
0 0.050780 0.243575 0.011965 0.011988
0 0.150713 0.476957 0.013613 0.013323
0 0.868612 0.684101 0.013109 0.013038
0 0.799400 0.302659 0.013356 0.013345
0 0.732023 0.109828 0.012100 0.012123
0 0.645740 0.459556 0.012547 0.012513
0 0.441467 0.093277 0.012759 0.012683
0 0.400702 0.465651 0.013771 0.013879
0 0.867228 0.535638 0.012640 0.012638
0 0.859063 0.445463 0.012888 0.013107
0 0.486207 0.330684 0.012331 0.012273
0 0.161115 0.649196 0.012397 0.012234
0 0.331562 0.550120 0.013905 0.013637
0 0.788621 0.065548 0.012909 0.013055
0 0.520366 0.433687 0.012099 0.011953
0 0.420089 0.112432 0.013345 0.013480
0 0.571421 0.535720 0.013012 0.013019
0 0.395827 0.748167 0.013978 0.013989
0 0.120214 0.424406 0.013938 0.013966
0 0.747845 0.619579 0.013250 0.013262
0 0.330073 0.518757 0.012952 0.012761
0 0.881566 0.728398 0.013089 0.013190
0 0.920716 0.174759 0.011965 0.011877
0 0.440598 0.059946 0.013070 0.012909
0 0.625442 0.100769 0.012218 0.012195
0 0.301685 0.136893 0.013441 0.013413
0 0.302753 0.693438 0.011584 0.011637
0 0.259927 0.209460 0.012598 0.012611
0 0.280367 0.145997 0.012869 0.012771
0 0.396394 0.921472 0.012812 0.012801
0 0.012709 0.198320 0.013383 0.013411
0 0.190351 0.852993 0.013129 0.013280
0 0.105148 0.540162 0.013683 0.014049
0 0.510436 0.254391 0.013541 0.013634
0 0.925502 0.508383 0.012110 0.011942
0 0.181361 0.154916 0.011564 0.011382
0 0.123033 0.767579 0.012541 0.012473
0 0.108155 0.980825 0.013762 0.013840
0 0.222714 0.469930 0.012617 0.012570
0 0.087571 0.434362 0.011500 0.011806
0 0.054475 0.162979 0.013925 0.013613
0 0.174730 0.622870 0.012856 0.012917
0 0.561266 0.042364 0.013472 0.013101
0 0.185669 0.891952 0.012776 0.012682
0 0.854502 0.058229 0.013144 0.013021
0 0.672146 0.220272 0.011244 0.010905
0 0.656211 0.205166 0.012217 0.012560
0 0.361970 0.315275 0.014421 0.014483
0 0.355947 0.213826 0.014236 0.014201
0 0.898635 0.075427 0.012387 0.012495
0 0.408592 0.202268 0.012774 0.012727
0 0.060044 0.573479 0.012987 0.012968
0 0.118824 0.258689 0.011627 0.011436
0 0.531650 0.122968 0.013217 0.013097
0 0.225111 0.651761 0.012515 0.012218
0 0.335597 0.146477 0.011868 0.012031
0 0.408627 0.157097 0.012106 0.012053
0 0.050400 0.834516 0.013994 0.013795
0 0.436096 0.589565 0.010093 0.010696
0 0.462471 0.960262 0.012154 0.012072
0 0.955354 0.408926 0.012752 0.012604
0 0.194160 0.320318 0.013620 0.012764
0 0.830858 0.700556 0.012560 0.012441
0 0.651041 0.094891 0.013940 0.013816
0 0.050723 0.643270 0.013886 0.013738
0 0.586459 0.448198 0.012887 0.012863
0 0.179293 0.102071 0.011361 0.011657
0 0.628690 0.522800 0.011745 0.011741
0 0.991899 0.021657 0.013382 0.013383
0 0.329876 0.863104 0.013480 0.013211
0 0.838577 0.450186 0.014381 0.014110
0 0.194283 0.073362 0.011421 0.011584
0 0.283868 0.308028 0.013104 0.013266
0 0.495427 0.543817 0.013939 0.014112
0 0.399005 0.570589 0.011647 0.011405
0 0.217508 0.535925 0.011757 0.011777
0 0.426528 0.570982 0.014341 0.014740
0 0.898901 0.774478 0.012184 0.011865
0 0.523517 0.702986 0.013248 0.013418
0 0.304957 0.613900 0.010989 0.011788
0 0.670893 0.409223 0.011478 0.011155
0 0.206205 0.894911 0.011847 0.011722
0 0.787099 0.005597 0.013733 0.011115
0 0.242843 0.441461 0.013204 0.013166
0 0.106144 0.058801 0.013051 0.013165
0 0.004622 0.454448 0.009155 0.011743
0 0.479691 0.781462 0.012664 0.012664
0 0.043252 0.627817 0.011421 0.011429
0 0.490605 0.460772 0.014941 0.015437
0 0.368890 0.937817 0.012454 0.012108
0 0.749903 0.528351 0.011338 0.011425
0 0.421304 0.556561 0.015349 0.014946
0 0.069730 0.265645 0.011965 0.012028
0 0.019628 0.555830 0.013697 0.013411
0 0.671259 0.654436 0.014525 0.014264
0 0.834836 0.026374 0.010487 0.010289
0 0.869425 0.005893 0.013044 0.010994
0 0.870174 0.007649 0.012281 0.011478
0 0.848558 0.709867 0.022229 0.021793
0 0.531798 0.630689 0.023741 0.024108
0 0.495426 0.994162 0.009898 0.010088
0 0.290755 0.612539 0.012239 0.012036
0 0.847176 0.305800 0.013102 0.013209
0 0.068770 0.267026 0.011671 0.011737
