0 0.415624 0.398337 0.012971 0.012918
0 0.397738 0.354614 0.013706 0.013535
0 0.380571 0.519721 0.013639 0.013612
0 0.821716 0.487348 0.012830 0.012803
0 0.584635 0.843326 0.011680 0.011436
0 0.114641 0.393814 0.014106 0.014000
0 0.721908 0.576147 0.012817 0.012793
0 0.043079 0.421020 0.011733 0.011585
0 0.490916 0.038777 0.012179 0.012166
0 0.575465 0.256292 0.012786 0.012787
0 0.930468 0.556795 0.013010 0.013076
0 0.195204 0.231021 0.012684 0.012687
0 0.264741 0.341284 0.014291 0.014007
0 0.218288 0.080865 0.013493 0.013344
0 0.161031 0.355205 0.013132 0.013038
0 0.371120 0.111616 0.012788 0.012483
0 0.611488 0.708456 0.012786 0.012647
0 0.162229 0.144790 0.012687 0.012350
0 0.054029 0.461310 0.012733 0.012612
0 0.469234 0.451130 0.012669 0.012730
0 0.809545 0.256062 0.013652 0.013662
0 0.850824 0.888941 0.012726 0.012678
0 0.297337 0.168998 0.012953 0.012854
0 0.963259 0.467833 0.012872 0.012778
0 0.645245 0.927672 0.011910 0.011882
0 0.748302 0.618535 0.012993 0.012832
0 0.889512 0.319879 0.012932 0.012783
0 0.526890 0.299658 0.012524 0.012410
0 0.851687 0.749181 0.013169 0.013282
0 0.085320 0.796484 0.013008 0.012985
0 0.239011 0.964478 0.013690 0.013951
0 0.546050 0.520607 0.012853 0.012872
0 0.443587 0.028424 0.013869 0.013758
0 0.524543 0.349005 0.012794 0.012722
0 0.776828 0.126929 0.014090 0.014187
0 0.254856 0.030853 0.012020 0.011857
0 0.634005 0.882357 0.012518 0.012486
0 0.446687 0.068112 0.010864 0.010820
0 0.184821 0.891842 0.013275 0.013212
0 0.222214 0.469875 0.012813 0.012793
0 0.521974 0.224765 0.012409 0.012453
0 0.758828 0.848217 0.013795 0.013680
0 0.678676 0.265596 0.012737 0.012758
0 0.650412 0.505266 0.011451 0.011452
0 0.352044 0.082917 0.013854 0.013596
0 0.583843 0.099472 0.012712 0.012576
0 0.333269 0.572644 0.012690 0.012600
0 0.107135 0.206022 0.012995 0.012990
0 0.506184 0.477442 0.014230 0.014287
0 0.569634 0.091635 0.012536 0.012092
0 0.460279 0.961338 0.012987 0.012774
0 0.587380 0.501348 0.012699 0.012778
0 0.331653 0.518599 0.011969 0.011938
0 0.797539 0.680054 0.013944 0.013825
0 0.868149 0.125145 0.013470 0.013172
0 0.277287 0.108366 0.012464 0.012515
0 0.589002 0.015869 0.013618 0.013680
0 0.225717 0.652946 0.013377 0.012982
0 0.027377 0.358872 0.013046 0.013171
0 0.315429 0.276960 0.011174 0.011291
0 0.349282 0.149791 0.011079 0.011513
0 0.543400 0.975895 0.013489 0.013229
0 0.110410 0.981069 0.013516 0.013367
0 0.138875 0.490728 0.012522 0.012492
0 0.093538 0.508349 0.012656 0.012439
0 0.437019 0.591627 0.010109 0.010364
0 0.900714 0.282936 0.012955 0.012962
0 0.632032 0.332413 0.011955 0.011919
0 0.410754 0.679183 0.012158 0.011953
0 0.471870 0.324652 0.011392 0.011236
0 0.529199 0.606447 0.012296 0.012227
0 0.398889 0.570684 0.011720 0.011377
0 0.907433 0.137994 0.014645 0.014382
0 0.386105 0.216523 0.014354 0.014811
0 0.250061 0.686611 0.010990 0.010959
0 0.546434 0.544097 0.012355 0.012726
0 0.576688 0.909228 0.013076 0.013076
0 0.995882 0.147843 0.008231 0.012280
0 0.762219 0.023724 0.012720 0.012727
0 0.421706 0.556726 0.013267 0.013169
0 0.924682 0.997722 0.011919 0.004512
0 0.356901 0.773191 0.012518 0.012584
0 0.301073 0.625299 0.011450 0.011399
0 0.895211 0.040147 0.012021 0.011626
0 0.142719 0.650316 0.013696 0.013596
0 0.488972 0.489455 0.012784 0.012442
0 0.982321 0.372780 0.013662 0.013509
0 0.967293 0.176742 0.013413 0.013458
0 0.822926 0.184589 0.012659 0.012597
0 0.250708 0.169157 0.010727 0.010740
0 0.433677 0.100524 0.012343 0.012605
0 0.496125 0.543998 0.014231 0.014363
0 0.351227 0.291220 0.017211 0.015898
0 0.068729 0.566341 0.016566 0.016580
0 0.249619 0.167400 0.011532 0.011253
0 0.786682 0.005906 0.012561 0.011812
0 0.139089 0.297354 0.013267 0.013076
0 0.573801 0.520227 0.012921 0.012854
0 0.154958 0.724389 0.012780 0.012270
0 0.776020 0.404596 0.011299 0.011001
0 0.963492 0.003011 0.010760 0.006023
0 0.840995 0.274779 0.012656 0.012353
0 0.567230 0.399659 0.012491 0.012527
0 0.848730 0.710775 0.023133 0.023287
0 0.829731 0.001765 0.013306 0.003512
