0 0.732111 0.554298 0.013535 0.013531
0 0.262009 0.678151 0.012485 0.012461
0 0.120672 0.521824 0.013143 0.012853
0 0.710095 0.228855 0.012335 0.012338
0 0.946116 0.660455 0.012624 0.012535
0 0.279167 0.436000 0.012193 0.012189
0 0.203382 0.856569 0.012865 0.012854
0 0.211714 0.510097 0.012705 0.012660
0 0.373903 0.541739 0.012266 0.012088
0 0.817400 0.638892 0.012694 0.012663
0 0.436246 0.137052 0.013212 0.013237
0 0.379386 0.768854 0.013202 0.013434
0 0.549717 0.080705 0.013475 0.013337
0 0.493068 0.824413 0.013752 0.013674
0 0.061068 0.368836 0.013980 0.013831
0 0.654960 0.591993 0.012141 0.012145
0 0.599744 0.213169 0.012136 0.012046
0 0.914704 0.386075 0.013347 0.013227
0 0.734744 0.619757 0.014869 0.014968
0 0.356966 0.914757 0.012542 0.012608
0 0.283393 0.246745 0.013449 0.013347
0 0.010702 0.130157 0.013376 0.013301
0 0.981580 0.081708 0.013306 0.013097
0 0.032285 0.279526 0.014022 0.014070
0 0.697639 0.111705 0.013533 0.013466
0 0.371664 0.093662 0.011773 0.011692
0 0.620175 0.502396 0.013644 0.013653
0 0.968612 0.590054 0.012804 0.012257
0 0.566468 0.196424 0.013577 0.013573
0 0.758431 0.274559 0.012526 0.012337
0 0.099043 0.625653 0.013557 0.013559
0 0.187166 0.203486 0.013504 0.013573
0 0.120543 0.718092 0.012928 0.012732
0 0.584730 0.639761 0.013172 0.013167
0 0.295322 0.823326 0.013338 0.013342
0 0.549097 0.333031 0.014170 0.014100
0 0.037156 0.015134 0.014094 0.013968
0 0.199360 0.629972 0.011689 0.011575
0 0.649520 0.276824 0.013596 0.013604
0 0.344472 0.966843 0.014179 0.014193
0 0.550048 0.459875 0.012649 0.012668
0 0.106486 0.744621 0.012412 0.012670
0 0.534204 0.794271 0.014118 0.014089
0 0.095952 0.937368 0.012648 0.012601
0 0.941556 0.456549 0.012800 0.012754
0 0.896194 0.304960 0.014449 0.014289
0 0.446880 0.256979 0.012561 0.012641
0 0.088540 0.913679 0.012503 0.012459
0 0.917387 0.338010 0.013884 0.013932
0 0.813841 0.612772 0.014274 0.014594
0 0.449654 0.909226 0.013809 0.013811
0 0.314503 0.700797 0.011374 0.011630
0 0.950339 0.853172 0.013616 0.013390
0 0.308635 0.311472 0.014140 0.014155
0 0.403186 0.296466 0.013710 0.013553
0 0.284636 0.782984 0.012682 0.012566
0 0.504853 0.689445 0.013494 0.013612
0 0.578525 0.504323 0.012265 0.012259
0 0.058020 0.962752 0.014189 0.014060
0 0.220861 0.209462 0.013107 0.013150
0 0.121258 0.549466 0.012422 0.012523
0 0.578726 0.424299 0.012814 0.012932
0 0.285565 0.601754 0.013770 0.013810
0 0.786704 0.202285 0.011746 0.011926
0 0.719521 0.729061 0.012721 0.012471
0 0.649355 0.411927 0.013832 0.013617
0 0.085888 0.826617 0.013458 0.013381
0 0.287296 0.885456 0.012604 0.012569
0 0.737522 0.966163 0.013385 0.013321
0 0.474584 0.942932 0.013678 0.013598
0 0.677541 0.407467 0.012827 0.013151
0 0.918435 0.890258 0.012618 0.012519
0 0.609809 0.265520 0.012614 0.012608
0 0.901752 0.533019 0.013871 0.013888
0 0.713919 0.080690 0.014583 0.014464
0 0.850350 0.715226 0.017205 0.016957
0 0.600056 0.189228 0.010703 0.010273
0 0.842941 0.963417 0.012139 0.012051
0 0.204775 0.014061 0.012657 0.012673
0 0.460276 0.169424 0.012746 0.012915
0 0.050899 0.876734 0.013729 0.013766
0 0.392008 0.474687 0.014176 0.014053
0 0.541633 0.370853 0.012908 0.012390
0 0.194335 0.835959 0.012179 0.012152
0 0.622374 0.717168 0.011950 0.012173
0 0.301621 0.376414 0.013067 0.013387
0 0.787989 0.424850 0.012847 0.012888
0 0.679833 0.384584 0.011755 0.011623
0 0.596130 0.435987 0.012152 0.012287
0 0.820009 0.251325 0.013120 0.013172
0 0.984035 0.510549 0.015626 0.014635
0 0.768413 0.729916 0.013615 0.013856
0 0.890201 0.579654 0.013371 0.013236
0 0.133922 0.416565 0.011021 0.010895
0 0.127425 0.442218 0.012577 0.012721
0 0.509598 0.526220 0.014362 0.014222
0 0.007364 0.879949 0.013621 0.014157
0 0.527420 0.364817 0.012422 0.012157
0 0.532738 0.636197 0.023515 0.023306
0 0.881908 0.126249 0.009492 0.009533
0 0.207599 0.995592 0.012515 0.008816
0 0.943095 0.939090 0.013339 0.013293
0 0.902218 0.984167 0.014154 0.014051
0 0.800805 0.538086 0.012703 0.012490
0 0.637698 0.844818 0.012316 0.012548
0 0.491450 0.367547 0.012629 0.012550
0 0.584148 0.827558 0.011391 0.011432
0 0.348388 0.295216 0.024594 0.024833
0 0.704970 0.911020 0.013213 0.012914
0 0.747753 0.523996 0.012124 0.012040
0 0.849325 0.538248 0.013312 0.013346
0 0.898641 0.052800 0.012735 0.012834
0 0.652027 0.470929 0.010206 0.010052
0 0.329405 0.826719 0.011335 0.011577
0 0.005906 0.286577 0.011812 0.014492
0 0.610226 0.722797 0.012026 0.012181
0 0.498442 0.475061 0.014394 0.014373
0 0.963786 0.037477 0.010087 0.010050
0 0.673664 0.973927 0.012077 0.012055
0 0.867706 0.117960 0.011350 0.011042
0 0.101056 0.827961 0.012075 0.012107
0 0.774612 0.465506 0.011846 0.012264
0 0.364655 0.724565 0.014228 0.014245
0 0.002540 0.640387 0.005044 0.012990
0 0.003581 0.263973 0.007161 0.013595
0 0.982347 0.284697 0.011962 0.012015
0 0.119769 0.840904 0.009774 0.009809
0 0.784377 0.488034 0.014531 0.014443
0 0.068481 0.570311 0.022592 0.023123
0 0.954362 0.582104 0.012118 0.013006
0 0.869152 0.565628 0.012440 0.012210
0 0.910149 0.023483 0.013921 0.014312
0 0.565057 0.953684 0.021376 0.021318
0 0.807265 0.328972 0.012007 0.011748
