0 0.468433 0.468919 0.013024 0.013008
0 0.328341 0.542249 0.014063 0.014075
0 0.685407 0.629461 0.012961 0.013018
0 0.748690 0.618600 0.013652 0.013499
0 0.892455 0.461094 0.013136 0.013081
0 0.785581 0.498464 0.012550 0.012415
0 0.735759 0.470511 0.014202 0.013951
0 0.522796 0.578560 0.013547 0.013402
0 0.526809 0.216664 0.013512 0.013449
0 0.647216 0.724726 0.012663 0.012730
0 0.900373 0.484003 0.013728 0.013695
0 0.574253 0.083526 0.013723 0.013443
0 0.510603 0.077343 0.012025 0.011936
0 0.541650 0.309657 0.013746 0.013516
0 0.523764 0.349852 0.012989 0.013078
0 0.061796 0.461828 0.012226 0.012223
0 0.334160 0.570999 0.012633 0.012554
0 0.450173 0.118499 0.013282 0.013388
0 0.324907 0.395296 0.013354 0.013084
0 0.222396 0.470016 0.012983 0.012956
0 0.469489 0.247544 0.011705 0.011509
0 0.341355 0.103872 0.011818 0.011804
0 0.111271 0.373053 0.014037 0.013764
0 0.519778 0.779458 0.013822 0.013921
0 0.898715 0.334470 0.012179 0.012508
0 0.779954 0.897496 0.013569 0.013559
0 0.240654 0.161059 0.011842 0.011616
0 0.782416 0.742043 0.014110 0.014315
0 0.250687 0.256612 0.012841 0.012866
0 0.486208 0.207736 0.013111 0.013231
0 0.935286 0.522077 0.013352 0.013212
0 0.443189 0.605833 0.014840 0.014738
0 0.505007 0.481574 0.014349 0.014317
0 0.625728 0.654575 0.013130 0.013032
0 0.017403 0.409526 0.012877 0.012372
0 0.888937 0.193683 0.014136 0.014241
0 0.151962 0.812841 0.013222 0.013166
0 0.281942 0.764552 0.012881 0.013194
0 0.027536 0.330325 0.013473 0.013142
0 0.632252 0.224088 0.013791 0.013611
0 0.682523 0.233317 0.014299 0.014483
0 0.413436 0.050380 0.013468 0.013419
0 0.026752 0.435234 0.012149 0.012095
0 0.847431 0.035685 0.012204 0.012337
0 0.884446 0.343237 0.012009 0.011824
0 0.827586 0.326884 0.012970 0.013028
0 0.265648 0.370005 0.013236 0.013508
0 0.346237 0.786963 0.013559 0.013246
0 0.705707 0.871240 0.013421 0.013589
0 0.331421 0.518543 0.012663 0.012375
0 0.179633 0.200447 0.012126 0.012045
0 0.428909 0.544991 0.013085 0.013113
0 0.344730 0.286738 0.015410 0.015456
0 0.103402 0.197466 0.012151 0.011990
0 0.385807 0.206955 0.014027 0.013830
0 0.108942 0.981425 0.013514 0.013774
0 0.499147 0.627307 0.012373 0.012624
0 0.822547 0.790726 0.013181 0.013242
0 0.614832 0.776614 0.011064 0.010931
0 0.436963 0.591568 0.009486 0.009835
0 0.522084 0.515372 0.013347 0.013545
0 0.294963 0.108230 0.013872 0.013614
0 0.791266 0.129644 0.012422 0.012246
0 0.456142 0.959852 0.012554 0.012687
0 0.624061 0.992210 0.013317 0.013240
0 0.802434 0.058656 0.012934 0.012830
0 0.585325 0.008508 0.014720 0.014615
0 0.132719 0.544520 0.012835 0.012642
0 0.818379 0.005898 0.014853 0.011796
0 0.444309 0.931674 0.012662 0.012534
0 0.848942 0.710791 0.022331 0.022143
0 0.733709 0.104045 0.012960 0.013095
0 0.141718 0.489942 0.012760 0.012821
0 0.452288 0.054617 0.014098 0.013975
0 0.067241 0.738546 0.012597 0.012834
0 0.185170 0.892225 0.012673 0.012774
0 0.894949 0.058481 0.013582 0.013536
0 0.543321 0.975953 0.013097 0.012958
0 0.473440 0.906652 0.011980 0.011683
0 0.788116 0.005503 0.012476 0.010789
0 0.233255 0.075890 0.013640 0.013608
0 0.494470 0.543784 0.014456 0.014363
0 0.336864 0.665915 0.013814 0.014001
0 0.252661 0.715251 0.011409 0.011277
0 0.041844 0.755869 0.013332 0.013220
0 0.473615 0.327138 0.011637 0.012028
0 0.401797 0.572001 0.009584 0.009681
0 0.225574 0.653816 0.013138 0.012893
0 0.420218 0.003686 0.013098 0.007371
0 0.020835 0.089483 0.012109 0.011796
0 0.956456 0.017970 0.012478 0.012220
0 0.039990 0.193462 0.011979 0.011249
0 0.843150 0.320539 0.011811 0.011610
0 0.437664 0.592613 0.011506 0.012040
0 0.187749 0.122708 0.012929 0.012626
0 0.985419 0.192521 0.012844 0.013030
0 0.399576 0.571035 0.011241 0.010779
0 0.395092 0.946547 0.010771 0.010583
