0 0.097961 0.253352 0.011873 0.011912
0 0.137205 0.166080 0.013169 0.012876
0 0.315120 0.051642 0.011896 0.011673
0 0.749519 0.615571 0.012609 0.012403
0 0.230504 0.256964 0.012675 0.012634
0 0.370189 0.143414 0.011824 0.011632
0 0.374441 0.736939 0.014903 0.014644
0 0.117777 0.777872 0.013428 0.013218
0 0.182802 0.331194 0.012276 0.012110
0 0.202331 0.121565 0.010925 0.011019
0 0.186943 0.889689 0.013138 0.013075
0 0.221556 0.372815 0.011950 0.011946
0 0.267957 0.067949 0.011770 0.011794
0 0.316715 0.366589 0.012850 0.012833
0 0.662139 0.799532 0.013894 0.013452
0 0.793078 0.547450 0.012095 0.011865
0 0.874076 0.643551 0.011827 0.011755
0 0.689660 0.943475 0.013628 0.013681
0 0.431103 0.444319 0.013915 0.013999
0 0.338501 0.452693 0.012914 0.012831
0 0.251131 0.406627 0.013009 0.013167
0 0.456607 0.958064 0.012142 0.012324
0 0.037902 0.897879 0.012529 0.012478
0 0.524426 0.347082 0.012822 0.012676
0 0.560115 0.660021 0.011205 0.011047
0 0.097351 0.069482 0.011436 0.011368
0 0.027633 0.522361 0.013490 0.013366
0 0.228849 0.840035 0.012413 0.012490
0 0.331319 0.870404 0.012563 0.012576
0 0.608913 0.669479 0.012521 0.012215
0 0.160344 0.590834 0.011985 0.011848
0 0.208838 0.591401 0.013526 0.013384
0 0.650274 0.355086 0.012443 0.012346
0 0.377814 0.201740 0.012744 0.012702
0 0.792166 0.376511 0.013065 0.012995
0 0.167291 0.548213 0.010865 0.010603
0 0.475140 0.792403 0.011077 0.011197
0 0.071911 0.717789 0.012953 0.012783
0 0.126794 0.078641 0.012009 0.012014
0 0.506694 0.786335 0.013035 0.013254
0 0.222274 0.701208 0.013723 0.013846
0 0.078935 0.922930 0.012810 0.012861
0 0.592469 0.903778 0.011545 0.011615
0 0.646606 0.960759 0.012819 0.012992
0 0.542736 0.973452 0.011820 0.011706
0 0.407993 0.499530 0.012670 0.012580
0 0.134063 0.975638 0.013400 0.013315
0 0.268587 0.659985 0.012487 0.012350
0 0.226049 0.650592 0.012611 0.012153
0 0.971191 0.662243 0.012267 0.011973
0 0.222892 0.466016 0.012566 0.012594
0 0.918560 0.370621 0.011659 0.011676
0 0.458209 0.885541 0.011622 0.011631
0 0.691090 0.350869 0.011833 0.011763
0 0.608770 0.279276 0.012389 0.012448
0 0.847661 0.717898 0.020272 0.020185
0 0.818419 0.443435 0.010684 0.010501
0 0.376021 0.235163 0.012812 0.012542
0 0.885404 0.311481 0.010865 0.011070
0 0.084487 0.510748 0.012035 0.011827
0 0.422918 0.553242 0.013364 0.013327
0 0.066542 0.454519 0.012406 0.013090
0 0.331622 0.516837 0.010557 0.010105
0 0.530645 0.635942 0.020082 0.019657
0 0.752692 0.089372 0.009403 0.009317
0 0.148609 0.996873 0.012170 0.006254
0 0.344871 0.297408 0.021975 0.022084
0 0.625602 0.589617 0.010214 0.010342
0 0.450226 0.212793 0.016488 0.016620
0 0.272458 0.694469 0.011489 0.011671
