0 0.878264 0.445410 0.011951 0.011746
0 0.089825 0.086280 0.012448 0.012363
0 0.666009 0.300847 0.012482 0.012508
0 0.573280 0.348595 0.012782 0.012707
0 0.608391 0.474601 0.012417 0.012309
0 0.023251 0.326801 0.012559 0.012452
0 0.896515 0.474407 0.012704 0.012675
0 0.308398 0.324055 0.012913 0.012871
0 0.105632 0.027080 0.012227 0.012158
0 0.660797 0.431943 0.013131 0.013151
0 0.278696 0.436275 0.011725 0.011608
0 0.558461 0.070899 0.013011 0.012865
0 0.807037 0.312871 0.012522 0.012472
0 0.036032 0.021204 0.012414 0.012394
0 0.211418 0.742127 0.012339 0.012302
0 0.517655 0.482527 0.012797 0.012681
0 0.943336 0.078087 0.012057 0.011993
0 0.330387 0.456286 0.012651 0.012607
0 0.197816 0.110627 0.013268 0.013232
0 0.453838 0.346062 0.013350 0.013346
0 0.494919 0.275827 0.013760 0.013567
0 0.259147 0.764909 0.012217 0.012261
0 0.085530 0.705414 0.012528 0.012433
0 0.860021 0.635011 0.013485 0.013269
0 0.124310 0.126350 0.014223 0.014190
0 0.375620 0.454284 0.013227 0.013067
0 0.822671 0.454830 0.012928 0.012789
0 0.110833 0.554028 0.012002 0.011991
0 0.447642 0.022269 0.013102 0.012941
0 0.294446 0.208760 0.013058 0.013238
0 0.247217 0.506526 0.012568 0.012698
0 0.785693 0.059438 0.013095 0.013063
0 0.007554 0.178808 0.012248 0.011876
0 0.955964 0.509932 0.015732 0.015294
0 0.529214 0.056518 0.013069 0.012989
0 0.779964 0.523624 0.012590 0.012755
0 0.114270 0.455384 0.012391 0.012188
0 0.915901 0.850370 0.012518 0.012570
0 0.634474 0.676162 0.012875 0.012782
0 0.530094 0.207790 0.013061 0.013165
0 0.183692 0.858436 0.013317 0.013530
0 0.153502 0.368830 0.012654 0.012824
0 0.621550 0.163205 0.012521 0.012618
0 0.563880 0.127310 0.012480 0.012552
0 0.969533 0.314409 0.012890 0.012763
0 0.230141 0.730746 0.011705 0.011497
0 0.171397 0.794803 0.011881 0.011827
0 0.395523 0.235981 0.012530 0.012711
0 0.423443 0.502457 0.013010 0.012954
0 0.026755 0.430681 0.012154 0.012271
0 0.895037 0.822354 0.011732 0.011852
0 0.460879 0.839380 0.012976 0.013117
0 0.560063 0.439988 0.013650 0.013874
0 0.042537 0.588433 0.013642 0.013458
0 0.994941 0.454487 0.010073 0.013735
0 0.664260 0.888187 0.011837 0.011766
0 0.457836 0.198777 0.015054 0.014916
0 0.572018 0.487397 0.013503 0.013579
0 0.552094 0.857320 0.011697 0.011981
0 0.730060 0.648832 0.012148 0.012111
0 0.709945 0.321078 0.011944 0.012007
0 0.605775 0.040362 0.014832 0.014783
0 0.685102 0.611140 0.013181 0.013011
0 0.078091 0.965696 0.013748 0.013595
0 0.658133 0.496648 0.013009 0.012908
0 0.259110 0.910599 0.012773 0.012861
0 0.068561 0.842345 0.013614 0.013731
0 0.248599 0.790195 0.013028 0.013040
0 0.189967 0.490352 0.011815 0.011851
0 0.814192 0.653487 0.013558 0.013725
0 0.824351 0.599872 0.013480 0.013498
0 0.560252 0.567860 0.012930 0.012986
0 0.688935 0.738437 0.012277 0.012382
0 0.821763 0.518993 0.014726 0.014672
0 0.513754 0.043087 0.012799 0.013058
0 0.183583 0.549812 0.013469 0.013433
0 0.823120 0.974212 0.012056 0.011724
0 0.842365 0.382122 0.015256 0.015143
0 0.458130 0.965682 0.011438 0.011277
0 0.385604 0.965100 0.011034 0.010951
0 0.383168 0.611942 0.012222 0.012496
0 0.832677 0.915527 0.013531 0.013670
0 0.841640 0.989397 0.011742 0.011382
0 0.822790 0.769323 0.012553 0.012831
0 0.018000 0.801127 0.012978 0.012935
0 0.793625 0.754416 0.012438 0.012562
0 0.709998 0.382342 0.012510 0.012581
0 0.141531 0.726272 0.013101 0.013683
0 0.491804 0.627842 0.011777 0.011894
0 0.853786 0.504856 0.014748 0.014593
0 0.650587 0.380752 0.012292 0.011994
0 0.604070 0.523440 0.013242 0.013227
0 0.094767 0.671407 0.013066 0.012645
0 0.788698 0.732596 0.015089 0.014715
0 0.723352 0.278740 0.014658 0.014072
0 0.750287 0.079099 0.012843 0.011968
0 0.786712 0.733748 0.013621 0.013817
0 0.206410 0.145738 0.012199 0.011727
