0 0.943564 0.713970 0.013082 0.013029
0 0.468341 0.080725 0.014608 0.014587
0 0.748567 0.617422 0.013296 0.013317
0 0.544599 0.973974 0.013515 0.013448
0 0.218171 0.123737 0.012613 0.012479
0 0.808397 0.056104 0.012527 0.012484
0 0.013093 0.163912 0.013031 0.013039
0 0.322327 0.158448 0.013140 0.013152
0 0.336925 0.501414 0.014192 0.014001
0 0.171293 0.520382 0.012064 0.011985
0 0.525457 0.346656 0.013067 0.012913
0 0.340468 0.735939 0.013748 0.013616
0 0.263833 0.543132 0.012865 0.012789
0 0.614530 0.629258 0.013910 0.013741
0 0.693692 0.901628 0.013584 0.013519
0 0.683682 0.020246 0.013088 0.012960
0 0.478552 0.716858 0.014268 0.014254
0 0.294922 0.208899 0.014077 0.014265
0 0.945812 0.389872 0.012909 0.012968
0 0.572773 0.817550 0.013369 0.013170
0 0.146393 0.302333 0.013146 0.013116
0 0.657562 0.628495 0.010637 0.010557
0 0.505671 0.321602 0.013427 0.013326
0 0.578047 0.982796 0.011596 0.011491
0 0.502829 0.885435 0.013222 0.013144
0 0.388643 0.833522 0.013549 0.013035
0 0.348793 0.101193 0.012188 0.012089
0 0.726325 0.111478 0.013158 0.013134
0 0.554152 0.861703 0.012037 0.012045
0 0.659860 0.110048 0.013428 0.013174
0 0.985051 0.278041 0.012611 0.012338
0 0.112665 0.539597 0.013817 0.013951
0 0.172306 0.634301 0.013222 0.013076
0 0.493109 0.585511 0.013801 0.013964
0 0.579981 0.687805 0.013768 0.013823
0 0.938313 0.315718 0.012484 0.012443
0 0.601718 0.135927 0.013682 0.013489
0 0.429164 0.287718 0.013067 0.013126
0 0.532592 0.120361 0.012798 0.012869
0 0.862258 0.193815 0.012885 0.012703
0 0.621533 0.985734 0.013013 0.012905
0 0.742518 0.223586 0.013171 0.012900
0 0.782227 0.074540 0.012244 0.012217
0 0.810273 0.561333 0.012432 0.012233
0 0.459639 0.957924 0.013383 0.013327
0 0.434214 0.730934 0.013260 0.013357
0 0.125483 0.012938 0.014337 0.014319
0 0.260830 0.045425 0.012914 0.012802
0 0.489117 0.217741 0.012396 0.012353
0 0.808617 0.634529 0.012656 0.012657
0 0.030583 0.106674 0.011304 0.011350
0 0.464273 0.105085 0.012799 0.012955
0 0.097905 0.041532 0.012257 0.012445
0 0.912770 0.990191 0.012301 0.011957
0 0.289133 0.597870 0.011181 0.011240
0 0.169213 0.721299 0.011775 0.011649
0 0.895250 0.451660 0.012529 0.012330
0 0.483652 0.667764 0.012438 0.012107
0 0.443328 0.109496 0.013101 0.012900
0 0.027572 0.896817 0.013018 0.012855
0 0.980254 0.529954 0.011512 0.011278
0 0.765963 0.745873 0.013024 0.013024
0 0.745293 0.523294 0.011726 0.011728
0 0.610882 0.035781 0.013415 0.013507
0 0.668885 0.234619 0.014061 0.014012
0 0.621300 0.178626 0.011147 0.011293
0 0.185776 0.890162 0.013165 0.013206
0 0.224291 0.647902 0.011263 0.011242
0 0.172644 0.681838 0.012467 0.012391
0 0.653898 0.003784 0.014499 0.007563
0 0.300099 0.708385 0.013407 0.013603
0 0.876881 0.299395 0.012516 0.012627
0 0.822779 0.183685 0.013497 0.013557
0 0.371165 0.806601 0.010383 0.010421
0 0.223232 0.467159 0.012427 0.012414
0 0.109058 0.979954 0.013418 0.013582
0 0.631626 0.388661 0.011508 0.011519
0 0.090024 0.807897 0.013516 0.013483
0 0.505610 0.470080 0.014202 0.014095
0 0.827449 0.849424 0.012486 0.011615
0 0.993465 0.580408 0.011844 0.011684
0 0.787992 0.004943 0.012857 0.009796
0 0.453002 0.526480 0.013337 0.013434
0 0.396572 0.947000 0.011501 0.011296
0 0.343257 0.904752 0.013596 0.012926
0 0.907035 0.715784 0.013103 0.013178
0 0.142127 0.641607 0.010827 0.010983
0 0.879791 0.470598 0.010843 0.010628
0 0.478491 0.048744 0.011796 0.012186
0 0.423829 0.554029 0.014440 0.014180
0 0.441550 0.059239 0.013541 0.013393
0 0.995921 0.904242 0.008158 0.011844
0 0.366908 0.584810 0.008912 0.008427
0 0.956402 0.463734 0.013978 0.013766
0 0.333867 0.451203 0.012711 0.012708
0 0.062784 0.523061 0.011852 0.011859
0 0.530223 0.011776 0.011485 0.011765
0 0.846989 0.716226 0.022551 0.022074
0 0.773756 0.004614 0.013067 0.009169
0 0.005997 0.667324 0.011939 0.013506
