0 0.554490 0.252935 0.013028 0.012865
0 0.472636 0.095931 0.013035 0.013014
0 0.874487 0.280526 0.013422 0.013339
0 0.952974 0.700542 0.012801 0.012875
0 0.634449 0.428442 0.012924 0.012745
0 0.893046 0.388651 0.012635 0.012561
0 0.278241 0.436521 0.012040 0.011851
0 0.885292 0.340349 0.013470 0.013291
0 0.513657 0.656486 0.012786 0.012953
0 0.055155 0.638215 0.013118 0.013078
0 0.759186 0.568577 0.012747 0.012728
0 0.027165 0.708159 0.013603 0.013474
0 0.153319 0.675029 0.012045 0.011891
0 0.658564 0.588754 0.012034 0.012117
0 0.070529 0.801461 0.012600 0.012600
0 0.423526 0.214254 0.013847 0.013758
0 0.606389 0.557731 0.012176 0.011969
0 0.711333 0.785565 0.012851 0.012888
0 0.640277 0.633110 0.013017 0.012868
0 0.033109 0.593250 0.013620 0.013543
0 0.431264 0.763584 0.013256 0.013573
0 0.609338 0.772717 0.012993 0.012896
0 0.466146 0.469570 0.012745 0.012632
0 0.930256 0.049335 0.011488 0.011473
0 0.820500 0.216470 0.012862 0.012863
0 0.800728 0.068309 0.012971 0.013068
0 0.403065 0.545602 0.012258 0.012284
0 0.745220 0.966285 0.013676 0.013595
0 0.515975 0.286974 0.012802 0.012988
0 0.780824 0.881377 0.013516 0.013607
0 0.333632 0.360973 0.012486 0.012567
0 0.297409 0.555074 0.012079 0.011956
0 0.865435 0.176061 0.011933 0.011946
0 0.788595 0.268897 0.013220 0.013092
0 0.885572 0.703375 0.012585 0.012485
0 0.345264 0.598569 0.013812 0.013714
0 0.215561 0.489017 0.013104 0.012992
0 0.933316 0.858144 0.013016 0.012939
0 0.182266 0.619905 0.012151 0.012155
0 0.096221 0.302188 0.012894 0.013011
0 0.524205 0.584342 0.012720 0.012592
0 0.948368 0.402139 0.012221 0.012201
0 0.533882 0.346800 0.012894 0.012811
0 0.508831 0.734617 0.013161 0.012940
0 0.310231 0.485112 0.012737 0.012722
0 0.878427 0.977696 0.013179 0.013275
0 0.387468 0.328821 0.013542 0.013581
0 0.498051 0.918225 0.014660 0.014640
0 0.522722 0.560845 0.012753 0.012755
0 0.596124 0.131103 0.012906 0.012702
0 0.487663 0.271710 0.011559 0.011369
0 0.471318 0.696734 0.012484 0.012539
0 0.487780 0.458563 0.012073 0.012244
0 0.427369 0.483061 0.012710 0.012465
0 0.295497 0.324127 0.012802 0.012613
0 0.121734 0.638501 0.011420 0.011520
0 0.792964 0.513814 0.011759 0.011768
0 0.866937 0.106790 0.011249 0.011034
0 0.902914 0.542289 0.012927 0.013045
0 0.992688 0.613350 0.012342 0.012378
0 0.272142 0.492458 0.012937 0.012828
0 0.882518 0.118613 0.009294 0.009313
0 0.575233 0.964659 0.014870 0.014916
0 0.218591 0.434484 0.013787 0.013639
0 0.749027 0.438799 0.011473 0.011367
0 0.017776 0.337114 0.013619 0.013522
0 0.801670 0.794301 0.012997 0.012965
0 0.732901 0.621371 0.012819 0.012873
0 0.963228 0.604168 0.011686 0.011091
0 0.549252 0.226390 0.012190 0.012193
0 0.030589 0.481183 0.011215 0.011308
0 0.194865 0.596239 0.012752 0.012727
0 0.373153 0.947288 0.013410 0.013090
0 0.815958 0.549712 0.013199 0.013351
0 0.905110 0.073835 0.011777 0.011893
0 0.476819 0.427954 0.013482 0.013571
0 0.275435 0.652743 0.013520 0.013639
0 0.886182 0.588953 0.011941 0.012252
0 0.554279 0.157161 0.014082 0.013837
0 0.813255 0.844863 0.011523 0.011547
0 0.927139 0.673246 0.013298 0.013203
0 0.051434 0.908512 0.012054 0.011791
0 0.660335 0.481396 0.012858 0.012995
0 0.178746 0.172768 0.011975 0.011874
0 0.003906 0.843964 0.007811 0.011868
0 0.703475 0.306888 0.012444 0.012436
0 0.149573 0.243154 0.012577 0.012588
0 0.841653 0.909068 0.013650 0.013534
0 0.912884 0.926402 0.011143 0.011129
0 0.835027 0.675228 0.010770 0.010690
0 0.657740 0.082729 0.012573 0.012528
0 0.582690 0.731984 0.011394 0.011616
0 0.535138 0.949264 0.013750 0.014069
0 0.431590 0.795948 0.012942 0.012798
0 0.948207 0.535102 0.012793 0.012697
0 0.275159 0.972574 0.013143 0.013044
0 0.349463 0.290804 0.024275 0.024528
0 0.865820 0.569820 0.011506 0.011583
0 0.981625 0.051573 0.010243 0.009725
0 0.984803 0.513310 0.013923 0.013283
0 0.063075 0.361186 0.012862 0.012760
0 0.738212 0.910693 0.011416 0.011257
0 0.774515 0.103530 0.014927 0.015142
0 0.135003 0.523066 0.013291 0.013213
0 0.690195 0.274129 0.012438 0.012535
0 0.942444 0.019632 0.010573 0.010876
0 0.107430 0.779477 0.010702 0.010408
0 0.125470 0.215101 0.011568 0.011584
0 0.272116 0.936467 0.012601 0.012844
0 0.186477 0.010878 0.012771 0.012730
0 0.764917 0.524694 0.011619 0.011384
0 0.537355 0.629095 0.021135 0.021100
0 0.982638 0.513661 0.014350 0.014081
0 0.453394 0.707505 0.012335 0.012340
0 0.954113 0.236141 0.011615 0.011909
0 0.851654 0.541793 0.011150 0.010879
0 0.897274 0.998265 0.010237 0.003406
0 0.265596 0.192827 0.011030 0.010839
0 0.800936 0.483510 0.011987 0.011935
0 0.269820 0.824768 0.012239 0.012290
0 0.075194 0.929886 0.011387 0.010926
0 0.219566 0.930075 0.013669 0.013206
0 0.841022 0.552451 0.009799 0.009891
0 0.202445 0.001762 0.014694 0.003500
0 0.062359 0.358725 0.011985 0.012077
0 0.553391 0.623621 0.012202 0.012270
