0 0.054299 0.842412 0.013164 0.013291
0 0.786410 0.140135 0.013500 0.013429
0 0.485754 0.917446 0.013160 0.013097
0 0.555591 0.856717 0.013625 0.013480
0 0.247475 0.574554 0.013200 0.013055
0 0.303572 0.568000 0.012541 0.012482
0 0.329734 0.385609 0.013769 0.013700
0 0.918611 0.305172 0.013926 0.013878
0 0.804849 0.024904 0.012995 0.012710
0 0.376079 0.730075 0.014784 0.014786
0 0.604042 0.899318 0.012239 0.012126
0 0.645228 0.936530 0.013105 0.013158
0 0.044039 0.474464 0.013191 0.013121
0 0.593503 0.162495 0.013614 0.013375
0 0.460503 0.968377 0.013578 0.013537
0 0.857690 0.071069 0.014123 0.014054
0 0.458306 0.679091 0.013120 0.013079
0 0.554896 0.424865 0.013048 0.013052
0 0.198655 0.374599 0.013112 0.013132
0 0.861489 0.251566 0.012512 0.012448
0 0.725034 0.950718 0.012596 0.012451
0 0.540295 0.395932 0.012531 0.012493
0 0.934199 0.509479 0.012803 0.012692
0 0.112819 0.821730 0.014245 0.013832
0 0.552128 0.607507 0.013004 0.012735
0 0.290785 0.202306 0.012598 0.012680
0 0.076533 0.912777 0.013956 0.013933
0 0.832124 0.411601 0.012668 0.012607
0 0.368315 0.540667 0.013715 0.013420
0 0.581476 0.316348 0.012958 0.013100
0 0.750555 0.433853 0.013071 0.013174
0 0.381635 0.905159 0.012939 0.012930
0 0.329113 0.180534 0.013276 0.013187
0 0.948599 0.441206 0.013248 0.013117
0 0.579406 0.262406 0.012398 0.012323
0 0.168238 0.510285 0.013776 0.013665
0 0.608944 0.568894 0.013902 0.013760
0 0.531842 0.434234 0.012949 0.012929
0 0.683163 0.570897 0.012875 0.012723
0 0.942230 0.845766 0.012547 0.012869
0 0.512191 0.244351 0.013379 0.013390
0 0.972694 0.813952 0.011729 0.011530
0 0.551601 0.137665 0.012991 0.012991
0 0.469111 0.550974 0.013060 0.012859
0 0.479340 0.114398 0.013673 0.013590
0 0.595520 0.593075 0.013388 0.013315
0 0.858986 0.948936 0.012378 0.012394
0 0.872854 0.599628 0.012902 0.012909
0 0.906154 0.579655 0.013115 0.012958
0 0.525965 0.218879 0.013755 0.013772
0 0.383637 0.175869 0.012810 0.012612
0 0.745347 0.277780 0.013172 0.012916
0 0.455674 0.298726 0.013083 0.012780
0 0.763356 0.892247 0.013275 0.013221
0 0.645692 0.059000 0.013241 0.013136
0 0.157942 0.786762 0.012383 0.012261
0 0.938763 0.952389 0.012909 0.013021
0 0.052690 0.409811 0.013648 0.013760
0 0.749138 0.376328 0.014275 0.014073
0 0.851459 0.109292 0.012748 0.012808
0 0.102072 0.477980 0.013601 0.013445
0 0.496284 0.411415 0.013157 0.013036
0 0.100387 0.416905 0.012905 0.012866
0 0.721925 0.619295 0.013358 0.013355
0 0.816122 0.967098 0.011861 0.011857
0 0.497161 0.018369 0.012650 0.012850
0 0.367302 0.779967 0.014028 0.013913
0 0.490938 0.648269 0.013772 0.013549
0 0.917121 0.605835 0.013953 0.014138
0 0.196299 0.303158 0.013443 0.013206
0 0.443763 0.161518 0.013320 0.013373
0 0.093261 0.978501 0.014035 0.013856
0 0.186259 0.555136 0.012302 0.012254
0 0.138225 0.175073 0.013669 0.013615
0 0.178745 0.798390 0.013615 0.013442
0 0.218149 0.231706 0.013012 0.012868
0 0.564737 0.982243 0.013652 0.013609
0 0.858685 0.803610 0.012504 0.012339
0 0.048945 0.515348 0.013407 0.013580
0 0.533718 0.081103 0.013546 0.013693
0 0.589834 0.736207 0.014667 0.014587
0 0.428917 0.546599 0.013041 0.012915
0 0.191870 0.246947 0.013015 0.012811
0 0.169515 0.862123 0.012377 0.012354
0 0.775837 0.831355 0.013002 0.013261
0 0.060602 0.957152 0.013123 0.013187
0 0.109624 0.101689 0.013505 0.013283
0 0.921116 0.413590 0.014110 0.013927
0 0.102935 0.502997 0.013357 0.013195
0 0.023428 0.381485 0.013683 0.013445
0 0.111160 0.391651 0.013373 0.013188
0 0.082810 0.651911 0.013555 0.013424
0 0.181334 0.748514 0.012875 0.013045
0 0.903259 0.879123 0.012212 0.012165
0 0.916903 0.719033 0.011553 0.011408
0 0.526033 0.340182 0.014579 0.014479
0 0.281015 0.423071 0.013728 0.013430
0 0.788258 0.582203 0.014820 0.014758
0 0.346335 0.916411 0.012809 0.012715
0 0.127180 0.963286 0.013721 0.013536
0 0.981754 0.640938 0.013819 0.013738
0 0.289904 0.170007 0.013727 0.013609
0 0.959794 0.277928 0.013504 0.013636
0 0.901487 0.478075 0.013545 0.013527
0 0.411393 0.339590 0.014160 0.014011
0 0.697258 0.143150 0.013210 0.013240
0 0.726865 0.512883 0.014951 0.014932
0 0.391598 0.610053 0.013607 0.013458
0 0.605690 0.680540 0.013844 0.013905
0 0.215930 0.887078 0.011807 0.011658
0 0.390010 0.815289 0.013599 0.013611
0 0.257617 0.157795 0.013033 0.012951
0 0.239818 0.930094 0.013831 0.013920
0 0.877917 0.170270 0.013459 0.013487
0 0.832612 0.138423 0.013336 0.013525
0 0.775880 0.459617 0.013957 0.013716
0 0.310430 0.045491 0.013737 0.013415
0 0.492041 0.451350 0.013654 0.013789
0 0.066389 0.291579 0.013767 0.013783
0 0.027466 0.887151 0.012918 0.013057
0 0.518262 0.728789 0.013667 0.013544
0 0.806857 0.179095 0.012524 0.012632
0 0.986038 0.298860 0.011999 0.012040
0 0.069190 0.135953 0.013976 0.013924
0 0.652661 0.900039 0.013717 0.013523
0 0.027629 0.686158 0.013210 0.013035
0 0.457422 0.578110 0.012732 0.012897
0 0.150586 0.860156 0.013290 0.013445
0 0.350269 0.711929 0.013695 0.013747
0 0.804128 0.312413 0.014882 0.014921
0 0.177389 0.426334 0.013626 0.013180
0 0.717265 0.276865 0.014041 0.013867
0 0.722566 0.995438 0.012079 0.009124
0 0.241373 0.076640 0.013329 0.013250
0 0.308500 0.139583 0.014308 0.014368
0 0.453770 0.013976 0.013745 0.013712
0 0.963149 0.879273 0.014002 0.013934
0 0.189787 0.007158 0.012896 0.012974
0 0.093997 0.050382 0.014843 0.014551
0 0.746229 0.406586 0.013493 0.013529
0 0.136266 0.281169 0.014470 0.014321
0 0.640879 0.253841 0.015612 0.015680
0 0.480598 0.266925 0.014212 0.014314
0 0.695988 0.413728 0.014109 0.014224
0 0.141877 0.415951 0.013401 0.013519
0 0.253668 0.657666 0.013014 0.013134
0 0.635103 0.607600 0.013927 0.014191
0 0.041747 0.285322 0.013073 0.012927
0 0.419655 0.414307 0.015082 0.014764
0 0.753516 0.693794 0.012688 0.012860
0 0.329710 0.763002 0.013459 0.013412
0 0.225792 0.681087 0.014926 0.014926
0 0.112956 0.008710 0.013049 0.013145
0 0.976258 0.174326 0.013353 0.013397
0 0.877611 0.384198 0.012139 0.012288
0 0.527311 0.024014 0.013347 0.013199
0 0.014536 0.447064 0.014140 0.013956
0 0.982236 0.192873 0.012711 0.012727
0 0.346090 0.637331 0.012013 0.011959
0 0.164739 0.564125 0.013720 0.013872
0 0.265857 0.071733 0.012901 0.012692
0 0.961186 0.573582 0.012480 0.012509
0 0.210698 0.089462 0.013793 0.013844
0 0.841129 0.885340 0.014791 0.014639
0 0.244339 0.318239 0.014797 0.014512
0 0.387408 0.973355 0.012889 0.012882
0 0.150648 0.284416 0.009228 0.009599
0 0.937759 0.871512 0.013786 0.013594
0 0.804409 0.235641 0.015157 0.015276
0 0.952033 0.007962 0.013106 0.013326
0 0.292744 0.430671 0.011948 0.012106
0 0.062742 0.331101 0.011754 0.011207
0 0.048341 0.232912 0.014076 0.014296
0 0.849753 0.710507 0.023570 0.023878
0 0.737953 0.319602 0.014233 0.014690
0 0.449610 0.907187 0.013717 0.013863
0 0.864101 0.011833 0.013304 0.013238
0 0.839282 0.601705 0.012531 0.012281
0 0.267646 0.720458 0.013823 0.013570
0 0.811354 0.247762 0.013580 0.013284
0 0.789136 0.186974 0.012544 0.011941
0 0.857518 0.874626 0.012869 0.012239
0 0.009126 0.685160 0.011319 0.011365
0 0.136053 0.257171 0.013684 0.013882
0 0.941500 0.296904 0.011267 0.011314
0 0.345422 0.290246 0.024182 0.023871
0 0.997708 0.524786 0.004584 0.010518
0 0.996950 0.417149 0.006041 0.012049
0 0.545425 0.628688 0.010503 0.010303
0 0.843691 0.184037 0.014889 0.014576
0 0.703524 0.812080 0.023257 0.023667
0 0.361621 0.646221 0.013010 0.012467
0 0.162193 0.831966 0.013662 0.013458
0 0.800266 0.218512 0.014408 0.014514
0 0.654964 0.900757 0.015580 0.012487
0 0.244845 0.728488 0.013477 0.013430
0 0.532856 0.630461 0.019278 0.019344
0 0.235008 0.990666 0.013942 0.014148
0 0.338473 0.086070 0.012784 0.012783
0 0.537994 0.731942 0.017371 0.017550
0 0.936920 0.400068 0.012094 0.012055
