0 0.724784 0.442372 0.014962 0.014725
0 0.947884 0.300974 0.015020 0.014842
0 0.197380 0.378610 0.013432 0.013358
0 0.816861 0.324358 0.013882 0.013934
0 0.950315 0.604137 0.014041 0.013813
0 0.446580 0.643442 0.013840 0.013873
0 0.257644 0.354113 0.014738 0.014733
0 0.943830 0.199262 0.014288 0.014530
0 0.122603 0.687263 0.014004 0.013898
0 0.354898 0.667527 0.013977 0.013794
0 0.082197 0.318893 0.013589 0.013704
0 0.294312 0.699455 0.014285 0.014394
0 0.096141 0.162827 0.014543 0.014293
0 0.642453 0.618148 0.018569 0.018537
0 0.644896 0.396496 0.014152 0.014267
0 0.904836 0.435515 0.014713 0.014857
0 0.222485 0.173979 0.014608 0.014408
0 0.918786 0.502514 0.014798 0.014934
0 0.713175 0.485880 0.014064 0.014162
0 0.034731 0.676650 0.014098 0.014043
0 0.954869 0.087803 0.014440 0.014332
0 0.246498 0.085102 0.015862 0.015733
0 0.345338 0.552048 0.014097 0.014105
0 0.468225 0.488851 0.014561 0.014678
0 0.600475 0.205428 0.014884 0.014899
0 0.606953 0.912586 0.014191 0.014056
0 0.313367 0.011264 0.014078 0.014135
0 0.879637 0.317959 0.015275 0.014906
0 0.282986 0.863667 0.013274 0.013162
0 0.760789 0.206894 0.015318 0.015220
0 0.449642 0.242624 0.014986 0.014879
0 0.093190 0.011891 0.013880 0.013970
0 0.045191 0.102792 0.013950 0.013906
0 0.684179 0.529747 0.012931 0.012863
0 0.215162 0.763649 0.014307 0.014195
0 0.258398 0.905295 0.013929 0.013885
0 0.204041 0.632759 0.015141 0.014939
0 0.941415 0.665594 0.014747 0.014773
0 0.678099 0.262291 0.014370 0.014262
0 0.213002 0.543313 0.015715 0.015478
0 0.890189 0.380981 0.013910 0.013965
0 0.388174 0.376269 0.014886 0.014958
0 0.685389 0.726243 0.014940 0.014885
0 0.818859 0.972691 0.013687 0.013741
0 0.764138 0.485583 0.012957 0.013079
0 0.637230 0.446412 0.015664 0.015673
0 0.055133 0.372243 0.014788 0.014800
0 0.150943 0.821811 0.013938 0.013865
0 0.170337 0.524145 0.014790 0.014725
0 0.701099 0.128056 0.014701 0.014936
0 0.193950 0.658242 0.013775 0.013585
0 0.053033 0.054261 0.015126 0.015135
0 0.157196 0.851905 0.013468 0.013494
0 0.781872 0.977774 0.014179 0.013912
0 0.360725 0.261309 0.014510 0.014494
0 0.603137 0.298798 0.014175 0.014360
0 0.032068 0.349946 0.014567 0.014538
0 0.347874 0.300174 0.023056 0.022775
0 0.174511 0.630219 0.015168 0.015166
0 0.111372 0.200667 0.014236 0.014164
0 0.663000 0.535935 0.014248 0.014285
0 0.574787 0.610896 0.014705 0.014777
0 0.089378 0.910931 0.013851 0.013731
0 0.608971 0.814968 0.013858 0.014349
0 0.612781 0.733733 0.014122 0.014841
0 0.766031 0.931200 0.014309 0.014402
0 0.838618 0.152438 0.013929 0.014189
0 0.611942 0.279149 0.014772 0.014704
0 0.963755 0.444348 0.014175 0.014427
0 0.717479 0.209844 0.014358 0.014463
0 0.066779 0.875862 0.013764 0.013647
0 0.533783 0.639652 0.022606 0.022341
0 0.144895 0.662524 0.014291 0.014188
0 0.596246 0.981660 0.013688 0.013877
0 0.633684 0.874167 0.013429 0.013501
0 0.446680 0.430073 0.015571 0.015575
0 0.457741 0.459345 0.016847 0.016337
0 0.952209 0.947190 0.014772 0.014539
0 0.023579 0.036251 0.014553 0.014727
0 0.737665 0.849399 0.014751 0.014968
0 0.198668 0.234249 0.016640 0.016749
0 0.032487 0.461466 0.015276 0.015078
0 0.813128 0.615380 0.016280 0.016236
0 0.046979 0.302749 0.014804 0.014744
0 0.095492 0.951948 0.013832 0.013736
0 0.808293 0.499866 0.013872 0.013477
0 0.631388 0.562115 0.014756 0.014597
0 0.849436 0.720918 0.023312 0.023276
0 0.621692 0.242213 0.015170 0.015425
0 0.488976 0.664235 0.014684 0.014776
0 0.753019 0.468758 0.014516 0.014185
0 0.922709 0.147198 0.020724 0.020784
0 0.059666 0.821618 0.013858 0.013515
0 0.244500 0.832512 0.013987 0.014102
0 0.823895 0.083086 0.014161 0.014287
0 0.986018 0.505034 0.016279 0.016133
0 0.464129 0.255224 0.018136 0.018192
0 0.104268 0.618050 0.015103 0.014664
0 0.464198 0.375013 0.014392 0.014309
0 0.587172 0.776191 0.015129 0.014883
0 0.008051 0.763656 0.013673 0.013277
0 0.780480 0.224908 0.015719 0.015695
0 0.772239 0.027864 0.016859 0.016535
0 0.887112 0.267674 0.014092 0.014107
0 0.715271 0.375871 0.015058 0.015034
0 0.085641 0.572170 0.014285 0.014173
0 0.468033 0.423642 0.014867 0.014890
0 0.909929 0.991249 0.017880 0.016957
0 0.363106 0.331979 0.014105 0.014005
0 0.735378 0.573043 0.014274 0.013865
0 0.561165 0.672857 0.014565 0.014651
0 0.328344 0.309983 0.014154 0.014429
0 0.684414 0.991738 0.012654 0.012674
0 0.281268 0.441366 0.017528 0.017756
0 0.993007 0.898420 0.013986 0.016078
0 0.637139 0.112717 0.013636 0.013757
0 0.587582 0.728682 0.015853 0.015875
0 0.822141 0.767137 0.016467 0.017093
0 0.527938 0.693666 0.014028 0.014023
0 0.644939 0.356331 0.012033 0.011557
0 0.719098 0.985516 0.013804 0.013766
0 0.519178 0.874895 0.015268 0.014948
0 0.219768 0.558801 0.014801 0.014632
0 0.704617 0.823496 0.022370 0.022534
0 0.334105 0.919792 0.016880 0.016931
0 0.814593 0.118244 0.015742 0.015730
0 0.067321 0.996092 0.014353 0.007726
0 0.035455 0.315288 0.016142 0.015969
0 0.623780 0.678532 0.014154 0.013953
0 0.720779 0.936450 0.014280 0.013913
0 0.636350 0.088378 0.022266 0.022143
0 0.655341 0.709564 0.014457 0.014130
0 0.068982 0.576932 0.019314 0.019313
0 0.548883 0.539684 0.014742 0.014643
0 0.004046 0.062285 0.008081 0.016930
0 0.559001 0.561805 0.012933 0.012968
0 0.264377 0.246379 0.019702 0.018990
0 0.871023 0.593121 0.014607 0.014709
0 0.376085 0.229748 0.019882 0.019633
0 0.545119 0.054648 0.013434 0.013594
0 0.088608 0.059435 0.013817 0.013788
0 0.976911 0.029506 0.014034 0.013460
0 0.377364 0.741079 0.023273 0.023119
0 0.002343 0.596891 0.004674 0.014532
0 0.257272 0.477778 0.015551 0.015700
0 0.738526 0.613230 0.016526 0.016405
0 0.197400 0.929001 0.014537 0.014299
0 0.772499 0.579451 0.013306 0.013437
0 0.974635 0.031022 0.013270 0.012818
0 0.119261 0.243361 0.016513 0.016194
0 0.415505 0.203561 0.015699 0.015824
0 0.003154 0.597494 0.006279 0.014824
0 0.344981 0.348316 0.013510 0.013621
