0 0.762458 0.098419 0.015742 0.015342
0 0.805463 0.542037 0.014582 0.014455
0 0.670637 0.528204 0.014046 0.013957
0 0.368354 0.575043 0.013786 0.013831
0 0.025939 0.183318 0.015078 0.014919
0 0.034120 0.103777 0.013584 0.013702
0 0.292253 0.045708 0.014183 0.014138
0 0.613527 0.455043 0.014679 0.014591
0 0.415453 0.820234 0.014371 0.014265
0 0.274340 0.629043 0.014965 0.014814
0 0.946663 0.768800 0.012909 0.012969
0 0.141595 0.097702 0.013860 0.013832
0 0.086653 0.803183 0.014421 0.014201
0 0.384901 0.416996 0.015025 0.014982
0 0.535336 0.587612 0.014329 0.014305
0 0.673617 0.660348 0.013858 0.013810
0 0.573894 0.817570 0.014816 0.014688
0 0.063040 0.294490 0.014559 0.014753
0 0.398449 0.978619 0.014957 0.014801
0 0.820175 0.373767 0.015351 0.015150
0 0.284848 0.704830 0.014205 0.014099
0 0.466281 0.056474 0.013468 0.013384
0 0.131225 0.604102 0.014032 0.013890
0 0.902440 0.397975 0.014448 0.014571
0 0.221106 0.198804 0.014519 0.014301
0 0.529455 0.961898 0.014631 0.014437
0 0.617839 0.907733 0.017446 0.017254
0 0.274237 0.514193 0.015858 0.015933
0 0.476658 0.489190 0.014745 0.014928
0 0.550942 0.246609 0.014121 0.014211
0 0.670525 0.358855 0.014757 0.014870
0 0.030236 0.685498 0.014381 0.014328
0 0.781845 0.359053 0.015020 0.014996
0 0.581127 0.685269 0.015371 0.015394
0 0.741395 0.114996 0.014272 0.014255
0 0.409099 0.613101 0.014018 0.014080
0 0.872752 0.394338 0.016493 0.016511
0 0.686899 0.967480 0.013774 0.013820
0 0.053900 0.255560 0.014598 0.014715
0 0.184867 0.516976 0.016557 0.016316
0 0.148718 0.885452 0.015455 0.015138
0 0.347197 0.300646 0.023233 0.022893
0 0.150395 0.050664 0.013375 0.013568
0 0.809131 0.099965 0.014105 0.014148
0 0.652833 0.124191 0.014786 0.014758
0 0.449599 0.337960 0.014993 0.014808
0 0.501974 0.759089 0.014244 0.014285
0 0.160787 0.369162 0.014353 0.014311
0 0.036554 0.963889 0.014992 0.014804
0 0.395749 0.588344 0.014204 0.014134
0 0.208917 0.637957 0.014543 0.014340
0 0.558344 0.195859 0.014178 0.013635
0 0.828510 0.603701 0.014561 0.014586
0 0.898382 0.678047 0.014153 0.014112
0 0.697022 0.260005 0.014439 0.014142
0 0.413797 0.017443 0.014162 0.014389
0 0.848016 0.763635 0.013136 0.012937
0 0.218504 0.084812 0.014530 0.014443
0 0.367323 0.688619 0.016086 0.016077
0 0.309517 0.343988 0.014512 0.014500
0 0.697867 0.882153 0.014890 0.014873
0 0.716818 0.720947 0.015152 0.015239
0 0.785651 0.162876 0.014248 0.014372
0 0.556500 0.017136 0.013968 0.013879
0 0.526883 0.271853 0.014485 0.014343
0 0.508246 0.184062 0.014682 0.014564
0 0.070599 0.893691 0.014364 0.014283
0 0.109202 0.797857 0.013565 0.013410
0 0.312322 0.753053 0.015624 0.015617
0 0.187037 0.070209 0.014100 0.014206
0 0.849970 0.721327 0.022399 0.022354
0 0.146846 0.499147 0.014711 0.014472
0 0.122357 0.278545 0.015266 0.015312
0 0.253998 0.114622 0.014983 0.014957
0 0.720507 0.653419 0.013703 0.013553
0 0.475755 0.269229 0.014151 0.014237
0 0.164547 0.685051 0.013571 0.013273
0 0.589252 0.648182 0.014781 0.014689
0 0.598722 0.828931 0.013535 0.013422
0 0.709548 0.377853 0.014119 0.013989
0 0.936145 0.080864 0.014655 0.014927
0 0.871555 0.104522 0.014090 0.014131
0 0.067927 0.416652 0.014740 0.014650
0 0.614981 0.132077 0.014938 0.014686
0 0.534398 0.640835 0.022569 0.022355
0 0.894251 0.574640 0.014985 0.014747
0 0.721082 0.268313 0.015666 0.015493
0 0.392436 0.734328 0.015352 0.015402
0 0.540551 0.472840 0.014717 0.014495
0 0.773884 0.006382 0.013913 0.012730
0 0.182147 0.023156 0.014450 0.014569
0 0.842975 0.294641 0.014682 0.014739
0 0.868638 0.279696 0.013960 0.014156
0 0.283314 0.175475 0.015764 0.016260
0 0.995792 0.709019 0.008414 0.015183
0 0.821125 0.814137 0.014882 0.015033
0 0.635956 0.087985 0.021578 0.021559
0 0.585419 0.797993 0.014225 0.014349
0 0.067984 0.576456 0.021625 0.021672
0 0.175816 0.895421 0.014186 0.013892
0 0.948817 0.115642 0.013330 0.013539
0 0.354046 0.990735 0.015416 0.015319
0 0.393725 0.002642 0.014529 0.005271
0 0.602414 0.140033 0.011979 0.011625
0 0.088419 0.929313 0.013302 0.013394
0 0.442770 0.997993 0.015595 0.003992
0 0.717730 0.290370 0.017282 0.017332
0 0.403518 0.228916 0.015507 0.015618
0 0.681333 0.993765 0.016218 0.012321
0 0.442868 0.996865 0.014876 0.006267
0 0.266810 0.247902 0.018445 0.018329
0 0.922101 0.147985 0.020026 0.019930
0 0.079072 0.494947 0.013462 0.013306
0 0.990479 0.973549 0.013474 0.013039
0 0.165015 0.221052 0.014464 0.014274
0 0.451172 0.216143 0.019242 0.018841
0 0.888074 0.260564 0.019487 0.019754
0 0.051313 0.348102 0.015090 0.014771
0 0.992406 0.819061 0.014172 0.014304
0 0.842367 0.312224 0.012476 0.012230
0 0.995249 0.843281 0.009502 0.012868
0 0.726277 0.049328 0.013557 0.013360
0 0.278721 0.287225 0.014698 0.015121
0 0.525073 0.019230 0.019131 0.019042
0 0.744086 0.586040 0.011578 0.011344
0 0.699437 0.809997 0.014832 0.014838
0 0.445593 0.002319 0.015780 0.004594
0 0.329439 0.604195 0.016001 0.015701
0 0.700475 0.813157 0.016116 0.015250
0 0.877291 0.594415 0.020840 0.020047
