0 0.281701 0.433050 0.014343 0.014177
0 0.499945 0.959263 0.016244 0.016151
0 0.234104 0.279855 0.014132 0.014014
0 0.207152 0.337393 0.014208 0.014284
0 0.398744 0.299421 0.014718 0.014807
0 0.148827 0.120311 0.013156 0.013114
0 0.414469 0.041356 0.013605 0.013634
0 0.250170 0.068283 0.015757 0.015701
0 0.435658 0.914021 0.015399 0.015218
0 0.607572 0.475263 0.013628 0.013808
0 0.064191 0.105046 0.015459 0.015404
0 0.264789 0.831263 0.014097 0.014048
0 0.160461 0.342042 0.014329 0.014117
0 0.062639 0.386970 0.013664 0.013670
0 0.372045 0.340916 0.013923 0.013910
0 0.366723 0.393126 0.014025 0.013920
0 0.959468 0.442695 0.014349 0.014335
0 0.685827 0.265301 0.014154 0.013930
0 0.354902 0.716097 0.014264 0.014248
0 0.609748 0.528043 0.014447 0.014216
0 0.410179 0.786802 0.013811 0.013923
0 0.730052 0.869141 0.014712 0.014870
0 0.530471 0.560890 0.014040 0.013882
0 0.858626 0.955348 0.014443 0.014468
0 0.782656 0.885746 0.013961 0.013959
0 0.894066 0.392538 0.014194 0.014095
0 0.069319 0.227311 0.015596 0.015756
0 0.634755 0.952240 0.013746 0.013593
0 0.811020 0.379388 0.014902 0.014802
0 0.225632 0.418127 0.014350 0.014359
0 0.430413 0.132982 0.013655 0.013611
0 0.481427 0.815288 0.016228 0.016424
0 0.738931 0.390559 0.014938 0.014922
0 0.176331 0.729097 0.014911 0.015001
0 0.562066 0.536996 0.014392 0.014302
0 0.666885 0.193907 0.015462 0.015335
0 0.248433 0.664612 0.014696 0.014468
0 0.674967 0.585980 0.013811 0.013855
0 0.911256 0.986187 0.017101 0.017400
0 0.656381 0.228190 0.014342 0.014408
0 0.525538 0.261889 0.013838 0.013991
0 0.266610 0.563995 0.016167 0.016054
0 0.698797 0.058612 0.014844 0.014909
0 0.118517 0.857011 0.013638 0.013667
0 0.862501 0.418614 0.013775 0.013811
0 0.351660 0.613356 0.013869 0.013997
0 0.030576 0.387439 0.013868 0.013886
0 0.062532 0.795803 0.014407 0.014383
0 0.822861 0.177192 0.013493 0.013454
0 0.536592 0.347762 0.015100 0.015277
0 0.691271 0.542540 0.014452 0.014361
0 0.475459 0.629756 0.014276 0.014120
0 0.738567 0.617406 0.015141 0.015226
0 0.715785 0.301781 0.013700 0.013535
0 0.893377 0.972385 0.014816 0.014736
0 0.946087 0.135851 0.013429 0.013516
0 0.640648 0.671300 0.014221 0.014119
0 0.346923 0.297998 0.023242 0.022988
0 0.314418 0.377478 0.014942 0.015045
0 0.473643 0.402187 0.014626 0.014607
0 0.094544 0.504209 0.016088 0.016070
0 0.666258 0.627651 0.014116 0.013973
0 0.925845 0.663423 0.017420 0.017868
0 0.865802 0.165938 0.014291 0.014226
0 0.987719 0.303149 0.014701 0.014521
0 0.011710 0.800759 0.013789 0.013900
0 0.755601 0.984177 0.014700 0.014454
0 0.061096 0.056198 0.016044 0.015758
0 0.963463 0.379816 0.014562 0.014573
0 0.567813 0.398228 0.015164 0.015127
0 0.082696 0.249056 0.014985 0.015141
0 0.449343 0.423348 0.013538 0.013274
0 0.101279 0.125627 0.014633 0.014701
0 0.346490 0.341706 0.013190 0.013077
0 0.301609 0.701605 0.013879 0.013697
0 0.308522 0.979415 0.014435 0.014367
0 0.755983 0.652662 0.013781 0.014009
0 0.953054 0.941187 0.014362 0.014249
0 0.895232 0.061747 0.014256 0.014443
0 0.025666 0.018971 0.014843 0.014639
0 0.760487 0.677467 0.013780 0.013431
0 0.211126 0.620664 0.015067 0.014750
0 0.760909 0.543888 0.015013 0.014940
0 0.624507 0.135877 0.015505 0.015694
0 0.921377 0.145731 0.019213 0.018551
0 0.874316 0.727495 0.014384 0.014213
0 0.826560 0.030066 0.014021 0.014097
0 0.843780 0.247716 0.013696 0.013660
0 0.437693 0.729071 0.014938 0.014479
0 0.705905 0.845007 0.014050 0.014046
0 0.845035 0.715751 0.019390 0.019297
0 0.860359 0.345719 0.014845 0.014767
0 0.778633 0.452948 0.014638 0.014769
0 0.968124 0.157754 0.014033 0.014217
0 0.837486 0.578415 0.016410 0.016381
0 0.786911 0.074657 0.013259 0.012972
0 0.376172 0.227836 0.020495 0.020264
0 0.767746 0.522644 0.015410 0.015697
0 0.110930 0.141018 0.014681 0.014891
0 0.163139 0.813242 0.015081 0.015258
0 0.120698 0.909403 0.014999 0.014734
0 0.242980 0.546324 0.014497 0.014229
0 0.244290 0.147400 0.015795 0.015959
0 0.546458 0.704742 0.015197 0.014983
0 0.531911 0.638981 0.022415 0.022328
0 0.523387 0.018612 0.017233 0.017527
0 0.859733 0.624091 0.014753 0.014593
0 0.792864 0.557555 0.016093 0.015756
0 0.750484 0.139955 0.014449 0.014477
0 0.986361 0.506678 0.017185 0.017044
0 0.134965 0.183118 0.017416 0.017550
0 0.311541 0.310451 0.015588 0.015578
0 0.232905 0.002859 0.015097 0.005719
0 0.280830 0.208641 0.014933 0.015266
0 0.462747 0.168295 0.013841 0.013606
0 0.828831 0.012434 0.012616 0.012590
0 0.964061 0.907687 0.015134 0.015130
0 0.313165 0.811905 0.015401 0.015390
0 0.226629 0.533396 0.017794 0.018105
0 0.335856 0.805366 0.014152 0.014477
0 0.286588 0.383937 0.014726 0.014613
0 0.677023 0.001882 0.014230 0.003764
0 0.867942 0.463116 0.012373 0.012150
0 0.493176 0.252488 0.014371 0.014490
0 0.254330 0.504785 0.014391 0.014280
0 0.778714 0.995590 0.014439 0.008759
0 0.274787 0.255328 0.014253 0.014464
0 0.740601 0.167888 0.015296 0.015815
0 0.472325 0.290002 0.015674 0.015239
0 0.012580 0.917695 0.014274 0.014116
0 0.486816 0.297706 0.013765 0.013475
0 0.737469 0.228905 0.013606 0.013632
0 0.788254 0.738182 0.019085 0.018944
0 0.735605 0.229864 0.013279 0.013290
0 0.923816 0.683084 0.012811 0.012635
0 0.003774 0.246643 0.007547 0.017643
0 0.092341 0.909751 0.014273 0.014265
0 0.491854 0.831403 0.011734 0.011516
0 0.900516 0.596340 0.015153 0.014743
0 0.628120 0.089570 0.017353 0.017117
0 0.830923 0.158132 0.013298 0.013667
0 0.090438 0.179797 0.016327 0.015544
0 0.248216 0.186947 0.013793 0.013498
0 0.400828 0.320506 0.014838 0.014564
0 0.630141 0.087448 0.016646 0.017545
0 0.448643 0.214617 0.019115 0.019682
