0 0.944019 0.564305 0.013451 0.013420
0 0.820297 0.611634 0.013245 0.013247
0 0.953499 0.737110 0.012572 0.012562
0 0.572890 0.689699 0.012450 0.012270
0 0.668974 0.677397 0.012266 0.012196
0 0.930823 0.523996 0.013810 0.013643
0 0.417301 0.469879 0.012086 0.011907
0 0.191243 0.564848 0.014216 0.014105
0 0.448967 0.226049 0.013977 0.013857
0 0.856434 0.924536 0.012930 0.012913
0 0.375074 0.047116 0.013678 0.013547
0 0.749223 0.618719 0.013223 0.012984
0 0.531624 0.568525 0.012677 0.012661
0 0.296551 0.482765 0.012341 0.012016
0 0.508187 0.238148 0.013531 0.013420
0 0.349997 0.688879 0.011871 0.011724
0 0.747489 0.692825 0.012348 0.012246
0 0.222728 0.469090 0.012879 0.012858
0 0.013402 0.540261 0.011274 0.011176
0 0.395150 0.635015 0.013135 0.013034
0 0.215540 0.226971 0.012851 0.012651
0 0.594965 0.595076 0.013639 0.013798
0 0.938687 0.838732 0.011473 0.011655
0 0.912428 0.186436 0.011600 0.011342
0 0.545009 0.291623 0.012649 0.012536
0 0.492100 0.338794 0.011451 0.011307
0 0.139216 0.235614 0.013015 0.013020
0 0.365583 0.454055 0.011653 0.011353
0 0.725620 0.502066 0.013028 0.012975
0 0.157559 0.194875 0.013922 0.013630
0 0.098575 0.126888 0.011428 0.011271
0 0.628952 0.134850 0.014148 0.014197
0 0.532464 0.103874 0.012351 0.012284
0 0.117129 0.353528 0.013169 0.013058
0 0.599407 0.349464 0.013528 0.013545
0 0.500902 0.365928 0.012990 0.012685
0 0.332528 0.517968 0.011873 0.011734
0 0.993678 0.610603 0.012633 0.013699
0 0.803383 0.762601 0.013644 0.013909
0 0.773312 0.258668 0.012179 0.012196
0 0.621769 0.656293 0.012911 0.012920
0 0.146974 0.415614 0.012494 0.012468
0 0.255321 0.220706 0.013478 0.013581
0 0.134177 0.472047 0.013482 0.013590
0 0.993559 0.772321 0.012881 0.014338
0 0.145590 0.288283 0.011677 0.011568
0 0.393879 0.732479 0.012125 0.012034
0 0.613447 0.904133 0.012410 0.012479
0 0.009824 0.678385 0.011123 0.010811
0 0.629531 0.773319 0.012621 0.012614
0 0.714874 0.890021 0.013563 0.013354
0 0.829982 0.061276 0.012777 0.012661
0 0.171846 0.209734 0.013445 0.013567
0 0.927025 0.961845 0.011021 0.011044
0 0.287510 0.807907 0.012987 0.013040
0 0.563069 0.653676 0.011895 0.011960
0 0.457533 0.960316 0.012840 0.012685
0 0.420032 0.081800 0.011725 0.011667
0 0.583454 0.330048 0.012130 0.012000
0 0.815553 0.752648 0.012186 0.012433
0 0.255554 0.045485 0.011922 0.011820
0 0.524357 0.349597 0.013108 0.012707
0 0.161923 0.566154 0.012079 0.012189
0 0.537877 0.457201 0.013325 0.014410
0 0.008733 0.717167 0.011367 0.011420
0 0.848989 0.710373 0.021533 0.021213
0 0.521081 0.009368 0.013808 0.013900
0 0.225454 0.651282 0.012670 0.012357
0 0.309899 0.911655 0.013240 0.013138
0 0.540187 0.973357 0.011725 0.011749
0 0.339158 0.179011 0.011656 0.011915
0 0.768966 0.623972 0.012649 0.012941
0 0.378172 0.092203 0.011781 0.011735
0 0.247156 0.916622 0.012478 0.012540
0 0.138107 0.308080 0.013022 0.013375
0 0.664722 0.006598 0.012317 0.012274
0 0.659880 0.028803 0.011965 0.011899
0 0.442932 0.843645 0.011780 0.011972
0 0.221091 0.807991 0.012094 0.012041
0 0.674630 0.566750 0.013435 0.012565
0 0.186206 0.892181 0.012587 0.012671
0 0.748566 0.360304 0.009882 0.009584
0 0.856752 0.804181 0.012035 0.011829
0 0.577405 0.048839 0.011662 0.011920
0 0.056244 0.193891 0.012498 0.012855
0 0.489609 0.787770 0.013149 0.013336
0 0.596631 0.005083 0.015642 0.010165
0 0.788420 0.005309 0.012226 0.010618
0 0.108613 0.980365 0.013075 0.013291
0 0.331393 0.855780 0.013725 0.013615
0 0.598004 0.006251 0.014576 0.012402
0 0.703211 0.813415 0.023051 0.023029
0 0.345885 0.290586 0.024498 0.024438
0 0.995542 0.264776 0.008916 0.012059
0 0.402793 0.572029 0.009663 0.009533
0 0.146845 0.997309 0.012272 0.005382
0 0.288675 0.975272 0.012098 0.012332
0 0.829973 0.468182 0.011942 0.012176
0 0.098167 0.090880 0.012058 0.012421
0 0.776959 0.005306 0.013471 0.010612
0 0.585750 0.368975 0.012539 0.012391
0 0.823686 0.519316 0.010876 0.011010
