0 0.749160 0.616288 0.013467 0.013336
0 0.193454 0.490895 0.012825 0.012683
0 0.673510 0.730084 0.013765 0.013722
0 0.247942 0.403090 0.011792 0.011627
0 0.460881 0.958210 0.011902 0.012012
0 0.116935 0.418843 0.010915 0.010742
0 0.212385 0.723303 0.012996 0.012867
0 0.187012 0.889541 0.013417 0.013362
0 0.030898 0.198440 0.014150 0.013952
0 0.166126 0.526488 0.013089 0.013152
0 0.331600 0.517383 0.011322 0.011494
0 0.226998 0.755825 0.013044 0.012860
0 0.126995 0.909178 0.012269 0.012061
0 0.215360 0.021528 0.011688 0.011765
0 0.407334 0.098479 0.012725 0.012808
0 0.948394 0.478426 0.013142 0.012905
0 0.737916 0.873663 0.013177 0.013190
0 0.447764 0.652992 0.011801 0.011653
0 0.128647 0.056813 0.012088 0.012094
0 0.468543 0.746458 0.012108 0.012027
0 0.225636 0.110578 0.013471 0.013490
0 0.132493 0.867944 0.010917 0.010915
0 0.718351 0.977162 0.011907 0.011756
0 0.319983 0.890991 0.012256 0.012195
0 0.247397 0.724907 0.012837 0.012917
0 0.110395 0.979600 0.013865 0.013821
0 0.276331 0.250158 0.012401 0.012361
0 0.025757 0.514125 0.011995 0.011856
0 0.510350 0.219630 0.009183 0.008968
0 0.316029 0.130461 0.012006 0.012013
0 0.907737 0.641380 0.012685 0.012639
0 0.794305 0.205085 0.010746 0.010688
0 0.459398 0.291863 0.009658 0.009939
0 0.551780 0.368600 0.010134 0.010054
0 0.199864 0.512454 0.011191 0.011186
0 0.088609 0.182629 0.011299 0.011583
0 0.680988 0.321924 0.012074 0.012151
0 0.629110 0.461156 0.012083 0.012007
0 0.512617 0.556569 0.010958 0.010939
0 0.628052 0.492858 0.013445 0.013299
0 0.543058 0.973667 0.011767 0.011658
0 0.969837 0.630161 0.011453 0.011299
0 0.227341 0.650235 0.012311 0.012077
0 0.409189 0.986572 0.011862 0.012046
0 0.674462 0.012509 0.012814 0.012842
0 0.531339 0.636790 0.022034 0.022476
0 0.048079 0.778953 0.010573 0.010562
0 0.618708 0.354014 0.012851 0.012566
0 0.132951 0.293390 0.010951 0.010694
0 0.083315 0.996387 0.013269 0.007225
0 0.639629 0.296305 0.011595 0.011593
0 0.556155 0.215357 0.010652 0.010623
0 0.111694 0.931763 0.013245 0.013487
0 0.480472 0.820704 0.010974 0.010770
0 0.646759 0.195045 0.011239 0.011189
0 0.344212 0.297557 0.022167 0.021996
0 0.068026 0.511265 0.010644 0.010703
0 0.059856 0.452829 0.011973 0.012180
0 0.623532 0.124083 0.010642 0.010870
0 0.848021 0.717171 0.019349 0.019034
0 0.031303 0.574451 0.013495 0.013426
0 0.025286 0.327653 0.009865 0.009755
0 0.262047 0.776028 0.012671 0.012837
0 0.645136 0.159930 0.010623 0.010706
0 0.224597 0.466731 0.012108 0.011982
0 0.525005 0.345512 0.010462 0.010178
0 0.015598 0.763922 0.010547 0.010344
0 0.277976 0.633351 0.010061 0.009980
0 0.189696 0.001802 0.012137 0.003604
0 0.774545 0.004389 0.013923 0.008779
0 0.988943 0.753753 0.012612 0.013294
0 0.410654 0.274001 0.012452 0.012287
0 0.441968 0.059044 0.011133 0.011195
0 0.373259 0.623817 0.016552 0.016301
