0 0.618472 0.908106 0.018259 0.018141
0 0.581247 0.576686 0.014940 0.014838
0 0.782708 0.167851 0.014004 0.013989
0 0.693270 0.550099 0.014260 0.014080
0 0.724483 0.208232 0.014790 0.014674
0 0.058623 0.656899 0.015188 0.015176
0 0.282474 0.627097 0.014858 0.014786
0 0.944988 0.367303 0.014583 0.014740
0 0.149814 0.525701 0.017058 0.017163
0 0.610322 0.435908 0.014605 0.014650
0 0.131894 0.744008 0.014749 0.014761
0 0.751069 0.083281 0.015259 0.015022
0 0.386851 0.567138 0.014923 0.014803
0 0.486156 0.727517 0.014144 0.014138
0 0.075333 0.180970 0.017518 0.017191
0 0.901022 0.673113 0.014204 0.014302
0 0.682030 0.617917 0.014124 0.014247
0 0.267016 0.497296 0.014385 0.014283
0 0.787981 0.555892 0.014254 0.014302
0 0.173582 0.899173 0.015779 0.015821
0 0.581902 0.824450 0.014006 0.014014
0 0.818081 0.126887 0.014472 0.014407
0 0.397861 0.432306 0.015370 0.015302
0 0.446775 0.819232 0.014604 0.014479
0 0.412941 0.043161 0.013404 0.013396
0 0.674615 0.787805 0.014436 0.014542
0 0.832075 0.831519 0.014573 0.014553
0 0.465429 0.376932 0.015251 0.015126
0 0.690267 0.722887 0.015230 0.015181
0 0.618555 0.123912 0.015022 0.015343
0 0.272617 0.760760 0.014635 0.014595
0 0.645455 0.504591 0.014423 0.014416
0 0.232156 0.108053 0.015675 0.015812
0 0.271700 0.117359 0.015290 0.015618
0 0.618165 0.807563 0.014021 0.013889
0 0.413953 0.572536 0.013832 0.013864
0 0.159100 0.647114 0.015299 0.015364
0 0.703880 0.940421 0.013536 0.013458
0 0.034494 0.267288 0.014972 0.014598
0 0.957071 0.445819 0.015054 0.015180
0 0.101016 0.840495 0.014340 0.014599
0 0.321183 0.702772 0.014382 0.014417
0 0.249839 0.192184 0.014506 0.014532
0 0.146252 0.355849 0.014885 0.014945
0 0.148859 0.885548 0.015495 0.015146
0 0.102058 0.110233 0.015385 0.015358
0 0.712487 0.885031 0.014759 0.014631
0 0.512843 0.096343 0.013984 0.013949
0 0.475922 0.488801 0.014787 0.014980
0 0.865700 0.392217 0.015675 0.015667
0 0.845122 0.587378 0.014451 0.014400
0 0.443422 0.260139 0.014006 0.013910
0 0.673089 0.250663 0.014673 0.014777
0 0.103712 0.590226 0.014291 0.014336
0 0.071341 0.893706 0.014188 0.014142
0 0.849613 0.720554 0.022741 0.022724
0 0.130737 0.277146 0.015361 0.015504
0 0.106595 0.791486 0.015046 0.014892
0 0.347736 0.300664 0.023547 0.023102
0 0.534425 0.640510 0.022312 0.022024
0 0.784300 0.286193 0.015426 0.015403
0 0.706154 0.967692 0.013716 0.013808
0 0.560660 0.663648 0.014775 0.014687
0 0.018510 0.118940 0.014089 0.014194
0 0.232096 0.487992 0.014954 0.015211
0 0.203194 0.195144 0.015613 0.015617
0 0.509107 0.192199 0.014542 0.014762
0 0.662703 0.338265 0.014825 0.014901
0 0.522460 0.136645 0.014526 0.014315
0 0.603109 0.018042 0.013699 0.013674
0 0.524975 0.959105 0.014461 0.014744
0 0.060663 0.447488 0.015003 0.014848
0 0.545973 0.477500 0.014705 0.014868
0 0.892568 0.124647 0.015463 0.015376
0 0.269351 0.342036 0.014809 0.014886
0 0.676966 0.301128 0.014618 0.014402
0 0.613523 0.629601 0.013853 0.013901
0 0.752286 0.367832 0.015063 0.014910
0 0.372438 0.590089 0.013982 0.013873
0 0.765084 0.109352 0.013589 0.013692
0 0.558736 0.196765 0.013892 0.013346
0 0.553662 0.244078 0.013812 0.013836
0 0.847507 0.279274 0.012532 0.012330
0 0.347452 0.983389 0.013206 0.013268
0 0.665561 0.987825 0.014281 0.014053
0 0.177770 0.006523 0.013778 0.013047
0 0.546468 0.812808 0.014214 0.014227
0 0.371390 0.713462 0.014932 0.015025
0 0.142322 0.073402 0.014617 0.014335
0 0.851150 0.258717 0.015207 0.015191
0 0.858822 0.006128 0.014666 0.012234
0 0.360809 0.696564 0.016342 0.016138
0 0.635328 0.088014 0.022182 0.022167
0 0.983251 0.078049 0.015238 0.015095
0 0.802908 0.373890 0.015643 0.015110
0 0.810151 0.750242 0.013725 0.013681
0 0.057460 0.258962 0.015003 0.015015
0 0.126312 0.996725 0.014580 0.006549
0 0.920981 0.147456 0.020898 0.020765
0 0.068295 0.576957 0.021792 0.021919
0 0.260040 0.002447 0.013431 0.004894
0 0.087706 0.929582 0.013559 0.013678
0 0.671275 0.192917 0.020727 0.020570
0 0.003327 0.969905 0.006654 0.013834
0 0.874112 0.592458 0.015687 0.015367
0 0.139656 0.013214 0.015217 0.014987
0 0.549994 0.226148 0.015188 0.015360
0 0.951745 0.781131 0.013756 0.013848
0 0.524990 0.019003 0.020287 0.019719
0 0.159943 0.233739 0.014977 0.014553
0 0.539464 0.738163 0.021064 0.021085
0 0.885261 0.259276 0.015974 0.015803
0 0.969491 0.985230 0.014313 0.014189
0 0.408819 0.228984 0.016283 0.015736
0 0.758322 0.723238 0.014173 0.013548
0 0.995307 0.842768 0.009385 0.014352
0 0.703761 0.823581 0.022470 0.022491
0 0.451554 0.215574 0.020679 0.020817
0 0.603758 0.133569 0.011620 0.011430
0 0.377135 0.228372 0.020301 0.020518
