0 0.562956 0.332811 0.013460 0.013384
0 0.418219 0.635226 0.014788 0.014517
0 0.908630 0.619217 0.011119 0.010934
0 0.748573 0.618665 0.013274 0.013159
0 0.148709 0.259527 0.011875 0.011721
0 0.610499 0.278007 0.012675 0.012553
0 0.685894 0.630877 0.012882 0.012783
0 0.045285 0.759333 0.012886 0.012920
0 0.944182 0.560088 0.013520 0.013350
0 0.891095 0.513808 0.013825 0.013763
0 0.313334 0.099911 0.013511 0.013273
0 0.496236 0.262029 0.014063 0.014131
0 0.266880 0.703885 0.013287 0.013224
0 0.741338 0.491775 0.013839 0.013741
0 0.221463 0.060788 0.012425 0.012326
0 0.465461 0.239194 0.012176 0.011721
0 0.625388 0.959653 0.012442 0.012413
0 0.512121 0.071071 0.012294 0.012250
0 0.067489 0.367428 0.014550 0.014388
0 0.658989 0.729623 0.013887 0.013593
0 0.544274 0.208913 0.012841 0.012854
0 0.786192 0.798561 0.013149 0.012845
0 0.059942 0.470980 0.012975 0.012826
0 0.450708 0.107624 0.013669 0.013612
0 0.360425 0.567171 0.013123 0.013226
0 0.524376 0.349041 0.012728 0.012642
0 0.765771 0.358076 0.013690 0.013683
0 0.758105 0.041813 0.013801 0.013711
0 0.825876 0.764714 0.012523 0.012606
0 0.240147 0.310678 0.014035 0.013818
0 0.194136 0.145578 0.014331 0.014083
0 0.456728 0.959648 0.012916 0.012961
0 0.334028 0.572859 0.013099 0.013028
0 0.490217 0.114454 0.013151 0.013413
0 0.789132 0.127777 0.013742 0.013938
0 0.142429 0.486386 0.013351 0.013253
0 0.454257 0.481050 0.012350 0.012532
0 0.236349 0.180330 0.011881 0.011691
0 0.295901 0.419199 0.013986 0.014072
0 0.738955 0.524765 0.012697 0.013000
0 0.604448 0.785628 0.010351 0.010286
0 0.222484 0.469698 0.012718 0.012703
0 0.461765 0.758185 0.012738 0.012543
0 0.876424 0.189066 0.013926 0.013932
0 0.210312 0.090784 0.011925 0.012032
0 0.491570 0.640619 0.012304 0.012457
0 0.918583 0.748229 0.011995 0.011862
0 0.478303 0.515970 0.014184 0.014116
0 0.108966 0.981322 0.013838 0.013877
0 0.495189 0.544029 0.015228 0.015173
0 0.182990 0.792501 0.012961 0.013037
0 0.663686 0.822092 0.012985 0.012801
0 0.597953 0.512442 0.012942 0.012905
0 0.101890 0.198062 0.012683 0.012611
0 0.885214 0.330863 0.010783 0.010810
0 0.307783 0.337724 0.013613 0.013486
0 0.437412 0.344199 0.012421 0.012470
0 0.114158 0.544744 0.012379 0.012426
0 0.252889 0.124309 0.014400 0.014405
0 0.330806 0.518860 0.013056 0.013106
0 0.474057 0.009425 0.013682 0.013405
0 0.185128 0.891965 0.013270 0.013336
0 0.129274 0.572444 0.012408 0.012414
0 0.961116 0.374968 0.012747 0.012780
0 0.004688 0.730454 0.009344 0.012994
0 0.445046 0.549669 0.013077 0.013003
0 0.464148 0.442153 0.014126 0.014081
0 0.555931 0.626696 0.013757 0.013764
0 0.543618 0.975711 0.013566 0.013224
0 0.767991 0.016478 0.011660 0.011510
0 0.424828 0.029009 0.014133 0.013884
0 0.441749 0.060153 0.012272 0.012183
0 0.163624 0.044337 0.012425 0.012397
0 0.969613 0.273508 0.012796 0.012959
0 0.637210 0.269037 0.013995 0.014112
0 0.297150 0.042350 0.013606 0.013399
0 0.520273 0.653485 0.011867 0.011830
0 0.346820 0.695920 0.011340 0.011447
0 0.053308 0.339196 0.012756 0.012718
0 0.584389 0.008441 0.014379 0.014180
0 0.527863 0.503294 0.013204 0.013349
0 0.225683 0.653614 0.013602 0.013192
0 0.023680 0.174707 0.014109 0.014111
0 0.104036 0.120316 0.012433 0.012602
0 0.208757 0.993602 0.013383 0.012675
0 0.012730 0.801910 0.012802 0.012850
0 0.525301 0.881857 0.012434 0.012386
0 0.740972 0.151369 0.012184 0.012555
0 0.452983 0.462741 0.013570 0.013265
0 0.283933 0.146346 0.011436 0.011520
0 0.941615 0.904442 0.013313 0.013212
0 0.251180 0.218073 0.011199 0.011071
0 0.972869 0.168439 0.012663 0.012896
0 0.723554 0.074303 0.012050 0.012071
0 0.790297 0.005516 0.012221 0.010858
0 0.436751 0.591922 0.010433 0.010247
0 0.172466 0.969313 0.011342 0.011477
0 0.361322 0.220424 0.012760 0.012997
0 0.777353 0.949158 0.012419 0.012348
0 0.438668 0.444818 0.012294 0.012148
0 0.849124 0.711197 0.022692 0.022759
0 0.365627 0.295948 0.008562 0.008316
0 0.905044 0.033248 0.011587 0.011384
0 0.515726 0.916368 0.011723 0.011849
0 0.937247 0.398218 0.012138 0.012145
0 0.307558 0.998097 0.010323 0.003805
0 0.460559 0.033200 0.011864 0.011420
0 0.408691 0.959211 0.013185 0.013133
0 0.981153 0.065171 0.013061 0.012740
0 0.002201 0.369253 0.004377 0.013870
0 0.996480 0.997973 0.007039 0.004054
0 0.413669 0.670187 0.010607 0.010695
0 0.446609 0.024706 0.011418 0.011104
