0 0.537158 0.173557 0.013892 0.013877
0 0.748258 0.616712 0.013584 0.013363
0 0.395619 0.117243 0.013583 0.013717
0 0.706966 0.500742 0.012201 0.012341
0 0.737918 0.379377 0.012748 0.012675
0 0.204768 0.224070 0.012452 0.012544
0 0.631454 0.149635 0.013235 0.013259
0 0.610826 0.242362 0.012827 0.012749
0 0.786098 0.253889 0.013581 0.013206
0 0.867631 0.274785 0.013187 0.013352
0 0.524795 0.346842 0.013087 0.012894
0 0.852869 0.549658 0.013337 0.013564
0 0.295418 0.392485 0.012621 0.012509
0 0.483695 0.261370 0.011516 0.011327
0 0.458570 0.960800 0.013044 0.012859
0 0.314331 0.206681 0.013565 0.013459
0 0.322886 0.521753 0.012371 0.012278
0 0.484233 0.342540 0.012004 0.012073
0 0.247187 0.186980 0.012190 0.012315
0 0.789216 0.498051 0.013300 0.013177
0 0.397520 0.233264 0.013787 0.013794
0 0.750660 0.309667 0.013023 0.012778
0 0.667121 0.542056 0.013338 0.013246
0 0.768837 0.645573 0.012948 0.012923
0 0.420909 0.072609 0.013446 0.013468
0 0.473213 0.433815 0.011329 0.011343
0 0.583371 0.832749 0.014062 0.013943
0 0.901799 0.030300 0.011255 0.011459
0 0.325616 0.780961 0.013326 0.013416
0 0.459711 0.580570 0.013760 0.013696
0 0.637047 0.316445 0.013515 0.013541
0 0.041434 0.146055 0.012905 0.012838
0 0.369700 0.789752 0.013197 0.013312
0 0.114836 0.494698 0.011576 0.011428
0 0.177635 0.172730 0.014159 0.014211
0 0.945868 0.261025 0.011908 0.011889
0 0.651639 0.099647 0.013616 0.013781
0 0.543624 0.972974 0.012937 0.012786
0 0.911950 0.107490 0.013014 0.012819
0 0.206697 0.176208 0.012415 0.012596
0 0.556566 0.472682 0.011469 0.011730
0 0.810037 0.268737 0.013149 0.013073
0 0.362645 0.711137 0.014003 0.013893
0 0.403512 0.874127 0.012060 0.012072
0 0.183347 0.458212 0.011581 0.011439
0 0.353764 0.509173 0.012647 0.012625
0 0.465687 0.053768 0.013615 0.013505
0 0.240462 0.612280 0.013220 0.013137
0 0.553043 0.672169 0.011051 0.011098
0 0.864511 0.247633 0.012009 0.011852
0 0.906483 0.504440 0.010501 0.010416
0 0.920618 0.023735 0.012909 0.013095
0 0.787221 0.043785 0.011461 0.011545
0 0.753378 0.776969 0.012328 0.012312
0 0.753193 0.064779 0.011208 0.011091
0 0.675133 0.457967 0.011862 0.011562
0 0.050015 0.377913 0.013262 0.013348
0 0.503296 0.067515 0.011224 0.011198
0 0.384352 0.528511 0.013073 0.012663
0 0.324562 0.555751 0.012480 0.012727
0 0.133291 0.847591 0.012679 0.012714
0 0.057736 0.730470 0.013201 0.012901
0 0.538101 0.207891 0.012265 0.011883
0 0.095381 0.885454 0.012705 0.012567
0 0.479698 0.482736 0.012186 0.012241
0 0.186374 0.890689 0.012858 0.012846
0 0.319570 0.039359 0.010700 0.010835
0 0.021484 0.759448 0.012342 0.012446
0 0.572112 0.006754 0.012910 0.012796
0 0.029190 0.852326 0.011114 0.011171
0 0.265276 0.863902 0.012060 0.012143
0 0.105358 0.660698 0.011128 0.011100
0 0.003077 0.455011 0.006082 0.013266
0 0.378566 0.665978 0.013537 0.013443
0 0.226398 0.648763 0.011990 0.011740
0 0.221917 0.467949 0.012007 0.012029
0 0.634372 0.399720 0.012233 0.011810
0 0.118500 0.750070 0.012234 0.011862
0 0.084777 0.218772 0.011111 0.011115
0 0.540536 0.481321 0.011435 0.011276
0 0.296378 0.326290 0.014860 0.014889
0 0.144200 0.556898 0.011413 0.011499
0 0.399079 0.085303 0.011089 0.011560
0 0.631597 0.165892 0.011919 0.011754
0 0.189204 0.946614 0.012196 0.012189
0 0.158206 0.701566 0.010363 0.010543
0 0.342128 0.811969 0.009645 0.009629
0 0.788099 0.004553 0.013978 0.009058
0 0.187686 0.036368 0.010750 0.010854
0 0.605558 0.402170 0.010368 0.010449
0 0.421794 0.554768 0.013774 0.013472
