0 0.834080 0.933442 0.014078 0.013746
0 0.749389 0.618380 0.013072 0.012955
0 0.356704 0.493352 0.014230 0.014222
0 0.803250 0.592784 0.013337 0.013467
0 0.847837 0.959700 0.012401 0.012319
0 0.609824 0.547862 0.013715 0.013518
0 0.648240 0.727359 0.013046 0.013010
0 0.819744 0.767800 0.013247 0.013105
0 0.445739 0.868774 0.011452 0.011336
0 0.118445 0.157743 0.013239 0.013042
0 0.970258 0.491043 0.013459 0.013398
0 0.291255 0.810678 0.013307 0.013218
0 0.272619 0.521503 0.013560 0.013377
0 0.982989 0.907227 0.013033 0.013039
0 0.857160 0.893326 0.012997 0.012891
0 0.297685 0.093461 0.012280 0.012230
0 0.535394 0.544211 0.011097 0.011077
0 0.344106 0.803373 0.012651 0.012570
0 0.524825 0.348861 0.013163 0.013026
0 0.458053 0.959653 0.012937 0.012830
0 0.825685 0.791298 0.012418 0.012304
0 0.254895 0.219896 0.013476 0.013634
0 0.199463 0.233778 0.012660 0.012666
0 0.202066 0.053067 0.013999 0.013855
0 0.066879 0.350210 0.011786 0.011732
0 0.440034 0.412361 0.012470 0.012493
0 0.533790 0.666202 0.012039 0.012149
0 0.253806 0.318833 0.013032 0.012946
0 0.469219 0.816841 0.010887 0.010951
0 0.843925 0.513049 0.012048 0.012043
0 0.081093 0.414251 0.012651 0.012577
0 0.483374 0.418081 0.013380 0.013120
0 0.682052 0.821945 0.011988 0.011983
0 0.331164 0.518750 0.012326 0.012166
0 0.720975 0.905096 0.012180 0.011936
0 0.618356 0.927672 0.013884 0.013984
0 0.637244 0.030496 0.014153 0.013975
0 0.241150 0.373944 0.013927 0.013883
0 0.752761 0.015127 0.013815 0.013665
0 0.223247 0.469312 0.012927 0.012944
0 0.352416 0.159011 0.012521 0.012390
0 0.290351 0.533030 0.012903 0.012820
0 0.962282 0.726910 0.012785 0.012761
0 0.893292 0.063291 0.014179 0.013875
0 0.294391 0.865548 0.012479 0.012099
0 0.540953 0.973574 0.011923 0.011663
0 0.036342 0.674823 0.012806 0.013011
0 0.530393 0.312735 0.013318 0.013085
0 0.434217 0.685934 0.012975 0.013252
0 0.033655 0.479632 0.013472 0.013396
0 0.895561 0.390911 0.012163 0.012211
0 0.991655 0.820203 0.013634 0.013432
0 0.317806 0.703167 0.013082 0.013088
0 0.506978 0.355394 0.012624 0.012771
0 0.315192 0.172347 0.011736 0.011566
0 0.382019 0.653944 0.012138 0.012174
0 0.159257 0.474825 0.013210 0.012905
0 0.463571 0.740164 0.012174 0.012448
0 0.009057 0.392939 0.011752 0.011557
0 0.871552 0.366187 0.012655 0.012456
0 0.691762 0.470810 0.012009 0.011785
0 0.514139 0.200428 0.013176 0.013178
0 0.307896 0.279344 0.012114 0.012269
0 0.673879 0.033168 0.013064 0.013000
0 0.911633 0.724900 0.012351 0.012496
0 0.542995 0.604745 0.012239 0.012000
0 0.337727 0.312416 0.012622 0.012681
0 0.504746 0.064692 0.012475 0.012443
0 0.343756 0.748573 0.011084 0.011064
0 0.192045 0.641762 0.011690 0.011523
0 0.797143 0.468808 0.011498 0.011401
0 0.799592 0.360959 0.012439 0.012321
0 0.079382 0.644002 0.012089 0.012265
0 0.066780 0.100137 0.011351 0.011436
0 0.109749 0.981163 0.013476 0.013543
0 0.154739 0.013686 0.010891 0.011301
0 0.376381 0.920131 0.011130 0.010982
0 0.741909 0.318902 0.013279 0.013230
0 0.183346 0.069066 0.011654 0.011243
0 0.157461 0.769207 0.012841 0.012633
0 0.183695 0.891694 0.012680 0.012597
0 0.866061 0.225880 0.012106 0.012051
0 0.987252 0.092146 0.012675 0.012393
0 0.739204 0.268568 0.012079 0.012321
0 0.804930 0.489496 0.012016 0.011594
0 0.849196 0.711243 0.022741 0.022775
0 0.094707 0.287391 0.011565 0.011712
0 0.400350 0.219754 0.012487 0.012487
0 0.837216 0.621603 0.012460 0.012283
0 0.440898 0.059279 0.012043 0.012051
0 0.471969 0.897287 0.010085 0.010234
0 0.004213 0.620871 0.008425 0.012675
0 0.763303 0.896818 0.012835 0.012920
0 0.503329 0.803068 0.011198 0.011238
0 0.226044 0.651645 0.012036 0.012005
0 0.721748 0.234321 0.012858 0.012772
0 0.020246 0.308434 0.011720 0.011449
0 0.024096 0.894859 0.012917 0.012835
0 0.564492 0.943882 0.013921 0.014173
0 0.466384 0.081935 0.012044 0.011904
0 0.137722 0.006486 0.011955 0.011783
0 0.095443 0.677351 0.011946 0.011819
0 0.822513 0.185230 0.011931 0.011824
0 0.826511 0.112910 0.011023 0.010929
0 0.553159 0.088959 0.012287 0.012477
0 0.422667 0.555689 0.012997 0.012749
0 0.788175 0.005279 0.012728 0.010557
0 0.448434 0.165958 0.012341 0.012123
0 0.035360 0.960010 0.012351 0.012505
0 0.078990 0.616490 0.011723 0.011579
0 0.010888 0.036914 0.010255 0.010221
0 0.998341 0.706290 0.003313 0.013112
0 0.802660 0.660409 0.013760 0.013901
