0 0.348571 0.148515 0.011806 0.011653
0 0.922771 0.602157 0.012565 0.012365
0 0.868504 0.505724 0.012883 0.012897
0 0.298596 0.665453 0.012271 0.012230
0 0.953248 0.488654 0.012793 0.012683
0 0.136601 0.741492 0.013099 0.012854
0 0.272097 0.122933 0.011970 0.011901
0 0.748351 0.618270 0.013676 0.013494
0 0.820308 0.488628 0.013125 0.012905
0 0.137050 0.421358 0.013827 0.013791
0 0.185321 0.456772 0.012423 0.012157
0 0.614837 0.607907 0.012660 0.012466
0 0.823182 0.776982 0.012912 0.012922
0 0.770350 0.394874 0.013040 0.013153
0 0.844736 0.567332 0.013309 0.013216
0 0.540813 0.407253 0.012325 0.012813
0 0.054538 0.372627 0.013844 0.013707
0 0.276766 0.224882 0.014160 0.014121
0 0.251782 0.756272 0.013854 0.013834
0 0.524589 0.348520 0.013174 0.013127
0 0.436104 0.658738 0.012211 0.012082
0 0.515115 0.054498 0.013373 0.013334
0 0.794511 0.289498 0.013963 0.013983
0 0.354332 0.658710 0.013906 0.013664
0 0.803461 0.413449 0.012092 0.012088
0 0.550195 0.660400 0.014533 0.014513
0 0.535631 0.379910 0.013559 0.013328
0 0.123208 0.774756 0.012779 0.012504
0 0.184844 0.891211 0.013053 0.012873
0 0.308306 0.519516 0.013493 0.013206
0 0.166529 0.677015 0.012430 0.012211
0 0.640911 0.262086 0.012255 0.012293
0 0.183233 0.708903 0.012223 0.012151
0 0.180873 0.490480 0.011481 0.011602
0 0.839129 0.604976 0.012388 0.012330
0 0.495823 0.240166 0.012324 0.012565
0 0.560912 0.048231 0.012317 0.012169
0 0.009343 0.731729 0.013320 0.013269
0 0.426279 0.587983 0.012339 0.012198
0 0.665399 0.284168 0.012513 0.012932
0 0.598013 0.851522 0.012790 0.012704
0 0.099122 0.381518 0.013431 0.013398
0 0.057106 0.441294 0.013451 0.013796
0 0.289913 0.809993 0.013434 0.013342
0 0.776312 0.543754 0.013296 0.013272
0 0.716442 0.730039 0.011819 0.011757
0 0.235718 0.196067 0.011898 0.011892
0 0.094900 0.290707 0.012636 0.012625
0 0.907180 0.538859 0.012630 0.012562
0 0.402548 0.350942 0.013770 0.013643
0 0.030684 0.957351 0.012980 0.012786
0 0.220003 0.018794 0.013008 0.013076
0 0.368391 0.008011 0.013130 0.013154
0 0.979865 0.832334 0.013118 0.012964
0 0.204137 0.962363 0.011945 0.011855
0 0.251570 0.580278 0.012409 0.012506
0 0.447654 0.556023 0.014136 0.013955
0 0.376641 0.469082 0.012082 0.012073
0 0.537136 0.208785 0.012446 0.012189
0 0.441149 0.059403 0.012095 0.012247
0 0.149770 0.335254 0.012300 0.012279
0 0.824352 0.609531 0.012719 0.012699
0 0.209233 0.532897 0.012404 0.012398
0 0.765102 0.317519 0.011852 0.011887
0 0.283316 0.972903 0.012750 0.012720
0 0.262029 0.179844 0.011834 0.011828
0 0.108402 0.980769 0.013530 0.013551
0 0.506611 0.602547 0.012137 0.011937
0 0.150015 0.575827 0.010959 0.010835
0 0.986325 0.739229 0.012426 0.012490
0 0.561832 0.245002 0.012428 0.012425
0 0.601983 0.064571 0.012620 0.012452
0 0.135125 0.205861 0.012146 0.011967
0 0.044358 0.672063 0.012062 0.011839
0 0.577819 0.728685 0.013099 0.013116
0 0.494782 0.543941 0.014332 0.014297
0 0.650354 0.775630 0.011320 0.011126
0 0.457244 0.620084 0.014601 0.015010
0 0.956779 0.314335 0.012249 0.012346
0 0.325464 0.324129 0.012639 0.012538
0 0.064656 0.072791 0.013416 0.013267
0 0.699599 0.176627 0.011400 0.011796
0 0.816997 0.003997 0.014240 0.007873
0 0.330752 0.518188 0.012464 0.012528
0 0.222782 0.468486 0.012396 0.012502
0 0.564842 0.088818 0.013572 0.013854
0 0.739535 0.032938 0.012212 0.012598
0 0.848114 0.710819 0.023180 0.022753
0 0.225972 0.650409 0.012330 0.012017
0 0.027455 0.529308 0.011494 0.011743
0 0.190528 0.429790 0.012088 0.012247
0 0.854097 0.228539 0.012568 0.012527
0 0.457681 0.961898 0.012276 0.012090
0 0.626900 0.117578 0.012147 0.012164
0 0.540525 0.974766 0.011590 0.011418
0 0.441903 0.242897 0.013077 0.012601
0 0.882338 0.079226 0.011844 0.011739
0 0.129630 0.103665 0.013419 0.013464
0 0.250843 0.221782 0.012300 0.012609
0 0.967342 0.187245 0.011551 0.011415
0 0.551240 0.939975 0.012199 0.012205
0 0.529454 0.633254 0.020997 0.020641
0 0.369201 0.814116 0.012657 0.012797
0 0.507974 0.981866 0.012212 0.012353
0 0.318808 0.996205 0.013538 0.007575
0 0.108935 0.659876 0.010848 0.010852
0 0.491783 0.915736 0.012704 0.012721
0 0.925049 0.755849 0.011933 0.011839
0 0.413367 0.764327 0.010935 0.010802
0 0.789819 0.005048 0.012326 0.010096
0 0.457210 0.779336 0.012764 0.012562
0 0.086274 0.316243 0.009626 0.009848
0 0.803936 0.964644 0.010480 0.010050
0 0.266326 0.943370 0.011226 0.011255
0 0.150936 0.960132 0.012626 0.012083
0 0.131940 0.677637 0.011893 0.012047
