0 0.906516 0.437535 0.015015 0.014983
0 0.381241 0.035858 0.014781 0.014870
0 0.804607 0.525073 0.014404 0.014335
0 0.869746 0.388029 0.014407 0.014259
0 0.751677 0.083558 0.016707 0.016646
0 0.402559 0.830638 0.014278 0.014349
0 0.786792 0.165143 0.014074 0.014114
0 0.279502 0.732679 0.013952 0.013782
0 0.272843 0.612603 0.014740 0.014658
0 0.081381 0.092157 0.014625 0.014662
0 0.265754 0.520174 0.015937 0.015736
0 0.321812 0.056468 0.014090 0.013954
0 0.742384 0.395377 0.015261 0.015077
0 0.781585 0.640583 0.014177 0.014049
0 0.909189 0.614702 0.014613 0.014625
0 0.030510 0.192076 0.014013 0.013906
0 0.080411 0.295605 0.013331 0.013182
0 0.048859 0.256709 0.014731 0.014653
0 0.830514 0.395605 0.015055 0.015062
0 0.369615 0.464620 0.014622 0.014573
0 0.107569 0.583809 0.013976 0.013891
0 0.552332 0.250645 0.014594 0.014388
0 0.165628 0.479995 0.014554 0.014279
0 0.120082 0.371827 0.014317 0.014393
0 0.173177 0.516692 0.015681 0.015452
0 0.085959 0.416294 0.015156 0.015256
0 0.329856 0.770664 0.014859 0.014812
0 0.473363 0.489716 0.014523 0.014366
0 0.790547 0.108873 0.014486 0.014440
0 0.907725 0.688483 0.014523 0.014281
0 0.488070 0.264247 0.014254 0.014365
0 0.110182 0.795392 0.014431 0.014232
0 0.450486 0.079377 0.014287 0.014174
0 0.686024 0.741356 0.014880 0.014708
0 0.176215 0.671947 0.014502 0.014545
0 0.171389 0.898196 0.016005 0.016082
0 0.861447 0.773454 0.014196 0.014122
0 0.693151 0.883104 0.014212 0.014238
0 0.836951 0.579167 0.014297 0.014481
0 0.250618 0.078802 0.015022 0.015026
0 0.367347 0.594904 0.013717 0.013833
0 0.530350 0.962351 0.014876 0.014729
0 0.572773 0.634532 0.015696 0.015528
0 0.776516 0.398106 0.015156 0.015241
0 0.672906 0.508668 0.014127 0.014191
0 0.741712 0.121829 0.014379 0.014294
0 0.621148 0.901564 0.017473 0.017500
0 0.573648 0.695371 0.015778 0.016053
0 0.349728 0.665114 0.015327 0.015184
0 0.765597 0.949666 0.013702 0.013842
0 0.388148 0.013872 0.014497 0.014491
0 0.060263 0.794680 0.014122 0.014187
0 0.156577 0.080620 0.013336 0.013496
0 0.510286 0.179894 0.015172 0.015051
0 0.726986 0.048340 0.013388 0.013149
0 0.569511 0.818793 0.013509 0.013586
0 0.941800 0.767710 0.013472 0.013391
0 0.398077 0.977370 0.013878 0.014183
0 0.619916 0.443330 0.016771 0.016660
0 0.951273 0.144894 0.013830 0.014022
0 0.700604 0.639815 0.013658 0.013864
0 0.043553 0.108808 0.014779 0.014804
0 0.211485 0.167510 0.016551 0.016731
0 0.347987 0.300820 0.022971 0.022622
0 0.409287 0.603499 0.013930 0.014000
0 0.463337 0.309472 0.015125 0.015288
0 0.410799 0.730070 0.014857 0.014656
0 0.147474 0.885924 0.015354 0.014920
0 0.849438 0.720793 0.022662 0.022519
0 0.069150 0.893788 0.014147 0.014170
0 0.244864 0.666222 0.014458 0.014398
0 0.299219 0.193098 0.015651 0.015579
0 0.619339 0.167641 0.015115 0.015002
0 0.527199 0.268705 0.014538 0.014274
0 0.120115 0.280301 0.016893 0.016997
0 0.652074 0.337257 0.015013 0.014645
0 0.290440 0.344341 0.014816 0.014779
0 0.684180 0.793300 0.014145 0.014286
0 0.636703 0.091443 0.017564 0.017577
0 0.699635 0.990194 0.013657 0.013833
0 0.515364 0.749358 0.014194 0.014386
0 0.006856 0.767178 0.013140 0.013375
0 0.541974 0.469669 0.014980 0.015048
0 0.245799 0.107968 0.015446 0.015348
0 0.048366 0.980006 0.014266 0.014214
0 0.925183 0.051986 0.014536 0.014554
0 0.744002 0.256630 0.014694 0.014630
0 0.855577 0.107054 0.014839 0.014955
0 0.920229 0.011395 0.015067 0.014950
0 0.865025 0.265280 0.013640 0.013918
0 0.535489 0.637110 0.020572 0.020395
0 0.558652 0.196405 0.014475 0.014033
0 0.164592 0.220601 0.015358 0.015025
0 0.086855 0.929931 0.013543 0.013649
0 0.986485 0.959101 0.012358 0.012379
0 0.781244 0.732603 0.018733 0.018093
0 0.068709 0.576310 0.021596 0.021813
0 0.994848 0.847254 0.010114 0.011958
0 0.991472 0.820059 0.014634 0.014752
0 0.988435 0.650999 0.013534 0.013257
0 0.596991 0.825229 0.014305 0.014054
0 0.005309 0.671092 0.010619 0.015530
0 0.400887 0.230749 0.016565 0.016114
0 0.339800 0.591956 0.015537 0.015550
0 0.822799 0.804795 0.013709 0.013915
0 0.525397 0.019330 0.019377 0.018862
0 0.186474 0.059553 0.014752 0.014561
0 0.008597 0.488226 0.016478 0.016370
0 0.265079 0.246819 0.019806 0.019415
0 0.002850 0.564820 0.005700 0.015650
0 0.922111 0.147154 0.021070 0.021182
0 0.855691 0.341766 0.013381 0.013256
0 0.731452 0.243583 0.014940 0.014861
0 0.721436 0.274808 0.014933 0.014645
0 0.160382 0.247612 0.012839 0.012650
0 0.865607 0.350826 0.012184 0.012553
0 0.703818 0.824531 0.022232 0.022095
0 0.378177 0.227733 0.018415 0.018086
0 0.671421 0.192771 0.020244 0.020028
0 0.209729 0.448608 0.019438 0.018826
0 0.536731 0.634374 0.019630 0.020334
0 0.280458 0.305682 0.015473 0.015221
0 0.864211 0.349843 0.013019 0.012467
0 0.451094 0.216185 0.019657 0.019417
0 0.887056 0.261285 0.019518 0.019336
0 0.185167 0.057483 0.014492 0.014603
0 0.540214 0.739554 0.022467 0.022536
