0 0.678160 0.726087 0.012696 0.012667
0 0.694553 0.511870 0.012615 0.012654
0 0.217127 0.892013 0.013044 0.012962
0 0.892436 0.519342 0.012159 0.012171
0 0.747714 0.619204 0.013683 0.013680
0 0.321919 0.057533 0.012917 0.012731
0 0.892214 0.809401 0.013062 0.012970
0 0.523606 0.349811 0.013383 0.013151
0 0.296470 0.477398 0.014083 0.014134
0 0.622522 0.370922 0.012766 0.012827
0 0.739379 0.498018 0.012177 0.011912
0 0.026631 0.928450 0.013335 0.013260
0 0.658027 0.934361 0.013363 0.013407
0 0.501592 0.678289 0.013247 0.013511
0 0.202303 0.703194 0.013040 0.012859
0 0.580684 0.526784 0.012141 0.012105
0 0.300202 0.809679 0.012469 0.012500
0 0.209406 0.023530 0.015067 0.014920
0 0.184063 0.891044 0.012841 0.012854
0 0.272930 0.481780 0.013871 0.013938
0 0.041878 0.425799 0.012897 0.012897
0 0.924457 0.612809 0.013385 0.013537
0 0.767775 0.403242 0.013988 0.013965
0 0.118458 0.666946 0.014055 0.013968
0 0.402593 0.535583 0.013334 0.013208
0 0.145424 0.194834 0.013115 0.013159
0 0.436228 0.026941 0.014451 0.014130
0 0.311057 0.373305 0.012565 0.012461
0 0.760070 0.254644 0.012105 0.011887
0 0.261198 0.722175 0.012719 0.012457
0 0.440958 0.059657 0.012596 0.012555
0 0.331103 0.519280 0.012699 0.012793
0 0.481589 0.116361 0.014234 0.013941
0 0.230031 0.973429 0.012895 0.012764
0 0.640879 0.507651 0.012795 0.012683
0 0.855364 0.266279 0.012730 0.013003
0 0.970205 0.402240 0.013269 0.013070
0 0.769571 0.802969 0.012643 0.012440
0 0.508524 0.248558 0.012226 0.012233
0 0.357616 0.541327 0.013836 0.013721
0 0.895667 0.612904 0.013486 0.013411
0 0.455856 0.693602 0.014126 0.014203
0 0.526354 0.626922 0.013824 0.013850
0 0.146850 0.557883 0.013376 0.013420
0 0.455582 0.154212 0.013011 0.012753
0 0.203723 0.493630 0.012810 0.012674
0 0.485100 0.285045 0.011727 0.011750
0 0.656071 0.303449 0.011951 0.012001
0 0.308279 0.117124 0.012675 0.012702
0 0.409671 0.167012 0.012889 0.012919
0 0.222053 0.469698 0.012892 0.012855
0 0.489782 0.809114 0.012457 0.012613
0 0.128800 0.227183 0.012561 0.012481
0 0.316310 0.259580 0.011589 0.011417
0 0.980758 0.876699 0.013312 0.013310
0 0.839083 0.466127 0.013771 0.013396
0 0.807335 0.686469 0.013340 0.013247
0 0.540780 0.972995 0.011304 0.011129
0 0.223474 0.648152 0.012606 0.012525
0 0.397622 0.261464 0.013344 0.013364
0 0.028421 0.529335 0.012975 0.012943
0 0.558666 0.035867 0.013281 0.013179
0 0.323709 0.172912 0.014900 0.014576
0 0.269598 0.604224 0.013192 0.012963
0 0.127497 0.486361 0.013623 0.013803
0 0.107841 0.981224 0.013376 0.013710
0 0.994446 0.483392 0.011093 0.013742
0 0.451940 0.962117 0.011066 0.010954
0 0.432047 0.525790 0.012631 0.012437
0 0.069945 0.192466 0.012283 0.012103
0 0.004764 0.740135 0.009518 0.014483
0 0.017088 0.359553 0.012493 0.012387
0 0.694015 0.850436 0.011977 0.012074
0 0.499775 0.133951 0.013551 0.013458
0 0.597413 0.267550 0.012826 0.012656
0 0.408390 0.791976 0.011873 0.011892
0 0.196242 0.756735 0.012346 0.012350
0 0.390752 0.670787 0.010966 0.011011
0 0.745459 0.003717 0.013388 0.007435
0 0.372304 0.494101 0.010855 0.009838
0 0.159954 0.044049 0.012197 0.012150
0 0.787872 0.005362 0.012305 0.010569
0 0.838705 0.029919 0.012935 0.013019
0 0.004150 0.157975 0.008177 0.010393
0 0.491234 0.541888 0.011190 0.011477
0 0.914760 0.391037 0.011857 0.011834
0 0.591675 0.982067 0.010896 0.011111
0 0.155145 0.151814 0.013401 0.014259
0 0.004518 0.325481 0.008965 0.011495
0 0.824346 0.198445 0.010838 0.011044
0 0.366904 0.832257 0.011485 0.011655
0 0.358785 0.377577 0.010152 0.009981
0 0.175268 0.793560 0.012731 0.012685
0 0.683516 0.686786 0.014129 0.014032
0 0.850054 0.710445 0.023473 0.023763
0 0.397356 0.943538 0.009856 0.009710
0 0.928878 0.160737 0.012210 0.012660
0 0.995215 0.050419 0.009542 0.011148
0 0.930368 0.759433 0.011679 0.012426
0 0.057033 0.069031 0.010877 0.011228
0 0.990972 0.169343 0.013108 0.013103
0 0.799610 0.068569 0.011984 0.012232
0 0.669891 0.235761 0.011624 0.011414
0 0.222013 0.270303 0.013820 0.013587
0 0.888105 0.496899 0.012601 0.012473
0 0.327192 0.112666 0.014508 0.014282
0 0.484692 0.555658 0.010828 0.010464
0 0.424908 0.798203 0.011734 0.011290
0 0.050771 0.759748 0.011537 0.011423
0 0.421182 0.556760 0.012081 0.012426
0 0.995917 0.424459 0.008156 0.010660
