0 0.176495 0.284913 0.012376 0.012001
0 0.014996 0.427641 0.012325 0.012136
0 0.764862 0.283808 0.011564 0.011398
0 0.288302 0.143447 0.012234 0.012168
0 0.262946 0.241161 0.014881 0.014822
0 0.195461 0.632340 0.012280 0.012045
0 0.075470 0.165039 0.013508 0.013643
0 0.699329 0.461582 0.012905 0.012853
0 0.038221 0.564117 0.011750 0.011488
0 0.469037 0.352915 0.013280 0.013285
0 0.538155 0.213051 0.013974 0.014048
0 0.448645 0.615360 0.012738 0.012736
0 0.130481 0.042747 0.012893 0.012914
0 0.279330 0.564838 0.013322 0.013293
0 0.537860 0.165820 0.013385 0.013149
0 0.183924 0.590668 0.013044 0.012791
0 0.136849 0.809307 0.012238 0.012038
0 0.045885 0.412168 0.013466 0.013226
0 0.307916 0.375887 0.013934 0.013638
0 0.196478 0.270172 0.013282 0.013244
0 0.625140 0.528284 0.012573 0.012354
0 0.867145 0.670986 0.012855 0.013014
0 0.163304 0.485327 0.012377 0.012434
0 0.983872 0.550318 0.013887 0.013958
0 0.626070 0.221408 0.013406 0.013475
0 0.522966 0.333581 0.013308 0.013253
0 0.433171 0.295262 0.013652 0.013505
0 0.272814 0.856852 0.012768 0.012606
0 0.070722 0.828236 0.012334 0.012071
0 0.735534 0.619587 0.014456 0.014410
0 0.681448 0.646229 0.013052 0.013536
0 0.901558 0.535110 0.013432 0.013410
0 0.633922 0.391465 0.013245 0.013333
0 0.279652 0.436320 0.012473 0.012380
0 0.568987 0.501975 0.013897 0.013893
0 0.590176 0.577366 0.013040 0.012858
0 0.752997 0.044040 0.012763 0.012911
0 0.804664 0.230403 0.013165 0.013051
0 0.514657 0.508716 0.013328 0.013348
0 0.007000 0.879473 0.013242 0.013940
0 0.963139 0.951613 0.012203 0.012024
0 0.381602 0.450596 0.012593 0.012749
0 0.968515 0.592738 0.011793 0.011489
0 0.617214 0.604415 0.012108 0.012000
0 0.012674 0.064404 0.013636 0.013500
0 0.648303 0.185961 0.012227 0.012326
0 0.043776 0.651894 0.013418 0.013367
0 0.537846 0.386940 0.013840 0.013853
0 0.435198 0.794191 0.013939 0.013844
0 0.617351 0.649337 0.013950 0.014124
0 0.649118 0.719752 0.011904 0.012196
0 0.816363 0.197956 0.011955 0.011759
0 0.225051 0.883229 0.012975 0.013100
0 0.661882 0.537672 0.013267 0.013237
0 0.673491 0.694620 0.013133 0.013114
0 0.353225 0.295292 0.015403 0.015306
0 0.188883 0.677374 0.012386 0.012254
0 0.371794 0.557086 0.011924 0.011849
0 0.610568 0.295559 0.014089 0.014025
0 0.972570 0.426681 0.014842 0.014929
0 0.925598 0.266116 0.012998 0.012818
0 0.816985 0.376490 0.010806 0.010839
0 0.764501 0.535308 0.013821 0.013600
0 0.830805 0.129347 0.009780 0.009927
0 0.433784 0.438451 0.013159 0.012558
0 0.825521 0.054598 0.012902 0.012932
0 0.026838 0.483462 0.014838 0.014635
0 0.337812 0.746693 0.012839 0.012920
0 0.813908 0.120963 0.012388 0.012193
0 0.788260 0.423808 0.013063 0.013314
0 0.396908 0.059062 0.013811 0.013882
0 0.983764 0.510617 0.015938 0.015323
0 0.358254 0.846249 0.013258 0.013352
0 0.856091 0.273843 0.012849 0.012490
0 0.785641 0.624710 0.012488 0.012537
0 0.793215 0.306557 0.013257 0.013113
0 0.874002 0.224813 0.013371 0.013594
0 0.544005 0.538259 0.012753 0.012969
0 0.892439 0.501277 0.012494 0.012539
0 0.327186 0.699973 0.012936 0.013043
0 0.842149 0.083994 0.011879 0.011691
0 0.088632 0.911536 0.011743 0.011706
0 0.763876 0.923116 0.011691 0.011694
0 0.645018 0.481913 0.013457 0.013165
0 0.916595 0.990095 0.011749 0.011798
0 0.380886 0.387772 0.012572 0.012210
0 0.533400 0.636167 0.023600 0.023578
0 0.048730 0.747561 0.012518 0.012655
0 0.697702 0.322002 0.013338 0.013002
0 0.890465 0.581754 0.013157 0.013195
0 0.776214 0.467088 0.011844 0.011918
0 0.091704 0.877899 0.009985 0.009749
0 0.371399 0.254457 0.012792 0.012920
0 0.465371 0.966503 0.013805 0.013512
0 0.742649 0.525368 0.014285 0.014440
0 0.800191 0.553649 0.011916 0.012021
0 0.550214 0.666755 0.011652 0.011685
0 0.787659 0.488974 0.014525 0.014093
0 0.769387 0.728679 0.014233 0.014489
0 0.446594 0.977914 0.013063 0.013179
0 0.219387 0.721238 0.012622 0.012731
0 0.319416 0.824533 0.012391 0.012239
0 0.734506 0.976560 0.012055 0.012084
0 0.758156 0.012113 0.013750 0.013904
0 0.995882 0.828721 0.008208 0.010537
0 0.355365 0.899113 0.011232 0.011462
0 0.109232 0.964547 0.012320 0.011989
0 0.247720 0.964124 0.012222 0.012219
0 0.960310 0.853053 0.012560 0.012641
0 0.488974 0.997660 0.011987 0.004681
0 0.067460 0.572195 0.021909 0.022040
0 0.636627 0.084141 0.023597 0.023810
0 0.848698 0.539443 0.013113 0.013122
0 0.988389 0.707044 0.010851 0.010677
0 0.944431 0.422928 0.010896 0.010805
0 0.802496 0.539228 0.012501 0.012639
0 0.104219 0.938456 0.013826 0.013512
0 0.586004 0.996575 0.014807 0.006810
0 0.998253 0.217203 0.003439 0.012546
0 0.376335 0.226722 0.015129 0.014834
0 0.916113 0.041852 0.011639 0.010941
0 0.997895 0.340538 0.004209 0.011867
0 0.894893 0.026936 0.010742 0.010640
0 0.518937 0.272150 0.012712 0.012518
0 0.989333 0.357098 0.010995 0.011049
