0 0.278972 0.373219 0.014495 0.014315
0 0.037932 0.037998 0.012544 0.012601
0 0.138628 0.283933 0.012572 0.012457
0 0.367049 0.155348 0.013044 0.012886
0 0.266418 0.168124 0.012048 0.011835
0 0.428456 0.294400 0.011552 0.011035
0 0.457705 0.957594 0.012898 0.012899
0 0.289532 0.291591 0.014171 0.014032
0 0.214690 0.209413 0.011874 0.012000
0 0.041294 0.124511 0.011761 0.011725
0 0.576725 0.387750 0.013252 0.013161
0 0.524193 0.207603 0.013579 0.013618
0 0.186466 0.889378 0.013089 0.013029
0 0.492894 0.339436 0.012386 0.012425
0 0.179880 0.442569 0.012505 0.012234
0 0.112839 0.058452 0.012592 0.012574
0 0.481698 0.909088 0.013370 0.013580
0 0.172384 0.799676 0.011479 0.011162
0 0.017663 0.594441 0.014240 0.013915
0 0.021845 0.939371 0.013172 0.013138
0 0.526101 0.178640 0.011479 0.011638
0 0.331261 0.496892 0.011322 0.011312
0 0.749674 0.615212 0.012084 0.012015
0 0.270899 0.415103 0.012517 0.012772
0 0.278232 0.027922 0.012292 0.012492
0 0.215202 0.798652 0.013856 0.013797
0 0.563390 0.703346 0.011603 0.011451
0 0.990848 0.648244 0.012040 0.011908
0 0.183599 0.507848 0.012488 0.012546
0 0.109713 0.979724 0.013676 0.013780
0 0.442469 0.686981 0.012015 0.011954
0 0.062466 0.475303 0.012051 0.011915
0 0.036547 0.267477 0.012554 0.012738
0 0.848076 0.718416 0.019922 0.019687
0 0.708792 0.863748 0.013281 0.013274
0 0.501802 0.226307 0.010579 0.010412
0 0.056932 0.934878 0.011816 0.012270
0 0.436447 0.212499 0.012402 0.012691
0 0.146922 0.941521 0.011231 0.011190
0 0.691446 0.321167 0.011158 0.011608
0 0.398465 0.596212 0.013412 0.013451
0 0.301565 0.164679 0.011304 0.011402
0 0.543321 0.973665 0.012176 0.012093
0 0.007690 0.409674 0.013060 0.013272
0 0.915449 0.512354 0.012938 0.012502
0 0.553295 0.334877 0.011731 0.011681
0 0.082434 0.478007 0.012043 0.012098
0 0.472022 0.237381 0.012615 0.012599
0 0.589376 0.591845 0.011254 0.011263
0 0.722882 0.486291 0.010364 0.010303
0 0.223147 0.467461 0.012353 0.012416
0 0.885663 0.647525 0.012320 0.011874
0 0.531158 0.636078 0.022446 0.023108
0 0.003611 0.725832 0.007205 0.013756
0 0.343040 0.297026 0.022471 0.021942
0 0.226863 0.649664 0.012228 0.011927
0 0.010026 0.748111 0.011073 0.011238
0 0.536857 0.740124 0.013065 0.012886
0 0.003423 0.809903 0.006537 0.012290
0 0.092542 0.215228 0.010769 0.010834
0 0.525228 0.345375 0.012415 0.012407
0 0.700200 0.582586 0.010629 0.010203
0 0.691856 0.005405 0.013884 0.010798
0 0.464725 0.736621 0.010702 0.010535
0 0.344966 0.878584 0.011307 0.011017
0 0.034959 0.562851 0.012631 0.012713
