0 0.089441 0.956947 0.012550 0.012544
0 0.726549 0.309877 0.012587 0.012418
0 0.899117 0.635452 0.011779 0.011846
0 0.906154 0.777977 0.012526 0.012649
0 0.554372 0.352940 0.014020 0.013877
0 0.700620 0.615733 0.013084 0.012947
0 0.401774 0.419523 0.012413 0.012306
0 0.217284 0.139229 0.013126 0.013064
0 0.405739 0.454714 0.013768 0.013751
0 0.618959 0.130594 0.013157 0.013196
0 0.840346 0.769129 0.014399 0.014178
0 0.818985 0.602580 0.011869 0.011622
0 0.814261 0.687619 0.013132 0.013229
0 0.826211 0.362308 0.012489 0.012165
0 0.411527 0.511239 0.012843 0.012882
0 0.416992 0.080954 0.013288 0.013031
0 0.777436 0.514349 0.012971 0.013025
0 0.451022 0.344488 0.011999 0.012053
0 0.846458 0.906797 0.013474 0.013594
0 0.442936 0.656107 0.012879 0.013049
0 0.057120 0.700551 0.013469 0.013419
0 0.187652 0.411997 0.014715 0.014778
0 0.313627 0.657962 0.012776 0.012687
0 0.525264 0.349500 0.013734 0.013572
0 0.779540 0.256201 0.013398 0.013358
0 0.740828 0.552274 0.012557 0.012388
0 0.099061 0.219817 0.013563 0.013319
0 0.747661 0.619301 0.013158 0.013036
0 0.685942 0.274255 0.012930 0.012926
0 0.520781 0.666560 0.012888 0.012764
0 0.031393 0.259341 0.012291 0.012421
0 0.464636 0.221505 0.012635 0.012408
0 0.691000 0.648265 0.011927 0.011978
0 0.473187 0.732520 0.014173 0.013954
0 0.373092 0.128043 0.013658 0.013593
0 0.530754 0.146677 0.014121 0.013858
0 0.700168 0.891018 0.012072 0.011996
0 0.384019 0.765227 0.013963 0.014083
0 0.235197 0.257599 0.012662 0.012671
0 0.187928 0.623637 0.013359 0.013270
0 0.582757 0.677051 0.012564 0.013227
0 0.862336 0.616215 0.011968 0.011953
0 0.507602 0.033471 0.014002 0.014096
0 0.180148 0.320977 0.012958 0.013079
0 0.905553 0.335058 0.013148 0.013029
0 0.223229 0.469789 0.012852 0.012893
0 0.801203 0.484355 0.013151 0.013319
0 0.339911 0.035871 0.012453 0.012561
0 0.610861 0.019227 0.014018 0.014169
0 0.076597 0.694826 0.012665 0.012749
0 0.454709 0.961143 0.011881 0.011679
0 0.185552 0.891978 0.013515 0.013415
0 0.683643 0.179422 0.013602 0.013645
0 0.610091 0.436221 0.011776 0.011755
0 0.364315 0.578778 0.010816 0.010587
0 0.503530 0.531459 0.012253 0.011982
0 0.629369 0.730772 0.011741 0.011413
0 0.951525 0.400275 0.011814 0.011682
0 0.585187 0.316893 0.012955 0.013144
0 0.330748 0.518538 0.012615 0.012550
0 0.162581 0.469612 0.015302 0.015399
0 0.606342 0.203365 0.011527 0.011540
0 0.542926 0.974963 0.013420 0.013172
0 0.375103 0.189006 0.012760 0.012577
0 0.304205 0.318842 0.012900 0.012940
0 0.832397 0.066446 0.013581 0.013379
0 0.603965 0.524342 0.013093 0.013436
0 0.337715 0.599467 0.012556 0.012542
0 0.006876 0.843735 0.012828 0.013245
0 0.161465 0.567451 0.013018 0.012792
0 0.694277 0.033873 0.014233 0.014184
0 0.108604 0.981551 0.013232 0.013427
0 0.991132 0.600644 0.013310 0.013265
0 0.203169 0.912139 0.013174 0.013168
0 0.717498 0.797232 0.014125 0.014019
0 0.421674 0.557440 0.013955 0.013985
0 0.440306 0.059237 0.012456 0.012387
0 0.292668 0.689515 0.011970 0.012355
0 0.711699 0.216826 0.012714 0.012763
0 0.764154 0.238473 0.013207 0.012929
0 0.057860 0.354361 0.011170 0.010966
0 0.993688 0.622072 0.012606 0.014659
0 0.222834 0.093656 0.011263 0.011211
0 0.882752 0.009156 0.012847 0.012757
0 0.808451 0.045203 0.010790 0.010509
0 0.337954 0.373245 0.013097 0.012985
0 0.362019 0.556939 0.012210 0.012322
0 0.399863 0.571579 0.011130 0.010745
0 0.816570 0.500648 0.011515 0.011691
0 0.293062 0.141458 0.015001 0.014520
0 0.196975 0.071289 0.013362 0.013014
0 0.172602 0.141336 0.011559 0.011434
0 0.996162 0.523106 0.007662 0.013866
0 0.994885 0.912677 0.010123 0.013321
0 0.957823 0.166061 0.011128 0.011424
0 0.146925 0.576476 0.012608 0.012810
0 0.044181 0.279285 0.012199 0.012069
0 0.226435 0.997616 0.013705 0.004712
0 0.996115 0.766085 0.007758 0.011929
0 0.272936 0.528987 0.013605 0.013182
0 0.787732 0.005541 0.012374 0.010858
0 0.012240 0.624067 0.012762 0.012812
0 0.494747 0.544047 0.015026 0.015007
0 0.778754 0.340276 0.011566 0.011777
0 0.821394 0.039959 0.013873 0.013715
0 0.013549 0.732082 0.010838 0.011022
0 0.822142 0.184813 0.012491 0.012349
0 0.366778 0.279190 0.012667 0.012780
0 0.009309 0.196798 0.011228 0.011538
0 0.702512 0.003166 0.014070 0.006331
0 0.809581 0.846227 0.013252 0.013115
0 0.998261 0.417536 0.003364 0.010421
0 0.703827 0.809364 0.018260 0.018818
0 0.035475 0.109137 0.011472 0.011462
0 0.279059 0.131577 0.012274 0.012151
0 0.134701 0.157815 0.008856 0.008984
0 0.226430 0.652246 0.012324 0.012692
0 0.904555 0.009649 0.014147 0.014146
0 0.017607 0.147428 0.010314 0.010048
0 0.395943 0.943514 0.012210 0.012237
0 0.200463 0.694158 0.014122 0.013997
0 0.918208 0.134235 0.019377 0.019195
