0 0.972130 0.738848 0.014045 0.013880
0 0.124029 0.153916 0.013448 0.013393
0 0.679002 0.578253 0.013039 0.012854
0 0.583680 0.319160 0.012665 0.012611
0 0.083240 0.361195 0.013011 0.013035
0 0.629900 0.298094 0.013763 0.013647
0 0.387884 0.431453 0.012543 0.012448
0 0.663791 0.886313 0.012265 0.012183
0 0.721728 0.837159 0.013589 0.013403
0 0.407962 0.497306 0.013760 0.013630
0 0.525208 0.173776 0.012971 0.013008
0 0.749195 0.618504 0.013164 0.013084
0 0.131275 0.681261 0.013576 0.013494
0 0.109586 0.130153 0.011650 0.011543
0 0.943356 0.863863 0.012640 0.012801
0 0.293037 0.063208 0.012101 0.011806
0 0.176324 0.441386 0.012649 0.012543
0 0.332062 0.518600 0.012149 0.012215
0 0.226358 0.252029 0.013057 0.013039
0 0.823915 0.403066 0.012756 0.012634
0 0.407751 0.705312 0.012859 0.012920
0 0.568376 0.360926 0.013127 0.013031
0 0.596106 0.662370 0.012277 0.012351
0 0.751090 0.970971 0.012993 0.012872
0 0.891008 0.646762 0.013091 0.012895
0 0.864685 0.771163 0.012708 0.012715
0 0.290678 0.812686 0.013536 0.013506
0 0.085285 0.089549 0.013056 0.012779
0 0.539666 0.582746 0.012305 0.012141
0 0.585893 0.057449 0.012624 0.012523
0 0.457310 0.960602 0.013217 0.013072
0 0.030303 0.677521 0.012356 0.012450
0 0.618499 0.643486 0.011550 0.011654
0 0.472141 0.186779 0.013517 0.013426
0 0.524737 0.349582 0.013444 0.013153
0 0.354831 0.153687 0.013197 0.013039
0 0.352044 0.811087 0.011768 0.011608
0 0.177915 0.486775 0.012557 0.012549
0 0.821296 0.624699 0.013523 0.013556
0 0.549303 0.534677 0.011978 0.012133
0 0.465361 0.793458 0.011570 0.011599
0 0.770452 0.525627 0.012303 0.012388
0 0.596337 0.139663 0.012183 0.012241
0 0.068401 0.415297 0.012202 0.012216
0 0.578517 0.135578 0.013005 0.012870
0 0.528325 0.466521 0.012199 0.012083
0 0.255851 0.218625 0.013523 0.013514
0 0.291264 0.163912 0.012338 0.012536
0 0.754084 0.012326 0.013824 0.013716
0 0.168822 0.233513 0.012752 0.012937
0 0.183438 0.019017 0.012981 0.012972
0 0.653009 0.248285 0.012423 0.012212
0 0.208157 0.064865 0.012557 0.012396
0 0.929513 0.424421 0.012020 0.011805
0 0.085537 0.540391 0.012999 0.013011
0 0.057091 0.565369 0.013744 0.013411
0 0.705563 0.675996 0.013168 0.013028
0 0.904373 0.793169 0.012151 0.012043
0 0.433138 0.848895 0.011666 0.011673
0 0.223122 0.469667 0.012600 0.012613
0 0.334014 0.462544 0.011946 0.012038
0 0.520546 0.546459 0.011287 0.010982
0 0.684560 0.929368 0.012355 0.011985
0 0.578837 0.772046 0.013196 0.012880
0 0.390513 0.259963 0.013825 0.013570
0 0.352070 0.791329 0.010530 0.010534
0 0.504040 0.095954 0.014873 0.014770
0 0.994667 0.567333 0.010625 0.014140
0 0.127253 0.604605 0.011625 0.011669
0 0.308300 0.004572 0.011637 0.009144
0 0.721761 0.298860 0.013503 0.013375
0 0.802092 0.794821 0.013544 0.013346
0 0.425879 0.474146 0.011411 0.011365
0 0.899058 0.735813 0.010398 0.010357
0 0.064324 0.959559 0.011371 0.011537
0 0.986393 0.674229 0.011282 0.011368
0 0.094310 0.732884 0.011945 0.011957
0 0.818665 0.530188 0.012405 0.012439
0 0.676880 0.029998 0.013821 0.014006
0 0.929108 0.033072 0.013691 0.013658
0 0.188663 0.619234 0.011887 0.011406
0 0.315716 0.265010 0.012665 0.013285
0 0.122951 0.792013 0.012092 0.012219
0 0.185331 0.891401 0.012549 0.012433
0 0.213384 0.035463 0.013708 0.013708
0 0.538970 0.695054 0.011928 0.011748
0 0.585467 0.641899 0.011444 0.011632
0 0.109697 0.981129 0.013123 0.013203
0 0.710321 0.027085 0.012625 0.012580
0 0.097477 0.299532 0.012572 0.011968
0 0.439902 0.403615 0.013726 0.013670
0 0.460045 0.867167 0.010844 0.010655
0 0.553061 0.060498 0.012192 0.012221
0 0.523157 0.489823 0.011541 0.011659
0 0.904886 0.491097 0.013503 0.013217
0 0.726933 0.779930 0.011446 0.011300
0 0.108876 0.395642 0.012359 0.012520
0 0.688242 0.828438 0.012757 0.012641
0 0.226185 0.651515 0.012796 0.012402
0 0.459127 0.396828 0.011813 0.011960
0 0.435053 0.048453 0.011677 0.011331
0 0.508863 0.912425 0.011793 0.011623
0 0.010323 0.037357 0.013534 0.013721
0 0.078943 0.791836 0.011715 0.011751
0 0.544105 0.959829 0.010775 0.010711
0 0.381383 0.996075 0.009925 0.007829
0 0.274007 0.002679 0.010106 0.005357
0 0.962257 0.711027 0.012420 0.012442
0 0.319099 0.652563 0.011709 0.012402
0 0.422017 0.556161 0.012751 0.012522
0 0.028369 0.958835 0.013016 0.012741
0 0.133205 0.708926 0.011790 0.011658
0 0.788922 0.005389 0.012752 0.010777
0 0.974525 0.245634 0.011976 0.011914
0 0.832973 0.142674 0.013072 0.012890
0 0.848777 0.710259 0.023204 0.023085
0 0.600021 0.002222 0.010733 0.004444
0 0.872313 0.354128 0.012003 0.012192
0 0.542551 0.971604 0.012219 0.012383
0 0.532659 0.629489 0.024125 0.024151
