0 0.480652 0.626799 0.013438 0.013180
0 0.338313 0.420293 0.013752 0.013694
0 0.101857 0.454171 0.013946 0.013616
0 0.235514 0.298634 0.015619 0.015599
0 0.810758 0.804010 0.014597 0.014610
0 0.366986 0.688028 0.014344 0.014338
0 0.728149 0.400793 0.014428 0.014203
0 0.484511 0.190724 0.013773 0.013740
0 0.892055 0.351806 0.013727 0.013661
0 0.180929 0.349909 0.014429 0.014337
0 0.772456 0.671546 0.014431 0.014624
0 0.853911 0.489836 0.015718 0.015745
0 0.321131 0.163003 0.015093 0.015300
0 0.178414 0.447162 0.014232 0.014278
0 0.712299 0.469150 0.013171 0.013237
0 0.071490 0.431620 0.013812 0.013975
0 0.598386 0.566630 0.014259 0.014315
0 0.427306 0.300185 0.013189 0.012928
0 0.558521 0.380283 0.014575 0.014589
0 0.468843 0.677299 0.013859 0.014008
0 0.272891 0.503003 0.013316 0.013148
0 0.048922 0.203726 0.014216 0.013878
0 0.875381 0.392562 0.013229 0.013407
0 0.077864 0.817948 0.013957 0.013941
0 0.535504 0.548362 0.014168 0.014290
0 0.108775 0.846401 0.013053 0.013121
0 0.675607 0.533265 0.014710 0.014719
0 0.637947 0.512725 0.013770 0.013861
0 0.682665 0.845924 0.014260 0.014225
0 0.225262 0.519772 0.015313 0.015481
0 0.369002 0.898835 0.014362 0.014254
0 0.337096 0.349973 0.014573 0.014813
0 0.624109 0.168767 0.014012 0.013957
0 0.709025 0.666129 0.014654 0.014581
0 0.792289 0.293473 0.013480 0.013734
0 0.464585 0.033661 0.013617 0.013470
0 0.782531 0.850107 0.014175 0.014428
0 0.738148 0.617800 0.015040 0.015353
0 0.955859 0.963946 0.014346 0.014189
0 0.872279 0.208541 0.013940 0.013901
0 0.398846 0.148988 0.014159 0.014197
0 0.492894 0.778228 0.019118 0.019076
0 0.603029 0.464684 0.014949 0.014913
0 0.906381 0.980437 0.017938 0.017882
0 0.805254 0.140722 0.014177 0.014336
0 0.990034 0.624733 0.016478 0.016189
0 0.023701 0.144870 0.012974 0.012918
0 0.223859 0.479307 0.018016 0.018150
0 0.350045 0.633991 0.013416 0.013284
0 0.089552 0.906504 0.014374 0.014179
0 0.357123 0.604974 0.013916 0.013872
0 0.149376 0.156470 0.014970 0.015000
0 0.792561 0.557477 0.015785 0.015497
0 0.758704 0.544583 0.014295 0.014375
0 0.848672 0.719713 0.022261 0.022160
0 0.951417 0.686513 0.014658 0.014693
0 0.244438 0.787163 0.014115 0.014257
0 0.554826 0.123151 0.014883 0.014827
0 0.287334 0.227459 0.014398 0.014265
0 0.198278 0.162866 0.014489 0.014606
0 0.206168 0.767860 0.013316 0.013305
0 0.060219 0.045000 0.015021 0.014904
0 0.587025 0.353219 0.014925 0.015154
0 0.785364 0.741636 0.014845 0.014718
0 0.087713 0.089020 0.017222 0.017515
0 0.321342 0.769208 0.014783 0.014599
0 0.305642 0.808015 0.014611 0.014783
0 0.814019 0.962064 0.014776 0.014962
0 0.791266 0.366425 0.014948 0.015051
0 0.061606 0.757335 0.014262 0.014479
0 0.081132 0.009971 0.015504 0.015730
0 0.071754 0.572159 0.014673 0.014499
0 0.804316 0.656325 0.012369 0.012517
0 0.011243 0.911527 0.013902 0.013881
0 0.994248 0.092480 0.011503 0.014525
0 0.543485 0.406002 0.013594 0.013512
0 0.857345 0.303310 0.016037 0.016388
0 0.954757 0.883515 0.014883 0.014637
0 0.894736 0.590906 0.015851 0.015634
0 0.873398 0.152932 0.014334 0.014494
0 0.837717 0.144036 0.014576 0.014772
0 0.927724 0.671937 0.013313 0.013233
0 0.759412 0.495733 0.012215 0.012265
0 0.215134 0.738798 0.013918 0.013946
0 0.132961 0.064365 0.015218 0.015310
0 0.174331 0.061850 0.016447 0.016472
0 0.351608 0.763545 0.013801 0.013645
0 0.207300 0.570478 0.014139 0.014261
0 0.721949 0.253921 0.014491 0.014437
0 0.042625 0.523392 0.013426 0.013326
0 0.993618 0.429770 0.012764 0.015987
0 0.777632 0.454546 0.013971 0.014161
0 0.561820 0.914554 0.015188 0.014931
0 0.986442 0.506722 0.017082 0.016580
0 0.837916 0.575242 0.016980 0.016993
0 0.994291 0.154232 0.011418 0.013856
0 0.954734 0.912386 0.014611 0.014545
0 0.862747 0.618516 0.014618 0.014779
0 0.390784 0.313998 0.015126 0.015216
0 0.579164 0.198559 0.014048 0.014069
0 0.947707 0.937309 0.014946 0.014808
0 0.244954 0.564498 0.013490 0.013213
0 0.075714 0.098025 0.015321 0.015274
0 0.696927 0.084030 0.014437 0.014337
0 0.623424 0.952429 0.015305 0.015616
0 0.772911 0.948310 0.015594 0.015351
0 0.017057 0.433740 0.013777 0.013799
0 0.545558 0.232147 0.013380 0.013053
0 0.249467 0.543207 0.014475 0.014475
0 0.467964 0.894390 0.017740 0.018084
0 0.285190 0.427494 0.014929 0.014783
0 0.665994 0.268101 0.014657 0.014396
0 0.006171 0.110510 0.012060 0.014297
0 0.729711 0.076496 0.017144 0.017094
0 0.635084 0.086205 0.021383 0.021237
0 0.179076 0.028179 0.017189 0.016749
0 0.316283 0.990829 0.016794 0.016426
0 0.833474 0.021353 0.016608 0.016343
0 0.472285 0.417002 0.013148 0.013470
0 0.461235 0.262103 0.013842 0.014672
0 0.691095 0.060768 0.014121 0.013992
0 0.119452 0.906470 0.014927 0.014968
0 0.921167 0.145620 0.018930 0.018487
0 0.669983 0.190632 0.019709 0.019369
0 0.535656 0.634535 0.018847 0.018909
0 0.633083 0.229865 0.014290 0.013682
0 0.081768 0.093967 0.018635 0.017142
0 0.004032 0.938271 0.008044 0.012331
0 0.343228 0.297580 0.022863 0.022318
0 0.005860 0.019629 0.011717 0.015432
0 0.888671 0.258301 0.015589 0.015527
0 0.871679 0.001799 0.012922 0.003598
0 0.444256 0.740659 0.015184 0.014257
0 0.216486 0.611114 0.013073 0.012551
0 0.398868 0.293777 0.015291 0.015353
0 0.330834 0.279200 0.013562 0.013354
0 0.528552 0.220657 0.012516 0.012395
0 0.283865 0.429140 0.014394 0.014182
0 0.623085 0.054441 0.014260 0.014330
0 0.783520 0.070664 0.012390 0.012317
0 0.443226 0.738459 0.014941 0.014593
0 0.537652 0.632849 0.017158 0.017982
0 0.668642 0.231704 0.015005 0.014888
0 0.538634 0.736133 0.021840 0.021532
0 0.524361 0.017628 0.017840 0.017647
