0 0.524097 0.346850 0.012596 0.012405
0 0.714828 0.878391 0.013432 0.013326
0 0.034532 0.031666 0.012661 0.012772
0 0.748863 0.616707 0.012455 0.012321
0 0.265135 0.168931 0.012308 0.012108
0 0.273513 0.414666 0.012302 0.012251
0 0.888660 0.630093 0.011422 0.011375
0 0.048609 0.131417 0.011682 0.011645
0 0.119987 0.268057 0.012726 0.012522
0 0.577459 0.620907 0.013405 0.013266
0 0.220834 0.799452 0.013301 0.013298
0 0.460244 0.956985 0.012553 0.012677
0 0.112778 0.061117 0.012526 0.012260
0 0.189633 0.478784 0.013028 0.012911
0 0.369963 0.557619 0.012759 0.012552
0 0.222825 0.209507 0.013185 0.013225
0 0.187348 0.890000 0.012945 0.012922
0 0.307553 0.378113 0.012693 0.012488
0 0.069087 0.919851 0.013262 0.012979
0 0.013932 0.230119 0.012667 0.012753
0 0.428805 0.290458 0.010848 0.010513
0 0.564220 0.342767 0.011359 0.011109
0 0.242038 0.556656 0.011375 0.011370
0 0.222288 0.466804 0.012754 0.012877
0 0.578504 0.385404 0.013177 0.013172
0 0.305852 0.163617 0.011295 0.011225
0 0.753906 0.455336 0.010506 0.010298
0 0.353569 0.475872 0.010586 0.010707
0 0.799143 0.539418 0.011052 0.011143
0 0.090630 0.259794 0.011775 0.012116
0 0.146890 0.941226 0.011514 0.011343
0 0.971843 0.941130 0.011327 0.011571
0 0.062513 0.474973 0.012282 0.012258
0 0.226030 0.649717 0.012213 0.012205
0 0.213258 0.949866 0.012275 0.012421
0 0.327416 0.282194 0.011959 0.011931
0 0.576507 0.716222 0.012040 0.011893
0 0.848166 0.717457 0.020107 0.019715
0 0.109163 0.980130 0.013281 0.013459
0 0.679149 0.358069 0.009861 0.009786
0 0.514421 0.994863 0.014151 0.010275
0 0.530801 0.636024 0.021744 0.021845
0 0.544614 0.973583 0.012078 0.012108
0 0.008202 0.729066 0.011262 0.011232
0 0.432276 0.235908 0.011201 0.011062
0 0.522027 0.816326 0.009610 0.009432
0 0.531759 0.224691 0.009451 0.009472
0 0.159365 0.791042 0.011834 0.011678
0 0.042066 0.560669 0.013079 0.012887
0 0.690858 0.005993 0.013356 0.011860
0 0.494897 0.204331 0.009894 0.010164
0 0.010003 0.938046 0.013244 0.013381
0 0.954026 0.515034 0.011765 0.011760
0 0.393175 0.145276 0.010957 0.010611
0 0.995428 0.642000 0.009092 0.010929
0 0.788701 0.643275 0.012683 0.012863
0 0.002842 0.807043 0.005646 0.010548
0 0.420295 0.753649 0.010854 0.010656
0 0.823486 0.556690 0.010531 0.010657
0 0.193913 0.803577 0.011759 0.011903
0 0.375793 0.500844 0.010126 0.010122
0 0.374630 0.735871 0.015689 0.015272
0 0.525950 0.721295 0.010575 0.010369
0 0.364351 0.868154 0.011240 0.011131
0 0.494569 0.342789 0.010882 0.010628
0 0.631785 0.085423 0.014436 0.013913
0 0.668766 0.189672 0.015368 0.015402
0 0.731978 0.368422 0.009404 0.009460
0 0.458433 0.908584 0.012206 0.012171
0 0.701924 0.821352 0.018626 0.018342
0 0.004644 0.589614 0.009288 0.012964
