0 0.804381 0.611051 0.014159 0.014027
0 0.234279 0.135444 0.013022 0.012914
0 0.048354 0.262503 0.013221 0.013283
0 0.749626 0.617017 0.013695 0.013685
0 0.343938 0.117278 0.012333 0.012513
0 0.906394 0.043740 0.012798 0.012907
0 0.825123 0.306182 0.013722 0.013588
0 0.357250 0.424437 0.014147 0.014261
0 0.448130 0.023313 0.013115 0.013104
0 0.180376 0.044668 0.012931 0.012868
0 0.418251 0.100070 0.013648 0.013401
0 0.435543 0.199661 0.012350 0.013183
0 0.824118 0.134618 0.012204 0.012397
0 0.923436 0.478906 0.013419 0.013343
0 0.720595 0.598593 0.011139 0.011005
0 0.562278 0.554096 0.014142 0.014078
0 0.933296 0.557068 0.011834 0.011695
0 0.119580 0.493125 0.012875 0.012794
0 0.503002 0.220776 0.012422 0.012201
0 0.241354 0.202838 0.014025 0.014060
0 0.386126 0.351655 0.012788 0.012723
0 0.620754 0.203779 0.012302 0.012445
0 0.921312 0.136046 0.012940 0.012685
0 0.932817 0.573601 0.012185 0.012274
0 0.601275 0.975136 0.012895 0.013018
0 0.460290 0.958650 0.013548 0.013645
0 0.346369 0.293497 0.015861 0.015698
0 0.901822 0.678984 0.011518 0.011697
0 0.697965 0.661421 0.012218 0.012240
0 0.595456 0.081689 0.012575 0.012632
0 0.901237 0.444102 0.013143 0.013149
0 0.543869 0.972885 0.012768 0.012505
0 0.032073 0.232033 0.011182 0.010936
0 0.331701 0.518146 0.011522 0.011534
0 0.343333 0.719649 0.013483 0.013750
0 0.606711 0.889596 0.014362 0.014222
0 0.439461 0.729990 0.014052 0.014115
0 0.726701 0.114124 0.012866 0.012932
0 0.285935 0.041641 0.011945 0.011860
0 0.565058 0.430019 0.012555 0.012714
0 0.577585 0.459631 0.012934 0.012939
0 0.211746 0.509709 0.011274 0.011299
0 0.082635 0.449228 0.012922 0.013048
0 0.565979 0.412836 0.012738 0.012506
0 0.232905 0.771524 0.012183 0.012149
0 0.763297 0.994759 0.013391 0.010415
0 0.395701 0.189367 0.013560 0.013668
0 0.144366 0.588622 0.013588 0.013812
0 0.022515 0.412512 0.013097 0.013288
0 0.518047 0.237117 0.012522 0.012818
0 0.822432 0.184039 0.012837 0.012941
0 0.601927 0.528868 0.012249 0.012295
0 0.766401 0.162389 0.011443 0.011597
0 0.238306 0.722242 0.013320 0.013247
0 0.370352 0.136860 0.012820 0.012935
0 0.084610 0.593743 0.012203 0.011978
0 0.905684 0.121400 0.012579 0.012614
0 0.748949 0.264642 0.012053 0.012006
0 0.684352 0.319228 0.012255 0.011943
0 0.393985 0.914279 0.012796 0.012671
0 0.371163 0.561437 0.011498 0.011668
0 0.772513 0.337429 0.011543 0.011564
0 0.176375 0.916525 0.013499 0.013465
0 0.543606 0.713243 0.012299 0.012170
0 0.456329 0.650117 0.013110 0.013136
0 0.029136 0.512851 0.013079 0.012833
0 0.440576 0.059148 0.012901 0.012903
0 0.524896 0.376390 0.012218 0.012225
0 0.556311 0.040910 0.012772 0.012846
0 0.223500 0.466911 0.012896 0.012893
0 0.204903 0.823401 0.011194 0.011328
0 0.391479 0.112654 0.011734 0.011912
0 0.422794 0.032717 0.011406 0.011492
0 0.789364 0.324743 0.013158 0.013171
0 0.092154 0.418353 0.013956 0.014063
0 0.369916 0.808828 0.011579 0.011457
0 0.775769 0.265610 0.010351 0.010492
0 0.408502 0.383999 0.011442 0.011394
0 0.986485 0.824849 0.011734 0.011764
0 0.422084 0.555297 0.014481 0.014149
0 0.759901 0.140775 0.012438 0.012655
0 0.557366 0.788565 0.012632 0.012868
0 0.789026 0.004523 0.012622 0.009045
0 0.074650 0.730489 0.013481 0.013111
0 0.480285 0.915927 0.010491 0.010736
0 0.620371 0.534675 0.012104 0.012125
0 0.186473 0.890160 0.013260 0.013328
0 0.108605 0.979355 0.012947 0.012990
0 0.202928 0.914998 0.011907 0.011846
0 0.127585 0.345260 0.012218 0.012086
0 0.763200 0.273957 0.013151 0.012974
0 0.155295 0.919827 0.011985 0.011620
0 0.526424 0.346417 0.013148 0.012906
0 0.293465 0.655035 0.011891 0.011498
0 0.495657 0.541889 0.013465 0.012817
0 0.341494 0.041842 0.013108 0.014319
0 0.995735 0.002525 0.007951 0.005051
0 0.809413 0.995529 0.011687 0.008942
0 0.509759 0.790275 0.008823 0.009152
0 0.547054 0.338074 0.012685 0.012648
0 0.654362 0.835237 0.010139 0.010075
