0 0.171496 0.396864 0.011759 0.011776
0 0.103062 0.440521 0.012431 0.012436
0 0.490414 0.408941 0.013500 0.013559
0 0.454105 0.510324 0.013781 0.013627
0 0.870562 0.658070 0.013577 0.013496
0 0.899184 0.773838 0.012975 0.012968
0 0.401303 0.870987 0.012670 0.012664
0 0.293417 0.491038 0.012685 0.012381
0 0.163950 0.266722 0.012582 0.012524
0 0.503910 0.967889 0.013138 0.013095
0 0.378383 0.866034 0.013199 0.013136
0 0.332729 0.476112 0.014041 0.014010
0 0.444759 0.959411 0.013221 0.013150
0 0.312069 0.033566 0.013344 0.013136
0 0.448164 0.104397 0.013000 0.012896
0 0.261134 0.413799 0.013699 0.013678
0 0.320368 0.378883 0.012876 0.012833
0 0.944513 0.838687 0.013270 0.013388
0 0.066115 0.298445 0.014116 0.014132
0 0.747854 0.619049 0.013065 0.012988
0 0.470727 0.438952 0.014423 0.014303
0 0.884663 0.229642 0.013084 0.012870
0 0.028003 0.561775 0.014210 0.014067
0 0.392232 0.759831 0.013011 0.012851
0 0.895311 0.032303 0.013554 0.013341
0 0.425791 0.107347 0.013671 0.013428
0 0.945845 0.539788 0.012835 0.012760
0 0.440824 0.407294 0.013698 0.013428
0 0.256567 0.025123 0.014094 0.014131
0 0.073907 0.869548 0.013388 0.013543
0 0.541038 0.977210 0.012438 0.012178
0 0.346926 0.496473 0.013211 0.013261
0 0.604515 0.669970 0.012901 0.012922
0 0.764847 0.727750 0.012195 0.012239
0 0.513407 0.380546 0.014314 0.014314
0 0.379072 0.170008 0.013847 0.013912
0 0.806644 0.114774 0.013125 0.012905
0 0.358559 0.636207 0.012010 0.012127
0 0.142710 0.758062 0.013734 0.013601
0 0.841377 0.191208 0.013465 0.013246
0 0.287621 0.606560 0.012645 0.012730
0 0.116434 0.247321 0.012818 0.012568
0 0.461837 0.243077 0.012812 0.012907
0 0.108107 0.980883 0.013481 0.013686
0 0.505142 0.573262 0.012717 0.012647
0 0.725984 0.995129 0.012090 0.009742
0 0.436373 0.572851 0.014401 0.014418
0 0.122523 0.642656 0.014033 0.014008
0 0.548598 0.664883 0.013726 0.013703
0 0.183419 0.478961 0.013380 0.013190
0 0.781221 0.018708 0.013103 0.013147
0 0.330543 0.519244 0.011924 0.012086
0 0.185355 0.892501 0.012576 0.012689
0 0.838341 0.165372 0.012563 0.012720
0 0.311398 0.255040 0.013553 0.013386
0 0.639068 0.320907 0.012483 0.012374
0 0.523594 0.349695 0.013392 0.013032
0 0.275525 0.056945 0.013028 0.012872
0 0.272996 0.761168 0.012836 0.012706
0 0.073788 0.465444 0.011918 0.011880
0 0.523046 0.657561 0.011851 0.011787
0 0.005821 0.549918 0.010720 0.011154
0 0.541286 0.046438 0.013280 0.013453
0 0.222481 0.648747 0.012194 0.012281
0 0.221135 0.469861 0.011947 0.011905
0 0.469508 0.088668 0.013074 0.013125
0 0.532947 0.626547 0.020771 0.021262
0 0.770002 0.268248 0.012060 0.012039
0 0.122611 0.587219 0.012382 0.012350
0 0.395911 0.942417 0.009489 0.009359
0 0.954359 0.214223 0.012263 0.012542
0 0.098865 0.855803 0.011697 0.011728
0 0.442088 0.059044 0.012403 0.012292
0 0.698668 0.950202 0.013469 0.013680
0 0.107994 0.374059 0.012395 0.012404
0 0.247961 0.704255 0.012120 0.012195
0 0.352819 0.521925 0.013063 0.013188
0 0.008246 0.234578 0.013176 0.013109
0 0.111013 0.858305 0.011895 0.011809
0 0.795055 0.444964 0.014529 0.014860
0 0.615579 0.409824 0.011686 0.011450
0 0.503333 0.020761 0.014035 0.013862
0 0.128560 0.827673 0.013040 0.013229
0 0.726996 0.306103 0.013317 0.013439
0 0.458507 0.942390 0.012430 0.012430
0 0.851032 0.712616 0.019969 0.019405
0 0.055728 0.385064 0.012632 0.012392
0 0.712328 0.096153 0.012047 0.011958
0 0.209897 0.365425 0.013144 0.012866
0 0.570165 0.010904 0.013723 0.013723
0 0.005877 0.210821 0.011249 0.012509
0 0.166283 0.027088 0.010815 0.011017
0 0.868468 0.722183 0.012316 0.011854
0 0.062178 0.531427 0.012276 0.012541
0 0.863064 0.484025 0.013228 0.013271
0 0.495818 0.444603 0.011215 0.011309
0 0.402108 0.571738 0.009982 0.009978
0 0.421818 0.554967 0.013255 0.012799
0 0.620338 0.197596 0.011540 0.011381
0 0.695488 0.499802 0.013448 0.013445
0 0.703338 0.816702 0.017777 0.017358
0 0.787353 0.005395 0.013136 0.010524
0 0.003691 0.393045 0.007305 0.011971
0 0.996431 0.423703 0.007137 0.010803
0 0.784963 0.005605 0.014705 0.010932
0 0.793040 0.722983 0.011607 0.012018
