0 0.733167 0.555008 0.013454 0.013452
0 0.945827 0.660550 0.012750 0.012642
0 0.911296 0.386180 0.013376 0.013469
0 0.280675 0.599735 0.014290 0.014074
0 0.210245 0.513407 0.012109 0.011929
0 0.203959 0.859396 0.012801 0.012551
0 0.378740 0.769245 0.013463 0.013516
0 0.766909 0.277439 0.012696 0.012514
0 0.279042 0.436163 0.012002 0.011977
0 0.116279 0.552329 0.012938 0.012920
0 0.378239 0.541374 0.012686 0.012520
0 0.265397 0.668509 0.013128 0.013152
0 0.817301 0.639960 0.012397 0.012506
0 0.548081 0.080586 0.014186 0.014090
0 0.434228 0.135654 0.012982 0.012913
0 0.116030 0.521816 0.013032 0.012883
0 0.501063 0.822458 0.013756 0.013726
0 0.543886 0.454372 0.013200 0.013087
0 0.602650 0.211144 0.012125 0.011914
0 0.281367 0.246503 0.013172 0.013184
0 0.554587 0.331405 0.014527 0.014564
0 0.094683 0.613400 0.013924 0.013802
0 0.060688 0.379327 0.013556 0.013423
0 0.452398 0.909430 0.013668 0.013326
0 0.568339 0.196974 0.013599 0.013407
0 0.786515 0.196012 0.012013 0.012480
0 0.619696 0.502599 0.013693 0.013800
0 0.200878 0.625142 0.012807 0.012791
0 0.105709 0.745781 0.012625 0.012822
0 0.450679 0.256188 0.012933 0.012960
0 0.027680 0.283403 0.013887 0.013858
0 0.613298 0.807874 0.013734 0.013738
0 0.302886 0.313208 0.013406 0.013441
0 0.579142 0.836139 0.012099 0.012074
0 0.281038 0.782082 0.012605 0.012567
0 0.590320 0.646107 0.013181 0.013290
0 0.534359 0.794794 0.013748 0.013682
0 0.735652 0.966763 0.013485 0.013435
0 0.302050 0.365787 0.012558 0.012637
0 0.735201 0.620041 0.014360 0.014694
0 0.651595 0.591389 0.012445 0.012369
0 0.757291 0.530134 0.012401 0.012487
0 0.350478 0.968334 0.014418 0.014534
0 0.355276 0.704789 0.012410 0.012302
0 0.901674 0.312234 0.013322 0.013294
0 0.506170 0.529004 0.014367 0.014315
0 0.088629 0.913715 0.012476 0.012397
0 0.629695 0.841835 0.012337 0.012009
0 0.188706 0.840846 0.012562 0.012537
0 0.056287 0.965269 0.014231 0.014023
0 0.717865 0.728648 0.012630 0.012572
0 0.810956 0.610702 0.014365 0.014277
0 0.220391 0.208191 0.013479 0.013357
0 0.296557 0.811588 0.012500 0.012462
0 0.396155 0.288851 0.013887 0.013674
0 0.123164 0.713862 0.013100 0.013170
0 0.709067 0.229587 0.012360 0.012312
0 0.851944 0.721921 0.018658 0.018539
0 0.911260 0.332107 0.013268 0.013535
0 0.654982 0.290311 0.013558 0.013878
0 0.087843 0.828077 0.013353 0.012957
0 0.707714 0.103908 0.012255 0.012275
0 0.938703 0.452860 0.011553 0.011250
0 0.199066 0.210851 0.013204 0.013181
0 0.609963 0.263011 0.013074 0.013068
0 0.578048 0.505968 0.011897 0.011932
0 0.095171 0.937775 0.012444 0.012461
0 0.471616 0.495255 0.012403 0.012270
0 0.524608 0.367045 0.012320 0.011903
0 0.395028 0.474607 0.014832 0.015010
0 0.130578 0.440934 0.012055 0.012015
0 0.037454 0.890100 0.013948 0.014198
0 0.463088 0.164413 0.012298 0.012157
0 0.679357 0.404759 0.013371 0.013130
0 0.012969 0.133306 0.011796 0.011635
0 0.502787 0.670010 0.013347 0.013320
0 0.984195 0.510739 0.016160 0.015330
0 0.314879 0.707227 0.011273 0.011639
0 0.047372 0.007057 0.013678 0.013688
0 0.969994 0.590159 0.012457 0.012171
0 0.972647 0.092660 0.011664 0.011422
0 0.007250 0.879618 0.014159 0.014728
0 0.611301 0.426234 0.012874 0.012889
0 0.703106 0.072691 0.014501 0.014395
0 0.283820 0.882469 0.012036 0.012273
0 0.377873 0.083880 0.012010 0.012185
0 0.793751 0.434237 0.012533 0.012494
0 0.568671 0.408958 0.012485 0.012500
0 0.651242 0.404774 0.014102 0.014187
0 0.891184 0.579375 0.013252 0.013160
0 0.890365 0.051101 0.012725 0.012994
0 0.882121 0.126178 0.009396 0.009399
0 0.840487 0.959754 0.012247 0.012349
0 0.355064 0.922902 0.012597 0.012699
0 0.540959 0.372653 0.013553 0.013305
0 0.499461 0.367255 0.013397 0.013277
0 0.965460 0.036613 0.008895 0.009133
0 0.139682 0.418929 0.011340 0.010942
0 0.787182 0.737817 0.014105 0.014915
0 0.801357 0.538724 0.012920 0.012867
0 0.208409 0.993960 0.013598 0.012041
0 0.601062 0.189328 0.011406 0.010763
0 0.947506 0.854648 0.013454 0.013465
0 0.533560 0.636640 0.023390 0.023261
0 0.900030 0.983228 0.013450 0.013577
0 0.215345 0.022880 0.013059 0.012954
0 0.912742 0.884893 0.011321 0.011611
0 0.694176 0.921098 0.013418 0.013035
0 0.472041 0.942971 0.011966 0.011707
0 0.329380 0.803275 0.012466 0.012696
0 0.348076 0.295565 0.024478 0.024576
0 0.940308 0.936427 0.012555 0.012748
0 0.868208 0.117409 0.011150 0.010829
0 0.785592 0.489096 0.014048 0.013900
0 0.665681 0.972070 0.011892 0.011744
0 0.849021 0.538473 0.013060 0.012965
0 0.954841 0.581387 0.012381 0.013060
0 0.753819 0.478758 0.010672 0.010602
0 0.870139 0.565947 0.013062 0.012901
0 0.901237 0.532782 0.013575 0.013893
0 0.817507 0.249933 0.010562 0.010791
0 0.609576 0.722990 0.012003 0.011984
0 0.002249 0.640259 0.004474 0.013906
0 0.903173 0.022105 0.013867 0.014082
0 0.068242 0.571069 0.022267 0.022640
0 0.818940 0.352032 0.011513 0.011766
0 0.906965 0.003382 0.011395 0.006764
0 0.692432 0.378161 0.012419 0.012143
0 0.101640 0.828536 0.012045 0.012769
0 0.540897 0.731969 0.021688 0.021208
0 0.621102 0.721101 0.011637 0.012133
0 0.898210 0.082622 0.009380 0.009320
0 0.704418 0.820152 0.022167 0.022198
0 0.251815 0.188369 0.010003 0.009671
0 0.967871 0.035837 0.009731 0.009551
0 0.885116 0.397986 0.010236 0.009998
0 0.772712 0.467341 0.011910 0.011933
0 0.003168 0.639899 0.006312 0.012990
0 0.002116 0.250777 0.004190 0.012339
0 0.755088 0.480260 0.011312 0.011717
