0 0.409842 0.388215 0.014130 0.013709
0 0.483452 0.358307 0.012393 0.012349
0 0.728019 0.688087 0.011819 0.011617
0 0.226904 0.907060 0.011818 0.011704
0 0.808909 0.063410 0.013027 0.013216
0 0.452538 0.211213 0.014813 0.014705
0 0.524536 0.346014 0.012989 0.012863
0 0.187038 0.889631 0.013106 0.013034
0 0.589180 0.072845 0.012516 0.012610
0 0.321015 0.186990 0.013346 0.013257
0 0.092024 0.665852 0.013290 0.013510
0 0.128810 0.563224 0.012388 0.012320
0 0.749464 0.615577 0.012605 0.012376
0 0.462326 0.965025 0.013574 0.013225
0 0.774584 0.325701 0.010162 0.010211
0 0.203635 0.843340 0.012440 0.012514
0 0.029022 0.030600 0.012606 0.012526
0 0.513289 0.780007 0.012483 0.012338
0 0.184264 0.147449 0.012225 0.012112
0 0.799112 0.832888 0.011026 0.010826
0 0.441842 0.032035 0.012199 0.012109
0 0.111862 0.418861 0.011507 0.011240
0 0.090488 0.529862 0.013327 0.013358
0 0.230884 0.436094 0.009803 0.009781
0 0.566461 0.159533 0.011842 0.011878
0 0.055381 0.525935 0.012775 0.012847
0 0.713908 0.942050 0.011921 0.011939
0 0.241217 0.357872 0.011811 0.011575
0 0.455321 0.474957 0.012764 0.012889
0 0.682347 0.013725 0.011946 0.011900
0 0.701914 0.754745 0.011106 0.011357
0 0.104140 0.804125 0.013168 0.012927
0 0.222613 0.467158 0.012623 0.012714
0 0.884811 0.190046 0.012745 0.012634
0 0.541882 0.973222 0.011919 0.011815
0 0.696236 0.304965 0.012766 0.012640
0 0.645354 0.251409 0.012526 0.012457
0 0.782791 0.728531 0.018053 0.018084
0 0.110478 0.979859 0.013604 0.013645
0 0.186432 0.252545 0.011031 0.011195
0 0.455181 0.149014 0.014177 0.014231
0 0.343594 0.296554 0.022534 0.022108
0 0.269050 0.146592 0.012891 0.013092
0 0.206233 0.952016 0.013261 0.013232
0 0.139495 0.298475 0.012158 0.012186
0 0.226062 0.649037 0.012738 0.012164
0 0.321007 0.326001 0.010872 0.010587
0 0.485047 0.401803 0.011816 0.011785
0 0.419403 0.054402 0.013220 0.013401
0 0.509750 0.485741 0.012298 0.012161
0 0.347825 0.368454 0.011967 0.011657
0 0.399807 0.503730 0.010441 0.010629
0 0.315163 0.355223 0.011099 0.011066
0 0.677658 0.928483 0.012716 0.012725
0 0.675235 0.860480 0.012661 0.012763
0 0.472777 0.132636 0.012718 0.012361
0 0.005819 0.903112 0.010804 0.011265
0 0.535292 0.548798 0.012567 0.012603
0 0.259602 0.991701 0.011444 0.011476
0 0.456049 0.374011 0.012501 0.012503
0 0.753809 0.701449 0.012138 0.012087
0 0.004354 0.031763 0.008704 0.014109
0 0.076047 0.293858 0.009894 0.009577
0 0.039555 0.998062 0.011363 0.003864
0 0.994683 0.315840 0.010290 0.011853
0 0.530555 0.393531 0.010701 0.010560
0 0.578889 0.846582 0.011294 0.011385
0 0.178862 0.728918 0.012149 0.012294
0 0.979399 0.353992 0.012092 0.011957
0 0.972034 0.902691 0.011008 0.010911
0 0.331076 0.516793 0.010954 0.010889
0 0.510018 0.994149 0.010845 0.010198
0 0.962273 0.504566 0.011055 0.011152
0 0.733827 0.905399 0.008458 0.007894
0 0.592807 0.984494 0.010344 0.010320
0 0.434084 0.001620 0.012519 0.003239
0 0.375689 0.227097 0.018198 0.017657
0 0.808974 0.457803 0.009580 0.009595
0 0.421073 0.641567 0.010741 0.010715
0 0.059688 0.304988 0.011917 0.012134
0 0.530409 0.636975 0.022032 0.022194
0 0.701251 0.820710 0.020205 0.019301
