0 0.629924 0.623151 0.011785 0.011754
0 0.749076 0.615905 0.012886 0.012712
0 0.158084 0.147539 0.012805 0.012696
0 0.143121 0.292836 0.013296 0.013352
0 0.364103 0.076174 0.013190 0.012991
0 0.243453 0.506102 0.012371 0.012334
0 0.668878 0.209185 0.012363 0.012361
0 0.032622 0.229099 0.012388 0.012303
0 0.828646 0.267640 0.011618 0.011608
0 0.185856 0.888565 0.013285 0.013099
0 0.524282 0.346373 0.012978 0.012908
0 0.429480 0.470719 0.013645 0.013614
0 0.330579 0.516930 0.011871 0.011787
0 0.051163 0.445078 0.013785 0.013789
0 0.015428 0.916496 0.013991 0.013740
0 0.636638 0.301781 0.012321 0.012295
0 0.106504 0.575339 0.011662 0.011941
0 0.181847 0.180994 0.012297 0.012209
0 0.178237 0.906610 0.012101 0.011948
0 0.073230 0.823592 0.012005 0.012069
0 0.500417 0.604049 0.012250 0.012072
0 0.109403 0.979687 0.013946 0.013942
0 0.132843 0.437895 0.013562 0.013528
0 0.755716 0.400280 0.012483 0.012466
0 0.627943 0.116839 0.012567 0.012647
0 0.576282 0.376900 0.012930 0.012994
0 0.286079 0.066862 0.013219 0.013106
0 0.577797 0.725629 0.011784 0.011949
0 0.223516 0.467229 0.013089 0.013156
0 0.412593 0.892818 0.013938 0.013963
0 0.524985 0.012889 0.013377 0.013230
0 0.751926 0.104356 0.012513 0.012597
0 0.156621 0.597593 0.012300 0.012113
0 0.370125 0.421738 0.012839 0.012663
0 0.763792 0.051757 0.013251 0.013203
0 0.226418 0.649557 0.012481 0.012284
0 0.652323 0.502732 0.011685 0.011738
0 0.346103 0.295069 0.016760 0.016722
0 0.655900 0.142683 0.013042 0.013124
0 0.076044 0.538394 0.013275 0.013208
0 0.454339 0.568091 0.012634 0.012466
0 0.639234 0.590037 0.010099 0.010120
0 0.350815 0.451506 0.013072 0.013184
0 0.487752 0.692108 0.012315 0.012290
0 0.863550 0.841797 0.011906 0.011838
0 0.049634 0.618918 0.009206 0.009113
0 0.632475 0.525242 0.009146 0.008948
0 0.087639 0.362641 0.011982 0.012051
0 0.697050 0.441245 0.010895 0.010765
0 0.274326 0.523490 0.013779 0.013741
0 0.879605 0.731025 0.011525 0.011373
0 0.544463 0.972826 0.013149 0.013015
0 0.815160 0.961496 0.010617 0.010589
0 0.078552 0.282763 0.010790 0.010877
0 0.721737 0.005062 0.011835 0.010048
0 0.599233 0.245818 0.012280 0.012328
0 0.322969 0.388390 0.010785 0.010658
0 0.589368 0.845917 0.011043 0.010990
0 0.897519 0.809797 0.012803 0.012910
0 0.183636 0.268072 0.011916 0.011905
0 0.959181 0.392295 0.011506 0.011495
0 0.797546 0.370924 0.012038 0.012057
0 0.531648 0.636840 0.020403 0.020277
0 0.901114 0.019010 0.011660 0.011538
0 0.847459 0.717879 0.019974 0.019295
0 0.602893 0.275681 0.012039 0.012215
0 0.379533 0.219970 0.011844 0.011866
0 0.169269 0.924701 0.011567 0.011526
0 0.334055 0.053953 0.010857 0.010818
0 0.026474 0.641306 0.013297 0.013340
0 0.434952 0.215392 0.012856 0.013236
0 0.633307 0.085089 0.019208 0.018666
0 0.921181 0.145185 0.018440 0.017999
0 0.377106 0.023653 0.010906 0.010965
0 0.459641 0.278090 0.011638 0.011593
0 0.840999 0.201231 0.010451 0.010342
0 0.119968 0.943377 0.010880 0.010767
0 0.566895 0.402184 0.011979 0.011928
0 0.427064 0.251972 0.010860 0.010663
0 0.441089 0.059247 0.011335 0.011318
0 0.391676 0.855857 0.012037 0.011618
0 0.285217 0.771562 0.011063 0.010897
0 0.645950 0.825913 0.011047 0.011204
0 0.256128 0.429344 0.011370 0.011215
0 0.700333 0.822218 0.020475 0.020247
0 0.005630 0.615660 0.011153 0.012782
0 0.630228 0.959437 0.010396 0.010212
0 0.462512 0.959466 0.013425 0.013294
