0 0.544504 0.542658 0.012711 0.012617
0 0.663181 0.095086 0.012717 0.012731
0 0.983165 0.652106 0.011010 0.011037
0 0.462012 0.785003 0.012931 0.013017
0 0.439997 0.098882 0.013307 0.013151
0 0.950748 0.419075 0.013435 0.013405
0 0.577499 0.419181 0.011989 0.011898
0 0.904349 0.540665 0.013145 0.012780
0 0.624339 0.324392 0.012806 0.012838
0 0.686942 0.566833 0.012511 0.012422
0 0.793673 0.444773 0.014411 0.014404
0 0.472820 0.757701 0.011884 0.012099
0 0.548796 0.722036 0.011519 0.011262
0 0.279653 0.436306 0.012346 0.012145
0 0.924050 0.035226 0.012270 0.012290
0 0.911485 0.312910 0.013641 0.013655
0 0.252204 0.404923 0.011976 0.012059
0 0.506206 0.486456 0.013189 0.013047
0 0.055433 0.354998 0.012779 0.012751
0 0.651460 0.401463 0.012521 0.012596
0 0.421216 0.706518 0.013145 0.012931
0 0.440725 0.472272 0.012547 0.012584
0 0.334361 0.345027 0.012830 0.012872
0 0.614456 0.167681 0.012859 0.012711
0 0.350526 0.715008 0.012961 0.012838
0 0.446056 0.378526 0.013992 0.013844
0 0.281680 0.171643 0.013176 0.013151
0 0.312297 0.513402 0.012760 0.012614
0 0.655207 0.586174 0.011971 0.012000
0 0.402052 0.410594 0.012975 0.013006
0 0.733852 0.622029 0.014085 0.013927
0 0.778310 0.094846 0.012915 0.012944
0 0.442523 0.307382 0.014383 0.014103
0 0.096753 0.381973 0.012785 0.012209
0 0.884657 0.739074 0.012850 0.012903
0 0.836403 0.152895 0.012369 0.012709
0 0.583767 0.565670 0.014301 0.014001
0 0.791428 0.336899 0.012160 0.012130
0 0.693348 0.268660 0.012390 0.012380
0 0.840351 0.215681 0.012364 0.012420
0 0.873317 0.360921 0.011349 0.010958
0 0.434305 0.399335 0.012648 0.012657
0 0.760904 0.399351 0.012423 0.012496
0 0.128170 0.027316 0.012760 0.012865
0 0.462447 0.602697 0.012738 0.012842
0 0.944281 0.307282 0.012618 0.012760
0 0.607439 0.794576 0.013792 0.013988
0 0.571650 0.508306 0.013416 0.013489
0 0.484918 0.190828 0.012679 0.012507
0 0.506538 0.355414 0.013242 0.012986
0 0.470347 0.163965 0.013581 0.013609
0 0.028557 0.819634 0.013048 0.012864
0 0.299402 0.669993 0.013925 0.013797
0 0.836624 0.505391 0.013584 0.013570
0 0.401885 0.777763 0.011759 0.012008
0 0.060166 0.913650 0.011274 0.011270
0 0.732484 0.789864 0.013745 0.013947
0 0.083938 0.749849 0.012843 0.012762
0 0.891210 0.585565 0.012068 0.012173
0 0.168810 0.963160 0.011784 0.011685
0 0.824073 0.010410 0.012933 0.013113
0 0.025196 0.369178 0.014400 0.014545
0 0.321717 0.765479 0.012971 0.012868
0 0.483511 0.278891 0.010664 0.010559
0 0.846949 0.623802 0.013191 0.013188
0 0.170190 0.208575 0.012162 0.012295
0 0.238117 0.568446 0.013096 0.013087
0 0.708390 0.669327 0.011063 0.011370
0 0.328550 0.811867 0.012806 0.013041
0 0.956764 0.562200 0.012322 0.012299
0 0.415390 0.554497 0.013360 0.013435
0 0.779712 0.044004 0.011464 0.011202
0 0.532243 0.222790 0.012540 0.012454
0 0.084995 0.804381 0.013759 0.014015
0 0.736551 0.583673 0.011410 0.011181
0 0.338603 0.862642 0.012780 0.012844
0 0.059624 0.634800 0.012813 0.012614
0 0.109382 0.718654 0.012480 0.012479
0 0.874460 0.255808 0.011838 0.011973
0 0.239043 0.451385 0.014105 0.014061
0 0.264579 0.588369 0.012668 0.012869
0 0.750321 0.435994 0.011346 0.011417
0 0.405721 0.655757 0.013005 0.012922
0 0.869925 0.568507 0.011391 0.011297
0 0.541301 0.755699 0.012352 0.012476
0 0.596053 0.937476 0.014242 0.014695
0 0.182314 0.615771 0.012871 0.012838
0 0.281623 0.937771 0.010306 0.010133
0 0.034802 0.796317 0.013313 0.013341
0 0.111806 0.170674 0.012264 0.012481
0 0.087354 0.926907 0.011791 0.011433
0 0.085690 0.782717 0.010616 0.010224
0 0.804607 0.540377 0.011112 0.011033
0 0.903540 0.072327 0.009632 0.009672
0 0.454258 0.935399 0.013616 0.013602
0 0.935215 0.859174 0.013558 0.013371
0 0.144001 0.012595 0.011719 0.011539
0 0.983026 0.513273 0.014366 0.013581
0 0.028344 0.905180 0.011139 0.011205
0 0.670536 0.607177 0.014220 0.014317
0 0.886084 0.117204 0.009615 0.009578
0 0.349327 0.292728 0.022660 0.022420
0 0.969177 0.604356 0.011916 0.011039
0 0.216621 0.993706 0.010095 0.009956
0 0.534441 0.630853 0.023754 0.023136
0 0.872003 0.108877 0.011175 0.011003
0 0.015450 0.634266 0.012089 0.012029
0 0.728160 0.734125 0.012367 0.012395
0 0.967531 0.028911 0.010573 0.010221
0 0.872351 0.885086 0.010846 0.010786
0 0.851326 0.996426 0.012066 0.007148
0 0.599317 0.260363 0.009645 0.009466
0 0.427579 0.004596 0.011995 0.009120
0 0.097136 0.358888 0.014480 0.014125
0 0.386022 0.970619 0.012709 0.012629
0 0.813385 0.486104 0.010884 0.010822
0 0.850721 0.715218 0.021102 0.021087
0 0.900530 0.997252 0.011016 0.005495
0 0.917835 0.004164 0.011610 0.008328
0 0.766498 0.531688 0.011342 0.011322
0 0.880182 0.978876 0.013091 0.012866
0 0.130509 0.945455 0.010964 0.011227
0 0.769640 0.052500 0.011098 0.011400
0 0.726822 0.909835 0.012973 0.012968
0 0.976299 0.613278 0.012113 0.011708
0 0.638536 0.079297 0.023207 0.023742
0 0.217278 0.814425 0.012371 0.012523
0 0.948460 0.017576 0.010252 0.010280
