0 0.838134 0.311290 0.013706 0.013724
0 0.926727 0.516727 0.013766 0.013801
0 0.797263 0.496723 0.012599 0.012458
0 0.799204 0.894324 0.011919 0.011737
0 0.524372 0.349602 0.013256 0.013138
0 0.748535 0.618744 0.013258 0.013096
0 0.451391 0.119048 0.013439 0.013484
0 0.681952 0.624794 0.013238 0.013340
0 0.516325 0.469113 0.013678 0.013858
0 0.540006 0.224768 0.013253 0.013245
0 0.510635 0.075636 0.012025 0.012029
0 0.646461 0.724259 0.011881 0.011780
0 0.878903 0.511950 0.013742 0.013750
0 0.743437 0.478900 0.013153 0.012837
0 0.704833 0.872863 0.013633 0.013543
0 0.687897 0.235935 0.012793 0.012923
0 0.531130 0.591400 0.013605 0.013517
0 0.877621 0.331344 0.011988 0.012116
0 0.170574 0.180227 0.014327 0.014319
0 0.061537 0.460533 0.012941 0.012987
0 0.451544 0.546439 0.012870 0.012798
0 0.577320 0.078009 0.012642 0.012685
0 0.429363 0.624143 0.014015 0.014067
0 0.880402 0.199449 0.012890 0.013000
0 0.535799 0.303181 0.013934 0.014012
0 0.471852 0.234097 0.012007 0.011930
0 0.351626 0.123559 0.012724 0.012778
0 0.035313 0.336755 0.014121 0.014122
0 0.742682 0.304410 0.012501 0.012503
0 0.387461 0.047077 0.012173 0.012093
0 0.349441 0.780809 0.013008 0.012829
0 0.627358 0.483002 0.013162 0.013136
0 0.446543 0.432535 0.012319 0.012190
0 0.790942 0.129419 0.012936 0.012745
0 0.308625 0.398512 0.014060 0.014071
0 0.468780 0.341360 0.012987 0.012734
0 0.380601 0.297156 0.012784 0.012666
0 0.450607 0.957797 0.013223 0.013315
0 0.617992 0.775967 0.010651 0.010737
0 0.086072 0.363197 0.013832 0.013878
0 0.787318 0.750199 0.014046 0.014342
0 0.478091 0.463083 0.012477 0.012722
0 0.808819 0.048148 0.013034 0.012915
0 0.024002 0.763387 0.012770 0.012684
0 0.741939 0.121711 0.011001 0.010915
0 0.642670 0.247225 0.013202 0.013099
0 0.543757 0.975835 0.013676 0.013423
0 0.132187 0.547232 0.012245 0.012189
0 0.489798 0.199601 0.013331 0.013386
0 0.361344 0.642286 0.011920 0.011905
0 0.334840 0.569777 0.012562 0.012404
0 0.222777 0.469481 0.012480 0.012506
0 0.330229 0.551410 0.013866 0.013840
0 0.280588 0.775720 0.012870 0.013037
0 0.183073 0.151808 0.013761 0.013689
0 0.903109 0.327855 0.013463 0.013592
0 0.238290 0.159420 0.011556 0.011493
0 0.483262 0.771426 0.013483 0.013437
0 0.108792 0.981562 0.013583 0.013919
0 0.399926 0.225122 0.013434 0.013518
0 0.150268 0.816461 0.013174 0.013126
0 0.061533 0.757412 0.012834 0.012775
0 0.409614 0.011487 0.013127 0.013174
0 0.246771 0.372726 0.013316 0.013190
0 0.140284 0.490674 0.013276 0.013334
0 0.499286 0.627845 0.011953 0.012181
0 0.979430 0.698767 0.011205 0.011206
0 0.623134 0.992301 0.013295 0.013232
0 0.436684 0.590884 0.010072 0.009906
0 0.585631 0.009150 0.014441 0.014221
0 0.099119 0.204623 0.012511 0.012199
0 0.332169 0.518684 0.012443 0.012244
0 0.639951 0.680148 0.012989 0.013198
0 0.399279 0.706387 0.012850 0.013106
0 0.716227 0.003002 0.011170 0.006005
0 0.185344 0.892479 0.013029 0.013122
0 0.225615 0.653273 0.013513 0.013349
0 0.050841 0.720458 0.012372 0.012704
0 0.199924 0.997362 0.015480 0.005245
0 0.848684 0.710987 0.022897 0.022976
0 0.279104 0.094545 0.013677 0.013669
0 0.515956 0.551421 0.012544 0.012896
0 0.047877 0.441498 0.013432 0.013418
0 0.482594 0.909445 0.013361 0.012515
0 0.215249 0.103273 0.012879 0.012839
0 0.831685 0.016979 0.012055 0.012089
0 0.045146 0.750666 0.013289 0.013417
0 0.109527 0.558521 0.013208 0.013089
0 0.494920 0.542944 0.014421 0.014192
0 0.275919 0.238281 0.012195 0.012001
0 0.401185 0.571468 0.010118 0.010201
0 0.244453 0.713253 0.011918 0.011869
0 0.004291 0.093692 0.008583 0.011874
0 0.442643 0.059306 0.012066 0.012412
0 0.463484 0.904304 0.012527 0.012226
0 0.892557 0.495527 0.012555 0.012700
0 0.774868 0.004996 0.012725 0.009965
0 0.445373 0.040381 0.011378 0.011129
0 0.777838 0.005081 0.013630 0.010078
