0 0.911912 0.359908 0.014056 0.014191
0 0.465967 0.724575 0.014611 0.014662
0 0.535743 0.794631 0.014845 0.014636
0 0.406811 0.843339 0.014039 0.014148
0 0.754116 0.029735 0.016028 0.015633
0 0.271017 0.487007 0.014239 0.014234
0 0.594707 0.938934 0.019345 0.019071
0 0.468924 0.789412 0.014019 0.013990
0 0.835133 0.423414 0.015687 0.015333
0 0.666130 0.483485 0.013805 0.013831
0 0.389612 0.713248 0.015022 0.015185
0 0.373649 0.486744 0.014069 0.014009
0 0.090274 0.792379 0.014255 0.014146
0 0.933358 0.708636 0.013897 0.013803
0 0.137035 0.350959 0.014589 0.014594
0 0.194549 0.553250 0.015174 0.015277
0 0.355723 0.525072 0.014060 0.014096
0 0.458587 0.480162 0.014208 0.014121
0 0.747257 0.658329 0.014124 0.014086
0 0.627568 0.448640 0.014430 0.014389
0 0.189413 0.345934 0.014313 0.014338
0 0.955338 0.802345 0.014320 0.014117
0 0.615044 0.106935 0.014732 0.014920
0 0.555366 0.214077 0.014282 0.014437
0 0.982603 0.358837 0.014503 0.014346
0 0.595791 0.528933 0.014540 0.014874
0 0.835330 0.101845 0.015121 0.015157
0 0.044482 0.745827 0.013951 0.014087
0 0.716336 0.359186 0.015316 0.014969
0 0.200240 0.216287 0.015287 0.015273
0 0.471912 0.155222 0.018373 0.018544
0 0.543560 0.731636 0.015915 0.015744
0 0.632263 0.792476 0.015479 0.015784
0 0.102933 0.670336 0.015003 0.015006
0 0.701777 0.326430 0.014190 0.014171
0 0.225490 0.923772 0.015690 0.015759
0 0.742258 0.412817 0.014667 0.014666
0 0.431318 0.449692 0.015397 0.015577
0 0.875816 0.801655 0.014868 0.015198
0 0.768145 0.234113 0.015064 0.015035
0 0.965090 0.638524 0.013823 0.013626
0 0.479539 0.122789 0.014933 0.014662
0 0.812712 0.533779 0.014348 0.014465
0 0.237676 0.872579 0.014904 0.014802
0 0.918366 0.540094 0.016293 0.016352
0 0.485697 0.398033 0.015350 0.015132
0 0.401703 0.038367 0.014233 0.014372
0 0.765710 0.262440 0.015323 0.015170
0 0.708793 0.030131 0.015971 0.015859
0 0.719881 0.965509 0.013912 0.013826
0 0.724262 0.730313 0.015751 0.015931
0 0.778998 0.569980 0.014309 0.014141
0 0.377880 0.228898 0.019467 0.019466
0 0.559127 0.489846 0.015480 0.015464
0 0.390546 0.638601 0.013785 0.013931
0 0.585644 0.596039 0.014589 0.014438
0 0.814496 0.385643 0.015205 0.015089
0 0.963363 0.067598 0.014305 0.014362
0 0.089184 0.339284 0.015463 0.015426
0 0.652710 0.853464 0.014176 0.014264
0 0.693720 0.439601 0.014100 0.014126
0 0.479304 0.292035 0.015964 0.015897
0 0.793348 0.738517 0.015073 0.015538
0 0.934179 0.620842 0.014001 0.014092
0 0.014281 0.211758 0.014733 0.014820
0 0.167364 0.884045 0.016346 0.016316
0 0.119717 0.781454 0.014533 0.014628
0 0.548480 0.016093 0.014864 0.014868
0 0.367069 0.021930 0.014359 0.014328
0 0.157776 0.254869 0.015442 0.015454
0 0.533707 0.640090 0.022934 0.022603
0 0.849662 0.721295 0.023019 0.022921
0 0.073563 0.573431 0.019349 0.019092
0 0.109914 0.253572 0.014213 0.014070
0 0.046278 0.222576 0.014676 0.014603
0 0.924907 0.893302 0.014358 0.014412
0 0.186465 0.404376 0.013461 0.013466
0 0.866793 0.014771 0.014191 0.014354
0 0.863993 0.174908 0.014791 0.014916
0 0.497927 0.202522 0.014124 0.014213
0 0.005351 0.150479 0.010654 0.015413
0 0.551077 0.037869 0.015234 0.015328
0 0.302538 0.046136 0.015516 0.015203
0 0.312640 0.333383 0.015455 0.015398
0 0.715249 0.898912 0.014363 0.014154
0 0.397858 0.973073 0.015655 0.015846
0 0.064177 0.898858 0.014382 0.014150
0 0.347332 0.300726 0.023186 0.023081
0 0.277926 0.233556 0.015451 0.015122
0 0.840409 0.779138 0.015831 0.015279
0 0.700996 0.917066 0.014199 0.014022
0 0.507340 0.022715 0.014532 0.014782
0 0.059754 0.414856 0.015061 0.015199
0 0.075595 0.357187 0.016294 0.015529
0 0.427368 0.976041 0.014278 0.014070
0 0.424847 0.641679 0.015445 0.015552
0 0.889755 0.030460 0.013662 0.013686
0 0.635520 0.087579 0.022927 0.022501
0 0.074738 0.051847 0.013919 0.013814
0 0.748555 0.973968 0.014552 0.013899
0 0.858665 0.297051 0.013656 0.013899
0 0.084193 0.930732 0.014284 0.014425
0 0.988545 0.962311 0.015306 0.015565
0 0.995918 0.818129 0.008162 0.013442
0 0.703822 0.822886 0.022268 0.022686
0 0.138038 0.450129 0.014288 0.013794
0 0.131588 0.005827 0.016642 0.011654
0 0.525939 0.020270 0.015814 0.015384
0 0.515270 0.206622 0.016176 0.015617
0 0.385377 0.578648 0.013878 0.013913
0 0.285410 0.718994 0.014140 0.013515
0 0.671335 0.193448 0.019223 0.018929
0 0.557921 0.196172 0.014927 0.014815
0 0.922065 0.147890 0.020224 0.020195
0 0.006393 0.265712 0.012549 0.018901
0 0.100561 0.982821 0.014466 0.015312
0 0.286793 0.721325 0.013968 0.012912
0 0.210123 0.449698 0.018572 0.018133
0 0.997844 0.848959 0.004275 0.015812
0 0.373393 0.579231 0.012349 0.012517
0 0.283449 0.717096 0.014108 0.014215
0 0.157540 0.050201 0.016853 0.016732
0 0.353174 0.655854 0.014906 0.014586
0 0.045793 0.328266 0.019649 0.019502
0 0.049671 0.054856 0.017500 0.017023
0 0.144584 0.889283 0.015517 0.015324
0 0.886954 0.261630 0.018926 0.019007
