0 0.882162 0.500438 0.012864 0.012922
0 0.716724 0.504861 0.013370 0.013269
0 0.763511 0.482013 0.012869 0.012706
0 0.280113 0.900571 0.013164 0.012877
0 0.409976 0.427250 0.012922 0.012807
0 0.341042 0.373866 0.012748 0.012719
0 0.762700 0.864941 0.012787 0.012692
0 0.224499 0.397998 0.013040 0.012856
0 0.139548 0.081299 0.013135 0.013177
0 0.060351 0.490626 0.013113 0.012810
0 0.747473 0.619073 0.013291 0.013207
0 0.046746 0.286941 0.012713 0.012643
0 0.783103 0.559666 0.012264 0.012153
0 0.684071 0.530639 0.013851 0.013837
0 0.272905 0.439207 0.013498 0.013518
0 0.387553 0.870987 0.013721 0.013683
0 0.085133 0.287094 0.012633 0.012382
0 0.248544 0.430183 0.012729 0.012499
0 0.523347 0.349460 0.013391 0.013163
0 0.634007 0.633534 0.012963 0.012773
0 0.731789 0.282692 0.013358 0.013284
0 0.450468 0.958283 0.013176 0.013424
0 0.208254 0.088269 0.014162 0.014011
0 0.406085 0.508966 0.012448 0.012049
0 0.330354 0.519085 0.012413 0.012471
0 0.746453 0.786276 0.012922 0.012890
0 0.116606 0.264767 0.012802 0.012773
0 0.499508 0.625216 0.013036 0.012920
0 0.137904 0.234784 0.014200 0.014166
0 0.696252 0.062118 0.013647 0.013793
0 0.247528 0.194670 0.013999 0.013877
0 0.318473 0.058742 0.013647 0.013456
0 0.140524 0.360855 0.013386 0.013341
0 0.284460 0.608174 0.012866 0.012695
0 0.908779 0.864687 0.012807 0.012744
0 0.347626 0.837596 0.012715 0.012905
0 0.434177 0.984713 0.013354 0.013241
0 0.072080 0.544299 0.012707 0.012746
0 0.646098 0.379518 0.012738 0.012917
0 0.712938 0.126323 0.013359 0.013411
0 0.441142 0.067044 0.014487 0.014519
0 0.722925 0.570385 0.012903 0.012827
0 0.222334 0.469727 0.012904 0.012802
0 0.185661 0.891933 0.012914 0.012937
0 0.957159 0.416182 0.011117 0.011088
0 0.802399 0.699283 0.012550 0.012651
0 0.108198 0.980582 0.013549 0.013904
0 0.245913 0.344796 0.012839 0.012526
0 0.179866 0.421563 0.013849 0.013779
0 0.705597 0.547759 0.012251 0.012427
0 0.404159 0.301495 0.013531 0.013237
0 0.509188 0.273986 0.013471 0.013236
0 0.507576 0.684436 0.012259 0.012043
0 0.437947 0.618606 0.011827 0.011771
0 0.638583 0.849301 0.012542 0.012553
0 0.608939 0.748890 0.013649 0.013293
0 0.104205 0.190147 0.012811 0.012798
0 0.170462 0.284505 0.012094 0.012013
0 0.807054 0.054498 0.012494 0.012290
0 0.531979 0.589921 0.012995 0.012979
0 0.689923 0.368145 0.012605 0.012504
0 0.600693 0.169499 0.013764 0.013662
0 0.839037 0.147155 0.011839 0.011473
0 0.344440 0.294642 0.017138 0.017149
0 0.837980 0.691524 0.013277 0.013503
0 0.902655 0.415193 0.012063 0.011935
0 0.060030 0.195768 0.011987 0.011806
0 0.694859 0.012263 0.014004 0.014228
0 0.656686 0.004413 0.012441 0.008825
0 0.994627 0.425375 0.009599 0.009617
0 0.412226 0.482866 0.012388 0.012462
0 0.231425 0.627880 0.012326 0.012294
0 0.556229 0.011189 0.012389 0.012173
0 0.632302 0.429548 0.013686 0.013695
0 0.692435 0.401206 0.012680 0.012567
0 0.091404 0.590646 0.011456 0.011695
0 0.251834 0.678729 0.012388 0.012422
0 0.540055 0.974266 0.012054 0.011834
0 0.986480 0.272890 0.012522 0.012319
0 0.206267 0.614913 0.012822 0.013202
0 0.994806 0.528330 0.010325 0.013066
0 0.520891 0.510610 0.011786 0.012003
0 0.848388 0.328793 0.012082 0.012239
0 0.609737 0.010980 0.012983 0.013119
0 0.754841 0.249798 0.011233 0.011250
0 0.130236 0.041245 0.012046 0.012113
0 0.117016 0.682441 0.010315 0.010320
0 0.014236 0.056635 0.012970 0.013064
0 0.786789 0.005544 0.012813 0.011088
0 0.222507 0.648683 0.011525 0.011525
0 0.007906 0.601759 0.010892 0.010969
0 0.054603 0.765117 0.013059 0.012858
0 0.157553 0.350689 0.012353 0.012171
0 0.078197 0.368733 0.013333 0.014005
0 0.284619 0.756326 0.012132 0.012419
0 0.797498 0.998133 0.012416 0.003735
0 0.714846 0.108347 0.012272 0.012021
0 0.532025 0.630225 0.023648 0.023356
0 0.877275 0.790161 0.016191 0.016183
0 0.495591 0.544142 0.014296 0.014459
0 0.847719 0.706432 0.022055 0.021758
0 0.253163 0.741223 0.009932 0.010101
0 0.784282 0.005523 0.014154 0.010976
0 0.400378 0.571632 0.010584 0.010941
0 0.543212 0.071322 0.013415 0.013413
0 0.348849 0.078252 0.013273 0.013263
0 0.297163 0.672348 0.011692 0.011650
0 0.024731 0.527406 0.012439 0.012269
0 0.605718 0.415889 0.013248 0.013349
