0 0.222202 0.465701 0.014141 0.014004
0 0.307863 0.066045 0.012332 0.012141
0 0.460132 0.327302 0.013693 0.013392
0 0.021184 0.289044 0.012270 0.012279
0 0.186556 0.889356 0.013200 0.013061
0 0.290955 0.879342 0.013101 0.013073
0 0.970272 0.870587 0.012054 0.012138
0 0.263090 0.295887 0.012053 0.011901
0 0.435245 0.497407 0.011440 0.011349
0 0.528992 0.772186 0.011666 0.011428
0 0.827269 0.410669 0.011628 0.011603
0 0.415072 0.497440 0.012260 0.012408
0 0.697894 0.980312 0.013110 0.013109
0 0.631344 0.629355 0.012527 0.012364
0 0.658063 0.946687 0.011646 0.011443
0 0.746740 0.659745 0.011643 0.011779
0 0.523627 0.346766 0.012135 0.011940
0 0.749062 0.616614 0.012906 0.012763
0 0.860305 0.946258 0.011899 0.012035
0 0.549560 0.529550 0.010573 0.010497
0 0.367571 0.203697 0.012185 0.012372
0 0.563261 0.059204 0.011845 0.011778
0 0.811937 0.351137 0.011921 0.012049
0 0.049395 0.280242 0.012613 0.012448
0 0.118219 0.885103 0.012750 0.013020
0 0.457111 0.958928 0.012252 0.012353
0 0.632127 0.662189 0.013068 0.013043
0 0.354247 0.528789 0.012749 0.012505
0 0.128581 0.973473 0.012608 0.012532
0 0.066210 0.358628 0.012821 0.012684
0 0.220170 0.416514 0.011813 0.011645
0 0.635460 0.391988 0.012531 0.012596
0 0.667554 0.931519 0.012596 0.012523
0 0.063921 0.020099 0.012080 0.012170
0 0.580287 0.481542 0.011275 0.011087
0 0.849351 0.718228 0.018717 0.018644
0 0.376747 0.372478 0.011715 0.011581
0 0.066726 0.454122 0.012344 0.012014
0 0.153686 0.097732 0.011100 0.011384
0 0.034132 0.931583 0.012506 0.012667
0 0.543454 0.973875 0.011727 0.011593
0 0.289472 0.709874 0.013062 0.013144
0 0.079012 0.216252 0.012012 0.012046
0 0.228484 0.851791 0.011778 0.011872
0 0.108856 0.979414 0.013183 0.013334
0 0.147097 0.526633 0.011556 0.011573
0 0.348171 0.898744 0.012003 0.011816
0 0.241250 0.403230 0.011842 0.011758
0 0.397333 0.262185 0.012677 0.012717
0 0.344812 0.296958 0.022535 0.022242
0 0.588204 0.152878 0.011263 0.011048
0 0.531144 0.636037 0.021895 0.022240
0 0.244943 0.673584 0.011947 0.011838
0 0.681251 0.009030 0.012186 0.012414
0 0.250427 0.736901 0.010294 0.010359
0 0.228228 0.659485 0.010854 0.011087
0 0.448863 0.212317 0.016169 0.016145
0 0.286758 0.498863 0.011533 0.011790
0 0.223572 0.648287 0.011781 0.011673
0 0.096159 0.952406 0.013170 0.012656
0 0.157706 0.127602 0.012233 0.012403
0 0.401628 0.741539 0.013541 0.013012
0 0.983283 0.351013 0.011174 0.011461
0 0.616800 0.778282 0.010442 0.010537
0 0.235792 0.087373 0.013877 0.014543
0 0.544998 0.857899 0.009672 0.010002
0 0.375656 0.623866 0.012893 0.012251
