0 0.653491 0.668062 0.012474 0.012370
0 0.530916 0.102534 0.013277 0.013221
0 0.550206 0.361764 0.013638 0.013646
0 0.929653 0.747717 0.013266 0.013394
0 0.444482 0.127851 0.013541 0.013359
0 0.563801 0.409863 0.010941 0.010879
0 0.774698 0.924422 0.013454 0.013359
0 0.655412 0.864601 0.013062 0.012891
0 0.749655 0.618584 0.013322 0.013083
0 0.166904 0.128630 0.012469 0.012341
0 0.525237 0.349307 0.013201 0.013144
0 0.838236 0.771524 0.011418 0.011426
0 0.896365 0.762794 0.012541 0.012204
0 0.230316 0.233933 0.014087 0.014154
0 0.253194 0.264352 0.011625 0.011585
0 0.535155 0.483033 0.012578 0.012569
0 0.430218 0.486257 0.013752 0.013847
0 0.335619 0.079524 0.012694 0.012490
0 0.129919 0.193240 0.012847 0.012835
0 0.882778 0.522089 0.013035 0.012870
0 0.874096 0.972217 0.012042 0.011908
0 0.505145 0.604527 0.012308 0.012175
0 0.256261 0.219681 0.013831 0.013935
0 0.594576 0.497888 0.013497 0.013469
0 0.284400 0.807665 0.012862 0.013098
0 0.460317 0.087692 0.012548 0.012363
0 0.298303 0.294155 0.011951 0.011805
0 0.443918 0.342800 0.011462 0.011488
0 0.522186 0.139365 0.014579 0.014803
0 0.608641 0.300522 0.012118 0.011730
0 0.570264 0.697914 0.013256 0.013402
0 0.507495 0.445129 0.013292 0.012976
0 0.484487 0.827697 0.012280 0.012317
0 0.613496 0.016317 0.012658 0.012439
0 0.458372 0.961701 0.012807 0.012601
0 0.948167 0.220305 0.012735 0.012749
0 0.274569 0.030351 0.012440 0.012025
0 0.410484 0.635057 0.013178 0.012971
0 0.624147 0.331218 0.013142 0.013064
0 0.563122 0.026739 0.013381 0.013326
0 0.398237 0.369992 0.011880 0.011632
0 0.703504 0.514820 0.012482 0.012430
0 0.543989 0.595706 0.012446 0.012531
0 0.450658 0.369472 0.012733 0.012583
0 0.274756 0.752443 0.011216 0.011111
0 0.680108 0.693280 0.013290 0.013239
0 0.855195 0.319829 0.013008 0.012824
0 0.622848 0.637866 0.013025 0.013168
0 0.414705 0.827462 0.012474 0.012406
0 0.370209 0.055354 0.012286 0.011943
0 0.058252 0.183223 0.013854 0.013692
0 0.704552 0.059736 0.013138 0.012829
0 0.600625 0.223578 0.011683 0.011430
0 0.377691 0.536755 0.011422 0.011428
0 0.037850 0.958644 0.013350 0.013396
0 0.109856 0.980709 0.013538 0.013599
0 0.259956 0.113022 0.012316 0.012281
0 0.369175 0.777827 0.013137 0.013004
0 0.249827 0.583243 0.013012 0.012856
0 0.663963 0.055303 0.011484 0.011655
0 0.441348 0.059183 0.012327 0.012280
0 0.222272 0.470507 0.012727 0.012751
0 0.662795 0.746479 0.013523 0.013674
0 0.995685 0.745478 0.008626 0.014858
0 0.331807 0.518844 0.012292 0.012107
0 0.139616 0.344434 0.012901 0.013012
0 0.743663 0.074435 0.010969 0.010852
0 0.037403 0.695513 0.011436 0.011392
0 0.489802 0.006677 0.012597 0.012695
0 0.942299 0.567311 0.012676 0.012760
0 0.158599 0.467282 0.011610 0.011708
0 0.882608 0.366150 0.012482 0.012486
0 0.193539 0.721243 0.011484 0.011264
0 0.283404 0.403689 0.012115 0.011980
0 0.008155 0.087012 0.012124 0.011737
0 0.185720 0.891726 0.012592 0.012722
0 0.271643 0.993295 0.011050 0.010934
0 0.114075 0.339922 0.013287 0.013362
0 0.304724 0.791292 0.012374 0.012624
0 0.225433 0.651654 0.012455 0.012113
0 0.184235 0.621271 0.012973 0.012868
0 0.026563 0.572940 0.011869 0.012035
0 0.495580 0.543830 0.014173 0.014451
0 0.702654 0.593968 0.013273 0.012943
0 0.291457 0.705609 0.012471 0.012848
0 0.540979 0.973552 0.011891 0.011908
0 0.015863 0.727581 0.012577 0.012919
0 0.492362 0.992550 0.013487 0.013189
0 0.997175 0.939439 0.005600 0.012136
0 0.384840 0.980303 0.012185 0.012395
0 0.980822 0.678519 0.012151 0.012380
0 0.344362 0.289698 0.024445 0.024346
0 0.315021 0.221089 0.012123 0.012332
0 0.002531 0.722277 0.005062 0.010472
0 0.739757 0.276626 0.012313 0.012599
0 0.788216 0.005208 0.012030 0.010416
0 0.849908 0.710933 0.023183 0.023564
0 0.827176 0.629674 0.012906 0.012926
0 0.531788 0.629997 0.023968 0.023789
0 0.458787 0.585575 0.010837 0.010324
0 0.997562 0.918028 0.004859 0.011237
0 0.786025 0.005168 0.013885 0.010187
