0 0.694099 0.571204 0.012653 0.012473
0 0.597251 0.854378 0.011725 0.011589
0 0.049704 0.665681 0.013453 0.013343
0 0.260612 0.076100 0.014143 0.013930
0 0.664251 0.112047 0.011141 0.011048
0 0.363043 0.419296 0.013173 0.013165
0 0.091792 0.289641 0.012024 0.011981
0 0.282734 0.295545 0.013380 0.013416
0 0.748635 0.616357 0.012959 0.012799
0 0.167381 0.155409 0.012448 0.012342
0 0.078458 0.192623 0.012522 0.012420
0 0.350039 0.082824 0.012568 0.012127
0 0.118910 0.438913 0.013334 0.013158
0 0.462261 0.959650 0.013266 0.013069
0 0.244509 0.433640 0.012560 0.012304
0 0.415459 0.796952 0.012757 0.012822
0 0.279894 0.564313 0.012327 0.012284
0 0.849074 0.716127 0.018329 0.018217
0 0.671455 0.510767 0.012944 0.012981
0 0.840820 0.926601 0.012059 0.011872
0 0.244489 0.517783 0.012694 0.012726
0 0.759235 0.386953 0.012745 0.012597
0 0.472234 0.708105 0.013863 0.013712
0 0.510349 0.307239 0.012080 0.011662
0 0.832673 0.341402 0.012711 0.012829
0 0.543364 0.972545 0.012859 0.012535
0 0.429059 0.223322 0.012498 0.012288
0 0.712016 0.389336 0.012867 0.012845
0 0.674715 0.719545 0.012822 0.013131
0 0.669775 0.683201 0.011934 0.011852
0 0.442744 0.954277 0.012624 0.012434
0 0.900930 0.895552 0.011985 0.011964
0 0.152456 0.976067 0.013285 0.013263
0 0.542801 0.181535 0.012576 0.012451
0 0.381598 0.348047 0.013490 0.013503
0 0.148167 0.570288 0.011635 0.011488
0 0.894939 0.007033 0.012691 0.012771
0 0.075904 0.527985 0.012912 0.012994
0 0.187452 0.889295 0.012751 0.012641
0 0.568280 0.651715 0.011097 0.010837
0 0.388357 0.858186 0.014193 0.014381
0 0.242761 0.808575 0.012080 0.011831
0 0.100771 0.511777 0.013355 0.013245
0 0.279508 0.440080 0.013361 0.013457
0 0.231991 0.244432 0.012290 0.012345
0 0.433840 0.698674 0.012167 0.012074
0 0.142061 0.298844 0.011100 0.011196
0 0.963843 0.095451 0.010744 0.011098
0 0.992481 0.020895 0.011303 0.010981
0 0.368870 0.249523 0.012784 0.012706
0 0.084803 0.379668 0.011591 0.011216
0 0.342971 0.296827 0.021597 0.021295
0 0.524065 0.342150 0.012375 0.012403
0 0.110076 0.979911 0.012867 0.012924
0 0.568949 0.367399 0.011752 0.011675
0 0.226339 0.649860 0.012686 0.012266
0 0.415131 0.583553 0.014315 0.014279
0 0.463402 0.208492 0.013263 0.013514
0 0.724614 0.112676 0.011225 0.011510
0 0.223703 0.466454 0.012477 0.012469
0 0.009918 0.594612 0.011743 0.012063
0 0.275681 0.178308 0.012625 0.012707
0 0.649787 0.652386 0.012049 0.011608
0 0.651111 0.537536 0.009541 0.009479
0 0.598793 0.274601 0.010548 0.010350
0 0.774093 0.190593 0.011102 0.011120
0 0.530296 0.636797 0.022146 0.022513
0 0.008412 0.793002 0.013205 0.013421
0 0.045545 0.627771 0.010681 0.010660
0 0.640726 0.770365 0.011993 0.011578
0 0.974406 0.897841 0.011388 0.011763
0 0.375589 0.226192 0.015563 0.015358
0 0.651005 0.988309 0.011543 0.011869
0 0.405819 0.018202 0.011063 0.010971
0 0.587549 0.320340 0.010374 0.010180
0 0.325552 0.082389 0.012565 0.012223
0 0.002615 0.953715 0.005180 0.012980
0 0.455966 0.040724 0.011952 0.012385
0 0.632501 0.085075 0.019147 0.018939
0 0.863876 0.868864 0.011700 0.011474
0 0.421386 0.290098 0.012368 0.012465
0 0.493662 0.475137 0.011803 0.011656
0 0.698337 0.821096 0.017727 0.017153
0 0.790380 0.733892 0.014538 0.014080
0 0.635168 0.109103 0.012237 0.012339
0 0.626512 0.488542 0.010559 0.010668
0 0.777064 0.267721 0.011751 0.011952
0 0.986332 0.219924 0.012210 0.012019
0 0.169842 0.739618 0.011310 0.011207
0 0.921271 0.145739 0.018197 0.017899
0 0.792318 0.734777 0.014451 0.014268
0 0.664124 0.834048 0.011481 0.011393
0 0.779953 0.013832 0.010053 0.009738
