0 0.463990 0.092332 0.013682 0.013570
0 0.140903 0.294726 0.012594 0.012584
0 0.619673 0.384275 0.012838 0.012823
0 0.512405 0.795736 0.013048 0.012885
0 0.283597 0.616610 0.013985 0.013841
0 0.151029 0.223002 0.013105 0.013251
0 0.723132 0.457796 0.013074 0.012899
0 0.524976 0.346288 0.013098 0.012988
0 0.458347 0.448186 0.013636 0.013637
0 0.836869 0.804329 0.012082 0.012186
0 0.749576 0.615485 0.012671 0.012771
0 0.484311 0.400321 0.013137 0.013434
0 0.041204 0.402982 0.011926 0.012054
0 0.543491 0.972077 0.013679 0.013292
0 0.777009 0.953510 0.012377 0.012305
0 0.759657 0.876762 0.012144 0.012152
0 0.729368 0.421047 0.010293 0.010206
0 0.509057 0.262488 0.012766 0.013056
0 0.458302 0.957028 0.013349 0.013163
0 0.430903 0.165461 0.012853 0.013188
0 0.712758 0.578949 0.011206 0.011161
0 0.792034 0.137224 0.011268 0.011393
0 0.604917 0.931770 0.013349 0.013299
0 0.666448 0.565113 0.012340 0.012477
0 0.142017 0.604535 0.011995 0.011965
0 0.808747 0.955397 0.012408 0.012351
0 0.119012 0.650457 0.011964 0.012012
0 0.588128 0.256838 0.012369 0.012362
0 0.158336 0.407159 0.012311 0.012455
0 0.330062 0.411277 0.011614 0.011575
0 0.478181 0.026469 0.011256 0.011201
0 0.216358 0.817622 0.013225 0.013037
0 0.560735 0.320912 0.013784 0.013699
0 0.222829 0.467199 0.012851 0.012915
0 0.424786 0.305883 0.011178 0.011352
0 0.232607 0.175377 0.012047 0.011904
0 0.122498 0.560640 0.012760 0.012707
0 0.152743 0.736363 0.013509 0.013393
0 0.134473 0.457646 0.012869 0.013063
0 0.614818 0.521318 0.011910 0.011973
0 0.005355 0.676446 0.010710 0.013419
0 0.589429 0.324933 0.012906 0.013079
0 0.934163 0.434608 0.011884 0.011869
0 0.866290 0.362311 0.011546 0.011471
0 0.339669 0.972957 0.013096 0.013112
0 0.462151 0.550802 0.013334 0.013254
0 0.342716 0.084849 0.012459 0.012010
0 0.186732 0.890220 0.012850 0.012948
0 0.869510 0.787554 0.012420 0.012514
0 0.109389 0.979103 0.013681 0.013837
0 0.744313 0.858177 0.012021 0.011722
0 0.585060 0.884369 0.012047 0.011971
0 0.587612 0.226660 0.010992 0.010786
0 0.599536 0.064456 0.011412 0.010965
0 0.941321 0.260217 0.011755 0.011615
0 0.798048 0.783360 0.011469 0.011704
0 0.243097 0.775966 0.012598 0.012297
0 0.958898 0.060029 0.010918 0.010749
0 0.088552 0.041007 0.011895 0.011696
0 0.719625 0.809200 0.013076 0.012874
0 0.220921 0.651004 0.013143 0.013005
0 0.240044 0.321397 0.012249 0.012228
0 0.518301 0.567344 0.012528 0.012684
0 0.851684 0.379307 0.011171 0.011114
0 0.175944 0.440699 0.013519 0.013223
0 0.264491 0.018475 0.011188 0.011375
0 0.530861 0.637060 0.022285 0.022680
0 0.773688 0.071662 0.009154 0.009520
0 0.344251 0.296763 0.022497 0.022277
0 0.448542 0.212171 0.016335 0.016227
0 0.701650 0.819734 0.018334 0.017730
0 0.652685 0.832234 0.011275 0.011553
0 0.843748 0.421372 0.011872 0.012142
0 0.997093 0.610535 0.005814 0.015152
0 0.846578 0.717384 0.020689 0.020245
0 0.331891 0.518064 0.012019 0.011844
0 0.103225 0.621284 0.011792 0.011845
0 0.554702 0.714480 0.011991 0.012221
0 0.844207 0.104035 0.010474 0.010446
0 0.032514 0.565766 0.010389 0.010415
0 0.784654 0.730475 0.020540 0.020103
0 0.851492 0.592789 0.011462 0.011984
0 0.632438 0.083630 0.014277 0.014275
0 0.009306 0.261546 0.011842 0.011948
0 0.501627 0.169142 0.009980 0.009849
0 0.226615 0.771886 0.013266 0.012986
0 0.975365 0.365776 0.011773 0.010638
0 0.737261 0.785540 0.011585 0.011242
0 0.827764 0.432436 0.011098 0.011025
0 0.538844 0.734111 0.019800 0.019634
0 0.973688 0.364874 0.011676 0.011185
0 0.065248 0.736379 0.011105 0.010888
