0 0.749622 0.616316 0.012636 0.012400
0 0.088742 0.944514 0.012058 0.011928
0 0.153665 0.309296 0.013192 0.013147
0 0.461421 0.959644 0.012149 0.012022
0 0.263646 0.167723 0.012327 0.012143
0 0.298478 0.656466 0.013654 0.013556
0 0.019450 0.904740 0.013288 0.013210
0 0.245275 0.404649 0.012756 0.012671
0 0.318414 0.204764 0.012788 0.012738
0 0.517133 0.555095 0.014780 0.014530
0 0.033975 0.957633 0.011587 0.011248
0 0.061295 0.476195 0.012411 0.012507
0 0.186450 0.888859 0.012969 0.012737
0 0.066241 0.206883 0.013274 0.013309
0 0.053893 0.128183 0.011437 0.011236
0 0.637051 0.396707 0.011729 0.011818
0 0.188507 0.242327 0.011962 0.011975
0 0.154785 0.746870 0.012845 0.012722
0 0.064646 0.745109 0.013163 0.013413
0 0.418519 0.654769 0.012247 0.012198
0 0.149584 0.516619 0.012309 0.012166
0 0.544016 0.973759 0.012004 0.011851
0 0.575687 0.345346 0.012785 0.013040
0 0.201458 0.346226 0.012233 0.012136
0 0.648932 0.584282 0.011747 0.011539
0 0.110141 0.979624 0.013449 0.013340
0 0.950133 0.722407 0.011714 0.011782
0 0.415507 0.317523 0.011232 0.011133
0 0.677554 0.513181 0.011933 0.011736
0 0.782419 0.828728 0.012722 0.012632
0 0.531383 0.634258 0.019222 0.019600
0 0.038805 0.814988 0.012265 0.012039
0 0.883852 0.694346 0.012019 0.012153
0 0.024054 0.781256 0.011599 0.011397
0 0.451131 0.934616 0.011924 0.012047
0 0.227020 0.649631 0.012920 0.012981
0 0.299146 0.118236 0.011459 0.011188
0 0.558682 0.416470 0.013007 0.013082
0 0.012416 0.057689 0.012102 0.011885
0 0.845366 0.691598 0.011313 0.010871
0 0.567057 0.170821 0.012555 0.012698
0 0.518140 0.312490 0.011480 0.011007
0 0.127354 0.507303 0.012196 0.012241
0 0.366286 0.074043 0.013152 0.013232
0 0.497347 0.659213 0.013270 0.013244
0 0.653726 0.429955 0.011626 0.011590
0 0.356894 0.498382 0.012104 0.012308
0 0.908475 0.484949 0.012064 0.012061
0 0.258504 0.387101 0.011963 0.011871
0 0.160964 0.810805 0.013018 0.013099
0 0.389275 0.095145 0.012188 0.012324
0 0.008146 0.616458 0.013184 0.012938
0 0.111577 0.021119 0.012464 0.012710
0 0.806453 0.441921 0.010144 0.009762
0 0.434526 0.779177 0.012074 0.012071
0 0.222504 0.467195 0.013152 0.013214
0 0.469210 0.225528 0.012927 0.012956
0 0.692764 0.006297 0.013818 0.012435
0 0.223726 0.908617 0.012563 0.012765
0 0.641460 0.975623 0.011826 0.011945
0 0.391276 0.669822 0.012507 0.012635
0 0.633100 0.084923 0.016734 0.016350
0 0.978786 0.515139 0.011813 0.011959
0 0.295305 0.403795 0.011619 0.011862
0 0.343444 0.297384 0.022248 0.022077
0 0.197717 0.472170 0.009157 0.009269
0 0.010725 0.389210 0.011312 0.011413
0 0.538423 0.347615 0.012276 0.012241
0 0.702389 0.821056 0.019087 0.018464
0 0.795599 0.712024 0.011841 0.012140
0 0.846983 0.716271 0.020155 0.020127
