0 0.824335 0.515355 0.012200 0.012424
0 0.952720 0.860002 0.012602 0.012604
0 0.812071 0.566802 0.013896 0.013812
0 0.478287 0.745969 0.013502 0.013473
0 0.680091 0.350022 0.010758 0.010910
0 0.748655 0.618645 0.013404 0.013211
0 0.229686 0.411274 0.013060 0.012914
0 0.167432 0.563898 0.013203 0.013172
0 0.860459 0.445999 0.013770 0.013843
0 0.542752 0.371120 0.011915 0.011719
0 0.287921 0.118150 0.011999 0.011918
0 0.447714 0.130405 0.013957 0.013900
0 0.142553 0.657886 0.013844 0.013895
0 0.441451 0.636548 0.013942 0.014042
0 0.468480 0.426344 0.013627 0.013304
0 0.876272 0.660668 0.012836 0.012961
0 0.459723 0.503814 0.012626 0.012526
0 0.536041 0.312255 0.014365 0.014110
0 0.041520 0.602339 0.012576 0.012431
0 0.384698 0.502093 0.013164 0.013082
0 0.803102 0.297075 0.013245 0.013110
0 0.221869 0.469576 0.012250 0.012270
0 0.524531 0.349142 0.012915 0.012774
0 0.487082 0.606598 0.013675 0.013565
0 0.795236 0.482700 0.012153 0.012043
0 0.777520 0.364302 0.011921 0.011752
0 0.236528 0.476477 0.013900 0.014000
0 0.274502 0.827000 0.011215 0.011239
0 0.152707 0.379390 0.012134 0.012379
0 0.759825 0.555786 0.013066 0.013122
0 0.926721 0.351197 0.012380 0.012215
0 0.163516 0.623820 0.013722 0.013687
0 0.051340 0.224866 0.011791 0.011765
0 0.266847 0.167444 0.013616 0.013430
0 0.543635 0.974977 0.013039 0.012956
0 0.459921 0.959096 0.012962 0.013018
0 0.237536 0.068201 0.012304 0.012297
0 0.368798 0.318345 0.014432 0.014430
0 0.270148 0.034634 0.012745 0.012551
0 0.796606 0.704261 0.013048 0.013100
0 0.769930 0.086586 0.013656 0.013429
0 0.056147 0.419515 0.014181 0.014171
0 0.107337 0.195894 0.012598 0.012512
0 0.696736 0.077656 0.013688 0.013576
0 0.531770 0.085827 0.014400 0.014786
0 0.269321 0.755076 0.012099 0.011969
0 0.124140 0.432321 0.012035 0.012094
0 0.189217 0.096323 0.012788 0.012687
0 0.571982 0.970071 0.011179 0.011600
0 0.578196 0.656466 0.013457 0.013478
0 0.087066 0.323021 0.012705 0.012576
0 0.614434 0.952321 0.012587 0.012857
0 0.584916 0.891918 0.010848 0.010913
0 0.774008 0.034385 0.014180 0.014316
0 0.556387 0.548650 0.014702 0.014849
0 0.103140 0.262074 0.011286 0.011487
0 0.496038 0.543350 0.014572 0.014560
0 0.931180 0.228301 0.013583 0.013370
0 0.444783 0.471767 0.012077 0.012185
0 0.129179 0.540226 0.012589 0.012400
0 0.869888 0.758760 0.013439 0.013405
0 0.098732 0.420536 0.010193 0.010121
0 0.026702 0.498648 0.012227 0.012396
0 0.185621 0.892057 0.012842 0.012795
0 0.115137 0.405706 0.013746 0.013995
0 0.268552 0.278385 0.012605 0.012409
0 0.601643 0.692040 0.011797 0.011745
0 0.395693 0.673192 0.013105 0.013190
0 0.870123 0.037495 0.013852 0.013976
0 0.589406 0.511379 0.012615 0.012636
0 0.296426 0.741363 0.012719 0.012747
0 0.600841 0.086299 0.013260 0.013227
0 0.095046 0.226355 0.012405 0.012122
0 0.647586 0.187562 0.012610 0.012666
0 0.098725 0.836633 0.012908 0.012908
0 0.675729 0.437834 0.012500 0.012292
0 0.630026 0.047725 0.013712 0.013472
0 0.029161 0.961295 0.011771 0.011858
0 0.331889 0.517973 0.012301 0.012151
0 0.293652 0.510728 0.014570 0.014920
0 0.465728 0.976503 0.012698 0.012787
0 0.004912 0.830005 0.009654 0.011125
0 0.717932 0.155122 0.012987 0.012976
0 0.383856 0.022703 0.011210 0.011140
0 0.577221 0.344366 0.012072 0.012322
0 0.781767 0.341002 0.012411 0.012296
0 0.189995 0.223392 0.011997 0.011808
0 0.459797 0.050406 0.012534 0.012637
0 0.848873 0.711276 0.022942 0.022943
0 0.461023 0.002626 0.011369 0.005249
0 0.004001 0.776466 0.007997 0.012952
0 0.250804 0.199030 0.012462 0.012246
0 0.285751 0.550264 0.010978 0.010825
0 0.928231 0.430041 0.012173 0.012041
0 0.911242 0.030188 0.014004 0.013524
0 0.241183 0.203575 0.010285 0.010410
0 0.986444 0.124291 0.012302 0.012023
0 0.441582 0.059536 0.011669 0.011628
0 0.109026 0.981844 0.012517 0.012749
0 0.385172 0.746897 0.011217 0.011232
0 0.125222 0.816315 0.012135 0.011945
0 0.117212 0.905511 0.011482 0.011503
0 0.200531 0.290848 0.013518 0.013360
0 0.359469 0.207352 0.012368 0.011917
0 0.905431 0.786285 0.013376 0.013245
0 0.225256 0.653172 0.011123 0.011045
0 0.134344 0.494229 0.009860 0.009956
0 0.456525 0.814505 0.013229 0.013264
0 0.437277 0.591181 0.010135 0.010304
0 0.417145 0.088811 0.011031 0.011322
0 0.787111 0.005398 0.012917 0.010795
0 0.223352 0.653586 0.011679 0.011240
0 0.569637 0.001617 0.013365 0.003234
0 0.522916 0.064460 0.010092 0.010572
0 0.584544 0.231578 0.013080 0.013406
