0 0.211458 0.219447 0.012945 0.012851
0 0.749389 0.616544 0.012335 0.012187
0 0.116676 0.067060 0.012743 0.012651
0 0.266871 0.170672 0.011828 0.011795
0 0.058824 0.471311 0.010679 0.010407
0 0.277026 0.408882 0.012445 0.012535
0 0.162720 0.813898 0.013492 0.013414
0 0.423178 0.316586 0.011009 0.010931
0 0.202096 0.475580 0.012603 0.012262
0 0.114860 0.227894 0.011477 0.011630
0 0.166864 0.752829 0.013363 0.013186
0 0.041754 0.018735 0.012518 0.012753
0 0.459812 0.957924 0.012251 0.012363
0 0.447108 0.262348 0.011863 0.011597
0 0.375712 0.420250 0.011197 0.011124
0 0.535740 0.322187 0.011748 0.011720
0 0.056614 0.267280 0.011156 0.011205
0 0.937542 0.470533 0.011744 0.011580
0 0.016845 0.601154 0.013126 0.012862
0 0.127552 0.518651 0.012607 0.012783
0 0.326248 0.123224 0.011722 0.012114
0 0.234868 0.789402 0.013097 0.012946
0 0.455630 0.152890 0.011853 0.011952
0 0.450624 0.901158 0.012082 0.012013
0 0.187560 0.889253 0.012624 0.012598
0 0.593872 0.417176 0.012872 0.012671
0 0.750318 0.680822 0.011474 0.011516
0 0.039193 0.398352 0.010826 0.010801
0 0.815732 0.831269 0.011472 0.011479
0 0.529813 0.637951 0.018765 0.019600
0 0.644718 0.317780 0.010866 0.010799
0 0.479240 0.641536 0.013973 0.013632
0 0.432887 0.755960 0.011023 0.011402
0 0.543031 0.973462 0.011459 0.011337
0 0.148623 0.924264 0.011751 0.011596
0 0.327119 0.520457 0.010415 0.010368
0 0.890306 0.949729 0.011169 0.010549
0 0.723437 0.267052 0.012537 0.012298
0 0.409368 0.220860 0.010855 0.010810
0 0.576557 0.325460 0.011397 0.011401
0 0.553836 0.113688 0.011679 0.011692
0 0.109126 0.978788 0.013374 0.013328
0 0.676551 0.794520 0.012238 0.012139
0 0.226610 0.649469 0.012377 0.012100
0 0.338714 0.063106 0.012026 0.012136
0 0.358036 0.521599 0.010516 0.010589
0 0.847853 0.718032 0.020411 0.019837
0 0.720925 0.712483 0.011681 0.011895
0 0.402565 0.363198 0.010789 0.010750
0 0.701438 0.821373 0.019078 0.018436
0 0.374340 0.739759 0.013198 0.012872
0 0.100181 0.201799 0.012912 0.012959
0 0.344339 0.296996 0.020864 0.020751
0 0.449058 0.212962 0.016457 0.016457
0 0.286928 0.362338 0.011987 0.011958
0 0.686824 0.006091 0.012684 0.011966
0 0.719577 0.335740 0.010369 0.009901
0 0.122545 0.827076 0.010275 0.010348
0 0.995892 0.630016 0.008210 0.016040
0 0.993177 0.273115 0.011167 0.011377
0 0.133933 0.811008 0.011194 0.010676
0 0.118899 0.541748 0.012612 0.012116
0 0.668245 0.189516 0.012312 0.011926
