0 0.849421 0.140341 0.012996 0.012918
0 0.108110 0.382113 0.012575 0.012399
0 0.051953 0.369586 0.012509 0.012378
0 0.436041 0.098041 0.012672 0.012668
0 0.211471 0.597000 0.012532 0.012521
0 0.968268 0.409419 0.013086 0.013008
0 0.903233 0.541755 0.013148 0.013120
0 0.465849 0.147823 0.013683 0.013514
0 0.848838 0.394533 0.013652 0.013674
0 0.149128 0.176686 0.013075 0.012998
0 0.654725 0.559001 0.013497 0.013414
0 0.860571 0.308556 0.013538 0.013320
0 0.720061 0.501941 0.014372 0.014278
0 0.657798 0.093294 0.012556 0.012558
0 0.278966 0.436586 0.011965 0.011727
0 0.790207 0.426650 0.013059 0.013047
0 0.049871 0.899601 0.011411 0.011382
0 0.865208 0.743314 0.012827 0.012894
0 0.928133 0.042727 0.011953 0.011906
0 0.931589 0.203935 0.013247 0.013296
0 0.808662 0.571639 0.012882 0.012976
0 0.671766 0.328426 0.012385 0.012268
0 0.618390 0.099087 0.011778 0.011598
0 0.261711 0.130001 0.012833 0.012736
0 0.657207 0.419674 0.012679 0.012620
0 0.556324 0.531353 0.013855 0.013950
0 0.555531 0.192535 0.012906 0.012766
0 0.092527 0.646895 0.012469 0.012466
0 0.490223 0.946007 0.013812 0.013841
0 0.437829 0.048947 0.014289 0.014235
0 0.420318 0.242052 0.012173 0.012103
0 0.564905 0.364240 0.011855 0.011875
0 0.377412 0.266819 0.012316 0.012229
0 0.695199 0.266963 0.012246 0.012070
0 0.734393 0.621650 0.013832 0.013871
0 0.883718 0.181884 0.012375 0.012307
0 0.105543 0.166997 0.012025 0.012048
0 0.199883 0.557499 0.012636 0.012531
0 0.993565 0.479235 0.012753 0.013277
0 0.503604 0.358622 0.012672 0.012736
0 0.648822 0.577001 0.011996 0.011965
0 0.017261 0.912709 0.012101 0.012204
0 0.386711 0.848463 0.013706 0.013439
0 0.889186 0.588228 0.011984 0.012060
0 0.530668 0.727509 0.012414 0.012375
0 0.453709 0.539767 0.012643 0.012668
0 0.925017 0.854715 0.013542 0.013313
0 0.899584 0.070131 0.011765 0.011562
0 0.868364 0.107357 0.011938 0.011814
0 0.802655 0.647494 0.012988 0.012865
0 0.472016 0.478842 0.013409 0.013360
0 0.859241 0.525530 0.014133 0.013997
0 0.405997 0.366144 0.014161 0.013829
0 0.647267 0.356183 0.012606 0.012449
0 0.907599 0.695837 0.012869 0.012984
0 0.584626 0.268027 0.010022 0.009813
0 0.737928 0.709753 0.014382 0.014103
0 0.828681 0.017778 0.013781 0.013835
0 0.767461 0.533786 0.013010 0.012761
0 0.166454 0.767062 0.011587 0.011573
0 0.537887 0.546534 0.011860 0.011664
0 0.372396 0.369725 0.012760 0.012626
0 0.101717 0.344127 0.013328 0.013791
0 0.664242 0.758478 0.013004 0.012848
0 0.476151 0.689910 0.012522 0.012511
0 0.087731 0.928363 0.011993 0.011841
0 0.404978 0.223385 0.010882 0.011089
0 0.649228 0.669897 0.013656 0.013703
0 0.883909 0.117043 0.009270 0.009491
0 0.949329 0.656228 0.012151 0.012180
0 0.012913 0.322103 0.013263 0.013245
0 0.115097 0.708386 0.012513 0.012353
0 0.460502 0.282841 0.011241 0.011011
0 0.437876 0.621889 0.012943 0.012900
0 0.383670 0.737152 0.012779 0.012955
0 0.635787 0.975252 0.013930 0.014033
0 0.354451 0.824993 0.012389 0.012183
0 0.010922 0.828208 0.011518 0.011346
0 0.369281 0.715112 0.012980 0.013268
0 0.800875 0.761863 0.012109 0.012273
0 0.317014 0.343867 0.012424 0.012329
0 0.913225 0.928253 0.012365 0.012436
0 0.390193 0.714955 0.013254 0.013188
0 0.413175 0.888358 0.013270 0.013375
0 0.966387 0.606674 0.011728 0.011325
0 0.431953 0.547764 0.013401 0.013481
0 0.275409 0.650994 0.013100 0.013397
0 0.750228 0.716765 0.012699 0.012762
0 0.403493 0.973274 0.013596 0.013493
0 0.225940 0.434302 0.012309 0.012512
0 0.804253 0.540409 0.011294 0.011189
0 0.183296 0.619014 0.013721 0.013740
0 0.349330 0.291098 0.024002 0.024253
0 0.983621 0.513598 0.013957 0.013545
0 0.554422 0.776836 0.014094 0.014206
0 0.221020 0.826773 0.012200 0.012265
0 0.814820 0.477330 0.009593 0.009628
0 0.706683 0.661253 0.013104 0.012942
0 0.535201 0.630603 0.023570 0.022988
0 0.879437 0.978665 0.012922 0.013094
0 0.292787 0.681382 0.012856 0.012847
0 0.868991 0.570049 0.011581 0.011767
0 0.118541 0.942199 0.011563 0.011362
0 0.399315 0.826538 0.013048 0.013010
0 0.299456 0.787274 0.012426 0.012618
0 0.970655 0.033301 0.009679 0.009410
0 0.751797 0.436554 0.011587 0.011494
0 0.734816 0.880184 0.013207 0.013194
0 0.554647 0.961776 0.014085 0.014215
0 0.425803 0.441774 0.012867 0.012690
0 0.951475 0.023683 0.010660 0.010751
0 0.276121 0.939913 0.012610 0.012633
0 0.848548 0.545993 0.012066 0.012402
0 0.761865 0.098132 0.014295 0.014157
0 0.657991 0.998117 0.012894 0.003758
0 0.759066 0.094826 0.013303 0.013531
0 0.162594 0.024176 0.011933 0.012104
0 0.159242 0.006108 0.013581 0.011530
0 0.757507 0.092961 0.013624 0.013389
0 0.763576 0.099368 0.014196 0.014158
0 0.998357 0.686129 0.003271 0.011395
