0 0.063175 0.858596 0.013279 0.013093
0 0.233421 0.143908 0.012054 0.012009
0 0.401839 0.267931 0.012661 0.012675
0 0.178427 0.241236 0.011757 0.011649
0 0.279559 0.217869 0.012083 0.011845
0 0.060150 0.475009 0.011979 0.012027
0 0.236832 0.417268 0.013095 0.013009
0 0.798370 0.888579 0.012984 0.012973
0 0.525432 0.400220 0.013597 0.013654
0 0.108649 0.754952 0.013840 0.013902
0 0.749391 0.615825 0.011980 0.011740
0 0.958296 0.489165 0.013506 0.013486
0 0.025347 0.779901 0.012143 0.012115
0 0.424514 0.301510 0.010572 0.010384
0 0.256978 0.415168 0.013714 0.013730
0 0.078983 0.719264 0.014030 0.013962
0 0.482816 0.380871 0.011809 0.011884
0 0.294613 0.124810 0.010958 0.010767
0 0.461692 0.959939 0.011698 0.011641
0 0.033378 0.931024 0.012245 0.012042
0 0.317211 0.398529 0.013444 0.013413
0 0.269079 0.851818 0.012057 0.011792
0 0.530110 0.634505 0.017937 0.017846
0 0.523703 0.346832 0.012295 0.012134
0 0.445338 0.539641 0.011770 0.011847
0 0.118893 0.507031 0.012923 0.012569
0 0.381016 0.509450 0.011876 0.012396
0 0.332106 0.516724 0.011462 0.011402
0 0.812316 0.712523 0.012562 0.012651
0 0.221911 0.467509 0.012954 0.012855
0 0.382535 0.560766 0.011328 0.011396
0 0.110211 0.979742 0.014007 0.013909
0 0.186141 0.888229 0.012961 0.012860
0 0.556747 0.176520 0.012884 0.012746
0 0.189152 0.765866 0.011670 0.011520
0 0.639912 0.995093 0.011974 0.009753
0 0.606543 0.641700 0.011123 0.011134
0 0.020892 0.132811 0.010387 0.010780
0 0.289012 0.703889 0.012563 0.012584
0 0.168330 0.787944 0.012888 0.012804
0 0.226751 0.649216 0.012891 0.012656
0 0.159723 0.976707 0.012623 0.012980
0 0.044796 0.559183 0.012969 0.012809
0 0.419110 0.147932 0.011535 0.011302
0 0.592754 0.333199 0.012616 0.012284
0 0.694849 0.006141 0.013342 0.012190
0 0.846917 0.718232 0.020399 0.019713
0 0.144278 0.495489 0.011916 0.011942
0 0.994250 0.377688 0.011443 0.012794
0 0.967394 0.727445 0.010722 0.010248
0 0.707422 0.460456 0.011426 0.011313
0 0.007523 0.967328 0.013866 0.014069
0 0.448777 0.213179 0.015390 0.015185
0 0.791382 0.032982 0.011970 0.011828
0 0.701351 0.822238 0.018087 0.017753
0 0.465278 0.850940 0.012236 0.012339
0 0.345115 0.297028 0.021868 0.021961
0 0.009003 0.945714 0.011748 0.011942
0 0.103770 0.995950 0.013852 0.008084
0 0.464967 0.715501 0.012105 0.012181
0 0.374163 0.490192 0.011023 0.011599
0 0.213203 0.355804 0.010853 0.010844
0 0.375615 0.227501 0.018625 0.018521
0 0.953459 0.893712 0.011186 0.010950
0 0.668964 0.191609 0.015813 0.015424
