0 0.042197 0.424400 0.013900 0.013715
0 0.284408 0.178506 0.012523 0.012224
0 0.365111 0.504249 0.013802 0.013547
0 0.047737 0.609219 0.012389 0.012319
0 0.092417 0.861937 0.013463 0.013259
0 0.748303 0.618796 0.013428 0.013233
0 0.822601 0.317575 0.011982 0.011961
0 0.514023 0.555705 0.013590 0.013576
0 0.556098 0.064434 0.013387 0.013408
0 0.808031 0.557893 0.012109 0.011839
0 0.104065 0.333746 0.012496 0.012252
0 0.838935 0.426374 0.012431 0.012482
0 0.265839 0.833636 0.011648 0.011506
0 0.175170 0.273880 0.012837 0.012820
0 0.859573 0.446654 0.013018 0.013303
0 0.283521 0.131204 0.013566 0.013527
0 0.449021 0.449280 0.014222 0.013935
0 0.105552 0.195638 0.011857 0.011482
0 0.257397 0.166966 0.012040 0.012002
0 0.377491 0.065482 0.013018 0.012943
0 0.527047 0.294434 0.013816 0.013643
0 0.454827 0.959834 0.012462 0.012153
0 0.184840 0.891516 0.013170 0.013035
0 0.862651 0.549870 0.013250 0.013309
0 0.773822 0.496406 0.012545 0.012328
0 0.825999 0.223970 0.012667 0.012585
0 0.628203 0.152129 0.012677 0.012582
0 0.853003 0.574768 0.012854 0.012656
0 0.104952 0.219183 0.011671 0.011784
0 0.921725 0.676477 0.012469 0.012415
0 0.578561 0.501440 0.012822 0.012740
0 0.267568 0.558588 0.011892 0.012100
0 0.686401 0.035495 0.013267 0.013105
0 0.122374 0.458847 0.012698 0.012613
0 0.176899 0.527958 0.012264 0.012349
0 0.434905 0.740639 0.012266 0.012218
0 0.394003 0.286529 0.011657 0.011601
0 0.501109 0.520877 0.014204 0.013995
0 0.108643 0.981253 0.013624 0.013596
0 0.222345 0.469225 0.012725 0.012766
0 0.210006 0.146801 0.013630 0.013542
0 0.542934 0.975006 0.013554 0.013183
0 0.253754 0.213075 0.012080 0.011900
0 0.920536 0.235283 0.013498 0.013552
0 0.298371 0.046343 0.012652 0.012471
0 0.151299 0.447941 0.013460 0.013539
0 0.271039 0.709136 0.012743 0.012845
0 0.524337 0.348503 0.013931 0.013798
0 0.706274 0.110723 0.012663 0.012747
0 0.457746 0.639185 0.012638 0.012140
0 0.910302 0.062596 0.014368 0.014427
0 0.230495 0.517767 0.013688 0.013569
0 0.951903 0.799708 0.013189 0.012947
0 0.518955 0.379403 0.012736 0.012563
0 0.784242 0.252970 0.012691 0.012579
0 0.712983 0.335847 0.012403 0.012450
0 0.857945 0.410837 0.012225 0.012227
0 0.584977 0.657880 0.013376 0.013342
0 0.222080 0.041682 0.012979 0.013030
0 0.517826 0.065000 0.013423 0.013209
0 0.100819 0.263817 0.011251 0.011183
0 0.277257 0.500843 0.012404 0.012259
0 0.484976 0.078962 0.013134 0.013164
0 0.242325 0.746191 0.013477 0.012969
0 0.038829 0.936215 0.013035 0.013134
0 0.648477 0.074003 0.012968 0.013049
0 0.225640 0.652498 0.013518 0.013016
0 0.143319 0.557347 0.012507 0.012244
0 0.119254 0.501166 0.012235 0.012452
0 0.139927 0.654021 0.011863 0.011590
0 0.379734 0.203240 0.013907 0.013873
0 0.749505 0.292234 0.012649 0.012545
0 0.579459 0.903943 0.013428 0.013168
0 0.479581 0.093551 0.013554 0.013493
0 0.276967 0.270598 0.013581 0.012572
0 0.555368 0.916677 0.013333 0.013100
0 0.102398 0.590426 0.012414 0.012702
0 0.436381 0.590194 0.010281 0.010210
0 0.133060 0.498119 0.011827 0.011471
0 0.211858 0.123023 0.011744 0.011566
0 0.004056 0.834020 0.008090 0.013059
0 0.724353 0.409698 0.010501 0.010532
0 0.310002 0.721343 0.013467 0.013331
0 0.419073 0.766565 0.014145 0.014125
0 0.416259 0.451716 0.012829 0.012906
0 0.425573 0.908372 0.013341 0.013445
0 0.691543 0.174450 0.012249 0.012122
0 0.223815 0.131227 0.012484 0.012426
0 0.834038 0.004874 0.011525 0.009687
0 0.389510 0.724881 0.015798 0.015648
0 0.896736 0.762749 0.013779 0.013863
0 0.398236 0.570676 0.011620 0.011460
0 0.421153 0.556951 0.013498 0.013322
0 0.654217 0.694046 0.011422 0.011323
0 0.141051 0.391975 0.012917 0.012657
0 0.158048 0.408767 0.012682 0.012737
0 0.849099 0.710230 0.022588 0.022845
0 0.191277 0.038765 0.012232 0.012110
0 0.363235 0.221862 0.012643 0.012326
0 0.531003 0.631049 0.023205 0.023377
0 0.440246 0.059978 0.012414 0.012317
0 0.996720 0.849485 0.006499 0.015104
0 0.040762 0.169770 0.011208 0.011030
0 0.487398 0.774021 0.013992 0.014057
0 0.983420 0.994422 0.012833 0.011156
0 0.686151 0.413063 0.012637 0.012828
0 0.794629 0.024338 0.011497 0.011448
0 0.861557 0.060058 0.011129 0.011259
0 0.244738 0.485925 0.011559 0.011755
0 0.823391 0.184588 0.012413 0.012546
0 0.479243 0.532911 0.011427 0.011647
0 0.993436 0.361355 0.012982 0.014603
0 0.615605 0.232539 0.011586 0.011641
0 0.532744 0.364881 0.011338 0.011007
0 0.345625 0.290291 0.024274 0.024389
0 0.853565 0.746726 0.012674 0.012585
0 0.771981 0.004388 0.013733 0.008634
0 0.025900 0.789574 0.012607 0.012976
0 0.796892 0.710223 0.013441 0.013955
0 0.331858 0.518212 0.011473 0.011236
0 0.071327 0.043286 0.012178 0.012147
0 0.794958 0.712403 0.014434 0.014084
