0 0.380863 0.525412 0.016629 0.016628
0 0.358283 0.173343 0.015124 0.015276
0 0.288357 0.062201 0.013696 0.013791
0 0.280720 0.433391 0.014984 0.014754
0 0.554065 0.685432 0.014382 0.014118
0 0.481723 0.614443 0.014244 0.014337
0 0.964352 0.426025 0.013011 0.012611
0 0.126502 0.198706 0.015116 0.015249
0 0.900092 0.881481 0.014308 0.014225
0 0.230909 0.674576 0.013938 0.013773
0 0.170092 0.318792 0.015643 0.015647
0 0.487544 0.191095 0.013768 0.013664
0 0.071403 0.402064 0.013718 0.013491
0 0.148080 0.834698 0.013726 0.013708
0 0.155014 0.573276 0.013985 0.013776
0 0.625304 0.223991 0.013850 0.013926
0 0.338202 0.621114 0.015361 0.015232
0 0.624865 0.515709 0.013687 0.013564
0 0.547206 0.282839 0.013937 0.013810
0 0.566115 0.446757 0.014104 0.014072
0 0.239316 0.757150 0.013646 0.013563
0 0.837588 0.820289 0.014030 0.014077
0 0.986148 0.976624 0.013679 0.013645
0 0.940045 0.775678 0.013807 0.013563
0 0.671294 0.262284 0.014916 0.014906
0 0.307932 0.210111 0.014239 0.014347
0 0.946409 0.935791 0.014390 0.014246
0 0.754898 0.677732 0.014071 0.013986
0 0.474811 0.418688 0.015065 0.015161
0 0.755709 0.026207 0.013907 0.013777
0 0.671139 0.478653 0.014121 0.014210
0 0.115253 0.271408 0.013652 0.013665
0 0.446349 0.258765 0.017918 0.017769
0 0.877265 0.963313 0.014801 0.014724
0 0.793174 0.556187 0.015903 0.015782
0 0.763701 0.490206 0.014067 0.014412
0 0.859142 0.819344 0.014694 0.014435
0 0.825857 0.254868 0.014151 0.014108
0 0.925573 0.252175 0.013658 0.013579
0 0.484824 0.896819 0.014823 0.014585
0 0.713345 0.395165 0.013992 0.013849
0 0.248799 0.517670 0.013787 0.013640
0 0.455893 0.762545 0.014181 0.013959
0 0.147608 0.074574 0.017794 0.017956
0 0.849147 0.720414 0.022062 0.022016
0 0.874233 0.385854 0.014152 0.014020
0 0.660510 0.412080 0.013651 0.013397
0 0.738196 0.617423 0.015843 0.015829
0 0.634631 0.602602 0.015219 0.015324
0 0.833072 0.906582 0.014297 0.014148
0 0.870452 0.290273 0.013544 0.013463
0 0.217734 0.021061 0.017230 0.017299
0 0.900184 0.082149 0.012800 0.012712
0 0.305805 0.267832 0.015273 0.015200
0 0.614485 0.960202 0.015052 0.014938
0 0.077700 0.235341 0.015897 0.015882
0 0.119058 0.481202 0.013707 0.013990
0 0.120315 0.715978 0.014694 0.014741
0 0.604249 0.496059 0.014163 0.014220
0 0.341533 0.668365 0.014784 0.015050
0 0.550313 0.093369 0.014292 0.014248
0 0.433036 0.390902 0.014709 0.014622
0 0.251079 0.613949 0.015252 0.015416
0 0.905314 0.980907 0.014842 0.015167
0 0.014676 0.320484 0.014699 0.015001
0 0.738896 0.992141 0.014639 0.014588
0 0.947694 0.629164 0.015473 0.015279
0 0.359005 0.880847 0.013601 0.013484
0 0.485870 0.481935 0.014848 0.014917
0 0.931619 0.984834 0.014218 0.014196
0 0.026637 0.617063 0.014568 0.014611
0 0.785556 0.446507 0.015334 0.015368
0 0.402347 0.284475 0.014461 0.014461
0 0.826552 0.172718 0.013971 0.014107
0 0.644830 0.512239 0.014281 0.014365
0 0.831918 0.142117 0.014558 0.014434
0 0.285459 0.574807 0.015235 0.015383
0 0.346023 0.298817 0.023184 0.022916
0 0.972377 0.180070 0.014111 0.014311
0 0.266057 0.386088 0.015736 0.015472
0 0.246441 0.356798 0.014991 0.015409
0 0.691389 0.758489 0.014126 0.014204
0 0.987501 0.506828 0.016633 0.016369
0 0.324521 0.510227 0.015089 0.015479
0 0.965499 0.132670 0.014721 0.014776
0 0.068607 0.014829 0.013823 0.013653
0 0.113818 0.541897 0.015418 0.015635
0 0.782182 0.149302 0.014946 0.014536
0 0.559247 0.993315 0.017670 0.013371
0 0.992211 0.600743 0.015578 0.016961
0 0.639563 0.959469 0.014771 0.014636
0 0.586825 0.165787 0.014480 0.013973
0 0.895490 0.566270 0.015016 0.015027
0 0.725228 0.113445 0.013936 0.013834
0 0.477400 0.013635 0.017741 0.018056
0 0.658147 0.319078 0.014255 0.014599
0 0.844984 0.564753 0.015956 0.016124
0 0.331606 0.804113 0.015092 0.014963
0 0.092979 0.908888 0.014846 0.014648
0 0.703210 0.537786 0.015285 0.015616
0 0.921498 0.145876 0.019001 0.018410
0 0.985001 0.275653 0.014701 0.014648
0 0.532329 0.614535 0.014413 0.014561
0 0.973928 0.679546 0.013601 0.013431
0 0.905756 0.595891 0.015631 0.015567
0 0.205633 0.438582 0.015688 0.015583
0 0.335111 0.929851 0.014428 0.014046
0 0.669607 0.191282 0.019669 0.019387
0 0.361135 0.650697 0.013835 0.013387
0 0.407808 0.996209 0.015764 0.007563
0 0.843497 0.640874 0.015954 0.015763
0 0.127133 0.954151 0.014412 0.014592
0 0.560747 0.011427 0.016407 0.016095
0 0.607450 0.145793 0.014727 0.015034
0 0.416301 0.447247 0.013649 0.013613
0 0.375836 0.227452 0.020159 0.019982
0 0.870671 0.406398 0.013116 0.013265
0 0.975805 0.057311 0.013195 0.013263
0 0.615107 0.060560 0.014980 0.014893
0 0.638171 0.117825 0.017642 0.017385
0 0.173734 0.593566 0.014486 0.014475
0 0.026014 0.856535 0.013906 0.013545
0 0.003549 0.933893 0.006903 0.015453
0 0.437908 0.218628 0.016936 0.017120
0 0.687815 0.003535 0.014446 0.007060
0 0.739590 0.547293 0.013818 0.013830
0 0.461990 0.731052 0.019164 0.018985
0 0.998227 0.214798 0.003493 0.016400
0 0.598985 0.130179 0.015289 0.014941
0 0.054873 0.002047 0.014500 0.004093
0 0.701683 0.822338 0.020464 0.019765
0 0.969988 0.858036 0.013731 0.014170
0 0.133541 0.054442 0.015412 0.015145
0 0.012380 0.909671 0.013808 0.013418
0 0.809685 0.230010 0.013023 0.012591
0 0.197093 0.628078 0.015937 0.016066
0 0.829645 0.575591 0.015447 0.015396
0 0.810239 0.256775 0.012474 0.012234
