0 0.403355 0.216485 0.013237 0.013247
0 0.556170 0.328322 0.013657 0.013645
0 0.256873 0.198078 0.012299 0.012481
0 0.541145 0.028092 0.013032 0.013139
0 0.365016 0.358171 0.012729 0.012618
0 0.653250 0.377400 0.013843 0.014044
0 0.737972 0.545529 0.014024 0.014302
0 0.907081 0.022988 0.012392 0.012310
0 0.909648 0.459027 0.013007 0.013036
0 0.761280 0.253619 0.012562 0.012864
0 0.807154 0.429123 0.012067 0.012034
0 0.749689 0.286593 0.012582 0.012494
0 0.618126 0.416028 0.013350 0.013433
0 0.563466 0.556639 0.014950 0.014592
0 0.592420 0.638348 0.011165 0.011060
0 0.449747 0.346689 0.012189 0.012366
0 0.901138 0.206586 0.012595 0.012566
0 0.260146 0.161091 0.012785 0.012736
0 0.168175 0.557988 0.010772 0.010642
0 0.454364 0.068602 0.012490 0.012584
0 0.184365 0.185587 0.013940 0.013687
0 0.085140 0.151919 0.013310 0.013286
0 0.400620 0.022934 0.011747 0.011589
0 0.748595 0.617833 0.013179 0.013314
0 0.078768 0.655813 0.012787 0.012793
0 0.456506 0.502868 0.013027 0.013156
0 0.566671 0.396883 0.011822 0.011726
0 0.043371 0.376352 0.013813 0.013604
0 0.705137 0.902495 0.013420 0.013340
0 0.438689 0.174854 0.013972 0.014148
0 0.920970 0.117846 0.012310 0.012292
0 0.738424 0.377023 0.011974 0.011781
0 0.071853 0.116715 0.011684 0.011651
0 0.637584 0.223454 0.013055 0.013035
0 0.171549 0.807950 0.013338 0.013417
0 0.499821 0.305156 0.012545 0.012534
0 0.015642 0.710895 0.013654 0.013578
0 0.666576 0.151017 0.012505 0.012573
0 0.855735 0.294723 0.011702 0.011664
0 0.897581 0.663081 0.012247 0.011963
0 0.731150 0.411017 0.012277 0.012193
0 0.019152 0.807066 0.012160 0.011919
0 0.524726 0.346967 0.013636 0.013150
0 0.246394 0.617623 0.011577 0.011576
0 0.336908 0.034325 0.012711 0.012838
0 0.423109 0.554746 0.013159 0.012949
0 0.982516 0.363610 0.012496 0.011973
0 0.302400 0.548271 0.011383 0.010927
0 0.013167 0.225462 0.012378 0.012421
0 0.989719 0.213260 0.011180 0.011339
0 0.059505 0.169404 0.012462 0.012519
0 0.033087 0.280121 0.011753 0.011558
0 0.907527 0.849804 0.011503 0.011498
0 0.757712 0.130148 0.011806 0.011733
0 0.514899 0.845398 0.012362 0.012346
0 0.792138 0.491681 0.013195 0.013037
0 0.025029 0.300579 0.013023 0.013141
0 0.858821 0.443185 0.012673 0.012706
0 0.353243 0.005649 0.013852 0.011298
0 0.473649 0.134142 0.011430 0.011408
0 0.598674 0.062445 0.012927 0.012468
0 0.462425 0.961089 0.013031 0.013005
0 0.116351 0.516354 0.013502 0.013597
0 0.177232 0.876825 0.011153 0.011201
0 0.953368 0.059989 0.011978 0.011919
0 0.004972 0.593018 0.009944 0.012606
0 0.322888 0.553499 0.011091 0.010807
0 0.211488 0.070092 0.011958 0.012125
0 0.487435 0.776663 0.012173 0.012000
0 0.195158 0.633803 0.011094 0.010796
0 0.108933 0.706178 0.012368 0.012250
0 0.128927 0.475101 0.012796 0.012998
0 0.544013 0.973138 0.012649 0.012460
0 0.395132 0.764816 0.014614 0.014577
0 0.346826 0.202625 0.013077 0.013051
0 0.139174 0.616974 0.012244 0.012187
0 0.041492 0.315369 0.013304 0.013027
0 0.803688 0.185638 0.011244 0.011022
0 0.518047 0.123594 0.011498 0.011914
0 0.228596 0.688349 0.012235 0.012080
0 0.669100 0.522987 0.010298 0.010272
0 0.060250 0.016583 0.011753 0.011660
0 0.420799 0.454806 0.011973 0.011803
0 0.222633 0.467514 0.012125 0.012152
0 0.360207 0.812835 0.010281 0.010112
0 0.787449 0.004860 0.012647 0.009640
0 0.187408 0.891890 0.011795 0.011641
0 0.749143 0.640408 0.011580 0.011900
0 0.108431 0.978861 0.013149 0.013118
0 0.757650 0.709760 0.011260 0.011067
0 0.315858 0.927760 0.009535 0.009505
0 0.075188 0.830420 0.012530 0.012481
0 0.224290 0.649583 0.012192 0.011856
0 0.323886 0.744530 0.011159 0.011266
0 0.226221 0.649052 0.011816 0.011399
0 0.146567 0.434477 0.011055 0.011127
0 0.004049 0.960172 0.008099 0.011248
0 0.002282 0.443402 0.004554 0.011595
0 0.141871 0.885079 0.011954 0.011810
0 0.331956 0.516934 0.011818 0.011581
0 0.774136 0.004677 0.012909 0.009339
0 0.397177 0.945593 0.009844 0.010168
