0 0.872437 0.353081 0.012534 0.012334
0 0.546060 0.166062 0.012973 0.012791
0 0.610962 0.119356 0.012769 0.012821
0 0.958591 0.373660 0.012059 0.011662
0 0.904488 0.540403 0.013233 0.012830
0 0.382139 0.309265 0.012164 0.012187
0 0.445062 0.626329 0.012701 0.012618
0 0.759885 0.386824 0.012947 0.012881
0 0.602692 0.717193 0.011830 0.011862
0 0.274380 0.582814 0.013359 0.013318
0 0.928540 0.040197 0.011682 0.011744
0 0.479932 0.385935 0.012132 0.011954
0 0.437702 0.113751 0.012677 0.012770
0 0.812468 0.184455 0.012518 0.012451
0 0.298027 0.221175 0.013122 0.013004
0 0.511176 0.507698 0.012769 0.012720
0 0.733960 0.621882 0.013811 0.013548
0 0.690992 0.565393 0.012597 0.012535
0 0.279557 0.436242 0.012424 0.012270
0 0.314863 0.242384 0.013316 0.013113
0 0.488688 0.283003 0.012572 0.012732
0 0.513653 0.360420 0.012517 0.012629
0 0.746081 0.582078 0.012118 0.012013
0 0.094373 0.379997 0.010926 0.010779
0 0.855096 0.251985 0.011969 0.011954
0 0.546995 0.726964 0.011975 0.011898
0 0.672601 0.281439 0.012647 0.012496
0 0.060981 0.353243 0.011959 0.012018
0 0.784312 0.095222 0.013263 0.013347
0 0.186190 0.620811 0.012194 0.012343
0 0.324428 0.353571 0.012633 0.012650
0 0.465180 0.769040 0.012876 0.012642
0 0.504342 0.530621 0.012561 0.012940
0 0.494487 0.961775 0.014022 0.013938
0 0.428727 0.461665 0.013425 0.013338
0 0.545240 0.563242 0.014194 0.014324
0 0.261164 0.434650 0.012723 0.012497
0 0.379937 0.907978 0.013140 0.013152
0 0.951282 0.516921 0.013030 0.012908
0 0.481606 0.462827 0.013155 0.013166
0 0.961105 0.646111 0.012041 0.011977
0 0.940364 0.345223 0.012137 0.012141
0 0.293823 0.658753 0.013033 0.013126
0 0.726764 0.697437 0.014018 0.014009
0 0.901413 0.709819 0.012967 0.012812
0 0.672956 0.408165 0.012554 0.012579
0 0.417622 0.906650 0.012210 0.012555
0 0.307329 0.514955 0.013386 0.013636
0 0.890185 0.587701 0.012362 0.012290
0 0.051216 0.675944 0.012865 0.012769
0 0.548215 0.205214 0.012488 0.012309
0 0.471469 0.576825 0.012843 0.012797
0 0.465852 0.178796 0.013232 0.013186
0 0.225305 0.448636 0.014122 0.014197
0 0.262956 0.677033 0.012131 0.012403
0 0.375336 0.961106 0.013466 0.013327
0 0.478412 0.305443 0.011173 0.010841
0 0.550876 0.398794 0.011474 0.011591
0 0.665033 0.083487 0.012568 0.012633
0 0.829546 0.328520 0.013468 0.013645
0 0.884470 0.119142 0.009370 0.009221
0 0.568329 0.786291 0.012601 0.012667
0 0.446464 0.702484 0.012622 0.012473
0 0.570305 0.519122 0.014714 0.014514
0 0.027364 0.816023 0.012040 0.011921
0 0.389799 0.546845 0.013503 0.013497
0 0.755056 0.424234 0.011477 0.011404
0 0.628521 0.643668 0.013090 0.013102
0 0.059346 0.618156 0.012762 0.012949
0 0.870252 0.108738 0.012380 0.011886
0 0.267585 0.537321 0.013308 0.013121
0 0.628047 0.952650 0.013892 0.013964
0 0.769307 0.531176 0.012834 0.012511
0 0.764069 0.005204 0.011214 0.010070
0 0.140844 0.744294 0.012130 0.012380
0 0.982915 0.322704 0.013615 0.013479
0 0.176712 0.692682 0.013027 0.013325
0 0.656808 0.585573 0.011799 0.011643
0 0.934687 0.857246 0.013359 0.013248
0 0.375881 0.824580 0.012967 0.013041
0 0.007086 0.726863 0.013433 0.013937
0 0.487946 0.727179 0.012027 0.012317
0 0.092413 0.348443 0.014460 0.014287
0 0.039727 0.902524 0.011647 0.011671
0 0.904271 0.074935 0.010926 0.010861
0 0.433053 0.346943 0.013690 0.013715
0 0.323580 0.903052 0.011939 0.011594
0 0.687585 0.270805 0.011194 0.011189
0 0.221401 0.841498 0.012403 0.012220
0 0.834437 0.002172 0.011788 0.004332
0 0.984033 0.512427 0.015170 0.014288
0 0.812284 0.523190 0.014088 0.013698
0 0.799455 0.509662 0.010359 0.010290
0 0.974457 0.040494 0.009993 0.009788
0 0.350503 0.290859 0.024175 0.024761
0 0.268241 0.936363 0.010741 0.010581
0 0.137796 0.950170 0.011385 0.011075
0 0.003185 0.979724 0.006370 0.010152
0 0.965359 0.609870 0.011480 0.011562
0 0.112497 0.188871 0.012071 0.011907
0 0.534234 0.630089 0.023423 0.023666
0 0.204173 0.996206 0.010263 0.007589
0 0.928733 0.007868 0.010852 0.011140
0 0.072235 0.915198 0.010999 0.010546
0 0.688989 0.839903 0.010671 0.011227
0 0.941271 0.676192 0.011778 0.012092
0 0.897854 0.519625 0.010551 0.010125
0 0.738830 0.777687 0.012408 0.012155
0 0.770935 0.853182 0.012352 0.012621
0 0.878749 0.976583 0.012496 0.012503
0 0.089176 0.926406 0.011135 0.011071
0 0.091970 0.790271 0.010207 0.010253
0 0.839503 0.815688 0.011549 0.011540
0 0.835753 0.001812 0.011807 0.003624
0 0.119215 0.961065 0.011645 0.011000
0 0.506583 0.320756 0.010196 0.010013
0 0.902399 0.997649 0.011844 0.004669
0 0.517664 0.980322 0.013001 0.013062
0 0.850478 0.544152 0.011509 0.011453
0 0.741329 0.934299 0.011518 0.011389
