0 0.686525 0.493513 0.012930 0.012812
0 0.749483 0.616615 0.013249 0.013165
0 0.059565 0.423601 0.011948 0.011753
0 0.463627 0.960039 0.013767 0.013631
0 0.242959 0.502442 0.012075 0.011991
0 0.787927 0.480089 0.013428 0.013482
0 0.196629 0.364819 0.014241 0.014038
0 0.153268 0.439160 0.013978 0.013957
0 0.195601 0.195616 0.012478 0.012415
0 0.314001 0.045500 0.012940 0.012754
0 0.666557 0.534491 0.012135 0.012083
0 0.143321 0.298414 0.012686 0.012792
0 0.027737 0.581064 0.013498 0.013633
0 0.632969 0.510456 0.010966 0.011074
0 0.055363 0.616248 0.009489 0.009417
0 0.386120 0.491919 0.012435 0.012314
0 0.387583 0.377291 0.013159 0.013240
0 0.763192 0.467752 0.011522 0.011417
0 0.085415 0.512101 0.012708 0.012572
0 0.495198 0.312480 0.012329 0.012442
0 0.051039 0.644773 0.013007 0.013067
0 0.427410 0.164592 0.013508 0.013514
0 0.184137 0.159103 0.013557 0.013632
0 0.271408 0.058600 0.012138 0.011834
0 0.019723 0.444242 0.012090 0.012095
0 0.694454 0.157046 0.012035 0.011993
0 0.984604 0.884175 0.012119 0.012112
0 0.539354 0.321215 0.013587 0.013547
0 0.543201 0.972095 0.013458 0.013099
0 0.026525 0.309463 0.013617 0.013671
0 0.423822 0.283211 0.011582 0.011465
0 0.834684 0.163986 0.011428 0.011316
0 0.465903 0.828648 0.013097 0.013279
0 0.809813 0.074888 0.011642 0.011658
0 0.187055 0.889610 0.013226 0.013289
0 0.558133 0.937593 0.012449 0.012246
0 0.969581 0.384381 0.009562 0.009616
0 0.775205 0.037402 0.012439 0.012472
0 0.301927 0.312944 0.012854 0.012834
0 0.344114 0.296114 0.022782 0.022532
0 0.496258 0.682294 0.011804 0.011970
0 0.191080 0.763002 0.011933 0.012025
0 0.628000 0.891133 0.012243 0.012328
0 0.223441 0.466654 0.013026 0.013079
0 0.110858 0.979866 0.013807 0.013798
0 0.819447 0.118506 0.011713 0.011904
0 0.307161 0.395899 0.012130 0.012414
0 0.636978 0.239440 0.011344 0.011330
0 0.789727 0.603093 0.012403 0.012181
0 0.838548 0.850653 0.011121 0.011086
0 0.785628 0.390361 0.011508 0.011621
0 0.708350 0.673586 0.012457 0.012445
0 0.896624 0.047116 0.012037 0.012100
0 0.410281 0.964467 0.013581 0.013711
0 0.665204 0.832895 0.012110 0.011978
0 0.571953 0.334445 0.012610 0.012529
0 0.628774 0.115309 0.012140 0.012326
0 0.713431 0.203859 0.012028 0.012234
0 0.849962 0.718781 0.018781 0.019198
0 0.300549 0.643459 0.012875 0.012989
0 0.295548 0.509887 0.013378 0.013118
0 0.681960 0.038823 0.010822 0.010924
0 0.071128 0.285950 0.010931 0.010802
0 0.994245 0.946884 0.011120 0.011847
0 0.226151 0.649821 0.012558 0.012258
0 0.419325 0.819176 0.012208 0.012142
0 0.424861 0.380267 0.012598 0.012810
0 0.075895 0.376317 0.011578 0.011651
0 0.779135 0.166509 0.010260 0.010442
0 0.242302 0.461987 0.012871 0.012685
0 0.743705 0.737297 0.010919 0.011248
0 0.920307 0.144921 0.016922 0.016725
0 0.128005 0.373595 0.010743 0.010683
0 0.468532 0.547707 0.013133 0.012774
0 0.531193 0.636143 0.022147 0.022091
0 0.415621 0.623111 0.012603 0.012561
0 0.601632 0.779279 0.011427 0.011247
0 0.624924 0.391515 0.010780 0.010890
0 0.333850 0.995060 0.011822 0.009880
0 0.637924 0.083321 0.016244 0.015598
0 0.402882 0.213144 0.011026 0.011711
0 0.558364 0.708327 0.012078 0.012189
0 0.643282 0.612227 0.011790 0.011940
0 0.003986 0.928859 0.007763 0.012368
0 0.550300 0.632834 0.011607 0.011625
0 0.623863 0.782651 0.010657 0.010072
0 0.177852 0.912519 0.011960 0.011917
0 0.715121 0.587821 0.008185 0.008019
0 0.332229 0.517419 0.011774 0.011728
