0 0.468936 0.681879 0.014876 0.014718
0 0.265623 0.168931 0.011919 0.011648
0 0.024924 0.045480 0.011905 0.011728
0 0.312826 0.299408 0.012779 0.012565
0 0.458101 0.957883 0.012758 0.012749
0 0.471232 0.615785 0.011791 0.011687
0 0.748951 0.616664 0.012903 0.012745
0 0.111227 0.045067 0.012584 0.012426
0 0.188798 0.322141 0.012308 0.012162
0 0.199517 0.223946 0.012126 0.012201
0 0.503597 0.781035 0.011909 0.011871
0 0.045741 0.683731 0.013390 0.013391
0 0.442393 0.876436 0.012206 0.011991
0 0.172253 0.504280 0.012386 0.012319
0 0.266187 0.421692 0.012172 0.012238
0 0.239103 0.428655 0.013112 0.012914
0 0.732081 0.816943 0.013418 0.013656
0 0.578473 0.559877 0.013035 0.012902
0 0.690596 0.536131 0.013078 0.012975
0 0.522592 0.281323 0.011868 0.011702
0 0.303877 0.636726 0.011635 0.011394
0 0.095386 0.468688 0.012815 0.012621
0 0.569674 0.165288 0.011277 0.011427
0 0.059160 0.256711 0.012864 0.013298
0 0.061332 0.475681 0.011576 0.011671
0 0.223593 0.466447 0.012674 0.012594
0 0.573849 0.424906 0.012627 0.012320
0 0.351938 0.503024 0.011540 0.011649
0 0.700781 0.375365 0.011034 0.010861
0 0.542671 0.973771 0.012041 0.011885
0 0.674030 0.520196 0.012884 0.012903
0 0.402354 0.522286 0.010754 0.010802
0 0.849592 0.718002 0.016411 0.015991
0 0.531930 0.637936 0.019329 0.020119
0 0.121760 0.237550 0.011345 0.011618
0 0.301663 0.190203 0.012422 0.012407
0 0.565900 0.339497 0.010973 0.011068
0 0.221856 0.969614 0.012261 0.012265
0 0.148095 0.519849 0.011693 0.011656
0 0.006375 0.396909 0.012214 0.012861
0 0.341605 0.119103 0.012927 0.012958
0 0.187835 0.889953 0.013046 0.012938
0 0.225687 0.650001 0.012301 0.012039
0 0.873545 0.677347 0.012952 0.013334
0 0.805480 0.592514 0.012247 0.012005
0 0.292759 0.886289 0.010787 0.010817
0 0.492546 0.180348 0.011506 0.011532
0 0.108981 0.979384 0.012910 0.013100
0 0.441015 0.058996 0.011351 0.011559
0 0.524621 0.346145 0.012169 0.011770
0 0.331740 0.517535 0.011187 0.011072
0 0.343357 0.296991 0.022779 0.022226
0 0.123452 0.943428 0.012726 0.012619
0 0.420540 0.297261 0.010606 0.010828
0 0.689341 0.005115 0.012352 0.010230
0 0.051723 0.957990 0.012366 0.012463
0 0.943091 0.499749 0.012589 0.012780
0 0.363113 0.164659 0.012043 0.012176
0 0.450113 0.213608 0.014933 0.014999
0 0.014279 0.953268 0.011325 0.011188
0 0.702447 0.821017 0.018126 0.017614
0 0.531449 0.804042 0.011642 0.011617
0 0.272250 0.312354 0.016104 0.016941
0 0.061084 0.573580 0.018490 0.018060
0 0.231784 0.824252 0.011739 0.011702
0 0.329112 0.036408 0.012545 0.012392
0 0.620529 0.781460 0.014251 0.013661
0 0.005282 0.765924 0.010534 0.011734
