0 0.724797 0.441885 0.014985 0.014790
0 0.449686 0.240904 0.015551 0.015281
0 0.895122 0.256799 0.013589 0.013701
0 0.802177 0.326091 0.013736 0.013658
0 0.680159 0.267524 0.016445 0.016506
0 0.597807 0.205624 0.014634 0.014707
0 0.910433 0.493386 0.014146 0.014150
0 0.282411 0.864362 0.014701 0.014875
0 0.141290 0.822849 0.013979 0.013710
0 0.159615 0.854992 0.013633 0.013504
0 0.220524 0.173365 0.014685 0.014354
0 0.293008 0.706552 0.013483 0.013334
0 0.087813 0.322652 0.014451 0.014460
0 0.953798 0.085792 0.014722 0.014750
0 0.859081 0.571935 0.013825 0.013924
0 0.265989 0.352301 0.014762 0.014604
0 0.089611 0.909628 0.014085 0.013865
0 0.207885 0.657467 0.014387 0.014400
0 0.209834 0.762231 0.014551 0.014708
0 0.233436 0.487590 0.014924 0.014685
0 0.242792 0.838861 0.014136 0.014250
0 0.643166 0.396318 0.014020 0.014119
0 0.936728 0.613392 0.014803 0.014884
0 0.518216 0.876300 0.014400 0.014339
0 0.624465 0.870574 0.014067 0.013975
0 0.873353 0.319386 0.015291 0.015105
0 0.744743 0.479602 0.014064 0.014085
0 0.087632 0.566719 0.014526 0.014508
0 0.213515 0.541488 0.015547 0.015510
0 0.769828 0.505540 0.013729 0.013952
0 0.095533 0.952982 0.014017 0.013530
0 0.166337 0.526488 0.014665 0.014606
0 0.041971 0.727588 0.014698 0.014755
0 0.247029 0.091332 0.016686 0.017043
0 0.713524 0.375153 0.014361 0.014462
0 0.365828 0.661043 0.013366 0.013386
0 0.348231 0.299139 0.022927 0.022867
0 0.057251 0.059009 0.014231 0.014305
0 0.945440 0.646823 0.015516 0.015472
0 0.557787 0.667015 0.013800 0.014009
0 0.193211 0.378601 0.014251 0.014068
0 0.623532 0.568174 0.015400 0.014865
0 0.950051 0.202348 0.014222 0.014304
0 0.719386 0.489686 0.014178 0.014334
0 0.888315 0.379034 0.014209 0.014266
0 0.350601 0.551448 0.013941 0.014136
0 0.604639 0.915671 0.013402 0.013145
0 0.201262 0.628130 0.015301 0.015378
0 0.050061 0.318598 0.015458 0.015076
0 0.720202 0.208462 0.014157 0.014181
0 0.383587 0.383247 0.015262 0.015023
0 0.143941 0.666357 0.015314 0.015047
0 0.455737 0.461293 0.017054 0.016700
0 0.952181 0.947633 0.014679 0.014515
0 0.477556 0.481627 0.015031 0.015297
0 0.947193 0.314478 0.014631 0.014817
0 0.683618 0.727397 0.014525 0.014603
0 0.905020 0.429297 0.015664 0.015768
0 0.544357 0.543197 0.014955 0.014816
0 0.626453 0.675976 0.013856 0.013882
0 0.029818 0.317054 0.014722 0.014517
0 0.425918 0.631444 0.014207 0.014379
0 0.055756 0.109155 0.013795 0.013814
0 0.637400 0.445909 0.014942 0.014997
0 0.327225 0.919811 0.014979 0.014885
0 0.779568 0.033619 0.018473 0.018502
0 0.463552 0.255233 0.016753 0.016996
0 0.486088 0.666069 0.014654 0.014475
0 0.199702 0.235642 0.016717 0.016796
0 0.821352 0.081688 0.013880 0.013798
0 0.845319 0.136167 0.014060 0.014047
0 0.962817 0.459874 0.014931 0.015038
0 0.849339 0.721407 0.022772 0.022650
0 0.782374 0.224180 0.015298 0.015386
0 0.735790 0.848993 0.014776 0.014894
0 0.376851 0.230417 0.020216 0.020391
0 0.609120 0.737043 0.014349 0.014541
0 0.534106 0.640212 0.022193 0.021914
0 0.764404 0.575768 0.013008 0.012733
0 0.028860 0.678192 0.014463 0.014310
0 0.068345 0.874170 0.013174 0.012966
0 0.761245 0.206837 0.016991 0.016943
0 0.637391 0.621022 0.018709 0.018554
0 0.705697 0.115825 0.014544 0.014550
0 0.449745 0.431689 0.016165 0.016421
0 0.923022 0.147009 0.020807 0.020985
0 0.022397 0.037662 0.014694 0.014819
0 0.553651 0.584608 0.014278 0.014165
0 0.086134 0.005800 0.015005 0.011600
0 0.465386 0.374405 0.013842 0.013579
0 0.167628 0.610715 0.014697 0.014535
0 0.324359 0.319707 0.014502 0.014857
0 0.991421 0.900154 0.015322 0.014569
0 0.570972 0.612313 0.015036 0.015338
0 0.606349 0.793498 0.013518 0.013732
0 0.347608 0.338178 0.014523 0.014483
0 0.068431 0.577206 0.019459 0.019423
0 0.128710 0.697247 0.013867 0.013626
0 0.088819 0.180853 0.015037 0.014884
0 0.605881 0.302635 0.012952 0.013156
0 0.060151 0.852230 0.014816 0.014845
0 0.985454 0.504968 0.015953 0.015924
0 0.807635 0.964888 0.013307 0.013073
0 0.910348 0.991661 0.017844 0.016503
0 0.852217 0.767887 0.014870 0.014868
0 0.789638 0.938055 0.015149 0.014992
0 0.823532 0.762686 0.016874 0.017004
0 0.980331 0.029679 0.014133 0.013994
0 0.030188 0.461145 0.014683 0.014241
0 0.636352 0.088427 0.021679 0.021553
0 0.741455 0.568449 0.014961 0.015135
0 0.965242 0.031540 0.011480 0.011144
0 0.601241 0.983133 0.013464 0.013633
0 0.100179 0.618204 0.014509 0.014154
0 0.539108 0.897335 0.013111 0.012991
0 0.369613 0.256150 0.013638 0.013964
0 0.766041 0.984540 0.014376 0.014337
0 0.651965 0.711799 0.014470 0.014588
0 0.809347 0.613201 0.016230 0.016157
0 0.614460 0.243472 0.014870 0.015179
0 0.224097 0.555929 0.014649 0.014264
0 0.032864 0.359077 0.014763 0.014255
0 0.279456 0.440512 0.017097 0.017486
0 0.721688 0.984107 0.013789 0.013747
0 0.525553 0.695540 0.014112 0.013924
0 0.573456 0.774004 0.016606 0.016455
0 0.264849 0.246053 0.019041 0.018418
0 0.467776 0.423798 0.014575 0.014532
0 0.003961 0.062709 0.007922 0.016508
0 0.319956 0.010236 0.014520 0.014995
0 0.582907 0.732588 0.017739 0.016998
0 0.720054 0.936830 0.014766 0.014387
0 0.084378 0.062533 0.012548 0.012394
0 0.704082 0.824312 0.022493 0.022439
0 0.549842 0.060394 0.015584 0.015298
0 0.656800 0.113530 0.014237 0.014030
0 0.610517 0.279329 0.014243 0.014178
0 0.780889 0.578072 0.015482 0.015246
0 0.641542 0.359232 0.011211 0.010972
0 0.066024 0.996660 0.014172 0.006678
0 0.814520 0.117929 0.015781 0.015864
0 0.056607 0.383473 0.014750 0.014423
0 0.553373 0.736525 0.014719 0.014554
0 0.377745 0.741931 0.022621 0.022409
0 0.525787 0.019389 0.019494 0.018779
0 0.247531 0.911822 0.014669 0.014777
0 0.879098 0.591742 0.022040 0.022314
0 0.655123 0.184508 0.017193 0.017370
0 0.739123 0.612960 0.015992 0.015956
0 0.335346 0.362443 0.014085 0.014353
0 0.001987 0.603782 0.003969 0.013112
0 0.118434 0.240677 0.016621 0.016575
0 0.798472 0.498181 0.015057 0.014811
0 0.856294 0.418861 0.018613 0.018578
0 0.413063 0.203301 0.015382 0.015371
0 0.554380 0.061016 0.015773 0.015758
