0 0.644610 0.491182 0.012587 0.012487
0 0.800321 0.496271 0.012989 0.012952
0 0.946617 0.568124 0.012291 0.012090
0 0.884521 0.781441 0.013235 0.013128
0 0.906243 0.711060 0.012987 0.012792
0 0.938770 0.630129 0.011837 0.011771
0 0.622710 0.647827 0.013273 0.013188
0 0.129672 0.465839 0.013391 0.013208
0 0.747905 0.619401 0.013109 0.013024
0 0.326607 0.486336 0.013497 0.013483
0 0.647740 0.394532 0.013316 0.013259
0 0.981770 0.814500 0.012629 0.012460
0 0.049333 0.307678 0.011367 0.011118
0 0.590703 0.802659 0.013216 0.013325
0 0.282722 0.408757 0.013654 0.013431
0 0.282277 0.983051 0.013059 0.013086
0 0.549715 0.484545 0.013373 0.013529
0 0.618675 0.812520 0.012561 0.012561
0 0.330733 0.518686 0.012774 0.012788
0 0.733168 0.549847 0.012802 0.012820
0 0.189072 0.489586 0.012245 0.012257
0 0.760311 0.541400 0.012331 0.012511
0 0.116859 0.185748 0.014529 0.014367
0 0.030826 0.161302 0.013943 0.014033
0 0.712210 0.620980 0.012461 0.012430
0 0.144767 0.264724 0.012424 0.012412
0 0.455983 0.959147 0.012860 0.013046
0 0.123295 0.371202 0.012586 0.012314
0 0.779001 0.529497 0.012635 0.012448
0 0.985976 0.646607 0.012334 0.012098
0 0.443438 0.645106 0.014080 0.013943
0 0.586866 0.490128 0.012774 0.012920
0 0.068062 0.544410 0.012847 0.012525
0 0.657717 0.247831 0.011947 0.011903
0 0.523863 0.350002 0.013760 0.013567
0 0.145114 0.337219 0.013011 0.012792
0 0.089095 0.755158 0.011663 0.011749
0 0.124044 0.288389 0.012428 0.012279
0 0.560742 0.205878 0.013306 0.013237
0 0.825639 0.783203 0.012481 0.012307
0 0.151653 0.060891 0.013588 0.013529
0 0.469283 0.188858 0.012481 0.012333
0 0.563667 0.578438 0.011463 0.011464
0 0.908932 0.876418 0.012044 0.012363
0 0.608587 0.583754 0.013391 0.013316
0 0.153144 0.120539 0.012822 0.013003
0 0.402305 0.877694 0.013221 0.013144
0 0.318488 0.374553 0.013844 0.013907
0 0.614760 0.714104 0.011754 0.011833
0 0.412107 0.327040 0.013486 0.013661
0 0.078419 0.647516 0.011115 0.011036
0 0.359485 0.424299 0.012231 0.012096
0 0.036756 0.378991 0.014760 0.014516
0 0.024297 0.737774 0.013779 0.013740
0 0.655306 0.305465 0.011814 0.011862
0 0.566213 0.227910 0.014367 0.014455
0 0.334769 0.328797 0.012638 0.012376
0 0.097206 0.474759 0.012865 0.013042
0 0.135544 0.498962 0.012809 0.012966
0 0.334013 0.243529 0.014006 0.014265
0 0.825994 0.895695 0.013517 0.013853
0 0.863784 0.462673 0.013523 0.013518
0 0.854445 0.634282 0.011901 0.011953
0 0.858334 0.842158 0.011430 0.011282
0 0.685381 0.253161 0.011560 0.011480
0 0.113925 0.600903 0.012638 0.012541
0 0.184519 0.891690 0.012909 0.012993
0 0.288452 0.607863 0.013422 0.013308
0 0.477366 0.741227 0.013099 0.013107
0 0.033157 0.333369 0.012916 0.012670
0 0.221609 0.469191 0.012640 0.012636
0 0.518066 0.446476 0.011941 0.012048
0 0.283540 0.953222 0.010861 0.010757
0 0.400014 0.583614 0.011271 0.011003
0 0.480864 0.043291 0.013535 0.013423
0 0.500370 0.540232 0.011269 0.011412
0 0.517799 0.527911 0.013152 0.012887
0 0.147133 0.402685 0.012959 0.013210
0 0.747540 0.285714 0.012453 0.012556
0 0.539611 0.975448 0.011277 0.010969
0 0.757754 0.775077 0.014466 0.014505
0 0.007431 0.383709 0.012191 0.011902
0 0.439135 0.069723 0.013207 0.012902
0 0.223840 0.648224 0.012274 0.012162
0 0.326845 0.086636 0.013255 0.013492
0 0.165203 0.389653 0.012464 0.012234
0 0.415865 0.587471 0.013791 0.014049
0 0.293525 0.741698 0.011786 0.011780
0 0.806831 0.896453 0.012528 0.012452
0 0.007599 0.201793 0.012643 0.012411
0 0.734130 0.213657 0.011827 0.012191
0 0.353136 0.836853 0.011277 0.011139
0 0.395828 0.943808 0.009197 0.009063
0 0.850364 0.712576 0.021655 0.021205
0 0.179301 0.022908 0.012397 0.012285
0 0.065430 0.811404 0.011588 0.011518
0 0.854548 0.031649 0.012750 0.012773
0 0.080552 0.612260 0.010634 0.010255
0 0.368187 0.002793 0.014160 0.005586
0 0.785372 0.005756 0.013927 0.011511
0 0.532881 0.629847 0.023751 0.023355
0 0.951976 0.360057 0.012073 0.011795
0 0.234120 0.709878 0.013057 0.013363
0 0.488993 0.541527 0.010102 0.010498
0 0.238253 0.173375 0.013716 0.013540
0 0.307999 0.662284 0.012023 0.011846
0 0.007353 0.569239 0.012261 0.012105
0 0.231127 0.719619 0.014227 0.014180
