0 0.217918 0.170490 0.014574 0.014263
0 0.169127 0.530054 0.014642 0.014528
0 0.549758 0.085770 0.016401 0.016510
0 0.120042 0.706282 0.013919 0.013905
0 0.728294 0.445806 0.015108 0.014909
0 0.285164 0.725572 0.014241 0.014124
0 0.449624 0.240923 0.016179 0.015889
0 0.158934 0.851901 0.013898 0.014084
0 0.092176 0.557746 0.014086 0.013886
0 0.272375 0.088772 0.014680 0.014438
0 0.275653 0.359995 0.015153 0.015044
0 0.127255 0.809447 0.014203 0.014215
0 0.800799 0.953358 0.013750 0.013859
0 0.196478 0.381528 0.014273 0.014389
0 0.786800 0.316886 0.013830 0.013753
0 0.641880 0.395770 0.014100 0.013998
0 0.737278 0.481383 0.014116 0.014059
0 0.913403 0.489038 0.014005 0.013973
0 0.092052 0.328481 0.014074 0.013887
0 0.395178 0.665988 0.013846 0.013759
0 0.529792 0.585501 0.014234 0.014097
0 0.954096 0.218137 0.014069 0.014122
0 0.770864 0.517947 0.013890 0.013907
0 0.144772 0.664107 0.014417 0.014471
0 0.277331 0.863639 0.014757 0.014589
0 0.200926 0.760777 0.013805 0.013900
0 0.952447 0.619581 0.016698 0.016859
0 0.913509 0.625275 0.014816 0.014763
0 0.347807 0.384115 0.015177 0.015200
0 0.389792 0.588257 0.013805 0.013745
0 0.245360 0.912656 0.014083 0.013984
0 0.594374 0.207181 0.014313 0.014538
0 0.514036 0.878101 0.014581 0.014620
0 0.720585 0.209593 0.014439 0.014530
0 0.366002 0.282989 0.014275 0.014359
0 0.200118 0.653023 0.014257 0.014177
0 0.377017 0.558631 0.014521 0.014493
0 0.875520 0.544238 0.013600 0.013560
0 0.565582 0.045013 0.014941 0.014931
0 0.088787 0.909845 0.013920 0.013770
0 0.093878 0.958015 0.015292 0.015167
0 0.637937 0.445506 0.015447 0.015541
0 0.032252 0.604384 0.013377 0.013277
0 0.604760 0.273962 0.014353 0.014286
0 0.881551 0.377851 0.014449 0.014560
0 0.953214 0.947823 0.014743 0.014334
0 0.215304 0.542837 0.015578 0.015394
0 0.717494 0.099956 0.014834 0.014746
0 0.633124 0.671800 0.014477 0.014301
0 0.723167 0.490685 0.013692 0.013551
0 0.631279 0.628886 0.018915 0.018687
0 0.322397 0.044491 0.014075 0.014009
0 0.869534 0.164268 0.014557 0.014461
0 0.210349 0.624244 0.015176 0.015298
0 0.196686 0.232128 0.016913 0.016910
0 0.318063 0.926761 0.014916 0.014804
0 0.064421 0.880233 0.013310 0.013209
0 0.607329 0.310449 0.013608 0.013573
0 0.968676 0.350034 0.014766 0.014756
0 0.951632 0.089696 0.014103 0.014195
0 0.046895 0.369279 0.015121 0.015619
0 0.568790 0.614606 0.015026 0.015298
0 0.476859 0.668726 0.014644 0.014843
0 0.650307 0.180374 0.017453 0.017343
0 0.450408 0.434009 0.016088 0.016236
0 0.466706 0.486543 0.015622 0.015384
0 0.660872 0.135867 0.014213 0.014008
0 0.016757 0.041903 0.014629 0.014840
0 0.911531 0.402570 0.015388 0.015498
0 0.465261 0.374287 0.014557 0.014278
0 0.698447 0.264973 0.013893 0.014167
0 0.373254 0.391350 0.014739 0.014405
0 0.314086 0.324810 0.015087 0.014992
0 0.539590 0.565608 0.015144 0.014974
0 0.704505 0.375736 0.015409 0.015479
0 0.733741 0.853262 0.014736 0.014997
0 0.630168 0.776962 0.013037 0.012972
0 0.276666 0.439919 0.017039 0.016991
0 0.598260 0.918256 0.014049 0.013982
0 0.551350 0.667240 0.014734 0.014724
0 0.619885 0.852155 0.014419 0.014638
0 0.129540 0.581572 0.015447 0.015259
0 0.824266 0.742244 0.015615 0.015442
0 0.964622 0.030282 0.012267 0.011755
0 0.877497 0.341941 0.016301 0.016212
0 0.636568 0.088398 0.021482 0.021514
0 0.790625 0.220711 0.015427 0.015592
0 0.220479 0.513510 0.014969 0.014987
0 0.061409 0.068058 0.015138 0.014959
0 0.348039 0.299239 0.023287 0.023278
0 0.224167 0.559914 0.015067 0.014865
0 0.006892 0.695506 0.013461 0.014080
0 0.517669 0.926495 0.014316 0.014559
0 0.467503 0.422982 0.014736 0.014734
0 0.084815 0.398017 0.015609 0.015488
0 0.239573 0.847091 0.014230 0.014171
0 0.600225 0.740329 0.014032 0.014253
0 0.547984 0.778365 0.015535 0.015523
0 0.814782 0.077812 0.012453 0.012028
0 0.874400 0.725813 0.016159 0.015726
0 0.850828 0.721583 0.022835 0.022704
0 0.068874 0.576071 0.021148 0.021422
0 0.788614 0.927468 0.015079 0.014986
0 0.006699 0.606705 0.013046 0.013772
0 0.461755 0.257479 0.017671 0.017842
0 0.101493 0.197865 0.015781 0.015753
0 0.535149 0.641643 0.022384 0.022250
0 0.034868 0.140689 0.014539 0.014087
0 0.910496 0.991406 0.017432 0.016683
0 0.778609 0.580720 0.015501 0.015314
0 0.904714 0.250754 0.014045 0.014206
0 0.987726 0.030186 0.014587 0.014429
0 0.989086 0.902186 0.014949 0.014933
0 0.037496 0.326291 0.015088 0.015196
0 0.776249 0.047445 0.014772 0.014584
0 0.319181 0.345165 0.014380 0.014316
0 0.800105 0.506086 0.014339 0.014048
0 0.626531 0.566022 0.014413 0.014012
0 0.576331 0.735978 0.019311 0.019201
0 0.717735 0.941446 0.014209 0.013951
0 0.750327 0.184468 0.014865 0.014971
0 0.547148 0.738841 0.015049 0.014899
0 0.810497 0.615699 0.016650 0.016783
0 0.992001 0.480903 0.014697 0.015032
0 0.084702 0.063100 0.013761 0.013905
0 0.220358 0.922599 0.015314 0.015504
0 0.722563 0.987020 0.012759 0.012927
0 0.922626 0.147315 0.020732 0.020710
0 0.055670 0.996296 0.014749 0.007407
0 0.622945 0.997782 0.013212 0.004376
0 0.760333 0.579002 0.013840 0.013767
0 0.024236 0.308053 0.016370 0.016118
0 0.003932 0.062106 0.007863 0.016554
0 0.719670 0.565144 0.014937 0.014808
0 0.375824 0.742005 0.022347 0.021657
0 0.983464 0.505684 0.015179 0.015679
0 0.525577 0.019482 0.018422 0.017697
0 0.704299 0.823901 0.022547 0.022631
0 0.029711 0.457424 0.013864 0.014052
0 0.737668 0.617383 0.019866 0.020141
0 0.658963 0.539970 0.014017 0.014096
0 0.376467 0.230223 0.020223 0.020113
0 0.878604 0.591776 0.023803 0.023520
0 0.093953 0.627514 0.014829 0.014339
0 0.451390 0.465322 0.017508 0.016641
0 0.107317 0.843517 0.014108 0.014030
0 0.819132 0.117816 0.016189 0.015906
0 0.622503 0.996855 0.013198 0.006291
0 0.816561 0.118430 0.015339 0.015583
0 0.657614 0.538545 0.013980 0.014381
0 0.451932 0.216406 0.020939 0.021019
0 0.615100 0.236783 0.016064 0.015767
0 0.264148 0.246793 0.019884 0.019262
0 0.950069 0.814424 0.019782 0.019610
0 0.670822 0.191639 0.019485 0.019003
