0 0.960159 0.545566 0.013934 0.013973
0 0.734342 0.566958 0.013922 0.013916
0 0.582962 0.294040 0.013866 0.013898
0 0.660897 0.150754 0.017052 0.016698
0 0.324271 0.589380 0.014744 0.014767
0 0.210963 0.777885 0.013456 0.013233
0 0.849302 0.933374 0.013712 0.013756
0 0.117661 0.671084 0.014566 0.014521
0 0.883488 0.394397 0.015491 0.015303
0 0.423685 0.572345 0.014127 0.013984
0 0.919986 0.084580 0.013887 0.013832
0 0.552179 0.065568 0.013802 0.013834
0 0.225911 0.178695 0.014186 0.014092
0 0.932231 0.273760 0.015036 0.015009
0 0.720492 0.439955 0.015338 0.015112
0 0.368047 0.942707 0.015456 0.015337
0 0.668817 0.613120 0.018067 0.017919
0 0.541672 0.855593 0.014870 0.014763
0 0.898225 0.316901 0.014555 0.014216
0 0.102668 0.844765 0.014982 0.014873
0 0.293597 0.687238 0.015473 0.015410
0 0.338804 0.029145 0.013487 0.013505
0 0.647546 0.397043 0.014611 0.014693
0 0.055090 0.096532 0.014799 0.014724
0 0.479886 0.485027 0.014426 0.014305
0 0.764944 0.417144 0.014528 0.014478
0 0.448861 0.240721 0.015551 0.015366
0 0.215571 0.698757 0.014536 0.014649
0 0.209692 0.376754 0.015469 0.015509
0 0.618961 0.900727 0.014472 0.014269
0 0.253203 0.075496 0.015909 0.015940
0 0.618781 0.120946 0.013626 0.013721
0 0.190583 0.522715 0.014399 0.014453
0 0.827516 0.154345 0.013923 0.013671
0 0.126705 0.602262 0.014529 0.014255
0 0.954536 0.949207 0.014513 0.014350
0 0.285956 0.555609 0.014930 0.015149
0 0.044000 0.589913 0.014138 0.014184
0 0.540723 0.499900 0.013127 0.013044
0 0.467904 0.454271 0.016452 0.016158
0 0.959824 0.204082 0.014127 0.013997
0 0.736724 0.618614 0.014184 0.014018
0 0.742427 0.840907 0.014487 0.014583
0 0.096839 0.697669 0.013943 0.013817
0 0.156531 0.857312 0.013956 0.013860
0 0.675740 0.247927 0.013873 0.013840
0 0.512937 0.891537 0.013595 0.013605
0 0.852203 0.039543 0.016788 0.016854
0 0.796084 0.087606 0.014043 0.013971
0 0.618554 0.718438 0.018007 0.018137
0 0.926650 0.317100 0.013919 0.013876
0 0.037497 0.933705 0.014314 0.014358
0 0.579201 0.605287 0.014917 0.014925
0 0.610408 0.200764 0.014120 0.014025
0 0.203584 0.976703 0.014429 0.014525
0 0.713106 0.708104 0.014851 0.014983
0 0.726870 0.485198 0.014446 0.014577
0 0.135857 0.792848 0.014146 0.014133
0 0.210030 0.626941 0.014737 0.014633
0 0.480467 0.027575 0.013605 0.013648
0 0.591425 0.670670 0.014540 0.014411
0 0.614896 0.554221 0.014301 0.014173
0 0.713668 0.594479 0.015013 0.015079
0 0.113695 0.571428 0.015071 0.014899
0 0.641529 0.511036 0.013741 0.013751
0 0.439299 0.162384 0.013793 0.013532
0 0.118196 0.916467 0.015676 0.015628
0 0.841136 0.298022 0.014101 0.014041
0 0.624428 0.572905 0.013953 0.013796
0 0.347115 0.299355 0.023585 0.023293
0 0.680869 0.473872 0.013090 0.013157
0 0.054660 0.177016 0.015703 0.015631
0 0.174798 0.642011 0.015414 0.015117
0 0.731977 0.373138 0.014557 0.014740
0 0.471554 0.247469 0.016537 0.016570
0 0.020818 0.468303 0.015694 0.015536
0 0.764368 0.182134 0.013852 0.013809
0 0.428231 0.215452 0.014793 0.014426
0 0.802377 0.238721 0.014985 0.014871
0 0.468641 0.424009 0.014574 0.014610
0 0.697978 0.238513 0.015363 0.015277
0 0.227175 0.833146 0.014311 0.014388
0 0.202122 0.239709 0.017265 0.017091
0 0.885578 0.733177 0.014810 0.014525
0 0.065923 0.315888 0.015168 0.014780
0 0.175975 0.973127 0.014551 0.014545
0 0.586891 0.717335 0.014743 0.014640
0 0.720160 0.982268 0.014643 0.014677
0 0.087549 0.907348 0.015066 0.015295
0 0.416833 0.380929 0.016570 0.016490
0 0.237959 0.528632 0.015702 0.015503
0 0.680704 0.689748 0.014462 0.014189
0 0.018841 0.006736 0.016025 0.013460
0 0.637367 0.446890 0.015763 0.015955
0 0.045661 0.684251 0.014387 0.014160
0 0.988225 0.888959 0.013490 0.013556
0 0.067752 0.577194 0.020119 0.019924
0 0.079779 0.802638 0.015256 0.015051
0 0.412544 0.318338 0.016666 0.017021
0 0.502201 0.654395 0.015318 0.014991
0 0.006348 0.400714 0.012687 0.015680
0 0.674153 0.552089 0.014894 0.014784
0 0.849944 0.721553 0.022591 0.022475
0 0.681902 0.593496 0.014310 0.014366
0 0.533579 0.640222 0.023264 0.022972
0 0.285605 0.865537 0.012248 0.012245
0 0.013484 0.138074 0.014155 0.014474
0 0.911291 0.991951 0.016823 0.015886
0 0.922073 0.146822 0.020803 0.020651
0 0.630668 0.820207 0.013250 0.013069
0 0.637029 0.087593 0.021596 0.021484
0 0.007602 0.666120 0.013810 0.013995
0 0.284052 0.326541 0.015077 0.014796
0 0.819495 0.112666 0.015139 0.015348
0 0.120071 0.241397 0.016274 0.016369
0 0.888516 0.619770 0.015304 0.015327
0 0.524434 0.019895 0.017315 0.017147
0 0.767464 0.946010 0.013512 0.013367
0 0.950552 0.564614 0.014962 0.014529
0 0.404154 0.293002 0.014793 0.014996
0 0.385240 0.722659 0.014189 0.014020
0 0.026446 0.301483 0.014883 0.015016
0 0.802578 0.601786 0.015860 0.015707
0 0.308157 0.292747 0.014689 0.014908
0 0.783409 0.145096 0.013203 0.013153
0 0.264584 0.247205 0.019567 0.018822
0 0.971953 0.078817 0.013480 0.013316
0 0.643098 0.285370 0.014650 0.014541
0 0.639924 0.717717 0.015845 0.014935
0 0.287550 0.431618 0.015298 0.015289
0 0.377620 0.229372 0.019953 0.019712
0 0.732222 0.930451 0.014675 0.014706
0 0.003704 0.608371 0.007316 0.015489
0 0.277457 0.842299 0.014863 0.014475
0 0.798506 0.724206 0.016494 0.016861
0 0.988266 0.504686 0.015805 0.015328
0 0.149734 0.199879 0.013790 0.013843
0 0.242553 0.545534 0.015291 0.015321
0 0.704534 0.823660 0.022516 0.022615
0 0.739935 0.072864 0.010870 0.010646
0 0.149330 0.255762 0.016377 0.015930
0 0.625883 0.789110 0.016710 0.016133
0 0.888626 0.260829 0.020242 0.019945
0 0.003871 0.062318 0.007725 0.016230
0 0.468641 0.376344 0.015449 0.014977
0 0.774685 0.569167 0.014571 0.014996
0 0.541305 0.737087 0.017857 0.017602
0 0.457281 0.476907 0.019763 0.019373
0 0.451667 0.005336 0.019137 0.010673
0 0.671213 0.192232 0.020239 0.020101
0 0.049061 0.378285 0.015516 0.015464
0 0.099296 0.997161 0.012962 0.005665
0 0.379033 0.737675 0.018764 0.018212
