0 0.134797 0.234361 0.013093 0.012902
0 0.524546 0.071399 0.012926 0.012938
0 0.654650 0.499396 0.012949 0.012803
0 0.665959 0.573717 0.012240 0.012076
0 0.010792 0.177328 0.012323 0.012033
0 0.869973 0.626840 0.014035 0.013968
0 0.909374 0.524834 0.013218 0.013056
0 0.089342 0.451559 0.011961 0.011801
0 0.885311 0.501038 0.013182 0.013217
0 0.641547 0.664742 0.013050 0.013115
0 0.761843 0.008087 0.012751 0.013113
0 0.759470 0.690277 0.012632 0.012664
0 0.808587 0.454976 0.012969 0.012718
0 0.200243 0.091925 0.012852 0.013070
0 0.503013 0.123550 0.012765 0.012679
0 0.940452 0.376130 0.013099 0.013029
0 0.120275 0.435777 0.013082 0.013107
0 0.544799 0.070541 0.013344 0.013585
0 0.652102 0.010957 0.013222 0.013240
0 0.035914 0.729356 0.012410 0.012382
0 0.776153 0.026693 0.012331 0.011938
0 0.098859 0.041637 0.014664 0.014482
0 0.153185 0.021864 0.012611 0.012584
0 0.692368 0.620906 0.014711 0.014767
0 0.554735 0.214100 0.012613 0.012747
0 0.161225 0.345082 0.012081 0.012194
0 0.531664 0.025510 0.013148 0.013129
0 0.734799 0.621597 0.014846 0.014992
0 0.715038 0.308505 0.012102 0.012041
0 0.645117 0.522708 0.012977 0.013100
0 0.829393 0.366058 0.013139 0.013299
0 0.464413 0.541973 0.012413 0.012541
0 0.186026 0.138085 0.012198 0.011838
0 0.132281 0.195673 0.013869 0.013743
0 0.170774 0.314776 0.012053 0.012124
0 0.825405 0.650105 0.013701 0.013677
0 0.492023 0.548422 0.012736 0.012653
0 0.608941 0.026549 0.013374 0.013261
0 0.774089 0.413666 0.011967 0.012013
0 0.206971 0.851353 0.013930 0.014120
0 0.358175 0.183267 0.012509 0.012664
0 0.093665 0.092450 0.014496 0.014662
0 0.962097 0.390956 0.013090 0.013148
0 0.172428 0.515835 0.012323 0.012266
0 0.279602 0.767371 0.012460 0.012302
0 0.152185 0.729371 0.012495 0.012450
0 0.655978 0.416992 0.012825 0.012802
0 0.152449 0.769068 0.013727 0.013710
0 0.239046 0.872508 0.011739 0.011591
0 0.739212 0.419511 0.014890 0.014630
0 0.897765 0.768460 0.014011 0.014076
0 0.744094 0.316677 0.012078 0.012298
0 0.818314 0.829853 0.013133 0.013214
0 0.548878 0.692877 0.012239 0.012390
0 0.779005 0.524399 0.012561 0.012478
0 0.072287 0.976217 0.011387 0.011519
0 0.811189 0.924361 0.011373 0.011299
0 0.279691 0.436780 0.011934 0.011630
0 0.160487 0.107176 0.013957 0.014193
0 0.995914 0.463199 0.008151 0.012346
0 0.955811 0.508685 0.015411 0.015076
0 0.623365 0.295332 0.012386 0.012432
0 0.116962 0.708152 0.013778 0.013949
0 0.017224 0.335294 0.013126 0.012907
0 0.815170 0.421376 0.013213 0.012994
0 0.167236 0.797212 0.011121 0.011278
0 0.549977 0.015342 0.012602 0.012252
0 0.818167 0.514393 0.013931 0.014087
0 0.323127 0.323923 0.012558 0.012386
0 0.937872 0.099124 0.012770 0.012671
0 0.075180 0.828962 0.013288 0.013167
0 0.551003 0.415430 0.012017 0.012014
0 0.315213 0.578193 0.011603 0.011727
0 0.487630 0.619797 0.011951 0.012084
0 0.576880 0.501499 0.014736 0.014757
0 0.262985 0.979723 0.014181 0.014126
0 0.824493 0.729678 0.012553 0.012404
0 0.071078 0.660400 0.013200 0.013018
0 0.075937 0.693122 0.013275 0.013204
0 0.816060 0.976823 0.011187 0.011016
0 0.798925 0.553187 0.012267 0.012315
0 0.016394 0.413102 0.013030 0.012852
0 0.155741 0.378004 0.011882 0.012262
0 0.518974 0.904223 0.011938 0.012020
0 0.916766 0.836988 0.013487 0.013301
0 0.829925 0.595159 0.014172 0.013798
0 0.149566 0.951280 0.013234 0.013203
0 0.530528 0.572935 0.011465 0.011399
0 0.582062 0.286939 0.012203 0.012129
0 0.834110 0.986901 0.011554 0.011384
0 0.334800 0.657732 0.012729 0.013017
0 0.102825 0.218226 0.014444 0.014670
0 0.671458 0.859434 0.011771 0.011662
0 0.822592 0.623604 0.013009 0.013120
0 0.100102 0.548663 0.011323 0.011231
0 0.419204 0.493624 0.011641 0.011691
0 0.426462 0.424838 0.011399 0.011294
0 0.950277 0.057551 0.014671 0.014936
0 0.825342 0.915189 0.012232 0.012442
0 0.726588 0.879132 0.011914 0.011865
0 0.626821 0.051775 0.012356 0.012207
0 0.632894 0.795831 0.011101 0.011094
0 0.624904 0.738908 0.012698 0.013256
0 0.336480 0.882367 0.011453 0.011891
