0 0.563177 0.192408 0.013247 0.013300
0 0.366817 0.541316 0.013191 0.013345
0 0.133323 0.328000 0.013188 0.013214
0 0.565978 0.099074 0.014097 0.014083
0 0.494442 0.816765 0.013689 0.013772
0 0.267989 0.249808 0.013602 0.013687
0 0.278970 0.436493 0.012099 0.012039
0 0.655443 0.235494 0.013236 0.013078
0 0.306986 0.746597 0.013218 0.013026
0 0.285169 0.589402 0.013293 0.013161
0 0.204293 0.566446 0.012743 0.012692
0 0.055513 0.144107 0.013160 0.013148
0 0.458103 0.928568 0.012477 0.012572
0 0.486673 0.363945 0.013849 0.013585
0 0.405335 0.306020 0.013353 0.013231
0 0.766437 0.533953 0.013586 0.013502
0 0.964616 0.684715 0.011404 0.011405
0 0.667014 0.848460 0.012890 0.012694
0 0.194059 0.616675 0.012106 0.011877
0 0.269198 0.164467 0.013536 0.013585
0 0.472264 0.202767 0.011853 0.011717
0 0.421340 0.164868 0.013003 0.012926
0 0.083799 0.616260 0.013439 0.013354
0 0.621079 0.490150 0.013365 0.013516
0 0.121716 0.517751 0.012678 0.012599
0 0.968043 0.588714 0.013193 0.013004
0 0.689950 0.523164 0.012533 0.012562
0 0.613030 0.453291 0.012206 0.012081
0 0.717390 0.230102 0.011485 0.011519
0 0.517958 0.378167 0.012073 0.012070
0 0.827388 0.171244 0.013015 0.012924
0 0.889650 0.047732 0.011965 0.011996
0 0.443398 0.247007 0.012855 0.012886
0 0.668673 0.056553 0.013122 0.013187
0 0.548700 0.319342 0.013822 0.013747
0 0.325842 0.353508 0.012700 0.012738
0 0.350252 0.922485 0.012665 0.012515
0 0.946235 0.856151 0.014707 0.014696
0 0.635561 0.028981 0.013564 0.013447
0 0.351607 0.665141 0.013657 0.013455
0 0.569119 0.356347 0.012814 0.012855
0 0.630504 0.933932 0.013409 0.013482
0 0.823078 0.944000 0.012124 0.012014
0 0.334967 0.093806 0.012966 0.012897
0 0.795004 0.016530 0.012417 0.012444
0 0.902287 0.533825 0.013453 0.013430
0 0.008356 0.553913 0.013049 0.012767
0 0.086124 0.826198 0.012524 0.012490
0 0.656144 0.413889 0.013493 0.013548
0 0.047781 0.346935 0.014486 0.014662
0 0.006437 0.257441 0.012784 0.013815
0 0.637088 0.259974 0.013591 0.013596
0 0.104753 0.742071 0.012154 0.011891
0 0.862378 0.115996 0.012067 0.012037
0 0.680052 0.154684 0.012883 0.012764
0 0.216070 0.212234 0.013200 0.013207
0 0.707980 0.617287 0.013004 0.012930
0 0.577103 0.520205 0.013013 0.012909
0 0.006512 0.877359 0.012731 0.013866
0 0.163445 0.801415 0.012678 0.012616
0 0.598001 0.624753 0.013704 0.013894
0 0.591844 0.209093 0.009979 0.009789
0 0.944152 0.444332 0.012376 0.012175
0 0.348423 0.791255 0.012421 0.012197
0 0.568463 0.669095 0.012131 0.012001
0 0.217957 0.035285 0.013051 0.012968
0 0.778099 0.423813 0.013248 0.013244
0 0.821562 0.647917 0.011381 0.011092
0 0.089015 0.912866 0.012890 0.012816
0 0.330415 0.843752 0.013868 0.014135
0 0.903962 0.985116 0.014110 0.014262
0 0.989349 0.857511 0.012871 0.012864
0 0.314951 0.303145 0.014404 0.014392
0 0.953543 0.387275 0.013479 0.013442
0 0.005277 0.640450 0.010554 0.012611
0 0.394187 0.478927 0.012877 0.012711
0 0.946880 0.941775 0.011605 0.011650
0 0.896234 0.343620 0.011882 0.011536
0 0.592381 0.772328 0.011331 0.012033
0 0.537087 0.996065 0.011793 0.007870
0 0.095450 0.935194 0.011774 0.011877
0 0.294789 0.777951 0.011842 0.011695
0 0.893474 0.018881 0.013618 0.013778
0 0.486614 0.417305 0.012358 0.012890
0 0.757856 0.636271 0.012664 0.012888
0 0.329830 0.681686 0.012477 0.012618
0 0.338857 0.994941 0.014067 0.010065
0 0.802597 0.537233 0.012295 0.012067
0 0.347280 0.294713 0.024152 0.024078
0 0.741481 0.982875 0.013403 0.013415
0 0.480851 0.920909 0.013479 0.013181
0 0.101135 0.826731 0.012021 0.012088
0 0.753564 0.387457 0.010748 0.010680
0 0.768924 0.068805 0.012807 0.013313
0 0.090948 0.744833 0.011649 0.011504
0 0.889918 0.579807 0.013409 0.013321
0 0.581313 0.451087 0.011855 0.011657
0 0.695948 0.409644 0.012469 0.012449
0 0.501431 0.849114 0.011298 0.011006
0 0.003803 0.016189 0.007599 0.014671
0 0.995132 0.409875 0.009735 0.012942
0 0.735940 0.619764 0.014704 0.014637
0 0.984730 0.510394 0.014734 0.014536
0 0.714691 0.827605 0.012637 0.013013
0 0.029995 0.338114 0.013544 0.013513
0 0.720402 0.361921 0.012629 0.012558
0 0.738466 0.639289 0.010992 0.011035
0 0.851420 0.231723 0.013251 0.013343
0 0.950219 0.584359 0.010794 0.010832
0 0.960954 0.831065 0.012283 0.012445
0 0.579008 0.978849 0.011395 0.011679
0 0.533225 0.636445 0.023339 0.023248
0 0.775764 0.464337 0.011409 0.011597
0 0.123303 0.440132 0.012564 0.012694
0 0.877646 0.122855 0.009701 0.010081
0 0.191284 0.861365 0.011199 0.011110
0 0.699247 0.904422 0.013836 0.013675
0 0.121154 0.854627 0.009901 0.010095
0 0.851416 0.714542 0.022071 0.022023
0 0.788400 0.486841 0.014337 0.014226
0 0.859685 0.699208 0.015381 0.014602
0 0.489642 0.389790 0.013072 0.012652
0 0.850504 0.537634 0.013309 0.013038
0 0.067560 0.572064 0.022006 0.022189
0 0.887446 0.077553 0.012756 0.012670
0 0.008335 0.977464 0.012133 0.011489
0 0.998270 0.217579 0.003407 0.011997
0 0.376494 0.737022 0.022089 0.021448
0 0.937996 0.024249 0.011358 0.011079
0 0.539954 0.696465 0.012807 0.012802
0 0.711180 0.654602 0.010386 0.009962
0 0.956992 0.037963 0.011697 0.010929
0 0.521479 0.530707 0.012960 0.012897
0 0.070015 0.992737 0.011697 0.011732
0 0.650657 0.952046 0.010398 0.011229
0 0.004922 0.911145 0.009839 0.012593
