0 0.263418 0.112008 0.012317 0.012487
0 0.525074 0.346693 0.012402 0.012264
0 0.141409 0.088979 0.011432 0.011388
0 0.749009 0.616051 0.011999 0.011835
0 0.742819 0.432313 0.012777 0.012748
0 0.186603 0.889041 0.013023 0.012847
0 0.143939 0.980961 0.012380 0.012360
0 0.064498 0.260883 0.012434 0.012411
0 0.313888 0.063227 0.011766 0.011752
0 0.030543 0.582857 0.012774 0.012582
0 0.570023 0.868352 0.012570 0.012343
0 0.361767 0.530028 0.013929 0.013655
0 0.494289 0.323979 0.013234 0.013252
0 0.171738 0.748476 0.012113 0.012172
0 0.226302 0.842884 0.011923 0.012012
0 0.223784 0.272298 0.012025 0.012003
0 0.205197 0.415442 0.010977 0.011158
0 0.606740 0.639259 0.013703 0.013550
0 0.685330 0.955626 0.013166 0.013145
0 0.118573 0.198373 0.012357 0.012319
0 0.577628 0.566317 0.012158 0.012026
0 0.675838 0.442027 0.012172 0.011957
0 0.278476 0.449691 0.012749 0.012480
0 0.092022 0.834923 0.011847 0.011798
0 0.543313 0.973928 0.011653 0.011613
0 0.364953 0.206561 0.013169 0.012943
0 0.457717 0.958430 0.012587 0.012501
0 0.842095 0.980658 0.012050 0.011955
0 0.375539 0.237421 0.013310 0.012869
0 0.409339 0.461656 0.012572 0.012825
0 0.033690 0.938844 0.011723 0.011993
0 0.799593 0.346979 0.011306 0.011186
0 0.718889 0.649031 0.011923 0.011991
0 0.797142 0.248534 0.011944 0.012188
0 0.847896 0.717602 0.020093 0.019830
0 0.406980 0.372554 0.012877 0.012558
0 0.021486 0.521097 0.013093 0.013292
0 0.343975 0.296845 0.021617 0.021402
0 0.680797 0.996557 0.012476 0.006886
0 0.488047 0.740156 0.011992 0.011961
0 0.531534 0.636532 0.021984 0.022594
0 0.065718 0.454678 0.011462 0.011503
0 0.241616 0.404396 0.011875 0.011941
0 0.288457 0.711067 0.012483 0.012608
0 0.332831 0.517423 0.011792 0.011446
0 0.321582 0.900512 0.012812 0.013050
0 0.634194 0.189916 0.009450 0.009464
0 0.265900 0.466386 0.010533 0.010611
0 0.802821 0.443627 0.011217 0.011109
0 0.260109 0.835518 0.012120 0.011700
0 0.026499 0.545231 0.012311 0.012308
0 0.583099 0.222496 0.012517 0.012271
0 0.566775 0.507849 0.010448 0.010170
0 0.226710 0.648689 0.011992 0.011727
0 0.950595 0.379995 0.011312 0.011255
0 0.194105 0.656483 0.011263 0.011307
0 0.274082 0.706047 0.011267 0.011329
0 0.134062 0.483835 0.009239 0.009390
0 0.334709 0.919951 0.010996 0.010841
0 0.813842 0.469889 0.011017 0.011649
0 0.463194 0.711582 0.010771 0.010705
