0 0.606084 0.308119 0.013921 0.013675
0 0.285360 0.398307 0.012830 0.012737
0 0.429667 0.120983 0.013450 0.013518
0 0.525267 0.347736 0.013476 0.013438
0 0.763577 0.284287 0.011623 0.011561
0 0.602909 0.369751 0.012221 0.011823
0 0.066759 0.265665 0.012811 0.012750
0 0.423831 0.029083 0.013352 0.013172
0 0.785694 0.042558 0.012091 0.012000
0 0.659349 0.162491 0.012590 0.012615
0 0.585776 0.168808 0.011302 0.011223
0 0.116158 0.496569 0.012192 0.011938
0 0.312235 0.152896 0.012689 0.012584
0 0.957223 0.391682 0.012845 0.012713
0 0.017102 0.495765 0.013329 0.013314
0 0.825803 0.536132 0.012773 0.012732
0 0.109534 0.980092 0.013415 0.013214
0 0.951230 0.039108 0.011141 0.010890
0 0.816398 0.252712 0.012615 0.012493
0 0.857574 0.311904 0.012758 0.012742
0 0.883541 0.159561 0.012229 0.012259
0 0.748965 0.617281 0.013346 0.013404
0 0.241005 0.124637 0.013252 0.013406
0 0.940546 0.271121 0.012506 0.012108
0 0.735154 0.517106 0.013439 0.013092
0 0.662673 0.470696 0.012538 0.012476
0 0.596304 0.137018 0.011914 0.011934
0 0.185904 0.890242 0.013037 0.012942
0 0.709568 0.356133 0.012816 0.012876
0 0.200386 0.140985 0.014336 0.014306
0 0.038255 0.145874 0.012299 0.012255
0 0.884564 0.064022 0.012463 0.012259
0 0.674612 0.078638 0.012551 0.012628
0 0.314058 0.042830 0.012211 0.012468
0 0.835243 0.227090 0.013339 0.013334
0 0.351354 0.554403 0.013363 0.013313
0 0.152441 0.169241 0.012406 0.012297
0 0.312644 0.518567 0.012164 0.011965
0 0.195314 0.496823 0.011529 0.011446
0 0.542874 0.676107 0.011021 0.010889
0 0.703244 0.562666 0.012400 0.012261
0 0.451794 0.246654 0.012518 0.012689
0 0.752167 0.703172 0.013866 0.013233
0 0.757688 0.069753 0.011045 0.010973
0 0.424496 0.248389 0.014218 0.014172
0 0.469713 0.062412 0.011834 0.011580
0 0.019241 0.802499 0.012494 0.012966
0 0.559862 0.495356 0.011049 0.010846
0 0.195791 0.247912 0.011554 0.011560
0 0.132587 0.857536 0.013338 0.013372
0 0.561241 0.835933 0.013402 0.013108
0 0.486569 0.526948 0.013055 0.012872
0 0.501064 0.067600 0.012190 0.012119
0 0.597251 0.951967 0.011157 0.011262
0 0.486302 0.921300 0.013692 0.013709
0 0.750177 0.777280 0.013273 0.013318
0 0.459659 0.959913 0.013161 0.012988
0 0.784228 0.458323 0.011313 0.011398
0 0.477671 0.435560 0.012889 0.012953
0 0.144139 0.556232 0.011339 0.011336
0 0.523365 0.234130 0.011289 0.011502
0 0.261850 0.852588 0.012407 0.012325
0 0.356030 0.811435 0.013182 0.013173
0 0.099392 0.630009 0.011989 0.011911
0 0.032200 0.903339 0.011794 0.011774
0 0.066236 0.352895 0.013293 0.013205
0 0.325579 0.552733 0.012362 0.012246
0 0.706888 0.637255 0.012078 0.012013
0 0.667037 0.241004 0.013645 0.013344
0 0.111889 0.903745 0.012007 0.011915
0 0.136443 0.662196 0.011920 0.011880
0 0.543094 0.973576 0.011861 0.011741
0 0.997719 0.360273 0.004540 0.011215
0 0.465442 0.453645 0.011250 0.011390
0 0.385914 0.112491 0.011010 0.010976
0 0.031283 0.738329 0.013143 0.012838
0 0.408834 0.669677 0.014245 0.014057
0 0.222749 0.467257 0.012731 0.012867
0 0.561855 0.046813 0.010758 0.010898
0 0.235227 0.621075 0.013058 0.013020
0 0.788588 0.004283 0.012568 0.008567
0 0.705547 0.015083 0.013892 0.013962
0 0.670339 0.542119 0.012061 0.011699
0 0.751406 0.458127 0.011936 0.011867
0 0.382230 0.850083 0.011490 0.011506
0 0.423173 0.554697 0.013979 0.013795
0 0.514329 0.065120 0.011009 0.011096
0 0.342204 0.814952 0.009394 0.009343
0 0.394450 0.944681 0.009951 0.009933
0 0.226278 0.647723 0.011154 0.011258
0 0.313880 0.853765 0.010559 0.010744
