0 0.057190 0.599200 0.013296 0.013234
0 0.430707 0.397257 0.012882 0.012852
0 0.592842 0.859906 0.012444 0.012317
0 0.836239 0.582563 0.012314 0.012371
0 0.748453 0.618697 0.013205 0.013172
0 0.504595 0.305767 0.014089 0.013790
0 0.524896 0.349392 0.012809 0.012726
0 0.255917 0.445488 0.013219 0.013011
0 0.214098 0.304659 0.012201 0.012006
0 0.469809 0.139734 0.013654 0.013700
0 0.492209 0.565192 0.014093 0.013865
0 0.442324 0.572673 0.012583 0.012554
0 0.570812 0.356387 0.012850 0.012872
0 0.370338 0.186294 0.013608 0.013672
0 0.477559 0.749005 0.013021 0.012969
0 0.858899 0.445694 0.013344 0.013592
0 0.127972 0.421037 0.012785 0.012527
0 0.062031 0.416443 0.013470 0.013280
0 0.613507 0.888478 0.011817 0.011824
0 0.157359 0.464364 0.013828 0.013843
0 0.597198 0.083877 0.013677 0.013817
0 0.855125 0.388518 0.013338 0.013168
0 0.565712 0.509102 0.012732 0.012814
0 0.160200 0.822826 0.013292 0.013120
0 0.675335 0.097754 0.013952 0.013991
0 0.394019 0.690910 0.012520 0.012490
0 0.659241 0.367984 0.012843 0.012779
0 0.708491 0.163877 0.011102 0.011004
0 0.419120 0.125222 0.012026 0.011961
0 0.287719 0.205821 0.012966 0.013030
0 0.025009 0.651981 0.013190 0.012885
0 0.170099 0.632991 0.012234 0.011808
0 0.415867 0.038536 0.011059 0.011458
0 0.223661 0.470020 0.012176 0.012188
0 0.910676 0.776223 0.012347 0.012253
0 0.308205 0.695107 0.012918 0.012719
0 0.437087 0.589789 0.008754 0.009855
0 0.302949 0.483628 0.012478 0.012465
0 0.543468 0.974728 0.013280 0.013056
0 0.839669 0.542984 0.012940 0.013096
0 0.055722 0.805268 0.013611 0.013396
0 0.449925 0.698695 0.012443 0.012376
0 0.584318 0.010662 0.013601 0.013351
0 0.152393 0.286558 0.012295 0.012171
0 0.958555 0.218719 0.013064 0.012994
0 0.186768 0.891614 0.012531 0.012517
0 0.473267 0.065053 0.013024 0.013023
0 0.741498 0.248785 0.013703 0.013743
0 0.545117 0.805447 0.011569 0.011291
0 0.573785 0.668945 0.012913 0.013092
0 0.719904 0.092304 0.013070 0.012927
0 0.891907 0.023625 0.013985 0.014072
0 0.104311 0.257474 0.011051 0.011240
0 0.458071 0.961680 0.012137 0.011909
0 0.108105 0.196791 0.012360 0.012322
0 0.158052 0.692574 0.012308 0.012230
0 0.224820 0.649681 0.011613 0.011629
0 0.787952 0.699573 0.012943 0.012788
0 0.916875 0.365799 0.013288 0.013160
0 0.868145 0.679175 0.012536 0.012354
0 0.572773 0.311744 0.012171 0.012030
0 0.158708 0.392180 0.012080 0.012235
0 0.469535 0.844387 0.011554 0.011481
0 0.121169 0.549852 0.012835 0.012271
0 0.134596 0.497046 0.011293 0.011508
0 0.325280 0.032122 0.011973 0.011951
0 0.753064 0.394104 0.012455 0.012358
0 0.584960 0.966213 0.012368 0.012517
0 0.361378 0.726631 0.012537 0.012625
0 0.134231 0.385757 0.011689 0.011200
0 0.422230 0.697560 0.011047 0.010951
0 0.213256 0.749401 0.011743 0.011401
0 0.227193 0.908152 0.011756 0.011817
0 0.288320 0.811471 0.011105 0.010986
0 0.319840 0.557078 0.011039 0.010927
0 0.987148 0.392229 0.013365 0.013271
0 0.550631 0.097523 0.013565 0.013386
0 0.299841 0.291908 0.012595 0.012397
0 0.308251 0.722397 0.011834 0.011929
0 0.441241 0.059251 0.012477 0.012483
0 0.204497 0.208775 0.013001 0.012990
0 0.726365 0.841212 0.011928 0.012015
0 0.921300 0.008339 0.014367 0.014662
0 0.232368 0.031507 0.013298 0.013206
0 0.533090 0.633246 0.019207 0.019496
0 0.789854 0.005834 0.012764 0.011516
0 0.108080 0.980672 0.013421 0.013483
0 0.139581 0.052634 0.012084 0.011984
0 0.103499 0.305552 0.013400 0.013619
0 0.409934 0.261762 0.011307 0.011256
0 0.494276 0.544214 0.012900 0.013199
0 0.841536 0.427589 0.011239 0.011291
0 0.796287 0.473255 0.012468 0.012559
0 0.803390 0.526499 0.011314 0.011337
0 0.296203 0.028314 0.012546 0.012695
0 0.184778 0.638706 0.010968 0.010814
0 0.913202 0.127280 0.011969 0.011919
0 0.703986 0.721439 0.011013 0.010951
0 0.998320 0.415345 0.003326 0.010525
0 0.324429 0.519019 0.010881 0.011120
0 0.301652 0.293113 0.012354 0.011817
0 0.848800 0.710317 0.022820 0.022873
0 0.726434 0.456245 0.011800 0.011852
0 0.334823 0.521933 0.013713 0.013639
0 0.146298 0.421657 0.012325 0.011685
0 0.067446 0.555707 0.013636 0.013888
0 0.588656 0.185101 0.012197 0.012958
0 0.551853 0.035815 0.010788 0.010309
0 0.857820 0.739803 0.012239 0.011873
0 0.092843 0.440798 0.013035 0.012586
0 0.068104 0.553863 0.012710 0.012085
0 0.588281 0.187242 0.012010 0.011672
0 0.274329 0.237334 0.011216 0.011116
0 0.075860 0.236018 0.010796 0.010736
0 0.799323 0.723392 0.009393 0.010255
0 0.276289 0.245559 0.011504 0.010694
0 0.704903 0.022307 0.014499 0.014193
0 0.456059 0.073591 0.010879 0.010643
0 0.074866 0.239241 0.011397 0.012069
0 0.608318 0.136036 0.013280 0.012935
0 0.072341 0.014242 0.012271 0.012682
0 0.002645 0.987428 0.005291 0.014150
0 0.706660 0.023941 0.014244 0.013513
