0 0.749213 0.083832 0.014845 0.014651
0 0.407883 0.862376 0.014575 0.014631
0 0.058112 0.680082 0.015822 0.015677
0 0.939045 0.410887 0.014776 0.014825
0 0.608410 0.927413 0.017184 0.016981
0 0.120085 0.324600 0.016765 0.017126
0 0.103954 0.533564 0.013898 0.013902
0 0.260578 0.089932 0.014414 0.014311
0 0.393471 0.448214 0.015029 0.015079
0 0.477229 0.099169 0.014549 0.014266
0 0.563281 0.237426 0.013949 0.013959
0 0.164880 0.349713 0.014434 0.014345
0 0.213303 0.549546 0.016780 0.016708
0 0.337254 0.916731 0.014063 0.013874
0 0.311403 0.690105 0.014123 0.013972
0 0.588878 0.839121 0.014057 0.014067
0 0.509096 0.303967 0.015053 0.015222
0 0.796121 0.568510 0.014309 0.014298
0 0.050231 0.137580 0.013664 0.013503
0 0.787103 0.177073 0.014080 0.014242
0 0.404277 0.687364 0.013804 0.013739
0 0.568950 0.639123 0.014790 0.014669
0 0.552863 0.275132 0.014875 0.014954
0 0.856637 0.650062 0.014428 0.014413
0 0.330936 0.594779 0.014745 0.014719
0 0.649121 0.487332 0.014384 0.014362
0 0.149774 0.075989 0.014962 0.015220
0 0.393909 0.053430 0.014858 0.014751
0 0.175753 0.899538 0.015963 0.015986
0 0.866538 0.395875 0.015061 0.014784
0 0.408946 0.580556 0.013872 0.013872
0 0.718943 0.846326 0.013289 0.013244
0 0.507718 0.716357 0.014296 0.014235
0 0.628375 0.442059 0.014720 0.014669
0 0.763464 0.240064 0.014726 0.014802
0 0.299736 0.355185 0.015165 0.015582
0 0.159911 0.752501 0.014304 0.014356
0 0.726815 0.030308 0.013344 0.013116
0 0.094498 0.822419 0.013995 0.014072
0 0.949718 0.438008 0.014970 0.015082
0 0.843316 0.417380 0.015382 0.015341
0 0.283342 0.744568 0.014586 0.014570
0 0.504270 0.545362 0.014731 0.014797
0 0.729228 0.631408 0.014110 0.014134
0 0.049577 0.254238 0.014459 0.014312
0 0.681235 0.487128 0.014073 0.014022
0 0.585833 0.082657 0.014375 0.014391
0 0.533726 0.640244 0.022329 0.021942
0 0.934219 0.603641 0.014475 0.014363
0 0.225016 0.516588 0.015251 0.015153
0 0.671880 0.040316 0.014832 0.015141
0 0.070011 0.899308 0.013920 0.014006
0 0.835233 0.587969 0.014329 0.014376
0 0.202377 0.203391 0.015216 0.015357
0 0.348013 0.300832 0.022852 0.022606
0 0.533022 0.819003 0.014290 0.014275
0 0.865775 0.028183 0.015151 0.015252
0 0.025048 0.276373 0.013918 0.014045
0 0.479289 0.970851 0.014386 0.014195
0 0.634177 0.262032 0.014316 0.014036
0 0.805075 0.384130 0.015297 0.015336
0 0.849792 0.722365 0.022686 0.022589
0 0.602935 0.601765 0.014967 0.014928
0 0.467803 0.478318 0.014538 0.014641
0 0.874324 0.286433 0.015004 0.014789
0 0.775011 0.329924 0.014516 0.014585
0 0.111861 0.190724 0.015378 0.015272
0 0.364813 0.577849 0.013733 0.013626
0 0.554535 0.478497 0.015289 0.015307
0 0.148744 0.886683 0.015640 0.015360
0 0.068532 0.576418 0.021826 0.022019
0 0.313538 0.056399 0.015550 0.015422
0 0.685807 0.963348 0.014342 0.014258
0 0.148003 0.238329 0.015176 0.015272
0 0.447981 0.179773 0.014783 0.014654
0 0.559246 0.196356 0.014219 0.013745
0 0.233522 0.568153 0.015129 0.014985
0 0.668409 0.087242 0.014141 0.014709
0 0.790162 0.109301 0.015344 0.015242
0 0.689660 0.652412 0.015083 0.014920
0 0.366457 0.703475 0.014760 0.014729
0 0.923748 0.756404 0.014297 0.014385
0 0.084329 0.457473 0.015115 0.014906
0 0.220137 0.437618 0.015775 0.015690
0 0.772893 0.098921 0.013699 0.013692
0 0.960655 0.007101 0.015166 0.014026
0 0.551379 0.680379 0.015091 0.015275
0 0.696159 0.993428 0.015886 0.013110
0 0.156796 0.039873 0.013654 0.013736
0 0.908623 0.097557 0.015223 0.015063
0 0.292244 0.228858 0.015001 0.014896
0 0.751983 0.721010 0.015161 0.015173
0 0.265979 0.246067 0.019274 0.018625
0 0.984880 0.115314 0.014422 0.014565
0 0.114482 0.787790 0.014030 0.014092
0 0.636380 0.087369 0.021638 0.021906
0 0.291424 0.185570 0.015586 0.015527
0 0.995192 0.147704 0.009591 0.016200
0 0.002682 0.097481 0.005331 0.014583
0 0.417525 0.226550 0.016055 0.016063
0 0.740251 0.268204 0.014770 0.014413
0 0.524801 0.019214 0.019425 0.019138
0 0.687087 0.787015 0.015063 0.015228
0 0.104761 0.984300 0.014628 0.014633
0 0.950031 0.980210 0.015378 0.015190
0 0.853687 0.296428 0.013026 0.012719
0 0.490734 0.190789 0.014002 0.013930
0 0.671340 0.192811 0.020145 0.019868
0 0.088556 0.932703 0.013431 0.013679
0 0.142719 0.004360 0.015583 0.008720
0 0.922116 0.147562 0.020516 0.020698
0 0.118821 0.983433 0.012171 0.012299
0 0.995051 0.845777 0.009899 0.013401
0 0.451777 0.215664 0.020201 0.020726
0 0.004957 0.265357 0.009914 0.018902
0 0.046651 0.327957 0.020017 0.020396
0 0.687641 0.342992 0.014413 0.013900
0 0.855149 0.277575 0.014041 0.013817
0 0.003311 0.172061 0.006607 0.015137
0 0.001915 0.558472 0.003815 0.016576
0 0.506025 0.185117 0.015055 0.014585
0 0.377205 0.793989 0.017251 0.016824
0 0.141776 0.005823 0.015369 0.011645
