0 0.595448 0.269089 0.012422 0.012215
0 0.748524 0.617307 0.013355 0.013362
0 0.672484 0.185194 0.013537 0.013430
0 0.875642 0.282261 0.013119 0.013045
0 0.757299 0.323589 0.013536 0.013252
0 0.761743 0.450513 0.011429 0.011432
0 0.810373 0.218293 0.012034 0.012150
0 0.913748 0.056466 0.012335 0.012435
0 0.251690 0.198207 0.012442 0.012585
0 0.530523 0.124620 0.012253 0.012093
0 0.938720 0.263969 0.013372 0.013336
0 0.348949 0.369432 0.012683 0.012506
0 0.043029 0.161781 0.012119 0.012022
0 0.679452 0.243498 0.012917 0.012931
0 0.239185 0.149077 0.014318 0.014250
0 0.250764 0.113167 0.012658 0.012543
0 0.524441 0.347458 0.013856 0.013737
0 0.452248 0.075236 0.014020 0.014010
0 0.904934 0.028279 0.012862 0.012858
0 0.380319 0.047839 0.010968 0.010934
0 0.708260 0.611778 0.013782 0.013744
0 0.544346 0.281395 0.013545 0.013423
0 0.592702 0.553647 0.014412 0.014327
0 0.462369 0.327650 0.013120 0.013196
0 0.660727 0.536024 0.012422 0.012521
0 0.014734 0.329878 0.012922 0.012885
0 0.969277 0.222681 0.012072 0.012067
0 0.112836 0.494169 0.013201 0.013091
0 0.420121 0.762384 0.014282 0.014279
0 0.024122 0.249472 0.012497 0.012557
0 0.078218 0.155905 0.013167 0.013211
0 0.178166 0.755647 0.011802 0.011684
0 0.903557 0.459830 0.012257 0.012443
0 0.186442 0.890196 0.013609 0.013653
0 0.510583 0.543322 0.012644 0.012860
0 0.444422 0.130893 0.013880 0.013759
0 0.438565 0.191009 0.014107 0.014120
0 0.319752 0.164240 0.012333 0.012581
0 0.536556 0.412162 0.013457 0.013294
0 0.673939 0.903602 0.013277 0.013290
0 0.584074 0.647047 0.011172 0.010997
0 0.048345 0.301880 0.011263 0.011266
0 0.581882 0.370881 0.011636 0.011484
0 0.885445 0.246787 0.012764 0.012696
0 0.771629 0.193501 0.011664 0.011563
0 0.264293 0.056192 0.012115 0.012414
0 0.179577 0.699685 0.014076 0.014003
0 0.083046 0.348360 0.013737 0.013834
0 0.460964 0.117297 0.012495 0.012333
0 0.461073 0.960520 0.013404 0.013211
0 0.755122 0.121097 0.011394 0.011559
0 0.269116 0.616706 0.011839 0.011700
0 0.023967 0.614521 0.012779 0.012783
0 0.189950 0.850554 0.013325 0.013544
0 0.755386 0.350309 0.012757 0.013074
0 0.344754 0.015462 0.011990 0.012157
0 0.623337 0.406028 0.012595 0.012703
0 0.450780 0.796033 0.013651 0.013756
0 0.578010 0.069777 0.013259 0.013142
0 0.554781 0.027722 0.011788 0.011621
0 0.407882 0.385638 0.011920 0.011592
0 0.882637 0.106584 0.011350 0.011145
0 0.930318 0.424223 0.012789 0.012528
0 0.992141 0.286803 0.013710 0.013763
0 0.089001 0.871290 0.012961 0.012976
0 0.440630 0.059220 0.013087 0.013120
0 0.543939 0.973025 0.013126 0.012994
0 0.335835 0.812673 0.012446 0.012346
0 0.020644 0.935370 0.014051 0.013993
0 0.417992 0.525887 0.011770 0.011679
0 0.323443 0.558238 0.012714 0.012479
0 0.337647 0.737402 0.013020 0.012870
0 0.783364 0.437363 0.013199 0.013402
0 0.123475 0.645148 0.012605 0.012476
0 0.697647 0.809483 0.013622 0.013469
0 0.573332 0.467269 0.010962 0.010845
0 0.340659 0.782091 0.013594 0.013535
0 0.226086 0.629548 0.012602 0.013161
0 0.331269 0.764298 0.010822 0.010971
0 0.376994 0.002684 0.012775 0.005368
0 0.331203 0.517624 0.012185 0.012019
0 0.333635 0.577486 0.013065 0.012864
0 0.085110 0.516170 0.013456 0.013441
0 0.149917 0.939164 0.014600 0.014586
0 0.222147 0.468192 0.013060 0.013013
0 0.109791 0.979693 0.013490 0.013583
0 0.788730 0.004908 0.012411 0.009816
0 0.003348 0.645774 0.006646 0.012021
0 0.098890 0.629361 0.016630 0.016807
0 0.150585 0.440730 0.012289 0.012237
0 0.874774 0.658346 0.011937 0.012032
0 0.407637 0.587912 0.012454 0.012494
0 0.224061 0.650623 0.012304 0.011585
0 0.822772 0.182900 0.012300 0.012575
0 0.628245 0.372093 0.010596 0.010458
0 0.422150 0.554708 0.013939 0.013761
0 0.553948 0.842445 0.011800 0.011919
0 0.225684 0.649840 0.011567 0.011271
0 0.356564 0.815024 0.009410 0.009494
0 0.773299 0.004531 0.013257 0.009062
0 0.001800 0.028637 0.003574 0.010923
0 0.598185 0.371326 0.011604 0.012697
0 0.597093 0.002125 0.011888 0.004246
0 0.138815 0.746618 0.011369 0.011264
