0 0.603203 0.899611 0.012328 0.012224
0 0.325973 0.484422 0.013864 0.013865
0 0.786265 0.140447 0.013716 0.013554
0 0.574433 0.778128 0.012687 0.012621
0 0.684150 0.242135 0.013274 0.013159
0 0.153839 0.438487 0.013357 0.013161
0 0.231040 0.627198 0.012866 0.012796
0 0.593165 0.161756 0.013742 0.013469
0 0.737783 0.440530 0.013486 0.013373
0 0.806106 0.397061 0.013282 0.013175
0 0.082852 0.504721 0.013696 0.013554
0 0.027298 0.686707 0.013941 0.013896
0 0.168416 0.364968 0.013571 0.013607
0 0.170483 0.652279 0.013234 0.013070
0 0.338458 0.196342 0.012953 0.013022
0 0.228666 0.346697 0.012828 0.012994
0 0.457661 0.576345 0.013072 0.013122
0 0.548472 0.318815 0.013330 0.013377
0 0.095460 0.662406 0.013141 0.013194
0 0.804605 0.024298 0.013055 0.012853
0 0.235292 0.097517 0.013352 0.013077
0 0.294923 0.161368 0.012443 0.012328
0 0.957019 0.728662 0.012897 0.012869
0 0.529109 0.792929 0.014461 0.014474
0 0.644879 0.936733 0.013683 0.013677
0 0.561644 0.459383 0.013989 0.014000
0 0.866776 0.971939 0.013143 0.012937
0 0.459489 0.420559 0.012328 0.012319
0 0.525185 0.481140 0.013806 0.013988
0 0.770513 0.372277 0.012245 0.012132
0 0.864747 0.078698 0.014008 0.014047
0 0.579154 0.261534 0.012417 0.012315
0 0.061424 0.956509 0.012967 0.013041
0 0.458880 0.956211 0.012764 0.012666
0 0.066136 0.767791 0.013668 0.013583
0 0.110137 0.460943 0.013665 0.013402
0 0.772082 0.842980 0.013135 0.013442
0 0.100490 0.804925 0.013917 0.013857
0 0.193293 0.468264 0.014777 0.014664
0 0.137420 0.225128 0.013422 0.013320
0 0.647758 0.151645 0.013361 0.013279
0 0.677697 0.110112 0.013432 0.013412
0 0.480821 0.113684 0.014401 0.014125
0 0.464858 0.672795 0.013337 0.013350
0 0.479962 0.389364 0.012388 0.012500
0 0.158840 0.856106 0.012422 0.012407
0 0.137979 0.666573 0.012871 0.013033
0 0.131974 0.707138 0.012389 0.012137
0 0.406270 0.854177 0.013933 0.013838
0 0.962864 0.353745 0.013281 0.013244
0 0.050566 0.836688 0.012953 0.012953
0 0.427903 0.228510 0.013700 0.013468
0 0.610190 0.524753 0.012069 0.012072
0 0.488878 0.019403 0.012772 0.012515
0 0.855071 0.032425 0.012515 0.012360
0 0.521916 0.942109 0.013976 0.013889
0 0.985920 0.736697 0.013967 0.013774
0 0.526344 0.218237 0.014002 0.014248
0 0.816010 0.966468 0.011940 0.011958
0 0.924588 0.052527 0.012385 0.012239
0 0.433098 0.037938 0.012624 0.012535
0 0.111343 0.391726 0.012949 0.012802
0 0.450715 0.367832 0.013067 0.013098
0 0.345202 0.918082 0.013378 0.013400
0 0.202074 0.494492 0.012677 0.012634
0 0.447318 0.828343 0.013590 0.013656
0 0.320969 0.075705 0.015341 0.015236
0 0.342272 0.865437 0.012586 0.012402
0 0.399468 0.591722 0.013537 0.013482
0 0.880781 0.861843 0.013193 0.013295
0 0.845366 0.334693 0.012533 0.012509
0 0.402718 0.435725 0.015172 0.015114
0 0.380351 0.673551 0.012586 0.012470
0 0.792624 0.075765 0.012863 0.012875
0 0.353971 0.880123 0.013849 0.013616
0 0.777806 0.343912 0.013564 0.013442
0 0.575927 0.748477 0.013338 0.013526
0 0.960477 0.573483 0.011798 0.011838
0 0.369029 0.648779 0.013134 0.013096
0 0.058500 0.125032 0.013623 0.013710
0 0.090351 0.966072 0.013642 0.013640
0 0.966337 0.696439 0.013902 0.013824
0 0.831830 0.138141 0.013496 0.013729
0 0.668367 0.700548 0.014902 0.014787
0 0.481772 0.266467 0.014980 0.014778
0 0.022199 0.381192 0.013704 0.013539
0 0.384610 0.375179 0.014080 0.013931
0 0.842416 0.961344 0.012060 0.011971
0 0.252020 0.024705 0.013318 0.013087
0 0.800847 0.219471 0.014930 0.015050
0 0.264034 0.070286 0.012332 0.012181
0 0.026211 0.887131 0.012628 0.012654
0 0.876204 0.662183 0.012177 0.012231
0 0.742095 0.848094 0.013396 0.013227
0 0.463830 0.179393 0.013837 0.013913
0 0.450987 0.894632 0.012624 0.012494
0 0.816980 0.800674 0.012397 0.012300
0 0.604157 0.680020 0.013417 0.013485
0 0.877856 0.169704 0.013213 0.013155
0 0.426521 0.339269 0.013803 0.013735
0 0.686592 0.155898 0.013263 0.013301
0 0.185589 0.252456 0.014014 0.013984
0 0.588148 0.577011 0.012297 0.012229
0 0.775505 0.458878 0.014582 0.014505
0 0.330509 0.763788 0.013390 0.013549
0 0.020735 0.509647 0.014429 0.014274
0 0.005905 0.416034 0.011810 0.013358
0 0.789837 0.186665 0.012702 0.012408
0 0.193448 0.729329 0.013683 0.013502
0 0.841572 0.569388 0.014839 0.014481
0 0.086439 0.361827 0.013735 0.013680
0 0.871109 0.230014 0.013270 0.013366
0 0.388585 0.742611 0.014458 0.014514
0 0.975325 0.174627 0.013269 0.013211
0 0.891827 0.682719 0.012395 0.012400
0 0.036731 0.295810 0.013121 0.013285
0 0.150926 0.068861 0.012689 0.012614
0 0.539288 0.397417 0.011324 0.011325
0 0.221428 0.760913 0.013152 0.013095
0 0.494818 0.449590 0.013114 0.012568
0 0.798006 0.325272 0.013551 0.013573
0 0.760366 0.994840 0.013360 0.010321
0 0.050009 0.232645 0.013259 0.013471
0 0.289553 0.606656 0.012350 0.012255
0 0.933439 0.007862 0.013208 0.013374
0 0.714966 0.323627 0.014093 0.013892
0 0.745284 0.406049 0.013227 0.013190
0 0.076763 0.801920 0.012720 0.012631
0 0.844411 0.184253 0.014348 0.014417
0 0.878444 0.788968 0.015514 0.015435
0 0.533910 0.623982 0.020011 0.020298
0 0.529303 0.388046 0.012125 0.012013
0 0.949666 0.994025 0.013189 0.011869
0 0.190259 0.007143 0.012815 0.012984
0 0.387224 0.970768 0.012187 0.011715
0 0.661195 0.846744 0.012761 0.012841
0 0.295140 0.298195 0.013987 0.013737
0 0.847634 0.608935 0.013970 0.013997
0 0.026518 0.644808 0.012581 0.012327
0 0.916804 0.914180 0.013192 0.013085
0 0.302365 0.203487 0.013608 0.013604
0 0.324685 0.304677 0.013305 0.013288
0 0.711797 0.408811 0.014503 0.014452
0 0.016937 0.448668 0.012876 0.013012
0 0.884817 0.240143 0.012420 0.012320
0 0.535204 0.969222 0.011209 0.011375
0 0.569816 0.677241 0.013154 0.013538
0 0.454029 0.014359 0.013005 0.013094
0 0.982703 0.191788 0.013242 0.013378
0 0.944432 0.832616 0.011789 0.011653
0 0.631808 0.234804 0.013853 0.013552
0 0.959992 0.403424 0.011713 0.011691
0 0.783261 0.704640 0.014990 0.014793
0 0.722978 0.002915 0.013671 0.005830
0 0.166165 0.146589 0.015827 0.015818
0 0.525752 0.023304 0.013384 0.012841
0 0.269404 0.668340 0.013912 0.014023
0 0.559298 0.201136 0.012708 0.012662
0 0.586874 0.878029 0.015372 0.015125
0 0.018217 0.042710 0.012177 0.012119
0 0.397210 0.459956 0.016710 0.016450
0 0.655243 0.508147 0.013538 0.013330
0 0.413432 0.462958 0.011491 0.011924
0 0.463281 0.998035 0.012237 0.003929
0 0.801671 0.422753 0.014076 0.014357
0 0.334732 0.113535 0.014059 0.013974
0 0.312488 0.942039 0.013005 0.012917
0 0.921395 0.721799 0.008837 0.008789
0 0.081357 0.329729 0.015527 0.015553
0 0.165329 0.563269 0.013072 0.012952
0 0.862799 0.011560 0.012600 0.012655
0 0.949527 0.868021 0.011331 0.011261
0 0.640966 0.251980 0.014641 0.014966
0 0.275470 0.748740 0.010216 0.010439
0 0.334816 0.034463 0.013433 0.013360
0 0.510232 0.120281 0.010034 0.009806
0 0.411809 0.461772 0.012511 0.013906
0 0.147919 0.784495 0.012965 0.013122
0 0.454587 0.557873 0.012864 0.012897
0 0.963291 0.877673 0.013441 0.013089
0 0.534712 0.031737 0.011585 0.010655
0 0.279713 0.907851 0.014774 0.014586
0 0.186738 0.552030 0.014972 0.015388
0 0.848409 0.711377 0.023130 0.022641
0 0.266998 0.719491 0.013926 0.013595
0 0.029174 0.739792 0.011351 0.011623
0 0.557660 0.199372 0.012826 0.012980
0 0.148799 0.786207 0.013147 0.012507
0 0.579721 0.605962 0.012880 0.012647
