0 0.749210 0.616453 0.013297 0.013122
0 0.052593 0.417927 0.012297 0.012186
0 0.299454 0.122377 0.012460 0.012304
0 0.234399 0.529369 0.012659 0.012396
0 0.369687 0.374480 0.013191 0.013239
0 0.540733 0.304268 0.013385 0.013361
0 0.770321 0.539028 0.013355 0.013424
0 0.116564 0.346350 0.011741 0.011492
0 0.160442 0.112901 0.012831 0.012642
0 0.461968 0.959369 0.013241 0.013125
0 0.143399 0.296693 0.012588 0.012614
0 0.571139 0.576169 0.012790 0.012516
0 0.670440 0.536216 0.012814 0.012782
0 0.316557 0.897596 0.011768 0.011519
0 0.168252 0.429986 0.011363 0.011161
0 0.491762 0.727000 0.013080 0.012997
0 0.606284 0.240541 0.012479 0.012439
0 0.223100 0.466910 0.013132 0.013169
0 0.973107 0.928592 0.011515 0.011473
0 0.386558 0.428544 0.014084 0.013934
0 0.525293 0.347333 0.013092 0.013128
0 0.381469 0.201359 0.012079 0.012078
0 0.644596 0.440311 0.012489 0.012431
0 0.263606 0.453139 0.012519 0.012451
0 0.610157 0.264719 0.012558 0.012485
0 0.661747 0.504216 0.011974 0.011527
0 0.610835 0.892862 0.013190 0.013168
0 0.934777 0.857001 0.010889 0.010668
0 0.240245 0.025208 0.012717 0.012898
0 0.132279 0.420587 0.013378 0.013459
0 0.080157 0.496975 0.013701 0.013476
0 0.926501 0.284093 0.011603 0.011557
0 0.682480 0.851050 0.012401 0.012702
0 0.450818 0.270750 0.012720 0.012587
0 0.124415 0.531558 0.013873 0.013753
0 0.805536 0.065571 0.012373 0.012276
0 0.112264 0.267964 0.011955 0.012091
0 0.435566 0.175695 0.013733 0.013701
0 0.307631 0.253469 0.012463 0.012579
0 0.543647 0.972096 0.013446 0.013121
0 0.944907 0.046352 0.011913 0.011656
0 0.376439 0.652511 0.011353 0.011216
0 0.626789 0.744115 0.011100 0.011139
0 0.398791 0.593115 0.012193 0.012140
0 0.849006 0.331519 0.011467 0.011487
0 0.748440 0.762073 0.011764 0.011892
0 0.184792 0.887193 0.013397 0.013317
0 0.488327 0.384250 0.011508 0.011475
0 0.110314 0.979530 0.013414 0.013459
0 0.439647 0.785200 0.013464 0.013280
0 0.847415 0.197590 0.009979 0.010104
0 0.604220 0.432694 0.012593 0.012475
0 0.449864 0.613090 0.013663 0.013603
0 0.995506 0.643121 0.008956 0.011317
0 0.345495 0.296042 0.022980 0.023010
0 0.740884 0.032521 0.010920 0.010812
0 0.611451 0.095618 0.012822 0.013209
0 0.344687 0.552217 0.011865 0.011981
0 0.852147 0.152934 0.011422 0.011157
0 0.848063 0.717776 0.020583 0.020457
0 0.226969 0.649406 0.012338 0.012192
0 0.241000 0.002278 0.013941 0.004556
0 0.718646 0.168245 0.012149 0.011887
0 0.510871 0.997287 0.010142 0.005400
0 0.659993 0.843121 0.010347 0.010166
0 0.072240 0.858226 0.011992 0.011879
0 0.416581 0.376032 0.011645 0.011526
0 0.536202 0.377616 0.010549 0.010997
0 0.214610 0.964355 0.011851 0.011930
0 0.404393 0.832385 0.011602 0.011505
0 0.384728 0.278375 0.012624 0.012714
0 0.631947 0.086078 0.020029 0.019615
0 0.774806 0.179464 0.012383 0.012338
0 0.786818 0.004567 0.012060 0.009109
0 0.313534 0.087828 0.012957 0.012865
0 0.004342 0.317122 0.008593 0.014528
0 0.560510 0.277030 0.010833 0.010648
0 0.421334 0.555205 0.011628 0.011457
0 0.529820 0.636944 0.022737 0.023162
0 0.002492 0.955523 0.004924 0.014756
0 0.624964 0.114432 0.012313 0.011623
0 0.236249 0.751485 0.010951 0.010952
0 0.701195 0.820972 0.021900 0.021275
