0 0.191529 0.306399 0.011299 0.011240
0 0.296728 0.471815 0.012372 0.012377
0 0.749084 0.616941 0.012868 0.012778
0 0.629895 0.652819 0.013928 0.013628
0 0.342824 0.399567 0.013318 0.013103
0 0.316178 0.050292 0.012316 0.012462
0 0.597118 0.630406 0.011548 0.011196
0 0.628746 0.361983 0.012198 0.012142
0 0.696502 0.917279 0.013547 0.013549
0 0.096116 0.069718 0.011587 0.011561
0 0.793770 0.377496 0.012555 0.012480
0 0.642175 0.810058 0.012192 0.012024
0 0.281627 0.048679 0.011871 0.011813
0 0.230090 0.840232 0.012536 0.012522
0 0.243614 0.269533 0.012735 0.012611
0 0.450130 0.957487 0.012610 0.012580
0 0.250532 0.405998 0.012236 0.012339
0 0.603678 0.871528 0.011975 0.011862
0 0.187124 0.889458 0.013185 0.013130
0 0.266666 0.662887 0.013167 0.013129
0 0.036100 0.897432 0.013262 0.013132
0 0.365743 0.191512 0.011303 0.011156
0 0.219150 0.124435 0.011495 0.011483
0 0.082595 0.253317 0.011828 0.011814
0 0.367598 0.739752 0.012656 0.012430
0 0.576025 0.670382 0.012012 0.011933
0 0.583035 0.823028 0.011480 0.011346
0 0.226337 0.650817 0.012850 0.012551
0 0.451210 0.764013 0.012026 0.011733
0 0.187309 0.611866 0.011331 0.011228
0 0.027631 0.507933 0.013654 0.013557
0 0.538350 0.608206 0.011391 0.011336
0 0.373758 0.973241 0.010869 0.010825
0 0.664054 0.968822 0.012448 0.012282
0 0.223671 0.466991 0.012642 0.012596
0 0.524190 0.346738 0.012754 0.012380
0 0.734473 0.548137 0.011986 0.012162
0 0.932471 0.654655 0.012615 0.012665
0 0.223903 0.702232 0.013061 0.013157
0 0.374456 0.502659 0.013071 0.013288
0 0.321477 0.859653 0.012920 0.012666
0 0.079628 0.794849 0.013164 0.013063
0 0.410572 0.415626 0.013489 0.013172
0 0.847190 0.719221 0.019709 0.019102
0 0.542041 0.973294 0.011765 0.011602
0 0.881458 0.641671 0.011539 0.011769
0 0.103610 0.678747 0.012788 0.012701
0 0.167731 0.154653 0.011341 0.011718
0 0.068448 0.924596 0.013287 0.013280
0 0.881270 0.500576 0.009771 0.009772
0 0.363809 0.147611 0.011570 0.011507
0 0.332549 0.516652 0.010642 0.010787
0 0.672404 0.373056 0.009614 0.009913
0 0.198801 0.569029 0.011717 0.011751
0 0.511494 0.800168 0.010357 0.010400
0 0.067560 0.453870 0.011860 0.012094
0 0.581266 0.643075 0.014106 0.014282
0 0.086037 0.519492 0.011236 0.011710
0 0.200696 0.385349 0.011868 0.011511
0 0.629329 0.259212 0.012570 0.012414
0 0.682667 0.008642 0.013382 0.013299
0 0.831289 0.447033 0.009936 0.009962
0 0.684480 0.369108 0.011311 0.011240
0 0.414231 0.871950 0.010188 0.010070
0 0.042477 0.382175 0.010853 0.011275
0 0.843557 0.330521 0.011595 0.011590
0 0.034338 0.368408 0.011284 0.010809
0 0.955112 0.380169 0.011065 0.010880
0 0.701198 0.821974 0.019777 0.019453
0 0.375729 0.225651 0.012774 0.012907
0 0.634388 0.011137 0.012420 0.012465
0 0.143895 0.516294 0.011999 0.012036
0 0.539824 0.908290 0.011282 0.011142
0 0.448969 0.213336 0.016214 0.016496
0 0.140405 0.985787 0.014136 0.013729
0 0.143543 0.068454 0.010950 0.011165
0 0.109242 0.979953 0.013790 0.013761
0 0.620567 0.781910 0.016818 0.016479
0 0.049286 0.322256 0.009863 0.009984
0 0.309274 0.664577 0.010313 0.010216
0 0.343283 0.297038 0.022251 0.022915
0 0.064580 0.573848 0.020138 0.019580
