0 0.330150 0.469964 0.013652 0.013551
0 0.054594 0.843709 0.013294 0.013449
0 0.804428 0.025153 0.012860 0.012618
0 0.860358 0.783418 0.012834 0.012668
0 0.298586 0.163879 0.013169 0.013010
0 0.762738 0.896578 0.014417 0.014330
0 0.359674 0.031559 0.012474 0.012365
0 0.456632 0.728528 0.012465 0.012537
0 0.786092 0.140147 0.013470 0.013329
0 0.305886 0.397318 0.013433 0.013137
0 0.792744 0.057485 0.012410 0.012191
0 0.603891 0.899494 0.012478 0.012319
0 0.266745 0.461252 0.013411 0.013347
0 0.290465 0.202580 0.012783 0.012790
0 0.976785 0.526633 0.012197 0.012085
0 0.869122 0.097400 0.013082 0.013071
0 0.110018 0.112733 0.013166 0.013177
0 0.873452 0.491646 0.013012 0.012928
0 0.593685 0.162525 0.013579 0.013302
0 0.705259 0.041204 0.012501 0.012302
0 0.531132 0.434537 0.012883 0.012823
0 0.888529 0.462872 0.012059 0.011904
0 0.853348 0.548903 0.013573 0.013473
0 0.704501 0.590346 0.016590 0.016510
0 0.224523 0.811188 0.013443 0.013541
0 0.089871 0.431748 0.012768 0.012654
0 0.525080 0.130463 0.013048 0.013168
0 0.645303 0.936861 0.013569 0.013619
0 0.543909 0.657884 0.012924 0.012864
0 0.263619 0.072275 0.012644 0.012472
0 0.745358 0.251640 0.013055 0.012956
0 0.632731 0.567877 0.013227 0.013273
0 0.843818 0.205481 0.012496 0.012399
0 0.457035 0.150893 0.012899 0.012900
0 0.890518 0.906865 0.011778 0.011714
0 0.457926 0.576576 0.012502 0.012644
0 0.526344 0.219384 0.013772 0.013917
0 0.385167 0.598269 0.012770 0.012533
0 0.628356 0.636048 0.013323 0.013324
0 0.563041 0.613864 0.012890 0.012872
0 0.029549 0.686391 0.013689 0.013852
0 0.232441 0.959212 0.012844 0.012779
0 0.753437 0.926724 0.013665 0.013831
0 0.860923 0.953662 0.012416 0.012314
0 0.111471 0.392408 0.013150 0.012964
0 0.258909 0.613239 0.013099 0.012923
0 0.555594 0.302776 0.013584 0.013900
0 0.168363 0.502202 0.012578 0.012424
0 0.267359 0.328208 0.012332 0.012446
0 0.974890 0.404454 0.013293 0.013141
0 0.061177 0.957019 0.013294 0.013166
0 0.935047 0.701654 0.012490 0.012576
0 0.808515 0.574262 0.012992 0.013132
0 0.771431 0.256220 0.013264 0.013485
0 0.560625 0.235818 0.013560 0.013437
0 0.883324 0.667543 0.013129 0.012986
0 0.496143 0.940475 0.012242 0.012037
0 0.651245 0.533869 0.014104 0.013966
0 0.333776 0.696575 0.013216 0.013128
0 0.094132 0.164636 0.012527 0.012474
0 0.059245 0.505215 0.013007 0.012980
0 0.506818 0.408831 0.013679 0.013630
0 0.832080 0.139786 0.013495 0.013780
0 0.786233 0.402864 0.014090 0.014030
0 0.245740 0.389144 0.012674 0.012689
0 0.478792 0.113689 0.012605 0.012676
0 0.306373 0.939562 0.013147 0.013084
0 0.730290 0.444355 0.013456 0.013397
0 0.388536 0.775737 0.013521 0.013345
0 0.273848 0.169295 0.013679 0.013167
0 0.224156 0.232703 0.015996 0.016099
0 0.211159 0.090437 0.013843 0.013717
0 0.902736 0.038956 0.012773 0.012675
0 0.491537 0.451247 0.013757 0.013771
0 0.186042 0.274317 0.012985 0.012914
0 0.174570 0.524008 0.013883 0.013921
0 0.675185 0.661532 0.014412 0.014581
0 0.942607 0.845540 0.013218 0.013396
0 0.221046 0.419264 0.013874 0.013947
0 0.189230 0.910397 0.012523 0.012510
0 0.436010 0.927689 0.012568 0.012538
0 0.725267 0.518774 0.014588 0.014737
0 0.858026 0.070637 0.013660 0.014007
0 0.648921 0.902406 0.013894 0.013868
0 0.400574 0.672625 0.014398 0.014508
0 0.374058 0.169094 0.012757 0.012952
0 0.816403 0.966993 0.011955 0.012034
0 0.640313 0.044871 0.012945 0.012779
0 0.526274 0.337261 0.014371 0.014265
0 0.755972 0.675033 0.012911 0.013036
0 0.770142 0.299189 0.013953 0.014009
0 0.961223 0.574303 0.012040 0.011870
0 0.701339 0.088665 0.014464 0.014455
0 0.489556 0.264539 0.013870 0.013695
0 0.149952 0.036173 0.013446 0.013424
0 0.919659 0.552236 0.012432 0.012542
0 0.562556 0.747465 0.013771 0.013847
0 0.117395 0.900215 0.012930 0.012837
0 0.021266 0.441878 0.013720 0.013871
0 0.429923 0.678561 0.013067 0.012903
0 0.339276 0.085839 0.014061 0.014046
0 0.718196 0.796939 0.013502 0.013405
0 0.790343 0.187483 0.012356 0.012028
0 0.369734 0.710978 0.012629 0.012535
0 0.877771 0.170832 0.013400 0.013428
0 0.552146 0.399267 0.011957 0.012018
0 0.032065 0.188962 0.013392 0.013312
0 0.425316 0.830725 0.012950 0.012783
0 0.444412 0.662106 0.015033 0.014977
0 0.578498 0.262285 0.012028 0.011893
0 0.129505 0.862469 0.014085 0.013971
0 0.606110 0.680438 0.013370 0.013643
0 0.189262 0.883811 0.013240 0.013215
0 0.050033 0.233087 0.013579 0.013311
0 0.368977 0.648551 0.013333 0.013138
0 0.907386 0.316883 0.012923 0.013005
0 0.641319 0.253796 0.015365 0.015318
0 0.095095 0.895360 0.012010 0.011799
0 0.992885 0.322203 0.014093 0.015194
0 0.357550 0.201494 0.014540 0.014635
0 0.085373 0.270799 0.012968 0.013106
0 0.748052 0.406338 0.013299 0.013346
0 0.707138 0.285907 0.014851 0.015095
0 0.292510 0.629424 0.012899 0.012832
0 0.975210 0.174601 0.012926 0.012852
0 0.802999 0.392295 0.014077 0.014043
0 0.567887 0.985884 0.013543 0.013661
0 0.330929 0.764019 0.013372 0.013541
0 0.708470 0.319863 0.015321 0.015132
0 0.418664 0.414643 0.015501 0.015199
0 0.090897 0.229451 0.013486 0.013620
0 0.454082 0.014581 0.013028 0.012791
0 0.949491 0.646950 0.012949 0.012604
0 0.465959 0.650939 0.014566 0.014528
0 0.822274 0.877903 0.013922 0.013170
0 0.537435 0.396177 0.012858 0.012787
0 0.748538 0.296589 0.014823 0.014954
0 0.082838 0.984713 0.014867 0.014598
0 0.335853 0.991205 0.014865 0.014830
0 0.848185 0.385623 0.013177 0.012973
0 0.418501 0.341652 0.013527 0.012849
0 0.113761 0.823727 0.012959 0.012650
0 0.770549 0.599289 0.014187 0.014230
0 0.352177 0.635909 0.013970 0.013192
0 0.412420 0.571690 0.012323 0.012339
0 0.950765 0.005904 0.012308 0.011808
0 0.396314 0.723688 0.013181 0.013032
0 0.961530 0.639035 0.012424 0.012728
0 0.053415 0.412736 0.012801 0.012850
0 0.195983 0.236538 0.012794 0.012586
0 0.525094 0.036847 0.013781 0.013272
0 0.800607 0.221189 0.014779 0.014847
0 0.962883 0.878544 0.014383 0.014326
0 0.310329 0.045220 0.013427 0.013289
0 0.102993 0.503465 0.013739 0.013500
0 0.027222 0.750198 0.012248 0.012602
0 0.388767 0.973090 0.012692 0.012567
0 0.027941 0.887251 0.012760 0.012795
0 0.190026 0.007048 0.012961 0.013009
0 0.849002 0.711241 0.022853 0.022721
0 0.189384 0.550826 0.014465 0.014532
0 0.222194 0.746585 0.012925 0.012753
0 0.032347 0.339814 0.012513 0.012203
0 0.269953 0.667742 0.013675 0.013716
0 0.982660 0.192418 0.012542 0.012368
0 0.022506 0.381355 0.013199 0.013148
0 0.872923 0.299911 0.013452 0.013597
0 0.852761 0.876320 0.013195 0.012933
0 0.862141 0.011187 0.012875 0.012918
0 0.225039 0.681461 0.015615 0.015590
0 0.940556 0.872315 0.013084 0.012844
0 0.844499 0.184425 0.013889 0.013855
0 0.454498 0.557978 0.013222 0.013214
0 0.345762 0.290849 0.023957 0.023694
0 0.884682 0.573201 0.012797 0.012484
0 0.225013 0.989837 0.013359 0.013617
0 0.209596 0.832051 0.013389 0.013472
0 0.266405 0.719929 0.014050 0.014088
0 0.922165 0.494266 0.011160 0.010887
0 0.163836 0.563816 0.012647 0.012794
0 0.160249 0.797310 0.013508 0.012617
0 0.781231 0.446659 0.012431 0.012569
0 0.160528 0.650112 0.013842 0.013793
0 0.970691 0.205897 0.013543 0.013479
0 0.243836 0.728365 0.013488 0.013288
0 0.530888 0.629765 0.022843 0.023047
0 0.981157 0.844935 0.012098 0.012478
0 0.141930 0.293669 0.010697 0.010643
0 0.841188 0.582385 0.013217 0.012876
