0 0.242794 0.520964 0.015746 0.015635
0 0.341820 0.806907 0.014023 0.013855
0 0.694618 0.461933 0.014058 0.014181
0 0.504615 0.139857 0.014008 0.013891
0 0.629576 0.423969 0.014037 0.014171
0 0.358973 0.173269 0.015162 0.015140
0 0.145709 0.080696 0.018269 0.018463
0 0.472547 0.416248 0.015734 0.015924
0 0.246723 0.757388 0.013884 0.014003
0 0.282281 0.433130 0.015528 0.015467
0 0.155399 0.326146 0.014504 0.014531
0 0.723031 0.398539 0.014232 0.014013
0 0.700384 0.545133 0.014712 0.014573
0 0.443571 0.489535 0.013834 0.013985
0 0.766263 0.680955 0.013570 0.013653
0 0.443896 0.759095 0.014246 0.014298
0 0.605289 0.963710 0.014549 0.014516
0 0.207972 0.022631 0.016200 0.015922
0 0.720037 0.108089 0.014312 0.014329
0 0.573024 0.450727 0.013373 0.013111
0 0.174895 0.811856 0.014712 0.014749
0 0.340929 0.678151 0.014546 0.014407
0 0.196914 0.631429 0.013625 0.013608
0 0.929467 0.243097 0.014189 0.014281
0 0.155460 0.226935 0.013896 0.013830
0 0.416163 0.281327 0.014175 0.014054
0 0.904761 0.980037 0.014340 0.014529
0 0.495664 0.616416 0.014382 0.014487
0 0.945195 0.935432 0.014169 0.014089
0 0.255376 0.581078 0.015037 0.014957
0 0.970605 0.415618 0.013697 0.013814
0 0.792476 0.556050 0.016060 0.015916
0 0.282072 0.054683 0.013951 0.013884
0 0.836998 0.819894 0.014668 0.014703
0 0.485149 0.896348 0.015009 0.014750
0 0.303407 0.264144 0.014680 0.014349
0 0.116561 0.869499 0.014081 0.014224
0 0.884228 0.875548 0.014553 0.014736
0 0.499079 0.052463 0.013376 0.013219
0 0.233953 0.698029 0.013714 0.013549
0 0.617046 0.216047 0.014435 0.014369
0 0.372124 0.510661 0.014413 0.014488
0 0.098901 0.495951 0.014731 0.014803
0 0.289169 0.392508 0.014868 0.014922
0 0.319292 0.218722 0.014875 0.014738
0 0.618355 0.590433 0.015174 0.015219
0 0.537094 0.302917 0.014372 0.014155
0 0.641682 0.961174 0.014849 0.014700
0 0.588927 0.491148 0.013653 0.013614
0 0.015125 0.588071 0.014177 0.014016
0 0.633361 0.272256 0.014024 0.014153
0 0.397000 0.468509 0.014038 0.014257
0 0.511127 0.208224 0.014372 0.014248
0 0.015757 0.319363 0.014806 0.015041
0 0.133621 0.539627 0.015354 0.015592
0 0.673978 0.260396 0.014746 0.014773
0 0.747052 0.021925 0.014149 0.014041
0 0.011984 0.830392 0.014399 0.014827
0 0.438313 0.266049 0.017321 0.017294
0 0.737418 0.617105 0.015702 0.015895
0 0.948608 0.625909 0.014798 0.014670
0 0.931576 0.987894 0.014419 0.014589
0 0.964188 0.680841 0.013607 0.013628
0 0.967096 0.861833 0.016053 0.015858
0 0.848789 0.720778 0.021556 0.021756
0 0.761681 0.491784 0.013199 0.013316
0 0.245649 0.334874 0.014635 0.014745
0 0.852047 0.274753 0.015411 0.015634
0 0.784308 0.449701 0.014576 0.014717
0 0.824293 0.933776 0.014246 0.014074
0 0.478006 0.016931 0.017799 0.018001
0 0.346207 0.298851 0.023193 0.023007
0 0.992298 0.856191 0.014564 0.014899
0 0.584663 0.170076 0.013682 0.013502
0 0.920537 0.145393 0.019410 0.018955
0 0.845115 0.245285 0.014519 0.014347
0 0.788335 0.154414 0.014468 0.014630
0 0.117595 0.714963 0.014480 0.014893
0 0.712992 0.716744 0.013168 0.013545
0 0.756097 0.996759 0.013470 0.006448
0 0.934962 0.083947 0.014371 0.014583
0 0.996604 0.969304 0.006745 0.013590
0 0.950617 0.785924 0.014105 0.014074
0 0.890654 0.564440 0.015429 0.015145
0 0.534339 0.714855 0.013719 0.013578
0 0.987562 0.506636 0.016838 0.016479
0 0.072017 0.405841 0.016620 0.016325
0 0.567890 0.985257 0.015492 0.015525
0 0.757799 0.547843 0.014614 0.014353
0 0.862943 0.988288 0.014984 0.014736
0 0.402739 0.395448 0.013257 0.013106
0 0.610711 0.147886 0.014669 0.014708
0 0.433038 0.622710 0.014365 0.014162
0 0.863304 0.802530 0.014598 0.014521
0 0.907275 0.591840 0.015636 0.015866
0 0.642444 0.118482 0.016159 0.016374
0 0.483789 0.747252 0.013370 0.013025
0 0.842748 0.564343 0.015857 0.015863
0 0.624645 0.040983 0.014860 0.014502
0 0.435010 0.214126 0.015761 0.015884
0 0.842610 0.688629 0.015205 0.015290
0 0.121944 0.908940 0.014608 0.014579
0 0.103483 0.239659 0.015338 0.015336
0 0.272000 0.019870 0.014044 0.013999
0 0.123239 0.957248 0.014060 0.013683
0 0.914092 0.102465 0.014201 0.014073
0 0.825728 0.159137 0.015238 0.015020
0 0.990199 0.694056 0.014811 0.015447
0 0.974479 0.283670 0.014058 0.014171
0 0.091635 0.912937 0.015109 0.015105
0 0.343994 0.001904 0.016029 0.003808
0 0.276609 0.584701 0.015517 0.015706
0 0.995912 0.183117 0.008176 0.016198
0 0.009169 0.994923 0.014172 0.010154
0 0.002565 0.877501 0.005090 0.015903
0 0.464953 0.733376 0.017707 0.017832
0 0.748636 0.150401 0.014893 0.015210
0 0.639753 0.028764 0.013118 0.013017
0 0.632764 0.524057 0.014686 0.014388
0 0.702082 0.822266 0.021534 0.021113
0 0.531121 0.637319 0.022889 0.022864
0 0.131628 0.035207 0.013386 0.013471
0 0.828468 0.574704 0.015449 0.015161
0 0.678193 0.007516 0.014589 0.014249
0 0.670244 0.191790 0.018894 0.018812
0 0.073049 0.215563 0.014991 0.014441
0 0.563046 0.035412 0.013245 0.013186
0 0.303573 0.455318 0.014265 0.014088
0 0.257827 0.448100 0.014332 0.014035
0 0.523842 0.018083 0.017945 0.017565
0 0.886602 0.259184 0.016691 0.016634
0 0.063141 0.013664 0.012662 0.012376
0 0.003260 0.543786 0.006458 0.015758
0 0.742111 0.801702 0.015287 0.015047
0 0.048405 0.008474 0.016623 0.016554
0 0.147079 0.578031 0.013896 0.013333
0 0.601523 0.130258 0.013913 0.013760
0 0.855026 0.592883 0.016586 0.016460
0 0.914816 0.438686 0.019488 0.019615
0 0.376158 0.227996 0.021187 0.020575
0 0.489332 0.483158 0.013655 0.013639
0 0.263483 0.245544 0.020519 0.020254
0 0.975057 0.595932 0.015854 0.015423
0 0.524386 0.619708 0.014754 0.014633
0 0.489681 0.480300 0.014300 0.014791
0 0.590377 0.140451 0.015488 0.014940
0 0.433090 0.236152 0.014885 0.014839
0 0.537692 0.735931 0.020260 0.020505
