0 0.195580 0.562571 0.013099 0.013083
0 0.729769 0.519833 0.013865 0.013915
0 0.199955 0.271419 0.012093 0.011977
0 0.620762 0.496466 0.012745 0.012573
0 0.361028 0.544158 0.012840 0.012889
0 0.799752 0.574541 0.012828 0.012635
0 0.774185 0.916291 0.013344 0.013149
0 0.275051 0.573262 0.012904 0.012858
0 0.267878 0.836866 0.012709 0.012732
0 0.124093 0.927315 0.013043 0.012973
0 0.279260 0.436202 0.012023 0.011989
0 0.107255 0.512762 0.012182 0.012064
0 0.097952 0.650078 0.013322 0.013293
0 0.015189 0.417971 0.012625 0.012437
0 0.883449 0.662765 0.012791 0.012703
0 0.751646 0.971583 0.012970 0.012991
0 0.537564 0.206410 0.013976 0.014174
0 0.901598 0.535590 0.013826 0.013691
0 0.203177 0.620389 0.012143 0.012237
0 0.450545 0.629584 0.013069 0.013001
0 0.273232 0.256085 0.014046 0.013935
0 0.968901 0.592148 0.012362 0.012049
0 0.669877 0.426661 0.013545 0.013579
0 0.767859 0.057444 0.012561 0.012646
0 0.766595 0.534947 0.013564 0.013379
0 0.806346 0.413537 0.013575 0.013491
0 0.948591 0.850697 0.014559 0.014284
0 0.602626 0.237716 0.013093 0.013119
0 0.534304 0.482148 0.012823 0.012812
0 0.381071 0.386504 0.010800 0.010673
0 0.202353 0.770552 0.012461 0.012408
0 0.549633 0.656449 0.013003 0.012991
0 0.635631 0.387591 0.014688 0.014661
0 0.321570 0.739552 0.013054 0.012801
0 0.170039 0.781192 0.012509 0.012451
0 0.790756 0.690975 0.012761 0.012652
0 0.604326 0.556036 0.012914 0.012751
0 0.687303 0.513425 0.012568 0.012558
0 0.065527 0.385967 0.014287 0.014207
0 0.312741 0.827652 0.011808 0.011804
0 0.055984 0.559347 0.012455 0.012352
0 0.527146 0.429159 0.013009 0.012956
0 0.429805 0.438480 0.012596 0.012575
0 0.735585 0.619774 0.014745 0.014757
0 0.301297 0.342011 0.013073 0.013037
0 0.459248 0.347375 0.011900 0.011922
0 0.006519 0.879399 0.012732 0.013997
0 0.529371 0.539468 0.013842 0.013561
0 0.710065 0.627496 0.012423 0.012195
0 0.646126 0.296014 0.013263 0.013255
0 0.761008 0.292109 0.012329 0.012521
0 0.016865 0.079491 0.013973 0.013911
0 0.721073 0.323217 0.013215 0.013159
0 0.622733 0.739219 0.012935 0.012812
0 0.904584 0.453618 0.013201 0.013282
0 0.705490 0.690234 0.011747 0.012095
0 0.517602 0.279394 0.011116 0.010808
0 0.423476 0.385787 0.014392 0.014347
0 0.070564 0.151073 0.013083 0.012975
0 0.804526 0.240200 0.013606 0.013349
0 0.574310 0.936977 0.012674 0.012570
0 0.729407 0.475414 0.012115 0.012204
0 0.825924 0.109677 0.012228 0.011709
0 0.984176 0.510262 0.015609 0.014957
0 0.369438 0.766921 0.012884 0.012880
0 0.704881 0.746224 0.012978 0.013103
0 0.993583 0.539632 0.012833 0.015400
0 0.348644 0.294860 0.024046 0.023997
0 0.316523 0.179945 0.011837 0.011932
0 0.066421 0.740602 0.012553 0.012675
0 0.785271 0.424856 0.012877 0.012916
0 0.080864 0.823472 0.012083 0.011933
0 0.162521 0.270086 0.013119 0.013144
0 0.668254 0.237300 0.012893 0.012665
0 0.099025 0.933254 0.010928 0.010643
0 0.854858 0.074581 0.012163 0.012162
0 0.468989 0.787154 0.013464 0.013725
0 0.006365 0.305136 0.012728 0.014712
0 0.818286 0.394705 0.010717 0.010921
0 0.438310 0.276398 0.013148 0.013222
0 0.878861 0.735202 0.012613 0.012751
0 0.894201 0.254580 0.013416 0.013252
0 0.839129 0.118355 0.009593 0.009679
0 0.925564 0.264597 0.013471 0.013324
0 0.580607 0.159628 0.012803 0.012983
0 0.618282 0.642626 0.011583 0.011383
0 0.454228 0.307367 0.013424 0.013587
0 0.636296 0.953318 0.011965 0.012139
0 0.338297 0.882464 0.013903 0.014288
0 0.953044 0.441031 0.012645 0.012448
0 0.709376 0.936186 0.013190 0.013256
0 0.774808 0.025190 0.013016 0.013228
0 0.788122 0.487999 0.014629 0.014227
0 0.507784 0.967599 0.012775 0.012880
0 0.407850 0.996658 0.012157 0.006581
0 0.534044 0.636542 0.023368 0.022949
0 0.206486 0.840566 0.013844 0.013945
0 0.890585 0.581726 0.013167 0.013267
0 0.385557 0.263031 0.011887 0.011952
0 0.909977 0.042723 0.010936 0.010930
0 0.550672 0.911806 0.012459 0.012585
0 0.347443 0.919590 0.011418 0.011578
0 0.939178 0.963061 0.013369 0.013199
0 0.096284 0.876719 0.009860 0.009896
0 0.544103 0.569782 0.012749 0.012841
0 0.918289 0.993125 0.012659 0.012040
0 0.440278 0.304915 0.011345 0.011219
0 0.530473 0.578144 0.011305 0.011488
0 0.438332 0.937875 0.013928 0.013404
0 0.997027 0.331343 0.005928 0.014394
0 0.970130 0.004309 0.011652 0.008618
0 0.926258 0.499837 0.010851 0.010582
0 0.835460 0.005761 0.012197 0.011219
0 0.708843 0.087851 0.012678 0.012854
0 0.965926 0.961059 0.012334 0.012280
0 0.801900 0.538875 0.013143 0.013014
0 0.088651 0.910600 0.013196 0.013058
0 0.849617 0.539436 0.013316 0.013233
0 0.703398 0.817901 0.022293 0.022186
0 0.824439 0.336447 0.011905 0.012020
0 0.534250 0.003112 0.012052 0.006223
0 0.998254 0.217478 0.003428 0.013160
0 0.008599 0.909877 0.012594 0.012442
0 0.990503 0.865354 0.013587 0.013678
0 0.773942 0.004506 0.014045 0.009013
0 0.933983 0.042247 0.010635 0.010417
0 0.635361 0.085108 0.023380 0.023401
0 0.172601 0.034365 0.012848 0.012772
0 0.991721 0.848176 0.014217 0.014515
0 0.247240 0.966468 0.012724 0.012714
0 0.850297 0.715998 0.023316 0.023192
0 0.989211 0.864158 0.012645 0.012921
0 0.138472 0.264932 0.010766 0.010207
