0 0.447882 0.917015 0.012636 0.012517
0 0.106446 0.744837 0.013242 0.013238
0 0.620499 0.491826 0.013078 0.013245
0 0.279098 0.436090 0.012159 0.012096
0 0.477206 0.112779 0.012481 0.012524
0 0.618163 0.692544 0.012882 0.012940
0 0.702448 0.229944 0.011978 0.011767
0 0.256736 0.661812 0.012835 0.012843
0 0.415860 0.128434 0.012038 0.011931
0 0.254476 0.836038 0.013683 0.013682
0 0.294986 0.599579 0.012793 0.012906
0 0.111083 0.530254 0.012924 0.013033
0 0.506601 0.163914 0.012906 0.012931
0 0.160576 0.727214 0.012548 0.012362
0 0.923961 0.373938 0.013482 0.013911
0 0.187446 0.620198 0.012359 0.012225
0 0.286773 0.245402 0.013249 0.013254
0 0.943705 0.658819 0.011959 0.012146
0 0.480151 0.817055 0.012856 0.012690
0 0.087036 0.827694 0.013314 0.013040
0 0.941475 0.840633 0.013649 0.013529
0 0.766063 0.532804 0.013347 0.013450
0 0.736248 0.517049 0.013322 0.013367
0 0.672986 0.597445 0.012892 0.012537
0 0.209492 0.222936 0.013540 0.013419
0 0.931938 0.902011 0.012605 0.012753
0 0.476674 0.863111 0.013194 0.013353
0 0.583630 0.504639 0.012042 0.011929
0 0.368366 0.803112 0.011657 0.011898
0 0.335284 0.349048 0.013012 0.013031
0 0.562745 0.077977 0.014382 0.014337
0 0.084099 0.373440 0.013154 0.013297
0 0.620850 0.634075 0.013793 0.013955
0 0.470322 0.300131 0.013097 0.013198
0 0.224149 0.858168 0.013392 0.013216
0 0.238435 0.494834 0.013565 0.013696
0 0.379924 0.543636 0.012865 0.012973
0 0.404931 0.727719 0.013118 0.013000
0 0.744690 0.964231 0.013105 0.013429
0 0.685720 0.071877 0.014234 0.014125
0 0.461194 0.320506 0.012976 0.012710
0 0.600810 0.236249 0.012062 0.012380
0 0.341740 0.662294 0.011984 0.011944
0 0.713077 0.435019 0.013404 0.013282
0 0.846038 0.244410 0.013346 0.013251
0 0.392372 0.761696 0.012981 0.012748
0 0.074400 0.796199 0.014124 0.013929
0 0.786341 0.652745 0.014344 0.014204
0 0.577888 0.464011 0.013004 0.012976
0 0.601910 0.190769 0.010626 0.010518
0 0.452106 0.372159 0.012332 0.012336
0 0.735213 0.619392 0.014291 0.014402
0 0.901030 0.981643 0.013934 0.013791
0 0.841531 0.210277 0.013303 0.013163
0 0.007481 0.878320 0.014062 0.014565
0 0.308721 0.759949 0.012302 0.012189
0 0.530337 0.573006 0.014589 0.014583
0 0.605033 0.713784 0.012599 0.012381
0 0.173384 0.241335 0.012314 0.012305
0 0.140990 0.457439 0.012654 0.012822
0 0.600419 0.851263 0.013791 0.013982
0 0.502356 0.317380 0.013719 0.013566
0 0.743055 0.696990 0.013772 0.013609
0 0.095596 0.936433 0.012727 0.012851
0 0.506698 0.675785 0.013346 0.013465
0 0.875002 0.381273 0.013931 0.013994
0 0.936456 0.450100 0.011333 0.011302
0 0.610878 0.431609 0.012671 0.012790
0 0.414186 0.307886 0.013096 0.012893
0 0.300590 0.306485 0.014597 0.014723
0 0.666037 0.402241 0.013842 0.014128
0 0.895479 0.048737 0.012593 0.012648
0 0.573247 0.156427 0.012023 0.012054
0 0.722501 0.546392 0.013411 0.013453
0 0.876131 0.684253 0.013119 0.013051
0 0.399284 0.459942 0.014469 0.014334
0 0.177371 0.050626 0.012503 0.012608
0 0.065829 0.121897 0.012754 0.012774
0 0.491042 0.943371 0.013763 0.013468
0 0.901086 0.531746 0.013167 0.013198
0 0.655850 0.862662 0.012730 0.012847
0 0.156548 0.838010 0.012194 0.012181
0 0.561590 0.377889 0.012318 0.012627
0 0.124388 0.576706 0.013269 0.013291
0 0.969036 0.593867 0.011802 0.011383
0 0.355511 0.917307 0.013644 0.013261
0 0.303026 0.859138 0.012911 0.012925
0 0.718273 0.894737 0.011889 0.012037
0 0.890656 0.578327 0.013448 0.013298
0 0.825564 0.641117 0.010934 0.011306
0 0.589516 0.796767 0.012059 0.012027
0 0.088825 0.913694 0.013344 0.013058
0 0.866685 0.117282 0.011322 0.011087
0 0.132137 0.416049 0.013234 0.013046
0 0.347382 0.294416 0.024229 0.023990
0 0.773894 0.422024 0.012061 0.012051
0 0.741646 0.728878 0.012912 0.012978
0 0.076877 0.962684 0.012807 0.012772
0 0.964325 0.035595 0.009842 0.009812
0 0.532239 0.637698 0.022111 0.022461
0 0.607534 0.284701 0.011331 0.011416
0 0.103086 0.827722 0.012677 0.012701
0 0.995477 0.422591 0.009045 0.012732
0 0.716453 0.629726 0.010234 0.009748
0 0.861077 0.972886 0.011878 0.011848
0 0.802200 0.536642 0.012802 0.012522
0 0.988945 0.255492 0.012351 0.012102
0 0.033967 0.279819 0.012752 0.012986
0 0.774772 0.462883 0.011325 0.011496
0 0.554846 0.461800 0.013462 0.013262
0 0.983781 0.510870 0.015362 0.014300
0 0.067913 0.571496 0.022897 0.022430
0 0.996684 0.219040 0.006614 0.013433
0 0.856373 0.336486 0.012696 0.012837
0 0.591643 0.814115 0.013284 0.013431
0 0.690537 0.425764 0.012185 0.012380
0 0.542856 0.368088 0.013803 0.013604
0 0.868711 0.564353 0.012839 0.012634
0 0.728857 0.125380 0.012344 0.012465
0 0.651807 0.471479 0.009789 0.009714
0 0.940485 0.935448 0.011024 0.011160
0 0.696171 0.265277 0.014130 0.014322
0 0.990277 0.869543 0.012837 0.012810
0 0.786368 0.486050 0.013765 0.013887
0 0.803096 0.516856 0.011159 0.011276
0 0.909589 0.020648 0.013105 0.013177
0 0.053490 0.983571 0.012409 0.012601
0 0.603559 0.382530 0.013859 0.013682
0 0.996223 0.565836 0.007554 0.013778
0 0.847713 0.537367 0.012780 0.012411
0 0.021939 0.271412 0.013001 0.012379
0 0.880962 0.124264 0.009442 0.009933
0 0.767588 0.282465 0.012333 0.012070
0 0.769141 0.402759 0.009305 0.009443
0 0.943104 0.020962 0.010915 0.011010
0 0.194657 0.996236 0.011828 0.007527
0 0.892385 0.077606 0.012220 0.011604
0 0.634922 0.083529 0.021962 0.021987
0 0.975868 0.033816 0.009284 0.009496
0 0.251242 0.192390 0.010887 0.010319
0 0.664558 0.897795 0.011948 0.011687
0 0.955044 0.582181 0.012385 0.012955
