0 0.875394 0.630044 0.012234 0.012160
0 0.563885 0.606637 0.012278 0.012404
0 0.358188 0.448152 0.013965 0.013769
0 0.637562 0.557607 0.014051 0.013977
0 0.639211 0.460830 0.012726 0.012699
0 0.419515 0.740306 0.013513 0.013661
0 0.446383 0.959367 0.013104 0.012908
0 0.450136 0.460740 0.013482 0.013294
0 0.736774 0.584301 0.012569 0.012578
0 0.748241 0.618941 0.013159 0.013120
0 0.442681 0.737395 0.013241 0.013274
0 0.452298 0.637927 0.012998 0.012833
0 0.780657 0.031074 0.013400 0.013321
0 0.493467 0.589159 0.012742 0.012334
0 0.818327 0.115212 0.012662 0.012546
0 0.694572 0.321799 0.013617 0.013748
0 0.590825 0.350102 0.013124 0.013127
0 0.402816 0.398070 0.012206 0.012114
0 0.833452 0.614439 0.012572 0.012876
0 0.623085 0.647892 0.011976 0.011794
0 0.160100 0.261698 0.012976 0.012793
0 0.293322 0.296298 0.011994 0.011981
0 0.441032 0.092848 0.012434 0.012449
0 0.174278 0.492788 0.011579 0.011434
0 0.436243 0.038234 0.013508 0.013734
0 0.154810 0.763466 0.012893 0.012732
0 0.920512 0.823822 0.013465 0.013430
0 0.288319 0.606341 0.013124 0.013036
0 0.312166 0.025010 0.013206 0.013327
0 0.871234 0.109740 0.013344 0.013297
0 0.200308 0.667057 0.013765 0.013851
0 0.441112 0.386297 0.012192 0.012119
0 0.542151 0.977558 0.012888 0.012636
0 0.042132 0.483053 0.011574 0.011545
0 0.897787 0.225772 0.013777 0.013550
0 0.561576 0.993694 0.013800 0.012479
0 0.749877 0.364805 0.012266 0.012038
0 0.569654 0.393225 0.012123 0.011949
0 0.260393 0.256764 0.014068 0.014223
0 0.280429 0.746022 0.011894 0.011716
0 0.545223 0.366111 0.014950 0.014963
0 0.415188 0.608114 0.011457 0.011623
0 0.469156 0.496472 0.011676 0.011625
0 0.339974 0.409104 0.012786 0.012777
0 0.011633 0.865669 0.013019 0.012886
0 0.568326 0.413356 0.014221 0.014363
0 0.758469 0.674973 0.013408 0.013390
0 0.651110 0.310516 0.012398 0.012437
0 0.318398 0.054548 0.012551 0.012576
0 0.355673 0.122579 0.013175 0.013036
0 0.497347 0.097361 0.012887 0.012750
0 0.076626 0.244700 0.013906 0.013703
0 0.219004 0.814737 0.013580 0.013760
0 0.815024 0.262076 0.012572 0.012570
0 0.076522 0.542725 0.012626 0.012499
0 0.323485 0.532150 0.012421 0.012573
0 0.396821 0.943026 0.009394 0.009489
0 0.107040 0.562794 0.012349 0.012641
0 0.387987 0.875347 0.012409 0.012344
0 0.524981 0.348551 0.013067 0.013019
0 0.527066 0.460110 0.012055 0.011781
0 0.995018 0.827173 0.009919 0.013647
0 0.184885 0.891858 0.012951 0.013013
0 0.582914 0.206199 0.013921 0.014090
0 0.461192 0.246198 0.012839 0.013030
0 0.072417 0.974483 0.012681 0.012685
0 0.078475 0.880295 0.013068 0.012777
0 0.594194 0.926681 0.014018 0.014202
0 0.107749 0.980445 0.013217 0.013267
0 0.944028 0.471210 0.012321 0.012374
0 0.004581 0.273566 0.009095 0.012860
0 0.220763 0.470627 0.014264 0.014204
0 0.329815 0.518768 0.011677 0.011944
0 0.214532 0.753080 0.010752 0.010582
0 0.776172 0.744112 0.009560 0.009287
0 0.391525 0.987506 0.013052 0.013147
0 0.514416 0.892190 0.012662 0.012431
0 0.563131 0.007732 0.012338 0.012594
0 0.496072 0.993318 0.010186 0.010300
0 0.441197 0.059655 0.012312 0.012372
0 0.491378 0.542697 0.011692 0.012276
0 0.245796 0.450122 0.011629 0.011679
0 0.532224 0.025437 0.014709 0.015146
0 0.391879 0.515506 0.011062 0.011172
0 0.535536 0.626082 0.022158 0.022330
0 0.224210 0.648041 0.012392 0.012069
0 0.787940 0.006009 0.012644 0.012019
0 0.084653 0.124505 0.011936 0.011984
0 0.995472 0.424800 0.008927 0.010142
0 0.391459 0.517278 0.012356 0.012508
0 0.503937 0.533897 0.010654 0.010520
0 0.098320 0.460931 0.013046 0.012834
0 0.850713 0.710103 0.022683 0.022704
0 0.347136 0.290617 0.024328 0.024453
0 0.077750 0.024500 0.013882 0.013835
0 0.538763 0.623284 0.020860 0.021274
0 0.006710 0.580098 0.012780 0.014873
0 0.001621 0.552852 0.003217 0.012068
0 0.420909 0.555613 0.011091 0.011118
0 0.417954 0.821757 0.014235 0.014250
0 0.451603 0.211452 0.016281 0.015828
0 0.752010 0.919206 0.014256 0.014197
0 0.518823 0.026682 0.012273 0.012422
0 0.876157 0.709692 0.012708 0.012469
0 0.029868 0.198342 0.010941 0.010510
