0 0.116308 0.309214 0.012324 0.012047
0 0.052225 0.438000 0.011789 0.011576
0 0.029122 0.461909 0.011588 0.011467
0 0.819219 0.477585 0.013286 0.013230
0 0.438437 0.061874 0.012809 0.012598
0 0.861150 0.445906 0.013541 0.013556
0 0.199435 0.251999 0.011457 0.011301
0 0.098162 0.189469 0.010978 0.010841
0 0.019627 0.412964 0.014227 0.014340
0 0.336865 0.236055 0.013797 0.013941
0 0.975196 0.858001 0.013534 0.013511
0 0.273135 0.448904 0.012904 0.012959
0 0.438296 0.762308 0.013538 0.013688
0 0.898984 0.697090 0.012913 0.012801
0 0.060792 0.636546 0.012859 0.012750
0 0.812652 0.257555 0.013822 0.013775
0 0.633274 0.312254 0.013195 0.013166
0 0.787182 0.052723 0.013576 0.013510
0 0.934817 0.809207 0.012363 0.012369
0 0.456192 0.617036 0.014082 0.014039
0 0.971551 0.427701 0.012985 0.012840
0 0.515805 0.290541 0.014138 0.014068
0 0.790238 0.419684 0.012486 0.012325
0 0.152243 0.587814 0.013420 0.013151
0 0.719328 0.019507 0.011849 0.011766
0 0.101569 0.222890 0.012121 0.011953
0 0.392694 0.784021 0.013738 0.013785
0 0.747916 0.618457 0.013242 0.013201
0 0.126752 0.473129 0.014367 0.014454
0 0.413122 0.506812 0.013207 0.013162
0 0.797935 0.860278 0.013490 0.013437
0 0.927314 0.023638 0.013672 0.013630
0 0.185118 0.891229 0.013026 0.012884
0 0.480176 0.608086 0.013830 0.013851
0 0.600852 0.153426 0.013156 0.013300
0 0.523930 0.349922 0.013781 0.013534
0 0.948104 0.452786 0.012992 0.012937
0 0.019966 0.561762 0.014060 0.014036
0 0.263881 0.555544 0.013075 0.012999
0 0.513034 0.606570 0.013506 0.013508
0 0.235276 0.868307 0.011593 0.011453
0 0.223262 0.469231 0.012495 0.012519
0 0.718257 0.576424 0.012412 0.012514
0 0.077234 0.454742 0.012529 0.012698
0 0.793064 0.283084 0.013096 0.013105
0 0.430817 0.904772 0.012824 0.012789
0 0.376820 0.341094 0.014199 0.014449
0 0.863549 0.063385 0.013075 0.012991
0 0.072774 0.944382 0.011195 0.011431
0 0.162370 0.526696 0.013091 0.013091
0 0.273613 0.225523 0.012816 0.012770
0 0.109425 0.980878 0.013197 0.013267
0 0.318303 0.342479 0.012694 0.012285
0 0.823255 0.716827 0.012261 0.012355
0 0.342950 0.712554 0.012686 0.012656
0 0.371182 0.452042 0.013621 0.013522
0 0.667101 0.097009 0.013026 0.012851
0 0.127768 0.342534 0.012308 0.012333
0 0.331387 0.518633 0.011902 0.011881
0 0.554034 0.401709 0.012901 0.012859
0 0.866402 0.260409 0.013288 0.013208
0 0.198038 0.555489 0.012942 0.012881
0 0.618524 0.052593 0.013349 0.013412
0 0.130728 0.154851 0.012606 0.012486
0 0.199721 0.779298 0.011421 0.011395
0 0.225497 0.652913 0.013270 0.012910
0 0.678425 0.013624 0.013093 0.013259
0 0.304065 0.216005 0.013753 0.013726
0 0.234746 0.064023 0.013006 0.013155
0 0.414355 0.093221 0.012932 0.012966
0 0.587456 0.537940 0.012887 0.013181
0 0.542280 0.974521 0.012082 0.011939
0 0.031151 0.128826 0.012302 0.011956
0 0.247640 0.308846 0.012607 0.012781
0 0.654526 0.114833 0.011240 0.011324
0 0.678133 0.907827 0.011632 0.011593
0 0.090478 0.839932 0.012527 0.012767
0 0.567737 0.632098 0.011824 0.011855
0 0.587717 0.072490 0.012607 0.012710
0 0.699950 0.122639 0.013840 0.013697
0 0.382229 0.943187 0.011486 0.011353
0 0.246701 0.188730 0.013043 0.013464
0 0.817939 0.308786 0.012287 0.012205
0 0.996240 0.503406 0.007436 0.012183
0 0.025292 0.615105 0.011513 0.011532
0 0.209772 0.141518 0.011751 0.011428
0 0.462018 0.959098 0.011166 0.011044
0 0.002895 0.735197 0.005734 0.012788
0 0.492289 0.990298 0.011030 0.010815
0 0.596315 0.493797 0.013207 0.013520
0 0.421806 0.555685 0.013165 0.013211
0 0.114193 0.565008 0.011679 0.011862
0 0.173026 0.047222 0.013283 0.013263
0 0.494956 0.542604 0.014076 0.014115
0 0.848314 0.709696 0.021976 0.021714
0 0.437386 0.589537 0.008778 0.010269
0 0.354338 0.452496 0.013935 0.013881
0 0.400716 0.570861 0.010003 0.010287
0 0.102118 0.551327 0.012800 0.012781
0 0.082743 0.267836 0.011735 0.011880
0 0.612451 0.697079 0.013782 0.013711
0 0.590106 0.290031 0.013238 0.013205
0 0.495670 0.084039 0.013662 0.013310
0 0.985453 0.084860 0.011740 0.011495
0 0.665537 0.996338 0.010922 0.007323
0 0.399163 0.570497 0.011200 0.010381
0 0.787207 0.005329 0.012966 0.010659
0 0.692020 0.432109 0.011893 0.011966
0 0.098934 0.358428 0.011426 0.011702
0 0.876287 0.642412 0.011695 0.011803
0 0.582723 0.003173 0.011944 0.006346
0 0.194405 0.570391 0.011366 0.010784
0 0.494968 0.086280 0.013498 0.012933
0 0.664244 0.996825 0.010423 0.006349
0 0.211331 0.143846 0.012237 0.011932
0 0.895065 0.839636 0.012421 0.011679
