0 0.949611 0.552523 0.012590 0.012449
0 0.566893 0.514156 0.012748 0.012589
0 0.904310 0.963153 0.012897 0.012938
0 0.925878 0.531884 0.013137 0.013066
0 0.680543 0.858057 0.013441 0.013318
0 0.960702 0.448775 0.011791 0.011768
0 0.236583 0.911672 0.013785 0.013717
0 0.749178 0.619019 0.013356 0.013178
0 0.741872 0.864979 0.012755 0.012647
0 0.633659 0.896061 0.013969 0.013758
0 0.817971 0.619545 0.013255 0.013204
0 0.866582 0.948321 0.012219 0.012053
0 0.602029 0.545672 0.013655 0.013709
0 0.290140 0.810596 0.012877 0.012890
0 0.760610 0.567758 0.014654 0.014514
0 0.983121 0.923134 0.012590 0.012612
0 0.360846 0.482219 0.014149 0.014153
0 0.698845 0.784939 0.012364 0.012203
0 0.266232 0.532561 0.011101 0.011328
0 0.458731 0.960367 0.012706 0.012735
0 0.426164 0.417008 0.013715 0.013730
0 0.731401 0.737705 0.013723 0.013531
0 0.255948 0.219875 0.013781 0.014089
0 0.466539 0.183610 0.011872 0.011859
0 0.185185 0.890926 0.012342 0.012318
0 0.551312 0.231743 0.013229 0.013308
0 0.946125 0.371154 0.012082 0.011955
0 0.563714 0.813902 0.013336 0.012915
0 0.728671 0.712914 0.013604 0.013892
0 0.381972 0.046850 0.012451 0.012463
0 0.380620 0.265464 0.013130 0.013099
0 0.986642 0.412662 0.011932 0.011653
0 0.501383 0.351488 0.013496 0.013383
0 0.910291 0.337446 0.013692 0.013669
0 0.456847 0.131771 0.012578 0.012322
0 0.309008 0.259122 0.012204 0.012293
0 0.194217 0.367916 0.014183 0.014119
0 0.698285 0.009807 0.013966 0.013894
0 0.108586 0.980237 0.013000 0.013037
0 0.210389 0.692164 0.011808 0.011610
0 0.331966 0.518710 0.011929 0.011854
0 0.524839 0.348353 0.013615 0.013424
0 0.789806 0.988675 0.013615 0.013567
0 0.480255 0.038229 0.011318 0.011139
0 0.670285 0.051585 0.013857 0.013997
0 0.832618 0.584275 0.013149 0.013277
0 0.222988 0.469518 0.012502 0.012452
0 0.363318 0.183495 0.012635 0.012882
0 0.532800 0.624312 0.021276 0.021340
0 0.288365 0.243327 0.012412 0.012240
0 0.855557 0.577148 0.015136 0.015014
0 0.669605 0.271531 0.011185 0.011184
0 0.486351 0.949388 0.012470 0.012309
0 0.264814 0.813945 0.012159 0.012217
0 0.505771 0.040975 0.010766 0.010754
0 0.383977 0.204183 0.013244 0.012942
0 0.871847 0.443955 0.012457 0.012537
0 0.144578 0.317317 0.012649 0.012659
0 0.419258 0.521281 0.012671 0.012605
0 0.827588 0.758440 0.012776 0.012692
0 0.215203 0.047815 0.012706 0.012749
0 0.607642 0.744286 0.011659 0.011475
0 0.032804 0.695178 0.011821 0.011611
0 0.742594 0.295401 0.013342 0.013233
0 0.541715 0.974160 0.011816 0.011568
0 0.028800 0.959306 0.013517 0.013350
0 0.026061 0.542391 0.013098 0.013181
0 0.298338 0.027655 0.012522 0.012459
0 0.893903 0.133778 0.012701 0.012547
0 0.616316 0.825224 0.012363 0.012562
0 0.617203 0.533960 0.012590 0.012340
0 0.003695 0.568354 0.007390 0.011381
0 0.592163 0.960439 0.012610 0.012594
0 0.829745 0.352877 0.011545 0.011547
0 0.096592 0.346603 0.012050 0.012135
0 0.330189 0.674965 0.012956 0.012804
0 0.104267 0.955953 0.011163 0.011165
0 0.194664 0.851134 0.012417 0.012328
0 0.788031 0.005448 0.012678 0.010744
0 0.407710 0.962704 0.011926 0.012064
0 0.646094 0.077991 0.011947 0.012281
0 0.175835 0.085603 0.013926 0.013616
0 0.074034 0.596973 0.012737 0.012590
0 0.260248 0.131969 0.012879 0.013351
0 0.455963 0.755084 0.012864 0.012561
0 0.092694 0.920306 0.011554 0.011283
0 0.436639 0.669292 0.010630 0.010702
0 0.995583 0.379193 0.008830 0.013888
0 0.187077 0.641904 0.011116 0.010993
0 0.848787 0.711187 0.022143 0.021844
0 0.758110 0.927409 0.015141 0.015022
0 0.074789 0.157547 0.011698 0.011858
0 0.669314 0.004624 0.012094 0.009248
0 0.227145 0.651117 0.011854 0.011629
0 0.479482 0.727963 0.011262 0.010745
0 0.341982 0.736413 0.012299 0.012302
0 0.494432 0.545125 0.013166 0.013622
0 0.081753 0.636571 0.011131 0.010903
0 0.536998 0.998310 0.011048 0.003374
0 0.925017 0.160731 0.012061 0.012063
0 0.997728 0.564528 0.004543 0.011236
0 0.117398 0.108632 0.012598 0.012467
0 0.190401 0.811771 0.011382 0.011341
0 0.477434 0.741436 0.011315 0.011420
0 0.408728 0.253994 0.013356 0.013222
0 0.883205 0.091483 0.013797 0.013807
0 0.763959 0.287099 0.011827 0.011602
0 0.034042 0.297537 0.011334 0.011281
0 0.010444 0.133234 0.011515 0.011653
0 0.065367 0.281974 0.011893 0.012205
0 0.032964 0.030820 0.012660 0.012733
