0 0.401129 0.139466 0.012930 0.012877
0 0.888453 0.479808 0.011749 0.011883
0 0.587752 0.510518 0.012980 0.012805
0 0.550706 0.512968 0.011907 0.011870
0 0.779791 0.616395 0.013234 0.013094
0 0.861416 0.455119 0.013289 0.013088
0 0.393404 0.924050 0.014046 0.013865
0 0.835421 0.616179 0.013240 0.013007
0 0.975443 0.542745 0.013052 0.013132
0 0.480251 0.494471 0.013310 0.013317
0 0.546079 0.365148 0.012377 0.012289
0 0.911016 0.614541 0.013105 0.013053
0 0.516453 0.371752 0.012807 0.012723
0 0.617051 0.689096 0.013439 0.013117
0 0.613671 0.847037 0.012413 0.012360
0 0.667747 0.354410 0.011967 0.012000
0 0.242156 0.128337 0.012729 0.012650
0 0.379265 0.466827 0.013895 0.013642
0 0.457172 0.959293 0.012342 0.012195
0 0.573385 0.446364 0.012529 0.012626
0 0.742522 0.979450 0.013404 0.013238
0 0.551700 0.160890 0.013691 0.013630
0 0.199638 0.616916 0.014312 0.014039
0 0.449998 0.303991 0.013022 0.012756
0 0.817008 0.741484 0.012344 0.012247
0 0.300906 0.131587 0.012199 0.012289
0 0.689979 0.632657 0.011674 0.011563
0 0.122844 0.453294 0.012145 0.011916
0 0.543406 0.661176 0.014430 0.014211
0 0.748933 0.617923 0.013542 0.013331
0 0.679807 0.750320 0.012545 0.012438
0 0.182294 0.165593 0.012957 0.013078
0 0.913003 0.668116 0.012753 0.012747
0 0.126509 0.365263 0.013312 0.013435
0 0.286945 0.808032 0.012288 0.012281
0 0.386921 0.830585 0.012497 0.012478
0 0.185526 0.891445 0.012639 0.012551
0 0.311301 0.767332 0.012019 0.012055
0 0.286358 0.250680 0.013159 0.013234
0 0.733572 0.934541 0.013169 0.013166
0 0.709407 0.656526 0.012217 0.012312
0 0.144998 0.395574 0.012463 0.012419
0 0.255444 0.219888 0.014314 0.014335
0 0.533216 0.930072 0.012268 0.012402
0 0.031712 0.956483 0.013191 0.013117
0 0.722193 0.329565 0.013004 0.012997
0 0.264230 0.692202 0.012954 0.012805
0 0.332172 0.518318 0.012090 0.011915
0 0.230814 0.365112 0.012219 0.012539
0 0.950231 0.900655 0.012113 0.012149
0 0.668670 0.834142 0.012561 0.012448
0 0.598907 0.026776 0.012984 0.012551
0 0.542493 0.972716 0.011694 0.011543
0 0.277266 0.519518 0.013145 0.013163
0 0.897711 0.783552 0.013043 0.012934
0 0.475716 0.102498 0.012874 0.012583
0 0.108792 0.980862 0.013450 0.013419
0 0.039036 0.672373 0.010570 0.010669
0 0.614813 0.220609 0.011944 0.011988
0 0.526484 0.351198 0.013081 0.012880
0 0.225833 0.651386 0.012513 0.012167
0 0.409743 0.469085 0.012455 0.012259
0 0.030030 0.799601 0.012360 0.012243
0 0.384598 0.310511 0.012903 0.013066
0 0.095101 0.381228 0.012515 0.012499
0 0.259884 0.771048 0.011506 0.011426
0 0.326258 0.996265 0.012059 0.007421
0 0.881382 0.357652 0.012993 0.012872
0 0.160507 0.217097 0.013490 0.013275
0 0.077677 0.622296 0.010531 0.010436
0 0.384991 0.691333 0.011303 0.011046
0 0.022148 0.303734 0.013142 0.013090
0 0.747786 0.778561 0.011613 0.011522
0 0.584781 0.980594 0.011879 0.012051
0 0.953398 0.762044 0.012976 0.012677
0 0.316727 0.686999 0.011803 0.011713
0 0.957585 0.252130 0.011660 0.011248
0 0.494565 0.544739 0.013116 0.013643
0 0.360337 0.633392 0.010843 0.010854
0 0.570109 0.112130 0.012047 0.012136
0 0.210450 0.080936 0.013100 0.013318
0 0.253904 0.058605 0.011919 0.011737
0 0.847820 0.710657 0.022753 0.022773
0 0.454212 0.914794 0.013410 0.013026
0 0.528255 0.994976 0.012096 0.010048
0 0.105936 0.587800 0.013730 0.013535
0 0.225701 0.594630 0.012536 0.012516
0 0.101124 0.181852 0.014524 0.014629
0 0.456075 0.803758 0.012444 0.012532
0 0.789267 0.005491 0.012311 0.010978
0 0.458205 0.004115 0.012210 0.008231
0 0.826481 0.310761 0.011616 0.011871
0 0.605691 0.608695 0.013605 0.012775
0 0.900215 0.860059 0.011893 0.011690
0 0.648542 0.088591 0.012840 0.012525
0 0.963162 0.997313 0.011335 0.005368
0 0.633726 0.061732 0.012549 0.012411
0 0.389103 0.700745 0.011329 0.011293
0 0.297002 0.214626 0.012356 0.012525
0 0.715044 0.614301 0.012763 0.013072
0 0.843915 0.024141 0.011910 0.011829
0 0.345661 0.290438 0.024421 0.024395
0 0.385826 0.692820 0.011457 0.010837
0 0.742665 0.880951 0.013997 0.013944
0 0.002029 0.730716 0.004057 0.010067
0 0.773666 0.004755 0.011953 0.009510
0 0.149666 0.744758 0.011023 0.010628
