0 0.318212 0.880729 0.013516 0.013462
0 0.525100 0.346834 0.013301 0.013045
0 0.749486 0.615976 0.013231 0.013058
0 0.142090 0.297862 0.012856 0.012633
0 0.168079 0.424144 0.014075 0.014214
0 0.136267 0.588889 0.013809 0.013631
0 0.459909 0.957495 0.013003 0.013048
0 0.253398 0.876385 0.012503 0.012271
0 0.543138 0.971811 0.013483 0.013165
0 0.683940 0.017941 0.012834 0.012883
0 0.178553 0.344531 0.011462 0.011566
0 0.862237 0.739984 0.013157 0.013217
0 0.884058 0.934429 0.011815 0.011820
0 0.619569 0.333537 0.012968 0.012723
0 0.557205 0.276480 0.012473 0.012073
0 0.426414 0.322439 0.011210 0.011154
0 0.459818 0.151240 0.012218 0.012327
0 0.304405 0.633414 0.012988 0.012803
0 0.336117 0.967736 0.012175 0.012560
0 0.728487 0.473524 0.011246 0.010996
0 0.473554 0.486554 0.011578 0.011588
0 0.788980 0.127255 0.012849 0.012810
0 0.223460 0.467448 0.012228 0.012290
0 0.385574 0.098399 0.013427 0.013304
0 0.429755 0.042164 0.012394 0.012146
0 0.481168 0.363262 0.012215 0.012224
0 0.281847 0.207666 0.013327 0.013227
0 0.060684 0.363805 0.011652 0.011668
0 0.483261 0.388447 0.011769 0.011711
0 0.139445 0.658020 0.011517 0.011436
0 0.702176 0.043393 0.011136 0.010972
0 0.136118 0.519508 0.013307 0.013119
0 0.265636 0.384208 0.010913 0.010897
0 0.328811 0.261413 0.012219 0.012051
0 0.007502 0.775967 0.012917 0.012978
0 0.223396 0.992430 0.013860 0.013886
0 0.157122 0.794871 0.013337 0.012814
0 0.170721 0.513274 0.010168 0.010668
0 0.946725 0.768966 0.012214 0.012461
0 0.152273 0.201688 0.011746 0.011695
0 0.149568 0.087913 0.011905 0.012079
0 0.592314 0.968838 0.012272 0.012238
0 0.338553 0.386824 0.011506 0.011749
0 0.735322 0.385305 0.009708 0.009841
0 0.034092 0.191696 0.010835 0.010814
0 0.187055 0.890108 0.012898 0.012959
0 0.469101 0.100325 0.011681 0.011733
0 0.291194 0.190793 0.012842 0.012842
0 0.440957 0.059452 0.012270 0.012310
0 0.429496 0.799016 0.012501 0.012464
0 0.226013 0.650663 0.012583 0.012167
0 0.109316 0.978870 0.013329 0.013166
0 0.972308 0.566162 0.010829 0.010974
0 0.345440 0.295585 0.021022 0.020894
0 0.339177 0.444431 0.010986 0.010718
0 0.551645 0.924702 0.010525 0.010375
0 0.839643 0.356829 0.011245 0.011388
0 0.270937 0.331362 0.012846 0.013173
0 0.373220 0.666839 0.011668 0.011661
0 0.640418 0.215700 0.012419 0.012902
0 0.332835 0.516886 0.010405 0.010330
0 0.465916 0.463107 0.012556 0.012627
0 0.127713 0.730333 0.013153 0.013177
0 0.102524 0.702730 0.012243 0.012487
0 0.579045 0.194766 0.011407 0.011626
0 0.867484 0.005572 0.009401 0.009438
0 0.745479 0.969933 0.012469 0.012851
0 0.743056 0.339391 0.009502 0.009723
0 0.780219 0.739884 0.012261 0.012478
0 0.287670 0.272967 0.010404 0.010413
0 0.003199 0.683714 0.006333 0.011159
0 0.522790 0.505347 0.009794 0.009722
0 0.623025 0.142351 0.010401 0.010152
0 0.787644 0.004354 0.012004 0.008702
0 0.376819 0.226706 0.017862 0.017685
0 0.847365 0.717693 0.020154 0.019262
0 0.468760 0.213869 0.013910 0.013717
0 0.446526 0.211398 0.014260 0.013349
0 0.950679 0.812412 0.013920 0.013559
0 0.700240 0.822046 0.018964 0.019046
0 0.666894 0.189909 0.014562 0.014754
