0 0.280741 0.433128 0.014771 0.014678
0 0.418399 0.037860 0.014068 0.014040
0 0.731671 0.856560 0.014327 0.014185
0 0.603161 0.489797 0.014115 0.013961
0 0.790718 0.881189 0.014423 0.014334
0 0.247167 0.060318 0.014457 0.014416
0 0.225402 0.425694 0.014500 0.014692
0 0.479768 0.810945 0.018874 0.018873
0 0.868667 0.957537 0.014215 0.014289
0 0.260147 0.826112 0.014016 0.013979
0 0.063397 0.793724 0.014656 0.014468
0 0.564879 0.387762 0.016288 0.016312
0 0.686099 0.265055 0.014230 0.014132
0 0.500690 0.951490 0.014944 0.014993
0 0.119107 0.848922 0.013487 0.013593
0 0.397178 0.298478 0.014468 0.014172
0 0.695565 0.860197 0.014191 0.014382
0 0.766876 0.664768 0.013892 0.014062
0 0.249536 0.497399 0.014027 0.014030
0 0.065973 0.103793 0.015342 0.015194
0 0.735420 0.396010 0.014633 0.014473
0 0.411511 0.784203 0.014019 0.013910
0 0.029836 0.590347 0.014521 0.014536
0 0.952022 0.938982 0.014857 0.014769
0 0.181354 0.740312 0.014581 0.014750
0 0.268123 0.565391 0.014703 0.014611
0 0.050065 0.405747 0.014476 0.014563
0 0.911846 0.984684 0.016781 0.017103
0 0.133913 0.143094 0.013739 0.013594
0 0.624725 0.523927 0.014171 0.013960
0 0.234643 0.948587 0.013320 0.013277
0 0.728067 0.184572 0.015263 0.015253
0 0.207541 0.334303 0.014490 0.014406
0 0.465936 0.385842 0.014618 0.014414
0 0.438135 0.911371 0.016116 0.016197
0 0.166153 0.813609 0.014062 0.013984
0 0.969856 0.452216 0.014354 0.014686
0 0.346349 0.732294 0.013990 0.014037
0 0.907246 0.951700 0.013574 0.013617
0 0.625538 0.954232 0.014629 0.014538
0 0.636363 0.138006 0.015241 0.015064
0 0.663352 0.189787 0.015984 0.016033
0 0.653379 0.224848 0.014830 0.015036
0 0.402405 0.120208 0.013697 0.013793
0 0.097239 0.247331 0.014701 0.014710
0 0.203230 0.628422 0.013622 0.013492
0 0.699876 0.057721 0.014430 0.014693
0 0.605083 0.075593 0.014294 0.014227
0 0.795313 0.359086 0.013990 0.013718
0 0.766183 0.329315 0.013486 0.013556
0 0.670872 0.647876 0.015679 0.015531
0 0.932880 0.892540 0.015486 0.015474
0 0.181469 0.336481 0.013392 0.013357
0 0.541642 0.544915 0.017167 0.017068
0 0.478297 0.632884 0.014569 0.014767
0 0.345743 0.298540 0.023526 0.023150
0 0.448258 0.424243 0.014319 0.014283
0 0.687706 0.597280 0.014392 0.014263
0 0.986436 0.301093 0.015047 0.014787
0 0.308944 0.816685 0.014075 0.014030
0 0.925970 0.664119 0.017019 0.017548
0 0.119125 0.507979 0.015946 0.015739
0 0.077795 0.222857 0.015609 0.015641
0 0.252461 0.193830 0.014622 0.014645
0 0.057533 0.008274 0.015158 0.015519
0 0.737471 0.617756 0.015194 0.015475
0 0.598646 0.674270 0.014119 0.014056
0 0.283318 0.205537 0.016012 0.016279
0 0.969776 0.357158 0.014445 0.014393
0 0.233405 0.599910 0.014643 0.014388
0 0.759649 0.544424 0.015543 0.015410
0 0.351536 0.614489 0.013491 0.013675
0 0.843845 0.264084 0.013428 0.013166
0 0.884739 0.376373 0.013852 0.013796
0 0.544121 0.709191 0.014969 0.014970
0 0.883121 0.725093 0.014328 0.014366
0 0.351735 0.379272 0.014122 0.014279
0 0.442092 0.750957 0.013197 0.013173
0 0.244815 0.159517 0.014483 0.014117
0 0.239551 0.550595 0.014228 0.013882
0 0.777356 0.455124 0.014730 0.014716
0 0.061741 0.054533 0.015603 0.015479
0 0.893156 0.393483 0.014429 0.014617
0 0.351256 0.803620 0.014058 0.014021
0 0.835746 0.578566 0.016823 0.016672
0 0.827356 0.179965 0.014204 0.014458
0 0.684116 0.537110 0.015257 0.015452
0 0.347396 0.341286 0.013905 0.013852
0 0.781010 0.066265 0.013683 0.013562
0 0.805911 0.023108 0.014239 0.014060
0 0.974895 0.155059 0.014161 0.014404
0 0.254099 0.275913 0.014439 0.014444
0 0.733909 0.266764 0.013117 0.013068
0 0.792183 0.557673 0.016437 0.016101
0 0.755812 0.992519 0.017485 0.014963
0 0.808870 0.682183 0.013696 0.013469
0 0.618006 0.143813 0.014213 0.014036
0 0.879026 0.048097 0.013859 0.013708
0 0.759105 0.127786 0.016243 0.015828
0 0.869314 0.324997 0.015815 0.015939
0 0.471896 0.166920 0.014251 0.014200
0 0.986613 0.506733 0.016907 0.016467
0 0.859792 0.623827 0.015044 0.014790
0 0.068542 0.563293 0.016000 0.016150
0 0.864196 0.364540 0.015373 0.015306
0 0.846675 0.718647 0.022158 0.021750
0 0.096317 0.144325 0.014865 0.015421
0 0.632737 0.085561 0.020768 0.020088
0 0.126881 0.171046 0.015275 0.015369
0 0.443578 0.733945 0.013987 0.013911
0 0.120305 0.905298 0.014750 0.014653
0 0.531538 0.638613 0.023327 0.023123
0 0.776893 0.182774 0.012960 0.013141
0 0.322983 0.316998 0.015035 0.014771
0 0.472192 0.288084 0.016813 0.016866
0 0.769384 0.521966 0.015431 0.015527
0 0.927069 0.146756 0.019085 0.018338
0 0.287969 0.262760 0.017151 0.017444
0 0.864523 0.165982 0.014062 0.013879
0 0.115266 0.120241 0.014294 0.014345
0 0.375679 0.228047 0.021131 0.020930
0 0.024855 0.155030 0.013296 0.013331
0 0.839319 0.699465 0.014474 0.014275
0 0.025798 0.131858 0.014564 0.014710
0 0.757480 0.498761 0.014085 0.014263
0 0.310728 0.375764 0.014200 0.014324
0 0.237486 0.001787 0.014393 0.003573
0 0.390692 0.327792 0.015490 0.014971
0 0.605319 0.258453 0.015627 0.015282
0 0.047959 0.325641 0.013972 0.013850
0 0.486855 0.294206 0.014227 0.014206
0 0.092260 0.906647 0.014329 0.014523
0 0.012258 0.916999 0.014340 0.014091
0 0.200678 0.506481 0.014394 0.014497
0 0.901580 0.595937 0.015139 0.014746
0 0.076133 0.183192 0.015467 0.014737
0 0.523626 0.018036 0.017980 0.017583
0 0.068035 0.566170 0.017744 0.018755
0 0.002879 0.938187 0.005736 0.018082
0 0.287523 0.710672 0.014296 0.013972
0 0.178320 0.029379 0.018081 0.017970
0 0.834651 0.018609 0.013649 0.013602
0 0.304746 0.993587 0.016938 0.012827
0 0.297968 0.337435 0.016130 0.016068
