0 0.255901 0.718853 0.013695 0.013656
0 0.922625 0.740989 0.013285 0.013227
0 0.900254 0.653701 0.014044 0.014032
0 0.747915 0.619193 0.013479 0.013387
0 0.569195 0.284101 0.013094 0.012901
0 0.573603 0.568512 0.013641 0.013590
0 0.068102 0.438046 0.013818 0.013787
0 0.308042 0.186468 0.013755 0.013730
0 0.447916 0.038099 0.012495 0.012277
0 0.437380 0.087207 0.013643 0.013595
0 0.542045 0.976091 0.012906 0.012681
0 0.620816 0.891987 0.013606 0.013489
0 0.663301 0.664894 0.013095 0.013076
0 0.285852 0.030244 0.012862 0.012873
0 0.464792 0.959465 0.012466 0.012440
0 0.048769 0.387006 0.013106 0.012958
0 0.523079 0.349829 0.013630 0.013492
0 0.337700 0.120233 0.011580 0.011562
0 0.243562 0.849905 0.012693 0.012622
0 0.349862 0.609752 0.013533 0.013414
0 0.485820 0.698494 0.012452 0.012242
0 0.463845 0.876059 0.012719 0.012585
0 0.168492 0.132870 0.013806 0.013589
0 0.576541 0.601743 0.011847 0.011801
0 0.105644 0.629084 0.013389 0.013663
0 0.272793 0.051628 0.011574 0.011373
0 0.811473 0.589915 0.012168 0.012109
0 0.488539 0.200102 0.012501 0.012371
0 0.369598 0.141047 0.012933 0.013098
0 0.549189 0.875136 0.011824 0.011683
0 0.418347 0.741946 0.014260 0.014209
0 0.719245 0.768049 0.013396 0.013316
0 0.132777 0.308148 0.014274 0.014118
0 0.495066 0.544189 0.013742 0.013782
0 0.100672 0.714783 0.013344 0.013456
0 0.726640 0.049481 0.013275 0.013320
0 0.530713 0.251513 0.014173 0.013960
0 0.419323 0.471744 0.012379 0.012410
0 0.582200 0.346596 0.011794 0.011627
0 0.191954 0.486225 0.013216 0.013170
0 0.150921 0.750918 0.012304 0.012624
0 0.062843 0.057461 0.012024 0.012094
0 0.260082 0.802266 0.013499 0.013623
0 0.115092 0.039981 0.012811 0.012727
0 0.176045 0.673043 0.011993 0.011926
0 0.570609 0.755290 0.013569 0.013601
0 0.391135 0.495677 0.013724 0.013788
0 0.149345 0.207038 0.013710 0.013699
0 0.087405 0.232791 0.011849 0.011827
0 0.131368 0.592462 0.013905 0.013603
0 0.221285 0.469789 0.012453 0.012317
0 0.622689 0.316465 0.011713 0.011773
0 0.283940 0.281496 0.013009 0.012904
0 0.394400 0.995849 0.011366 0.008302
0 0.212806 0.695860 0.013005 0.013196
0 0.223592 0.648178 0.012378 0.012354
0 0.187257 0.232555 0.012833 0.012804
0 0.314380 0.823538 0.011669 0.011695
0 0.277911 0.741609 0.010831 0.010783
0 0.597675 0.955940 0.013085 0.013174
0 0.851706 0.821091 0.012997 0.012379
0 0.995675 0.562741 0.008643 0.012647
0 0.187026 0.836773 0.013330 0.013393
0 0.310277 0.301730 0.013841 0.013938
0 0.262998 0.366663 0.012311 0.012214
0 0.185131 0.892204 0.012651 0.012771
0 0.591593 0.043801 0.012001 0.012058
0 0.846848 0.034509 0.012851 0.012794
0 0.994472 0.689570 0.010311 0.010440
0 0.171772 0.025804 0.014183 0.014125
0 0.521743 0.005975 0.012740 0.011804
0 0.582136 0.234000 0.012399 0.012147
0 0.594015 0.003243 0.011245 0.006486
0 0.331155 0.518233 0.012264 0.011892
0 0.114789 0.665655 0.011988 0.011959
0 0.503819 0.669634 0.012724 0.012816
0 0.146822 0.582244 0.012157 0.011847
0 0.151124 0.292828 0.011517 0.011744
0 0.996253 0.918818 0.007436 0.012615
0 0.078487 0.979733 0.013858 0.013796
0 0.669707 0.476429 0.011833 0.011817
0 0.302479 0.330589 0.011572 0.011324
0 0.273615 0.448396 0.010381 0.010056
0 0.441016 0.060220 0.012428 0.012506
0 0.417227 0.205774 0.009671 0.009631
0 0.396097 0.942942 0.009524 0.009417
0 0.421075 0.233092 0.011843 0.011735
0 0.093148 0.821820 0.013835 0.013238
0 0.906394 0.495203 0.013380 0.013723
0 0.788197 0.005526 0.012225 0.010917
0 0.849113 0.517361 0.012874 0.012834
0 0.716714 0.073929 0.012312 0.012366
0 0.695421 0.245288 0.011419 0.011265
0 0.848849 0.710353 0.023449 0.023343
0 0.107896 0.981406 0.012471 0.012557
0 0.989640 0.394047 0.011663 0.011539
0 0.767315 0.833393 0.009856 0.009443
0 0.134413 0.554873 0.011467 0.011187
0 0.121708 0.997337 0.013085 0.005326
0 0.995394 0.422155 0.009213 0.011106
0 0.726303 0.459356 0.011741 0.011788
0 0.893015 0.016434 0.011939 0.012064
0 0.995000 0.424169 0.009663 0.010354
