0 0.748218 0.616432 0.012875 0.012591
0 0.165213 0.217604 0.013038 0.012593
0 0.750180 0.687161 0.011876 0.011815
0 0.627231 0.664427 0.013573 0.013378
0 0.078586 0.684068 0.013191 0.013182
0 0.244750 0.170585 0.012835 0.012716
0 0.260832 0.137140 0.012304 0.012344
0 0.187554 0.889516 0.013081 0.013010
0 0.244716 0.238616 0.012619 0.012466
0 0.129760 0.917549 0.013517 0.013331
0 0.188522 0.148359 0.012592 0.012449
0 0.132222 0.858470 0.011988 0.011744
0 0.025833 0.563424 0.012031 0.012603
0 0.091471 0.964822 0.011971 0.011787
0 0.430869 0.332040 0.011241 0.011521
0 0.213639 0.714602 0.013109 0.013086
0 0.617410 0.408838 0.011812 0.011824
0 0.119154 0.066601 0.011845 0.011951
0 0.235344 0.482830 0.013200 0.013142
0 0.715367 0.855282 0.013102 0.013255
0 0.505627 0.637675 0.011332 0.011874
0 0.143149 0.634957 0.011535 0.011700
0 0.317175 0.670651 0.011952 0.011832
0 0.214875 0.768906 0.012958 0.013138
0 0.544224 0.213854 0.010280 0.009973
0 0.172636 0.577566 0.012265 0.012317
0 0.583517 0.346304 0.012753 0.012706
0 0.806319 0.125573 0.011494 0.011354
0 0.447640 0.012455 0.012014 0.011808
0 0.248508 0.399441 0.012318 0.012504
0 0.342907 0.487239 0.011861 0.011803
0 0.004917 0.722832 0.009774 0.014086
0 0.858300 0.603566 0.012183 0.012117
0 0.110816 0.979787 0.014121 0.014184
0 0.543572 0.973716 0.011148 0.011185
0 0.524710 0.346792 0.012865 0.012626
0 0.397416 0.763540 0.011551 0.011586
0 0.065379 0.453472 0.011834 0.011756
0 0.741235 0.994895 0.014016 0.010206
0 0.058397 0.343106 0.012052 0.012169
0 0.847951 0.718459 0.018834 0.018340
0 0.198268 0.489227 0.012568 0.012603
0 0.438873 0.649110 0.010483 0.010486
0 0.565736 0.283854 0.010943 0.010897
0 0.385476 0.923894 0.012298 0.012346
0 0.499437 0.785482 0.012490 0.012557
0 0.723110 0.373994 0.011789 0.011825
0 0.126699 0.881137 0.010903 0.010936
0 0.411545 0.104715 0.011328 0.011469
0 0.493789 0.840373 0.011661 0.011554
0 0.463098 0.960586 0.011019 0.010968
0 0.344470 0.297767 0.022093 0.021807
0 0.370943 0.166118 0.009944 0.010337
0 0.227536 0.648847 0.011871 0.011752
0 0.530026 0.635902 0.021899 0.021650
0 0.382457 0.997692 0.011718 0.004615
0 0.448975 0.212349 0.013405 0.013377
0 0.188211 0.914910 0.012591 0.012357
0 0.669005 0.518659 0.011203 0.011227
0 0.287617 0.661061 0.011505 0.011561
0 0.102630 0.726056 0.011190 0.010791
0 0.424468 0.726459 0.012409 0.012430
0 0.782064 0.819176 0.010225 0.010381
0 0.682557 0.009905 0.012970 0.012789
0 0.828326 0.421128 0.010578 0.010630
0 0.701713 0.822444 0.020231 0.020230
