0 0.940101 0.598929 0.013849 0.013854
0 0.366664 0.439457 0.012564 0.012455
0 0.223148 0.409134 0.011818 0.011755
0 0.822389 0.328689 0.013318 0.013342
0 0.965773 0.770817 0.013396 0.013268
0 0.155272 0.473943 0.012133 0.011994
0 0.298064 0.318507 0.013283 0.013133
0 0.967317 0.976368 0.013414 0.013313
0 0.391796 0.493417 0.012428 0.012437
0 0.938591 0.698540 0.013506 0.013498
0 0.937601 0.454704 0.013105 0.013068
0 0.908958 0.519004 0.012735 0.012661
0 0.253981 0.088840 0.011803 0.011702
0 0.811029 0.505247 0.012249 0.012320
0 0.260327 0.669281 0.011794 0.011730
0 0.765271 0.370267 0.012586 0.012502
0 0.785645 0.089938 0.013611 0.013620
0 0.736377 0.060810 0.012740 0.012924
0 0.370404 0.089797 0.013400 0.013144
0 0.752416 0.418915 0.012362 0.012443
0 0.275711 0.478334 0.013528 0.013519
0 0.893809 0.888764 0.013265 0.013129
0 0.695291 0.561548 0.014943 0.015014
0 0.624327 0.716584 0.012815 0.012869
0 0.503146 0.612447 0.012722 0.012757
0 0.200509 0.153605 0.011730 0.011755
0 0.180198 0.903306 0.013246 0.012880
0 0.588091 0.369186 0.012496 0.012476
0 0.903456 0.094324 0.012535 0.012551
0 0.473469 0.365602 0.012138 0.012195
0 0.129682 0.302630 0.012580 0.012490
0 0.161485 0.601388 0.013240 0.013259
0 0.336684 0.638691 0.011513 0.011613
0 0.068189 0.377214 0.011929 0.011800
0 0.329987 0.830066 0.013733 0.013664
0 0.571380 0.419418 0.013487 0.013348
0 0.888293 0.314623 0.013676 0.013766
0 0.117432 0.517527 0.013139 0.013129
0 0.572874 0.779274 0.013047 0.013107
0 0.190758 0.815300 0.012926 0.013052
0 0.476275 0.805320 0.012961 0.012663
0 0.776640 0.342320 0.013302 0.013140
0 0.201163 0.100007 0.012937 0.012931
0 0.091076 0.902600 0.011932 0.011702
0 0.472963 0.284862 0.013651 0.013570
0 0.703243 0.133085 0.012900 0.012778
0 0.440107 0.517589 0.012849 0.013058
0 0.239190 0.257552 0.011965 0.011755
0 0.247967 0.510873 0.013186 0.013128
0 0.310675 0.563461 0.012150 0.011957
0 0.353639 0.741277 0.011227 0.011049
0 0.337249 0.397191 0.015262 0.015124
0 0.212047 0.768497 0.012931 0.013033
0 0.314334 0.154516 0.012690 0.012626
0 0.914186 0.549797 0.013090 0.012974
0 0.952446 0.565060 0.013255 0.012947
0 0.896359 0.247795 0.013791 0.013548
0 0.441519 0.485394 0.012407 0.012553
0 0.852403 0.656403 0.012947 0.012965
0 0.235166 0.496677 0.012169 0.012010
0 0.621353 0.545503 0.012656 0.012682
0 0.622318 0.420641 0.013717 0.013836
0 0.553290 0.675696 0.012366 0.012353
0 0.148209 0.156214 0.012865 0.012830
0 0.963619 0.101156 0.013820 0.013630
0 0.368935 0.130101 0.012845 0.012833
0 0.832780 0.946438 0.013783 0.013700
0 0.604139 0.803124 0.010824 0.010872
0 0.500233 0.483405 0.013251 0.013325
0 0.191104 0.723883 0.013983 0.014014
0 0.770196 0.618493 0.012561 0.012641
0 0.228183 0.230396 0.012971 0.013141
0 0.660781 0.050133 0.014140 0.014162
0 0.106519 0.372448 0.012626 0.012385
0 0.809575 0.160432 0.012503 0.012501
0 0.982770 0.664222 0.013163 0.013152
0 0.056221 0.719736 0.013480 0.013239
0 0.739925 0.135909 0.012395 0.012441
0 0.361244 0.669908 0.012415 0.012519
0 0.321347 0.261768 0.013700 0.013598
0 0.600326 0.273257 0.010826 0.010571
0 0.183553 0.698977 0.013272 0.013030
0 0.258666 0.051876 0.011869 0.011982
0 0.829543 0.666584 0.014756 0.014693
0 0.609983 0.329574 0.017268 0.017113
0 0.679014 0.296739 0.012975 0.012913
0 0.019691 0.783638 0.013591 0.013629
0 0.349412 0.791053 0.012204 0.012247
0 0.520764 0.383935 0.013811 0.013719
0 0.820427 0.015491 0.012301 0.012388
0 0.722743 0.475660 0.015203 0.015362
0 0.382940 0.591028 0.014126 0.014030
0 0.570953 0.165851 0.012524 0.012425
0 0.223277 0.650285 0.013043 0.013017
0 0.987247 0.563672 0.012124 0.011990
0 0.261856 0.270156 0.012260 0.012135
0 0.068080 0.963000 0.012092 0.012100
0 0.893117 0.027547 0.015138 0.014962
0 0.869119 0.391929 0.013832 0.013827
0 0.698401 0.722626 0.012911 0.012518
0 0.129672 0.797241 0.013727 0.013352
0 0.583679 0.309179 0.013493 0.013378
0 0.466865 0.234403 0.012728 0.012577
0 0.321865 0.671421 0.013329 0.013420
0 0.119322 0.415808 0.010942 0.010786
0 0.393992 0.023214 0.014915 0.014780
0 0.292400 0.616355 0.013772 0.013485
0 0.459878 0.692393 0.012400 0.012237
0 0.143975 0.089305 0.012931 0.012719
0 0.073766 0.758851 0.012778 0.012674
0 0.875286 0.698912 0.012600 0.012387
0 0.189705 0.044659 0.011896 0.011902
0 0.653149 0.343106 0.013869 0.013578
0 0.355747 0.600175 0.014478 0.014256
0 0.502914 0.652130 0.011217 0.011164
0 0.246864 0.873478 0.012484 0.012602
0 0.910836 0.433240 0.013475 0.013445
0 0.227075 0.356108 0.011526 0.011381
0 0.062216 0.270327 0.012780 0.012661
0 0.195543 0.446585 0.013581 0.013426
0 0.664127 0.557058 0.013600 0.013224
0 0.759440 0.477260 0.013746 0.013637
0 0.178185 0.567094 0.012509 0.012350
0 0.724845 0.599713 0.011893 0.011877
0 0.427919 0.582504 0.013034 0.013457
0 0.377421 0.618289 0.014862 0.014553
0 0.045053 0.836074 0.012132 0.012544
0 0.987436 0.347863 0.013379 0.013106
0 0.562623 0.950484 0.013118 0.012751
0 0.521817 0.123109 0.013448 0.013430
0 0.461574 0.055511 0.015151 0.015030
0 0.355791 0.559313 0.014365 0.014375
0 0.928826 0.278385 0.013684 0.013432
0 0.525004 0.751011 0.013720 0.013757
0 0.662678 0.294788 0.012113 0.011721
0 0.910903 0.888450 0.011964 0.011606
0 0.912505 0.148324 0.012460 0.012309
0 0.962889 0.176841 0.011394 0.011271
0 0.024008 0.161986 0.015161 0.014412
0 0.326272 0.745172 0.012774 0.012690
0 0.400503 0.957396 0.013625 0.013659
0 0.723468 0.855083 0.012282 0.012127
0 0.851258 0.710431 0.022523 0.022292
0 0.495208 0.739979 0.011646 0.011740
0 0.564525 0.472320 0.013681 0.013678
0 0.586801 0.152362 0.012928 0.013017
0 0.007293 0.302764 0.011422 0.011222
0 0.151984 0.728857 0.013717 0.013500
0 0.638355 0.925097 0.012359 0.012079
0 0.424603 0.034906 0.013709 0.013519
0 0.934218 0.336321 0.012799 0.013036
0 0.565805 0.760111 0.011680 0.011776
0 0.437927 0.995568 0.013265 0.008864
0 0.005432 0.396171 0.010562 0.012185
0 0.291825 0.255596 0.012200 0.012194
0 0.830715 0.504315 0.013160 0.013049
0 0.468067 0.844006 0.011366 0.011086
0 0.476634 0.705007 0.011839 0.011640
0 0.565613 0.231616 0.011485 0.011002
0 0.542504 0.052321 0.018351 0.018180
0 0.004162 0.377446 0.008324 0.011453
0 0.978125 0.304178 0.012183 0.012196
0 0.141741 0.272964 0.013583 0.013639
0 0.558032 0.055950 0.013656 0.014007
0 0.510051 0.810423 0.011256 0.010834
0 0.237823 0.701408 0.012853 0.012459
0 0.317209 0.493192 0.013889 0.013591
0 0.414378 0.597074 0.011540 0.011315
0 0.122568 0.273333 0.013599 0.013195
0 0.593153 0.745403 0.012488 0.012381
0 0.184114 0.387378 0.012797 0.012650
0 0.187408 0.359442 0.014006 0.014395
0 0.664195 0.218139 0.011270 0.011440
0 0.753582 0.348523 0.012841 0.012656
0 0.340966 0.767759 0.012696 0.012721
0 0.566914 0.981234 0.013124 0.012949
0 0.008179 0.338096 0.012114 0.012342
0 0.180395 0.749716 0.013379 0.012974
0 0.528939 0.725213 0.012623 0.012456
0 0.697273 0.358788 0.013868 0.013291
0 0.346642 0.612547 0.009465 0.009352
0 0.506751 0.274908 0.015851 0.015235
0 0.480284 0.239299 0.010703 0.010804
0 0.346367 0.289949 0.024682 0.024491
0 0.944653 0.168824 0.010983 0.011140
0 0.507971 0.466987 0.016934 0.016085
0 0.034648 0.177195 0.014697 0.014201
0 0.602616 0.239220 0.013186 0.013948
0 0.997454 0.223673 0.005073 0.011171
0 0.871522 0.377164 0.009310 0.009166
0 0.558338 0.266736 0.011804 0.011725
0 0.554988 0.238761 0.008969 0.008691
0 0.936329 0.640077 0.010628 0.011663
0 0.996742 0.130008 0.006416 0.009384
0 0.712325 0.226374 0.010809 0.010439
0 0.935881 0.638285 0.010242 0.009894
0 0.143337 0.742689 0.012332 0.012290
0 0.997753 0.225155 0.004419 0.011336
0 0.720825 0.279797 0.011294 0.010831
