0 0.352910 0.149594 0.013080 0.013028
0 0.413033 0.174101 0.013317 0.013160
0 0.900647 0.962914 0.012861 0.012843
0 0.524927 0.347151 0.013393 0.013230
0 0.578781 0.386778 0.012018 0.012023
0 0.311486 0.036952 0.013662 0.013546
0 0.492566 0.302224 0.013343 0.013302
0 0.446592 0.475091 0.013922 0.013706
0 0.482828 0.824339 0.013245 0.013440
0 0.841409 0.219345 0.013321 0.013032
0 0.748226 0.617040 0.013413 0.013465
0 0.888833 0.268627 0.012910 0.012900
0 0.434834 0.591756 0.013619 0.013774
0 0.482985 0.726140 0.014351 0.014297
0 0.601077 0.236112 0.013020 0.012856
0 0.673045 0.906015 0.013209 0.013101
0 0.095071 0.025941 0.013842 0.013949
0 0.561025 0.145599 0.011650 0.011503
0 0.146332 0.302603 0.012993 0.012965
0 0.464919 0.141471 0.012942 0.012953
0 0.553783 0.081560 0.013565 0.013585
0 0.575186 0.832519 0.013113 0.013177
0 0.150317 0.550432 0.013901 0.013911
0 0.903035 0.457857 0.013419 0.013488
0 0.168537 0.136846 0.011917 0.011835
0 0.456841 0.956880 0.013693 0.013776
0 0.192430 0.636733 0.013193 0.013296
0 0.142476 0.716877 0.013784 0.013607
0 0.438600 0.795745 0.011951 0.011765
0 0.510227 0.701342 0.012605 0.012731
0 0.273103 0.206402 0.014317 0.014211
0 0.678265 0.140180 0.010565 0.010530
0 0.960946 0.314246 0.012130 0.012124
0 0.101329 0.043264 0.011301 0.011572
0 0.223053 0.467926 0.012816 0.012644
0 0.263436 0.536178 0.012309 0.012032
0 0.312809 0.857114 0.014073 0.014073
0 0.794749 0.067417 0.012643 0.012639
0 0.316328 0.748526 0.013955 0.013839
0 0.170786 0.523735 0.012752 0.012539
0 0.331608 0.161830 0.010820 0.010762
0 0.007120 0.193382 0.013280 0.013507
0 0.036981 0.087183 0.013617 0.013506
0 0.809864 0.237281 0.012648 0.012609
0 0.809337 0.847022 0.012846 0.012922
0 0.692948 0.075560 0.011480 0.011257
0 0.543837 0.971942 0.013893 0.013617
0 0.811743 0.053798 0.011858 0.011913
0 0.255176 0.431734 0.012615 0.012570
0 0.370296 0.809873 0.010455 0.010462
0 0.895401 0.498009 0.013156 0.013228
0 0.691019 0.006020 0.013158 0.012040
0 0.573006 0.703448 0.013736 0.013770
0 0.933927 0.271644 0.011090 0.011089
0 0.525595 0.491496 0.011852 0.011926
0 0.672195 0.298288 0.011991 0.012155
0 0.516281 0.822474 0.009684 0.009732
0 0.795884 0.682350 0.012136 0.011995
0 0.071535 0.781227 0.013549 0.013544
0 0.447030 0.051394 0.014255 0.014509
0 0.459763 0.687024 0.013018 0.013173
0 0.661776 0.112438 0.013129 0.013098
0 0.320860 0.679706 0.012663 0.012746
0 0.330954 0.517458 0.011696 0.011479
0 0.671553 0.617599 0.010071 0.010168
0 0.078518 0.471444 0.013045 0.012826
0 0.824318 0.647782 0.012044 0.012185
0 0.938653 0.710332 0.012940 0.012870
0 0.608052 0.079475 0.012218 0.012172
0 0.186777 0.890913 0.013341 0.013268
0 0.156589 0.657629 0.010978 0.010904
0 0.902796 0.647030 0.010807 0.011014
0 0.146041 0.894351 0.011747 0.011848
0 0.008017 0.415584 0.013874 0.013670
0 0.880893 0.472331 0.011246 0.011299
0 0.225540 0.649523 0.011839 0.011609
0 0.497353 0.542117 0.012888 0.012336
0 0.385623 0.472567 0.011877 0.011981
0 0.121616 0.934923 0.013361 0.013093
0 0.078239 0.970978 0.013191 0.013268
0 0.787311 0.004756 0.013272 0.009484
0 0.172110 0.997196 0.013232 0.005555
0 0.300090 0.901883 0.012923 0.013003
0 0.438734 0.015988 0.012245 0.012152
0 0.028275 0.466842 0.012254 0.012456
0 0.926837 0.403382 0.013581 0.013386
0 0.139500 0.640385 0.011622 0.011555
0 0.676868 0.269833 0.011939 0.011674
0 0.108235 0.980662 0.012966 0.013210
0 0.660491 0.001780 0.011089 0.003560
0 0.727199 0.506082 0.011429 0.011079
0 0.465553 0.254381 0.013396 0.013520
0 0.997449 0.903245 0.005052 0.011923
0 0.573829 0.131005 0.011757 0.012027
