0 0.667550 0.693107 0.013745 0.013719
0 0.748906 0.618927 0.013368 0.013160
0 0.476099 0.049960 0.012447 0.012346
0 0.292108 0.106774 0.014037 0.013943
0 0.632128 0.900586 0.013703 0.013572
0 0.528822 0.119172 0.013969 0.013879
0 0.526947 0.593933 0.012457 0.012299
0 0.439843 0.666976 0.013603 0.013500
0 0.061369 0.687452 0.012324 0.012247
0 0.515046 0.190011 0.012833 0.012912
0 0.554162 0.577505 0.013368 0.013434
0 0.458300 0.961489 0.012030 0.011961
0 0.427356 0.315337 0.012687 0.012597
0 0.805966 0.327892 0.012718 0.012810
0 0.260174 0.029875 0.013869 0.013654
0 0.659947 0.056178 0.012911 0.012876
0 0.430899 0.131228 0.012056 0.012040
0 0.502642 0.929818 0.011510 0.011377
0 0.264626 0.690355 0.013122 0.012958
0 0.433607 0.459601 0.012789 0.012853
0 0.722602 0.136530 0.013682 0.013719
0 0.410765 0.428612 0.011882 0.011615
0 0.165711 0.364446 0.013400 0.013488
0 0.628530 0.535859 0.012664 0.012707
0 0.321850 0.570325 0.013746 0.013809
0 0.754466 0.210307 0.013251 0.013170
0 0.156020 0.291496 0.013601 0.013510
0 0.290000 0.811259 0.012936 0.012956
0 0.812793 0.740088 0.012883 0.012851
0 0.622165 0.703622 0.012815 0.012857
0 0.501852 0.721220 0.011129 0.011287
0 0.254238 0.220061 0.014010 0.014139
0 0.304793 0.918732 0.012930 0.012838
0 0.078441 0.181401 0.012693 0.012581
0 0.755954 0.551135 0.012460 0.012102
0 0.699055 0.243174 0.013443 0.013326
0 0.187287 0.658777 0.011675 0.011412
0 0.718344 0.283684 0.013287 0.013282
0 0.847446 0.045688 0.012582 0.012494
0 0.164332 0.795198 0.012948 0.013084
0 0.540812 0.974310 0.011734 0.011426
0 0.129658 0.328800 0.011974 0.011976
0 0.619198 0.789190 0.014048 0.014352
0 0.480506 0.085366 0.011735 0.011584
0 0.263444 0.362552 0.012555 0.012326
0 0.509399 0.442095 0.012591 0.012483
0 0.521629 0.657776 0.012188 0.012546
0 0.204352 0.460335 0.012547 0.012397
0 0.436199 0.192747 0.012345 0.012335
0 0.306958 0.615366 0.012950 0.012687
0 0.384212 0.324325 0.012358 0.012273
0 0.470198 0.273302 0.013515 0.013620
0 0.122741 0.855940 0.011642 0.011536
0 0.222118 0.469928 0.013266 0.013050
0 0.824201 0.007761 0.011581 0.011774
0 0.835436 0.603247 0.012870 0.013024
0 0.107552 0.099572 0.012982 0.012752
0 0.331472 0.517945 0.011999 0.011854
0 0.943820 0.619254 0.012342 0.012347
0 0.066277 0.228515 0.012462 0.012198
0 0.098929 0.460445 0.012259 0.012118
0 0.738125 0.983631 0.012074 0.012167
0 0.168282 0.083831 0.012186 0.012035
0 0.890161 0.284587 0.012156 0.012397
0 0.400777 0.917665 0.012773 0.012459
0 0.352884 0.159599 0.011985 0.011842
0 0.855170 0.330016 0.011943 0.011948
0 0.591125 0.804019 0.011904 0.011796
0 0.225465 0.651249 0.012935 0.012720
0 0.787628 0.584304 0.013380 0.013173
0 0.801750 0.446098 0.011437 0.011630
0 0.677339 0.997293 0.010052 0.005361
0 0.884712 0.469467 0.012726 0.012827
0 0.130921 0.477273 0.011395 0.011488
0 0.247608 0.149419 0.012430 0.012414
0 0.108809 0.981120 0.012857 0.012850
0 0.152602 0.509569 0.013730 0.013336
0 0.415909 0.990581 0.011611 0.011602
0 0.458235 0.744591 0.011642 0.011404
0 0.677007 0.004786 0.011473 0.009493
0 0.822853 0.184932 0.012071 0.012151
0 0.725939 0.779283 0.012576 0.012646
0 0.967195 0.152185 0.012201 0.012106
0 0.654812 0.889621 0.010529 0.010530
0 0.899719 0.183221 0.011802 0.011699
0 0.735458 0.072925 0.011134 0.011017
0 0.165907 0.992908 0.011906 0.011992
0 0.323145 0.278854 0.012381 0.012014
0 0.028559 0.972508 0.012076 0.011841
0 0.931249 0.505674 0.011974 0.011896
0 0.037048 0.759223 0.011429 0.011450
0 0.185825 0.892136 0.012267 0.012341
0 0.924169 0.594947 0.012557 0.012208
0 0.042294 0.317265 0.013567 0.013380
0 0.181137 0.953430 0.011393 0.011590
0 0.773053 0.941011 0.011386 0.011331
0 0.855920 0.901543 0.014122 0.014137
0 0.368033 0.160610 0.013006 0.013349
0 0.114198 0.240848 0.011665 0.011971
0 0.060238 0.654861 0.011950 0.011893
0 0.812259 0.434127 0.014090 0.014421
0 0.936506 0.458078 0.012986 0.012746
0 0.632513 0.072255 0.015321 0.015670
0 0.434953 0.639910 0.011845 0.012079
0 0.997361 0.308758 0.005216 0.010894
0 0.703462 0.814014 0.022046 0.021807
0 0.952678 0.926271 0.011598 0.011137
0 0.303916 0.001648 0.012677 0.003296
0 0.366714 0.164691 0.011519 0.010829
0 0.422207 0.557295 0.011953 0.011948
0 0.005997 0.564890 0.011192 0.011482
0 0.789479 0.005128 0.011942 0.010034
0 0.849097 0.710448 0.023285 0.023580
0 0.952338 0.924286 0.011805 0.011739
0 0.367465 0.162443 0.012175 0.012677
