0 0.807282 0.523089 0.013165 0.013079
0 0.213277 0.091973 0.012537 0.012438
0 0.722359 0.967997 0.013213 0.013190
0 0.165138 0.620041 0.012489 0.012719
0 0.499322 0.932566 0.013512 0.013449
0 0.329329 0.051179 0.013109 0.012763
0 0.655981 0.288783 0.011843 0.011752
0 0.594749 0.932403 0.013344 0.013431
0 0.829430 0.966447 0.012885 0.012778
0 0.746163 0.518736 0.013712 0.013543
0 0.669823 0.311198 0.013716 0.013553
0 0.336761 0.426295 0.014130 0.014099
0 0.762222 0.227835 0.014386 0.014506
0 0.534019 0.429462 0.011752 0.011705
0 0.012530 0.901376 0.012737 0.012664
0 0.912946 0.572762 0.013458 0.013344
0 0.108286 0.980542 0.013347 0.013239
0 0.670766 0.783550 0.012899 0.012921
0 0.748722 0.617950 0.012875 0.012818
0 0.945331 0.779449 0.014017 0.014059
0 0.753814 0.487776 0.013092 0.012767
0 0.244746 0.564480 0.014588 0.014257
0 0.381151 0.870906 0.012962 0.013033
0 0.189372 0.503669 0.012328 0.012130
0 0.048044 0.479540 0.013214 0.013072
0 0.066153 0.727316 0.013487 0.013645
0 0.714834 0.747971 0.012767 0.012789
0 0.436355 0.430130 0.013108 0.013001
0 0.764410 0.562598 0.012150 0.012308
0 0.641600 0.709921 0.012587 0.012517
0 0.153797 0.106631 0.013008 0.012929
0 0.479324 0.366079 0.014130 0.014073
0 0.413408 0.483756 0.012862 0.013017
0 0.785787 0.352932 0.010958 0.010845
0 0.114067 0.191523 0.012867 0.012738
0 0.382127 0.271774 0.014219 0.014175
0 0.760165 0.802575 0.013170 0.013147
0 0.522945 0.350063 0.013692 0.013508
0 0.363220 0.549861 0.012516 0.012708
0 0.646756 0.461897 0.012852 0.012781
0 0.088113 0.545873 0.012650 0.012624
0 0.331638 0.518943 0.012564 0.012439
0 0.200818 0.677049 0.012455 0.012669
0 0.330914 0.342026 0.012938 0.012772
0 0.060543 0.067037 0.012481 0.012326
0 0.024354 0.674540 0.012958 0.012846
0 0.054473 0.504234 0.010542 0.010603
0 0.806012 0.266405 0.014213 0.014078
0 0.222224 0.469904 0.013083 0.012988
0 0.445246 0.960030 0.013386 0.013259
0 0.184540 0.892002 0.013355 0.013365
0 0.287552 0.130177 0.013952 0.014193
0 0.290791 0.614929 0.012725 0.012895
0 0.894253 0.744530 0.012413 0.012164
0 0.434111 0.555240 0.011703 0.011734
0 0.185389 0.573159 0.012915 0.012897
0 0.536415 0.976950 0.012656 0.012487
0 0.434264 0.075060 0.013510 0.013645
0 0.179176 0.225719 0.014371 0.014492
0 0.627912 0.141304 0.013104 0.013206
0 0.397903 0.709384 0.011552 0.011230
0 0.972049 0.203972 0.011872 0.011791
0 0.073287 0.391163 0.012272 0.012081
0 0.212774 0.268387 0.013903 0.013987
0 0.532763 0.497670 0.013473 0.013630
0 0.710783 0.035820 0.012582 0.012600
0 0.800077 0.179438 0.012503 0.012332
0 0.517939 0.750741 0.010902 0.010773
0 0.822896 0.179020 0.013679 0.013334
0 0.018484 0.762763 0.012816 0.012565
0 0.178033 0.346615 0.012291 0.012328
0 0.171580 0.320236 0.014593 0.014649
0 0.184450 0.080699 0.014779 0.014774
0 0.224737 0.648005 0.012369 0.012185
0 0.599368 0.595976 0.012947 0.012796
0 0.222478 0.975067 0.013430 0.013673
0 0.192905 0.304772 0.011987 0.011531
0 0.009964 0.547829 0.012272 0.012074
0 0.375748 0.309262 0.013561 0.013475
0 0.064871 0.272823 0.011592 0.011610
0 0.056310 0.283425 0.010761 0.010869
0 0.268882 0.924827 0.012400 0.012171
0 0.087765 0.309732 0.011757 0.011694
0 0.490392 0.528092 0.011925 0.011620
0 0.533486 0.629951 0.024035 0.023665
0 0.704356 0.526918 0.011786 0.011484
0 0.813869 0.353040 0.011518 0.011711
0 0.029734 0.215853 0.012254 0.012172
0 0.851037 0.709537 0.023505 0.023513
0 0.786432 0.005596 0.013993 0.011193
0 0.961927 0.056332 0.011242 0.011074
0 0.638384 0.650209 0.012022 0.011943
0 0.922112 0.023525 0.011722 0.012024
0 0.746224 0.998382 0.011297 0.003235
0 0.998102 0.773748 0.003762 0.013963
0 0.805222 0.598351 0.011892 0.012304
0 0.400999 0.572112 0.010868 0.010672
0 0.769451 0.190177 0.012253 0.012218
0 0.996624 0.425812 0.006721 0.011343
0 0.437586 0.173279 0.012598 0.012598
0 0.743286 0.633418 0.013559 0.013339
0 0.878338 0.133581 0.012416 0.012115
0 0.805935 0.599890 0.011988 0.011864
0 0.191799 0.252057 0.012875 0.013212
0 0.782474 0.005593 0.016713 0.011187
0 0.347028 0.289725 0.022985 0.023333
