0 0.125353 0.065689 0.012903 0.012672
0 0.132854 0.860017 0.011664 0.011539
0 0.151906 0.170182 0.013014 0.012673
0 0.216151 0.716762 0.013531 0.013381
0 0.454401 0.350376 0.011295 0.011346
0 0.591463 0.725647 0.013453 0.013229
0 0.910525 0.717256 0.012915 0.012750
0 0.273546 0.291738 0.013326 0.013248
0 0.187323 0.889382 0.013192 0.013136
0 0.209939 0.243635 0.012534 0.012373
0 0.190106 0.165413 0.013599 0.013684
0 0.311985 0.722822 0.013188 0.012987
0 0.029797 0.303582 0.012175 0.012037
0 0.750075 0.615424 0.012931 0.012623
0 0.926633 0.644857 0.011956 0.011679
0 0.088954 0.219162 0.011554 0.011764
0 0.235425 0.751312 0.013068 0.013085
0 0.395630 0.756421 0.011625 0.011525
0 0.065385 0.453159 0.011809 0.011930
0 0.024117 0.721918 0.012117 0.012098
0 0.200482 0.973930 0.013314 0.013269
0 0.111022 0.980027 0.013492 0.013623
0 0.526221 0.346334 0.012749 0.012659
0 0.209369 0.499703 0.012719 0.012604
0 0.320899 0.473999 0.012123 0.011991
0 0.669004 0.457385 0.012420 0.012416
0 0.685338 0.364159 0.011271 0.011173
0 0.247569 0.399541 0.012025 0.012145
0 0.756574 0.933045 0.013022 0.012860
0 0.906469 0.183352 0.011177 0.010804
0 0.226683 0.649083 0.012575 0.012163
0 0.112075 0.877278 0.010810 0.010506
0 0.395804 0.928135 0.012224 0.012367
0 0.107975 0.955315 0.013457 0.013527
0 0.543341 0.973621 0.011586 0.011546
0 0.409240 0.250041 0.010574 0.010359
0 0.151517 0.674905 0.011611 0.011747
0 0.449832 0.748564 0.011911 0.012184
0 0.171499 0.560711 0.012823 0.012862
0 0.045626 0.362962 0.011672 0.011598
0 0.187911 0.489217 0.012030 0.011706
0 0.582751 0.325119 0.013498 0.013373
0 0.302823 0.203982 0.012712 0.012888
0 0.052554 0.617296 0.011944 0.012168
0 0.970177 0.723879 0.012225 0.011943
0 0.071516 0.995627 0.010867 0.008746
0 0.481364 0.566215 0.011202 0.011121
0 0.770992 0.154181 0.010957 0.010959
0 0.148252 0.996867 0.010841 0.006267
0 0.345209 0.297195 0.022016 0.021702
0 0.715089 0.135834 0.012062 0.011963
0 0.530177 0.636520 0.022252 0.022484
0 0.413589 0.102534 0.012259 0.012152
0 0.848439 0.718505 0.018494 0.018342
0 0.678874 0.012531 0.012397 0.012512
0 0.701778 0.821621 0.017579 0.016944
0 0.409539 0.702613 0.012813 0.013010
0 0.456035 0.965748 0.011953 0.011889
0 0.529333 0.211650 0.009023 0.008694
0 0.854869 0.683656 0.013045 0.013064
0 0.292541 0.988282 0.012206 0.012269
0 0.385182 0.856089 0.011066 0.010774
0 0.450828 0.214252 0.015043 0.014712
0 0.375017 0.227187 0.018976 0.019120
0 0.099498 0.734320 0.011030 0.010873
0 0.892455 0.631330 0.011468 0.011602
