0 0.335442 0.484433 0.013653 0.013329
0 0.327150 0.400647 0.012525 0.012349
0 0.749112 0.618444 0.013311 0.013223
0 0.640105 0.654806 0.011990 0.011809
0 0.242052 0.542974 0.013004 0.012982
0 0.824836 0.609946 0.012963 0.012830
0 0.851507 0.532043 0.013106 0.013200
0 0.705509 0.712729 0.012635 0.012222
0 0.157776 0.438590 0.013137 0.013206
0 0.107459 0.384551 0.012404 0.012379
0 0.222378 0.470919 0.012824 0.012675
0 0.039818 0.111602 0.013206 0.012974
0 0.962340 0.768827 0.013421 0.013445
0 0.719782 0.909784 0.013421 0.013308
0 0.500751 0.343895 0.012620 0.012515
0 0.549012 0.499634 0.012491 0.012471
0 0.107821 0.204061 0.012108 0.012069
0 0.259154 0.921753 0.013136 0.013157
0 0.210093 0.313175 0.012036 0.011908
0 0.036270 0.971804 0.013329 0.013245
0 0.841430 0.796960 0.013474 0.013285
0 0.192834 0.179892 0.013237 0.013212
0 0.613718 0.898042 0.012655 0.012690
0 0.244143 0.112032 0.013051 0.012946
0 0.725519 0.544370 0.013058 0.012694
0 0.645597 0.028428 0.012949 0.012894
0 0.524587 0.349541 0.012724 0.012532
0 0.928063 0.268432 0.011954 0.011975
0 0.238151 0.628855 0.013858 0.013852
0 0.596742 0.099879 0.013355 0.013422
0 0.565520 0.352100 0.012925 0.013013
0 0.255322 0.221650 0.013326 0.013565
0 0.772959 0.451734 0.012401 0.012415
0 0.401342 0.513237 0.011511 0.011879
0 0.045046 0.165355 0.013336 0.013580
0 0.356861 0.136600 0.012992 0.012962
0 0.331749 0.518588 0.012086 0.012008
0 0.276953 0.120187 0.013497 0.013397
0 0.466635 0.542524 0.011178 0.011159
0 0.123183 0.292881 0.012913 0.012770
0 0.540811 0.972886 0.011419 0.011253
0 0.021002 0.547947 0.011049 0.011046
0 0.016615 0.400236 0.010858 0.010643
0 0.569085 0.428186 0.012840 0.012628
0 0.363523 0.063298 0.012586 0.012403
0 0.932825 0.181928 0.012485 0.012527
0 0.289325 0.807697 0.013100 0.013089
0 0.046987 0.590539 0.011686 0.011622
0 0.672965 0.422373 0.012807 0.012840
0 0.866853 0.954417 0.011582 0.011629
0 0.577339 0.547293 0.012565 0.013009
0 0.511412 0.753259 0.013866 0.013686
0 0.521151 0.129158 0.011311 0.011285
0 0.880003 0.279517 0.012564 0.012830
0 0.458053 0.960585 0.012052 0.012041
0 0.268053 0.208421 0.012630 0.012796
0 0.414517 0.067520 0.011892 0.011896
0 0.493956 0.283982 0.012306 0.012418
0 0.467463 0.615248 0.012244 0.012074
0 0.222719 0.204249 0.012454 0.012413
0 0.737799 0.881512 0.011420 0.011346
0 0.349634 0.784888 0.012789 0.012552
0 0.660498 0.740394 0.011337 0.011362
0 0.184847 0.891393 0.012690 0.012802
0 0.554595 0.604248 0.011720 0.011316
0 0.109369 0.980744 0.013564 0.013734
0 0.442296 0.143256 0.012605 0.012768
0 0.594825 0.976640 0.011861 0.011953
0 0.651072 0.465253 0.010937 0.011102
0 0.800915 0.053099 0.013236 0.013454
0 0.849050 0.711547 0.021967 0.021802
0 0.171015 0.172574 0.013005 0.013037
0 0.554400 0.102541 0.012770 0.012853
0 0.540583 0.873228 0.011986 0.011925
0 0.755646 0.662466 0.013681 0.013597
0 0.483513 0.614885 0.011973 0.012125
0 0.011441 0.035134 0.011913 0.011677
0 0.886762 0.219270 0.013274 0.013191
0 0.164293 0.563174 0.012314 0.012371
0 0.387986 0.610884 0.011429 0.011389
0 0.155616 0.809838 0.012238 0.012222
0 0.997363 0.538631 0.005254 0.011435
0 0.738928 0.882593 0.012079 0.011887
0 0.224947 0.651774 0.012152 0.011999
0 0.509836 0.967980 0.010914 0.010909
0 0.220128 0.771216 0.012375 0.012228
0 0.998339 0.269024 0.003265 0.013561
0 0.218952 0.219526 0.011182 0.011299
0 0.851061 0.818451 0.012979 0.012958
0 0.395726 0.946277 0.010794 0.010713
0 0.532018 0.630099 0.024212 0.024290
0 0.344971 0.290385 0.024313 0.024110
0 0.019783 0.688272 0.011448 0.011592
0 0.553948 0.151504 0.012525 0.011788
0 0.400768 0.868359 0.011359 0.011086
0 0.841311 0.354935 0.012522 0.012564
0 0.975825 0.410556 0.011994 0.011870
