0 0.761518 0.534966 0.014144 0.013919
0 0.799804 0.415588 0.012839 0.012629
0 0.748954 0.618816 0.013390 0.013223
0 0.778185 0.297715 0.012422 0.012472
0 0.511478 0.051399 0.013235 0.013204
0 0.611636 0.608841 0.011810 0.011475
0 0.290397 0.810491 0.013063 0.013094
0 0.138147 0.425286 0.013754 0.013756
0 0.928066 0.616000 0.013552 0.013287
0 0.485804 0.614789 0.012865 0.012799
0 0.809864 0.486288 0.012100 0.012247
0 0.962660 0.473291 0.012909 0.012877
0 0.132897 0.743702 0.013287 0.013196
0 0.846058 0.566937 0.012729 0.012470
0 0.493929 0.243575 0.012111 0.012074
0 0.525236 0.224135 0.011941 0.011649
0 0.525108 0.349157 0.012901 0.012694
0 0.378046 0.465639 0.012525 0.012481
0 0.059030 0.362153 0.013380 0.013483
0 0.093929 0.293452 0.012970 0.012764
0 0.235592 0.759371 0.012902 0.012591
0 0.166238 0.564790 0.012956 0.013109
0 0.822730 0.794670 0.013187 0.013005
0 0.525928 0.384978 0.013457 0.013281
0 0.839705 0.234886 0.011636 0.011619
0 0.008204 0.732704 0.013428 0.013186
0 0.144292 0.207184 0.013034 0.012810
0 0.298067 0.664679 0.011475 0.011372
0 0.185506 0.891726 0.012739 0.012682
0 0.251630 0.111037 0.012559 0.012581
0 0.674196 0.295501 0.012633 0.012609
0 0.151349 0.941112 0.013641 0.013744
0 0.275562 0.974747 0.012129 0.012119
0 0.980742 0.820377 0.014086 0.014190
0 0.776615 0.333879 0.012569 0.012500
0 0.237143 0.206992 0.011765 0.011770
0 0.444930 0.548304 0.014195 0.014292
0 0.735819 0.039738 0.012964 0.013501
0 0.396723 0.211901 0.011880 0.011584
0 0.603806 0.848834 0.012323 0.012233
0 0.349556 0.150571 0.011482 0.011198
0 0.149725 0.341239 0.012030 0.011766
0 0.097138 0.385701 0.012650 0.012647
0 0.109147 0.981040 0.013251 0.013223
0 0.029048 0.974268 0.013531 0.013564
0 0.408892 0.736473 0.012657 0.012776
0 0.969367 0.195909 0.011566 0.011573
0 0.767794 0.392325 0.013113 0.013107
0 0.548755 0.039816 0.012892 0.012579
0 0.405328 0.353222 0.013782 0.013746
0 0.202482 0.415011 0.012258 0.012323
0 0.274986 0.938907 0.012940 0.012977
0 0.209696 0.526805 0.010555 0.010429
0 0.369085 0.010209 0.012749 0.012706
0 0.317259 0.529735 0.013052 0.013286
0 0.631285 0.112760 0.012362 0.012499
0 0.255172 0.567733 0.012625 0.012688
0 0.033250 0.520209 0.012456 0.012365
0 0.635940 0.275539 0.012112 0.012334
0 0.364666 0.271731 0.013736 0.013615
0 0.857417 0.508912 0.013324 0.013221
0 0.717573 0.728179 0.012287 0.012086
0 0.215802 0.019918 0.012516 0.012424
0 0.056808 0.443738 0.012153 0.012397
0 0.252370 0.219688 0.013745 0.013825
0 0.330861 0.324758 0.013095 0.013385
0 0.441589 0.059935 0.012567 0.012520
0 0.259911 0.178456 0.012417 0.012348
0 0.955543 0.310671 0.012031 0.011691
0 0.353293 0.659502 0.012421 0.012282
0 0.573775 0.100457 0.014062 0.014024
0 0.182317 0.490374 0.011329 0.011322
0 0.602205 0.066206 0.012852 0.012887
0 0.442611 0.227561 0.013197 0.013417
0 0.559760 0.258131 0.012397 0.012282
0 0.456504 0.808604 0.012046 0.012024
0 0.185617 0.707588 0.011930 0.011803
0 0.811652 0.094185 0.012114 0.011912
0 0.494049 0.543825 0.013224 0.013148
0 0.694540 0.193596 0.012740 0.012366
0 0.557176 0.937119 0.011883 0.011959
0 0.115156 0.648300 0.011528 0.011730
0 0.159940 0.678377 0.011008 0.010933
0 0.995750 0.693935 0.008492 0.013539
0 0.839221 0.218905 0.012893 0.013435
0 0.042507 0.672023 0.011544 0.011536
0 0.650938 0.778087 0.011371 0.011163
0 0.129033 0.104205 0.012816 0.012751
0 0.429703 0.657343 0.011227 0.011065
0 0.528369 0.634751 0.017433 0.017211
0 0.202042 0.954114 0.012240 0.012217
0 0.987072 0.737255 0.012549 0.012526
0 0.891177 0.081917 0.013211 0.013353
0 0.577583 0.729046 0.012677 0.012756
0 0.749252 0.053730 0.013100 0.013202
0 0.459132 0.960833 0.011906 0.012137
0 0.503416 0.984307 0.012601 0.012644
0 0.222982 0.469905 0.012329 0.012446
0 0.849166 0.710933 0.023038 0.022866
0 0.331283 0.518457 0.011888 0.011733
0 0.225223 0.650689 0.012297 0.011877
0 0.540990 0.974902 0.011177 0.010939
0 0.891442 0.603762 0.011441 0.011480
0 0.266149 0.234602 0.015090 0.014810
0 0.815770 0.002918 0.014297 0.005793
0 0.058919 0.087467 0.013249 0.013148
0 0.941262 0.629225 0.011754 0.011648
0 0.789086 0.017138 0.010388 0.010420
0 0.822546 0.184963 0.012001 0.012103
0 0.191924 0.475696 0.012122 0.012377
0 0.928941 0.556720 0.013081 0.013204
0 0.925764 0.756232 0.011045 0.011381
0 0.958929 0.515185 0.012362 0.012690
0 0.819115 0.614942 0.011969 0.012701
0 0.543472 0.425604 0.010633 0.010811
0 0.415707 0.590478 0.012414 0.012695
0 0.818796 0.611801 0.011571 0.011030
0 0.356817 0.780951 0.011753 0.011525
0 0.776217 0.005204 0.013836 0.010407
0 0.611658 0.050705 0.012066 0.011864
