0 0.720616 0.922936 0.013822 0.013906
0 0.748930 0.615843 0.012968 0.012742
0 0.145766 0.046714 0.012513 0.012519
0 0.311301 0.770178 0.013676 0.013373
0 0.954252 0.602300 0.011944 0.011617
0 0.186771 0.888960 0.012641 0.012540
0 0.142620 0.162454 0.011301 0.011366
0 0.265752 0.142725 0.012275 0.012133
0 0.194386 0.922413 0.011699 0.011627
0 0.221854 0.161039 0.013839 0.013962
0 0.246186 0.150797 0.011764 0.011657
0 0.524922 0.346999 0.012893 0.012580
0 0.145369 0.745867 0.013091 0.012910
0 0.263563 0.554186 0.011847 0.011819
0 0.294724 0.814045 0.011436 0.011195
0 0.109458 0.897515 0.011678 0.011553
0 0.409185 0.098204 0.011579 0.011628
0 0.212077 0.787910 0.012740 0.012812
0 0.713214 0.847263 0.013156 0.012971
0 0.164111 0.016671 0.013264 0.013218
0 0.056416 0.833812 0.013617 0.013609
0 0.553930 0.488679 0.012234 0.012287
0 0.925014 0.270654 0.011412 0.011167
0 0.186247 0.754612 0.012303 0.012183
0 0.085843 0.211763 0.012066 0.011929
0 0.618443 0.735271 0.013499 0.013722
0 0.459746 0.958208 0.012130 0.012325
0 0.109870 0.979877 0.013604 0.013668
0 0.333069 0.517075 0.011611 0.011474
0 0.065768 0.911027 0.014193 0.013959
0 0.021442 0.327415 0.011980 0.012195
0 0.225269 0.650353 0.012428 0.012113
0 0.145107 0.542390 0.010992 0.010837
0 0.024524 0.557169 0.013465 0.013421
0 0.239091 0.864509 0.011265 0.011300
0 0.243254 0.398129 0.012320 0.012150
0 0.222462 0.467362 0.012223 0.012295
0 0.409363 0.887408 0.011987 0.012169
0 0.438681 0.178003 0.012338 0.012341
0 0.393071 0.994788 0.012664 0.010424
0 0.754607 0.371849 0.012875 0.012439
0 0.417740 0.504940 0.010479 0.010476
0 0.620723 0.324599 0.012240 0.012029
0 0.548269 0.230708 0.012812 0.012448
0 0.951446 0.421711 0.012246 0.012249
0 0.530015 0.073207 0.013231 0.013064
0 0.162064 0.570718 0.011460 0.011628
0 0.491351 0.797196 0.011685 0.011585
0 0.006505 0.548178 0.012226 0.012204
0 0.530723 0.636194 0.021981 0.022467
0 0.840402 0.276214 0.010815 0.010935
0 0.203863 0.034985 0.010846 0.011047
0 0.501135 0.899841 0.011452 0.011313
0 0.242913 0.485047 0.011453 0.011447
0 0.084583 0.997165 0.013910 0.005652
0 0.010907 0.797941 0.010570 0.010593
0 0.265442 0.228523 0.011543 0.011573
0 0.343873 0.296937 0.021970 0.021719
0 0.671637 0.011733 0.012774 0.012836
0 0.645933 0.155357 0.009861 0.009865
0 0.492524 0.541382 0.010542 0.010957
0 0.847678 0.717249 0.020489 0.019946
0 0.996711 0.835438 0.006517 0.012434
0 0.313016 0.568759 0.010303 0.010114
0 0.584674 0.520793 0.012453 0.012397
0 0.489916 0.260559 0.012389 0.011982
0 0.373747 0.710746 0.010169 0.010021
0 0.719094 0.717882 0.009842 0.010034
0 0.255182 0.938744 0.011360 0.011326
0 0.715135 0.590110 0.009914 0.009819
0 0.484709 0.236306 0.010023 0.010039
0 0.701668 0.820942 0.018853 0.018135
