0 0.459736 0.133616 0.013420 0.013328
0 0.045112 0.098644 0.013316 0.013132
0 0.448940 0.911881 0.013555 0.013369
0 0.278716 0.435904 0.012069 0.012057
0 0.708020 0.230700 0.012554 0.012355
0 0.945568 0.660022 0.012480 0.012423
0 0.203541 0.505782 0.013291 0.013150
0 0.620321 0.499087 0.013105 0.013231
0 0.256181 0.664397 0.013896 0.013778
0 0.483750 0.337267 0.012731 0.012717
0 0.549621 0.084126 0.012656 0.012604
0 0.038436 0.278312 0.013776 0.013651
0 0.969275 0.587602 0.012608 0.012203
0 0.130180 0.628139 0.013650 0.013266
0 0.183975 0.021843 0.013587 0.013386
0 0.371084 0.529810 0.012904 0.012758
0 0.333058 0.375404 0.013688 0.013541
0 0.215572 0.208141 0.013867 0.014012
0 0.471125 0.174211 0.013473 0.013405
0 0.797597 0.520777 0.011603 0.011638
0 0.662415 0.598126 0.013049 0.012975
0 0.753770 0.721607 0.012741 0.012667
0 0.932683 0.458714 0.013066 0.013159
0 0.376701 0.112707 0.012705 0.013051
0 0.284579 0.247908 0.013016 0.012991
0 0.952115 0.249638 0.012130 0.012146
0 0.581999 0.174705 0.013266 0.013308
0 0.197068 0.630791 0.012259 0.012039
0 0.449206 0.688523 0.013523 0.013470
0 0.765887 0.534076 0.013225 0.013174
0 0.680770 0.432704 0.013119 0.012871
0 0.367681 0.917246 0.012281 0.012282
0 0.170536 0.208805 0.013185 0.013264
0 0.743414 0.518286 0.012591 0.012907
0 0.349898 0.828721 0.012357 0.012049
0 0.114499 0.533865 0.012417 0.012401
0 0.142164 0.505206 0.013227 0.013311
0 0.079552 0.352869 0.014073 0.013791
0 0.599317 0.615317 0.014964 0.015010
0 0.477753 0.836389 0.014157 0.014181
0 0.740477 0.544254 0.014168 0.014341
0 0.208633 0.856865 0.012595 0.012454
0 0.951813 0.838121 0.013987 0.014096
0 0.735585 0.619474 0.014143 0.014209
0 0.531046 0.801835 0.012347 0.012234
0 0.561024 0.463178 0.012479 0.012425
0 0.794823 0.191048 0.013284 0.012898
0 0.388198 0.462328 0.013667 0.013737
0 0.290512 0.608807 0.012900 0.012927
0 0.299572 0.776413 0.013205 0.013023
0 0.106695 0.743387 0.013106 0.013705
0 0.305506 0.303043 0.013747 0.013564
0 0.527825 0.342289 0.014252 0.014212
0 0.201700 0.824796 0.012814 0.012690
0 0.919958 0.382426 0.014779 0.014355
0 0.594267 0.804895 0.012947 0.012964
0 0.898414 0.380546 0.013739 0.013794
0 0.656482 0.418786 0.013769 0.013875
0 0.382425 0.766801 0.012806 0.012760
0 0.133002 0.420446 0.012946 0.012715
0 0.608615 0.272797 0.012819 0.012628
0 0.733804 0.730559 0.013874 0.013692
0 0.095351 0.934489 0.012256 0.012379
0 0.008219 0.879834 0.014464 0.014434
0 0.597342 0.219193 0.011699 0.011816
0 0.133050 0.453964 0.014121 0.014212
0 0.336143 0.942302 0.014136 0.014173
0 0.626395 0.458331 0.012664 0.012496
0 0.305059 0.882777 0.012252 0.012496
0 0.323685 0.683302 0.011861 0.011701
0 0.608885 0.424127 0.012924 0.012909
0 0.472379 0.428656 0.012593 0.012541
0 0.831848 0.253452 0.013219 0.012974
0 0.739455 0.964238 0.013883 0.014019
0 0.668623 0.228701 0.013956 0.013841
0 0.479001 0.948459 0.013781 0.013431
0 0.889645 0.578163 0.013386 0.013171
0 0.066211 0.964277 0.013760 0.013566
0 0.102201 0.826585 0.011883 0.012103
0 0.681998 0.892497 0.012577 0.012524
0 0.293663 0.845944 0.013700 0.013847
0 0.122743 0.735100 0.013437 0.013222
0 0.601459 0.190394 0.010715 0.010317
0 0.619100 0.708411 0.012070 0.012434
0 0.088804 0.911828 0.012763 0.012676
0 0.676257 0.401596 0.011212 0.011636
0 0.021420 0.012125 0.013944 0.013929
0 0.531710 0.359440 0.012964 0.012798
0 0.900998 0.532568 0.013702 0.013790
0 0.901229 0.982906 0.013910 0.014087
0 0.409256 0.307018 0.013286 0.013014
0 0.532831 0.636255 0.022842 0.022694
0 0.772688 0.421519 0.012546 0.012648
0 0.983593 0.510607 0.015331 0.014266
0 0.984098 0.656498 0.012832 0.012863
0 0.550054 0.369219 0.012164 0.012058
0 0.953141 0.580471 0.012466 0.012474
0 0.994759 0.428054 0.010483 0.012525
0 0.346995 0.294625 0.023272 0.023138
0 0.574563 0.508563 0.011618 0.011535
0 0.608626 0.714918 0.013291 0.013545
0 0.645034 0.864086 0.014202 0.013887
0 0.375648 0.736746 0.014169 0.013642
0 0.893351 0.051421 0.012549 0.012691
0 0.699376 0.141027 0.012759 0.012543
0 0.426279 0.305608 0.011780 0.011571
0 0.805808 0.359316 0.011016 0.011867
0 0.002963 0.641907 0.005913 0.013000
0 0.907218 0.023133 0.014252 0.014266
0 0.883083 0.125021 0.009445 0.009380
0 0.973577 0.027048 0.008664 0.008635
0 0.786172 0.487384 0.014649 0.014550
0 0.868848 0.117010 0.011306 0.010984
0 0.018754 0.284397 0.012715 0.012975
0 0.811373 0.634827 0.012276 0.012186
0 0.067884 0.571673 0.022263 0.022292
0 0.081497 0.828270 0.014487 0.014269
0 0.801578 0.537456 0.013138 0.012839
0 0.941694 0.935958 0.011750 0.011725
0 0.775103 0.464888 0.010665 0.011187
0 0.848965 0.537862 0.013361 0.013356
0 0.529875 0.538572 0.013667 0.013801
0 0.821732 0.639406 0.009822 0.010379
0 0.852405 0.965762 0.011903 0.011960
0 0.020083 0.766037 0.011710 0.011528
0 0.523722 0.524676 0.013156 0.012983
0 0.998309 0.217766 0.003323 0.013165
0 0.254289 0.190266 0.010638 0.010711
0 0.839449 0.696932 0.012985 0.012960
0 0.072029 0.841306 0.012754 0.013016
0 0.812848 0.636197 0.013257 0.011573
0 0.868902 0.565680 0.012318 0.012328
