0 0.240617 0.256043 0.011612 0.011529
0 0.459755 0.340526 0.012786 0.012797
0 0.925762 0.635030 0.012649 0.012616
0 0.086982 0.499441 0.011952 0.012020
0 0.416029 0.628476 0.012156 0.012101
0 0.279075 0.436322 0.012525 0.012473
0 0.821789 0.051305 0.012841 0.012781
0 0.198996 0.567011 0.013615 0.013321
0 0.531539 0.453422 0.013314 0.013480
0 0.410347 0.402599 0.012839 0.012715
0 0.274454 0.289313 0.013557 0.013707
0 0.132512 0.440119 0.013710 0.013771
0 0.545077 0.434027 0.013071 0.013150
0 0.193415 0.246556 0.013211 0.013193
0 0.487695 0.683561 0.014423 0.014429
0 0.598607 0.287014 0.013002 0.013172
0 0.503852 0.365536 0.014229 0.014271
0 0.154800 0.075290 0.013090 0.013120
0 0.954476 0.737793 0.012404 0.012302
0 0.061413 0.146727 0.013002 0.013049
0 0.098702 0.928680 0.012439 0.013037
0 0.424271 0.244712 0.012855 0.012685
0 0.163953 0.900285 0.012914 0.012866
0 0.900906 0.533465 0.013568 0.013547
0 0.179511 0.743601 0.012825 0.012756
0 0.967996 0.589535 0.012178 0.011793
0 0.735517 0.721018 0.012544 0.012441
0 0.638185 0.918385 0.012849 0.012944
0 0.364415 0.543086 0.013107 0.013055
0 0.651916 0.645122 0.012396 0.012128
0 0.271845 0.376303 0.012938 0.013048
0 0.135073 0.634034 0.013196 0.013063
0 0.557606 0.147910 0.011127 0.010996
0 0.560889 0.037775 0.013698 0.013660
0 0.701857 0.740009 0.012212 0.012139
0 0.202524 0.626192 0.012242 0.012208
0 0.110297 0.499982 0.012966 0.012920
0 0.664756 0.763402 0.012909 0.012852
0 0.765872 0.532294 0.013427 0.013436
0 0.735489 0.619508 0.014201 0.014273
0 0.006642 0.879466 0.012573 0.013468
0 0.277999 0.581606 0.013603 0.013581
0 0.470325 0.440398 0.012661 0.012655
0 0.074922 0.821419 0.012140 0.011823
0 0.183373 0.820120 0.012605 0.012284
0 0.594929 0.528720 0.012786 0.012725
0 0.514655 0.303291 0.014304 0.014263
0 0.339582 0.227684 0.013070 0.013167
0 0.648813 0.377805 0.014407 0.014131
0 0.073857 0.737985 0.012607 0.012868
0 0.049932 0.377439 0.014540 0.014546
0 0.401858 0.275325 0.012341 0.012373
0 0.287533 0.823093 0.012876 0.012671
0 0.399439 0.910980 0.013537 0.013488
0 0.903594 0.349753 0.013260 0.013530
0 0.533340 0.527689 0.013905 0.013730
0 0.266086 0.827398 0.012939 0.012868
0 0.350018 0.774478 0.011557 0.011692
0 0.884430 0.250272 0.013606 0.013715
0 0.883687 0.269982 0.013461 0.013293
0 0.013255 0.077166 0.013785 0.013807
0 0.445393 0.054650 0.012187 0.012033
0 0.763488 0.912581 0.011082 0.011132
0 0.089307 0.907102 0.012394 0.012299
0 0.700844 0.365212 0.013169 0.013167
0 0.610249 0.635447 0.013177 0.013037
0 0.532411 0.674431 0.012963 0.013031
0 0.320840 0.979910 0.013984 0.014070
0 0.384109 0.459974 0.014871 0.014700
0 0.736803 0.977984 0.011680 0.011903
0 0.831935 0.021042 0.011628 0.011804
0 0.764338 0.261298 0.013253 0.013125
0 0.417681 0.305352 0.013667 0.014168
0 0.387680 0.028995 0.013186 0.013205
0 0.794160 0.159532 0.012712 0.012839
0 0.255877 0.784666 0.012696 0.012789
0 0.880130 0.384191 0.013262 0.013236
0 0.793750 0.577733 0.012851 0.012944
0 0.703826 0.506345 0.012544 0.012616
0 0.108312 0.867694 0.009896 0.009692
0 0.853850 0.113446 0.012297 0.012223
0 0.598912 0.874657 0.012406 0.012518
0 0.514136 0.965534 0.013282 0.013320
0 0.983496 0.764472 0.012171 0.011866
0 0.989898 0.325275 0.012595 0.012786
0 0.904795 0.984160 0.013624 0.013647
0 0.663908 0.297628 0.013822 0.013786
0 0.347722 0.295145 0.024569 0.024700
0 0.699487 0.709719 0.012351 0.012281
0 0.948869 0.861939 0.013397 0.013388
0 0.984271 0.510822 0.015499 0.014755
0 0.347548 0.922066 0.012835 0.012846
0 0.963785 0.451868 0.011949 0.011789
0 0.804351 0.436079 0.011702 0.011552
0 0.688327 0.486878 0.013357 0.013235
0 0.888974 0.578417 0.013147 0.012934
0 0.795171 0.728281 0.012698 0.013498
0 0.801798 0.535980 0.012643 0.012373
0 0.869457 0.118811 0.009295 0.009493
0 0.950986 0.301918 0.012357 0.012152
0 0.755330 0.633171 0.012461 0.012492
0 0.780078 0.418701 0.012426 0.012437
0 0.533410 0.635210 0.023298 0.023479
0 0.945903 0.941641 0.011597 0.011554
0 0.270804 0.984685 0.012026 0.011853
0 0.976791 0.556135 0.011392 0.011454
0 0.995110 0.876872 0.009780 0.012883
0 0.871651 0.072745 0.011049 0.011186
0 0.068167 0.571461 0.022601 0.022648
0 0.662001 0.482290 0.012835 0.012792
0 0.523198 0.245663 0.010807 0.010569
0 0.553699 0.169862 0.012407 0.012373
0 0.788996 0.431636 0.012579 0.012764
0 0.362695 0.772577 0.011574 0.012039
0 0.473024 0.935988 0.012926 0.012912
0 0.849690 0.535491 0.013074 0.012730
0 0.787936 0.484715 0.013517 0.013549
0 0.964226 0.439571 0.013146 0.013340
0 0.181492 0.258008 0.009611 0.009584
0 0.945864 0.027842 0.011651 0.010794
0 0.998209 0.216958 0.003517 0.013052
0 0.470391 0.395454 0.010284 0.010133
0 0.892930 0.997843 0.009704 0.004313
0 0.306951 0.825963 0.012305 0.011889
0 0.870806 0.074163 0.011269 0.011175
0 0.778562 0.463730 0.011398 0.012005
0 0.868286 0.564651 0.012405 0.012148
0 0.849831 0.715712 0.023395 0.023385
0 0.618507 0.490239 0.010471 0.010526
0 0.842035 0.549471 0.011196 0.011291
