0 0.726685 0.573975 0.013517 0.013457
0 0.058932 0.464640 0.012285 0.012205
0 0.421762 0.329647 0.013031 0.012861
0 0.583759 0.336168 0.012244 0.012113
0 0.591715 0.547307 0.013628 0.013399
0 0.502995 0.438937 0.012211 0.012043
0 0.346296 0.189664 0.013775 0.013623
0 0.817367 0.474895 0.013554 0.013574
0 0.920022 0.263564 0.012940 0.012793
0 0.473555 0.264739 0.013293 0.013173
0 0.657447 0.937626 0.011714 0.011673
0 0.040637 0.396459 0.012663 0.012786
0 0.388672 0.309393 0.013403 0.013207
0 0.681598 0.308044 0.013683 0.013335
0 0.555350 0.368478 0.013559 0.013506
0 0.567353 0.284584 0.013415 0.013170
0 0.212686 0.217419 0.013115 0.013072
0 0.708209 0.221929 0.013763 0.013528
0 0.973755 0.393516 0.013471 0.013402
0 0.585560 0.507598 0.011801 0.011722
0 0.094292 0.801619 0.013550 0.013330
0 0.984217 0.545012 0.012689 0.012628
0 0.779508 0.125945 0.013980 0.014001
0 0.110555 0.980833 0.013029 0.013134
0 0.021979 0.473407 0.011478 0.011494
0 0.332987 0.572524 0.012688 0.012554
0 0.222355 0.469940 0.013072 0.012933
0 0.600313 0.712424 0.013639 0.013693
0 0.025652 0.427986 0.010601 0.010597
0 0.335458 0.258448 0.012758 0.013247
0 0.457625 0.484082 0.011643 0.011440
0 0.523832 0.349743 0.013084 0.012883
0 0.387966 0.106971 0.012643 0.012760
0 0.582087 0.481353 0.012897 0.012803
0 0.537136 0.308856 0.013711 0.013458
0 0.873458 0.251124 0.013797 0.013784
0 0.748593 0.618770 0.013513 0.013421
0 0.486969 0.045021 0.013609 0.013436
0 0.534155 0.558383 0.011999 0.011901
0 0.750595 0.851882 0.013551 0.013559
0 0.391380 0.367705 0.012453 0.012491
0 0.427638 0.499320 0.013792 0.013610
0 0.770799 0.701539 0.014628 0.014405
0 0.217003 0.947859 0.013346 0.013276
0 0.596590 0.063268 0.013585 0.013540
0 0.412371 0.015590 0.013645 0.013311
0 0.275989 0.232078 0.012950 0.013619
0 0.330334 0.519454 0.012888 0.012586
0 0.460105 0.961537 0.013375 0.013154
0 0.139498 0.490680 0.012826 0.012775
0 0.563802 0.421676 0.011443 0.011560
0 0.591212 0.011930 0.012698 0.012635
0 0.584758 0.895474 0.012776 0.012764
0 0.383129 0.046600 0.013843 0.013723
0 0.441509 0.059658 0.012716 0.012434
0 0.968372 0.069710 0.012371 0.012259
0 0.152477 0.226522 0.012509 0.012454
0 0.949875 0.115575 0.013658 0.013536
0 0.543758 0.975511 0.013604 0.013394
0 0.370648 0.296100 0.011804 0.011580
0 0.534668 0.605585 0.012585 0.012479
0 0.077760 0.488918 0.012262 0.011872
0 0.830664 0.006362 0.012683 0.012164
0 0.635372 0.818855 0.011771 0.011707
0 0.067837 0.546026 0.011625 0.011611
0 0.973458 0.127078 0.011983 0.011905
0 0.930320 0.624405 0.013091 0.012735
0 0.755383 0.680922 0.013413 0.013535
0 0.797063 0.354934 0.012407 0.012572
0 0.443017 0.075807 0.012124 0.012744
0 0.284196 0.677619 0.012399 0.012574
0 0.481609 0.323902 0.015349 0.015341
0 0.815516 0.833743 0.012892 0.012635
0 0.186059 0.891832 0.013027 0.013026
0 0.437273 0.590571 0.010107 0.010431
0 0.849127 0.711002 0.023035 0.022837
0 0.073399 0.354755 0.013838 0.013664
0 0.995301 0.396444 0.009348 0.011844
0 0.367342 0.690325 0.012484 0.012360
0 0.399457 0.570546 0.011303 0.011066
0 0.904342 0.793758 0.014177 0.013960
0 0.260331 0.779215 0.011770 0.011737
0 0.587256 0.111882 0.011574 0.011496
0 0.242706 0.358194 0.012646 0.012571
0 0.009457 0.779716 0.012994 0.013029
0 0.805281 0.004423 0.013381 0.008791
0 0.253788 0.092363 0.014008 0.014450
0 0.495835 0.543216 0.014693 0.014755
0 0.995391 0.990480 0.009219 0.013316
0 0.226518 0.653208 0.012983 0.012735
0 0.897696 0.286407 0.011246 0.011006
0 0.005215 0.977236 0.010296 0.012144
0 0.740796 0.723123 0.012937 0.012679
0 0.468173 0.462647 0.012904 0.013088
0 0.344884 0.125361 0.012908 0.012396
0 0.261333 0.165921 0.010064 0.010086
0 0.888068 0.891661 0.012799 0.012885
0 0.133316 0.597280 0.011807 0.011806
0 0.082446 0.030220 0.013847 0.014083
0 0.548997 0.877628 0.012789 0.012817
0 0.611261 0.654786 0.016930 0.016998
0 0.334578 0.799196 0.011887 0.011946
0 0.764783 0.027352 0.013126 0.013046
0 0.260655 0.164658 0.009715 0.010987
0 0.342799 0.125700 0.012811 0.012645
0 0.314461 0.185088 0.012335 0.012248
0 0.421673 0.555342 0.013522 0.013027
0 0.146360 0.304168 0.012018 0.011808
0 0.975049 0.167975 0.013239 0.013181
0 0.254122 0.161242 0.012806 0.012396
0 0.098939 0.763451 0.011122 0.011444
0 0.496135 0.994322 0.010321 0.010316
0 0.083719 0.206077 0.014310 0.014635
0 0.806768 0.218349 0.012879 0.012691
0 0.257050 0.163616 0.011799 0.011204
