0 0.206448 0.765746 0.015133 0.015149
0 0.782499 0.851837 0.014533 0.014665
0 0.192193 0.356996 0.014459 0.014399
0 0.481423 0.626891 0.013734 0.013651
0 0.494499 0.408385 0.014129 0.014045
0 0.856509 0.490291 0.015416 0.015425
0 0.816583 0.805869 0.013215 0.013359
0 0.608713 0.583653 0.013920 0.013951
0 0.072054 0.816288 0.013795 0.013693
0 0.058926 0.048423 0.014971 0.014945
0 0.728014 0.398227 0.015115 0.014724
0 0.772982 0.669438 0.014054 0.014072
0 0.087638 0.085921 0.016146 0.016299
0 0.428865 0.299521 0.013138 0.012980
0 0.273512 0.495446 0.013447 0.013352
0 0.622066 0.953475 0.013970 0.013937
0 0.543522 0.407848 0.013478 0.013601
0 0.243285 0.558219 0.016042 0.016057
0 0.687668 0.850625 0.014481 0.014692
0 0.358696 0.689790 0.013783 0.013814
0 0.175977 0.446608 0.014220 0.014298
0 0.543237 0.545377 0.014663 0.014960
0 0.335127 0.352226 0.014552 0.014555
0 0.928675 0.673160 0.013717 0.013455
0 0.877201 0.390159 0.013372 0.013191
0 0.235798 0.296903 0.015511 0.015422
0 0.353939 0.633075 0.014788 0.014525
0 0.867282 0.153209 0.013050 0.012755
0 0.872351 0.208634 0.014016 0.014171
0 0.944159 0.904392 0.013733 0.013705
0 0.709355 0.459142 0.014048 0.014126
0 0.248514 0.790434 0.013837 0.013714
0 0.207355 0.728336 0.013960 0.013835
0 0.604540 0.463612 0.015683 0.015687
0 0.959005 0.884332 0.015445 0.015259
0 0.492747 0.774632 0.018795 0.018912
0 0.675879 0.533520 0.015145 0.015000
0 0.772995 0.950215 0.014954 0.014707
0 0.781291 0.372623 0.014457 0.014373
0 0.475043 0.684669 0.013624 0.013692
0 0.907078 0.981205 0.017039 0.017169
0 0.991299 0.624450 0.016086 0.015755
0 0.320508 0.771095 0.013950 0.014070
0 0.793019 0.557521 0.016152 0.015823
0 0.558904 0.916977 0.015613 0.015309
0 0.326212 0.435273 0.013639 0.013593
0 0.214829 0.164708 0.013585 0.013537
0 0.050190 0.444926 0.014183 0.014143
0 0.110007 0.843023 0.014301 0.014331
0 0.648568 0.515870 0.014640 0.014337
0 0.143483 0.155296 0.015446 0.015541
0 0.050683 0.194264 0.013754 0.013825
0 0.092331 0.906876 0.014272 0.014257
0 0.084442 0.436961 0.014457 0.014298
0 0.624605 0.171067 0.014326 0.014470
0 0.307890 0.808504 0.014502 0.014331
0 0.323880 0.161863 0.015371 0.015455
0 0.277329 0.222900 0.014249 0.014093
0 0.780651 0.454397 0.014236 0.014372
0 0.391490 0.306728 0.016333 0.016210
0 0.231379 0.506274 0.014232 0.014451
0 0.884648 0.344686 0.013082 0.013000
0 0.848843 0.719642 0.022766 0.022830
0 0.819681 0.954151 0.014970 0.014920
0 0.214559 0.617281 0.013346 0.013312
0 0.392580 0.166112 0.014378 0.014484
0 0.937574 0.966864 0.013520 0.013582
0 0.467383 0.892563 0.017184 0.017111
0 0.485033 0.184715 0.014091 0.014201
0 0.630425 0.227187 0.014018 0.013901
0 0.359452 0.890126 0.014581 0.014602
0 0.082351 0.010078 0.016043 0.016469
0 0.759688 0.544963 0.014562 0.014391
0 0.287354 0.557358 0.015006 0.015281
0 0.281367 0.428113 0.014725 0.014423
0 0.807191 0.140778 0.014602 0.014578
0 0.466347 0.030776 0.013956 0.013835
0 0.688093 0.682747 0.014884 0.015019
0 0.358274 0.605070 0.014093 0.013944
0 0.022035 0.140557 0.012850 0.012593
0 0.717725 0.258004 0.014182 0.014275
0 0.215754 0.514302 0.015298 0.015101
0 0.557379 0.119301 0.014760 0.014580
0 0.960871 0.682286 0.015223 0.015416
0 0.992001 0.156375 0.014626 0.014845
0 0.082783 0.580264 0.013387 0.013627
0 0.013416 0.910981 0.014053 0.013815
0 0.580439 0.198903 0.014065 0.014207
0 0.758825 0.496347 0.012652 0.012743
0 0.063381 0.756027 0.015071 0.015209
0 0.990348 0.089035 0.014296 0.013926
0 0.738278 0.617859 0.015565 0.015329
0 0.142610 0.058283 0.015103 0.015354
0 0.099113 0.447452 0.015101 0.015062
0 0.787182 0.742199 0.014744 0.014834
0 0.934565 0.654542 0.017849 0.017595
0 0.611149 0.056085 0.014781 0.014546
0 0.401095 0.292815 0.015260 0.015433
0 0.176208 0.060412 0.016692 0.016863
0 0.860201 0.302431 0.016055 0.016610
0 0.837591 0.575501 0.016913 0.016939
0 0.986274 0.506447 0.017075 0.016547
0 0.894770 0.590576 0.015984 0.015730
0 0.759785 0.059068 0.014189 0.014069
0 0.669921 0.260937 0.014009 0.013819
0 0.327907 0.280485 0.014042 0.013920
0 0.342211 0.095123 0.015347 0.015446
0 0.071656 0.090611 0.014662 0.014557
0 0.823591 0.683923 0.013486 0.013699
0 0.687114 0.084213 0.014241 0.014641
0 0.841049 0.145830 0.015488 0.015554
0 0.862892 0.618537 0.015140 0.015012
0 0.920362 0.145737 0.019897 0.019502
0 0.532739 0.636727 0.020219 0.019457
0 0.546477 0.231954 0.013733 0.013347
0 0.442091 0.738466 0.015927 0.016040
0 0.004818 0.938772 0.009384 0.011843
0 0.635126 0.086427 0.021505 0.021347
0 0.367368 0.073239 0.014451 0.014378
0 0.849240 0.012934 0.016107 0.016358
0 0.719205 0.070017 0.016398 0.016422
0 0.180028 0.027631 0.015837 0.015767
0 0.416383 0.993799 0.017593 0.012367
0 0.945797 0.937924 0.014688 0.014626
0 0.003293 0.110156 0.006581 0.014779
0 0.004583 0.020366 0.009092 0.016149
0 0.341941 0.298688 0.022897 0.022295
0 0.462982 0.256601 0.015033 0.015103
0 0.908193 0.434537 0.017061 0.017360
0 0.537288 0.623332 0.014264 0.014399
0 0.357959 0.754167 0.013447 0.013566
0 0.376193 0.228523 0.020697 0.020712
0 0.120144 0.907212 0.015424 0.015260
0 0.998254 0.441392 0.003487 0.014011
0 0.012477 0.096509 0.013742 0.013631
0 0.670821 0.190457 0.020836 0.020415
0 0.538126 0.736676 0.021259 0.021241
0 0.536542 0.625910 0.015267 0.014915
0 0.529206 0.219817 0.012823 0.012856
0 0.777377 0.304116 0.013384 0.013756
0 0.998297 0.213372 0.003357 0.016470
0 0.785437 0.316178 0.013887 0.013360
0 0.064525 0.575287 0.017197 0.017267
0 0.524162 0.018538 0.017241 0.016901
