0 0.280555 0.433452 0.014702 0.014515
0 0.636904 0.415460 0.013509 0.013498
0 0.373500 0.471309 0.013631 0.013560
0 0.427945 0.754251 0.014174 0.014026
0 0.586186 0.428861 0.013090 0.012976
0 0.897285 0.255873 0.016270 0.016633
0 0.962787 0.403685 0.013047 0.013109
0 0.460424 0.668028 0.014863 0.014719
0 0.793285 0.557019 0.016287 0.016098
0 0.362490 0.363127 0.014008 0.013906
0 0.463782 0.140441 0.014109 0.014037
0 0.056036 0.079262 0.015495 0.015479
0 0.316000 0.206988 0.015270 0.015203
0 0.117602 0.251271 0.013597 0.013464
0 0.409706 0.355060 0.014426 0.014677
0 0.612821 0.626284 0.015836 0.015952
0 0.832363 0.341360 0.014202 0.014280
0 0.759412 0.834244 0.014941 0.014806
0 0.681374 0.474698 0.014746 0.014833
0 0.348562 0.820398 0.013960 0.013972
0 0.367989 0.025815 0.014023 0.014107
0 0.202567 0.714672 0.014602 0.014762
0 0.421097 0.602070 0.014147 0.014296
0 0.948792 0.440433 0.013680 0.013741
0 0.180778 0.064418 0.016687 0.016906
0 0.755229 0.404202 0.015831 0.015642
0 0.216589 0.818270 0.014073 0.014081
0 0.826501 0.809721 0.016471 0.016441
0 0.088641 0.904007 0.015919 0.015614
0 0.666434 0.853491 0.015145 0.015087
0 0.748622 0.112147 0.015177 0.015004
0 0.105532 0.547926 0.014096 0.014237
0 0.713434 0.400315 0.015746 0.015437
0 0.476365 0.104203 0.014465 0.014687
0 0.297912 0.275098 0.014977 0.015098
0 0.202306 0.487499 0.014906 0.014949
0 0.309694 0.241485 0.014497 0.014426
0 0.758033 0.549632 0.014701 0.014886
0 0.697662 0.062772 0.014183 0.014175
0 0.016713 0.473469 0.018176 0.018139
0 0.324645 0.928193 0.013605 0.013397
0 0.964892 0.050985 0.012548 0.012538
0 0.051605 0.266730 0.016348 0.016199
0 0.423175 0.063011 0.014651 0.014699
0 0.376321 0.400895 0.012789 0.012532
0 0.737209 0.281820 0.013056 0.012762
0 0.076539 0.802467 0.014194 0.014165
0 0.341625 0.600783 0.014227 0.014230
0 0.950749 0.939744 0.014129 0.014205
0 0.680787 0.260885 0.014826 0.014636
0 0.753274 0.646260 0.014474 0.014236
0 0.870276 0.407006 0.014123 0.014351
0 0.536427 0.138431 0.012858 0.012856
0 0.199759 0.619016 0.014448 0.014301
0 0.114508 0.846080 0.013756 0.013750
0 0.704510 0.124209 0.013831 0.014180
0 0.262511 0.015217 0.015397 0.015429
0 0.547141 0.402930 0.014367 0.014432
0 0.905224 0.871453 0.014989 0.014947
0 0.234284 0.340811 0.014461 0.014128
0 0.517998 0.514520 0.014812 0.014919
0 0.064341 0.963030 0.013732 0.013640
0 0.576218 0.236953 0.014682 0.014744
0 0.961628 0.205230 0.013838 0.013792
0 0.487118 0.891199 0.015184 0.015238
0 0.956279 0.658819 0.013404 0.013371
0 0.044105 0.290746 0.014814 0.014426
0 0.781326 0.956049 0.015971 0.016014
0 0.634061 0.953779 0.014530 0.014607
0 0.798470 0.977284 0.014914 0.014917
0 0.070347 0.476088 0.014729 0.014673
0 0.975472 0.860960 0.014370 0.014288
0 0.236261 0.369414 0.014591 0.014558
0 0.747550 0.321847 0.014403 0.014215
0 0.075690 0.018095 0.014668 0.014776
0 0.020187 0.591119 0.013380 0.013437
0 0.665991 0.452376 0.013818 0.013748
0 0.406726 0.016425 0.015642 0.015746
0 0.376931 0.230757 0.017186 0.017052
0 0.882957 0.984393 0.014178 0.014485
0 0.779355 0.450869 0.014460 0.014710
0 0.478992 0.978001 0.014782 0.014805
0 0.227680 0.842202 0.015242 0.015051
0 0.643331 0.508014 0.016674 0.016787
0 0.841266 0.568710 0.017049 0.016921
0 0.624914 0.736279 0.014843 0.014724
0 0.759150 0.678407 0.014292 0.014287
0 0.485695 0.628348 0.013926 0.013806
0 0.481081 0.738436 0.018824 0.019239
0 0.346594 0.298312 0.023231 0.023091
0 0.847950 0.720205 0.021817 0.021436
0 0.540779 0.193266 0.013788 0.014551
0 0.692012 0.525817 0.014499 0.014562
0 0.961345 0.881545 0.014801 0.014721
0 0.406230 0.984282 0.014352 0.014154
0 0.301517 0.730729 0.016220 0.015794
0 0.981577 0.662021 0.014990 0.014935
0 0.437277 0.685305 0.014044 0.013873
0 0.097648 0.740870 0.014746 0.014521
0 0.836071 0.141125 0.014251 0.014202
0 0.254714 0.516485 0.013907 0.013965
0 0.932829 0.768353 0.015039 0.015028
0 0.649141 0.029083 0.015008 0.015016
0 0.530321 0.638374 0.022758 0.022614
0 0.738793 0.616998 0.015448 0.015695
0 0.634603 0.089048 0.014468 0.014364
0 0.588150 0.065260 0.013067 0.012924
0 0.906115 0.981942 0.014827 0.014823
0 0.806931 0.022404 0.014491 0.014591
0 0.757463 0.208525 0.014900 0.014722
0 0.301593 0.597127 0.015765 0.015664
0 0.759182 0.493199 0.013144 0.013599
0 0.492543 0.648068 0.014443 0.014382
0 0.142178 0.040025 0.015268 0.015579
0 0.010404 0.907263 0.013892 0.013992
0 0.626447 0.148812 0.014188 0.014508
0 0.260036 0.540230 0.014690 0.014749
0 0.590476 0.175819 0.014204 0.013851
0 0.892983 0.570632 0.014566 0.014440
0 0.991800 0.109896 0.014009 0.014158
0 0.986471 0.506881 0.016571 0.016109
0 0.533536 0.377358 0.016720 0.017170
0 0.974423 0.585716 0.015216 0.015162
0 0.119077 0.462050 0.014751 0.014602
0 0.950063 0.786742 0.014109 0.013998
0 0.004188 0.935600 0.008062 0.012107
0 0.924514 0.148344 0.017999 0.017772
0 0.116306 0.901192 0.015285 0.015447
0 0.151155 0.566408 0.014919 0.014827
0 0.935479 0.996618 0.014301 0.006756
0 0.522935 0.018061 0.016764 0.016279
0 0.524403 0.211036 0.015008 0.015765
0 0.389992 0.261978 0.016780 0.016713
0 0.661109 0.178381 0.013825 0.013711
0 0.891187 0.275078 0.013584 0.013490
0 0.871276 0.609328 0.015307 0.014779
0 0.449824 0.213905 0.020340 0.020191
0 0.944322 0.633701 0.016208 0.015607
0 0.590297 0.997073 0.016280 0.005822
0 0.932485 0.165455 0.014539 0.014642
0 0.621791 0.782500 0.018536 0.018235
0 0.702085 0.822829 0.021167 0.020728
0 0.584697 0.155556 0.013984 0.013745
0 0.003631 0.322645 0.007263 0.017052
