0 0.659056 0.459991 0.013257 0.013253
0 0.450454 0.861644 0.015480 0.015501
0 0.205455 0.888336 0.014585 0.014633
0 0.388388 0.691616 0.013709 0.013739
0 0.644972 0.936201 0.013597 0.013588
0 0.592593 0.161799 0.014612 0.014271
0 0.913222 0.711015 0.013042 0.012994
0 0.418609 0.679457 0.013078 0.012961
0 0.862368 0.366749 0.012835 0.012832
0 0.877435 0.631616 0.012535 0.012710
0 0.753887 0.942205 0.013283 0.013115
0 0.235547 0.622985 0.013050 0.012994
0 0.803972 0.354844 0.012920 0.012809
0 0.672675 0.259013 0.013589 0.013541
0 0.454519 0.356124 0.013696 0.013546
0 0.785003 0.140810 0.013749 0.013629
0 0.029846 0.686064 0.013680 0.013758
0 0.718612 0.318897 0.013396 0.013343
0 0.268310 0.588797 0.013333 0.013244
0 0.248975 0.037918 0.013443 0.013273
0 0.815583 0.381856 0.013804 0.013912
0 0.804332 0.024853 0.012977 0.012724
0 0.579398 0.262235 0.012231 0.012167
0 0.635291 0.441112 0.013173 0.012926
0 0.175778 0.108186 0.013460 0.013410
0 0.199860 0.366891 0.012869 0.012763
0 0.525833 0.218239 0.013308 0.013545
0 0.779086 0.499069 0.012076 0.012152
0 0.049014 0.436822 0.013629 0.013320
0 0.052269 0.839588 0.013158 0.013409
0 0.538950 0.661320 0.012465 0.012452
0 0.811304 0.072322 0.012644 0.012499
0 0.150514 0.598889 0.012923 0.012685
0 0.111896 0.391915 0.013274 0.013153
0 0.642140 0.269976 0.013831 0.014040
0 0.049782 0.543629 0.013055 0.013004
0 0.870537 0.091355 0.014019 0.014078
0 0.443063 0.650649 0.013670 0.013486
0 0.709631 0.767889 0.013929 0.014104
0 0.913103 0.428895 0.013128 0.013180
0 0.290311 0.201770 0.012998 0.013039
0 0.910102 0.792250 0.012481 0.012414
0 0.580686 0.648051 0.013685 0.013504
0 0.107638 0.814952 0.014233 0.014185
0 0.112590 0.610857 0.014701 0.014612
0 0.603473 0.900407 0.012442 0.012337
0 0.330565 0.932105 0.012980 0.013050
0 0.742046 0.887853 0.012996 0.012595
0 0.776447 0.458155 0.014005 0.013977
0 0.458318 0.576213 0.012540 0.012580
0 0.416922 0.361773 0.013640 0.013467
0 0.315573 0.572959 0.013595 0.013537
0 0.083590 0.224591 0.014231 0.014201
0 0.692607 0.100371 0.013684 0.013633
0 0.823594 0.829861 0.012600 0.012351
0 0.202752 0.493480 0.013193 0.013224
0 0.385479 0.071201 0.013313 0.013265
0 0.643961 0.700730 0.013712 0.013789
0 0.734624 0.073232 0.012074 0.011884
0 0.813828 0.536727 0.013300 0.013597
0 0.562935 0.573638 0.012987 0.013190
0 0.228757 0.414387 0.013785 0.013793
0 0.083871 0.486070 0.013597 0.013510
0 0.608747 0.585796 0.013675 0.013548
0 0.948446 0.357542 0.013128 0.013292
0 0.159124 0.788551 0.012703 0.012762
0 0.817168 0.965337 0.012559 0.012470
0 0.587935 0.733079 0.014072 0.013898
0 0.058025 0.478293 0.012168 0.011975
0 0.365083 0.321951 0.013809 0.013752
0 0.953586 0.724871 0.013412 0.013408
0 0.767218 0.033069 0.013583 0.013552
0 0.057436 0.730967 0.012603 0.012545
0 0.027106 0.886857 0.012101 0.012086
0 0.526500 0.840452 0.013428 0.013553
0 0.532169 0.433496 0.012691 0.012681
0 0.543077 0.498665 0.012936 0.012642
0 0.744869 0.407115 0.012743 0.012555
0 0.702673 0.847888 0.013337 0.013338
0 0.596785 0.613631 0.012724 0.012636
0 0.134244 0.145375 0.013671 0.013501
0 0.618409 0.760848 0.013363 0.013222
0 0.094522 0.548507 0.013026 0.012914
0 0.377345 0.616838 0.013692 0.013526
0 0.154778 0.156561 0.013813 0.013939
0 0.369158 0.647989 0.012935 0.012899
0 0.237633 0.236194 0.014057 0.014003
0 0.526524 0.494286 0.013133 0.013027
0 0.490407 0.263020 0.013288 0.013353
0 0.144577 0.878420 0.013233 0.013221
0 0.949229 0.427301 0.012894 0.012986
0 0.489493 0.380886 0.012659 0.012688
0 0.527763 0.980018 0.011851 0.011743
0 0.901426 0.085375 0.014579 0.014584
0 0.832338 0.138581 0.013539 0.013878
0 0.102788 0.276218 0.013409 0.013275
0 0.060616 0.956909 0.012947 0.012733
0 0.148418 0.182955 0.013203 0.013138
0 0.522838 0.858208 0.014122 0.014179
0 0.381051 0.194388 0.012659 0.012835
0 0.024134 0.381326 0.013652 0.013272
0 0.052904 0.103841 0.014085 0.014166
0 0.878131 0.170134 0.013572 0.013599
0 0.976513 0.310232 0.012857 0.012694
0 0.258149 0.635929 0.013066 0.013211
0 0.974389 0.922116 0.014017 0.013848
0 0.554688 0.414549 0.012848 0.013242
0 0.305551 0.976963 0.013167 0.013154
0 0.625678 0.861434 0.011933 0.011936
0 0.801063 0.219806 0.014804 0.014920
0 0.446087 0.905472 0.012922 0.012527
0 0.555249 0.611854 0.013505 0.013406
0 0.738126 0.319727 0.014028 0.014265
0 0.866278 0.249927 0.014719 0.014655
0 0.050607 0.233169 0.013839 0.013727
0 0.872969 0.697430 0.012866 0.012648
0 0.330775 0.763564 0.013423 0.013544
0 0.974316 0.872162 0.013048 0.012973
0 0.942455 0.987920 0.011262 0.011252
0 0.189474 0.007133 0.012909 0.013048
0 0.008569 0.114685 0.013417 0.013144
0 0.491156 0.450801 0.013701 0.013705
0 0.338926 0.085371 0.014273 0.014117
0 0.339600 0.405984 0.014354 0.014283
0 0.155489 0.437331 0.013092 0.012935
0 0.636842 0.091772 0.012566 0.012627
0 0.481075 0.006517 0.012169 0.012103
0 0.946568 0.587817 0.013313 0.013277
0 0.841247 0.591783 0.012888 0.012960
0 0.037532 0.274352 0.013778 0.014270
0 0.182030 0.709119 0.012645 0.012714
0 0.876009 0.739897 0.010476 0.010289
0 0.116127 0.146928 0.013175 0.012752
0 0.425733 0.169997 0.013556 0.013417
0 0.891466 0.983866 0.012707 0.012832
0 0.733396 0.536303 0.013452 0.013120
0 0.374652 0.898911 0.012973 0.012822
0 0.974734 0.175448 0.013084 0.013082
0 0.539384 0.394960 0.015035 0.014814
0 0.240492 0.971050 0.012222 0.012291
0 0.401900 0.178583 0.013592 0.013536
0 0.479714 0.106934 0.012765 0.012661
0 0.005149 0.563811 0.010226 0.012057
0 0.160702 0.706693 0.013360 0.012985
0 0.419798 0.225153 0.011467 0.011137
0 0.934491 0.004256 0.014017 0.008439
0 0.450018 0.386956 0.012485 0.012421
0 0.659505 0.846320 0.013447 0.013525
0 0.863217 0.011771 0.013109 0.013070
0 0.045576 0.994341 0.014617 0.011319
0 0.937642 0.857192 0.011920 0.012070
0 0.309436 0.044728 0.013885 0.013873
0 0.960615 0.948748 0.012980 0.013017
0 0.435056 0.839573 0.014795 0.014872
0 0.430469 0.234313 0.013311 0.012916
0 0.164018 0.564485 0.013476 0.013451
0 0.518805 0.003361 0.013639 0.006723
0 0.605971 0.678792 0.014243 0.014013
0 0.467018 0.447589 0.013329 0.013125
0 0.789763 0.187402 0.012399 0.012343
0 0.598861 0.377555 0.013691 0.013706
0 0.844470 0.184933 0.014308 0.014376
0 0.640178 0.253710 0.016668 0.016676
0 0.109526 0.645648 0.013398 0.013398
0 0.188742 0.551046 0.014658 0.015178
0 0.014720 0.447102 0.014467 0.014210
0 0.987666 0.718606 0.013523 0.013593
0 0.374961 0.598140 0.013546 0.013726
0 0.002357 0.176187 0.004612 0.012228
0 0.379718 0.983002 0.013529 0.013337
0 0.982212 0.192696 0.013277 0.013334
0 0.549454 0.186808 0.011494 0.011609
0 0.157041 0.756377 0.012914 0.012925
0 0.358757 0.995648 0.013467 0.008705
0 0.996794 0.539341 0.006413 0.013079
0 0.942816 0.844861 0.011644 0.011280
0 0.771585 0.599136 0.014577 0.014463
0 0.262697 0.071534 0.012243 0.011982
0 0.456062 0.557142 0.012944 0.012933
0 0.997008 0.376647 0.005984 0.014043
0 0.227661 0.682047 0.015671 0.015595
0 0.895686 0.963216 0.012889 0.012605
0 0.849205 0.714544 0.020577 0.020433
0 0.266085 0.328286 0.012686 0.012634
0 0.322949 0.119221 0.012815 0.012686
0 0.408767 0.455267 0.015205 0.014604
0 0.298257 0.904510 0.012776 0.012013
0 0.267785 0.719172 0.014374 0.013892
0 0.533282 0.625283 0.017174 0.016863
0 0.995707 0.280354 0.008576 0.016707
0 0.850548 0.717271 0.018645 0.020386
0 0.953535 0.879833 0.012104 0.011884
0 0.261119 0.223166 0.012086 0.011369
0 0.528956 0.021180 0.012865 0.012928
0 0.538289 0.610135 0.013010 0.012528
0 0.661068 0.847755 0.013538 0.014115
0 0.245443 0.728265 0.013314 0.013320
0 0.005039 0.658170 0.010079 0.012609
