0 0.183440 0.891033 0.012820 0.012719
0 0.219486 0.612831 0.013174 0.013071
0 0.047872 0.925405 0.012061 0.011926
0 0.102794 0.808925 0.013114 0.012985
0 0.122922 0.865246 0.011958 0.011726
0 0.308843 0.055584 0.013164 0.013098
0 0.316370 0.492129 0.013175 0.013131
0 0.409782 0.425006 0.012967 0.012879
0 0.285423 0.456423 0.013612 0.013555
0 0.761982 0.637770 0.011233 0.010983
0 0.918947 0.036795 0.013501 0.013637
0 0.472475 0.637716 0.012800 0.012994
0 0.378716 0.684546 0.013259 0.013148
0 0.341229 0.793864 0.012745 0.012823
0 0.792674 0.265842 0.013178 0.013001
0 0.300176 0.507198 0.012667 0.012736
0 0.011035 0.741271 0.013642 0.013457
0 0.442708 0.365812 0.012454 0.012086
0 0.283215 0.603979 0.013420 0.013052
0 0.332045 0.072145 0.012866 0.012471
0 0.510147 0.454162 0.013363 0.013481
0 0.521525 0.435807 0.012519 0.012302
0 0.808953 0.353722 0.013280 0.013150
0 0.333108 0.833347 0.012383 0.012624
0 0.107927 0.980690 0.013051 0.013000
0 0.505941 0.598549 0.014786 0.014577
0 0.221400 0.470513 0.013225 0.013008
0 0.440681 0.026746 0.014268 0.014192
0 0.447402 0.089946 0.014246 0.014366
0 0.122070 0.632913 0.013855 0.013803
0 0.716505 0.349313 0.013528 0.013663
0 0.594710 0.518202 0.012829 0.012737
0 0.442129 0.645173 0.011436 0.011534
0 0.545720 0.367072 0.012403 0.012305
0 0.020758 0.619512 0.013302 0.013431
0 0.333023 0.535653 0.012227 0.012144
0 0.367542 0.932328 0.012801 0.012714
0 0.454645 0.956458 0.012744 0.012781
0 0.889409 0.428263 0.012365 0.012394
0 0.222249 0.648975 0.012639 0.012561
0 0.922830 0.803017 0.013796 0.013695
0 0.346562 0.890876 0.012718 0.012475
0 0.050940 0.348104 0.012907 0.012734
0 0.236487 0.061924 0.012448 0.012334
0 0.851290 0.186847 0.013459 0.013406
0 0.811599 0.315308 0.013666 0.013669
0 0.523497 0.349687 0.013451 0.013294
0 0.781403 0.419678 0.013070 0.013089
0 0.472743 0.089395 0.012751 0.012421
0 0.441185 0.058994 0.012473 0.012686
0 0.536932 0.029317 0.011374 0.011660
0 0.011044 0.053292 0.013167 0.013177
0 0.267156 0.316529 0.012751 0.012455
0 0.539483 0.063471 0.013476 0.013143
0 0.458472 0.148006 0.012259 0.012254
0 0.598404 0.372083 0.011339 0.011030
0 0.151936 0.667084 0.012335 0.012533
0 0.291157 0.788541 0.012427 0.012452
0 0.537919 0.712816 0.012761 0.013005
0 0.423634 0.828033 0.012675 0.012460
0 0.168501 0.388661 0.012432 0.012748
0 0.704956 0.984570 0.012838 0.012736
0 0.494593 0.543701 0.014476 0.014580
0 0.739888 0.769586 0.011574 0.011582
0 0.870430 0.068459 0.013130 0.013322
0 0.071240 0.655491 0.011214 0.011014
0 0.542437 0.977317 0.012641 0.012490
0 0.502461 0.068662 0.012915 0.013016
0 0.459281 0.860469 0.011787 0.011500
0 0.514982 0.570034 0.012772 0.012910
0 0.569073 0.286268 0.012122 0.012195
0 0.852100 0.688642 0.014121 0.013999
0 0.747757 0.619734 0.012783 0.012795
0 0.003082 0.878310 0.006099 0.012422
0 0.024730 0.379553 0.012539 0.012565
0 0.070243 0.174777 0.012901 0.012712
0 0.788305 0.006116 0.012878 0.012232
0 0.536108 0.200805 0.013166 0.013179
0 0.129642 0.005863 0.012652 0.011498
0 0.175627 0.269432 0.012354 0.012771
0 0.237978 0.277754 0.011841 0.011826
0 0.850266 0.710906 0.022804 0.023033
0 0.004706 0.303301 0.009399 0.014924
0 0.660129 0.937056 0.012532 0.012370
0 0.361111 0.220502 0.013775 0.013851
0 0.427027 0.260571 0.011770 0.011752
0 0.067028 0.421937 0.012719 0.012598
0 0.435801 0.574021 0.011159 0.011126
0 0.755622 0.713177 0.012147 0.012076
0 0.938253 0.007874 0.012625 0.012950
0 0.733180 0.177397 0.011531 0.011461
0 0.400243 0.571326 0.011098 0.010942
0 0.806960 0.377564 0.013727 0.013647
0 0.089630 0.499129 0.012970 0.013291
0 0.495547 0.992904 0.010210 0.010490
0 0.532355 0.629329 0.023624 0.023708
0 0.996426 0.422842 0.007148 0.011122
0 0.996843 0.877699 0.006314 0.015283
0 0.003497 0.511448 0.006995 0.012358
0 0.420116 0.556427 0.013873 0.013694
0 0.334465 0.637095 0.012033 0.012010
0 0.027304 0.039401 0.014157 0.014139
0 0.528393 0.212807 0.010573 0.010588
