0 0.260564 0.186434 0.013854 0.013767
0 0.413695 0.099529 0.011397 0.011474
0 0.749104 0.616634 0.013026 0.012922
0 0.150803 0.534594 0.012537 0.012476
0 0.034891 0.573313 0.013712 0.013685
0 0.154297 0.121215 0.012268 0.012326
0 0.308095 0.130740 0.012187 0.012017
0 0.271616 0.230910 0.012989 0.012922
0 0.105088 0.820451 0.013082 0.013085
0 0.365675 0.200803 0.011849 0.011434
0 0.407444 0.291802 0.011824 0.011726
0 0.243500 0.757835 0.012824 0.012789
0 0.833537 0.581671 0.011886 0.011945
0 0.544395 0.974115 0.012791 0.012689
0 0.771453 0.827758 0.012905 0.012925
0 0.880431 0.844009 0.011195 0.011008
0 0.152565 0.041983 0.012308 0.012361
0 0.520112 0.587681 0.012512 0.012565
0 0.062990 0.453102 0.011825 0.011795
0 0.458784 0.958308 0.012327 0.012374
0 0.346428 0.142976 0.013091 0.013081
0 0.524808 0.346469 0.012356 0.012367
0 0.085743 0.168916 0.012152 0.011924
0 0.195473 0.466107 0.013003 0.012943
0 0.339870 0.852821 0.011091 0.010975
0 0.226462 0.495354 0.012531 0.012422
0 0.110274 0.979879 0.013491 0.013447
0 0.265177 0.896324 0.011765 0.011798
0 0.187581 0.889225 0.012701 0.012561
0 0.174428 0.784729 0.013527 0.013317
0 0.334798 0.558729 0.012792 0.012801
0 0.281379 0.498335 0.011579 0.011469
0 0.054970 0.515956 0.010941 0.010968
0 0.717159 0.754979 0.012449 0.012271
0 0.583989 0.494949 0.012155 0.012264
0 0.387042 0.991917 0.011937 0.011493
0 0.132915 0.823720 0.013476 0.013425
0 0.927030 0.454538 0.012679 0.012869
0 0.497075 0.056979 0.011882 0.011874
0 0.118061 0.005876 0.013551 0.011752
0 0.255465 0.400192 0.012771 0.012704
0 0.208826 0.185952 0.011598 0.011645
0 0.458506 0.803180 0.011698 0.011602
0 0.437254 0.013392 0.013638 0.013483
0 0.161875 0.934466 0.011312 0.011283
0 0.157847 0.814344 0.011495 0.011275
0 0.225544 0.650242 0.012697 0.012369
0 0.599475 0.335055 0.010574 0.010898
0 0.530758 0.636526 0.020810 0.020710
0 0.700873 0.823032 0.018674 0.019635
0 0.681421 0.736787 0.011329 0.010993
0 0.554397 0.816020 0.011368 0.011666
0 0.538449 0.453272 0.011476 0.011726
0 0.344735 0.296419 0.022682 0.022347
0 0.687512 0.012682 0.012174 0.012029
0 0.621669 0.114429 0.011069 0.011158
0 0.458202 0.865591 0.010372 0.010264
0 0.540607 0.224459 0.010386 0.010013
0 0.217385 0.718972 0.011309 0.011271
0 0.798428 0.277400 0.010793 0.010557
0 0.848365 0.718294 0.019324 0.018886
0 0.875783 0.644997 0.010762 0.010831
0 0.604043 0.811144 0.012905 0.012841
0 0.651466 0.383201 0.011496 0.011728
0 0.009402 0.296442 0.011418 0.011248
0 0.973898 0.803777 0.011488 0.011659
0 0.374948 0.007131 0.011915 0.012026
0 0.269528 0.312826 0.016072 0.015954
0 0.326769 0.236891 0.010933 0.010927
0 0.447228 0.211567 0.015921 0.016613
0 0.272544 0.715710 0.010716 0.010918
0 0.223262 0.466483 0.012524 0.012631
