0 0.558233 0.853984 0.012514 0.012464
0 0.071410 0.721930 0.012600 0.012460
0 0.553875 0.466552 0.012074 0.012049
0 0.785933 0.140817 0.013846 0.013700
0 0.611991 0.174930 0.013543 0.013424
0 0.707426 0.466712 0.013146 0.013329
0 0.804529 0.024254 0.012841 0.012668
0 0.107235 0.814280 0.014377 0.014369
0 0.803979 0.343944 0.012980 0.013014
0 0.161600 0.599705 0.013063 0.012995
0 0.411710 0.355646 0.014351 0.013974
0 0.509092 0.284501 0.012902 0.012707
0 0.207028 0.356407 0.012854 0.012878
0 0.645121 0.936560 0.013453 0.013503
0 0.434878 0.621232 0.013118 0.012841
0 0.600104 0.376032 0.014039 0.014141
0 0.069423 0.509379 0.013031 0.012926
0 0.588765 0.635307 0.012533 0.012475
0 0.579391 0.262005 0.012323 0.012401
0 0.531292 0.433682 0.012605 0.012411
0 0.053171 0.539445 0.012779 0.012630
0 0.585914 0.532570 0.012556 0.012437
0 0.374667 0.598327 0.012828 0.012896
0 0.405657 0.126534 0.012616 0.012454
0 0.250136 0.039616 0.013603 0.013580
0 0.290666 0.202284 0.012784 0.012829
0 0.768133 0.034192 0.013027 0.012909
0 0.265478 0.587743 0.013414 0.013395
0 0.571761 0.418445 0.013096 0.013108
0 0.181395 0.881756 0.013787 0.013641
0 0.328534 0.546824 0.013622 0.013539
0 0.633140 0.605846 0.012992 0.012800
0 0.302333 0.103352 0.013963 0.013718
0 0.635785 0.432577 0.013398 0.013366
0 0.903327 0.543187 0.013649 0.013608
0 0.152750 0.437821 0.013471 0.013364
0 0.910048 0.793516 0.012659 0.012587
0 0.870852 0.091441 0.014031 0.014061
0 0.484321 0.871367 0.013842 0.013696
0 0.401172 0.633969 0.012547 0.012355
0 0.124983 0.184329 0.012793 0.012866
0 0.523584 0.673317 0.013117 0.013109
0 0.603743 0.899445 0.012200 0.012058
0 0.625132 0.701418 0.013737 0.013699
0 0.153883 0.789757 0.012717 0.012872
0 0.051451 0.839668 0.012807 0.013032
0 0.832107 0.735916 0.012881 0.012907
0 0.350007 0.405978 0.013336 0.013351
0 0.211717 0.427078 0.013444 0.013460
0 0.175357 0.449356 0.013681 0.013719
0 0.877850 0.397142 0.013061 0.012791
0 0.180645 0.097170 0.013274 0.013074
0 0.207417 0.222846 0.013780 0.013818
0 0.458243 0.575434 0.012708 0.012833
0 0.086987 0.532518 0.013561 0.013428
0 0.099593 0.696199 0.013647 0.013570
0 0.025916 0.686464 0.014447 0.014351
0 0.061992 0.249194 0.013227 0.013121
0 0.201559 0.493536 0.013193 0.013274
0 0.726935 0.836555 0.014032 0.013963
0 0.526994 0.217230 0.014172 0.014371
0 0.955634 0.747619 0.013242 0.013122
0 0.753101 0.953795 0.013265 0.013190
0 0.824606 0.373339 0.014414 0.014433
0 0.665675 0.765964 0.013386 0.013387
0 0.710621 0.323372 0.014592 0.014341
0 0.719645 0.929971 0.012719 0.012920
0 0.833408 0.544244 0.013261 0.013216
0 0.946849 0.978805 0.011950 0.011980
0 0.778837 0.835839 0.011646 0.011489
0 0.944430 0.952206 0.011660 0.011332
0 0.777593 0.458742 0.014179 0.014118
0 0.778220 0.061503 0.013684 0.013686
0 0.645312 0.265638 0.012989 0.012992
0 0.325141 0.965844 0.013011 0.013132
0 0.234331 0.623952 0.013226 0.013217
0 0.380589 0.482870 0.013514 0.013578
0 0.881084 0.739673 0.009638 0.009599
0 0.382559 0.070588 0.013439 0.013695
0 0.510446 0.847384 0.014381 0.014346
0 0.905137 0.938904 0.013321 0.013242
0 0.591188 0.717007 0.014344 0.014296
0 0.472203 0.354052 0.013736 0.013652
0 0.191208 0.742813 0.013432 0.013535
0 0.111585 0.391534 0.013517 0.013413
0 0.860883 0.659380 0.012073 0.011959
0 0.675938 0.265378 0.013920 0.013930
0 0.955559 0.405876 0.014733 0.014666
0 0.622214 0.146643 0.013002 0.013133
0 0.369606 0.648588 0.013036 0.013036
0 0.475735 0.820249 0.013879 0.013848
0 0.060072 0.957025 0.012629 0.012624
0 0.676342 0.090281 0.014186 0.014054
0 0.936805 0.013681 0.013132 0.013097
0 0.091046 0.205026 0.014310 0.014393
0 0.578900 0.387557 0.013637 0.013503
0 0.593982 0.161816 0.013769 0.013695
0 0.150970 0.870603 0.012713 0.012992
0 0.465097 0.368033 0.012734 0.012738
0 0.015552 0.101980 0.013441 0.013132
0 0.420653 0.926268 0.013177 0.013153
0 0.244762 0.966833 0.012277 0.012104
0 0.365418 0.214089 0.012902 0.012860
0 0.316629 0.072339 0.015179 0.015086
0 0.384085 0.341310 0.013836 0.013864
0 0.878123 0.170010 0.013432 0.013461
0 0.819548 0.590967 0.011862 0.011804
0 0.813904 0.966581 0.011932 0.011837
0 0.184076 0.185559 0.016038 0.015804
0 0.383517 0.205986 0.013307 0.013378
0 0.800881 0.220210 0.014828 0.014942
0 0.491212 0.396983 0.013297 0.013269
0 0.491491 0.450950 0.013662 0.013648
0 0.832669 0.138398 0.013835 0.014138
0 0.007198 0.609821 0.012818 0.012873
0 0.359873 0.907605 0.013206 0.013130
0 0.330272 0.764069 0.013484 0.013620
0 0.930934 0.417681 0.013617 0.013623
0 0.587754 0.676195 0.012620 0.013335
0 0.407142 0.683411 0.012808 0.012767
0 0.133220 0.711603 0.013035 0.012816
0 0.022942 0.381318 0.013897 0.013627
0 0.875190 0.261388 0.014572 0.014490
0 0.945757 0.583912 0.012268 0.012191
0 0.189183 0.007595 0.013316 0.013544
0 0.740971 0.320208 0.013903 0.013797
0 0.727424 0.039814 0.014123 0.014393
0 0.124165 0.599398 0.013878 0.013626
0 0.453239 0.014472 0.013507 0.013508
0 0.579819 0.591280 0.015212 0.015076
0 0.954099 0.596959 0.013117 0.012985
0 0.249466 0.227684 0.014131 0.013878
0 0.426542 0.240230 0.014361 0.014871
0 0.612631 0.743004 0.012942 0.013006
0 0.901985 0.996215 0.012312 0.007571
0 0.746007 0.406342 0.013154 0.013187
0 0.026249 0.887519 0.012880 0.013066
0 0.338547 0.084104 0.014174 0.014038
0 0.660292 0.847371 0.013300 0.013221
0 0.111443 0.317405 0.015190 0.015173
0 0.975545 0.174886 0.013215 0.013120
0 0.762162 0.487534 0.012433 0.012956
0 0.316177 0.911515 0.013675 0.013661
0 0.540280 0.601021 0.013456 0.013368
0 0.263196 0.070374 0.012531 0.012224
0 0.910749 0.045202 0.013512 0.013547
0 0.246426 0.326702 0.014691 0.014917
0 0.459446 0.411248 0.013023 0.012862
0 0.587318 0.917634 0.014371 0.014080
0 0.270390 0.334517 0.013453 0.013054
0 0.345649 0.011225 0.012912 0.013235
0 0.469379 0.220515 0.014630 0.014245
0 0.994870 0.572918 0.010261 0.014344
0 0.480222 0.106592 0.013274 0.013022
0 0.779792 0.970433 0.012423 0.012170
0 0.226322 0.682246 0.014881 0.014830
0 0.160655 0.196958 0.013585 0.013680
0 0.890539 0.710832 0.010632 0.010701
0 0.353359 0.994635 0.013622 0.010729
0 0.449037 0.907289 0.013831 0.013667
0 0.844814 0.184230 0.014239 0.014267
0 0.497522 0.977078 0.012066 0.012150
0 0.341116 0.911539 0.013379 0.013466
0 0.863876 0.011534 0.013502 0.013427
0 0.187852 0.552277 0.015000 0.015572
0 0.014190 0.447253 0.014333 0.014143
0 0.842533 0.595473 0.012737 0.012828
0 0.018759 0.042955 0.012017 0.011955
0 0.410062 0.454445 0.014175 0.014005
0 0.903713 0.388080 0.014521 0.014577
0 0.789924 0.187253 0.012702 0.012661
0 0.535246 0.626207 0.017157 0.017581
0 0.270275 0.668296 0.013105 0.013373
0 0.938753 0.871801 0.013660 0.013382
0 0.770533 0.597920 0.014323 0.014253
0 0.974107 0.970268 0.014368 0.015128
0 0.942312 0.845497 0.012873 0.012953
0 0.641246 0.252848 0.015712 0.015957
0 0.094769 0.146614 0.013141 0.012850
0 0.980790 0.260707 0.011909 0.012229
0 0.982730 0.192250 0.013748 0.013813
0 0.310469 0.044620 0.014505 0.014427
0 0.051646 0.233024 0.013556 0.013016
0 0.483254 0.266119 0.013988 0.013978
0 0.150219 0.684359 0.014148 0.014149
0 0.381845 0.983646 0.013243 0.012615
0 0.529117 0.509219 0.013290 0.013142
0 0.550989 0.394957 0.012067 0.011765
0 0.538001 0.396909 0.011827 0.011701
0 0.545014 0.022996 0.012501 0.012433
0 0.053319 0.434829 0.015954 0.015565
0 0.061449 0.425517 0.012684 0.012804
0 0.164211 0.563303 0.013287 0.013173
0 0.962074 0.878243 0.013467 0.013037
0 0.073062 0.141304 0.014539 0.014501
0 0.455163 0.557318 0.012995 0.012909
0 0.527660 0.022939 0.012457 0.011973
0 0.529643 0.506886 0.013612 0.012681
0 0.268032 0.719685 0.014083 0.013341
