0 0.845336 0.766027 0.013210 0.013202
0 0.412335 0.434013 0.011780 0.011667
0 0.755210 0.902450 0.013055 0.013011
0 0.402700 0.487228 0.010959 0.010896
0 0.671058 0.278484 0.012548 0.012280
0 0.398514 0.883539 0.012926 0.012823
0 0.388232 0.142076 0.013991 0.013996
0 0.570011 0.832949 0.012958 0.012705
0 0.776210 0.804054 0.013273 0.013216
0 0.330059 0.400127 0.012845 0.012873
0 0.514933 0.763838 0.012020 0.011832
0 0.344960 0.372846 0.013239 0.013460
0 0.788122 0.279742 0.012699 0.012535
0 0.453112 0.959655 0.012246 0.012435
0 0.361713 0.906525 0.011706 0.011541
0 0.371706 0.093128 0.013961 0.013758
0 0.523872 0.349451 0.013240 0.013086
0 0.431861 0.474290 0.012297 0.012372
0 0.695618 0.718372 0.014821 0.015078
0 0.435973 0.639148 0.013666 0.013508
0 0.894096 0.676168 0.013357 0.013312
0 0.742723 0.343189 0.013274 0.013355
0 0.739692 0.571367 0.012791 0.012765
0 0.272115 0.054315 0.012987 0.012953
0 0.748422 0.619280 0.013175 0.013020
0 0.974625 0.862081 0.013491 0.013239
0 0.336895 0.487871 0.013092 0.012864
0 0.713395 0.385006 0.013095 0.013297
0 0.353927 0.479183 0.011017 0.010863
0 0.561206 0.077592 0.015411 0.015270
0 0.831549 0.042245 0.013857 0.014014
0 0.536027 0.468791 0.013358 0.013242
0 0.104299 0.506260 0.011551 0.011348
0 0.232432 0.442290 0.014223 0.014115
0 0.661767 0.869865 0.013097 0.013050
0 0.812037 0.870594 0.012753 0.012600
0 0.483167 0.054217 0.014185 0.014125
0 0.725376 0.216612 0.012221 0.012213
0 0.399358 0.537988 0.011485 0.011541
0 0.587620 0.235618 0.013221 0.013219
0 0.221074 0.470140 0.012967 0.012871
0 0.541309 0.976923 0.012432 0.012266
0 0.454206 0.034739 0.013490 0.013515
0 0.662723 0.520224 0.012879 0.012927
0 0.313500 0.234570 0.014023 0.014145
0 0.552711 0.617938 0.013247 0.013202
0 0.285763 0.609870 0.013037 0.012733
0 0.147880 0.400657 0.012989 0.013135
0 0.829893 0.992174 0.012744 0.012706
0 0.207246 0.975509 0.012591 0.012615
0 0.108120 0.980424 0.013270 0.013383
0 0.780917 0.459478 0.013930 0.013773
0 0.331196 0.518859 0.012227 0.012268
0 0.198866 0.453142 0.013647 0.013374
0 0.701266 0.628039 0.012009 0.012567
0 0.022448 0.445227 0.012411 0.012433
0 0.495810 0.544604 0.014473 0.014323
0 0.690326 0.194338 0.013384 0.013311
0 0.317405 0.444240 0.013148 0.013347
0 0.413676 0.756354 0.012225 0.012232
0 0.563007 0.430465 0.013288 0.013219
0 0.340615 0.630763 0.010930 0.010511
0 0.501493 0.978852 0.011341 0.011384
0 0.184833 0.891775 0.012531 0.012580
0 0.178101 0.369330 0.012770 0.012809
0 0.105492 0.418539 0.013323 0.013425
0 0.636747 0.222368 0.011551 0.011548
0 0.031243 0.327012 0.012795 0.012659
0 0.846523 0.177775 0.012889 0.012829
0 0.491078 0.497552 0.012269 0.012255
0 0.968806 0.031655 0.012115 0.012197
0 0.334269 0.754601 0.012113 0.012101
0 0.084277 0.825986 0.011813 0.011659
0 0.705206 0.808771 0.016288 0.016492
0 0.224707 0.725796 0.012159 0.012162
0 0.240872 0.709917 0.012200 0.012052
0 0.273364 0.741920 0.011985 0.011954
0 0.174538 0.994721 0.010695 0.010128
0 0.032966 0.767287 0.011319 0.011228
0 0.215917 0.235390 0.014986 0.015080
0 0.624393 0.957946 0.012151 0.012069
0 0.396769 0.943984 0.009926 0.009769
0 0.691222 0.573273 0.011487 0.011773
0 0.151705 0.263579 0.012053 0.012214
0 0.722556 0.057828 0.013611 0.013581
0 0.040808 0.349574 0.011586 0.010586
0 0.567130 0.479716 0.014908 0.014689
0 0.632320 0.997370 0.012218 0.005198
0 0.850478 0.709981 0.023511 0.023546
0 0.155650 0.178295 0.014055 0.014017
0 0.787476 0.005543 0.012877 0.011086
0 0.915469 0.225061 0.011744 0.011956
0 0.892128 0.214758 0.012769 0.012528
0 0.039495 0.511953 0.012376 0.012764
0 0.995482 0.425721 0.008877 0.009860
0 0.544662 0.340406 0.011755 0.012250
0 0.080134 0.060474 0.013709 0.013359
0 0.224009 0.648456 0.011479 0.011376
0 0.001839 0.761357 0.003633 0.011016
0 0.578506 0.313765 0.012239 0.013004
0 0.533308 0.628261 0.022823 0.022863
0 0.151608 0.670854 0.010458 0.010466
0 0.882263 0.599040 0.011314 0.011656
0 0.044270 0.529883 0.012081 0.012426
0 0.956894 0.301360 0.015012 0.015130
0 0.069421 0.231973 0.013428 0.013698
0 0.049318 0.438894 0.010258 0.010036
