0 0.404148 0.791755 0.014451 0.014348
0 0.049291 0.362603 0.014033 0.014053
0 0.099660 0.445133 0.013997 0.014135
0 0.491053 0.967001 0.016551 0.016317
0 0.260263 0.831773 0.014313 0.014171
0 0.200097 0.345209 0.014428 0.014391
0 0.091632 0.554855 0.013268 0.013153
0 0.281106 0.431841 0.014401 0.014224
0 0.926327 0.665521 0.018781 0.019093
0 0.630428 0.465651 0.014790 0.014794
0 0.426465 0.916032 0.015371 0.015423
0 0.072750 0.427996 0.013771 0.013601
0 0.406078 0.048564 0.014756 0.014768
0 0.397396 0.298360 0.014370 0.014414
0 0.117619 0.857296 0.013512 0.013464
0 0.748444 0.295952 0.013988 0.013880
0 0.236957 0.508170 0.015204 0.015272
0 0.330285 0.793559 0.013654 0.013537
0 0.215469 0.418549 0.014433 0.014526
0 0.580290 0.131089 0.014282 0.014130
0 0.654568 0.630569 0.015677 0.015756
0 0.317150 0.292009 0.015107 0.014938
0 0.911581 0.986604 0.017161 0.017286
0 0.599191 0.504190 0.014466 0.014533
0 0.691147 0.925519 0.014328 0.014387
0 0.640126 0.948035 0.014886 0.014845
0 0.220746 0.072569 0.014467 0.014164
0 0.439766 0.420085 0.014552 0.014304
0 0.252855 0.169633 0.014661 0.014713
0 0.341788 0.380945 0.013744 0.013726
0 0.742833 0.877987 0.014377 0.014389
0 0.195175 0.716808 0.013557 0.013612
0 0.739470 0.967916 0.014852 0.015064
0 0.215392 0.250203 0.014450 0.014387
0 0.530020 0.685168 0.014958 0.014919
0 0.476891 0.822173 0.017110 0.017265
0 0.689162 0.553223 0.014317 0.014268
0 0.913728 0.690264 0.014976 0.015139
0 0.036379 0.647231 0.014431 0.014453
0 0.061253 0.104658 0.015636 0.015289
0 0.310801 0.712570 0.014261 0.014403
0 0.833776 0.019317 0.013231 0.013100
0 0.201058 0.924478 0.014022 0.014114
0 0.345753 0.300589 0.022322 0.021850
0 0.477955 0.630982 0.013830 0.013911
0 0.556355 0.195371 0.014303 0.014548
0 0.565323 0.415663 0.014636 0.014814
0 0.817801 0.174188 0.013934 0.013949
0 0.028381 0.138768 0.014884 0.014724
0 0.965698 0.130497 0.013926 0.013793
0 0.730058 0.558647 0.013680 0.013706
0 0.610749 0.136028 0.014456 0.014241
0 0.905906 0.385904 0.013273 0.013423
0 0.431324 0.396188 0.014133 0.014121
0 0.227090 0.126501 0.015088 0.015131
0 0.930740 0.052719 0.014083 0.013853
0 0.307256 0.812753 0.014667 0.014874
0 0.784772 0.953003 0.014726 0.014741
0 0.813009 0.668648 0.014424 0.014460
0 0.652732 0.241374 0.013876 0.013953
0 0.763930 0.681676 0.013828 0.013838
0 0.993019 0.299429 0.013567 0.014184
0 0.553609 0.545576 0.014822 0.014566
0 0.827215 0.386284 0.014976 0.015087
0 0.456097 0.165995 0.015057 0.015010
0 0.163573 0.154834 0.014113 0.014145
0 0.739430 0.388045 0.015123 0.014889
0 0.095177 0.334852 0.014429 0.014416
0 0.058829 0.801645 0.014248 0.014313
0 0.507747 0.580248 0.014002 0.014128
0 0.114757 0.009717 0.016454 0.016608
0 0.111593 0.123120 0.015794 0.015698
0 0.169850 0.206342 0.014914 0.014984
0 0.841399 0.218506 0.013567 0.013563
0 0.767651 0.087892 0.013710 0.013634
0 0.697123 0.059756 0.014527 0.014447
0 0.439851 0.718682 0.014149 0.014435
0 0.992392 0.408166 0.014461 0.014603
0 0.738478 0.617594 0.015415 0.015729
0 0.478351 0.356361 0.015297 0.015068
0 0.045750 0.820799 0.013493 0.013508
0 0.276281 0.553186 0.014991 0.015396
0 0.820591 0.040925 0.014430 0.014588
0 0.211653 0.007243 0.014789 0.014099
0 0.980248 0.437594 0.013545 0.013413
0 0.243371 0.539744 0.015888 0.015804
0 0.697463 0.260050 0.017315 0.016968
0 0.921105 0.145752 0.019753 0.019320
0 0.837554 0.579221 0.016822 0.016729
0 0.351894 0.615286 0.014187 0.014285
0 0.775644 0.453055 0.014603 0.014791
0 0.856946 0.331586 0.014506 0.014240
0 0.675037 0.004688 0.015124 0.009377
0 0.680131 0.142022 0.015162 0.015324
0 0.788470 0.015856 0.014215 0.014539
0 0.862912 0.160983 0.013833 0.013801
0 0.762763 0.212933 0.013175 0.013147
0 0.263863 0.508035 0.014025 0.013905
0 0.052870 0.059003 0.014997 0.014658
0 0.986446 0.506929 0.016849 0.016789
0 0.072887 0.219752 0.013999 0.014151
0 0.955546 0.167574 0.014421 0.014348
0 0.269791 0.407744 0.014622 0.014123
0 0.094711 0.132211 0.015282 0.015167
0 0.653099 0.203231 0.014768 0.014322
0 0.120411 0.911888 0.015140 0.014796
0 0.635219 0.128916 0.014015 0.013872
0 0.477585 0.697911 0.014096 0.014081
0 0.606557 0.701021 0.015060 0.015558
0 0.067999 0.240930 0.015489 0.015512
0 0.411860 0.180022 0.013975 0.014036
0 0.825780 0.357484 0.013269 0.013347
0 0.274233 0.216234 0.015524 0.015888
0 0.364101 0.726338 0.014019 0.014078
0 0.012000 0.917994 0.013609 0.013648
0 0.760041 0.497684 0.013684 0.013688
0 0.326623 0.612950 0.016357 0.016561
0 0.271993 0.236944 0.015544 0.015443
0 0.215705 0.621393 0.014661 0.014145
0 0.318749 0.988927 0.015387 0.015941
0 0.707352 0.877429 0.015742 0.015707
0 0.760574 0.527447 0.014834 0.014757
0 0.350545 0.331187 0.014273 0.014355
0 0.601143 0.373703 0.013311 0.012677
0 0.467063 0.293492 0.015738 0.015501
0 0.497589 0.255200 0.014975 0.015130
0 0.753230 0.193084 0.014224 0.014770
0 0.760998 0.545519 0.014022 0.013790
0 0.391229 0.334517 0.014868 0.014622
0 0.375979 0.227954 0.020563 0.020411
0 0.859289 0.623860 0.015351 0.015060
0 0.142974 0.825739 0.013829 0.013765
0 0.793339 0.558121 0.016043 0.015500
0 0.339996 0.344934 0.013919 0.013864
0 0.755875 0.168055 0.015072 0.015202
0 0.845722 0.720401 0.019430 0.019710
0 0.524150 0.018252 0.016739 0.016433
0 0.856623 0.964076 0.014395 0.014677
0 0.092267 0.911656 0.014270 0.014262
0 0.901139 0.598234 0.015013 0.014974
0 0.702091 0.823008 0.021439 0.020995
0 0.599133 0.265155 0.015215 0.015202
0 0.137548 0.162128 0.015590 0.015228
0 0.531701 0.638569 0.023169 0.022855
0 0.348643 0.085788 0.011561 0.011294
0 0.798573 0.733106 0.018779 0.018136
0 0.481075 0.297804 0.015118 0.014233
0 0.794343 0.733276 0.019790 0.019009
0 0.487774 0.838280 0.011960 0.011394
