0 0.782903 0.522484 0.017099 0.017131
0 0.864280 0.862968 0.014703 0.014694
0 0.716546 0.434164 0.014939 0.014835
0 0.648241 0.578832 0.014867 0.014927
0 0.694875 0.485977 0.014725 0.014789
0 0.074204 0.523779 0.014285 0.014260
0 0.689644 0.718313 0.014989 0.014977
0 0.626435 0.334188 0.014047 0.014142
0 0.195906 0.828043 0.013543 0.013439
0 0.962021 0.207492 0.014598 0.014530
0 0.266212 0.876119 0.014703 0.014514
0 0.088422 0.910736 0.014646 0.014655
0 0.165486 0.466172 0.014743 0.014614
0 0.571064 0.845010 0.017030 0.017087
0 0.316326 0.727521 0.014068 0.013976
0 0.889792 0.379021 0.013861 0.013846
0 0.062815 0.848899 0.014427 0.014343
0 0.635495 0.819673 0.013725 0.013755
0 0.145238 0.870480 0.013815 0.013720
0 0.447782 0.241342 0.015316 0.015332
0 0.739854 0.104994 0.015491 0.015676
0 0.909728 0.372858 0.014645 0.014445
0 0.114121 0.043027 0.015068 0.015042
0 0.548093 0.137754 0.014462 0.014359
0 0.879974 0.349296 0.014256 0.014247
0 0.538415 0.483326 0.018324 0.018406
0 0.256016 0.921414 0.015268 0.015130
0 0.628413 0.135693 0.013942 0.013862
0 0.569315 0.343207 0.014581 0.014642
0 0.309724 0.608552 0.014491 0.014496
0 0.122996 0.810613 0.013966 0.013721
0 0.318747 0.203161 0.014847 0.014644
0 0.044340 0.762174 0.013950 0.014079
0 0.711981 0.681983 0.013087 0.012962
0 0.173680 0.573835 0.016128 0.016034
0 0.570028 0.267004 0.014388 0.014535
0 0.913901 0.191927 0.014093 0.014144
0 0.976274 0.566807 0.013639 0.013724
0 0.273368 0.801675 0.014464 0.014498
0 0.123522 0.526215 0.015690 0.015937
0 0.935360 0.702964 0.014391 0.014183
0 0.578624 0.622700 0.017400 0.017584
0 0.331728 0.515203 0.015244 0.015341
0 0.747135 0.164273 0.014493 0.014452
0 0.209720 0.891192 0.013878 0.013798
0 0.768520 0.360741 0.015927 0.016303
0 0.826773 0.336414 0.016004 0.015940
0 0.662520 0.466482 0.015499 0.015768
0 0.955733 0.948427 0.014775 0.014545
0 0.137586 0.334153 0.014386 0.014337
0 0.795919 0.399885 0.014174 0.014118
0 0.818324 0.651057 0.014276 0.014347
0 0.473906 0.278552 0.014506 0.014449
0 0.485955 0.408818 0.014747 0.014705
0 0.749784 0.315066 0.016095 0.016151
0 0.420837 0.784665 0.014636 0.014610
0 0.343509 0.942449 0.014640 0.014651
0 0.473503 0.551026 0.014539 0.014571
0 0.769750 0.666228 0.013381 0.013579
0 0.107466 0.334177 0.014427 0.014295
0 0.586278 0.154189 0.014226 0.014237
0 0.789130 0.934372 0.014882 0.014837
0 0.675627 0.837877 0.013571 0.013629
0 0.847509 0.952522 0.014643 0.014733
0 0.222241 0.299991 0.015483 0.015630
0 0.212627 0.769803 0.013436 0.013263
0 0.669942 0.633179 0.014552 0.014570
0 0.754201 0.647556 0.016254 0.016169
0 0.780929 0.297653 0.014767 0.014932
0 0.274612 0.027828 0.015061 0.015132
0 0.631627 0.088545 0.016366 0.016349
0 0.027437 0.710463 0.014189 0.014020
0 0.731814 0.947983 0.014115 0.014289
0 0.084799 0.432886 0.015200 0.015373
0 0.683117 0.742930 0.014005 0.013962
0 0.202991 0.609980 0.014906 0.015007
0 0.555448 0.211403 0.014868 0.014959
0 0.164078 0.207996 0.015463 0.015654
0 0.604198 0.581329 0.016292 0.015972
0 0.757739 0.535075 0.014832 0.015263
0 0.035034 0.993071 0.014420 0.013624
0 0.163542 0.677557 0.013834 0.013894
0 0.577965 0.991251 0.014229 0.014128
0 0.467911 0.183476 0.014912 0.014836
0 0.982207 0.071363 0.013776 0.013883
0 0.195180 0.528260 0.015253 0.015075
0 0.534025 0.640704 0.022959 0.022659
0 0.309715 0.290502 0.014496 0.014488
0 0.635315 0.915385 0.014659 0.014747
0 0.482607 0.332120 0.015273 0.015020
0 0.851885 0.718589 0.021856 0.021797
0 0.339553 0.619719 0.015497 0.015352
0 0.347163 0.299402 0.023263 0.023170
0 0.210670 0.378072 0.013795 0.013762
0 0.377796 0.229342 0.019930 0.019910
0 0.794196 0.347126 0.014326 0.014267
0 0.183889 0.364657 0.015519 0.015851
0 0.245625 0.201974 0.014570 0.014294
0 0.235100 0.683411 0.015622 0.015423
0 0.854533 0.423345 0.015688 0.015510
0 0.366583 0.836415 0.015160 0.015162
0 0.169325 0.908736 0.013884 0.013659
0 0.477913 0.225136 0.014235 0.014087
0 0.802887 0.282968 0.015493 0.015381
0 0.692003 0.294766 0.015009 0.014733
0 0.068252 0.576852 0.021914 0.021904
0 0.415083 0.329594 0.015258 0.015494
0 0.231438 0.773334 0.014537 0.014329
0 0.023970 0.007230 0.015317 0.014411
0 0.891101 0.046748 0.015494 0.015562
0 0.877982 0.972108 0.014314 0.014303
0 0.921971 0.147473 0.021311 0.021183
0 0.282180 0.465411 0.014682 0.014461
0 0.518726 0.177995 0.015519 0.015171
0 0.438417 0.010066 0.014196 0.014056
0 0.865998 0.586486 0.015131 0.014769
0 0.562077 0.523093 0.014350 0.014314
0 0.058517 0.375382 0.014104 0.013989
0 0.842311 0.313674 0.015245 0.015243
0 0.746996 0.245168 0.015471 0.015852
0 0.982751 0.420702 0.015070 0.015051
0 0.802327 0.600490 0.015665 0.015579
0 0.860428 0.074834 0.014560 0.014498
0 0.910932 0.992502 0.017639 0.014995
0 0.355873 0.004955 0.014883 0.009909
0 0.302123 0.994286 0.015164 0.011411
0 0.583145 0.731450 0.015818 0.015377
0 0.738715 0.617048 0.014659 0.014137
0 0.788537 0.558981 0.014882 0.014902
0 0.204195 0.253624 0.018377 0.018233
0 0.781649 0.003738 0.016377 0.007475
0 0.136045 0.642240 0.014863 0.014923
0 0.148332 0.660623 0.012451 0.012448
0 0.004602 0.062622 0.009167 0.015848
0 0.473577 0.369383 0.014585 0.014462
0 0.377365 0.740875 0.022673 0.022281
0 0.671359 0.192838 0.019588 0.019336
0 0.726856 0.631861 0.014484 0.014345
0 0.051470 0.337370 0.015119 0.015005
0 0.997562 0.212704 0.004821 0.016022
0 0.889339 0.259429 0.020453 0.020334
0 0.525365 0.018746 0.018758 0.018420
0 0.894776 0.070373 0.015837 0.015882
0 0.002891 0.168863 0.005729 0.014590
0 0.791859 0.749951 0.016214 0.015399
0 0.349472 0.374855 0.015071 0.015131
0 0.366125 0.622279 0.014852 0.014725
0 0.732925 0.817945 0.015777 0.015675
0 0.162278 0.257397 0.015777 0.015560
0 0.988101 0.502891 0.015659 0.016002
0 0.354972 0.651104 0.015740 0.015852
0 0.128944 0.250702 0.016084 0.016516
0 0.540933 0.738248 0.021292 0.021680
0 0.867907 0.693335 0.014781 0.014791
0 0.349745 0.391916 0.014832 0.014707
0 0.280403 0.439287 0.015675 0.015545
0 0.870910 0.623250 0.014542 0.014806
0 0.356588 0.649410 0.016276 0.015751
