0 0.748658 0.618363 0.013258 0.013040
0 0.819089 0.616371 0.013379 0.013391
0 0.425400 0.514853 0.012326 0.012100
0 0.182648 0.347211 0.013474 0.013337
0 0.513232 0.072820 0.012357 0.012268
0 0.306871 0.616284 0.012948 0.012836
0 0.352168 0.160014 0.010865 0.010839
0 0.136919 0.469717 0.011936 0.012011
0 0.937599 0.897966 0.012915 0.012814
0 0.827990 0.764566 0.013116 0.012884
0 0.782971 0.332034 0.013753 0.013772
0 0.291327 0.810530 0.013268 0.013224
0 0.762445 0.716811 0.012264 0.012074
0 0.615660 0.036023 0.013796 0.013769
0 0.234080 0.147611 0.012944 0.012907
0 0.816635 0.498933 0.012731 0.012768
0 0.097594 0.371305 0.012498 0.012282
0 0.457641 0.962438 0.012520 0.012424
0 0.674341 0.616940 0.012742 0.012632
0 0.037669 0.959902 0.013125 0.013170
0 0.386002 0.211218 0.012706 0.012465
0 0.496249 0.179735 0.012949 0.012983
0 0.662641 0.029811 0.013049 0.013097
0 0.917766 0.751894 0.012303 0.012022
0 0.305365 0.549214 0.014354 0.014151
0 0.184992 0.891520 0.012757 0.012684
0 0.571511 0.134315 0.013882 0.013844
0 0.253663 0.219010 0.013764 0.013878
0 0.191136 0.658983 0.011795 0.011472
0 0.847849 0.290443 0.011759 0.011558
0 0.866230 0.659928 0.013244 0.013084
0 0.976888 0.392673 0.012338 0.012270
0 0.514127 0.340690 0.013169 0.012987
0 0.456106 0.659762 0.012860 0.013059
0 0.722405 0.623915 0.011422 0.011195
0 0.109251 0.981064 0.013147 0.013276
0 0.408177 0.641930 0.012996 0.012918
0 0.193943 0.486993 0.011633 0.011544
0 0.175121 0.395243 0.011872 0.011661
0 0.224328 0.392209 0.012169 0.012054
0 0.651550 0.503070 0.011815 0.012021
0 0.402452 0.551211 0.011502 0.011807
0 0.272818 0.701385 0.013033 0.012790
0 0.701521 0.190750 0.012612 0.012610
0 0.776789 0.520867 0.013120 0.013141
0 0.177758 0.950193 0.012723 0.012669
0 0.053454 0.447677 0.012447 0.012392
0 0.316963 0.267135 0.012834 0.012931
0 0.289500 0.267500 0.011763 0.011914
0 0.295185 0.870508 0.012865 0.012708
0 0.105521 0.169976 0.013640 0.013228
0 0.222956 0.469521 0.012465 0.012582
0 0.120645 0.250124 0.012799 0.012518
0 0.394773 0.291346 0.012418 0.012285
0 0.188218 0.309588 0.012940 0.012765
0 0.088579 0.304208 0.013549 0.013486
0 0.673710 0.705705 0.011378 0.011176
0 0.950401 0.629316 0.012352 0.012772
0 0.220947 0.762226 0.013400 0.013156
0 0.373910 0.447999 0.011385 0.011216
0 0.778688 0.118077 0.012099 0.012087
0 0.500321 0.440606 0.012976 0.012855
0 0.448567 0.922054 0.010811 0.010809
0 0.406802 0.053352 0.012337 0.012202
0 0.885075 0.226560 0.012429 0.012203
0 0.400702 0.312920 0.013953 0.013915
0 0.161623 0.823752 0.012643 0.012016
0 0.336622 0.941291 0.011068 0.010967
0 0.440810 0.059555 0.011883 0.011697
0 0.563975 0.889540 0.013729 0.013817
0 0.412170 0.100070 0.013036 0.013124
0 0.541339 0.975257 0.011670 0.011510
0 0.503565 0.726785 0.012021 0.012502
0 0.986948 0.915283 0.011839 0.011567
0 0.836977 0.012661 0.011720 0.011797
0 0.990859 0.656383 0.012484 0.013018
0 0.041399 0.305411 0.012588 0.012480
0 0.440939 0.618933 0.011290 0.011300
0 0.122115 0.717504 0.011358 0.011070
0 0.848506 0.710562 0.022906 0.022468
0 0.679653 0.052338 0.012587 0.012401
0 0.633371 0.805739 0.012583 0.012473
0 0.331064 0.518139 0.012003 0.011677
0 0.163024 0.083330 0.011555 0.011269
0 0.125127 0.447156 0.010677 0.010982
0 0.443150 0.136480 0.011940 0.011731
0 0.139497 0.703776 0.011558 0.011466
0 0.076505 0.713829 0.011890 0.012267
0 0.747961 0.902146 0.011566 0.011754
0 0.719166 0.053996 0.011563 0.011197
0 0.788711 0.410166 0.011789 0.011679
0 0.713095 0.937748 0.011501 0.011543
0 0.407924 0.018592 0.012726 0.012727
0 0.848681 0.976733 0.011306 0.011161
0 0.788978 0.005247 0.011934 0.010495
0 0.526059 0.348629 0.011431 0.011934
0 0.067564 0.684652 0.011545 0.011579
0 0.892640 0.689297 0.013305 0.013330
0 0.752715 0.440699 0.011947 0.011924
0 0.055600 0.685392 0.011674 0.011461
0 0.873059 0.629823 0.010970 0.010825
0 0.010159 0.535701 0.011314 0.011333
0 0.823819 0.184908 0.012383 0.012225
0 0.555254 0.790112 0.010591 0.010737
0 0.901089 0.252389 0.008823 0.009622
0 0.733564 0.300862 0.012451 0.012513
0 0.225535 0.651780 0.012716 0.012495
0 0.531941 0.630025 0.024220 0.023946
0 0.106246 0.107809 0.013647 0.013965
0 0.788637 0.816306 0.009224 0.009235
0 0.483467 0.542599 0.011239 0.011745
