0 0.295800 0.112930 0.013414 0.013343
0 0.748730 0.617493 0.013429 0.013399
0 0.419859 0.600463 0.012436 0.012449
0 0.617112 0.193304 0.013613 0.013614
0 0.358830 0.138748 0.013512 0.013339
0 0.497822 0.041840 0.012760 0.012694
0 0.170190 0.528169 0.012721 0.012417
0 0.525441 0.346835 0.013100 0.012971
0 0.716669 0.119817 0.011596 0.011836
0 0.797318 0.235683 0.012370 0.012366
0 0.891991 0.939616 0.012764 0.012669
0 0.449554 0.111938 0.012535 0.012542
0 0.890357 0.251475 0.012786 0.012811
0 0.675664 0.614636 0.010286 0.009980
0 0.853780 0.230909 0.013038 0.013033
0 0.292924 0.050047 0.013871 0.013967
0 0.146302 0.549031 0.013399 0.013502
0 0.167804 0.699574 0.013868 0.013589
0 0.195648 0.631808 0.012938 0.013024
0 0.585885 0.837775 0.013601 0.013470
0 0.612944 0.678487 0.014302 0.014220
0 0.536757 0.040685 0.013643 0.013551
0 0.112075 0.797268 0.013622 0.013290
0 0.952060 0.196646 0.011913 0.012016
0 0.848673 0.839056 0.013515 0.013335
0 0.307839 0.210235 0.014007 0.014044
0 0.158833 0.141528 0.012871 0.012421
0 0.634445 0.951677 0.014372 0.014439
0 0.055485 0.374079 0.012351 0.012403
0 0.599562 0.785735 0.013093 0.013157
0 0.913483 0.482127 0.013593 0.013357
0 0.435343 0.071119 0.012823 0.012803
0 0.695908 0.889538 0.013349 0.013223
0 0.008409 0.204135 0.013987 0.013628
0 0.504778 0.693243 0.013603 0.013376
0 0.396066 0.170820 0.012209 0.012228
0 0.222862 0.468116 0.012742 0.012819
0 0.559929 0.382425 0.012283 0.012150
0 0.295429 0.536588 0.011866 0.011705
0 0.461144 0.959169 0.013437 0.013345
0 0.316264 0.716125 0.012756 0.012789
0 0.185799 0.889852 0.013404 0.013353
0 0.901266 0.453483 0.011790 0.012041
0 0.468496 0.453649 0.012956 0.013269
0 0.139241 0.641523 0.012386 0.012521
0 0.145235 0.303208 0.012662 0.012720
0 0.543856 0.539340 0.011259 0.011351
0 0.470698 0.840049 0.013391 0.013499
0 0.007614 0.122722 0.012236 0.012475
0 0.544264 0.974083 0.012876 0.012600
0 0.473494 0.474100 0.013611 0.013401
0 0.438515 0.787711 0.011499 0.011553
0 0.083404 0.006298 0.013398 0.012597
0 0.460608 0.723663 0.013934 0.013597
0 0.896563 0.285325 0.011703 0.011350
0 0.495468 0.307718 0.013489 0.013649
0 0.311059 0.870131 0.014088 0.013921
0 0.153587 0.658999 0.012148 0.012165
0 0.357990 0.756694 0.013258 0.013503
0 0.637156 0.973167 0.013135 0.013263
0 0.640716 0.113369 0.012785 0.012768
0 0.550048 0.726968 0.013002 0.013066
0 0.976115 0.306525 0.013468 0.013376
0 0.584535 0.666556 0.013122 0.013107
0 0.655396 0.276574 0.011960 0.011796
0 0.722362 0.502825 0.012280 0.012393
0 0.894667 0.407819 0.011306 0.011416
0 0.103683 0.037282 0.012421 0.012831
0 0.033227 0.466699 0.011025 0.011014
0 0.109384 0.980447 0.013811 0.013705
0 0.813613 0.069180 0.011603 0.011622
0 0.695751 0.003659 0.013220 0.007317
0 0.036166 0.417909 0.012155 0.011971
0 0.005634 0.369355 0.011103 0.012134
0 0.105349 0.918021 0.013121 0.013011
0 0.626947 0.056202 0.011138 0.011471
0 0.331303 0.517829 0.011839 0.011556
0 0.660716 0.003068 0.012456 0.006137
0 0.370080 0.810003 0.010038 0.010038
0 0.879537 0.473511 0.010967 0.011177
0 0.250384 0.427206 0.011823 0.011621
0 0.558187 0.809826 0.010894 0.011001
0 0.248863 0.547315 0.012191 0.011787
0 0.465605 0.288192 0.010120 0.009634
0 0.787781 0.004659 0.012781 0.009319
0 0.225740 0.649350 0.012261 0.011827
0 0.009394 0.481182 0.014002 0.013934
0 0.898037 0.645986 0.010288 0.010371
0 0.392370 0.484799 0.011381 0.011585
0 0.712071 0.444382 0.012555 0.012662
0 0.997295 0.902717 0.005334 0.013351
0 0.322976 0.953176 0.011971 0.012264
0 0.531851 0.207638 0.010939 0.010848
0 0.588933 0.123726 0.010911 0.010600
0 0.423448 0.554524 0.014307 0.014043
0 0.995807 0.344951 0.008386 0.011991
0 0.078633 0.534336 0.012266 0.012228
0 0.255516 0.841028 0.011187 0.011177
0 0.772639 0.004677 0.011793 0.009354
0 0.825245 0.733649 0.013078 0.013268
0 0.210521 0.927264 0.011587 0.011557
