0 0.548304 0.026184 0.013435 0.013155
0 0.395509 0.029360 0.012490 0.012476
0 0.254424 0.199276 0.012335 0.012331
0 0.084629 0.663957 0.013691 0.013543
0 0.525110 0.347110 0.013269 0.013047
0 0.762608 0.271151 0.013116 0.012758
0 0.361556 0.360326 0.012712 0.012687
0 0.417662 0.203502 0.014046 0.014031
0 0.520542 0.125692 0.011482 0.011303
0 0.781970 0.430934 0.012824 0.012703
0 0.682433 0.154687 0.012783 0.012822
0 0.564024 0.326751 0.013676 0.013710
0 0.052010 0.020586 0.011072 0.010697
0 0.907032 0.457690 0.012617 0.012393
0 0.476907 0.367910 0.011967 0.011840
0 0.606696 0.401172 0.011753 0.011887
0 0.749459 0.617090 0.013562 0.013499
0 0.590646 0.640821 0.011162 0.011074
0 0.907868 0.022869 0.012634 0.012732
0 0.706998 0.386425 0.012743 0.012796
0 0.857187 0.291852 0.013671 0.013692
0 0.170848 0.567837 0.011695 0.012069
0 0.701698 0.903704 0.012003 0.011913
0 0.463499 0.529758 0.012572 0.012543
0 0.507619 0.833086 0.012882 0.012788
0 0.085648 0.153742 0.013116 0.012970
0 0.875657 0.202830 0.012752 0.012770
0 0.803144 0.496925 0.012958 0.012897
0 0.574311 0.552943 0.012545 0.012511
0 0.985858 0.216889 0.011836 0.011746
0 0.649886 0.374115 0.012888 0.012757
0 0.193637 0.167290 0.014690 0.014684
0 0.911968 0.115415 0.012677 0.012709
0 0.945383 0.059313 0.011613 0.011608
0 0.331906 0.517152 0.011869 0.011961
0 0.060663 0.134502 0.011521 0.011572
0 0.721414 0.567686 0.012429 0.012455
0 0.375535 0.005065 0.011887 0.010131
0 0.008353 0.707891 0.012924 0.012961
0 0.461563 0.960558 0.013533 0.013448
0 0.219892 0.692724 0.012892 0.012577
0 0.992738 0.366460 0.011002 0.010897
0 0.108018 0.508054 0.013202 0.012935
0 0.484035 0.806625 0.012703 0.012911
0 0.757781 0.129773 0.011176 0.011279
0 0.428966 0.170666 0.013619 0.013463
0 0.005298 0.808074 0.010499 0.012840
0 0.005671 0.594529 0.011187 0.012137
0 0.250197 0.617285 0.012951 0.012740
0 0.596681 0.065939 0.013041 0.012933
0 0.763129 0.228648 0.011011 0.011149
0 0.222962 0.467458 0.012845 0.012907
0 0.322612 0.556583 0.011576 0.011561
0 0.654117 0.248984 0.013442 0.013595
0 0.751889 0.727924 0.011193 0.012054
0 0.389883 0.756290 0.012187 0.012264
0 0.181111 0.870490 0.012294 0.012223
0 0.611802 0.013966 0.011591 0.011403
0 0.096829 0.832840 0.013690 0.013443
0 0.058111 0.180012 0.011846 0.012311
0 0.346278 0.029735 0.012192 0.012566
0 0.471402 0.130624 0.011742 0.011645
0 0.453716 0.068560 0.011468 0.011807
0 0.544428 0.973149 0.012742 0.012486
0 0.179472 0.789374 0.011040 0.011158
0 0.044569 0.275317 0.011940 0.012089
0 0.187022 0.891158 0.012541 0.012468
0 0.226624 0.648620 0.012151 0.011843
0 0.225931 0.889243 0.011395 0.011387
0 0.038653 0.305559 0.012312 0.011853
0 0.313837 0.928940 0.009368 0.009274
0 0.373035 0.198421 0.012248 0.012259
0 0.787686 0.004810 0.012861 0.009529
0 0.123267 0.705239 0.011580 0.011361
0 0.048573 0.355105 0.013295 0.013449
0 0.204095 0.629678 0.012815 0.012851
0 0.891603 0.662141 0.011686 0.011690
0 0.108598 0.979929 0.013299 0.013588
0 0.972543 0.281393 0.012800 0.012842
0 0.512213 0.385955 0.012286 0.012108
0 0.396145 0.944849 0.009494 0.009349
0 0.123818 0.622354 0.012464 0.012160
0 0.358841 0.813822 0.009390 0.009393
0 0.598667 0.371635 0.011069 0.011915
0 0.560448 0.459426 0.011216 0.011125
0 0.863465 0.433428 0.011837 0.011699
0 0.423344 0.554645 0.014038 0.013809
0 0.218560 0.629367 0.013050 0.013000
0 0.766293 0.451830 0.010310 0.010310
0 0.147714 0.437513 0.011433 0.011421
0 0.126203 0.488662 0.011476 0.011667
0 0.285594 0.157617 0.011464 0.011146
0 0.370400 0.758335 0.010870 0.010649
0 0.475977 0.305869 0.011045 0.011023
0 0.345772 0.295521 0.023158 0.022877
0 0.345783 0.936046 0.009910 0.009737
