0 0.108969 0.817437 0.014628 0.014505
0 0.782783 0.899031 0.012641 0.012700
0 0.733239 0.894741 0.013318 0.013282
0 0.417877 0.353763 0.014071 0.013801
0 0.291064 0.202099 0.012918 0.012961
0 0.603269 0.899607 0.012308 0.012183
0 0.866508 0.336269 0.012532 0.012298
0 0.785748 0.141063 0.013703 0.013607
0 0.672391 0.785375 0.012173 0.012101
0 0.521540 0.499436 0.013342 0.013346
0 0.185303 0.617033 0.012350 0.012247
0 0.200038 0.395644 0.012492 0.012343
0 0.815803 0.966747 0.012160 0.012311
0 0.832663 0.345812 0.013404 0.013406
0 0.645035 0.936546 0.013875 0.013875
0 0.247704 0.036148 0.013607 0.013464
0 0.312065 0.592354 0.013943 0.013909
0 0.947395 0.975292 0.012417 0.012370
0 0.708729 0.464996 0.012602 0.012570
0 0.804621 0.025002 0.013113 0.012763
0 0.891755 0.815678 0.012140 0.011982
0 0.106221 0.937790 0.011880 0.011643
0 0.233185 0.624431 0.012545 0.012490
0 0.755318 0.022570 0.012316 0.012068
0 0.942500 0.283601 0.012409 0.012132
0 0.032728 0.137856 0.013458 0.013337
0 0.374042 0.596608 0.013260 0.013268
0 0.778489 0.516908 0.014718 0.014559
0 0.239970 0.969586 0.012746 0.012678
0 0.869170 0.087248 0.014451 0.014603
0 0.434297 0.090670 0.012851 0.012603
0 0.027970 0.686732 0.013882 0.013915
0 0.184188 0.429336 0.013694 0.013526
0 0.531536 0.434367 0.012710 0.012558
0 0.700659 0.336036 0.013772 0.013871
0 0.580946 0.326381 0.013926 0.013639
0 0.333108 0.532893 0.013354 0.013219
0 0.710456 0.955654 0.012401 0.012163
0 0.157823 0.788444 0.012842 0.012866
0 0.560167 0.018384 0.013259 0.013265
0 0.538607 0.902499 0.015698 0.015800
0 0.648823 0.577040 0.012824 0.012830
0 0.614007 0.420560 0.013499 0.013565
0 0.578823 0.262117 0.012636 0.012628
0 0.574630 0.132498 0.013736 0.013611
0 0.052752 0.840970 0.012884 0.013065
0 0.842540 0.428923 0.012756 0.012989
0 0.594129 0.162206 0.013774 0.013750
0 0.371800 0.164955 0.013296 0.013118
0 0.019271 0.645301 0.013055 0.013393
0 0.544958 0.263353 0.012756 0.013003
0 0.941678 0.482589 0.013168 0.013301
0 0.898650 0.947581 0.012589 0.012403
0 0.372624 0.243866 0.013187 0.013266
0 0.568701 0.701253 0.013771 0.013662
0 0.538903 0.397935 0.012726 0.012630
0 0.876852 0.638535 0.013530 0.013407
0 0.526736 0.218057 0.013454 0.013686
0 0.931633 0.612448 0.012890 0.012969
0 0.342148 0.863866 0.014746 0.014776
0 0.094997 0.545821 0.013124 0.013142
0 0.776233 0.458411 0.014121 0.014094
0 0.461780 0.340290 0.012768 0.012785
0 0.633664 0.563032 0.013313 0.013154
0 0.202165 0.493941 0.013355 0.013490
0 0.159381 0.859408 0.013091 0.012969
0 0.871352 0.052325 0.013513 0.013496
0 0.865946 0.551580 0.014084 0.014049
0 0.111618 0.391575 0.013286 0.013158
0 0.538008 0.871456 0.014607 0.014566
0 0.374412 0.908850 0.013472 0.013262
0 0.857023 0.665805 0.013201 0.013217
0 0.668086 0.225065 0.014311 0.014061
0 0.372309 0.696016 0.014181 0.013998
0 0.466224 0.486416 0.012987 0.012983
0 0.661619 0.678662 0.012939 0.012864
0 0.377885 0.370947 0.012708 0.012537
0 0.152635 0.438046 0.014098 0.013844
0 0.447245 0.707446 0.013273 0.013431
0 0.515068 0.581496 0.014281 0.014186
0 0.933193 0.767486 0.014809 0.014860
0 0.693582 0.234490 0.013610 0.013301
0 0.868653 0.734668 0.010254 0.010185
0 0.878528 0.170463 0.013369 0.013302
0 0.798006 0.335057 0.014391 0.014322
0 0.677774 0.104194 0.013754 0.013739
0 0.332281 0.560828 0.012608 0.012549
0 0.941626 0.844736 0.013286 0.013528
0 0.831932 0.138328 0.013717 0.014164
0 0.121060 0.144045 0.014474 0.014459
0 0.156279 0.219819 0.013212 0.013000
0 0.271331 0.325155 0.014513 0.014246
0 0.801600 0.219517 0.015082 0.015117
0 0.344116 0.027046 0.013038 0.013303
0 0.459001 0.293291 0.012262 0.012254
0 0.591274 0.838964 0.012419 0.012311
0 0.562006 0.496049 0.012930 0.013281
0 0.584981 0.716497 0.013653 0.013622
0 0.552440 0.602934 0.012728 0.013029
0 0.247430 0.136004 0.012887 0.012852
0 0.439696 0.833629 0.014492 0.014662
0 0.226071 0.580824 0.014080 0.014142
0 0.322771 0.424489 0.014412 0.014338
0 0.780605 0.635566 0.013278 0.013252
0 0.687718 0.686963 0.013041 0.013227
0 0.556700 0.652110 0.012154 0.012298
0 0.189320 0.007508 0.013232 0.013433
0 0.942444 0.412804 0.012041 0.011979
0 0.420241 0.942780 0.015105 0.015129
0 0.442480 0.970060 0.011919 0.011969
0 0.986759 0.138504 0.014678 0.014301
0 0.664237 0.005612 0.012513 0.011224
0 0.542811 0.375542 0.013313 0.013287
0 0.592974 0.183614 0.013202 0.012812
0 0.330343 0.764010 0.013539 0.013848
0 0.316327 0.128703 0.013586 0.013527
0 0.447579 0.907194 0.014077 0.014340
0 0.035405 0.215414 0.014721 0.014599
0 0.175825 0.205569 0.013462 0.013584
0 0.496661 0.026232 0.013953 0.013652
0 0.861774 0.245958 0.014024 0.014152
0 0.062730 0.584479 0.013161 0.013059
0 0.752022 0.530559 0.013712 0.013585
0 0.551503 0.479314 0.012491 0.012425
0 0.322764 0.915524 0.014239 0.014284
0 0.102130 0.269860 0.013764 0.013743
0 0.449352 0.382170 0.013998 0.013851
0 0.024290 0.381244 0.014010 0.013557
0 0.743661 0.406299 0.014108 0.013607
0 0.659484 0.849015 0.012981 0.012990
0 0.790081 0.187456 0.012633 0.012360
0 0.492031 0.450586 0.013747 0.013959
0 0.738604 0.319504 0.013562 0.013681
0 0.309523 0.045441 0.013502 0.013173
0 0.182872 0.293482 0.013678 0.013448
0 0.050751 0.435407 0.014044 0.014023
0 0.217733 0.137436 0.013385 0.013186
0 0.873051 0.995994 0.014465 0.008007
0 0.047108 0.973797 0.013103 0.013202
0 0.645589 0.261249 0.013356 0.013233
0 0.341142 0.992661 0.012711 0.012704
0 0.958841 0.561239 0.012282 0.012128
0 0.131694 0.668783 0.013624 0.013577
0 0.934218 0.005264 0.013994 0.010529
0 0.035632 0.870322 0.012481 0.012405
0 0.370726 0.648151 0.013574 0.013579
0 0.834756 0.013625 0.014789 0.014909
0 0.844993 0.184883 0.014355 0.014503
0 0.974682 0.175029 0.013276 0.013236
0 0.480517 0.106346 0.013528 0.013204
0 0.483228 0.266448 0.013872 0.013846
0 0.165878 0.657596 0.014443 0.014237
0 0.340253 0.084560 0.014237 0.013937
0 0.530377 0.021866 0.012866 0.013046
0 0.460260 0.594484 0.013337 0.013270
0 0.407723 0.454526 0.015030 0.014613
0 0.961351 0.878389 0.013806 0.013616
0 0.770538 0.598689 0.014834 0.014820
0 0.909226 0.996940 0.011949 0.006098
0 0.164780 0.563463 0.013411 0.013379
0 0.937575 0.871787 0.012229 0.012012
0 0.454425 0.013663 0.013116 0.013409
0 0.981919 0.192356 0.013070 0.013091
0 0.227878 0.199888 0.014106 0.014035
0 0.696441 0.815344 0.016788 0.016636
0 0.123650 0.160485 0.013565 0.013550
0 0.812325 0.772384 0.012260 0.011949
0 0.263963 0.070098 0.012011 0.011993
0 0.455189 0.557542 0.012609 0.012675
0 0.722914 0.822533 0.009969 0.009694
0 0.581257 0.612413 0.013106 0.013088
0 0.532658 0.628146 0.019015 0.018583
0 0.387433 0.972431 0.012117 0.011998
0 0.002726 0.503474 0.005425 0.014459
0 0.922170 0.843865 0.013726 0.013949
0 0.996705 0.734068 0.006564 0.010830
0 0.265312 0.012365 0.013983 0.014038
0 0.910052 0.971625 0.011102 0.010980
0 0.995137 0.896115 0.009722 0.013621
0 0.226632 0.682401 0.015776 0.015644
0 0.807638 0.786523 0.012444 0.012563
0 0.368576 0.186526 0.012672 0.012627
0 0.187233 0.551101 0.014763 0.014972
0 0.243896 0.728667 0.014034 0.013951
0 0.060761 0.956804 0.013000 0.012537
0 0.270990 0.668803 0.013634 0.013947
0 0.077269 0.710922 0.014998 0.015091
0 0.863025 0.011007 0.013314 0.013469
0 0.847562 0.580743 0.013191 0.013110
0 0.778139 0.775633 0.011313 0.010970
0 0.599227 0.667950 0.012916 0.012258
0 0.579867 0.363927 0.013272 0.012972
0 0.380644 0.006381 0.015413 0.012733
0 0.578605 0.362753 0.011781 0.011954
0 0.950408 0.694128 0.013084 0.014902
0 0.050193 0.233758 0.014366 0.014126
0 0.267041 0.719116 0.014388 0.014168
0 0.607221 0.680560 0.014930 0.014501
0 0.141817 0.798931 0.014387 0.014424
0 0.020702 0.447972 0.014899 0.014522
0 0.592123 0.610017 0.014234 0.013996
