0 0.405169 0.864608 0.012581 0.012405
0 0.788208 0.856108 0.013956 0.013879
0 0.152146 0.218353 0.014034 0.014037
0 0.727436 0.892312 0.012956 0.012908
0 0.538284 0.544715 0.013491 0.013470
0 0.971836 0.781537 0.012897 0.012875
0 0.104611 0.286968 0.013154 0.012920
0 0.712423 0.529153 0.013597 0.013663
0 0.890629 0.847752 0.011781 0.011742
0 0.402280 0.327411 0.014301 0.014166
0 0.689654 0.730038 0.013225 0.013249
0 0.753234 0.659966 0.012203 0.011916
0 0.904310 0.687425 0.012085 0.012045
0 0.632703 0.392532 0.013058 0.013019
0 0.877788 0.664598 0.012690 0.012597
0 0.694839 0.355799 0.013428 0.013630
0 0.472043 0.244873 0.012990 0.013057
0 0.656341 0.817028 0.011795 0.011760
0 0.523785 0.349317 0.013219 0.012994
0 0.777510 0.331726 0.013227 0.013235
0 0.404329 0.439296 0.012478 0.012309
0 0.249405 0.143485 0.013125 0.013047
0 0.448042 0.961340 0.013024 0.012788
0 0.602150 0.523861 0.011901 0.011930
0 0.466508 0.969187 0.012950 0.012823
0 0.260739 0.866260 0.013089 0.013107
0 0.132345 0.266455 0.012197 0.012246
0 0.383143 0.542734 0.012525 0.012464
0 0.541743 0.974554 0.012197 0.011975
0 0.640732 0.335657 0.011967 0.012120
0 0.174554 0.301012 0.012441 0.012231
0 0.505005 0.557281 0.011908 0.011953
0 0.438349 0.042312 0.013444 0.013403
0 0.338574 0.463256 0.013367 0.013196
0 0.710136 0.982663 0.012680 0.012920
0 0.661555 0.841810 0.012337 0.012357
0 0.741587 0.284871 0.011852 0.011794
0 0.184116 0.891820 0.012637 0.012595
0 0.917938 0.840000 0.013556 0.013739
0 0.410526 0.549166 0.012857 0.012668
0 0.140237 0.292866 0.012012 0.012163
0 0.091190 0.903495 0.012323 0.012167
0 0.107748 0.980760 0.013030 0.013060
0 0.266160 0.323590 0.012339 0.012311
0 0.298732 0.065613 0.013359 0.013183
0 0.330207 0.518851 0.011929 0.011992
0 0.686672 0.090940 0.012894 0.012933
0 0.966471 0.619939 0.011702 0.011153
0 0.221754 0.470089 0.012626 0.012610
0 0.670658 0.393034 0.012400 0.012833
0 0.285585 0.614379 0.012790 0.012511
0 0.791833 0.106186 0.011814 0.011628
0 0.371163 0.585648 0.012078 0.012086
0 0.653781 0.138310 0.013395 0.013285
0 0.656220 0.211822 0.013739 0.014077
0 0.737317 0.180963 0.011988 0.012080
0 0.408142 0.487423 0.011874 0.012034
0 0.142777 0.503563 0.012664 0.012377
0 0.322350 0.818501 0.012041 0.011984
0 0.074125 0.548719 0.012069 0.011983
0 0.368975 0.384475 0.012590 0.012647
0 0.762396 0.169760 0.011722 0.011921
0 0.261985 0.388827 0.011246 0.011204
0 0.722857 0.835351 0.012939 0.012841
0 0.893336 0.035788 0.012167 0.012233
0 0.031784 0.285203 0.014176 0.013936
0 0.791820 0.986491 0.012510 0.012555
0 0.079365 0.736485 0.014036 0.013802
0 0.315195 0.687749 0.012751 0.012856
0 0.780182 0.417847 0.012020 0.011828
0 0.482922 0.033137 0.012021 0.012037
0 0.942072 0.426007 0.012784 0.013082
0 0.171231 0.353429 0.013697 0.014162
0 0.089347 0.139209 0.012512 0.012527
0 0.377968 0.731086 0.016440 0.016004
0 0.145079 0.640136 0.011923 0.011809
0 0.372280 0.264522 0.014375 0.014634
0 0.222964 0.648627 0.012339 0.012276
0 0.856411 0.156401 0.014519 0.014138
0 0.649461 0.650434 0.013130 0.012908
0 0.035301 0.484990 0.010959 0.010786
0 0.971917 0.577171 0.011449 0.011546
0 0.841840 0.174986 0.014086 0.014235
0 0.677774 0.538688 0.010371 0.010297
0 0.400031 0.080498 0.012664 0.012498
0 0.352924 0.649732 0.011838 0.011840
0 0.181295 0.060831 0.013791 0.013500
0 0.440385 0.060169 0.012123 0.012468
0 0.787046 0.005770 0.013414 0.011541
0 0.850365 0.712537 0.019880 0.019544
0 0.492222 0.542951 0.011582 0.011846
0 0.532605 0.630044 0.023297 0.022746
0 0.117276 0.426550 0.009391 0.009548
0 0.137134 0.667307 0.011816 0.012060
0 0.874991 0.259135 0.012452 0.012156
0 0.055581 0.277686 0.011940 0.011987
0 0.539481 0.502284 0.011219 0.012745
0 0.082534 0.066930 0.014348 0.014063
0 0.356502 0.273222 0.011181 0.010687
0 0.094294 0.457629 0.011349 0.011303
0 0.610356 0.079591 0.013728 0.013710
0 0.607313 0.657654 0.010939 0.010724
0 0.470396 0.882316 0.010655 0.010406
0 0.676624 0.537346 0.010332 0.010033
0 0.537160 0.500337 0.010991 0.011469
0 0.784398 0.005818 0.014717 0.011616
0 0.356119 0.275289 0.011299 0.011341
0 0.496287 0.991813 0.008898 0.009189
0 0.607467 0.117700 0.012616 0.012618
