0 0.198236 0.147868 0.013203 0.013081
0 0.462011 0.105183 0.014815 0.014881
0 0.763558 0.067055 0.013464 0.013445
0 0.737042 0.142058 0.013766 0.013774
0 0.749144 0.617189 0.013479 0.013526
0 0.582851 0.819230 0.013323 0.013436
0 0.851813 0.531768 0.012657 0.012772
0 0.555679 0.084557 0.012888 0.012877
0 0.080969 0.076097 0.012783 0.012661
0 0.524538 0.347206 0.013436 0.013181
0 0.432090 0.482545 0.013987 0.013877
0 0.550485 0.377674 0.011376 0.011242
0 0.792955 0.224985 0.013098 0.013205
0 0.928835 0.328642 0.013400 0.013114
0 0.578308 0.227105 0.013743 0.013747
0 0.612745 0.583750 0.013159 0.013131
0 0.206411 0.501963 0.012468 0.012507
0 0.637707 0.967085 0.014380 0.014163
0 0.240068 0.231391 0.012560 0.012428
0 0.699583 0.117177 0.011899 0.011859
0 0.705969 0.974692 0.013790 0.013625
0 0.486399 0.839461 0.012318 0.011827
0 0.904084 0.713066 0.013070 0.013032
0 0.442292 0.705746 0.013590 0.013435
0 0.902658 0.444141 0.013083 0.013225
0 0.368624 0.641528 0.013766 0.013848
0 0.816470 0.873828 0.012663 0.012689
0 0.215567 0.220451 0.014191 0.014032
0 0.454212 0.609707 0.013516 0.013456
0 0.406056 0.398980 0.011428 0.011371
0 0.129317 0.902769 0.013414 0.013343
0 0.145017 0.304245 0.011979 0.012114
0 0.813269 0.460845 0.012495 0.012895
0 0.125384 0.621580 0.012537 0.012509
0 0.808512 0.063024 0.012815 0.012752
0 0.327680 0.473052 0.012551 0.012481
0 0.304756 0.667334 0.013490 0.013439
0 0.092342 0.139863 0.012638 0.013008
0 0.495106 0.929071 0.013111 0.012970
0 0.949673 0.233079 0.012671 0.012730
0 0.612722 0.276793 0.012969 0.013199
0 0.875903 0.472526 0.011240 0.011030
0 0.926613 0.575588 0.012367 0.012170
0 0.332328 0.517965 0.011696 0.011696
0 0.636613 0.452558 0.012779 0.012808
0 0.498014 0.139411 0.012763 0.012636
0 0.058806 0.839049 0.012803 0.012424
0 0.181380 0.347372 0.011204 0.011401
0 0.453627 0.069816 0.011284 0.011256
0 0.118560 0.410560 0.011134 0.011108
0 0.579179 0.035246 0.013186 0.013287
0 0.483761 0.162637 0.013844 0.014067
0 0.562469 0.733611 0.013813 0.014023
0 0.153374 0.691620 0.013805 0.013740
0 0.643493 0.267224 0.011577 0.011594
0 0.165765 0.032775 0.011886 0.011891
0 0.459915 0.764161 0.012939 0.013210
0 0.460716 0.958898 0.013478 0.013531
0 0.109629 0.980142 0.013656 0.013624
0 0.442822 0.057793 0.013033 0.013068
0 0.590654 0.060129 0.011506 0.011290
0 0.403661 0.355788 0.012615 0.012381
0 0.053162 0.063293 0.012575 0.012600
0 0.432203 0.301592 0.012563 0.012453
0 0.535303 0.141540 0.011829 0.011693
0 0.858509 0.443898 0.012307 0.012289
0 0.547735 0.122923 0.010641 0.010363
0 0.801308 0.003246 0.010630 0.006492
0 0.621622 0.530848 0.011871 0.011901
0 0.272614 0.938781 0.012424 0.012519
0 0.226244 0.650250 0.012496 0.012012
0 0.776974 0.004913 0.013999 0.009826
0 0.107327 0.945486 0.012787 0.012537
0 0.953249 0.997248 0.011793 0.005489
0 0.043747 0.576710 0.010686 0.011157
0 0.073546 0.355069 0.011945 0.012245
0 0.987285 0.010454 0.012773 0.012505
0 0.818318 0.776789 0.011360 0.011071
0 0.065854 0.641432 0.010618 0.010692
0 0.371691 0.807895 0.011031 0.011285
0 0.699719 0.820221 0.013631 0.013330
0 0.634096 0.007673 0.014245 0.014129
0 0.369194 0.706862 0.011592 0.011769
0 0.556907 0.971137 0.014196 0.014167
0 0.235715 0.527955 0.011461 0.011499
0 0.554718 0.971556 0.014215 0.014252
0 0.101566 0.635991 0.011647 0.011759
0 0.530464 0.635488 0.023446 0.023571
0 0.100245 0.635045 0.011513 0.011741
0 0.176298 0.881267 0.012484 0.012225
0 0.177680 0.882670 0.012955 0.012854
0 0.552048 0.707415 0.010867 0.010604
0 0.222624 0.467745 0.012942 0.013243
