0 0.222661 0.115680 0.013299 0.013065
0 0.608994 0.940964 0.013371 0.013297
0 0.135574 0.107284 0.012805 0.012716
0 0.073699 0.218107 0.011592 0.011400
0 0.064228 0.739787 0.013309 0.013313
0 0.451079 0.408638 0.012564 0.012304
0 0.373034 0.354893 0.012562 0.012520
0 0.735736 0.964600 0.013408 0.013100
0 0.623813 0.608092 0.012845 0.012671
0 0.339930 0.327585 0.011239 0.010956
0 0.087119 0.542888 0.013645 0.013592
0 0.380466 0.868359 0.012915 0.012828
0 0.501354 0.352354 0.013282 0.013166
0 0.501073 0.931682 0.013758 0.013820
0 0.050508 0.221943 0.011800 0.011499
0 0.322065 0.446494 0.013908 0.013860
0 0.204211 0.058363 0.013531 0.013621
0 0.491807 0.526325 0.013225 0.013250
0 0.324983 0.115299 0.014791 0.014783
0 0.677716 0.460270 0.012646 0.012751
0 0.360052 0.546717 0.011955 0.012425
0 0.692838 0.477102 0.011919 0.012058
0 0.070533 0.464607 0.014155 0.014035
0 0.306411 0.071044 0.013641 0.013689
0 0.396344 0.539212 0.013346 0.013178
0 0.444759 0.960826 0.013692 0.013743
0 0.771868 0.522907 0.012850 0.012782
0 0.313825 0.258283 0.013715 0.013752
0 0.571282 0.622920 0.013742 0.013602
0 0.145003 0.344788 0.013901 0.013965
0 0.523819 0.349131 0.013501 0.013365
0 0.528001 0.430111 0.012883 0.012613
0 0.777913 0.654542 0.014105 0.014117
0 0.747868 0.619888 0.013288 0.013271
0 0.753821 0.499978 0.013690 0.013655
0 0.649662 0.677954 0.012947 0.012847
0 0.785444 0.754215 0.013884 0.013990
0 0.742427 0.821481 0.013315 0.013476
0 0.019986 0.051538 0.012496 0.012475
0 0.038260 0.068186 0.013201 0.013190
0 0.943977 0.032988 0.012532 0.012787
0 0.330800 0.518573 0.012477 0.012420
0 0.786397 0.383512 0.012060 0.011865
0 0.266526 0.278419 0.013365 0.013551
0 0.179754 0.618114 0.011986 0.011933
0 0.855891 0.937715 0.013401 0.013268
0 0.441479 0.099794 0.014445 0.014348
0 0.535703 0.975953 0.011680 0.011317
0 0.857730 0.258445 0.012453 0.012261
0 0.750355 0.186419 0.013042 0.013052
0 0.773508 0.557264 0.013357 0.013518
0 0.208737 0.285524 0.012944 0.013040
0 0.246917 0.944468 0.013937 0.013995
0 0.939733 0.006908 0.011997 0.012435
0 0.775921 0.589932 0.011569 0.011930
0 0.347756 0.266150 0.013723 0.013624
0 0.258186 0.922509 0.011917 0.011632
0 0.851280 0.712681 0.022473 0.022128
0 0.224110 0.647929 0.011795 0.011628
0 0.095831 0.207253 0.012780 0.012439
0 0.603200 0.785388 0.012830 0.012698
0 0.462345 0.158373 0.012737 0.012566
0 0.184581 0.892178 0.012961 0.013069
0 0.062555 0.278658 0.011679 0.011654
0 0.672534 0.319534 0.012299 0.012399
0 0.485424 0.241083 0.012181 0.012367
0 0.681537 0.145021 0.013146 0.013339
0 0.819362 0.290631 0.012664 0.012692
0 0.908728 0.154831 0.012352 0.012446
0 0.904764 0.431577 0.012691 0.012270
0 0.289994 0.613273 0.013206 0.013118
0 0.658152 0.279482 0.013437 0.013401
0 0.180664 0.398856 0.013211 0.013478
0 0.747024 0.997847 0.011677 0.004275
0 0.599364 0.500899 0.012816 0.012657
0 0.221407 0.470024 0.013053 0.013089
0 0.686582 0.720423 0.012480 0.012227
0 0.242462 0.528344 0.013396 0.013692
0 0.671053 0.174954 0.014467 0.014318
0 0.095930 0.288555 0.011708 0.012147
0 0.352781 0.041215 0.013048 0.012870
0 0.028199 0.731920 0.011771 0.011940
0 0.441383 0.059506 0.012529 0.012467
0 0.082116 0.385171 0.012472 0.012393
0 0.430370 0.739252 0.011775 0.011844
0 0.910783 0.833397 0.011174 0.010978
0 0.819793 0.518645 0.012602 0.012534
0 0.014839 0.632100 0.012484 0.012789
0 0.108411 0.981362 0.013574 0.013768
0 0.541862 0.520367 0.013190 0.013441
0 0.746616 0.996849 0.011450 0.006289
0 0.153823 0.224147 0.012856 0.012634
0 0.583840 0.462703 0.011062 0.010834
0 0.533704 0.630249 0.023865 0.023770
0 0.490343 0.543363 0.011161 0.010865
0 0.157048 0.223820 0.012490 0.012391
0 0.060089 0.499681 0.011437 0.011444
0 0.061305 0.498590 0.011417 0.011356
0 0.791351 0.021248 0.010282 0.010538
0 0.542876 0.769060 0.012924 0.012617
0 0.788434 0.005146 0.012415 0.010291
0 0.020352 0.542935 0.011820 0.010889
0 0.525540 0.574319 0.012693 0.012671
0 0.057268 0.501996 0.011409 0.011099
0 0.022744 0.917503 0.013975 0.013857
0 0.973283 0.216305 0.011839 0.011796
0 0.693149 0.391105 0.012777 0.012552
0 0.940344 0.589396 0.013431 0.013217
0 0.147440 0.414899 0.010856 0.010779
0 0.018856 0.543566 0.011311 0.011166
