0 0.656747 0.496320 0.013305 0.013488
0 0.901926 0.458130 0.013062 0.013006
0 0.810553 0.321650 0.012570 0.012268
0 0.865322 0.431505 0.012212 0.012009
0 0.163275 0.786324 0.013161 0.013184
0 0.195296 0.733765 0.012676 0.012586
0 0.868820 0.628233 0.013533 0.013357
0 0.163102 0.339641 0.012717 0.012859
0 0.044380 0.698584 0.012654 0.012480
0 0.071564 0.839298 0.013099 0.013015
0 0.812422 0.452876 0.012727 0.012544
0 0.482742 0.957990 0.013434 0.012963
0 0.956551 0.509301 0.015757 0.015537
0 0.211024 0.850872 0.012592 0.012542
0 0.665355 0.433687 0.012928 0.012925
0 0.385253 0.863214 0.012259 0.012077
0 0.109671 0.738512 0.012594 0.012409
0 0.772030 0.034978 0.013506 0.013184
0 0.760511 0.580245 0.012206 0.011923
0 0.567192 0.575689 0.011551 0.011443
0 0.552444 0.295799 0.012881 0.012813
0 0.823710 0.650390 0.013693 0.013870
0 0.601853 0.286511 0.013088 0.012794
0 0.753483 0.650159 0.013086 0.013123
0 0.006699 0.365679 0.012783 0.013034
0 0.138308 0.232909 0.012527 0.012552
0 0.598594 0.041300 0.012860 0.012743
0 0.625210 0.590405 0.012498 0.012378
0 0.008645 0.187590 0.011627 0.011598
0 0.618572 0.551527 0.013387 0.013412
0 0.144069 0.138464 0.011283 0.011152
0 0.038559 0.463365 0.013311 0.013220
0 0.155566 0.083821 0.012765 0.012555
0 0.577169 0.459933 0.014250 0.014081
0 0.778932 0.522825 0.012170 0.011835
0 0.431198 0.827559 0.012403 0.012452
0 0.498044 0.631091 0.012556 0.012505
0 0.311518 0.319472 0.012956 0.013137
0 0.156310 0.523931 0.012631 0.012700
0 0.290847 0.659632 0.012834 0.012825
0 0.272493 0.783435 0.012660 0.012554
0 0.372635 0.932241 0.013521 0.013570
0 0.286747 0.242219 0.013075 0.013125
0 0.160096 0.956610 0.012674 0.012617
0 0.463187 0.831037 0.012583 0.012567
0 0.534054 0.462194 0.011667 0.011670
0 0.940095 0.603282 0.013282 0.013349
0 0.529105 0.902405 0.012622 0.012420
0 0.755789 0.018860 0.014622 0.014579
0 0.624274 0.020811 0.012080 0.012022
0 0.628650 0.575747 0.012475 0.012764
0 0.005334 0.416993 0.010668 0.012913
0 0.590508 0.208707 0.013131 0.013150
0 0.082328 0.378152 0.013562 0.013412
0 0.265047 0.905513 0.012350 0.012471
0 0.005814 0.798519 0.011595 0.015088
0 0.556731 0.113227 0.013201 0.013113
0 0.631743 0.660876 0.012291 0.012063
0 0.072396 0.976313 0.011553 0.011682
0 0.512097 0.706548 0.012645 0.013090
0 0.808976 0.339893 0.015380 0.016113
0 0.549910 0.030405 0.012134 0.012385
0 0.734858 0.621173 0.014358 0.014291
0 0.996250 0.449850 0.007458 0.013596
0 0.279455 0.436401 0.012126 0.011856
0 0.429370 0.477082 0.011496 0.011497
0 0.837430 0.415697 0.014676 0.014862
0 0.460604 0.063448 0.012134 0.012249
0 0.516204 0.132923 0.011841 0.012147
0 0.108438 0.568675 0.012085 0.012118
0 0.816304 0.727405 0.013748 0.013703
0 0.950236 0.370103 0.013261 0.013629
0 0.103342 0.671798 0.012915 0.012742
0 0.508367 0.445481 0.011601 0.011574
0 0.499343 0.515157 0.012401 0.012661
0 0.096460 0.134368 0.011538 0.011498
0 0.404303 0.996515 0.014770 0.006945
0 0.821181 0.515704 0.015607 0.015496
0 0.002499 0.313015 0.004904 0.012092
0 0.830112 0.595761 0.014626 0.014014
0 0.653449 0.810902 0.011002 0.011048
0 0.747702 0.069503 0.012405 0.012654
0 0.393495 0.501990 0.013377 0.013389
0 0.819343 0.973784 0.011536 0.011370
0 0.712503 0.320901 0.010852 0.012105
0 0.437970 0.691580 0.012666 0.012784
0 0.621689 0.882170 0.011284 0.011804
0 0.799831 0.554381 0.012506 0.012494
0 0.823557 0.751778 0.013511 0.013906
0 0.808864 0.746955 0.012556 0.012396
0 0.928949 0.775589 0.014157 0.014169
0 0.389294 0.211695 0.014625 0.014547
0 0.674505 0.387342 0.012546 0.012556
0 0.126155 0.613976 0.013501 0.013502
0 0.282423 0.544572 0.013213 0.013533
0 0.402490 0.997133 0.016384 0.005669
0 0.722065 0.868585 0.011240 0.011263
0 0.713481 0.319503 0.009897 0.012693
0 0.900405 0.901666 0.013955 0.014828
0 0.060250 0.019002 0.010300 0.010219
