0 0.151351 0.074930 0.013569 0.013526
0 0.798915 0.361504 0.014132 0.013899
0 0.440025 0.077901 0.012423 0.012287
0 0.034907 0.742558 0.011992 0.012000
0 0.842714 0.529871 0.011897 0.011959
0 0.142278 0.294612 0.013618 0.013502
0 0.748590 0.616823 0.013354 0.013271
0 0.132160 0.309943 0.011108 0.011114
0 0.545571 0.338182 0.012993 0.012805
0 0.129737 0.675227 0.012587 0.012565
0 0.200315 0.428029 0.012024 0.012058
0 0.576088 0.730314 0.014069 0.014093
0 0.965760 0.106044 0.012876 0.012856
0 0.189190 0.500937 0.012056 0.011942
0 0.188810 0.446181 0.011883 0.011499
0 0.746291 0.451117 0.013249 0.013108
0 0.841907 0.558800 0.013662 0.013428
0 0.762613 0.548914 0.010925 0.011177
0 0.233190 0.566044 0.011734 0.011710
0 0.738482 0.099679 0.012736 0.012767
0 0.101620 0.730517 0.012393 0.012147
0 0.543149 0.803133 0.013878 0.013657
0 0.352719 0.093813 0.013213 0.012958
0 0.458268 0.103209 0.013709 0.013725
0 0.560768 0.316495 0.013498 0.013610
0 0.896212 0.452129 0.012422 0.011860
0 0.088130 0.609240 0.013177 0.013022
0 0.924979 0.046392 0.011938 0.011982
0 0.376464 0.077057 0.012577 0.012699
0 0.624776 0.900030 0.013340 0.013317
0 0.288016 0.191984 0.013116 0.013146
0 0.462367 0.961384 0.013605 0.013410
0 0.606448 0.544415 0.013981 0.013948
0 0.319055 0.010623 0.013147 0.013102
0 0.422486 0.130814 0.012267 0.012126
0 0.361737 0.197505 0.012754 0.012598
0 0.762475 0.184562 0.012349 0.012627
0 0.474082 0.525163 0.012223 0.012376
0 0.803494 0.315852 0.013330 0.013240
0 0.485550 0.952262 0.013395 0.013631
0 0.727569 0.840649 0.012874 0.013033
0 0.945529 0.662049 0.011458 0.011510
0 0.456342 0.481836 0.011777 0.011839
0 0.129801 0.146410 0.012344 0.012501
0 0.150059 0.696866 0.013623 0.013582
0 0.862510 0.387496 0.012284 0.012153
0 0.581715 0.172405 0.011576 0.011494
0 0.022733 0.688268 0.012260 0.012077
0 0.823085 0.911748 0.012177 0.012212
0 0.493156 0.010474 0.013543 0.013284
0 0.229781 0.494214 0.011511 0.011183
0 0.484991 0.729671 0.013263 0.013189
0 0.221811 0.855424 0.013733 0.013847
0 0.924800 0.445598 0.012963 0.012907
0 0.528389 0.345711 0.012636 0.012809
0 0.345094 0.771497 0.013343 0.013227
0 0.245667 0.251651 0.014269 0.014542
0 0.048725 0.326607 0.013032 0.013296
0 0.454735 0.268527 0.012429 0.012342
0 0.525206 0.408795 0.011665 0.011658
0 0.544125 0.973098 0.012777 0.012632
0 0.096119 0.649734 0.013351 0.013525
0 0.812847 0.222731 0.013336 0.013087
0 0.004385 0.384554 0.008680 0.012474
0 0.186121 0.890439 0.013499 0.013566
0 0.337523 0.684647 0.012169 0.012137
0 0.917435 0.003894 0.012506 0.007787
0 0.873086 0.953711 0.011688 0.011574
0 0.009298 0.416576 0.013306 0.013641
0 0.289996 0.968569 0.013801 0.013858
0 0.110252 0.940299 0.013281 0.012881
0 0.223350 0.467166 0.011789 0.011958
0 0.818779 0.252462 0.011529 0.011698
0 0.334387 0.996254 0.013413 0.007492
0 0.371544 0.808668 0.010610 0.010700
0 0.224364 0.646720 0.011663 0.011339
0 0.788687 0.005076 0.012525 0.010093
0 0.899437 0.373770 0.011242 0.011212
0 0.271200 0.708030 0.012332 0.012626
0 0.405828 0.852323 0.011400 0.011615
0 0.542715 0.003773 0.011901 0.007546
0 0.441915 0.058188 0.012568 0.012404
0 0.932688 0.386421 0.013375 0.013295
0 0.176843 0.928806 0.013247 0.013244
0 0.825924 0.203900 0.011621 0.011645
0 0.109405 0.979770 0.013527 0.013676
0 0.490711 0.821324 0.011746 0.011905
0 0.331323 0.518111 0.011241 0.011221
0 0.896353 0.077447 0.013318 0.012950
0 0.383390 0.870269 0.011500 0.011330
0 0.637692 0.616186 0.013171 0.013295
0 0.142404 0.778981 0.014714 0.014773
0 0.156161 0.837889 0.011359 0.011054
0 0.057604 0.292913 0.013555 0.012983
0 0.834396 0.596426 0.010838 0.010761
0 0.102044 0.561434 0.012029 0.011950
0 0.634589 0.929747 0.012278 0.012338
0 0.495393 0.541720 0.012305 0.011655
