0 0.363655 0.155564 0.015253 0.015485
0 0.389921 0.673707 0.015400 0.015388
0 0.255011 0.784245 0.013758 0.013553
0 0.280662 0.433335 0.014905 0.014806
0 0.455342 0.240791 0.018441 0.018661
0 0.246453 0.705533 0.014598 0.014459
0 0.574432 0.480032 0.014129 0.013956
0 0.667457 0.438655 0.013550 0.013477
0 0.578918 0.441821 0.014211 0.014173
0 0.481867 0.745587 0.013735 0.013474
0 0.319846 0.571913 0.014548 0.014445
0 0.757547 0.549108 0.014094 0.014095
0 0.373861 0.920498 0.014513 0.014445
0 0.262889 0.525697 0.013250 0.013324
0 0.633761 0.229657 0.013898 0.013789
0 0.557461 0.663269 0.014162 0.014084
0 0.309434 0.606728 0.015600 0.015508
0 0.123495 0.472772 0.014655 0.014724
0 0.369696 0.590198 0.014713 0.014575
0 0.847615 0.143476 0.014102 0.014222
0 0.337503 0.914360 0.013531 0.013779
0 0.185948 0.846703 0.014665 0.014707
0 0.496573 0.428688 0.014683 0.014900
0 0.093897 0.867642 0.014164 0.014184
0 0.431583 0.328367 0.014307 0.014101
0 0.104398 0.065765 0.014803 0.014692
0 0.793788 0.556200 0.015949 0.015930
0 0.513387 0.936513 0.014927 0.015013
0 0.738820 0.618072 0.015256 0.015346
0 0.902573 0.372229 0.014333 0.014183
0 0.509298 0.516020 0.014184 0.014348
0 0.947208 0.936639 0.014167 0.014122
0 0.456481 0.766234 0.013774 0.014104
0 0.488127 0.066372 0.013812 0.013957
0 0.933984 0.766107 0.013818 0.013747
0 0.965700 0.283954 0.013369 0.013503
0 0.201142 0.629662 0.013448 0.013366
0 0.360212 0.512816 0.013450 0.013311
0 0.085000 0.223899 0.015831 0.015636
0 0.486750 0.613228 0.014369 0.014792
0 0.643097 0.512753 0.015243 0.015285
0 0.941469 0.282406 0.014042 0.013643
0 0.128448 0.705746 0.014979 0.015457
0 0.964339 0.428923 0.013232 0.013127
0 0.861797 0.954230 0.015089 0.015136
0 0.602924 0.236717 0.014988 0.014907
0 0.345699 0.297417 0.022859 0.022510
0 0.762817 0.679148 0.014675 0.014533
0 0.550711 0.591639 0.014268 0.014226
0 0.470667 0.020737 0.015174 0.015502
0 0.521343 0.146044 0.013593 0.013663
0 0.463615 0.522934 0.014433 0.014534
0 0.349888 0.198255 0.014921 0.014883
0 0.950307 0.623142 0.015230 0.014944
0 0.674936 0.274707 0.014577 0.014586
0 0.379415 0.812506 0.012786 0.012640
0 0.879951 0.404905 0.013834 0.013941
0 0.165802 0.077259 0.015425 0.015459
0 0.869291 0.918493 0.015312 0.015520
0 0.316409 0.102029 0.015065 0.015093
0 0.485795 0.897680 0.014635 0.014444
0 0.875852 0.180282 0.014366 0.014658
0 0.205314 0.848514 0.012935 0.012841
0 0.919308 0.249080 0.013900 0.013919
0 0.646028 0.953257 0.015658 0.015680
0 0.701430 0.471131 0.013847 0.013910
0 0.771842 0.093134 0.014028 0.014370
0 0.660111 0.044614 0.014323 0.014233
0 0.847919 0.719417 0.022564 0.022119
0 0.324310 0.377726 0.015773 0.015714
0 0.031869 0.570609 0.014194 0.014461
0 0.205950 0.260761 0.014380 0.014060
0 0.316253 0.331973 0.014400 0.014198
0 0.612894 0.486681 0.016178 0.016122
0 0.961272 0.677098 0.015076 0.014787
0 0.903584 0.981472 0.014997 0.015022
0 0.124148 0.553341 0.013922 0.013860
0 0.065800 0.985523 0.013539 0.013355
0 0.240451 0.384289 0.015591 0.015209
0 0.009522 0.020275 0.015907 0.015596
0 0.624080 0.586464 0.013707 0.013485
0 0.237722 0.006147 0.014832 0.012289
0 0.778184 0.016323 0.014548 0.014523
0 0.128205 0.928212 0.014214 0.014370
0 0.620568 0.255759 0.016202 0.016033
0 0.819177 0.818693 0.014453 0.014360
0 0.722788 0.690065 0.013957 0.013770
0 0.373590 0.841553 0.015571 0.015335
0 0.125740 0.621529 0.014380 0.014445
0 0.722520 0.389351 0.015515 0.015304
0 0.788833 0.987966 0.014605 0.014647
0 0.410944 0.466398 0.014853 0.014826
0 0.100022 0.407086 0.013745 0.013958
0 0.778649 0.118113 0.015678 0.015735
0 0.829610 0.990328 0.015513 0.015715
0 0.776735 0.439695 0.014181 0.014402
0 0.704676 0.546719 0.013209 0.012946
0 0.249959 0.349772 0.014238 0.014282
0 0.249059 0.554561 0.015273 0.015213
0 0.919693 0.145250 0.019817 0.019340
0 0.956939 0.879663 0.014056 0.013778
0 0.996044 0.856521 0.007898 0.014992
0 0.767206 0.487769 0.013212 0.013250
0 0.919186 0.996121 0.012844 0.007759
0 0.371691 0.644316 0.014409 0.014499
0 0.104769 0.207076 0.016977 0.016936
0 0.864515 0.115111 0.014301 0.014244
0 0.987273 0.506796 0.016575 0.016190
0 0.600161 0.166406 0.013972 0.013866
0 0.093237 0.908642 0.014267 0.014411
0 0.843011 0.563654 0.016520 0.016863
0 0.556867 0.009180 0.014568 0.014748
0 0.314237 0.279540 0.014478 0.014503
0 0.376250 0.227988 0.020342 0.020424
0 0.463634 0.726056 0.018249 0.017823
0 0.670564 0.191438 0.019967 0.019534
0 0.759983 0.787117 0.015130 0.014957
0 0.973737 0.883443 0.014306 0.014582
0 0.830958 0.669379 0.014740 0.014475
0 0.996663 0.595916 0.006643 0.016791
0 0.599235 0.126628 0.014217 0.013968
0 0.607257 0.143548 0.014991 0.014872
0 0.835658 0.825527 0.014508 0.014499
0 0.686175 0.006177 0.017529 0.012354
0 0.997128 0.083375 0.005744 0.015652
0 0.857223 0.592114 0.016058 0.015981
0 0.072846 0.015119 0.014705 0.014552
0 0.636188 0.119394 0.018025 0.018247
0 0.443871 0.195441 0.016064 0.016614
0 0.437038 0.373781 0.015167 0.015470
0 0.095088 0.019608 0.014675 0.014133
0 0.123079 0.902379 0.015391 0.015538
0 0.894771 0.562868 0.014943 0.014837
0 0.014211 0.913399 0.014879 0.015015
0 0.469842 0.615192 0.014809 0.014449
0 0.867664 0.274769 0.014814 0.014594
0 0.636256 0.086856 0.021614 0.021526
0 0.998293 0.212851 0.003362 0.016571
0 0.263466 0.245067 0.019194 0.018935
0 0.960678 0.083327 0.013915 0.014710
0 0.997397 0.596983 0.005205 0.017589
0 0.441006 0.997062 0.017724 0.005842
0 0.819716 0.241638 0.012534 0.012165
