0 0.205048 0.235760 0.013790 0.013648
0 0.061902 0.472048 0.011888 0.011758
0 0.326635 0.093017 0.011963 0.012182
0 0.748770 0.615269 0.012053 0.011927
0 0.267166 0.170435 0.012350 0.012305
0 0.505210 0.776508 0.012108 0.011924
0 0.191016 0.472192 0.012047 0.011793
0 0.247255 0.398521 0.013043 0.013131
0 0.158082 0.532244 0.013303 0.013283
0 0.113922 0.341781 0.012759 0.012904
0 0.358616 0.154842 0.013274 0.013422
0 0.444789 0.148924 0.011204 0.011147
0 0.676006 0.901668 0.011070 0.011139
0 0.159732 0.191575 0.013370 0.013317
0 0.455408 0.958126 0.012355 0.012328
0 0.569046 0.328857 0.013079 0.013135
0 0.430879 0.419392 0.012108 0.012090
0 0.041195 0.428563 0.012243 0.012252
0 0.437173 0.828048 0.012805 0.012482
0 0.524393 0.346940 0.012500 0.012328
0 0.140293 0.067246 0.012779 0.012493
0 0.017325 0.561124 0.013648 0.013542
0 0.255765 0.779819 0.012797 0.012513
0 0.275653 0.403563 0.012193 0.012139
0 0.355710 0.503592 0.011972 0.011942
0 0.034774 0.454593 0.013085 0.013021
0 0.542952 0.973736 0.011796 0.011703
0 0.474789 0.632494 0.012514 0.012530
0 0.187237 0.889390 0.012815 0.012650
0 0.710715 0.352840 0.010423 0.010372
0 0.361042 0.463635 0.010967 0.010965
0 0.569119 0.410271 0.012380 0.012015
0 0.633344 0.345426 0.011748 0.011707
0 0.530194 0.636613 0.022203 0.022226
0 0.110010 0.979860 0.013145 0.013347
0 0.471001 0.218140 0.011258 0.011125
0 0.739947 0.806526 0.012775 0.012927
0 0.005080 0.359863 0.010161 0.011855
0 0.155718 0.059831 0.012005 0.012306
0 0.056853 0.007564 0.012871 0.013085
0 0.520742 0.149198 0.012054 0.012291
0 0.377628 0.979529 0.011295 0.011407
0 0.847623 0.717117 0.019056 0.018587
0 0.233434 0.781540 0.011911 0.012036
0 0.151326 0.935369 0.013237 0.013035
0 0.415026 0.196387 0.011858 0.011882
0 0.226659 0.649205 0.012315 0.012220
0 0.763472 0.019064 0.012113 0.011718
0 0.447531 0.253878 0.012072 0.011891
0 0.345054 0.296587 0.021929 0.021871
0 0.422256 0.666430 0.009948 0.009800
0 0.688474 0.010110 0.014023 0.013773
0 0.139971 0.741353 0.011746 0.011727
0 0.375698 0.227221 0.017203 0.016877
0 0.700911 0.822482 0.017720 0.017701
0 0.453300 0.664851 0.011762 0.011978
0 0.556472 0.753768 0.012246 0.012200
0 0.222887 0.466398 0.012397 0.012419
0 0.038068 0.231757 0.011856 0.011417
0 0.124607 0.832272 0.012059 0.012244
0 0.653058 0.292892 0.009944 0.010040
