0 0.888587 0.943294 0.013829 0.013895
0 0.298589 0.318574 0.013110 0.012868
0 0.851322 0.657231 0.012647 0.012610
0 0.371212 0.089790 0.013128 0.012789
0 0.492440 0.210455 0.013373 0.013208
0 0.256486 0.120204 0.013927 0.013890
0 0.366288 0.439357 0.012296 0.012237
0 0.155300 0.472765 0.012147 0.012104
0 0.141661 0.271910 0.013193 0.013091
0 0.186738 0.362907 0.011974 0.012072
0 0.225612 0.145385 0.012592 0.012468
0 0.736470 0.155325 0.012425 0.012481
0 0.279290 0.770786 0.012997 0.012700
0 0.900130 0.244480 0.013058 0.012946
0 0.280207 0.526840 0.013902 0.013561
0 0.775847 0.342620 0.013038 0.012937
0 0.625785 0.803612 0.011541 0.011550
0 0.845286 0.555073 0.013583 0.013771
0 0.772571 0.056200 0.013094 0.013227
0 0.093176 0.902872 0.012217 0.012127
0 0.934310 0.331397 0.012422 0.012712
0 0.478365 0.706065 0.011878 0.011705
0 0.045094 0.219000 0.013433 0.013093
0 0.349725 0.790736 0.012890 0.012812
0 0.950302 0.599975 0.014174 0.014111
0 0.482466 0.755361 0.012106 0.011906
0 0.260741 0.270212 0.011820 0.011762
0 0.129546 0.794345 0.013784 0.013812
0 0.689243 0.387137 0.012642 0.012746
0 0.080058 0.420818 0.012735 0.012635
0 0.479455 0.237503 0.012513 0.012678
0 0.336762 0.639417 0.012068 0.012214
0 0.594443 0.904649 0.012351 0.012221
0 0.837816 0.082413 0.012440 0.012419
0 0.822560 0.320428 0.013260 0.013142
0 0.441254 0.484758 0.012628 0.012679
0 0.625669 0.716664 0.013108 0.013047
0 0.117764 0.517011 0.012782 0.012696
0 0.610442 0.329454 0.017179 0.017117
0 0.587854 0.682085 0.013161 0.013283
0 0.179782 0.203701 0.014065 0.014060
0 0.265576 0.448068 0.012981 0.013062
0 0.789210 0.224702 0.012809 0.013027
0 0.169312 0.102544 0.012759 0.012727
0 0.119492 0.156173 0.012489 0.012547
0 0.435818 0.436450 0.013268 0.013341
0 0.334274 0.206784 0.012879 0.012859
0 0.058800 0.735066 0.012419 0.012255
0 0.313701 0.829135 0.013073 0.012842
0 0.812934 0.659817 0.011596 0.011488
0 0.127810 0.109869 0.013788 0.013791
0 0.534356 0.359858 0.013939 0.013694
0 0.952331 0.333379 0.013624 0.013917
0 0.227126 0.279636 0.012191 0.012200
0 0.968764 0.781074 0.014152 0.014135
0 0.658197 0.847309 0.012062 0.011935
0 0.929241 0.573014 0.012976 0.012952
0 0.120170 0.863398 0.012629 0.012476
0 0.155838 0.892392 0.012547 0.012601
0 0.166544 0.576499 0.012424 0.012638
0 0.521031 0.122885 0.013697 0.013689
0 0.309830 0.563337 0.012137 0.011987
0 0.095296 0.336799 0.014545 0.014471
0 0.605066 0.763588 0.013356 0.013433
0 0.391635 0.494188 0.012188 0.012191
0 0.605727 0.277784 0.010816 0.010593
0 0.938386 0.698887 0.013670 0.013682
0 0.695368 0.460281 0.013346 0.013259
0 0.440882 0.979625 0.011581 0.011424
0 0.608352 0.204386 0.013825 0.013675
0 0.715388 0.429675 0.013044 0.013061
0 0.876498 0.459978 0.012982 0.012768
0 0.076517 0.828809 0.013211 0.013172
0 0.534703 0.320456 0.012932 0.012925
0 0.511952 0.045782 0.013229 0.013121
0 0.729640 0.851777 0.011599 0.011507
0 0.473867 0.365516 0.012619 0.012352
0 0.913426 0.145261 0.012713 0.012474
0 0.459312 0.357539 0.013191 0.013260
0 0.330050 0.474166 0.015434 0.014875
0 0.213876 0.919294 0.012114 0.012152
0 0.735582 0.279862 0.012415 0.012463
0 0.915177 0.524536 0.013123 0.013040
0 0.153250 0.313009 0.012749 0.012740
0 0.241072 0.181948 0.013774 0.013603
0 0.067264 0.780029 0.011968 0.011712
0 0.348812 0.620671 0.013184 0.013246
0 0.861968 0.377332 0.014881 0.014798
0 0.506011 0.579231 0.012883 0.012936
0 0.602104 0.448731 0.013590 0.013648
0 0.752248 0.605265 0.012147 0.012177
0 0.994734 0.075982 0.010335 0.011009
0 0.536834 0.239039 0.013898 0.013861
0 0.590959 0.313683 0.013660 0.013678
0 0.229205 0.880279 0.012349 0.012395
0 0.749492 0.505030 0.011395 0.011280
0 0.571600 0.146735 0.013151 0.013127
0 0.223169 0.572359 0.011034 0.011154
0 0.579791 0.795754 0.013716 0.013465
0 0.043992 0.271977 0.013997 0.013670
0 0.826122 0.336742 0.013884 0.013823
0 0.678509 0.642794 0.014368 0.014251
0 0.391603 0.006797 0.013626 0.013133
0 0.992972 0.350865 0.012792 0.013679
0 0.875040 0.698838 0.012622 0.012431
0 0.341980 0.716245 0.013672 0.013469
0 0.753513 0.350633 0.012117 0.012029
0 0.820578 0.014886 0.012931 0.013250
0 0.152913 0.730019 0.012854 0.012687
0 0.711543 0.719652 0.012841 0.013030
0 0.653035 0.343640 0.013662 0.013500
0 0.369564 0.579072 0.014153 0.014308
0 0.664551 0.216316 0.011888 0.011737
0 0.143768 0.015935 0.012409 0.012379
0 0.586148 0.370600 0.013217 0.013232
0 0.723719 0.508641 0.014368 0.014833
0 0.759186 0.480237 0.012991 0.012905
0 0.909737 0.587681 0.013904 0.013914
0 0.143779 0.242804 0.012286 0.012241
0 0.566442 0.460469 0.013907 0.013919
0 0.821708 0.404406 0.012651 0.012639
0 0.159673 0.560163 0.014125 0.014108
0 0.119257 0.416077 0.010909 0.010734
0 0.850651 0.709821 0.022593 0.022341
0 0.382881 0.687161 0.012175 0.012007
0 0.318635 0.585501 0.013304 0.012984
0 0.479114 0.015311 0.012655 0.012723
0 0.962556 0.176117 0.011159 0.011210
0 0.282847 0.436313 0.015597 0.016673
0 0.056175 0.994787 0.014356 0.010427
0 0.970280 0.534524 0.011914 0.011717
0 0.261859 0.639822 0.011329 0.011242
0 0.185466 0.388646 0.012593 0.012471
0 0.985464 0.687182 0.011076 0.011104
0 0.418611 0.995910 0.013249 0.008180
0 0.871460 0.578310 0.013242 0.013331
0 0.543831 0.050994 0.016950 0.017251
0 0.003138 0.403053 0.006239 0.014923
0 0.463993 0.054436 0.016153 0.015888
0 0.957368 0.237874 0.013540 0.013602
0 0.227294 0.355695 0.011170 0.011308
0 0.513774 0.015066 0.013771 0.013528
0 0.804409 0.623347 0.012604 0.012539
0 0.206323 0.729074 0.013524 0.013487
0 0.334176 0.873142 0.011890 0.011450
0 0.524287 0.750103 0.014079 0.014221
0 0.074152 0.162598 0.014170 0.013734
0 0.195076 0.739145 0.012673 0.012751
0 0.392067 0.728314 0.013674 0.013774
0 0.700987 0.121284 0.015078 0.014664
0 0.806222 0.006193 0.013150 0.012212
0 0.657998 0.319710 0.013483 0.013600
0 0.847256 0.163956 0.010548 0.010628
0 0.059752 0.570384 0.013052 0.013172
0 0.557570 0.760008 0.011964 0.011534
0 0.802934 0.050185 0.015754 0.015760
0 0.991273 0.243507 0.012490 0.012186
0 0.723578 0.277323 0.009186 0.009507
0 0.389472 0.590819 0.013157 0.013406
0 0.566820 0.473582 0.012702 0.012594
0 0.365937 0.985896 0.011506 0.011516
0 0.937365 0.052365 0.012022 0.011674
0 0.675991 0.324265 0.014301 0.014482
0 0.143382 0.089822 0.013119 0.013144
0 0.171085 0.743186 0.012127 0.011784
0 0.370114 0.141611 0.013228 0.012802
0 0.343677 0.175412 0.010419 0.010187
0 0.286262 0.686235 0.013436 0.013479
0 0.233019 0.375851 0.012892 0.013184
0 0.345659 0.290561 0.024805 0.024663
0 0.542001 0.473374 0.016292 0.016011
0 0.578872 0.048901 0.012344 0.012512
0 0.567009 0.232428 0.012212 0.011484
0 0.380766 0.700323 0.012108 0.012000
0 0.529268 0.725623 0.013118 0.012804
0 0.484688 0.769624 0.011244 0.011132
0 0.388765 0.592617 0.013935 0.013662
0 0.702148 0.818768 0.018621 0.019174
0 0.412409 0.668156 0.016453 0.016174
0 0.511324 0.514195 0.012278 0.012874
0 0.335862 0.873718 0.012165 0.011624
0 0.956623 0.717794 0.010953 0.011084
0 0.565952 0.949366 0.013948 0.013222
0 0.513685 0.514549 0.013990 0.013453
0 0.509411 0.469224 0.016212 0.016169
0 0.840637 0.943663 0.011104 0.010548
0 0.602389 0.238391 0.012711 0.013089
0 0.978166 0.303653 0.012032 0.011868
0 0.993773 0.648928 0.012410 0.015916
0 0.295301 0.971973 0.009923 0.010140
