0 0.249499 0.151075 0.012517 0.012027
0 0.699132 0.535839 0.012584 0.012356
0 0.617328 0.708958 0.013892 0.013781
0 0.417308 0.487356 0.013876 0.013833
0 0.716960 0.576219 0.012966 0.012860
0 0.546308 0.079589 0.012573 0.012499
0 0.649445 0.963216 0.012646 0.012562
0 0.513742 0.294857 0.012124 0.012114
0 0.138558 0.786759 0.013666 0.013526
0 0.548771 0.665391 0.010954 0.010935
0 0.801476 0.902469 0.012667 0.012627
0 0.423087 0.115968 0.014147 0.013925
0 0.748560 0.619179 0.013182 0.013019
0 0.830424 0.487585 0.012958 0.012878
0 0.485886 0.299674 0.012502 0.012400
0 0.589166 0.833319 0.013455 0.013399
0 0.579063 0.378707 0.011653 0.011248
0 0.534362 0.555021 0.014111 0.014169
0 0.524027 0.350051 0.013287 0.013071
0 0.367265 0.255382 0.013335 0.013223
0 0.098745 0.184832 0.012242 0.012181
0 0.785160 0.127594 0.013397 0.013279
0 0.857012 0.006685 0.013676 0.013094
0 0.166987 0.225925 0.012452 0.012482
0 0.598516 0.522483 0.013186 0.013026
0 0.903928 0.473559 0.012343 0.012240
0 0.333557 0.573607 0.012564 0.012500
0 0.390037 0.193723 0.012950 0.012958
0 0.885757 0.808311 0.012849 0.013080
0 0.578212 0.246973 0.013309 0.013133
0 0.598107 0.092157 0.013745 0.013655
0 0.936853 0.296907 0.012934 0.012819
0 0.088022 0.787231 0.013339 0.013474
0 0.954392 0.537265 0.012256 0.012279
0 0.306883 0.347525 0.012956 0.012997
0 0.221118 0.941599 0.013768 0.013568
0 0.055134 0.457327 0.012292 0.012132
0 0.330863 0.518892 0.012609 0.012580
0 0.354144 0.139726 0.013137 0.013241
0 0.904825 0.005692 0.012483 0.011370
0 0.558770 0.414022 0.011888 0.011898
0 0.760576 0.786549 0.013975 0.013906
0 0.078733 0.347670 0.014166 0.014125
0 0.208590 0.140924 0.013371 0.013263
0 0.288997 0.129115 0.012496 0.012433
0 0.336822 0.042234 0.013565 0.013409
0 0.135072 0.185367 0.012998 0.012869
0 0.103822 0.964182 0.013082 0.012835
0 0.093274 0.509274 0.013300 0.013157
0 0.425286 0.013190 0.013370 0.013541
0 0.457670 0.961085 0.013479 0.013418
0 0.672629 0.386179 0.010967 0.010885
0 0.526872 0.399720 0.012532 0.012151
0 0.184963 0.891681 0.013262 0.013217
0 0.222113 0.470207 0.012447 0.012414
0 0.543248 0.976074 0.013348 0.013020
0 0.838665 0.215009 0.012965 0.013239
0 0.521969 0.609797 0.012032 0.011975
0 0.547725 0.440996 0.012570 0.012504
0 0.586183 0.013022 0.013924 0.013395
0 0.459882 0.483721 0.012540 0.012668
0 0.910238 0.107012 0.012606 0.012605
0 0.435387 0.054867 0.012612 0.012726
0 0.970188 0.173166 0.012994 0.012945
0 0.437196 0.591638 0.010341 0.010511
0 0.360369 0.638438 0.013583 0.013500
0 0.442365 0.533330 0.011425 0.011323
0 0.005763 0.784766 0.011409 0.014413
0 0.139699 0.490769 0.013006 0.012711
0 0.074985 0.623993 0.012091 0.012081
0 0.085317 0.386866 0.012758 0.012372
0 0.490106 0.063275 0.012341 0.012296
0 0.379357 0.689436 0.013881 0.013676
0 0.746992 0.005489 0.014293 0.010977
0 0.766965 0.960082 0.010443 0.010482
0 0.679949 0.249436 0.012508 0.012099
0 0.053886 0.189225 0.012410 0.012519
0 0.543901 0.957068 0.013195 0.012977
0 0.117782 0.333343 0.011822 0.011783
0 0.498016 0.315360 0.011528 0.011353
0 0.109510 0.981907 0.013361 0.013551
0 0.421443 0.556490 0.013238 0.012918
0 0.915420 0.279069 0.013666 0.013599
0 0.602548 0.957112 0.010867 0.011131
0 0.677942 0.731000 0.011017 0.011089
0 0.972430 0.702257 0.012606 0.012344
0 0.986433 0.327620 0.013955 0.013865
0 0.493966 0.542962 0.013084 0.013057
0 0.985184 0.360470 0.012328 0.012014
0 0.275044 0.061416 0.013646 0.013252
0 0.786722 0.005501 0.012801 0.011001
0 0.342631 0.385719 0.010867 0.010893
0 0.847748 0.710777 0.023039 0.022638
0 0.003646 0.130631 0.007255 0.010641
0 0.226174 0.652567 0.013528 0.013204
0 0.789762 0.714922 0.016061 0.016258
0 0.072039 0.558036 0.011569 0.011653
0 0.130221 0.319830 0.011394 0.011537
0 0.734387 0.052513 0.010970 0.010897
0 0.791718 0.712477 0.013930 0.013681
0 0.313410 0.382087 0.009034 0.009217
0 0.788386 0.716943 0.017448 0.016759
0 0.435550 0.998369 0.012430 0.003262
0 0.400642 0.571473 0.010439 0.010415
0 0.294864 0.728969 0.013232 0.012919
0 0.327419 0.206598 0.012834 0.012427
0 0.398713 0.570724 0.011319 0.010638
