0 0.097801 0.188788 0.011173 0.010959
0 0.293636 0.155429 0.012136 0.012231
0 0.756498 0.513656 0.013636 0.013599
0 0.210121 0.049124 0.013890 0.013852
0 0.445032 0.734957 0.013253 0.013363
0 0.431368 0.643477 0.013518 0.013443
0 0.383418 0.471220 0.014237 0.014106
0 0.351856 0.515522 0.013805 0.013741
0 0.557798 0.299148 0.013844 0.013850
0 0.295376 0.882551 0.014172 0.013908
0 0.589515 0.085241 0.012958 0.013032
0 0.829093 0.076053 0.013920 0.013737
0 0.450474 0.156004 0.013329 0.013323
0 0.122562 0.425878 0.013358 0.013220
0 0.524032 0.349714 0.013819 0.013659
0 0.718040 0.048298 0.011881 0.011839
0 0.781440 0.077288 0.012643 0.012809
0 0.738137 0.451254 0.013180 0.013148
0 0.542215 0.417259 0.013330 0.013050
0 0.748584 0.618797 0.013205 0.013094
0 0.820670 0.352851 0.012645 0.012471
0 0.475725 0.084859 0.012787 0.012713
0 0.044539 0.449224 0.011485 0.011417
0 0.254909 0.492347 0.013492 0.013301
0 0.719699 0.173613 0.013343 0.013262
0 0.791084 0.342270 0.013688 0.013790
0 0.594928 0.214987 0.011928 0.011705
0 0.925531 0.047879 0.011236 0.011195
0 0.116185 0.525443 0.013724 0.013743
0 0.422253 0.360298 0.014037 0.013865
0 0.468130 0.982812 0.013047 0.013246
0 0.106606 0.585773 0.013461 0.013220
0 0.437000 0.929249 0.012253 0.012027
0 0.394253 0.880746 0.013267 0.013308
0 0.076120 0.513931 0.012252 0.012193
0 0.083564 0.154111 0.013613 0.013494
0 0.460921 0.959176 0.012149 0.012153
0 0.623053 0.548463 0.012723 0.012628
0 0.225365 0.239590 0.012956 0.013015
0 0.939222 0.495985 0.012558 0.012651
0 0.637800 0.163779 0.012534 0.012573
0 0.231881 0.158818 0.012861 0.012844
0 0.164444 0.130977 0.012221 0.012190
0 0.542536 0.257546 0.013587 0.013629
0 0.062432 0.983036 0.013223 0.013379
0 0.859571 0.446437 0.013242 0.013497
0 0.862559 0.246010 0.012889 0.013359
0 0.837828 0.018277 0.011541 0.011464
0 0.084659 0.454072 0.012580 0.012426
0 0.426659 0.942386 0.012512 0.012395
0 0.598545 0.330770 0.011806 0.012040
0 0.157759 0.526503 0.013778 0.013905
0 0.524656 0.409722 0.011130 0.011468
0 0.555032 0.589194 0.013229 0.013208
0 0.039634 0.642449 0.012226 0.012278
0 0.108555 0.981213 0.013421 0.013451
0 0.441269 0.059534 0.012047 0.012243
0 0.857381 0.023626 0.013864 0.013983
0 0.373138 0.225236 0.014996 0.014987
0 0.221886 0.882037 0.011510 0.011257
0 0.305824 0.993952 0.012515 0.011932
0 0.403591 0.132395 0.012269 0.012359
0 0.192000 0.576103 0.013186 0.012986
0 0.278808 0.267420 0.012457 0.012475
0 0.095933 0.317238 0.012281 0.012365
0 0.184944 0.892014 0.012685 0.012669
0 0.903230 0.683623 0.012390 0.012324
0 0.948745 0.558230 0.011177 0.011075
0 0.634459 0.100949 0.013377 0.013548
0 0.436507 0.572317 0.014575 0.014431
0 0.199847 0.087249 0.013467 0.013313
0 0.297339 0.006220 0.011373 0.011396
0 0.338027 0.687297 0.013345 0.013454
0 0.223034 0.469346 0.012504 0.012600
0 0.924723 0.835779 0.011035 0.011165
0 0.543284 0.995502 0.012491 0.008993
0 0.989612 0.011027 0.014285 0.014357
0 0.650496 0.087867 0.013551 0.013845
0 0.653939 0.483323 0.013173 0.013215
0 0.242889 0.168137 0.010896 0.010842
0 0.263812 0.228436 0.012805 0.012614
0 0.710718 0.593018 0.012895 0.012934
0 0.994218 0.803385 0.011563 0.014278
0 0.010663 0.499101 0.011106 0.010956
0 0.086380 0.864477 0.013417 0.013300
0 0.276959 0.507383 0.011996 0.012026
0 0.144625 0.262849 0.010501 0.010307
0 0.048978 0.042239 0.011628 0.011607
0 0.078079 0.200086 0.013042 0.013078
0 0.214225 0.579022 0.012423 0.012732
0 0.071448 0.222419 0.012123 0.012251
0 0.563299 0.704894 0.012821 0.012792
0 0.166956 0.572193 0.012023 0.012075
0 0.495074 0.543866 0.013743 0.013599
0 0.995953 0.470725 0.008094 0.012555
0 0.004172 0.659183 0.008306 0.011125
0 0.727428 0.924389 0.011973 0.012141
0 0.436548 0.590867 0.010498 0.010396
0 0.225119 0.652722 0.013305 0.012968
0 0.244854 0.719528 0.012409 0.012100
0 0.861301 0.291850 0.012227 0.012201
0 0.461884 0.817326 0.011453 0.011496
0 0.828065 0.702162 0.012490 0.012287
0 0.668881 0.069562 0.011724 0.011598
0 0.463525 0.907906 0.010893 0.011084
0 0.033577 0.655508 0.011544 0.011910
0 0.561169 0.673375 0.012876 0.013010
0 0.063415 0.004719 0.013466 0.009439
0 0.074244 0.262093 0.011272 0.011149
0 0.986012 0.296302 0.010519 0.010569
0 0.431765 0.119300 0.009836 0.009753
0 0.849175 0.710569 0.023197 0.022912
0 0.288566 0.302706 0.012094 0.012513
0 0.779101 0.004877 0.017003 0.009745
0 0.326488 0.518719 0.009661 0.009513
0 0.345857 0.290393 0.024761 0.024538
0 0.116657 0.071205 0.012434 0.012414
0 0.014731 0.547658 0.010791 0.010462
0 0.170492 0.790241 0.011868 0.011772
0 0.878073 0.639159 0.010917 0.011233
0 0.343496 0.718749 0.010756 0.010949
0 0.591913 0.001668 0.013554 0.003337
0 0.544075 0.978119 0.011476 0.010980
0 0.854147 0.053774 0.012365 0.012264
0 0.079637 0.217767 0.010823 0.011775
0 0.013902 0.548799 0.010407 0.010582
0 0.080805 0.216617 0.011517 0.011598
0 0.425813 0.174866 0.012253 0.012493
0 0.782652 0.005536 0.016256 0.010993
0 0.027495 0.397115 0.012975 0.012643
0 0.422181 0.556506 0.012234 0.012279
0 0.990335 0.077901 0.010679 0.010413
