0 0.589985 0.248498 0.012843 0.012624
0 0.760711 0.563445 0.012206 0.012109
0 0.287436 0.550097 0.012043 0.011988
0 0.528024 0.590124 0.012403 0.012278
0 0.278949 0.436293 0.011569 0.011519
0 0.685462 0.289462 0.012945 0.012938
0 0.215888 0.437326 0.013084 0.013183
0 0.065585 0.349991 0.012937 0.012828
0 0.129425 0.125646 0.013453 0.013235
0 0.181610 0.625286 0.011961 0.011855
0 0.789687 0.427348 0.012477 0.012338
0 0.903816 0.541962 0.013206 0.013105
0 0.694552 0.508334 0.012429 0.012271
0 0.292243 0.226134 0.012557 0.012585
0 0.101355 0.276475 0.012410 0.012494
0 0.496054 0.133318 0.012911 0.012883
0 0.910726 0.702338 0.012458 0.012424
0 0.904765 0.073682 0.011330 0.011333
0 0.620965 0.144453 0.013200 0.013064
0 0.829455 0.678714 0.011830 0.011573
0 0.655673 0.585933 0.012485 0.012318
0 0.117346 0.586943 0.012394 0.012117
0 0.473401 0.495044 0.012124 0.012269
0 0.824638 0.234616 0.013273 0.012972
0 0.247688 0.523664 0.013444 0.013384
0 0.616114 0.559947 0.013383 0.013494
0 0.927675 0.044536 0.011975 0.012171
0 0.480757 0.563770 0.012633 0.012648
0 0.165271 0.681484 0.012044 0.011738
0 0.881754 0.376779 0.012991 0.013017
0 0.949859 0.691168 0.013401 0.012924
0 0.126449 0.215968 0.012073 0.012045
0 0.157804 0.036000 0.012522 0.012449
0 0.551724 0.149026 0.013935 0.013835
0 0.787519 0.099789 0.013126 0.013213
0 0.732884 0.299528 0.012551 0.012510
0 0.168489 0.397403 0.013297 0.013312
0 0.967649 0.600240 0.011493 0.011100
0 0.432873 0.450762 0.013699 0.013787
0 0.388979 0.772542 0.012272 0.012076
0 0.031236 0.591348 0.013768 0.013682
0 0.058013 0.366843 0.013291 0.013270
0 0.516317 0.655269 0.013025 0.012949
0 0.867589 0.106973 0.011552 0.011538
0 0.984178 0.540365 0.011681 0.011638
0 0.091650 0.674671 0.012779 0.012747
0 0.790737 0.836149 0.014170 0.014178
0 0.732073 0.605621 0.013147 0.013083
0 0.375612 0.548920 0.013436 0.013371
0 0.748706 0.447559 0.012187 0.011913
0 0.052449 0.905089 0.012191 0.012284
0 0.642947 0.401901 0.012748 0.012672
0 0.991629 0.620662 0.012259 0.012185
0 0.734002 0.622113 0.014401 0.014473
0 0.713885 0.777743 0.011919 0.011896
0 0.936161 0.840672 0.013863 0.013833
0 0.503675 0.740908 0.013056 0.013009
0 0.188579 0.565763 0.011223 0.011685
0 0.524108 0.240762 0.012838 0.012812
0 0.145656 0.185779 0.012724 0.012834
0 0.874596 0.249669 0.011713 0.011571
0 0.882787 0.118420 0.009278 0.009195
0 0.322352 0.445142 0.012722 0.012974
0 0.244968 0.445874 0.013680 0.013623
0 0.613081 0.630065 0.013020 0.013295
0 0.793410 0.248037 0.013045 0.012694
0 0.413246 0.290253 0.014696 0.015014
0 0.520292 0.348477 0.012999 0.012884
0 0.078418 0.799532 0.012054 0.011953
0 0.889805 0.588705 0.011462 0.011713
0 0.814324 0.758673 0.013515 0.013437
0 0.818962 0.553157 0.012199 0.012095
0 0.424097 0.210619 0.013364 0.013349
0 0.828738 0.326520 0.014045 0.013750
0 0.326552 0.277832 0.012984 0.013118
0 0.556328 0.326476 0.013299 0.013043
0 0.599536 0.706019 0.012877 0.012476
0 0.261790 0.662423 0.014369 0.014414
0 0.588369 0.604378 0.013640 0.013801
0 0.393279 0.720532 0.013764 0.013624
0 0.342535 0.399064 0.011872 0.011652
0 0.477770 0.904023 0.013941 0.013774
0 0.083997 0.767118 0.013799 0.013914
0 0.853153 0.544326 0.010934 0.010925
0 0.651856 0.086075 0.013216 0.013227
0 0.946511 0.424353 0.012996 0.012805
0 0.015390 0.290045 0.013949 0.013955
0 0.725048 0.995338 0.013509 0.009249
0 0.964171 0.331397 0.013366 0.013590
0 0.003576 0.823357 0.007151 0.011292
0 0.302469 0.525408 0.012316 0.012599
0 0.939005 0.013945 0.011238 0.011425
0 0.851009 0.918941 0.013572 0.013768
0 0.981047 0.513354 0.013732 0.013318
0 0.492225 0.651153 0.011609 0.011555
0 0.490958 0.415066 0.013808 0.013911
0 0.336754 0.878626 0.012009 0.011812
0 0.911162 0.853906 0.013868 0.014066
0 0.768650 0.533984 0.013054 0.012912
0 0.657457 0.201945 0.010176 0.010257
0 0.913798 0.926064 0.011628 0.011743
0 0.191747 0.146218 0.012831 0.012652
0 0.002762 0.842989 0.005481 0.012057
0 0.879620 0.977610 0.013380 0.013403
0 0.979571 0.048501 0.010822 0.010513
0 0.367509 0.961751 0.013419 0.012973
0 0.983253 0.209748 0.013376 0.013327
0 0.538615 0.440807 0.013088 0.013385
0 0.347760 0.290045 0.023404 0.023166
0 0.278038 0.940003 0.011922 0.012151
0 0.006281 0.014020 0.012473 0.014805
0 0.868828 0.570832 0.010600 0.010756
0 0.591984 0.807645 0.013429 0.013303
0 0.799453 0.811389 0.012618 0.012234
0 0.534141 0.629573 0.022645 0.021817
0 0.135335 0.975694 0.010694 0.010652
0 0.110863 0.778680 0.010358 0.010401
0 0.724909 0.883415 0.013915 0.014000
0 0.891052 0.167616 0.013401 0.013134
0 0.002326 0.693928 0.004612 0.012865
0 0.784911 0.056383 0.011590 0.011101
0 0.083226 0.927171 0.012167 0.011709
0 0.579953 0.987476 0.014433 0.014593
0 0.901848 0.998317 0.010868 0.003345
0 0.800319 0.488330 0.011687 0.011459
