0 0.616611 0.493974 0.013578 0.013453
0 0.616355 0.943478 0.013388 0.013603
0 0.749272 0.967448 0.012750 0.012681
0 0.795017 0.934122 0.012864 0.012915
0 0.383439 0.518601 0.011787 0.011699
0 0.903002 0.423810 0.012090 0.011952
0 0.360635 0.425409 0.013591 0.013453
0 0.847975 0.363479 0.012659 0.012745
0 0.504433 0.925716 0.013854 0.013771
0 0.257913 0.264268 0.013849 0.013841
0 0.756628 0.478916 0.013735 0.013410
0 0.786003 0.542864 0.012442 0.012450
0 0.637986 0.786990 0.012269 0.012177
0 0.664448 0.719173 0.013055 0.013046
0 0.506243 0.450370 0.013178 0.013208
0 0.648244 0.578317 0.012404 0.012500
0 0.590679 0.594147 0.012995 0.012912
0 0.828957 0.299564 0.013443 0.013290
0 0.747836 0.618771 0.012987 0.012834
0 0.774391 0.633079 0.013852 0.014040
0 0.351097 0.317370 0.011842 0.011711
0 0.088369 0.544925 0.013076 0.013097
0 0.500079 0.506298 0.012500 0.012583
0 0.524474 0.349302 0.013088 0.012888
0 0.197667 0.595338 0.012005 0.012267
0 0.293989 0.614273 0.013192 0.013157
0 0.202517 0.033761 0.014350 0.014120
0 0.449466 0.958752 0.012911 0.013094
0 0.350448 0.543442 0.013029 0.012911
0 0.459203 0.493361 0.012702 0.012750
0 0.185827 0.306679 0.013447 0.013306
0 0.883239 0.562204 0.013227 0.013266
0 0.516305 0.321861 0.013400 0.013191
0 0.644428 0.131590 0.013812 0.013866
0 0.885633 0.928918 0.011907 0.011809
0 0.766457 0.078264 0.012554 0.012507
0 0.727619 0.519057 0.013159 0.013144
0 0.299128 0.346867 0.012492 0.012552
0 0.500297 0.671191 0.012101 0.011853
0 0.331117 0.518566 0.013186 0.013063
0 0.827009 0.368234 0.012797 0.012654
0 0.100647 0.288905 0.012058 0.012228
0 0.102167 0.068860 0.011866 0.011804
0 0.129330 0.482281 0.013273 0.013092
0 0.609063 0.332634 0.013826 0.014064
0 0.160621 0.036372 0.014075 0.014043
0 0.722502 0.246128 0.012469 0.012362
0 0.168603 0.275581 0.012719 0.013068
0 0.217924 0.297479 0.013088 0.012898
0 0.709202 0.527015 0.012297 0.012048
0 0.415468 0.820732 0.012457 0.012421
0 0.221944 0.469576 0.012716 0.012768
0 0.193379 0.448512 0.013740 0.013418
0 0.185349 0.383468 0.011825 0.011998
0 0.407330 0.372813 0.013734 0.013600
0 0.070024 0.673415 0.013277 0.013282
0 0.076827 0.185545 0.012963 0.012858
0 0.415822 0.743243 0.012440 0.012427
0 0.091490 0.367382 0.011320 0.011233
0 0.866302 0.993838 0.012869 0.011986
0 0.135417 0.570988 0.012113 0.012334
0 0.079689 0.711192 0.013691 0.013620
0 0.153397 0.250017 0.014214 0.014078
0 0.496829 0.545299 0.013039 0.013196
0 0.621903 0.453397 0.011452 0.011462
0 0.935036 0.239479 0.012125 0.011750
0 0.184428 0.891754 0.012831 0.012855
0 0.226972 0.201684 0.012057 0.012026
0 0.602721 0.448951 0.011649 0.011353
0 0.106541 0.167513 0.012834 0.012721
0 0.041133 0.883723 0.011808 0.011774
0 0.106980 0.981808 0.014059 0.014092
0 0.929363 0.807367 0.013047 0.013075
0 0.849564 0.710361 0.021630 0.021537
0 0.539354 0.974698 0.011787 0.011433
0 0.080432 0.412365 0.012494 0.012186
0 0.276880 0.980914 0.012030 0.012150
0 0.501068 0.082493 0.014263 0.014200
0 0.775533 0.217718 0.012863 0.012872
0 0.851736 0.132555 0.011886 0.011725
0 0.446205 0.203919 0.013210 0.013355
0 0.438576 0.521346 0.012277 0.012023
0 0.489261 0.280913 0.012499 0.012517
0 0.941736 0.083568 0.011741 0.011602
0 0.334744 0.111093 0.013232 0.012622
0 0.428206 0.276044 0.012886 0.013128
0 0.799988 0.647700 0.013474 0.013498
0 0.400540 0.571228 0.010667 0.010713
0 0.001923 0.778931 0.003778 0.012687
0 0.396687 0.401154 0.012316 0.012206
0 0.440592 0.059694 0.012311 0.012378
0 0.532320 0.629530 0.023765 0.023531
0 0.052528 0.254741 0.011615 0.011380
0 0.421572 0.553866 0.012651 0.012868
0 0.399004 0.570745 0.011652 0.010744
0 0.624180 0.611990 0.012239 0.013986
0 0.108988 0.839885 0.011983 0.011703
0 0.961593 0.085236 0.010218 0.010367
0 0.993297 0.415436 0.010752 0.011032
0 0.775141 0.005506 0.012779 0.010955
0 0.975967 0.220995 0.010955 0.011055
0 0.231116 0.955547 0.014097 0.014171
0 0.182563 0.272864 0.012199 0.012070
0 0.037711 0.517409 0.011715 0.011961
0 0.851332 0.181702 0.011548 0.011750
0 0.216483 0.647083 0.011417 0.011798
0 0.730939 0.946988 0.012349 0.012034
