0 0.258750 0.848676 0.014226 0.014177
0 0.035887 0.100786 0.015065 0.014870
0 0.763990 0.874201 0.014431 0.014465
0 0.924687 0.936792 0.014778 0.014731
0 0.602311 0.523522 0.014645 0.014728
0 0.120584 0.941249 0.016940 0.017007
0 0.186558 0.745779 0.014259 0.014147
0 0.281557 0.433655 0.013702 0.013574
0 0.301515 0.836543 0.014419 0.014465
0 0.935516 0.494129 0.014384 0.014451
0 0.525885 0.410527 0.014219 0.014415
0 0.133901 0.283283 0.013959 0.013845
0 0.922559 0.669266 0.017963 0.018011
0 0.472427 0.866397 0.020033 0.019649
0 0.346719 0.378954 0.013684 0.013637
0 0.366880 0.074880 0.013907 0.013892
0 0.451089 0.731673 0.014761 0.014961
0 0.396131 0.816792 0.013991 0.014019
0 0.732717 0.392384 0.015480 0.015386
0 0.349005 0.787140 0.013794 0.013878
0 0.125798 0.544890 0.014087 0.014100
0 0.393983 0.297216 0.014130 0.014080
0 0.168967 0.375757 0.014745 0.014806
0 0.463920 0.603953 0.013851 0.013782
0 0.247919 0.735303 0.015477 0.015141
0 0.408965 0.943828 0.014659 0.014931
0 0.884551 0.716672 0.014195 0.014242
0 0.238528 0.255297 0.014569 0.014729
0 0.308491 0.978332 0.015150 0.014942
0 0.022487 0.399959 0.014080 0.013981
0 0.204556 0.619665 0.013579 0.013385
0 0.169985 0.079858 0.014800 0.015044
0 0.517499 0.204238 0.014725 0.014587
0 0.780437 0.174023 0.014528 0.014520
0 0.290296 0.398585 0.013857 0.013904
0 0.213243 0.532739 0.013512 0.013720
0 0.807287 0.655766 0.015104 0.015120
0 0.312647 0.218107 0.013307 0.013518
0 0.760319 0.544088 0.014848 0.014907
0 0.237839 0.376994 0.013599 0.013278
0 0.346357 0.297474 0.023664 0.023198
0 0.741398 0.589802 0.013893 0.013875
0 0.767661 0.211182 0.013984 0.014111
0 0.392390 0.771438 0.014789 0.014414
0 0.014938 0.066637 0.015976 0.016211
0 0.259047 0.493849 0.013558 0.013676
0 0.774388 0.669705 0.014020 0.014047
0 0.703006 0.057781 0.014942 0.015089
0 0.773458 0.277864 0.013610 0.013654
0 0.307265 0.323327 0.016981 0.017248
0 0.980968 0.304155 0.015564 0.015652
0 0.711023 0.181796 0.012836 0.012705
0 0.911140 0.174929 0.015023 0.014904
0 0.201683 0.404326 0.013112 0.013062
0 0.737045 0.310128 0.014091 0.014300
0 0.164611 0.241088 0.014331 0.014604
0 0.770108 0.453848 0.014715 0.014873
0 0.401525 0.033615 0.014026 0.014053
0 0.310380 0.294666 0.015046 0.014762
0 0.664540 0.926797 0.014551 0.014565
0 0.836038 0.025986 0.013988 0.013787
0 0.685633 0.535243 0.015132 0.014909
0 0.669353 0.190563 0.018224 0.017783
0 0.656514 0.979112 0.015210 0.015265
0 0.869491 0.440465 0.014281 0.014312
0 0.265922 0.281347 0.013563 0.013583
0 0.188491 0.651002 0.014551 0.014329
0 0.688881 0.164999 0.015137 0.015144
0 0.848174 0.719647 0.022659 0.022582
0 0.623372 0.236795 0.014049 0.014248
0 0.813222 0.262944 0.015173 0.015317
0 0.660711 0.562168 0.014652 0.014228
0 0.075547 0.309298 0.016918 0.017006
0 0.625000 0.178944 0.013494 0.013408
0 0.036330 0.281968 0.015721 0.015746
0 0.598750 0.150831 0.014336 0.014422
0 0.798793 0.045807 0.014156 0.014057
0 0.930254 0.166927 0.014037 0.014375
0 0.286447 0.348488 0.015609 0.015515
0 0.217443 0.258941 0.014299 0.014346
0 0.469540 0.286352 0.014345 0.014265
0 0.815747 0.189892 0.014766 0.014861
0 0.712601 0.552994 0.015166 0.015327
0 0.862282 0.311155 0.014054 0.014141
0 0.402837 0.154212 0.014117 0.014192
0 0.621288 0.908282 0.016131 0.015913
0 0.085482 0.862652 0.014576 0.014494
0 0.238819 0.530927 0.017008 0.017164
0 0.121486 0.861257 0.014766 0.014868
0 0.254622 0.004748 0.014615 0.009458
0 0.374519 0.350790 0.014676 0.014635
0 0.865837 0.176080 0.014077 0.014230
0 0.651680 0.017341 0.014801 0.014684
0 0.899824 0.592531 0.014298 0.014251
0 0.588408 0.692628 0.015478 0.015516
0 0.755975 0.499285 0.012748 0.012788
0 0.911981 0.989208 0.015668 0.015496
0 0.816375 0.687635 0.013186 0.013108
0 0.986990 0.506591 0.016549 0.016255
0 0.971330 0.017779 0.012379 0.012489
0 0.502167 0.696113 0.015269 0.014935
0 0.737962 0.617964 0.015072 0.014782
0 0.056925 0.314319 0.014168 0.014172
0 0.376506 0.228292 0.019879 0.019538
0 0.090610 0.148370 0.016107 0.015948
0 0.448590 0.423595 0.015020 0.015005
0 0.479241 0.351000 0.014728 0.015094
0 0.610013 0.138040 0.016747 0.016815
0 0.900706 0.376808 0.014459 0.014531
0 0.088713 0.937247 0.014265 0.014119
0 0.409290 0.196277 0.014762 0.014637
0 0.524159 0.017689 0.018497 0.018956
0 0.796198 0.081168 0.014209 0.014699
0 0.869700 0.213392 0.013005 0.013068
0 0.211142 0.024474 0.015363 0.015179
0 0.782710 0.111945 0.015683 0.015547
0 0.921659 0.146391 0.018093 0.017608
0 0.228027 0.591337 0.013947 0.013867
0 0.625824 0.197844 0.014538 0.014657
0 0.803232 0.241142 0.014180 0.015026
0 0.636131 0.086522 0.021545 0.021576
0 0.907639 0.346458 0.014332 0.014252
0 0.053358 0.135412 0.017172 0.017417
0 0.059746 0.828263 0.015397 0.014973
0 0.842833 0.470494 0.012759 0.012674
0 0.861585 0.930731 0.014573 0.015485
0 0.064091 0.117317 0.014780 0.014802
0 0.849332 0.300458 0.014952 0.014911
0 0.701492 0.822663 0.021506 0.020886
0 0.349529 0.609782 0.014747 0.014852
0 0.957530 0.946023 0.014399 0.014183
0 0.448150 0.328851 0.016542 0.016190
0 0.503967 0.572484 0.013266 0.013269
0 0.974669 0.898539 0.014766 0.015090
0 0.857124 0.626336 0.014866 0.014785
0 0.172560 0.187012 0.015555 0.014804
0 0.291187 0.287453 0.012682 0.012356
0 0.833863 0.580789 0.016341 0.016052
0 0.976235 0.098262 0.014330 0.013841
0 0.023235 0.149354 0.015111 0.014033
0 0.106374 0.014628 0.016187 0.016603
0 0.794538 0.560350 0.017335 0.017179
0 0.122439 0.165737 0.013212 0.013073
0 0.462085 0.333709 0.014074 0.014142
0 0.438827 0.998370 0.015684 0.003260
0 0.755827 0.996589 0.017588 0.006820
0 0.531935 0.638466 0.023561 0.023423
0 0.160868 0.200234 0.013963 0.013989
0 0.861948 0.928306 0.015430 0.015268
0 0.010960 0.939479 0.014787 0.014977
0 0.608603 0.140460 0.016340 0.017634
0 0.539192 0.736068 0.021103 0.020752
