0 0.769761 0.235305 0.012155 0.011837
0 0.805129 0.952906 0.012567 0.012611
0 0.207763 0.416639 0.012781 0.012761
0 0.975222 0.065117 0.012515 0.012454
0 0.301976 0.953078 0.012826 0.012561
0 0.748711 0.617117 0.013419 0.013422
0 0.639730 0.924962 0.013124 0.012968
0 0.352491 0.134491 0.014106 0.013891
0 0.093133 0.242548 0.013672 0.013601
0 0.865502 0.063772 0.011423 0.011276
0 0.292982 0.270612 0.013336 0.013301
0 0.820935 0.414650 0.011956 0.012067
0 0.524667 0.347180 0.013743 0.013506
0 0.477177 0.506109 0.012329 0.012500
0 0.800677 0.254814 0.011889 0.011856
0 0.581970 0.189236 0.012707 0.012776
0 0.956098 0.633729 0.012535 0.012378
0 0.216920 0.836717 0.013058 0.012854
0 0.244061 0.214096 0.014416 0.014450
0 0.033729 0.391826 0.013242 0.013077
0 0.634296 0.822006 0.013297 0.013185
0 0.721077 0.111742 0.012851 0.012790
0 0.963781 0.025986 0.010587 0.010797
0 0.779200 0.468829 0.013599 0.013634
0 0.124875 0.323906 0.012313 0.012107
0 0.121144 0.303072 0.013161 0.012989
0 0.386453 0.178348 0.011468 0.011794
0 0.541879 0.432105 0.013806 0.013841
0 0.454610 0.710828 0.014083 0.014177
0 0.419660 0.088521 0.014289 0.014354
0 0.318080 0.740690 0.012178 0.011840
0 0.413356 0.703900 0.012027 0.012181
0 0.289822 0.517792 0.011445 0.011115
0 0.543657 0.973407 0.012862 0.012583
0 0.632725 0.026349 0.012811 0.012768
0 0.599015 0.605841 0.013352 0.013119
0 0.328175 0.158942 0.011729 0.011371
0 0.370003 0.524186 0.012144 0.012052
0 0.822248 0.171187 0.011392 0.011057
0 0.603231 0.188230 0.012894 0.012944
0 0.919835 0.451942 0.012918 0.013098
0 0.915534 0.356265 0.011567 0.011700
0 0.322557 0.027242 0.011939 0.012017
0 0.619392 0.571227 0.013684 0.013544
0 0.690002 0.234152 0.012817 0.012683
0 0.545787 0.809613 0.012968 0.012870
0 0.331798 0.517974 0.012336 0.012256
0 0.278073 0.102271 0.011843 0.011583
0 0.441404 0.285163 0.011736 0.011857
0 0.811461 0.570022 0.014227 0.014425
0 0.896749 0.267182 0.011128 0.011068
0 0.186411 0.890047 0.014023 0.013895
0 0.671445 0.990992 0.012985 0.012659
0 0.444146 0.567989 0.013736 0.013500
0 0.544598 0.365242 0.012560 0.012501
0 0.121520 0.387356 0.012388 0.012650
0 0.896739 0.939752 0.012396 0.011913
0 0.222850 0.467821 0.012764 0.012734
0 0.198757 0.907705 0.012293 0.012437
0 0.516919 0.729617 0.013649 0.013593
0 0.268969 0.927081 0.012339 0.012266
0 0.804811 0.684584 0.013264 0.013182
0 0.179012 0.502088 0.013660 0.013638
0 0.099992 0.609642 0.014210 0.014263
0 0.396216 0.126822 0.012667 0.012948
0 0.133325 0.514952 0.014232 0.014477
0 0.438859 0.331994 0.011185 0.011393
0 0.936076 0.010234 0.011496 0.012088
0 0.427594 0.073524 0.013017 0.013203
0 0.609688 0.337678 0.011515 0.011162
0 0.787992 0.004986 0.012106 0.009887
0 0.750392 0.564650 0.011835 0.011695
0 0.701961 0.803961 0.012155 0.011797
0 0.629631 0.902971 0.011540 0.011906
0 0.225553 0.649807 0.012516 0.012229
0 0.687607 0.089572 0.012051 0.011873
0 0.395712 0.854463 0.010255 0.010239
0 0.371691 0.809003 0.010886 0.010802
0 0.433745 0.045920 0.012822 0.012829
0 0.464121 0.963220 0.012287 0.012195
0 0.495863 0.542487 0.012627 0.012456
0 0.453431 0.003276 0.013214 0.006551
0 0.469383 0.299079 0.013328 0.013279
0 0.358545 0.187375 0.014279 0.014190
0 0.079923 0.954012 0.012929 0.012906
0 0.149853 0.766240 0.012995 0.012884
0 0.109006 0.979523 0.012896 0.013018
0 0.112063 0.679163 0.011945 0.012146
0 0.027683 0.261839 0.012075 0.011939
0 0.803036 0.436883 0.012974 0.012840
0 0.044767 0.648136 0.013729 0.013612
0 0.782680 0.340620 0.012188 0.012139
0 0.864942 0.590659 0.012770 0.012285
0 0.066649 0.667701 0.011155 0.011878
0 0.203234 0.996409 0.011911 0.007182
0 0.664558 0.219189 0.012146 0.012425
0 0.102277 0.649191 0.011167 0.011167
0 0.188442 0.773141 0.011824 0.011847
0 0.204820 0.996011 0.011370 0.007979
0 0.167484 0.042646 0.013554 0.013596
0 0.201743 0.996865 0.011550 0.006271
0 0.864017 0.592181 0.012099 0.011593
