0 0.894882 0.214705 0.012655 0.012342
0 0.903811 0.540366 0.013122 0.012909
0 0.764456 0.564142 0.013059 0.012916
0 0.065696 0.354198 0.012618 0.012792
0 0.536917 0.554997 0.012157 0.012386
0 0.967778 0.540829 0.013028 0.012949
0 0.521490 0.660442 0.012595 0.012585
0 0.970775 0.596778 0.011950 0.011705
0 0.625341 0.251110 0.012111 0.012095
0 0.781215 0.597847 0.013391 0.013333
0 0.077283 0.022562 0.012042 0.012031
0 0.531445 0.592694 0.011866 0.011677
0 0.608618 0.195182 0.012822 0.012713
0 0.504664 0.741768 0.012677 0.012685
0 0.563015 0.454045 0.012212 0.011957
0 0.676358 0.278356 0.012723 0.012784
0 0.884113 0.348163 0.012247 0.012363
0 0.428045 0.500864 0.012179 0.012147
0 0.279148 0.436388 0.011977 0.011878
0 0.512161 0.354187 0.012013 0.012215
0 0.596255 0.670294 0.012999 0.013125
0 0.397408 0.800187 0.012315 0.012385
0 0.844523 0.675657 0.011537 0.011471
0 0.415741 0.199206 0.012364 0.012406
0 0.838018 0.800153 0.013471 0.013346
0 0.334134 0.405456 0.012314 0.012452
0 0.491817 0.112132 0.013091 0.012953
0 0.939375 0.852299 0.014038 0.013991
0 0.139333 0.269212 0.012523 0.012341
0 0.983745 0.456009 0.013390 0.013278
0 0.301524 0.269822 0.012007 0.011846
0 0.612073 0.946173 0.014559 0.014597
0 0.780314 0.101853 0.013351 0.013363
0 0.733794 0.623137 0.014146 0.014027
0 0.061934 0.372026 0.013838 0.013589
0 0.381420 0.574438 0.012838 0.012938
0 0.297047 0.551976 0.012875 0.012714
0 0.133814 0.219140 0.013175 0.013210
0 0.373992 0.950524 0.013382 0.013255
0 0.582002 0.220238 0.012733 0.012765
0 0.677058 0.735742 0.012428 0.012567
0 0.469419 0.677475 0.012288 0.012512
0 0.027652 0.315035 0.014518 0.014392
0 0.338665 0.489933 0.012517 0.012287
0 0.271050 0.263426 0.012218 0.012560
0 0.573061 0.109926 0.013697 0.013529
0 0.965047 0.695469 0.012452 0.012511
0 0.926231 0.042737 0.011803 0.011495
0 0.277444 0.493245 0.012778 0.012729
0 0.223469 0.434267 0.013967 0.013752
0 0.322293 0.936037 0.012553 0.012579
0 0.630553 0.835353 0.012337 0.012267
0 0.220802 0.182931 0.011439 0.011782
0 0.498657 0.470067 0.013892 0.013869
0 0.309884 0.007240 0.012799 0.013104
0 0.180527 0.622314 0.012666 0.012816
0 0.501647 0.947860 0.013712 0.013837
0 0.892247 0.587688 0.011948 0.012103
0 0.409357 0.013241 0.013235 0.013416
0 0.898415 0.196502 0.013044 0.013304
0 0.949495 0.390497 0.011955 0.011896
0 0.848013 0.356506 0.014279 0.014256
0 0.825537 0.434921 0.013228 0.013170
0 0.821027 0.084962 0.012805 0.012622
0 0.972784 0.379168 0.013161 0.013588
0 0.276874 0.925307 0.012606 0.012782
0 0.762459 0.875889 0.013465 0.013310
0 0.504236 0.403243 0.013041 0.012989
0 0.521278 0.339878 0.012809 0.012919
0 0.729446 0.053765 0.013002 0.012954
0 0.883715 0.120242 0.009375 0.009164
0 0.030732 0.610194 0.012561 0.012448
0 0.767540 0.542469 0.012898 0.012685
0 0.736359 0.506508 0.011449 0.011251
0 0.269572 0.553224 0.012211 0.012249
0 0.445653 0.739393 0.012712 0.012379
0 0.353604 0.289918 0.021706 0.021284
0 0.651211 0.729941 0.013272 0.013444
0 0.663774 0.188361 0.009752 0.009785
0 0.358362 0.939585 0.012490 0.012531
0 0.447310 0.220850 0.012077 0.012495
0 0.003200 0.072283 0.006367 0.010842
0 0.742420 0.446309 0.012487 0.012530
0 0.665929 0.617331 0.010909 0.010942
0 0.130367 0.173210 0.011954 0.012146
0 0.764635 0.857685 0.012884 0.013206
0 0.879747 0.978251 0.013460 0.013500
0 0.644811 0.411647 0.011708 0.011521
0 0.117318 0.560775 0.011612 0.011155
0 0.815190 0.555004 0.012987 0.012865
0 0.982365 0.513234 0.014272 0.013454
0 0.792727 0.522451 0.011572 0.011346
0 0.652941 0.088699 0.012176 0.012340
0 0.940934 0.013516 0.011871 0.011744
0 0.034863 0.594996 0.012052 0.012150
0 0.273063 0.656215 0.013576 0.013661
0 0.911840 0.924965 0.011791 0.011879
0 0.906412 0.077231 0.011030 0.010946
0 0.486257 0.282642 0.011614 0.011479
0 0.221880 0.472762 0.011737 0.011566
0 0.824853 0.727339 0.012398 0.012969
0 0.228799 0.846243 0.012500 0.012536
0 0.533972 0.944889 0.013493 0.013599
0 0.386728 0.716402 0.013990 0.013304
0 0.791374 0.356661 0.013201 0.013002
0 0.190471 0.745496 0.012350 0.012428
0 0.870138 0.571306 0.011284 0.011333
0 0.533891 0.627571 0.018847 0.018434
0 0.505936 0.645324 0.012557 0.012101
0 0.979672 0.048368 0.011056 0.010776
0 0.001672 0.018141 0.003306 0.011004
0 0.796726 0.261619 0.012262 0.012284
0 0.871304 0.109128 0.011911 0.011765
0 0.135244 0.980110 0.011216 0.011479
0 0.057724 0.904310 0.012018 0.011998
0 0.850284 0.548204 0.010926 0.011311
0 0.559495 0.614257 0.014490 0.014977
0 0.763595 0.781205 0.012028 0.012143
0 0.002009 0.433735 0.003975 0.010421
0 0.263339 0.814632 0.013357 0.013443
0 0.794380 0.258382 0.011862 0.012090
0 0.142087 0.002610 0.010298 0.005221
0 0.802490 0.544898 0.011390 0.010911
0 0.091979 0.804789 0.011331 0.011337
0 0.793001 0.255485 0.011347 0.011161
0 0.313559 0.990191 0.013017 0.012973
0 0.979711 0.666835 0.010850 0.010918
0 0.145681 0.924810 0.012239 0.012311
0 0.849172 0.549330 0.011097 0.011081
