0 0.250187 0.850120 0.012845 0.012819
0 0.579620 0.906829 0.013828 0.013684
0 0.619057 0.962564 0.013749 0.013729
0 0.948759 0.782999 0.012990 0.012885
0 0.185239 0.799001 0.012633 0.012695
0 0.183944 0.891740 0.012861 0.012856
0 0.199107 0.861129 0.012572 0.012469
0 0.943296 0.713215 0.012059 0.012090
0 0.439376 0.506744 0.012856 0.012838
0 0.740948 0.098182 0.013078 0.012912
0 0.231250 0.104185 0.012018 0.011925
0 0.958606 0.474301 0.012739 0.012707
0 0.137855 0.070212 0.013687 0.013597
0 0.215533 0.677312 0.012013 0.011934
0 0.192536 0.227673 0.012794 0.012775
0 0.492974 0.499941 0.011307 0.011095
0 0.112350 0.669573 0.013485 0.013654
0 0.351360 0.598239 0.012984 0.012969
0 0.342624 0.339500 0.014463 0.014598
0 0.976439 0.919224 0.013162 0.013093
0 0.654178 0.842397 0.012748 0.012407
0 0.272593 0.413126 0.013342 0.013224
0 0.981022 0.489033 0.011420 0.011242
0 0.203856 0.485856 0.013424 0.013191
0 0.609195 0.277224 0.012317 0.012429
0 0.523328 0.349759 0.013548 0.013329
0 0.747799 0.619499 0.013661 0.013558
0 0.331617 0.519260 0.012705 0.012661
0 0.252820 0.562032 0.012884 0.012833
0 0.098906 0.302975 0.012588 0.012535
0 0.012398 0.626311 0.013521 0.013443
0 0.366609 0.914727 0.012772 0.012914
0 0.317746 0.309943 0.013832 0.013642
0 0.659225 0.125127 0.012373 0.012211
0 0.469657 0.063804 0.013485 0.013338
0 0.077101 0.037421 0.012894 0.012571
0 0.566982 0.623264 0.012989 0.012957
0 0.444936 0.111506 0.013686 0.013689
0 0.796745 0.530138 0.013530 0.013461
0 0.615631 0.351552 0.012625 0.012679
0 0.089536 0.422295 0.014434 0.014322
0 0.146859 0.174172 0.013527 0.013515
0 0.180146 0.619591 0.011761 0.011702
0 0.483073 0.119132 0.012299 0.011869
0 0.193083 0.086776 0.011996 0.011975
0 0.446558 0.771330 0.012506 0.012190
0 0.515382 0.938681 0.013430 0.013638
0 0.108751 0.182580 0.012507 0.012594
0 0.388748 0.177835 0.013426 0.013514
0 0.220457 0.339565 0.013457 0.013446
0 0.428779 0.920673 0.011981 0.012057
0 0.142509 0.728704 0.012795 0.012813
0 0.165540 0.385359 0.014123 0.014101
0 0.497014 0.544401 0.013962 0.014147
0 0.921109 0.460583 0.011954 0.011980
0 0.800230 0.207203 0.012267 0.012037
0 0.495697 0.199122 0.011679 0.011490
0 0.951288 0.609607 0.011162 0.010821
0 0.681854 0.256482 0.011954 0.012127
0 0.130789 0.672651 0.012462 0.012337
0 0.395341 0.942802 0.009368 0.009341
0 0.709006 0.463021 0.013478 0.013451
0 0.672238 0.544552 0.012963 0.013041
0 0.441420 0.059265 0.011842 0.011922
0 0.566877 0.196323 0.011921 0.012235
0 0.653854 0.484799 0.012470 0.012401
0 0.870396 0.719467 0.013432 0.012725
0 0.557094 0.835636 0.012694 0.012762
0 0.271311 0.642796 0.012702 0.012769
0 0.064140 0.525336 0.012024 0.012050
0 0.224282 0.648391 0.012075 0.011934
0 0.840649 0.029592 0.011880 0.011952
0 0.096996 0.599132 0.011449 0.011513
0 0.765466 0.773637 0.012357 0.012634
0 0.557507 0.753798 0.012891 0.012783
0 0.310039 0.874728 0.012106 0.011932
0 0.496175 0.664307 0.012722 0.012681
0 0.158749 0.267401 0.013156 0.013152
0 0.299918 0.806274 0.013398 0.013405
0 0.355150 0.181545 0.013199 0.013084
0 0.005734 0.854862 0.011461 0.013077
0 0.481776 0.992663 0.011859 0.012035
0 0.394631 0.348217 0.012603 0.012624
0 0.108255 0.976085 0.012454 0.012444
0 0.849611 0.710914 0.020100 0.019605
0 0.679142 0.279003 0.012745 0.012480
0 0.911325 0.097137 0.013041 0.013065
0 0.143845 0.797530 0.012492 0.012367
0 0.375650 0.244938 0.011162 0.011246
0 0.596375 0.449711 0.012387 0.012355
0 0.798239 0.857201 0.012489 0.012605
0 0.055600 0.736177 0.013095 0.013036
0 0.218507 0.483523 0.010639 0.009932
0 0.619373 0.723384 0.012589 0.012205
0 0.252009 0.033633 0.011240 0.011277
0 0.473469 0.003959 0.012291 0.007912
0 0.816674 0.025165 0.012278 0.012464
0 0.425870 0.446331 0.012164 0.011799
0 0.401429 0.571138 0.011388 0.011116
0 0.746507 0.014137 0.011773 0.011620
0 0.787630 0.005720 0.013381 0.011441
0 0.413603 0.007204 0.012958 0.013185
0 0.924979 0.564297 0.012652 0.012581
0 0.307544 0.818183 0.011391 0.011892
0 0.588010 0.411273 0.012213 0.012254
0 0.367430 0.196207 0.009559 0.009738
0 0.028055 0.010826 0.012865 0.013164
0 0.188808 0.745524 0.011599 0.011538
0 0.736791 0.812275 0.011549 0.011473
0 0.301766 0.771634 0.012349 0.012242
0 0.652200 0.192679 0.011350 0.011192
0 0.423968 0.445233 0.012559 0.011926
0 0.532807 0.630129 0.024381 0.024435
0 0.777233 0.883033 0.011897 0.012315
