0 0.843247 0.265751 0.012684 0.012765
0 0.097626 0.189695 0.011094 0.010831
0 0.570568 0.536672 0.012833 0.012649
0 0.205449 0.863504 0.011926 0.011673
0 0.748180 0.618721 0.013343 0.013268
0 0.155437 0.567723 0.013044 0.012984
0 0.881034 0.064191 0.012443 0.012530
0 0.826183 0.045316 0.013581 0.013713
0 0.343083 0.240324 0.013760 0.013602
0 0.894200 0.507378 0.012925 0.012817
0 0.678820 0.161392 0.012712 0.012763
0 0.072785 0.201659 0.012040 0.011997
0 0.473965 0.118903 0.013077 0.013079
0 0.036920 0.823697 0.013521 0.013498
0 0.095515 0.496976 0.014069 0.013838
0 0.042941 0.631892 0.012419 0.012366
0 0.824529 0.513386 0.013513 0.013542
0 0.423861 0.715154 0.013771 0.013819
0 0.393270 0.481870 0.014035 0.014010
0 0.623159 0.174156 0.011420 0.011377
0 0.119958 0.456005 0.014132 0.014075
0 0.063315 0.634213 0.013485 0.013413
0 0.729211 0.089594 0.011747 0.011672
0 0.652117 0.601378 0.012530 0.012588
0 0.688042 0.103049 0.014060 0.013989
0 0.814682 0.079810 0.012947 0.012993
0 0.087085 0.536399 0.013369 0.013202
0 0.328509 0.830355 0.013646 0.013395
0 0.784888 0.303966 0.012025 0.012083
0 0.312518 0.678686 0.012022 0.011735
0 0.583319 0.145783 0.013568 0.013492
0 0.522493 0.432744 0.011629 0.011732
0 0.185478 0.891838 0.012488 0.012460
0 0.907735 0.805800 0.012690 0.012583
0 0.496661 0.950398 0.013457 0.013224
0 0.183139 0.308741 0.014558 0.014416
0 0.319683 0.144798 0.012816 0.012357
0 0.456979 0.659350 0.013412 0.013411
0 0.023003 0.199368 0.013121 0.012990
0 0.108400 0.980958 0.013506 0.013653
0 0.447214 0.132476 0.013848 0.013556
0 0.739127 0.016030 0.012229 0.012166
0 0.461396 0.959131 0.012060 0.011987
0 0.779580 0.438845 0.013487 0.013435
0 0.535604 0.344898 0.012519 0.012390
0 0.306085 0.516249 0.013691 0.013650
0 0.772769 0.291432 0.014246 0.014195
0 0.925339 0.076193 0.013278 0.013139
0 0.937437 0.545727 0.012461 0.012374
0 0.625792 0.475904 0.012085 0.012152
0 0.970085 0.006668 0.012624 0.012406
0 0.441372 0.060164 0.012366 0.012332
0 0.507949 0.454976 0.013237 0.012893
0 0.495085 0.543544 0.014479 0.014415
0 0.403561 0.920669 0.012106 0.011933
0 0.223575 0.651626 0.012765 0.012630
0 0.330308 0.519021 0.012255 0.012212
0 0.529879 0.705201 0.012695 0.012696
0 0.210966 0.892535 0.011546 0.011394
0 0.624136 0.027892 0.013159 0.013170
0 0.299217 0.616297 0.012854 0.012887
0 0.720038 0.463585 0.011962 0.012013
0 0.435743 0.588937 0.010674 0.010345
0 0.684133 0.422373 0.012631 0.012521
0 0.153447 0.787817 0.012348 0.012376
0 0.535846 0.789784 0.013425 0.013341
0 0.811823 0.680037 0.012580 0.012613
0 0.498574 0.265349 0.014533 0.014605
0 0.048040 0.011358 0.012224 0.012224
0 0.839410 0.437117 0.013013 0.013157
0 0.201389 0.112737 0.012391 0.012548
0 0.858712 0.444242 0.013371 0.013704
0 0.373691 0.116626 0.012310 0.012082
0 0.168389 0.152476 0.011782 0.011446
0 0.198779 0.775156 0.014052 0.013983
0 0.366782 0.342724 0.013197 0.013231
0 0.282280 0.159708 0.012562 0.012401
0 0.267646 0.198754 0.013003 0.013177
0 0.672024 0.199806 0.012113 0.012199
0 0.826091 0.689353 0.011641 0.011605
0 0.620645 0.517955 0.011420 0.011783
0 0.161222 0.681597 0.012800 0.013051
0 0.918663 0.687006 0.013346 0.013496
0 0.099604 0.441563 0.013179 0.013138
0 0.591626 0.007896 0.013844 0.013663
0 0.004628 0.512696 0.009153 0.011596
0 0.988609 0.834936 0.013334 0.013135
0 0.924653 0.292788 0.012123 0.012140
0 0.421645 0.556603 0.013745 0.013702
0 0.212625 0.047506 0.010825 0.010939
0 0.849595 0.712031 0.022890 0.023034
0 0.003242 0.670220 0.006454 0.010243
0 0.211873 0.478632 0.011359 0.011590
0 0.603895 0.466657 0.013271 0.013444
0 0.003560 0.475746 0.007070 0.015124
0 0.162935 0.490867 0.012331 0.012308
0 0.278507 0.148695 0.013257 0.012771
0 0.402860 0.888931 0.012246 0.012290
0 0.220027 0.445128 0.012549 0.012381
0 0.465258 0.597256 0.014578 0.014689
0 0.922119 0.122400 0.012635 0.012578
0 0.160764 0.604288 0.013091 0.012996
0 0.690736 0.886014 0.011808 0.011982
0 0.630686 0.144374 0.013027 0.013075
0 0.013653 0.365409 0.011557 0.011548
0 0.539208 0.981734 0.013369 0.013414
0 0.456505 0.192349 0.012639 0.012382
0 0.258398 0.698508 0.010965 0.011015
0 0.265599 0.311023 0.011268 0.011224
0 0.399593 0.571179 0.011376 0.011223
0 0.070261 0.263613 0.012077 0.011582
0 0.001719 0.454483 0.003328 0.009967
0 0.678649 0.973244 0.011763 0.011874
0 0.531337 0.630387 0.024058 0.023942
0 0.089252 0.155369 0.012928 0.012796
0 0.520234 0.303616 0.012178 0.012057
0 0.995685 0.390689 0.008602 0.010898
0 0.785777 0.005474 0.012913 0.010902
0 0.304983 0.296593 0.011597 0.011451
0 0.857885 0.772910 0.011948 0.011674
0 0.346785 0.291055 0.024020 0.024093
0 0.377795 0.942760 0.012000 0.011740
