0 0.455327 0.929736 0.013568 0.013610
0 0.748533 0.618482 0.013427 0.013262
0 0.656896 0.714504 0.013154 0.013014
0 0.818524 0.619601 0.013404 0.013295
0 0.855540 0.363767 0.012481 0.012155
0 0.806615 0.588529 0.013069 0.013023
0 0.194630 0.503463 0.012579 0.012444
0 0.785551 0.250827 0.012113 0.011918
0 0.639177 0.547896 0.012131 0.011989
0 0.909306 0.567570 0.013877 0.013848
0 0.120317 0.141861 0.012444 0.012478
0 0.849326 0.869276 0.013460 0.013272
0 0.734977 0.821064 0.012304 0.012207
0 0.024058 0.690927 0.013389 0.013186
0 0.967483 0.923653 0.012954 0.012956
0 0.141773 0.252643 0.012763 0.012507
0 0.507114 0.813380 0.011890 0.011680
0 0.179431 0.310214 0.013598 0.013401
0 0.178810 0.793477 0.012764 0.012647
0 0.698513 0.789066 0.013353 0.013279
0 0.883474 0.341617 0.012031 0.012131
0 0.588025 0.510307 0.011928 0.011881
0 0.563766 0.607581 0.013464 0.013487
0 0.903674 0.539963 0.013384 0.013340
0 0.855937 0.948574 0.012027 0.011985
0 0.607885 0.853018 0.012712 0.012567
0 0.681098 0.035650 0.012993 0.012938
0 0.722027 0.350784 0.013821 0.013906
0 0.925021 0.350911 0.011572 0.011562
0 0.887376 0.125621 0.013034 0.012941
0 0.430129 0.101353 0.012939 0.012840
0 0.837333 0.679752 0.012107 0.012182
0 0.096770 0.088935 0.012712 0.012426
0 0.884530 0.456768 0.013032 0.012987
0 0.739783 0.878869 0.012315 0.012186
0 0.505279 0.141799 0.013103 0.012975
0 0.729436 0.751327 0.012513 0.012562
0 0.198350 0.396106 0.014197 0.014107
0 0.597258 0.213241 0.012365 0.012100
0 0.022388 0.544843 0.013227 0.013169
0 0.729658 0.234079 0.012330 0.012350
0 0.353642 0.484070 0.013644 0.013587
0 0.877019 0.931190 0.012919 0.012938
0 0.185724 0.891337 0.012419 0.012211
0 0.254093 0.219837 0.013986 0.014142
0 0.211740 0.850931 0.012190 0.012207
0 0.517496 0.340084 0.013488 0.013396
0 0.824590 0.162626 0.011958 0.011920
0 0.380238 0.555955 0.012015 0.012017
0 0.298632 0.264052 0.013008 0.012978
0 0.492740 0.844975 0.013619 0.013264
0 0.038140 0.268035 0.013462 0.013340
0 0.620353 0.924065 0.013551 0.013465
0 0.331305 0.519158 0.012371 0.012516
0 0.267628 0.022838 0.012105 0.012008
0 0.094631 0.382475 0.013120 0.012781
0 0.504434 0.041108 0.011770 0.011777
0 0.727653 0.009017 0.013343 0.013256
0 0.852623 0.743975 0.012693 0.012890
0 0.165084 0.024266 0.014184 0.014253
0 0.188431 0.112708 0.013226 0.013081
0 0.464664 0.673414 0.011171 0.011031
0 0.438987 0.419886 0.012168 0.012096
0 0.534041 0.626970 0.022332 0.022330
0 0.357097 0.066533 0.012091 0.011920
0 0.929706 0.192774 0.012333 0.012138
0 0.168182 0.490103 0.013542 0.013522
0 0.077639 0.637342 0.011750 0.011840
0 0.189642 0.640301 0.011541 0.011776
0 0.920863 0.765760 0.011806 0.011604
0 0.223000 0.469412 0.012293 0.012485
0 0.081782 0.596148 0.012019 0.011761
0 0.541633 0.973200 0.011747 0.011574
0 0.029177 0.958821 0.013089 0.012913
0 0.040280 0.107982 0.012032 0.012056
0 0.457669 0.959395 0.013124 0.013041
0 0.179049 0.075717 0.012545 0.012551
0 0.376800 0.817209 0.013355 0.013353
0 0.081127 0.160468 0.011112 0.010999
0 0.472830 0.744408 0.012266 0.012300
0 0.996168 0.531676 0.007653 0.012918
0 0.319923 0.660688 0.012711 0.012626
0 0.441526 0.059222 0.011631 0.011709
0 0.649278 0.782974 0.012230 0.012172
0 0.290590 0.811636 0.012459 0.012410
0 0.925143 0.130746 0.013176 0.013271
0 0.098324 0.907243 0.011586 0.011688
0 0.054664 0.079054 0.011993 0.011711
0 0.282490 0.129572 0.011956 0.011865
0 0.222806 0.556555 0.011772 0.012214
0 0.066763 0.462520 0.011923 0.011484
0 0.110714 0.981044 0.012975 0.012995
0 0.788387 0.005227 0.012191 0.010452
0 0.483067 0.727983 0.010853 0.010792
0 0.524326 0.587117 0.011147 0.011110
0 0.845703 0.708235 0.019228 0.019760
0 0.935496 0.365357 0.010842 0.010816
0 0.524569 0.998185 0.011081 0.003602
0 0.493684 0.543771 0.013025 0.013126
0 0.343307 0.292463 0.017370 0.016694
0 0.342089 0.768054 0.011757 0.011535
0 0.224530 0.651642 0.011244 0.011199
0 0.933065 0.621843 0.011956 0.011718
0 0.997694 0.556502 0.004539 0.012070
0 0.525911 0.997853 0.011539 0.004255
0 0.466211 0.775911 0.010378 0.010300
0 0.225985 0.651017 0.011265 0.010957
0 0.225211 0.006676 0.012234 0.012487
0 0.422071 0.556497 0.012929 0.013301
