0 0.334528 0.750236 0.014174 0.014009
0 0.071854 0.762915 0.012478 0.012366
0 0.127635 0.063676 0.012743 0.012685
0 0.113051 0.841880 0.011249 0.011115
0 0.947984 0.786035 0.012530 0.012478
0 0.233532 0.798093 0.013715 0.013568
0 0.459504 0.958969 0.011775 0.011688
0 0.426685 0.797411 0.012325 0.012137
0 0.281333 0.135028 0.013100 0.013150
0 0.042809 0.564954 0.014186 0.014883
0 0.184785 0.907180 0.011674 0.011613
0 0.215305 0.721817 0.012586 0.012445
0 0.441355 0.684914 0.011847 0.011869
0 0.247267 0.726245 0.012482 0.012631
0 0.542695 0.973698 0.011618 0.011464
0 0.657078 0.747891 0.013052 0.012974
0 0.948480 0.612060 0.012866 0.012832
0 0.973182 0.863704 0.011618 0.011775
0 0.700317 0.887144 0.012516 0.012520
0 0.748741 0.615718 0.011809 0.011756
0 0.248577 0.402800 0.011701 0.011532
0 0.010047 0.760373 0.012800 0.012590
0 0.972224 0.679717 0.012725 0.013107
0 0.212730 0.018029 0.010855 0.011131
0 0.118730 0.218323 0.011109 0.011060
0 0.186445 0.888298 0.012506 0.012465
0 0.434345 0.322671 0.012015 0.011833
0 0.917043 0.675659 0.011934 0.011791
0 0.181790 0.495185 0.012474 0.012571
0 0.381921 0.876370 0.012572 0.012536
0 0.603921 0.441586 0.011751 0.011585
0 0.400793 0.959067 0.012296 0.012206
0 0.051357 0.764433 0.009815 0.009539
0 0.236499 0.134060 0.012760 0.013010
0 0.079975 0.968342 0.012994 0.013048
0 0.110336 0.979270 0.012992 0.013096
0 0.407386 0.106294 0.012871 0.012789
0 0.606381 0.467186 0.011791 0.011932
0 0.848379 0.718839 0.017768 0.017222
0 0.477693 0.525677 0.012043 0.012130
0 0.844803 0.641447 0.012218 0.012220
0 0.013410 0.558813 0.013356 0.013227
0 0.009398 0.260294 0.012792 0.012787
0 0.227975 0.649075 0.011950 0.011554
0 0.170549 0.519043 0.013269 0.013346
0 0.513664 0.213804 0.008696 0.008682
0 0.734126 0.949458 0.012166 0.012023
0 0.996473 0.654588 0.007054 0.014767
0 0.523729 0.345141 0.011483 0.011346
0 0.155426 0.907623 0.013129 0.012827
0 0.548094 0.809886 0.011146 0.011298
0 0.281636 0.245087 0.012155 0.012013
0 0.344169 0.297700 0.021521 0.021370
0 0.087262 0.996973 0.012599 0.006054
0 0.619525 0.324816 0.012714 0.012567
0 0.701054 0.822919 0.017540 0.016794
0 0.595624 0.264845 0.011030 0.011052
0 0.062691 0.452283 0.010693 0.010796
0 0.023888 0.335121 0.010724 0.010920
0 0.676290 0.334325 0.011589 0.011393
0 0.676921 0.013900 0.012889 0.012581
0 0.196093 0.736957 0.012096 0.011857
0 0.209309 0.500655 0.010800 0.010769
0 0.170920 0.968036 0.011421 0.011366
0 0.845125 0.211901 0.010680 0.010826
0 0.373613 0.228028 0.017467 0.017644
0 0.641065 0.193599 0.011744 0.011787
0 0.627911 0.057336 0.011647 0.011630
