0 0.748787 0.616543 0.013508 0.013455
0 0.525418 0.346477 0.013660 0.013507
0 0.364537 0.095482 0.012310 0.012241
0 0.219411 0.203165 0.013814 0.013760
0 0.772869 0.651302 0.014001 0.013849
0 0.546803 0.211769 0.012350 0.012223
0 0.463119 0.960360 0.013337 0.013138
0 0.716978 0.102021 0.013043 0.012989
0 0.748403 0.151019 0.012892 0.012899
0 0.267958 0.089075 0.012660 0.012498
0 0.426240 0.234081 0.012955 0.012734
0 0.906052 0.449439 0.014037 0.014049
0 0.910510 0.048156 0.012999 0.012863
0 0.612026 0.952939 0.013085 0.013121
0 0.803447 0.917268 0.013278 0.013234
0 0.436119 0.023541 0.013271 0.012902
0 0.074053 0.320461 0.012445 0.012355
0 0.833371 0.640328 0.013922 0.013801
0 0.748815 0.425100 0.013441 0.013448
0 0.852435 0.494561 0.013658 0.013460
0 0.407680 0.328806 0.013198 0.013150
0 0.065042 0.291236 0.013769 0.013658
0 0.913143 0.639203 0.013459 0.013509
0 0.490268 0.777424 0.011790 0.011616
0 0.644318 0.134499 0.012014 0.012155
0 0.542900 0.973335 0.012222 0.011958
0 0.457428 0.109795 0.013526 0.013413
0 0.367566 0.529724 0.013844 0.013441
0 0.448941 0.747624 0.013793 0.013485
0 0.306487 0.069564 0.012510 0.012899
0 0.039117 0.408447 0.012706 0.012674
0 0.193483 0.768476 0.012150 0.012347
0 0.438628 0.336168 0.011785 0.011828
0 0.961995 0.907345 0.013074 0.012948
0 0.364247 0.466230 0.014023 0.014160
0 0.575281 0.305129 0.012542 0.012314
0 0.802714 0.615684 0.011660 0.011513
0 0.113723 0.427554 0.012868 0.012910
0 0.099096 0.464678 0.012402 0.012385
0 0.305313 0.923166 0.012754 0.012606
0 0.104067 0.566050 0.013119 0.013070
0 0.207067 0.088356 0.011637 0.011673
0 0.371219 0.257586 0.013361 0.013375
0 0.740328 0.240446 0.011749 0.011436
0 0.732141 0.581668 0.011298 0.011163
0 0.135572 0.020377 0.012887 0.012905
0 0.444079 0.958335 0.012998 0.013270
0 0.876612 0.334661 0.013458 0.013394
0 0.158502 0.494369 0.012375 0.012399
0 0.557004 0.589720 0.014312 0.014245
0 0.254170 0.691392 0.013635 0.013633
0 0.762016 0.288499 0.013952 0.014492
0 0.452917 0.260113 0.011927 0.011690
0 0.547006 0.360629 0.012682 0.012347
0 0.638166 0.928476 0.013274 0.013404
0 0.988652 0.066901 0.013685 0.013636
0 0.760307 0.258346 0.011625 0.011394
0 0.141734 0.592937 0.013745 0.013890
0 0.330713 0.517817 0.011970 0.011940
0 0.440460 0.058948 0.012628 0.012520
0 0.132447 0.765222 0.012569 0.012575
0 0.612361 0.753549 0.013001 0.012969
0 0.729719 0.269069 0.011242 0.011189
0 0.776843 0.278414 0.012654 0.012605
0 0.421273 0.603316 0.011463 0.011742
0 0.710095 0.353540 0.010822 0.010881
0 0.841005 0.029333 0.012325 0.012356
0 0.924278 0.146809 0.013243 0.013084
0 0.552068 0.550973 0.013496 0.013401
0 0.897262 0.534154 0.011388 0.011455
0 0.223232 0.467496 0.012501 0.012403
0 0.980587 0.944596 0.012033 0.012141
0 0.239412 0.634927 0.012800 0.012408
0 0.040212 0.516523 0.012227 0.012140
0 0.533338 0.790562 0.010010 0.010058
0 0.551206 0.402102 0.010898 0.010630
0 0.947036 0.253676 0.012614 0.012547
0 0.341501 0.866778 0.009773 0.009745
0 0.549035 0.030934 0.012367 0.012799
0 0.034140 0.590876 0.012596 0.012298
0 0.783806 0.251970 0.010926 0.010788
0 0.410108 0.129387 0.012043 0.012117
0 0.371023 0.808797 0.010972 0.010936
0 0.294325 0.715513 0.013034 0.013164
0 0.229744 0.585429 0.011716 0.011629
0 0.109675 0.980706 0.013496 0.013378
0 0.186756 0.890638 0.012981 0.013001
0 0.995193 0.137548 0.009590 0.013834
0 0.160761 0.459449 0.011192 0.011335
0 0.676367 0.057362 0.011317 0.011352
0 0.595655 0.450887 0.011983 0.011915
0 0.769525 0.351828 0.013472 0.013560
0 0.126073 0.343009 0.010730 0.010608
0 0.789762 0.004482 0.012372 0.008919
0 0.422933 0.553881 0.014482 0.014373
0 0.132237 0.894818 0.013159 0.013078
0 0.516708 0.756657 0.013110 0.013017
0 0.034162 0.620334 0.012952 0.013126
0 0.221305 0.893861 0.011731 0.011772
0 0.077939 0.716469 0.012976 0.012873
0 0.093521 0.639427 0.012159 0.012257
0 0.122874 0.941434 0.010922 0.010799
0 0.851182 0.352368 0.012008 0.011685
0 0.495193 0.542200 0.011076 0.010993
0 0.774803 0.004565 0.013481 0.009111
0 0.023195 0.334622 0.009354 0.009532
0 0.413187 0.143331 0.009439 0.009301
0 0.371588 0.740069 0.020960 0.021311
0 0.994767 0.039296 0.010340 0.012554
0 0.143911 0.934870 0.011107 0.011086
