0 0.874489 0.951136 0.014353 0.014084
0 0.567075 0.396205 0.012406 0.012286
0 0.908661 0.499127 0.012349 0.012282
0 0.055618 0.844653 0.012907 0.012920
0 0.489258 0.304398 0.013304 0.013330
0 0.551634 0.593472 0.013346 0.013197
0 0.598179 0.832171 0.012671 0.012571
0 0.030598 0.685678 0.013320 0.013471
0 0.136590 0.202109 0.013257 0.013398
0 0.061139 0.511580 0.013593 0.013684
0 0.157258 0.789086 0.012616 0.012558
0 0.212132 0.335926 0.013311 0.013309
0 0.669942 0.225966 0.012912 0.012813
0 0.797278 0.535931 0.013433 0.013477
0 0.804548 0.024663 0.012658 0.012504
0 0.511812 0.411675 0.012566 0.012763
0 0.240177 0.859192 0.012797 0.012872
0 0.516945 0.044234 0.012722 0.012792
0 0.539658 0.396452 0.012707 0.012812
0 0.578573 0.262559 0.012621 0.012680
0 0.786257 0.140134 0.013235 0.013246
0 0.433706 0.748711 0.013299 0.013245
0 0.349222 0.412416 0.013317 0.013228
0 0.593300 0.162186 0.013475 0.013134
0 0.263626 0.071813 0.012348 0.012252
0 0.803528 0.411195 0.013625 0.013561
0 0.925637 0.571119 0.013195 0.013133
0 0.815563 0.966388 0.012348 0.012449
0 0.404759 0.840836 0.012865 0.012722
0 0.437497 0.438788 0.012742 0.012711
0 0.818198 0.649319 0.012925 0.012758
0 0.161552 0.664344 0.012889 0.012825
0 0.273840 0.446423 0.013162 0.013063
0 0.021627 0.727169 0.012504 0.012513
0 0.942648 0.845658 0.012911 0.013027
0 0.342398 0.164433 0.012139 0.012135
0 0.904872 0.182224 0.012474 0.012312
0 0.887291 0.918221 0.013372 0.013558
0 0.430324 0.542255 0.013891 0.013839
0 0.054550 0.775831 0.013494 0.013214
0 0.416742 0.478085 0.013763 0.013575
0 0.290014 0.201067 0.012945 0.012727
0 0.908258 0.734781 0.012560 0.012618
0 0.568665 0.228801 0.013507 0.013298
0 0.276494 0.566766 0.012804 0.012938
0 0.833799 0.433891 0.012938 0.012916
0 0.036603 0.417290 0.014057 0.013970
0 0.236422 0.257683 0.013159 0.013218
0 0.207794 0.640194 0.012327 0.012400
0 0.856962 0.757243 0.012166 0.012085
0 0.857678 0.071492 0.014007 0.013988
0 0.062709 0.930765 0.014074 0.013823
0 0.319985 0.408043 0.013419 0.013261
0 0.197429 0.358992 0.014202 0.014123
0 0.612895 0.700686 0.013819 0.014092
0 0.714662 0.740030 0.012416 0.012378
0 0.786439 0.097524 0.011955 0.011943
0 0.306661 0.157012 0.013594 0.013503
0 0.534081 0.954692 0.013542 0.013700
0 0.813579 0.321329 0.012538 0.012498
0 0.463671 0.088747 0.013997 0.014239
0 0.682005 0.499829 0.013473 0.013334
0 0.061506 0.956400 0.013157 0.013277
0 0.526371 0.218297 0.013562 0.013661
0 0.755614 0.750037 0.013503 0.013480
0 0.458265 0.576470 0.012700 0.012834
0 0.173044 0.402285 0.013665 0.013524
0 0.552910 0.914160 0.014395 0.014259
0 0.315448 0.821602 0.012689 0.012762
0 0.318401 0.971869 0.015939 0.015743
0 0.957751 0.323823 0.013786 0.013860
0 0.582479 0.619325 0.014683 0.014451
0 0.465694 0.649033 0.013008 0.013012
0 0.556785 0.859916 0.014506 0.014232
0 0.084341 0.669181 0.013723 0.013695
0 0.426512 0.342324 0.013975 0.013876
0 0.911689 0.075761 0.012631 0.012565
0 0.112273 0.391167 0.013430 0.013318
0 0.821081 0.269649 0.013031 0.012947
0 0.433274 0.930301 0.013424 0.013456
0 0.492337 0.451198 0.014065 0.014181
0 0.975295 0.174547 0.013006 0.012941
0 0.056413 0.194743 0.013129 0.013494
0 0.692153 0.103237 0.012014 0.011960
0 0.739462 0.464659 0.015718 0.015907
0 0.645366 0.435187 0.013958 0.014019
0 0.720643 0.779726 0.013388 0.013300
0 0.711197 0.169647 0.014923 0.015342
0 0.215866 0.025000 0.013161 0.013510
0 0.745919 0.406413 0.013577 0.013516
0 0.250631 0.018923 0.013599 0.013485
0 0.445363 0.228648 0.013262 0.013144
0 0.291402 0.019997 0.013355 0.013254
0 0.982564 0.482646 0.012631 0.012562
0 0.022314 0.381088 0.013893 0.013723
0 0.018883 0.044454 0.010647 0.010570
0 0.677471 0.520403 0.014134 0.014164
0 0.749129 0.983045 0.013233 0.013636
0 0.399263 0.121176 0.013572 0.013346
0 0.212886 0.090750 0.013224 0.013303
0 0.576989 0.351094 0.013014 0.012787
0 0.645422 0.935138 0.012464 0.012208
0 0.555344 0.070736 0.013909 0.013813
0 0.328073 0.128927 0.013546 0.013778
0 0.112901 0.717549 0.012421 0.012214
0 0.224978 0.680950 0.014953 0.014929
0 0.886068 0.040654 0.011164 0.010932
0 0.125226 0.154088 0.013141 0.013124
0 0.774625 0.459024 0.014350 0.014502
0 0.262325 0.145741 0.011870 0.011879
0 0.053673 0.455090 0.012785 0.012865
0 0.961714 0.574350 0.012105 0.012070
0 0.134513 0.834494 0.013598 0.013420
0 0.296182 0.652594 0.013318 0.013270
0 0.627351 0.894219 0.013800 0.013757
0 0.212134 0.284914 0.013982 0.014025
0 0.240469 0.835253 0.012821 0.012894
0 0.586835 0.078479 0.013933 0.013521
0 0.261512 0.172237 0.013075 0.013134
0 0.818113 0.515144 0.013610 0.013475
0 0.479906 0.113216 0.013028 0.012831
0 0.385116 0.979408 0.014073 0.013687
0 0.813691 0.193827 0.013385 0.013239
0 0.447836 0.639810 0.014985 0.015018
0 0.422247 0.859782 0.012695 0.012727
0 0.878104 0.169559 0.013287 0.013392
0 0.354175 0.582528 0.015226 0.015125
0 0.005672 0.077086 0.011043 0.012572
0 0.844232 0.598938 0.013955 0.013831
0 0.800518 0.219954 0.014949 0.015069
0 0.362133 0.207113 0.012899 0.012828
0 0.180842 0.230957 0.014709 0.014903
0 0.378769 0.192998 0.011979 0.011761
0 0.145884 0.176249 0.013781 0.013742
0 0.453267 0.014111 0.013908 0.014027
0 0.816555 0.553364 0.013412 0.013285
0 0.026551 0.887146 0.012485 0.012276
0 0.716589 0.528480 0.012766 0.012632
0 0.447792 0.906401 0.014151 0.014506
0 0.052125 0.232021 0.013958 0.013686
0 0.738674 0.318692 0.014780 0.015087
0 0.065613 0.285315 0.014020 0.014142
0 0.962591 0.878461 0.013922 0.013850
0 0.015143 0.447156 0.014531 0.014322
0 0.950771 0.005927 0.012205 0.011833
0 0.541837 0.438233 0.013508 0.013914
0 0.557606 0.741340 0.014729 0.014740
0 0.560899 0.448721 0.013599 0.013339
0 0.789653 0.187788 0.012037 0.011720
0 0.163680 0.563977 0.013480 0.013771
0 0.770783 0.597852 0.014213 0.014203
0 0.390078 0.718766 0.013655 0.013550
0 0.229947 0.973622 0.013871 0.013873
0 0.249378 0.929030 0.012479 0.012319
0 0.982659 0.192099 0.013254 0.013367
0 0.862592 0.012600 0.013532 0.013462
0 0.938656 0.871595 0.013595 0.013405
0 0.994345 0.749854 0.010493 0.010532
0 0.524632 0.023530 0.012210 0.012317
0 0.329705 0.763128 0.013066 0.013379
0 0.681550 0.475188 0.014730 0.014698
0 0.481049 0.267195 0.014662 0.014565
0 0.188096 0.551713 0.014545 0.014740
0 0.821376 0.289995 0.013889 0.013915
0 0.830815 0.891317 0.013505 0.013303
0 0.267532 0.719355 0.013963 0.013719
0 0.639553 0.253817 0.016198 0.015724
0 0.369980 0.652013 0.013604 0.013798
0 0.007364 0.353324 0.013433 0.013797
0 0.836629 0.150215 0.011436 0.011283
0 0.134135 0.519989 0.014395 0.014483
0 0.129285 0.505469 0.011410 0.011167
0 0.421247 0.409841 0.015518 0.015340
0 0.280094 0.810085 0.014648 0.014645
0 0.125976 0.820662 0.012832 0.012400
0 0.702796 0.817510 0.019889 0.019597
0 0.492367 0.008881 0.014155 0.014560
0 0.340151 0.084193 0.013737 0.013680
0 0.059038 0.213699 0.012405 0.012317
0 0.085113 0.414805 0.012165 0.012410
0 0.572891 0.746091 0.013324 0.012970
0 0.222801 0.745696 0.010407 0.010370
0 0.188327 0.007218 0.012371 0.012559
0 0.325011 0.703242 0.012944 0.012465
0 0.019193 0.994482 0.013079 0.010918
0 0.199882 0.926731 0.013036 0.012471
0 0.715171 0.333349 0.013763 0.013515
0 0.532255 0.629986 0.023737 0.023516
0 0.245709 0.727503 0.013597 0.013763
0 0.298180 0.367937 0.014100 0.014407
0 0.638895 0.899833 0.009077 0.009350
0 0.269394 0.668214 0.013943 0.014161
0 0.345000 0.290367 0.023813 0.023276
0 0.849612 0.711089 0.022982 0.022926
0 0.130322 0.507324 0.011841 0.011624
0 0.123449 0.822830 0.012926 0.012519
0 0.844496 0.184381 0.015256 0.014883
0 0.712664 0.002210 0.010996 0.004420
0 0.209340 0.003664 0.013585 0.007328
0 0.229150 0.998235 0.010202 0.003517
0 0.095157 0.415866 0.013867 0.013729
0 0.597892 0.908385 0.011566 0.011484
0 0.418752 0.410922 0.016292 0.015656
0 0.832240 0.137656 0.012108 0.012028
0 0.606907 0.680215 0.014280 0.014092
0 0.716338 0.331734 0.013360 0.013621
0 0.683534 0.998381 0.011847 0.003238
0 0.604228 0.899246 0.011376 0.012029
