0 0.606133 0.572167 0.013464 0.013458
0 0.467936 0.506378 0.012609 0.012693
0 0.181577 0.384962 0.013034 0.012961
0 0.692440 0.950465 0.013956 0.013884
0 0.193477 0.548791 0.012239 0.012285
0 0.765782 0.506221 0.013720 0.013799
0 0.748391 0.619373 0.013061 0.012927
0 0.893285 0.378472 0.012836 0.012825
0 0.473905 0.637699 0.013129 0.013260
0 0.268878 0.494761 0.012069 0.011880
0 0.966751 0.550666 0.014047 0.013827
0 0.308769 0.031105 0.014000 0.014039
0 0.524318 0.349654 0.013460 0.013160
0 0.362158 0.332923 0.013477 0.013183
0 0.520306 0.675803 0.013024 0.012911
0 0.412377 0.635245 0.013506 0.013473
0 0.050160 0.445486 0.012871 0.012813
0 0.237887 0.527158 0.013256 0.013408
0 0.507118 0.579640 0.012964 0.012983
0 0.716658 0.595610 0.012742 0.012523
0 0.150353 0.680502 0.012360 0.012201
0 0.280266 0.601070 0.013340 0.013272
0 0.015921 0.400367 0.012932 0.012975
0 0.679352 0.465361 0.012303 0.012195
0 0.299768 0.533763 0.013611 0.013703
0 0.216168 0.439201 0.014027 0.013999
0 0.353468 0.256887 0.012255 0.012077
0 0.697625 0.411216 0.013004 0.012896
0 0.097877 0.696507 0.014069 0.014146
0 0.788914 0.567065 0.012787 0.012369
0 0.417045 0.204109 0.013025 0.012878
0 0.440321 0.059391 0.013105 0.013087
0 0.350176 0.072122 0.013177 0.012997
0 0.378783 0.594316 0.012579 0.012615
0 0.317765 0.590459 0.012880 0.012651
0 0.324574 0.155045 0.013182 0.013334
0 0.391952 0.545541 0.012511 0.012561
0 0.751228 0.738401 0.012459 0.012305
0 0.123919 0.119978 0.012131 0.012274
0 0.433622 0.266881 0.012218 0.012229
0 0.013084 0.512685 0.012781 0.012695
0 0.755136 0.403641 0.013538 0.013328
0 0.264398 0.315459 0.013685 0.013515
0 0.221925 0.470264 0.012427 0.012427
0 0.293136 0.830601 0.012999 0.012852
0 0.672898 0.396998 0.012755 0.012441
0 0.551351 0.400412 0.013113 0.013152
0 0.375708 0.185581 0.012655 0.012399
0 0.592175 0.507106 0.012405 0.012588
0 0.320485 0.812190 0.012083 0.012246
0 0.050751 0.968203 0.011710 0.011567
0 0.475899 0.111837 0.012923 0.012783
0 0.141276 0.042345 0.013873 0.013678
0 0.723826 0.085074 0.012116 0.012071
0 0.067829 0.944204 0.012039 0.011993
0 0.501649 0.062112 0.012821 0.012686
0 0.994858 0.227365 0.010280 0.011213
0 0.779655 0.258391 0.013145 0.012969
0 0.226848 0.005367 0.012658 0.010734
0 0.081928 0.841888 0.012377 0.012285
0 0.497747 0.544014 0.014203 0.014071
0 0.458419 0.962068 0.012545 0.012403
0 0.406420 0.094703 0.014384 0.014623
0 0.784766 0.709529 0.012284 0.012325
0 0.879237 0.052610 0.011805 0.011653
0 0.125576 0.397431 0.012010 0.011872
0 0.362841 0.662935 0.013714 0.013693
0 0.224160 0.648615 0.012467 0.012219
0 0.964998 0.031167 0.011159 0.010846
0 0.879510 0.144818 0.011798 0.011944
0 0.541899 0.976506 0.013416 0.013172
0 0.478930 0.743775 0.010973 0.010960
0 0.155884 0.257516 0.013281 0.013182
0 0.864943 0.318609 0.012652 0.012845
0 0.637491 0.619461 0.012490 0.012749
0 0.994504 0.424941 0.009772 0.009918
0 0.109930 0.980919 0.013562 0.013573
0 0.636819 0.926293 0.012601 0.012634
0 0.840549 0.706981 0.012719 0.012620
0 0.185054 0.892677 0.012612 0.012750
0 0.539353 0.391158 0.012616 0.012589
0 0.041487 0.038926 0.014192 0.014050
0 0.561491 0.061699 0.010548 0.010416
0 0.305412 0.955424 0.012183 0.012249
0 0.452978 0.883347 0.012715 0.012644
0 0.787703 0.005605 0.012371 0.011210
0 0.538555 0.073998 0.012488 0.012205
0 0.110119 0.467606 0.011394 0.011358
0 0.425728 0.510839 0.012977 0.012774
0 0.323289 0.522468 0.011389 0.011872
0 0.529851 0.234669 0.012017 0.011924
0 0.655828 0.216082 0.012548 0.012348
0 0.939047 0.808618 0.013372 0.013323
0 0.990456 0.064157 0.010173 0.009619
0 0.422392 0.555573 0.013580 0.013686
0 0.841412 0.144873 0.012936 0.013002
0 0.191389 0.842538 0.010812 0.010649
0 0.734864 0.770187 0.011327 0.011250
0 0.496214 0.991485 0.008517 0.008885
0 0.980058 0.722108 0.012207 0.012285
0 0.394396 0.945118 0.009035 0.009473
0 0.030634 0.419511 0.012774 0.012960
