0 0.182593 0.377890 0.012606 0.012554
0 0.531701 0.433837 0.012574 0.012417
0 0.697528 0.460957 0.012926 0.012846
0 0.573130 0.151300 0.013218 0.012959
0 0.103110 0.759787 0.012708 0.012484
0 0.135592 0.191091 0.013630 0.013518
0 0.106798 0.811900 0.014035 0.014053
0 0.973659 0.637802 0.012877 0.012862
0 0.037855 0.834407 0.012484 0.012585
0 0.063667 0.256472 0.013240 0.013361
0 0.479547 0.373763 0.013564 0.013437
0 0.603688 0.899268 0.012308 0.012165
0 0.145257 0.441926 0.013896 0.013848
0 0.355611 0.879849 0.013197 0.013094
0 0.157302 0.982109 0.013116 0.013022
0 0.581016 0.515179 0.013732 0.013584
0 0.467241 0.151145 0.013609 0.013554
0 0.931065 0.418718 0.013456 0.013613
0 0.030270 0.686206 0.014231 0.014234
0 0.153979 0.790745 0.012503 0.012506
0 0.942887 0.299840 0.013058 0.013054
0 0.539234 0.396285 0.013032 0.012887
0 0.977353 0.777840 0.013190 0.012971
0 0.945257 0.586754 0.013402 0.013159
0 0.549604 0.380074 0.013400 0.013214
0 0.195145 0.081219 0.012952 0.012872
0 0.605874 0.788840 0.015225 0.015124
0 0.627717 0.804536 0.012340 0.012267
0 0.407934 0.353065 0.014569 0.014352
0 0.930765 0.909455 0.014187 0.013881
0 0.172049 0.240302 0.014281 0.014167
0 0.816605 0.966364 0.012169 0.012142
0 0.579403 0.262288 0.012369 0.012447
0 0.738682 0.349183 0.012920 0.012942
0 0.221418 0.959669 0.011918 0.011719
0 0.855068 0.816121 0.013277 0.013176
0 0.897812 0.383581 0.012925 0.012815
0 0.458081 0.576424 0.012756 0.013034
0 0.921332 0.563635 0.013108 0.013080
0 0.328943 0.914846 0.013428 0.013305
0 0.807957 0.368421 0.012675 0.012666
0 0.252825 0.044351 0.013207 0.013344
0 0.575455 0.974739 0.013641 0.013703
0 0.365049 0.401501 0.013762 0.013698
0 0.547406 0.674171 0.014947 0.015052
0 0.464242 0.881342 0.013716 0.013630
0 0.883058 0.688979 0.012992 0.013029
0 0.546442 0.317129 0.014236 0.014234
0 0.674765 0.929745 0.013193 0.013277
0 0.198052 0.495023 0.013667 0.013651
0 0.874934 0.929290 0.012647 0.012487
0 0.747628 0.507814 0.014208 0.014306
0 0.026856 0.563690 0.012949 0.013126
0 0.664853 0.251746 0.013896 0.013597
0 0.690853 0.038823 0.013553 0.013325
0 0.745106 0.754575 0.013783 0.013732
0 0.527664 0.850224 0.013292 0.013373
0 0.155790 0.865267 0.013366 0.013449
0 0.941589 0.845331 0.013105 0.013260
0 0.202115 0.819630 0.012976 0.012787
0 0.181851 0.331888 0.014526 0.014377
0 0.290175 0.201409 0.012624 0.012761
0 0.593619 0.162062 0.013549 0.013349
0 0.560007 0.597373 0.012634 0.012445
0 0.897685 0.836792 0.012020 0.011819
0 0.546944 0.230242 0.012662 0.012635
0 0.599749 0.396818 0.013640 0.013704
0 0.432922 0.656809 0.013053 0.013085
0 0.480268 0.406039 0.013465 0.013638
0 0.847044 0.522226 0.014549 0.014517
0 0.111455 0.391425 0.013252 0.013192
0 0.939929 0.656680 0.012413 0.012463
0 0.980454 0.161173 0.012313 0.012181
0 0.650277 0.524289 0.013441 0.013638
0 0.867266 0.985606 0.012473 0.012360
0 0.754299 0.033945 0.014112 0.014053
0 0.247325 0.323547 0.014292 0.014238
0 0.774948 0.458507 0.014286 0.014220
0 0.525083 0.021189 0.014304 0.014317
0 0.512027 0.611504 0.012851 0.012906
0 0.525590 0.217367 0.013438 0.013563
0 0.055582 0.431338 0.013330 0.013138
0 0.491861 0.451259 0.013643 0.013736
0 0.337639 0.155618 0.013237 0.013463
0 0.899497 0.321312 0.012600 0.012652
0 0.546897 0.746138 0.012709 0.012589
0 0.337987 0.085329 0.013675 0.013687
0 0.657934 0.144420 0.013591 0.013550
0 0.342936 0.597794 0.013627 0.013762
0 0.288593 0.595453 0.014118 0.014235
0 0.645844 0.936332 0.013434 0.013151
0 0.027016 0.886695 0.012394 0.012558
0 0.871574 0.219722 0.013970 0.013792
0 0.385277 0.612552 0.012653 0.012772
0 0.886674 0.264210 0.013499 0.013521
0 0.605247 0.620562 0.013918 0.014029
0 0.649544 0.676277 0.011972 0.011856
0 0.284601 0.369190 0.013613 0.013775
0 0.095264 0.468681 0.013786 0.013737
0 0.406150 0.490154 0.012708 0.012360
0 0.808920 0.022353 0.013740 0.013585
0 0.699352 0.822135 0.013601 0.013538
0 0.196213 0.774587 0.013545 0.013677
0 0.684112 0.801139 0.014527 0.014671
0 0.793212 0.354583 0.013336 0.013358
0 0.831640 0.138968 0.013684 0.013808
0 0.229363 0.254108 0.014106 0.013967
0 0.065881 0.589810 0.013371 0.013338
0 0.356939 0.610948 0.013356 0.013195
0 0.114882 0.469359 0.013056 0.013227
0 0.022212 0.382115 0.013936 0.013706
0 0.324342 0.227536 0.013313 0.013346
0 0.236061 0.619694 0.013564 0.013620
0 0.070977 0.037697 0.012554 0.012533
0 0.725675 0.529683 0.012757 0.012957
0 0.801254 0.220192 0.014834 0.014903
0 0.133641 0.635014 0.013163 0.013213
0 0.122083 0.953252 0.011607 0.011461
0 0.933113 0.006576 0.013267 0.013046
0 0.606667 0.679804 0.012738 0.012651
0 0.263273 0.261379 0.014571 0.014595
0 0.259506 0.363276 0.013519 0.013498
0 0.145141 0.849884 0.012844 0.012675
0 0.025409 0.325690 0.011943 0.011887
0 0.795510 0.037183 0.013841 0.013858
0 0.052430 0.837510 0.012698 0.012792
0 0.369243 0.700283 0.014043 0.014022
0 0.857822 0.072741 0.014532 0.014514
0 0.877969 0.169914 0.013485 0.013466
0 0.395631 0.480425 0.014773 0.014716
0 0.263351 0.071330 0.012862 0.012487
0 0.482225 0.107830 0.013720 0.013607
0 0.518845 0.575935 0.013106 0.013135
0 0.954535 0.544714 0.012477 0.012736
0 0.309912 0.045271 0.012774 0.012563
0 0.049965 0.232854 0.013285 0.013225
0 0.942984 0.990186 0.012706 0.012328
0 0.189553 0.007578 0.012829 0.013014
0 0.330347 0.311365 0.013597 0.013411
0 0.368824 0.648641 0.013435 0.013470
0 0.308870 0.369007 0.012886 0.013282
0 0.060211 0.956915 0.012987 0.012829
0 0.569471 0.648144 0.014217 0.014124
0 0.117834 0.984091 0.013214 0.013324
0 0.091517 0.143144 0.012973 0.013322
0 0.995638 0.746140 0.008688 0.014256
0 0.096065 0.494053 0.013629 0.013546
0 0.188446 0.551468 0.015785 0.015840
0 0.195688 0.118675 0.013520 0.013816
0 0.990511 0.982500 0.013276 0.013248
0 0.962449 0.879276 0.014104 0.014003
0 0.615164 0.304262 0.013064 0.012982
0 0.841998 0.593556 0.013887 0.013517
0 0.561123 0.774762 0.013560 0.013426
0 0.982634 0.192446 0.013175 0.013233
0 0.448136 0.906870 0.013604 0.013874
0 0.321099 0.376675 0.012671 0.012374
0 0.745066 0.406459 0.013783 0.013695
0 0.330789 0.764166 0.013537 0.013651
0 0.089353 0.123938 0.019068 0.018252
0 0.536498 0.635070 0.013988 0.013597
0 0.640581 0.253824 0.015563 0.015466
0 0.844824 0.184566 0.014198 0.014397
0 0.648724 0.962695 0.011709 0.011735
0 0.936340 0.877175 0.014529 0.014891
0 0.296970 0.575979 0.012447 0.012753
0 0.848955 0.711202 0.022371 0.022120
0 0.562491 0.575594 0.013571 0.013287
0 0.762513 0.187315 0.012854 0.012673
0 0.386007 0.968977 0.012756 0.012273
0 0.736946 0.318313 0.013978 0.014558
0 0.610264 0.027332 0.011924 0.011734
0 0.290743 0.859823 0.014021 0.014027
0 0.600122 0.284409 0.013207 0.013613
0 0.960957 0.572721 0.012377 0.012274
0 0.790986 0.187412 0.012382 0.012291
0 0.863372 0.011619 0.012795 0.012927
0 0.653434 0.840100 0.012665 0.012748
0 0.014786 0.447339 0.014218 0.014020
0 0.164620 0.564732 0.013094 0.013197
0 0.502448 0.003857 0.013245 0.007714
0 0.453057 0.014129 0.013394 0.013433
0 0.450486 0.546842 0.012734 0.012726
0 0.789378 0.781174 0.012466 0.012871
0 0.495167 0.265067 0.013146 0.013408
0 0.395465 0.453181 0.017127 0.016889
0 0.226314 0.680872 0.015281 0.015114
0 0.270652 0.668201 0.013738 0.013938
0 0.244158 0.727998 0.013598 0.013491
0 0.777669 0.146243 0.014092 0.014000
0 0.320454 0.015487 0.013934 0.013839
0 0.339396 0.646807 0.011316 0.010946
0 0.770317 0.600598 0.014830 0.014743
0 0.625762 0.932728 0.013670 0.013706
0 0.267627 0.719749 0.013932 0.013310
0 0.037066 0.293755 0.014784 0.014701
0 0.101178 0.348187 0.013821 0.013702
0 0.404017 0.488485 0.013454 0.012085
0 0.290146 0.862724 0.013461 0.015044
0 0.114121 0.661054 0.013604 0.013894
0 0.482392 0.179502 0.012050 0.011953
