0 0.737377 0.492712 0.011848 0.011746
0 0.966751 0.634029 0.013152 0.012928
0 0.257518 0.837496 0.012425 0.012415
0 0.380816 0.517204 0.013980 0.013924
0 0.662440 0.332879 0.013392 0.013244
0 0.594186 0.546144 0.013170 0.013079
0 0.189650 0.479038 0.013666 0.013553
0 0.953787 0.788170 0.012836 0.012746
0 0.683154 0.518308 0.012887 0.012956
0 0.747194 0.619863 0.013142 0.013130
0 0.382721 0.267898 0.013173 0.013281
0 0.043933 0.947552 0.013331 0.013471
0 0.896961 0.646582 0.012685 0.012686
0 0.484605 0.111781 0.014151 0.014233
0 0.265340 0.779434 0.011616 0.011341
0 0.298187 0.394083 0.012418 0.012312
0 0.343439 0.507123 0.013418 0.013462
0 0.669174 0.943452 0.014230 0.014103
0 0.236266 0.101742 0.013042 0.012940
0 0.131542 0.409803 0.012772 0.012696
0 0.126389 0.498568 0.012109 0.012222
0 0.042707 0.677578 0.013816 0.013691
0 0.301253 0.659134 0.013011 0.012978
0 0.314901 0.181153 0.012488 0.012581
0 0.729239 0.802025 0.013594 0.013404
0 0.541495 0.976467 0.012796 0.012617
0 0.713947 0.418562 0.013296 0.013081
0 0.164631 0.589487 0.012948 0.012909
0 0.291729 0.701208 0.012957 0.013056
0 0.524610 0.348121 0.013192 0.013107
0 0.816357 0.714199 0.014063 0.013861
0 0.903420 0.066807 0.013322 0.013218
0 0.386192 0.027573 0.013522 0.013494
0 0.092021 0.854495 0.012757 0.012657
0 0.583546 0.924122 0.013529 0.013316
0 0.491729 0.272873 0.011607 0.011569
0 0.209370 0.663318 0.012841 0.012779
0 0.107750 0.739358 0.012747 0.012827
0 0.330787 0.827249 0.010727 0.010864
0 0.107477 0.980769 0.013457 0.013500
0 0.153648 0.968635 0.012459 0.012342
0 0.747721 0.131480 0.012824 0.012844
0 0.421565 0.597948 0.013292 0.013340
0 0.197873 0.332626 0.013674 0.013665
0 0.834841 0.549385 0.012132 0.012463
0 0.579906 0.725060 0.012655 0.012991
0 0.964756 0.302304 0.012365 0.012289
0 0.295878 0.032440 0.014354 0.014318
0 0.531456 0.684615 0.012337 0.012410
0 0.184727 0.891500 0.012397 0.012313
0 0.480194 0.842833 0.012933 0.012778
0 0.405992 0.266460 0.012066 0.011976
0 0.434008 0.972690 0.011359 0.011337
0 0.993143 0.889397 0.012742 0.012830
0 0.478320 0.203479 0.012412 0.012332
0 0.548932 0.926080 0.011700 0.011480
0 0.144103 0.947467 0.012414 0.011927
0 0.362354 0.178391 0.011702 0.011714
0 0.337411 0.246333 0.011246 0.010843
0 0.440032 0.059906 0.012060 0.012164
0 0.125202 0.625329 0.011129 0.011203
0 0.143516 0.562650 0.012285 0.012310
0 0.153857 0.544645 0.012572 0.012482
0 0.403798 0.510642 0.012066 0.011831
0 0.632563 0.263929 0.011984 0.012552
0 0.604172 0.327474 0.013413 0.013579
0 0.926393 0.527846 0.013751 0.013734
0 0.169672 0.031019 0.013757 0.013730
0 0.863162 0.791827 0.012694 0.012344
0 0.194944 0.261968 0.012505 0.012567
0 0.933019 0.377014 0.012605 0.012712
0 0.442044 0.690436 0.013084 0.013125
0 0.915425 0.583214 0.011665 0.011791
0 0.494596 0.543954 0.013544 0.013710
0 0.476607 0.176342 0.013188 0.013026
0 0.923746 0.310276 0.013207 0.013046
0 0.571615 0.256843 0.012339 0.012472
0 0.724624 0.257223 0.012027 0.012295
0 0.821165 0.163646 0.012925 0.012768
0 0.993160 0.708903 0.012503 0.012793
0 0.864978 0.148855 0.011441 0.011463
0 0.076131 0.016808 0.013050 0.012558
0 0.245771 0.252010 0.012772 0.012740
0 0.396501 0.942432 0.009053 0.008974
0 0.325584 0.613349 0.012829 0.013519
0 0.691372 0.876101 0.011714 0.011630
0 0.636593 0.649810 0.012402 0.012206
0 0.364870 0.241722 0.013965 0.013678
0 0.545341 0.645973 0.012690 0.012490
0 0.173964 0.758141 0.013502 0.013582
0 0.630331 0.944505 0.011860 0.011806
0 0.785770 0.005593 0.014783 0.011187
0 0.244712 0.192829 0.013700 0.013585
0 0.849263 0.709567 0.023731 0.023932
0 0.096035 0.140468 0.012281 0.012267
0 0.782742 0.005506 0.016387 0.010954
0 0.421607 0.557441 0.013138 0.013169
0 0.221043 0.470757 0.012519 0.012591
0 0.225557 0.648223 0.011236 0.011148
0 0.796857 0.128726 0.011650 0.011763
0 0.447549 0.170285 0.009673 0.009545
0 0.096253 0.344361 0.011620 0.011573
0 0.995740 0.426432 0.008520 0.010292
0 0.252329 0.372576 0.014428 0.013960
0 0.585068 0.001742 0.012294 0.003484
0 0.957067 0.034156 0.014069 0.014339
0 0.346886 0.290921 0.023934 0.023761
0 0.243105 0.637824 0.012360 0.011935
0 0.105597 0.235967 0.012324 0.012226
0 0.326224 0.001855 0.012608 0.003695
0 0.669617 0.803919 0.012373 0.012416
