0 0.610690 0.927006 0.017438 0.017096
0 0.753272 0.081949 0.015163 0.014798
0 0.803528 0.561653 0.014907 0.014829
0 0.626427 0.445980 0.014682 0.014536
0 0.413496 0.868592 0.014124 0.014119
0 0.180822 0.728277 0.017542 0.017434
0 0.654847 0.456581 0.016823 0.016668
0 0.394409 0.693202 0.014378 0.014219
0 0.868680 0.392314 0.015242 0.014904
0 0.051535 0.683779 0.017302 0.017277
0 0.564331 0.240727 0.013963 0.014041
0 0.084637 0.811368 0.014262 0.014158
0 0.481463 0.087485 0.014856 0.014916
0 0.648807 0.490148 0.013927 0.013909
0 0.490279 0.536878 0.016311 0.016503
0 0.953061 0.938961 0.014093 0.013929
0 0.481765 0.190765 0.014123 0.014086
0 0.870123 0.656743 0.014521 0.014456
0 0.334372 0.597320 0.015096 0.015006
0 0.333916 0.923924 0.014387 0.014230
0 0.177209 0.352299 0.014242 0.014378
0 0.790044 0.333662 0.014787 0.014679
0 0.516532 0.311668 0.014933 0.014999
0 0.175015 0.900740 0.015734 0.015633
0 0.115235 0.786145 0.014754 0.014850
0 0.609544 0.609936 0.015263 0.015121
0 0.303250 0.689462 0.014155 0.014102
0 0.587643 0.839133 0.014034 0.014300
0 0.725518 0.631461 0.013554 0.013748
0 0.796152 0.110897 0.013319 0.013226
0 0.609590 0.271104 0.014114 0.014042
0 0.220143 0.548078 0.014916 0.015001
0 0.232639 0.442200 0.017453 0.017460
0 0.469838 0.483288 0.014441 0.014760
0 0.823703 0.583620 0.015137 0.015085
0 0.383598 0.432116 0.014807 0.014451
0 0.294000 0.740775 0.014492 0.014512
0 0.559626 0.196252 0.013822 0.013372
0 0.125993 0.539074 0.013898 0.013816
0 0.530172 0.272400 0.014730 0.014634
0 0.577343 0.630646 0.014627 0.014638
0 0.051010 0.122728 0.014119 0.013901
0 0.934466 0.601958 0.014106 0.014041
0 0.290884 0.357206 0.015208 0.015536
0 0.442217 0.194933 0.015852 0.016080
0 0.407977 0.576426 0.014439 0.014466
0 0.794801 0.392005 0.015576 0.015565
0 0.219019 0.517909 0.015035 0.015282
0 0.787203 0.177085 0.013062 0.013218
0 0.691937 0.793951 0.013888 0.013639
0 0.033123 0.290539 0.013888 0.013827
0 0.101526 0.195925 0.014955 0.015036
0 0.970092 0.427584 0.014938 0.014876
0 0.849964 0.721276 0.022481 0.022428
0 0.534225 0.640055 0.022598 0.022330
0 0.763190 0.229397 0.014308 0.014375
0 0.109946 0.315164 0.014199 0.014062
0 0.148477 0.886296 0.015980 0.015570
0 0.655428 0.031945 0.014424 0.014448
0 0.480498 0.970310 0.014405 0.014202
0 0.673906 0.786508 0.014248 0.014230
0 0.372701 0.594950 0.014010 0.014007
0 0.918387 0.760850 0.014489 0.014403
0 0.050958 0.252589 0.014482 0.014456
0 0.069016 0.897655 0.014158 0.014140
0 0.348125 0.301168 0.022664 0.022507
0 0.395184 0.045523 0.014557 0.014566
0 0.257649 0.107225 0.014999 0.015134
0 0.504809 0.721323 0.014622 0.014624
0 0.952359 0.416182 0.015242 0.015350
0 0.314143 0.057074 0.015307 0.015204
0 0.155521 0.080127 0.014640 0.014780
0 0.538220 0.809579 0.014418 0.014327
0 0.168846 0.045159 0.014020 0.013794
0 0.555548 0.478838 0.014946 0.015071
0 0.195252 0.201350 0.015309 0.015403
0 0.368434 0.702032 0.014188 0.014054
0 0.702310 0.922537 0.014134 0.013489
0 0.068454 0.576817 0.021857 0.021924
0 0.291241 0.235420 0.014565 0.014391
0 0.858811 0.026708 0.014539 0.014815
0 0.099636 0.467459 0.013548 0.012965
0 0.911817 0.096141 0.015401 0.015400
0 0.670123 0.079261 0.014744 0.014859
0 0.727408 0.731729 0.015149 0.015138
0 0.558951 0.699667 0.015605 0.015728
0 0.685944 0.976801 0.017374 0.017149
0 0.506758 0.185789 0.014269 0.014178
0 0.605749 0.061097 0.014918 0.015021
0 0.983988 0.126488 0.014947 0.014761
0 0.959302 0.005354 0.015710 0.010708
0 0.864001 0.300831 0.013504 0.013204
0 0.076112 0.451618 0.015590 0.015739
0 0.832655 0.425867 0.014842 0.014916
0 0.703367 0.835027 0.017814 0.017517
0 0.880868 0.281885 0.015211 0.015213
0 0.771074 0.097824 0.014649 0.014530
0 0.703476 0.660975 0.014638 0.014662
0 0.729467 0.028993 0.013271 0.013427
0 0.087580 0.931245 0.013280 0.013393
0 0.995747 0.005570 0.008506 0.010851
0 0.153329 0.240806 0.015679 0.015104
0 0.101955 0.982493 0.013611 0.014006
0 0.220574 0.568324 0.014644 0.014470
0 0.642086 0.090464 0.018628 0.018253
0 0.210423 0.449035 0.018457 0.018130
0 0.922703 0.148663 0.021549 0.021167
0 0.007227 0.486286 0.014442 0.019833
0 0.266288 0.246081 0.019783 0.019388
0 0.879513 0.591904 0.024074 0.023759
0 0.001881 0.097151 0.003761 0.015796
0 0.417889 0.225145 0.016329 0.016183
0 0.527673 0.998381 0.013142 0.003239
0 0.887728 0.260569 0.019996 0.020081
0 0.743221 0.270284 0.014107 0.014174
0 0.671698 0.192945 0.020334 0.020131
0 0.525369 0.019099 0.020026 0.019370
0 0.152176 0.242918 0.015868 0.015858
0 0.002383 0.560586 0.004734 0.016843
0 0.378819 0.624785 0.020754 0.020858
0 0.994645 0.844714 0.010696 0.013172
0 0.947831 0.994146 0.014749 0.011565
0 0.093804 0.062610 0.016961 0.017049
0 0.691693 0.350317 0.014621 0.014297
0 0.787282 0.734100 0.022847 0.022965
