0 0.296596 0.407214 0.013069 0.013025
0 0.074947 0.156310 0.012089 0.011896
0 0.266153 0.170007 0.011969 0.011866
0 0.474477 0.671286 0.012091 0.012153
0 0.748342 0.616297 0.011891 0.011784
0 0.398338 0.552629 0.010916 0.010835
0 0.502395 0.748794 0.012032 0.011945
0 0.040872 0.165544 0.012409 0.012474
0 0.150686 0.894600 0.012222 0.012166
0 0.185056 0.457026 0.012899 0.012869
0 0.229097 0.796413 0.013410 0.013347
0 0.220379 0.204967 0.012052 0.012049
0 0.145108 0.829520 0.012435 0.012398
0 0.104400 0.494168 0.011969 0.012008
0 0.798610 0.886830 0.013902 0.013913
0 0.223466 0.466680 0.012618 0.012477
0 0.060383 0.473216 0.011537 0.011427
0 0.115817 0.065045 0.012295 0.012324
0 0.186824 0.888706 0.013803 0.013759
0 0.853067 0.922434 0.012292 0.012207
0 0.488124 0.854922 0.012841 0.012789
0 0.557364 0.335297 0.012383 0.012460
0 0.478175 0.182519 0.012673 0.012884
0 0.680805 0.316600 0.010600 0.010216
0 0.475093 0.111382 0.012154 0.012128
0 0.915840 0.488745 0.012722 0.012902
0 0.068152 0.224597 0.011876 0.011619
0 0.458175 0.957855 0.012904 0.012925
0 0.606918 0.945229 0.013854 0.013544
0 0.263830 0.419168 0.012910 0.012952
0 0.132897 0.905996 0.012407 0.011954
0 0.024282 0.582648 0.012383 0.012553
0 0.533083 0.640482 0.016488 0.016985
0 0.044786 0.021372 0.012947 0.012903
0 0.359100 0.400903 0.011118 0.011042
0 0.081388 0.286831 0.010997 0.011026
0 0.561744 0.410559 0.012909 0.012705
0 0.110679 0.979188 0.013454 0.013422
0 0.104473 0.534578 0.012175 0.012022
0 0.541537 0.974020 0.011787 0.011625
0 0.436432 0.265741 0.011712 0.011389
0 0.974067 0.535227 0.012487 0.012405
0 0.358257 0.019299 0.012716 0.012653
0 0.532008 0.185751 0.010666 0.010775
0 0.148803 0.941308 0.012021 0.011798
0 0.299460 0.140265 0.011635 0.011398
0 0.405623 0.053680 0.011635 0.011864
0 0.525817 0.345625 0.013073 0.012820
0 0.331413 0.517172 0.011366 0.011140
0 0.394774 0.507417 0.011691 0.011483
0 0.367634 0.267319 0.011998 0.011989
0 0.227175 0.649335 0.012394 0.012296
0 0.667927 0.286075 0.009763 0.009960
0 0.847371 0.718432 0.020449 0.019634
0 0.434802 0.995952 0.010390 0.008096
0 0.374874 0.226671 0.018435 0.018567
0 0.377998 0.822244 0.010754 0.010680
0 0.701508 0.821701 0.017801 0.017698
0 0.275228 0.222502 0.012065 0.011806
0 0.686654 0.006795 0.011861 0.012087
0 0.002519 0.381184 0.004916 0.012992
0 0.647776 0.124402 0.009923 0.009896
