0 0.749053 0.615973 0.012810 0.012597
0 0.401366 0.134918 0.014353 0.014141
0 0.172752 0.449194 0.013249 0.013063
0 0.107257 0.922096 0.013058 0.013016
0 0.268312 0.174453 0.013119 0.012859
0 0.149824 0.063386 0.013176 0.013184
0 0.195639 0.831514 0.014026 0.013964
0 0.060568 0.468705 0.011929 0.011736
0 0.307223 0.363348 0.014230 0.014365
0 0.469470 0.472324 0.012695 0.012568
0 0.131219 0.396544 0.012295 0.012568
0 0.459057 0.957775 0.012143 0.012207
0 0.867076 0.663828 0.011208 0.010854
0 0.954344 0.445851 0.012622 0.012808
0 0.127802 0.235566 0.011052 0.010944
0 0.912928 0.794049 0.013002 0.012848
0 0.559535 0.487863 0.011314 0.010853
0 0.187101 0.889145 0.012843 0.012672
0 0.212547 0.241227 0.012219 0.012154
0 0.344586 0.921194 0.011719 0.011954
0 0.203865 0.488154 0.012810 0.012658
0 0.163525 0.934347 0.011547 0.011390
0 0.979319 0.942446 0.012787 0.012748
0 0.691738 0.879892 0.012748 0.012824
0 0.415618 0.773094 0.011655 0.011438
0 0.428375 0.974975 0.011526 0.011569
0 0.157224 0.747178 0.012051 0.011897
0 0.237696 0.783614 0.013010 0.012838
0 0.553050 0.403927 0.012265 0.012162
0 0.848137 0.718520 0.019527 0.018933
0 0.222673 0.466693 0.012822 0.012727
0 0.589590 0.383165 0.011422 0.011514
0 0.366429 0.539341 0.011048 0.010628
0 0.480909 0.250685 0.010010 0.009989
0 0.110194 0.979913 0.012774 0.012819
0 0.520881 0.058311 0.011441 0.011521
0 0.560665 0.352419 0.013244 0.013125
0 0.227038 0.649357 0.012054 0.011909
0 0.630131 0.847120 0.012965 0.012925
0 0.078587 0.004448 0.012262 0.008896
0 0.530568 0.636634 0.022371 0.022664
0 0.205152 0.181817 0.010712 0.010619
0 0.323134 0.189213 0.011706 0.011530
0 0.258072 0.397245 0.012306 0.012282
0 0.396744 0.107096 0.012749 0.012554
0 0.441917 0.822711 0.010102 0.010496
0 0.526388 0.345864 0.012534 0.012450
0 0.345313 0.296600 0.022270 0.022271
0 0.029638 0.569372 0.012390 0.012444
0 0.652985 0.750112 0.013279 0.013267
0 0.540856 0.973360 0.011613 0.011171
0 0.701084 0.821409 0.019509 0.019056
0 0.146565 0.468860 0.011181 0.011076
0 0.361073 0.081660 0.010702 0.010850
0 0.371879 0.733928 0.015119 0.015157
0 0.402264 0.789036 0.009853 0.010101
0 0.547210 0.253081 0.010423 0.010054
0 0.509058 0.471366 0.015617 0.017120
0 0.388053 0.294312 0.010097 0.010236
0 0.669800 0.190465 0.016679 0.016564
0 0.452038 0.213442 0.015985 0.016830
