0 0.448290 0.214514 0.013616 0.013383
0 0.307439 0.111202 0.012736 0.012527
0 0.052801 0.395418 0.011753 0.011643
0 0.611242 0.283942 0.011814 0.011799
0 0.221908 0.099874 0.012973 0.012929
0 0.392827 0.120044 0.011438 0.011297
0 0.195079 0.349904 0.013111 0.013185
0 0.088015 0.251219 0.013793 0.013687
0 0.110732 0.746769 0.012980 0.012799
0 0.750011 0.615375 0.013411 0.013217
0 0.026921 0.200303 0.012151 0.012195
0 0.557350 0.309693 0.012479 0.012364
0 0.054096 0.533474 0.011542 0.011528
0 0.452175 0.076014 0.013071 0.013046
0 0.899874 0.774392 0.013546 0.013567
0 0.111264 0.650607 0.013121 0.013202
0 0.106796 0.518689 0.011142 0.011179
0 0.714090 0.435026 0.010196 0.010128
0 0.139810 0.299190 0.013155 0.013004
0 0.152919 0.498241 0.013432 0.013502
0 0.187270 0.889802 0.013017 0.012875
0 0.204971 0.127022 0.013608 0.013605
0 0.271968 0.423231 0.011456 0.011672
0 0.775873 0.108399 0.010921 0.010883
0 0.240428 0.591589 0.013985 0.013922
0 0.636439 0.835176 0.012610 0.012440
0 0.733991 0.406833 0.011091 0.011257
0 0.732373 0.486836 0.012445 0.012815
0 0.331510 0.517983 0.012222 0.012275
0 0.649629 0.287454 0.011184 0.011299
0 0.464082 0.759821 0.012440 0.012356
0 0.741751 0.821242 0.011771 0.011754
0 0.125284 0.569028 0.012267 0.012410
0 0.133797 0.447517 0.012704 0.012657
0 0.458491 0.957219 0.013371 0.013308
0 0.248077 0.417244 0.011267 0.011386
0 0.222751 0.467363 0.013713 0.013735
0 0.523481 0.346622 0.013254 0.013025
0 0.543618 0.972332 0.013701 0.013424
0 0.799649 0.054190 0.010996 0.011095
0 0.344122 0.295843 0.023695 0.023717
0 0.012599 0.617686 0.012305 0.012438
0 0.866352 0.533407 0.011069 0.011030
0 0.478707 0.277449 0.013092 0.013223
0 0.198738 0.015684 0.013058 0.012890
0 0.013921 0.657194 0.012124 0.012037
0 0.254010 0.822091 0.011804 0.011635
0 0.432045 0.432563 0.011178 0.011065
0 0.520562 0.691240 0.012281 0.012418
0 0.424593 0.716238 0.012284 0.012197
0 0.818869 0.494888 0.010939 0.011007
0 0.962812 0.599784 0.010159 0.010205
0 0.343995 0.843911 0.011693 0.011476
0 0.945255 0.395262 0.010901 0.010693
0 0.131043 0.794485 0.010969 0.010961
0 0.431355 0.391022 0.012412 0.012360
0 0.015430 0.283466 0.011193 0.011541
0 0.774178 0.919009 0.011229 0.011295
0 0.787441 0.911428 0.012214 0.012032
0 0.108971 0.979940 0.012994 0.013132
0 0.828439 0.248725 0.011232 0.011169
0 0.986288 0.922484 0.012562 0.012186
0 0.500927 0.359369 0.011186 0.010961
0 0.008304 0.589189 0.013959 0.013757
0 0.580674 0.969085 0.012783 0.012536
0 0.531015 0.637199 0.022870 0.023414
0 0.421582 0.270363 0.010565 0.010417
0 0.279241 0.662979 0.009163 0.009470
0 0.428103 0.212289 0.013348 0.013408
0 0.805295 0.115170 0.010978 0.010988
0 0.662209 0.304543 0.010830 0.010661
0 0.843584 0.044715 0.011826 0.011497
0 0.003686 0.114824 0.007365 0.013649
0 0.481790 0.525720 0.012082 0.012088
0 0.936526 0.045288 0.011276 0.011230
0 0.848066 0.005909 0.011080 0.010884
0 0.414668 0.209867 0.010133 0.010718
0 0.964226 0.366269 0.008689 0.008601
0 0.989641 0.101319 0.011922 0.012125
0 0.701586 0.821188 0.020737 0.020332
0 0.788104 0.004603 0.012961 0.009207
0 0.247914 0.403672 0.013964 0.013693
0 0.694958 0.946819 0.012105 0.012235
0 0.702516 0.034473 0.010048 0.009852
0 0.635703 0.084701 0.020739 0.020470
0 0.335509 0.435049 0.010502 0.010440
0 0.709092 0.998031 0.012692 0.003920
0 0.664316 0.152789 0.011229 0.011459
0 0.510199 0.189019 0.012076 0.012209
0 0.884850 0.257988 0.009835 0.009837
0 0.131721 0.816405 0.012099 0.012056
0 0.037838 0.500006 0.010282 0.010106
0 0.920927 0.145368 0.017085 0.016868
0 0.226167 0.649287 0.011814 0.011251
0 0.414213 0.211594 0.010361 0.010984
0 0.159297 0.709430 0.012675 0.012696
