0 0.362317 0.101598 0.012184 0.012159
0 0.062552 0.286948 0.013410 0.013453
0 0.905844 0.450492 0.013666 0.013789
0 0.557221 0.766813 0.011755 0.011603
0 0.705519 0.107128 0.012996 0.012991
0 0.748631 0.616308 0.013402 0.013407
0 0.435520 0.023775 0.012824 0.012648
0 0.268688 0.096158 0.012448 0.012503
0 0.492201 0.777893 0.011991 0.011894
0 0.443234 0.737072 0.013664 0.013676
0 0.911192 0.049659 0.012910 0.012681
0 0.646700 0.135534 0.012187 0.012266
0 0.853949 0.495801 0.013356 0.013167
0 0.309937 0.078962 0.012490 0.012404
0 0.770522 0.648411 0.014272 0.014186
0 0.545345 0.212712 0.012590 0.012505
0 0.912550 0.638945 0.013034 0.013008
0 0.964138 0.906898 0.013549 0.013544
0 0.776061 0.205521 0.012483 0.012444
0 0.810013 0.919013 0.013371 0.013222
0 0.550202 0.585789 0.014420 0.014424
0 0.080364 0.017711 0.011873 0.011819
0 0.759659 0.440146 0.013497 0.013711
0 0.378974 0.264082 0.013601 0.013469
0 0.042377 0.425800 0.012914 0.012685
0 0.445999 0.114430 0.014046 0.014095
0 0.755961 0.300711 0.013893 0.013729
0 0.524334 0.346318 0.013722 0.013667
0 0.731389 0.582979 0.011190 0.010974
0 0.143247 0.597779 0.014788 0.014798
0 0.540822 0.361705 0.012575 0.012455
0 0.542337 0.973784 0.013190 0.012843
0 0.184129 0.051680 0.012534 0.012506
0 0.564732 0.308637 0.012901 0.012815
0 0.406635 0.331304 0.013401 0.013128
0 0.439851 0.341902 0.011804 0.011771
0 0.449911 0.276565 0.012128 0.012193
0 0.100158 0.306762 0.012110 0.012207
0 0.351543 0.039989 0.013124 0.013032
0 0.581017 0.262242 0.012845 0.012622
0 0.754053 0.141845 0.012353 0.012459
0 0.420834 0.607426 0.011490 0.011512
0 0.227395 0.204096 0.014556 0.014375
0 0.462787 0.960380 0.013582 0.013604
0 0.130944 0.753352 0.014325 0.014372
0 0.103750 0.428750 0.013627 0.013715
0 0.546637 0.540128 0.012138 0.011954
0 0.295054 0.722527 0.012479 0.012349
0 0.619306 0.916264 0.013384 0.013683
0 0.251586 0.676580 0.013556 0.013413
0 0.439960 0.058879 0.013132 0.013279
0 0.888591 0.549216 0.011523 0.011629
0 0.995213 0.119638 0.009569 0.013850
0 0.359882 0.455511 0.012812 0.012824
0 0.330810 0.517960 0.011925 0.011700
0 0.404121 0.126734 0.012146 0.012208
0 0.542203 0.419998 0.010950 0.011089
0 0.102843 0.464325 0.012523 0.012654
0 0.612568 0.968895 0.013286 0.013651
0 0.206436 0.637241 0.012514 0.012450
0 0.094095 0.565092 0.013511 0.013385
0 0.339110 0.539777 0.013977 0.013911
0 0.118195 0.931974 0.012241 0.012278
0 0.741616 0.263109 0.011317 0.011294
0 0.887288 0.604282 0.012217 0.012325
0 0.131431 0.895546 0.013816 0.013798
0 0.880295 0.316239 0.012263 0.012501
0 0.439022 0.959759 0.013975 0.014159
0 0.991462 0.063122 0.012059 0.012229
0 0.194813 0.775294 0.012143 0.012217
0 0.109454 0.980410 0.013655 0.013746
0 0.588919 0.436429 0.010624 0.010585
0 0.423233 0.554366 0.014796 0.014514
0 0.222602 0.467811 0.012906 0.012783
0 0.780126 0.342883 0.011110 0.011014
0 0.218310 0.571334 0.012684 0.012469
0 0.609910 0.751931 0.011758 0.011981
0 0.008202 0.620917 0.013051 0.013218
0 0.708193 0.355814 0.010086 0.010072
0 0.370964 0.808858 0.010848 0.010723
0 0.296712 0.947231 0.013668 0.013671
0 0.142602 0.449247 0.012359 0.012281
0 0.389309 0.228041 0.014324 0.014495
0 0.788665 0.004947 0.012385 0.009852
0 0.186693 0.890983 0.012761 0.012762
0 0.197352 0.072214 0.011683 0.012007
0 0.148641 0.514797 0.012618 0.012669
0 0.125987 0.343480 0.011166 0.011082
0 0.925404 0.151983 0.013216 0.013822
0 0.534616 0.760600 0.013717 0.013958
0 0.936304 0.243415 0.011712 0.011805
0 0.341191 0.868584 0.009271 0.009216
0 0.226471 0.648944 0.011935 0.011710
0 0.016572 0.502891 0.012896 0.012781
0 0.787426 0.228752 0.012452 0.012345
0 0.774270 0.004893 0.012891 0.009787
0 0.487790 0.850845 0.010023 0.010304
0 0.070852 0.715426 0.013773 0.013767
0 0.855514 0.016455 0.014704 0.014583
0 0.539143 0.022662 0.010074 0.009956
0 0.422505 0.061381 0.012581 0.012885
0 0.810302 0.629456 0.013496 0.013106
0 0.823047 0.182878 0.012974 0.012954
0 0.091312 0.644487 0.010947 0.011049
0 0.320181 0.714145 0.011368 0.011199
0 0.338060 0.541515 0.012916 0.012823
