0 0.483840 0.308757 0.013519 0.013401
0 0.469937 0.132589 0.014178 0.014229
0 0.628851 0.199275 0.013998 0.013936
0 0.054919 0.145115 0.013144 0.012918
0 0.205026 0.507143 0.011306 0.011321
0 0.219892 0.152551 0.012817 0.012824
0 0.758093 0.290349 0.013022 0.012981
0 0.520411 0.372473 0.012562 0.012548
0 0.749065 0.616945 0.013524 0.013482
0 0.234254 0.364642 0.013263 0.012971
0 0.141232 0.097671 0.013892 0.013753
0 0.496258 0.671195 0.011634 0.011279
0 0.722635 0.457473 0.013802 0.013667
0 0.525074 0.347805 0.013665 0.013591
0 0.441864 0.529499 0.013893 0.013811
0 0.371844 0.165646 0.013775 0.013746
0 0.266428 0.068966 0.013204 0.013149
0 0.587662 0.033436 0.011833 0.011794
0 0.536885 0.818221 0.013157 0.013085
0 0.854933 0.618166 0.011892 0.011795
0 0.439956 0.615040 0.013816 0.013715
0 0.598129 0.609282 0.013206 0.013112
0 0.145430 0.304628 0.012235 0.012216
0 0.348240 0.495891 0.012220 0.012060
0 0.656904 0.280222 0.013764 0.013715
0 0.535338 0.243980 0.011687 0.011631
0 0.263944 0.169170 0.014222 0.014014
0 0.670725 0.462589 0.012381 0.012497
0 0.110095 0.650734 0.012415 0.012233
0 0.440467 0.100749 0.011343 0.011387
0 0.711104 0.633023 0.011764 0.011631
0 0.086500 0.052699 0.012409 0.012597
0 0.537378 0.686640 0.013174 0.013258
0 0.430092 0.019065 0.012127 0.012300
0 0.792334 0.891465 0.013602 0.013439
0 0.119755 0.291010 0.012129 0.011928
0 0.754610 0.942247 0.013422 0.013271
0 0.924232 0.610753 0.013511 0.013540
0 0.214427 0.629463 0.012861 0.012971
0 0.461279 0.959283 0.013451 0.013367
0 0.522818 0.861829 0.012667 0.012646
0 0.792803 0.057450 0.012625 0.012569
0 0.913748 0.362945 0.011066 0.011123
0 0.257513 0.006651 0.012691 0.012734
0 0.814493 0.182171 0.013006 0.012926
0 0.545142 0.973673 0.014028 0.013787
0 0.850288 0.680245 0.011859 0.011939
0 0.620249 0.059187 0.012347 0.012750
0 0.840162 0.644774 0.011461 0.011441
0 0.443442 0.142133 0.013815 0.013969
0 0.588346 0.681588 0.009788 0.009731
0 0.577532 0.060973 0.011635 0.011707
0 0.429213 0.730447 0.013199 0.013396
0 0.897945 0.443810 0.011978 0.012020
0 0.332864 0.518025 0.012795 0.012899
0 0.691275 0.767873 0.011581 0.011504
0 0.783726 0.071237 0.013177 0.013419
0 0.244905 0.559014 0.010378 0.010453
0 0.664819 0.107544 0.011687 0.011746
0 0.055569 0.902958 0.012021 0.011732
0 0.252550 0.500927 0.010548 0.010680
0 0.420968 0.280048 0.011818 0.011884
0 0.647812 0.007350 0.012368 0.012281
0 0.994320 0.219732 0.011309 0.012680
0 0.039741 0.408028 0.012807 0.012766
0 0.769376 0.698987 0.012800 0.012577
0 0.370746 0.807867 0.010701 0.010473
0 0.875688 0.472195 0.010397 0.010254
0 0.019311 0.462468 0.011591 0.011686
0 0.264666 0.442914 0.010718 0.010437
0 0.683201 0.295282 0.010855 0.010649
0 0.335709 0.537213 0.011421 0.011271
0 0.845263 0.002084 0.012094 0.004168
0 0.736559 0.113648 0.011862 0.011906
0 0.790149 0.004572 0.012875 0.009120
0 0.646870 0.262058 0.012338 0.012139
0 0.216754 0.661340 0.011611 0.011767
0 0.202996 0.466908 0.011545 0.011664
0 0.996355 0.980066 0.007290 0.010799
0 0.141931 0.686407 0.012330 0.012206
0 0.442070 0.059205 0.012553 0.012912
0 0.087907 0.560350 0.010733 0.010690
0 0.208722 0.938230 0.012295 0.012443
0 0.894084 0.008095 0.012279 0.012092
0 0.022123 0.056403 0.012193 0.012103
0 0.108440 0.979797 0.013088 0.013202
0 0.102383 0.834825 0.012565 0.012563
0 0.222322 0.867981 0.014575 0.014916
0 0.317756 0.896878 0.010985 0.010633
0 0.774634 0.711305 0.009973 0.010129
0 0.774982 0.004591 0.013097 0.009183
0 0.845289 0.003153 0.012110 0.006209
0 0.496616 0.543089 0.011508 0.011194
