0 0.894665 0.040954 0.013465 0.013532
0 0.503437 0.252731 0.013037 0.012924
0 0.764360 0.265941 0.012678 0.012679
0 0.104245 0.335194 0.014033 0.013801
0 0.048586 0.254269 0.013625 0.013554
0 0.221353 0.080793 0.011791 0.011743
0 0.719979 0.204012 0.012511 0.012342
0 0.226027 0.141139 0.013142 0.013129
0 0.328721 0.036446 0.013129 0.013059
0 0.260912 0.242427 0.015661 0.015648
0 0.150402 0.085355 0.013619 0.013572
0 0.734015 0.113895 0.012933 0.012996
0 0.726802 0.360420 0.013342 0.013361
0 0.386648 0.449450 0.012076 0.012201
0 0.338363 0.708977 0.013797 0.013799
0 0.017247 0.421163 0.013606 0.013400
0 0.674873 0.891706 0.012832 0.012866
0 0.713271 0.253403 0.012468 0.012421
0 0.904319 0.442755 0.013062 0.012888
0 0.841238 0.266142 0.012049 0.011804
0 0.691488 0.687944 0.012781 0.012787
0 0.918499 0.589769 0.011723 0.012010
0 0.334838 0.128375 0.012721 0.012696
0 0.375579 0.369526 0.013386 0.013659
0 0.285974 0.047400 0.011389 0.011459
0 0.800520 0.616855 0.014115 0.014101
0 0.579977 0.546152 0.014867 0.014932
0 0.582951 0.769472 0.013234 0.013397
0 0.846012 0.665215 0.013279 0.013227
0 0.836988 0.318256 0.012419 0.012460
0 0.226578 0.612982 0.013587 0.013514
0 0.148030 0.590348 0.013663 0.013792
0 0.109375 0.980097 0.014322 0.014084
0 0.459390 0.698197 0.013385 0.013640
0 0.435134 0.245367 0.013906 0.014081
0 0.954448 0.566070 0.012003 0.012221
0 0.626372 0.209786 0.012522 0.012342
0 0.585950 0.430212 0.011803 0.011636
0 0.015550 0.739445 0.012858 0.012824
0 0.517403 0.223283 0.013342 0.013338
0 0.044365 0.604590 0.013604 0.013667
0 0.893832 0.066953 0.012226 0.012090
0 0.710187 0.096686 0.012884 0.012845
0 0.420869 0.009615 0.012836 0.012743
0 0.632105 0.983245 0.013822 0.013919
0 0.502662 0.776981 0.012825 0.012801
0 0.544267 0.973204 0.012619 0.012393
0 0.518812 0.013168 0.015376 0.015259
0 0.462138 0.960048 0.013557 0.013525
0 0.400752 0.134699 0.012732 0.012657
0 0.517640 0.695952 0.013943 0.013940
0 0.590051 0.897523 0.012767 0.012336
0 0.194564 0.507913 0.012296 0.012172
0 0.421512 0.049355 0.012212 0.012298
0 0.151510 0.949900 0.012816 0.012769
0 0.746247 0.390403 0.012073 0.011958
0 0.750702 0.616131 0.013731 0.013594
0 0.203524 0.728853 0.013162 0.013263
0 0.055282 0.430209 0.012124 0.012185
0 0.924875 0.172577 0.012408 0.012227
0 0.179109 0.766688 0.012549 0.012530
0 0.614859 0.446320 0.012226 0.011963
0 0.735747 0.305211 0.013116 0.013184
0 0.361067 0.254901 0.015108 0.014916
0 0.213309 0.804307 0.012611 0.012843
0 0.051075 0.687239 0.014007 0.014253
0 0.597787 0.971698 0.012871 0.012748
0 0.440891 0.058624 0.012725 0.012818
0 0.222896 0.467714 0.012343 0.012547
0 0.542814 0.375646 0.011664 0.011957
0 0.141350 0.466992 0.010595 0.010574
0 0.211422 0.921642 0.013190 0.013094
0 0.283282 0.704568 0.012224 0.012045
0 0.889501 0.458459 0.012226 0.012177
0 0.089637 0.467838 0.012517 0.012690
0 0.413855 0.145319 0.014250 0.014819
0 0.462289 0.646047 0.012009 0.012507
0 0.187025 0.890584 0.013397 0.013380
0 0.020799 0.762893 0.014553 0.014286
0 0.604347 0.531342 0.011061 0.011017
0 0.520555 0.348803 0.013064 0.012933
0 0.377180 0.171837 0.013862 0.013647
0 0.758641 0.993525 0.012568 0.012280
0 0.962643 0.779559 0.011069 0.011264
0 0.437546 0.355442 0.012553 0.012844
0 0.773895 0.004971 0.014235 0.009929
0 0.495631 0.542000 0.012821 0.012661
0 0.477923 0.001854 0.011695 0.003707
0 0.226631 0.649388 0.012336 0.011897
0 0.789307 0.004818 0.013173 0.009636
0 0.996475 0.161534 0.007049 0.011870
0 0.374010 0.959500 0.012199 0.012286
0 0.369930 0.808976 0.010819 0.010602
0 0.634806 0.301148 0.011729 0.011913
0 0.621502 0.062753 0.012416 0.012135
0 0.994813 0.177473 0.010223 0.013054
0 0.098210 0.784329 0.011762 0.011841
0 0.846037 0.002475 0.013294 0.004950
0 0.381543 0.136271 0.011936 0.011587
0 0.319164 0.885477 0.008988 0.008889
0 0.872433 0.740765 0.009514 0.009433
0 0.823049 0.183389 0.012851 0.012773
0 0.847734 0.002147 0.014129 0.004293
0 0.130110 0.352202 0.011142 0.011298
