0 0.757351 0.390953 0.012190 0.012114
0 0.975894 0.610917 0.012004 0.011764
0 0.884659 0.498723 0.012835 0.012724
0 0.401609 0.455972 0.013395 0.013340
0 0.554357 0.423812 0.012242 0.012312
0 0.500527 0.698434 0.013634 0.013540
0 0.593623 0.211610 0.013062 0.012877
0 0.786012 0.126093 0.013991 0.013989
0 0.747728 0.617812 0.013374 0.013316
0 0.385700 0.522176 0.013943 0.013654
0 0.113909 0.760585 0.011803 0.011778
0 0.524300 0.349544 0.013606 0.013518
0 0.834584 0.483754 0.013867 0.013906
0 0.092953 0.967808 0.011942 0.012008
0 0.476805 0.472083 0.013218 0.013236
0 0.836263 0.297650 0.012354 0.012420
0 0.622410 0.716104 0.012523 0.012276
0 0.482177 0.424774 0.012807 0.012912
0 0.309963 0.374981 0.013639 0.013805
0 0.432526 0.337309 0.013159 0.013410
0 0.334907 0.571863 0.012818 0.012691
0 0.543008 0.325623 0.014419 0.014479
0 0.606181 0.334974 0.011402 0.011483
0 0.651221 0.960328 0.012658 0.012534
0 0.053451 0.456444 0.012680 0.012760
0 0.094553 0.383851 0.014419 0.014443
0 0.723450 0.621780 0.013006 0.012864
0 0.230405 0.955764 0.013060 0.012903
0 0.344724 0.105950 0.013807 0.013900
0 0.330583 0.519203 0.012964 0.012690
0 0.130073 0.369898 0.011860 0.012150
0 0.185012 0.891695 0.013211 0.013131
0 0.521071 0.572407 0.013938 0.014074
0 0.252171 0.101340 0.012377 0.012092
0 0.503763 0.087773 0.012317 0.012011
0 0.404968 0.523676 0.012305 0.012257
0 0.395389 0.134180 0.012409 0.012549
0 0.019062 0.348949 0.013141 0.013137
0 0.531489 0.437017 0.013632 0.013646
0 0.340206 0.325805 0.013048 0.013154
0 0.492641 0.258805 0.012277 0.012374
0 0.310820 0.314027 0.014529 0.014684
0 0.596107 0.084021 0.013413 0.013350
0 0.731938 0.718324 0.013309 0.013548
0 0.716768 0.860213 0.012794 0.012550
0 0.684288 0.275825 0.013832 0.014087
0 0.132722 0.816666 0.011945 0.011825
0 0.756073 0.856247 0.011987 0.011952
0 0.527497 0.537713 0.012934 0.012973
0 0.273764 0.063848 0.014001 0.014058
0 0.469800 0.048422 0.012614 0.012506
0 0.029814 0.297166 0.012147 0.012178
0 0.319357 0.127540 0.011789 0.012115
0 0.388448 0.214636 0.013843 0.014183
0 0.777480 0.852954 0.013103 0.013319
0 0.401336 0.648797 0.013779 0.013503
0 0.543711 0.976069 0.013399 0.013278
0 0.454980 0.051211 0.011986 0.012583
0 0.808969 0.516323 0.011808 0.011680
0 0.185768 0.104710 0.013542 0.013431
0 0.447315 0.030507 0.013417 0.013255
0 0.805568 0.040219 0.012207 0.012193
0 0.838834 0.225668 0.013330 0.013526
0 0.247177 0.152959 0.012557 0.012542
0 0.222397 0.470153 0.012578 0.012614
0 0.453598 0.960599 0.013766 0.013542
0 0.977703 0.993018 0.012467 0.012542
0 0.953041 0.887111 0.012855 0.012568
0 0.216291 0.696831 0.012172 0.011918
0 0.487849 0.776797 0.011677 0.011678
0 0.896844 0.762270 0.013270 0.013480
0 0.763010 0.036031 0.014052 0.013982
0 0.108593 0.980592 0.013287 0.013412
0 0.889080 0.138446 0.013438 0.013746
0 0.560884 0.956439 0.012720 0.012884
0 0.518925 0.621297 0.011970 0.011985
0 0.753122 0.328949 0.013092 0.013311
0 0.848689 0.710913 0.022808 0.022612
0 0.437308 0.591411 0.010066 0.010555
0 0.881088 0.302013 0.012656 0.012513
0 0.882924 0.521259 0.013355 0.013169
0 0.126998 0.556591 0.012097 0.012206
0 0.227090 0.652287 0.012396 0.012201
0 0.140345 0.490764 0.012848 0.012740
0 0.734403 0.783889 0.011977 0.012037
0 0.978167 0.379587 0.012652 0.012269
0 0.081462 0.550243 0.011839 0.011712
0 0.028139 0.156337 0.011512 0.011497
0 0.050228 0.174791 0.013882 0.013881
0 0.400607 0.571204 0.010111 0.010359
0 0.587161 0.006142 0.013386 0.012025
0 0.585375 0.007353 0.012993 0.012754
0 0.134615 0.347813 0.012349 0.012501
0 0.730391 0.098020 0.013427 0.013540
0 0.096802 0.224713 0.011705 0.011438
0 0.398899 0.570439 0.011437 0.011109
0 0.420121 0.557419 0.012787 0.012391
0 0.430721 0.464500 0.010063 0.010326
0 0.009764 0.553811 0.010569 0.010826
0 0.824531 0.184790 0.012621 0.012444
