0 0.111684 0.387167 0.012244 0.012201
0 0.754687 0.105167 0.012938 0.012975
0 0.036087 0.379770 0.012242 0.012260
0 0.452113 0.107915 0.012742 0.012767
0 0.486431 0.775590 0.012787 0.012758
0 0.349898 0.187426 0.012373 0.012289
0 0.278388 0.436643 0.012024 0.011896
0 0.974781 0.791581 0.012681 0.012435
0 0.113644 0.440493 0.012128 0.012107
0 0.329891 0.340844 0.013208 0.013115
0 0.518835 0.747795 0.013368 0.013261
0 0.159508 0.495351 0.012234 0.012565
0 0.613420 0.217811 0.012486 0.012592
0 0.088472 0.934471 0.012182 0.011969
0 0.658613 0.084070 0.011917 0.012022
0 0.372963 0.454439 0.012286 0.012160
0 0.525281 0.399741 0.012767 0.012607
0 0.251818 0.160653 0.012821 0.012910
0 0.796294 0.072119 0.012823 0.012599
0 0.909668 0.743704 0.012080 0.012108
0 0.408487 0.522660 0.013019 0.012957
0 0.073579 0.656032 0.012645 0.012331
0 0.902548 0.541912 0.012939 0.012828
0 0.481587 0.623598 0.013169 0.013216
0 0.941912 0.244458 0.012579 0.012773
0 0.834130 0.033832 0.012670 0.012700
0 0.383459 0.669997 0.013491 0.013465
0 0.103164 0.343944 0.013749 0.013879
0 0.218242 0.561205 0.013541 0.013358
0 0.553998 0.220879 0.012566 0.012550
0 0.334766 0.371141 0.011792 0.011600
0 0.961625 0.619336 0.011362 0.010924
0 0.432854 0.116088 0.013765 0.013845
0 0.835801 0.205202 0.014250 0.013869
0 0.901851 0.075113 0.011227 0.011154
0 0.024870 0.830631 0.013121 0.012968
0 0.840165 0.379142 0.012402 0.012185
0 0.107808 0.929774 0.013571 0.013205
0 0.647731 0.577860 0.011823 0.011829
0 0.510855 0.068911 0.014054 0.014149
0 0.069104 0.194514 0.012650 0.012752
0 0.679910 0.273953 0.012591 0.012448
0 0.232856 0.429736 0.013684 0.013779
0 0.554924 0.580696 0.013207 0.013161
0 0.778355 0.104930 0.013851 0.013945
0 0.890292 0.588818 0.011979 0.012009
0 0.919553 0.301392 0.012870 0.012810
0 0.111953 0.743894 0.012707 0.012653
0 0.956560 0.701902 0.012514 0.012367
0 0.155545 0.732627 0.013067 0.012676
0 0.983189 0.452510 0.011603 0.011642
0 0.668767 0.232394 0.012598 0.012647
0 0.700272 0.555205 0.014684 0.014801
0 0.501341 0.469793 0.013757 0.013773
0 0.672600 0.406206 0.012903 0.012973
0 0.257833 0.630462 0.013982 0.014139
0 0.256365 0.805835 0.010571 0.010556
0 0.882170 0.807899 0.013166 0.012968
0 0.170075 0.179238 0.012659 0.012633
0 0.935627 0.844135 0.012795 0.012791
0 0.617234 0.528464 0.011658 0.011912
0 0.662594 0.906426 0.013211 0.013095
0 0.676814 0.646824 0.013535 0.013700
0 0.299065 0.831878 0.011852 0.012028
0 0.865269 0.106275 0.012150 0.011907
0 0.620092 0.669178 0.013713 0.013505
0 0.233417 0.251960 0.013109 0.013190
0 0.848273 0.667854 0.012695 0.012729
0 0.768906 0.786139 0.014063 0.013906
0 0.743672 0.379278 0.011278 0.011504
0 0.191604 0.623053 0.012659 0.012658
0 0.857743 0.878302 0.013065 0.012859
0 0.398748 0.856310 0.012326 0.012152
0 0.562699 0.619506 0.013432 0.013593
0 0.533696 0.627319 0.020057 0.019999
0 0.569479 0.785096 0.013480 0.013541
0 0.699243 0.994439 0.013203 0.011122
0 0.975303 0.567685 0.012622 0.012704
0 0.326835 0.750179 0.012648 0.012923
0 0.065668 0.753326 0.009630 0.009655
0 0.324873 0.733042 0.013066 0.012911
0 0.444587 0.918751 0.013745 0.013708
0 0.307667 0.977127 0.012478 0.012419
0 0.466238 0.369295 0.012923 0.012752
0 0.892447 0.860025 0.011006 0.010752
0 0.767769 0.534998 0.012746 0.012355
0 0.349223 0.291125 0.024229 0.024448
0 0.896518 0.995332 0.012175 0.009336
0 0.940930 0.466458 0.013001 0.012995
0 0.977337 0.048360 0.010445 0.010132
0 0.983891 0.327210 0.013791 0.014262
0 0.746519 0.710194 0.013212 0.013520
0 0.983968 0.512889 0.013099 0.012631
0 0.937722 0.053621 0.011524 0.011439
0 0.228189 0.812745 0.012847 0.012906
0 0.737537 0.699646 0.012355 0.011845
0 0.877716 0.117152 0.009748 0.009455
0 0.279896 0.815479 0.013004 0.013004
0 0.442829 0.318442 0.010943 0.010920
0 0.915804 0.003852 0.011288 0.007686
0 0.274410 0.076671 0.009463 0.009777
0 0.822271 0.549778 0.012991 0.012992
0 0.405190 0.957154 0.013530 0.013442
0 0.513001 0.478796 0.012094 0.011881
0 0.336740 0.880108 0.012583 0.012619
0 0.002465 0.924656 0.004929 0.011838
0 0.170231 0.916332 0.011989 0.012197
0 0.869320 0.571101 0.011130 0.011327
0 0.641433 0.169268 0.010132 0.010096
0 0.739774 0.362390 0.012745 0.012619
0 0.903696 0.926980 0.011306 0.011472
0 0.088330 0.780029 0.009097 0.009008
0 0.734320 0.626777 0.012180 0.011776
0 0.336492 0.976419 0.011564 0.012010
0 0.374504 0.752587 0.013706 0.013561
0 0.769169 0.911168 0.012142 0.012088
0 0.783296 0.424103 0.012105 0.012611
0 0.850024 0.548320 0.011690 0.011724
0 0.873860 0.976827 0.012138 0.011925
0 0.590837 0.995034 0.009473 0.008753
0 0.782498 0.425745 0.012155 0.012347
0 0.002212 0.939699 0.004367 0.011634
0 0.006785 0.837000 0.013387 0.016302
0 0.370032 0.409088 0.012679 0.012644
0 0.803438 0.541239 0.011620 0.011257
0 0.851884 0.710822 0.022263 0.022203
