0 0.748258 0.616901 0.013551 0.013443
0 0.434156 0.251326 0.013100 0.013145
0 0.047992 0.252468 0.013707 0.013545
0 0.839183 0.322322 0.012387 0.012509
0 0.773773 0.264527 0.012981 0.012952
0 0.432269 0.327339 0.011976 0.011957
0 0.697922 0.088362 0.013191 0.013162
0 0.286664 0.036293 0.012532 0.012755
0 0.333579 0.129258 0.012857 0.012864
0 0.482373 0.260562 0.012546 0.012395
0 0.222545 0.144229 0.013222 0.012973
0 0.687942 0.686829 0.013533 0.013540
0 0.623097 0.980384 0.014065 0.014088
0 0.037776 0.429552 0.013142 0.012938
0 0.809028 0.591074 0.013726 0.013666
0 0.144460 0.068828 0.013517 0.013278
0 0.382796 0.458162 0.013762 0.013710
0 0.355667 0.251821 0.013097 0.012875
0 0.727564 0.121353 0.013354 0.013498
0 0.951908 0.572337 0.012657 0.012707
0 0.216164 0.616112 0.013333 0.013077
0 0.605644 0.532539 0.012302 0.012510
0 0.586509 0.772565 0.013736 0.013738
0 0.545018 0.374331 0.012887 0.012949
0 0.981644 0.142998 0.012346 0.012357
0 0.894443 0.041388 0.013573 0.013703
0 0.460775 0.959252 0.013729 0.013630
0 0.610567 0.473366 0.012827 0.012544
0 0.816150 0.651026 0.012341 0.012366
0 0.351644 0.026579 0.013256 0.013354
0 0.902641 0.442730 0.013286 0.013199
0 0.093296 0.335734 0.013267 0.013166
0 0.147044 0.589841 0.013782 0.014118
0 0.195379 0.506779 0.011413 0.011351
0 0.136813 0.361184 0.012931 0.013128
0 0.206553 0.937877 0.013907 0.013844
0 0.589687 0.554338 0.014344 0.014382
0 0.194628 0.076464 0.013100 0.012601
0 0.340966 0.511890 0.011975 0.012058
0 0.093244 0.482216 0.012763 0.012781
0 0.039795 0.601850 0.013294 0.013451
0 0.955235 0.769059 0.011758 0.011630
0 0.187339 0.890390 0.013672 0.013633
0 0.011905 0.427746 0.014061 0.013681
0 0.225359 0.650148 0.012875 0.012475
0 0.381983 0.961971 0.013414 0.013537
0 0.732688 0.396167 0.013673 0.013725
0 0.152411 0.948480 0.011977 0.011934
0 0.883947 0.456283 0.012374 0.012298
0 0.544356 0.973035 0.012683 0.012521
0 0.565495 0.903300 0.012828 0.012508
0 0.945763 0.182033 0.012021 0.011992
0 0.372673 0.375335 0.012358 0.012374
0 0.511661 0.753139 0.012845 0.012532
0 0.754627 0.986764 0.012556 0.012819
0 0.524022 0.347970 0.013420 0.013110
0 0.583769 0.437159 0.010621 0.010573
0 0.324217 0.706199 0.013869 0.013759
0 0.190217 0.746303 0.012860 0.012525
0 0.223596 0.467660 0.013068 0.013063
0 0.109062 0.979746 0.013546 0.013647
0 0.853251 0.263088 0.012934 0.013068
0 0.461750 0.696721 0.013041 0.013300
0 0.994168 0.174581 0.011212 0.011842
0 0.244115 0.236505 0.015442 0.015002
0 0.431924 0.002966 0.014290 0.005933
0 0.740386 0.243161 0.012475 0.012172
0 0.236497 0.620363 0.012627 0.012906
0 0.680130 0.868481 0.012359 0.012795
0 0.635880 0.058407 0.011622 0.012068
0 0.705383 0.328988 0.014498 0.014183
0 0.366617 0.978350 0.010631 0.010539
0 0.042198 0.662422 0.013523 0.013325
0 0.370266 0.808681 0.011447 0.011274
0 0.606699 0.576590 0.012407 0.012531
0 0.626707 0.222101 0.010958 0.010924
0 0.774149 0.004745 0.012558 0.009490
0 0.789505 0.004417 0.012922 0.008834
0 0.986744 0.013014 0.011467 0.012126
0 0.495040 0.541775 0.012907 0.012470
0 0.005683 0.744088 0.011367 0.013195
0 0.389625 0.160215 0.013699 0.013539
0 0.822806 0.183511 0.012728 0.012737
0 0.211950 0.784945 0.012270 0.012177
0 0.511911 0.354493 0.011437 0.011248
0 0.881168 0.052878 0.012154 0.012148
0 0.705189 0.191929 0.014915 0.014424
0 0.147293 0.772741 0.011481 0.011385
0 0.400121 0.141500 0.011855 0.011573
0 0.710366 0.609732 0.011321 0.011190
0 0.508739 0.692444 0.013234 0.013251
0 0.802496 0.441209 0.013025 0.012745
0 0.762378 0.598950 0.012004 0.012358
0 0.636982 0.332443 0.009704 0.009441
0 0.121927 0.614630 0.011512 0.011819
