0 0.418336 0.768319 0.014328 0.014301
0 0.230708 0.329046 0.015411 0.015347
0 0.281775 0.432710 0.014632 0.014614
0 0.386260 0.106721 0.014630 0.014426
0 0.475924 0.645267 0.013954 0.013928
0 0.273547 0.819069 0.014299 0.014212
0 0.520694 0.215774 0.014152 0.014145
0 0.231993 0.604462 0.014308 0.014217
0 0.428031 0.424355 0.014509 0.014649
0 0.606574 0.510749 0.014071 0.014012
0 0.830140 0.866588 0.015015 0.014893
0 0.884246 0.397639 0.013645 0.013609
0 0.152026 0.111990 0.014709 0.014717
0 0.676656 0.851044 0.014618 0.014847
0 0.316938 0.807840 0.014988 0.014996
0 0.093773 0.428339 0.014635 0.014442
0 0.754440 0.037415 0.014149 0.014108
0 0.671781 0.546414 0.015535 0.015511
0 0.143967 0.341767 0.013779 0.013943
0 0.190699 0.829315 0.014283 0.014186
0 0.082806 0.185325 0.015070 0.015231
0 0.212101 0.631138 0.014083 0.014061
0 0.044357 0.763962 0.014105 0.013981
0 0.532799 0.579535 0.013911 0.014052
0 0.531423 0.391025 0.014565 0.014558
0 0.484913 0.425192 0.014568 0.014648
0 0.795167 0.057700 0.014323 0.014462
0 0.765179 0.682706 0.013748 0.013706
0 0.044169 0.200951 0.015100 0.015072
0 0.878134 0.689416 0.014433 0.014513
0 0.192679 0.486484 0.014480 0.014406
0 0.758913 0.544282 0.014969 0.014885
0 0.704558 0.107416 0.013578 0.013696
0 0.060956 0.140861 0.015569 0.015547
0 0.911948 0.956176 0.014266 0.014279
0 0.771240 0.851496 0.014540 0.014591
0 0.749169 0.719460 0.015433 0.015347
0 0.284862 0.082682 0.014736 0.015007
0 0.524055 0.245592 0.013598 0.013668
0 0.353026 0.400561 0.013838 0.013799
0 0.447834 0.901581 0.016504 0.016567
0 0.223995 0.222924 0.013886 0.013875
0 0.601822 0.115928 0.014486 0.014591
0 0.110171 0.223591 0.015003 0.014887
0 0.498790 0.145478 0.014515 0.014527
0 0.396413 0.340585 0.013412 0.013472
0 0.633084 0.117538 0.014695 0.014846
0 0.637958 0.618641 0.014997 0.015188
0 0.074837 0.105070 0.016310 0.016380
0 0.343676 0.774153 0.012896 0.012948
0 0.202968 0.129210 0.013795 0.013691
0 0.633046 0.538550 0.014131 0.014127
0 0.780344 0.451724 0.014690 0.014745
0 0.644605 0.161884 0.014025 0.014148
0 0.127248 0.848958 0.013503 0.013694
0 0.864036 0.155047 0.014205 0.014101
0 0.485190 0.795032 0.017311 0.017542
0 0.793843 0.944337 0.014060 0.014055
0 0.520797 0.943977 0.015547 0.015270
0 0.954346 0.887048 0.015421 0.015219
0 0.696632 0.057454 0.014516 0.014759
0 0.230596 0.441916 0.014451 0.014327
0 0.363324 0.952961 0.015342 0.015082
0 0.733444 0.381008 0.013569 0.013389
0 0.809824 0.512131 0.015648 0.015625
0 0.317518 0.376478 0.014878 0.014666
0 0.057184 0.078499 0.014085 0.014027
0 0.541951 0.324796 0.014776 0.015181
0 0.632296 0.961140 0.014092 0.013971
0 0.907490 0.984255 0.017163 0.017496
0 0.846902 0.006150 0.013392 0.012185
0 0.268542 0.188240 0.014797 0.014961
0 0.767541 0.079802 0.013966 0.014259
0 0.783510 0.312049 0.015287 0.015177
0 0.445168 0.014951 0.014217 0.014262
0 0.355743 0.609234 0.014067 0.013894
0 0.738329 0.617501 0.015912 0.015851
0 0.088692 0.144042 0.014907 0.014585
0 0.224624 0.903416 0.013380 0.013114
0 0.186883 0.737152 0.014090 0.014278
0 0.990992 0.125613 0.015207 0.014869
0 0.297272 0.191066 0.015036 0.015135
0 0.695306 0.209483 0.013240 0.013448
0 0.848687 0.719838 0.023197 0.022816
0 0.048492 0.439271 0.013388 0.013242
0 0.013226 0.801362 0.013634 0.013437
0 0.792230 0.557703 0.015685 0.015281
0 0.800025 0.166540 0.015908 0.015878
0 0.281027 0.577020 0.014395 0.014392
0 0.948750 0.937061 0.014525 0.014470
0 0.473252 0.686718 0.013522 0.013493
0 0.836429 0.578131 0.016750 0.016661
0 0.589177 0.510580 0.013345 0.013443
0 0.986161 0.506898 0.017000 0.016589
0 0.368666 0.154082 0.014732 0.014777
0 0.911672 0.703505 0.014384 0.014532
0 0.007523 0.107781 0.014528 0.015294
0 0.119917 0.907259 0.014821 0.014659
0 0.351092 0.258134 0.014405 0.014749
0 0.669541 0.236115 0.013865 0.014115
0 0.922629 0.145964 0.019846 0.019455
0 0.254122 0.508974 0.014758 0.014649
0 0.375382 0.228131 0.019948 0.019593
0 0.466803 0.712480 0.014610 0.014765
0 0.810972 0.680919 0.014153 0.014539
0 0.074062 0.060944 0.014643 0.014506
0 0.849699 0.330098 0.012910 0.013139
0 0.570899 0.265529 0.013822 0.013859
0 0.451043 0.208912 0.015709 0.015624
0 0.091190 0.908257 0.014602 0.014511
0 0.872520 0.314098 0.018716 0.018737
0 0.433517 0.309981 0.014258 0.013830
0 0.387017 0.297968 0.014286 0.014204
0 0.181221 0.605249 0.015197 0.015385
0 0.859671 0.623379 0.014870 0.014656
0 0.731092 0.215202 0.015304 0.015348
0 0.809389 0.323168 0.016192 0.016344
0 0.982444 0.185080 0.013990 0.013801
0 0.254235 0.646170 0.015152 0.015159
0 0.531904 0.639325 0.023129 0.023275
0 0.574646 0.369902 0.013985 0.013607
0 0.900337 0.598140 0.015590 0.015762
0 0.395849 0.001967 0.014411 0.003935
0 0.619777 0.649084 0.015046 0.014982
0 0.240357 0.537649 0.014770 0.014802
0 0.759444 0.105934 0.014663 0.014769
0 0.669961 0.191449 0.018867 0.019329
0 0.063667 0.582655 0.016959 0.016308
0 0.760913 0.495811 0.012229 0.012511
0 0.351134 0.296231 0.019024 0.019205
0 0.676747 0.274996 0.012489 0.012167
0 0.315195 0.318116 0.016355 0.016085
0 0.528586 0.662891 0.013816 0.014165
0 0.523894 0.018425 0.017160 0.017003
0 0.343803 0.727022 0.014254 0.014058
0 0.132697 0.802925 0.015166 0.015219
0 0.010998 0.914797 0.013392 0.013406
0 0.716064 0.160605 0.015390 0.015117
0 0.496765 0.278974 0.014476 0.014167
0 0.795614 0.992496 0.017591 0.014821
0 0.929833 0.662634 0.017896 0.017808
0 0.623349 0.265302 0.014577 0.014691
0 0.636435 0.086766 0.021044 0.021361
0 0.885019 0.287287 0.012604 0.012437
0 0.354226 0.295815 0.017799 0.017078
0 0.306517 0.993891 0.016559 0.012126
0 0.692040 0.940468 0.013863 0.013881
0 0.065391 0.602881 0.014869 0.014152
0 0.278057 0.447889 0.014779 0.014521
0 0.316514 0.320180 0.016944 0.016821
0 0.997024 0.307455 0.005952 0.016887
0 0.607149 0.271140 0.014120 0.014174
