0 0.946456 0.484302 0.012627 0.012590
0 0.541915 0.329397 0.014406 0.014401
0 0.776303 0.692700 0.013473 0.013532
0 0.595855 0.309697 0.013213 0.013083
0 0.645380 0.851808 0.012706 0.012770
0 0.691370 0.979336 0.013707 0.013696
0 0.748437 0.618610 0.013674 0.013561
0 0.525226 0.349496 0.013526 0.013605
0 0.371900 0.183167 0.012998 0.013260
0 0.372674 0.371356 0.014038 0.013995
0 0.373903 0.147058 0.013780 0.013581
0 0.320475 0.316898 0.013256 0.013083
0 0.814725 0.268193 0.013333 0.013245
0 0.866937 0.498638 0.013595 0.013487
0 0.175121 0.393357 0.012663 0.012500
0 0.673238 0.125156 0.012801 0.012842
0 0.889610 0.427090 0.013329 0.013262
0 0.480284 0.763051 0.013744 0.013821
0 0.813982 0.820910 0.012278 0.012204
0 0.500552 0.565974 0.013622 0.013631
0 0.980068 0.108952 0.012873 0.012760
0 0.592405 0.182318 0.013294 0.013286
0 0.607836 0.510670 0.012950 0.013516
0 0.311417 0.552828 0.011347 0.011567
0 0.228057 0.327284 0.012538 0.012611
0 0.663429 0.462386 0.013004 0.012775
0 0.194009 0.239526 0.011882 0.011824
0 0.153668 0.284824 0.011709 0.011727
0 0.489767 0.119628 0.013479 0.013517
0 0.177125 0.343659 0.011734 0.011798
0 0.666012 0.354621 0.012152 0.012111
0 0.346925 0.371790 0.012451 0.012383
0 0.579801 0.504549 0.012922 0.013022
0 0.074989 0.402873 0.015412 0.015325
0 0.976752 0.491607 0.011321 0.011075
0 0.733345 0.012764 0.012889 0.012611
0 0.123991 0.246557 0.012138 0.012334
0 0.610869 0.941679 0.013269 0.013235
0 0.391790 0.708844 0.013371 0.013095
0 0.325296 0.067953 0.011931 0.011999
0 0.542307 0.975335 0.013062 0.012828
0 0.330782 0.562200 0.011669 0.011767
0 0.685126 0.075326 0.013007 0.013312
0 0.067333 0.834087 0.013250 0.012955
0 0.063206 0.601950 0.012123 0.012017
0 0.693950 0.383272 0.012217 0.012263
0 0.436227 0.589697 0.010104 0.009923
0 0.797869 0.085681 0.012827 0.012760
0 0.681274 0.935876 0.011544 0.011057
0 0.104593 0.250991 0.012583 0.012469
0 0.112280 0.289643 0.012498 0.012976
0 0.111557 0.541066 0.013079 0.013178
0 0.312634 0.048558 0.011536 0.011770
0 0.148667 0.731158 0.012608 0.012621
0 0.206710 0.172056 0.011915 0.012175
0 0.780230 0.193448 0.011828 0.011856
0 0.216570 0.685610 0.013418 0.013452
0 0.458303 0.960176 0.012017 0.011989
0 0.232167 0.454048 0.012347 0.012393
0 0.423567 0.015747 0.010770 0.010796
0 0.915794 0.038355 0.013293 0.013326
0 0.364069 0.488843 0.013915 0.013735
0 0.584337 0.010368 0.013557 0.013149
0 0.736137 0.695320 0.012383 0.012447
0 0.341638 0.020636 0.011657 0.011754
0 0.300515 0.222113 0.013973 0.013393
0 0.494545 0.543171 0.015035 0.015006
0 0.261653 0.444782 0.012893 0.013206
0 0.574300 0.674777 0.011674 0.011430
0 0.591029 0.091487 0.013396 0.013723
0 0.153002 0.450052 0.011746 0.011194
0 0.788557 0.005527 0.012569 0.011053
0 0.324917 0.234069 0.012454 0.012213
0 0.312355 0.970025 0.012735 0.012696
0 0.945774 0.152547 0.014150 0.014287
0 0.305316 0.800724 0.011570 0.011280
0 0.108353 0.196650 0.012511 0.012271
0 0.136383 0.486540 0.011153 0.011452
0 0.921929 0.622415 0.011973 0.011708
0 0.995947 0.209581 0.008106 0.012622
0 0.405810 0.680236 0.011069 0.011192
0 0.848617 0.708935 0.018440 0.018261
0 0.592447 0.477812 0.015060 0.014903
0 0.342752 0.498360 0.012175 0.012172
0 0.619823 0.472048 0.013059 0.013198
0 0.420806 0.556230 0.013269 0.013034
0 0.409713 0.797910 0.011659 0.011579
0 0.184812 0.892612 0.013008 0.012947
0 0.015182 0.627206 0.011172 0.011250
0 0.222830 0.470375 0.011552 0.011921
0 0.107555 0.980778 0.013201 0.013285
0 0.572037 0.124289 0.013142 0.013271
0 0.218013 0.294468 0.012846 0.012834
0 0.562916 0.113804 0.012505 0.012135
0 0.672743 0.016671 0.009461 0.009301
0 0.208884 0.793941 0.012475 0.012401
0 0.015103 0.547418 0.011844 0.011786
0 0.213517 0.820009 0.013492 0.013554
0 0.295757 0.702433 0.011759 0.011653
0 0.217941 0.033433 0.011277 0.011116
0 0.151001 0.035623 0.011993 0.011973
0 0.941492 0.053948 0.011972 0.012107
0 0.066764 0.015703 0.011450 0.011259
0 0.402784 0.571714 0.008614 0.008907
