0 0.370055 0.090195 0.013259 0.012920
0 0.225439 0.735234 0.012911 0.012646
0 0.298705 0.318696 0.013717 0.013464
0 0.837596 0.270685 0.011837 0.011616
0 0.852325 0.506699 0.012635 0.012510
0 0.147438 0.857678 0.013064 0.012965
0 0.851617 0.655741 0.011873 0.011697
0 0.784221 0.500471 0.012311 0.012214
0 0.473422 0.365718 0.012219 0.012181
0 0.958250 0.859612 0.012661 0.012701
0 0.336393 0.638840 0.011849 0.011893
0 0.653615 0.459513 0.013258 0.012848
0 0.331045 0.126838 0.013326 0.013207
0 0.938760 0.698607 0.013248 0.013285
0 0.278634 0.094562 0.013306 0.013162
0 0.741156 0.616185 0.012380 0.012127
0 0.887712 0.414104 0.012625 0.012561
0 0.712450 0.669037 0.012290 0.012195
0 0.452449 0.082618 0.013949 0.013682
0 0.141535 0.271795 0.013001 0.012921
0 0.155584 0.472112 0.012585 0.012452
0 0.295819 0.384206 0.012002 0.011664
0 0.786547 0.908968 0.013437 0.013381
0 0.874041 0.512826 0.013297 0.013373
0 0.868188 0.338757 0.014350 0.014165
0 0.481577 0.699732 0.014019 0.013638
0 0.587950 0.357732 0.012357 0.012281
0 0.486191 0.276932 0.013059 0.012988
0 0.433296 0.334112 0.011609 0.011503
0 0.451042 0.474475 0.013053 0.013064
0 0.593952 0.446442 0.013234 0.013279
0 0.623750 0.717052 0.012561 0.012665
0 0.480029 0.238358 0.012390 0.012449
0 0.229835 0.884257 0.012609 0.012533
0 0.239524 0.594292 0.011547 0.011221
0 0.403469 0.570813 0.013379 0.013403
0 0.140912 0.364820 0.013636 0.013313
0 0.079818 0.377622 0.012861 0.012817
0 0.072945 0.846038 0.013457 0.013034
0 0.610384 0.329665 0.017550 0.017341
0 0.665237 0.113478 0.012221 0.012142
0 0.463288 0.125190 0.012497 0.012434
0 0.750145 0.756025 0.013236 0.013167
0 0.387768 0.125211 0.014361 0.014022
0 0.513181 0.838125 0.012646 0.012386
0 0.569750 0.708745 0.012730 0.012712
0 0.308750 0.521692 0.013355 0.013267
0 0.560570 0.202095 0.012512 0.012468
0 0.112660 0.930269 0.011731 0.011636
0 0.656879 0.864943 0.012973 0.012970
0 0.516882 0.218343 0.014035 0.013848
0 0.783366 0.112562 0.013563 0.013268
0 0.349391 0.791417 0.012492 0.012394
0 0.873433 0.253336 0.013602 0.013590
0 0.157915 0.255589 0.012499 0.012525
0 0.977117 0.415446 0.013313 0.013429
0 0.629079 0.452515 0.015004 0.015012
0 0.185340 0.784298 0.012762 0.012755
0 0.116498 0.516644 0.013071 0.012938
0 0.983336 0.544144 0.013462 0.013276
0 0.530675 0.724357 0.013574 0.013190
0 0.922839 0.312342 0.011392 0.011397
0 0.520478 0.123291 0.013311 0.013302
0 0.383716 0.384805 0.011933 0.011868
0 0.174152 0.124354 0.012686 0.012827
0 0.310216 0.563766 0.012301 0.012158
0 0.959066 0.733944 0.012636 0.012730
0 0.832760 0.362395 0.012695 0.012825
0 0.366997 0.439889 0.012737 0.012351
0 0.237577 0.354840 0.011953 0.012017
0 0.811776 0.283923 0.013048 0.013258
0 0.820687 0.014832 0.012630 0.012700
0 0.951905 0.261270 0.010642 0.010617
0 0.756442 0.584967 0.011989 0.011967
0 0.914243 0.140844 0.014381 0.014149
0 0.071122 0.966483 0.013627 0.013539
0 0.776927 0.005881 0.013840 0.011762
0 0.179956 0.350568 0.012042 0.011820
0 0.384700 0.691823 0.012518 0.012523
0 0.467514 0.704631 0.011411 0.011304
0 0.740450 0.108062 0.013974 0.013962
0 0.771339 0.342347 0.013626 0.013674
0 0.235236 0.482917 0.013374 0.013204
0 0.028525 0.956140 0.014237 0.014481
0 0.205310 0.419608 0.012913 0.012758
0 0.666124 0.272683 0.012661 0.012861
0 0.964603 0.563896 0.012112 0.011633
0 0.233694 0.547968 0.013314 0.013413
0 0.117497 0.732446 0.012427 0.012254
0 0.731689 0.824795 0.012138 0.011813
0 0.778854 0.992547 0.013410 0.013361
0 0.308195 0.590925 0.013293 0.013396
0 0.977244 0.304750 0.011824 0.011794
0 0.286719 0.231173 0.013406 0.013648
0 0.682299 0.353911 0.013064 0.012994
0 0.153650 0.730051 0.013110 0.013067
0 0.657891 0.323195 0.010653 0.010535
0 0.005161 0.601526 0.010321 0.013524
0 0.852157 0.942123 0.010769 0.010695
0 0.172621 0.757551 0.011746 0.011808
0 0.393327 0.712211 0.013715 0.013747
0 0.909321 0.518115 0.013299 0.013466
0 0.564562 0.473571 0.014076 0.014040
0 0.275549 0.619524 0.012523 0.012347
0 0.026729 0.096757 0.014252 0.014158
0 0.679069 0.509770 0.012095 0.011975
0 0.813046 0.391840 0.013560 0.013598
0 0.113702 0.562017 0.013429 0.013689
0 0.149764 0.099435 0.011737 0.011552
0 0.607547 0.574279 0.013979 0.013914
0 0.093076 0.223328 0.012556 0.012659
0 0.415206 0.063713 0.012362 0.012260
0 0.215817 0.461397 0.014116 0.014127
0 0.120046 0.416012 0.011377 0.011177
0 0.352467 0.906593 0.013980 0.014328
0 0.464187 0.952367 0.011498 0.011223
0 0.271507 0.505043 0.011978 0.011750
0 0.340062 0.970021 0.012420 0.012453
0 0.071703 0.759829 0.012985 0.012810
0 0.410703 0.271243 0.013883 0.013913
0 0.383834 0.490585 0.012538 0.012206
0 0.928969 0.527355 0.013486 0.013050
0 0.602394 0.238697 0.012444 0.012416
0 0.072604 0.629026 0.012188 0.011983
0 0.183839 0.389367 0.012880 0.012884
0 0.771786 0.223189 0.014129 0.013951
0 0.945146 0.618606 0.011959 0.011857
0 0.562777 0.951455 0.013105 0.012700
0 0.962416 0.176757 0.011039 0.011199
0 0.689705 0.256699 0.012129 0.011747
0 0.995741 0.840645 0.008518 0.014302
0 0.024410 0.778521 0.011873 0.011784
0 0.433504 0.977878 0.013646 0.013753
0 0.990482 0.242825 0.011543 0.011924
0 0.552823 0.829181 0.013010 0.012638
0 0.173736 0.087939 0.012896 0.012826
0 0.133183 0.659926 0.013641 0.013576
0 0.874063 0.932606 0.010501 0.010669
0 0.546152 0.052669 0.019734 0.019433
0 0.591488 0.746000 0.012290 0.012173
0 0.479034 0.015481 0.012348 0.012588
0 0.800626 0.423833 0.011108 0.010740
0 0.094638 0.701644 0.010580 0.010659
0 0.209236 0.778589 0.015004 0.014688
0 0.462604 0.054740 0.015677 0.015571
0 0.947050 0.959014 0.010612 0.010561
0 0.836238 0.695413 0.013367 0.013233
0 0.043835 0.772448 0.011809 0.011822
0 0.185105 0.363218 0.011817 0.011957
0 0.225038 0.918918 0.011199 0.011196
0 0.532246 0.629879 0.023455 0.023178
0 0.242623 0.279465 0.012746 0.012646
0 0.119617 0.273920 0.012975 0.012868
0 0.504388 0.501723 0.014881 0.014428
0 0.875172 0.698887 0.012992 0.012706
0 0.181354 0.351780 0.012987 0.012256
0 0.663982 0.217074 0.011561 0.011710
0 0.167029 0.186969 0.013672 0.013658
0 0.345531 0.290188 0.024577 0.024505
0 0.631469 0.292010 0.013199 0.013493
0 0.196102 0.910646 0.011274 0.011173
0 0.002096 0.472135 0.004193 0.015714
0 0.937852 0.597570 0.011943 0.012049
0 0.814670 0.460505 0.012807 0.012900
0 0.003199 0.471630 0.006324 0.015210
0 0.351295 0.382751 0.015380 0.015107
0 0.551079 0.054085 0.018782 0.017757
0 0.558738 0.760530 0.011310 0.011271
0 0.566859 0.233154 0.012627 0.012510
0 0.652983 0.343667 0.014431 0.014277
0 0.515462 0.571902 0.012817 0.012903
0 0.396683 0.456385 0.014806 0.015106
0 0.984955 0.161259 0.013746 0.013733
0 0.207584 0.615321 0.012641 0.012434
0 0.554523 0.054953 0.015676 0.016277
0 0.533929 0.590285 0.012523 0.012862
0 0.930196 0.778248 0.008560 0.009146
0 0.040928 0.320734 0.013367 0.013473
