0 0.280918 0.433104 0.014146 0.014143
0 0.243053 0.517636 0.014514 0.014454
0 0.532171 0.135883 0.013729 0.013791
0 0.537891 0.299059 0.013991 0.013798
0 0.358802 0.173479 0.014495 0.014476
0 0.146936 0.079258 0.018142 0.018369
0 0.285802 0.054130 0.013739 0.013459
0 0.545426 0.710805 0.014270 0.014112
0 0.247203 0.755398 0.013924 0.013927
0 0.568502 0.448398 0.013266 0.013127
0 0.685021 0.464444 0.014178 0.014380
0 0.135346 0.232380 0.013780 0.013670
0 0.241012 0.688200 0.014104 0.014033
0 0.506229 0.198030 0.013514 0.013507
0 0.617693 0.219039 0.014483 0.014471
0 0.737395 0.617195 0.014717 0.014867
0 0.377555 0.508656 0.014308 0.014559
0 0.969600 0.411804 0.014098 0.014215
0 0.174003 0.814775 0.014322 0.014255
0 0.196633 0.628987 0.013579 0.013654
0 0.448173 0.760105 0.013923 0.013871
0 0.210259 0.022918 0.016302 0.015830
0 0.484558 0.613787 0.014461 0.014385
0 0.109418 0.500773 0.014687 0.014897
0 0.159132 0.325834 0.015485 0.015591
0 0.485222 0.895356 0.015289 0.015157
0 0.705473 0.542337 0.014853 0.014839
0 0.669672 0.264558 0.014868 0.014701
0 0.682819 0.717600 0.013897 0.013967
0 0.891211 0.798207 0.014611 0.014653
0 0.925391 0.254036 0.014126 0.014211
0 0.318244 0.212569 0.014611 0.014354
0 0.647421 0.285798 0.014731 0.014900
0 0.128243 0.541898 0.015114 0.015252
0 0.634987 0.522464 0.015709 0.015521
0 0.950960 0.808538 0.014746 0.014675
0 0.015074 0.590133 0.014444 0.014638
0 0.839351 0.818145 0.014495 0.014353
0 0.440356 0.265133 0.017940 0.017757
0 0.593883 0.492208 0.014277 0.014163
0 0.890842 0.878956 0.014722 0.014892
0 0.410469 0.280407 0.014570 0.014503
0 0.719833 0.398771 0.015323 0.015135
0 0.765926 0.678931 0.013300 0.013290
0 0.625536 0.598605 0.015204 0.015159
0 0.305927 0.266663 0.014908 0.014850
0 0.638869 0.428836 0.013565 0.013690
0 0.861377 0.279167 0.014950 0.014972
0 0.978271 0.279460 0.013788 0.013685
0 0.340523 0.673821 0.013944 0.013815
0 0.793293 0.556031 0.015695 0.015648
0 0.242744 0.340245 0.014697 0.014892
0 0.932611 0.982372 0.013977 0.014295
0 0.722727 0.107277 0.013818 0.013902
0 0.075758 0.237416 0.014862 0.015031
0 0.860678 0.812911 0.014340 0.014040
0 0.012397 0.833914 0.014111 0.014399
0 0.472532 0.416751 0.015660 0.015742
0 0.013489 0.320696 0.014290 0.014453
0 0.750791 0.022078 0.014499 0.014603
0 0.786854 0.152626 0.013771 0.013726
0 0.639551 0.961368 0.014508 0.014248
0 0.872937 0.979070 0.014613 0.014490
0 0.435152 0.213477 0.015241 0.015084
0 0.825892 0.927776 0.015109 0.015105
0 0.945659 0.935883 0.014377 0.014262
0 0.920998 0.144664 0.018321 0.017824
0 0.946929 0.628553 0.014741 0.014811
0 0.608706 0.046506 0.013746 0.013793
0 0.919294 0.104895 0.013589 0.013433
0 0.582511 0.126039 0.013390 0.013075
0 0.363343 0.409065 0.013757 0.013798
0 0.588211 0.168554 0.014111 0.013888
0 0.968621 0.865557 0.015074 0.014733
0 0.125340 0.957117 0.013390 0.013334
0 0.607563 0.962101 0.015298 0.015435
0 0.754966 0.994580 0.016760 0.010809
0 0.950457 0.099970 0.014968 0.015111
0 0.890079 0.563686 0.015776 0.015388
0 0.080865 0.192321 0.015397 0.015741
0 0.642063 0.116055 0.014854 0.015322
0 0.117630 0.715067 0.014520 0.014926
0 0.904666 0.981067 0.013723 0.013969
0 0.277369 0.394381 0.015552 0.015568
0 0.243274 0.415069 0.014118 0.014419
0 0.482265 0.746847 0.013765 0.013517
0 0.848690 0.720003 0.021945 0.021764
0 0.119982 0.873277 0.014697 0.014959
0 0.992947 0.959997 0.013393 0.013701
0 0.149254 0.581971 0.014801 0.014748
0 0.824458 0.158083 0.013856 0.013978
0 0.986734 0.506489 0.016518 0.016191
0 0.976018 0.844588 0.014614 0.015084
0 0.880352 0.402707 0.013217 0.013328
0 0.334487 0.465094 0.017219 0.017357
0 0.609955 0.145628 0.013788 0.013902
0 0.669491 0.190617 0.018656 0.018827
0 0.764932 0.488220 0.013370 0.013562
0 0.492232 0.471537 0.013788 0.014170
0 0.338050 0.807913 0.014327 0.014217
0 0.140477 0.051426 0.015583 0.015382
0 0.757619 0.547475 0.014265 0.014290
0 0.870693 0.385650 0.013438 0.013373
0 0.006334 0.554454 0.012651 0.013935
0 0.975540 0.688591 0.014069 0.014055
0 0.345410 0.298240 0.023167 0.023079
0 0.121969 0.907688 0.014405 0.014470
0 0.062226 0.016306 0.012547 0.012604
0 0.791386 0.448983 0.014297 0.014252
0 0.561793 0.988787 0.015998 0.016025
0 0.906163 0.593762 0.015732 0.016182
0 0.976487 0.615143 0.014783 0.014893
0 0.842983 0.563914 0.015746 0.015485
0 0.345359 0.001927 0.013789 0.003853
0 0.004115 0.876052 0.008197 0.016310
0 0.275212 0.014978 0.014031 0.013877
0 0.463973 0.731540 0.018742 0.018369
0 0.736304 0.554835 0.013562 0.013585
0 0.680798 0.005675 0.013788 0.011351
0 0.531745 0.637539 0.021615 0.021458
0 0.839392 0.244636 0.015044 0.015121
0 0.376271 0.227333 0.020221 0.019919
0 0.832195 0.143652 0.013798 0.013598
0 0.479755 0.016203 0.013839 0.013866
0 0.565182 0.027605 0.013690 0.013345
0 0.994838 0.600671 0.010324 0.016267
0 0.092193 0.911427 0.015002 0.014716
0 0.806487 0.686866 0.015787 0.016236
0 0.430553 0.455901 0.015922 0.016130
0 0.342702 0.941948 0.013345 0.013111
0 0.828131 0.574597 0.015381 0.015099
0 0.047471 0.008069 0.016191 0.015159
0 0.976630 0.664485 0.014831 0.014917
0 0.987029 0.181287 0.013368 0.012951
0 0.745266 0.148777 0.014363 0.014638
0 0.464246 0.475830 0.016920 0.016775
0 0.702794 0.822485 0.019690 0.018890
0 0.433559 0.234657 0.015098 0.014922
0 0.601090 0.127771 0.014270 0.014012
0 0.635043 0.086025 0.021278 0.021197
0 0.132674 0.033400 0.013373 0.013454
0 0.101157 0.239313 0.013890 0.013712
0 0.523317 0.017825 0.016700 0.016326
0 0.942417 0.140392 0.011245 0.011225
0 0.566261 0.025932 0.013319 0.012733
0 0.262489 0.245566 0.020014 0.019518
0 0.886536 0.259058 0.015848 0.015556
0 0.327614 0.936145 0.013627 0.013151
0 0.807206 0.231091 0.012543 0.012417
0 0.741887 0.800089 0.014722 0.015112
