0 0.454631 0.235498 0.013830 0.013910
0 0.749243 0.616143 0.013173 0.012991
0 0.717300 0.741135 0.011175 0.011362
0 0.125452 0.773943 0.013722 0.013783
0 0.524580 0.347364 0.013388 0.013304
0 0.487623 0.378554 0.011908 0.011968
0 0.222605 0.416348 0.014449 0.014271
0 0.613445 0.171416 0.011278 0.011103
0 0.099838 0.547040 0.013437 0.013471
0 0.460054 0.959324 0.013306 0.013254
0 0.306565 0.403692 0.011782 0.011741
0 0.140459 0.290991 0.013294 0.013177
0 0.382112 0.055495 0.013450 0.013482
0 0.135317 0.589613 0.013838 0.013731
0 0.686673 0.016423 0.012164 0.011999
0 0.263317 0.971448 0.012878 0.012651
0 0.919898 0.682060 0.012964 0.012890
0 0.186607 0.890190 0.013089 0.013167
0 0.791718 0.405205 0.010709 0.010708
0 0.959946 0.555863 0.013676 0.013640
0 0.369388 0.134663 0.013908 0.013773
0 0.363325 0.657703 0.013484 0.013384
0 0.134668 0.662111 0.013482 0.013542
0 0.616435 0.336055 0.011448 0.011360
0 0.638521 0.086045 0.012992 0.013001
0 0.264954 0.900876 0.012842 0.012680
0 0.222816 0.467711 0.013178 0.013062
0 0.886943 0.886250 0.012271 0.012333
0 0.941693 0.314144 0.011740 0.011274
0 0.317548 0.320964 0.012370 0.012552
0 0.110293 0.979898 0.013809 0.013848
0 0.761775 0.354426 0.009728 0.009736
0 0.840631 0.204689 0.011226 0.011074
0 0.222016 0.168217 0.012092 0.012076
0 0.856905 0.335560 0.011256 0.011195
0 0.352032 0.486178 0.011092 0.011245
0 0.568184 0.175695 0.012564 0.012653
0 0.343644 0.296270 0.023354 0.022976
0 0.308106 0.881044 0.011166 0.011379
0 0.776413 0.694617 0.012499 0.012422
0 0.765829 0.068032 0.012741 0.012722
0 0.027956 0.120721 0.011373 0.011109
0 0.577642 0.261643 0.011796 0.011537
0 0.309862 0.195189 0.012620 0.012572
0 0.444119 0.072747 0.011697 0.012062
0 0.336070 0.630064 0.011083 0.011123
0 0.465790 0.152199 0.013887 0.014017
0 0.298677 0.975797 0.012286 0.011997
0 0.030811 0.286808 0.012537 0.012394
0 0.653425 0.968556 0.012778 0.012689
0 0.012946 0.065928 0.011839 0.011896
0 0.226596 0.649216 0.011805 0.011580
0 0.263953 0.358370 0.012847 0.012719
0 0.849127 0.717549 0.020790 0.020759
0 0.943034 0.415806 0.012889 0.012637
0 0.626105 0.367398 0.012040 0.012107
0 0.429749 0.452922 0.011651 0.011588
0 0.013837 0.855175 0.011709 0.011487
0 0.268486 0.316839 0.012424 0.012216
0 0.414183 0.805568 0.013261 0.013400
0 0.756054 0.990954 0.012197 0.011894
0 0.539657 0.973841 0.013180 0.012951
0 0.183739 0.835603 0.011922 0.012007
0 0.495944 0.953894 0.012683 0.012363
0 0.490416 0.504333 0.012841 0.013368
0 0.037813 0.671324 0.011647 0.011703
0 0.531042 0.637213 0.023282 0.024028
0 0.980178 0.206800 0.010574 0.010452
0 0.232397 0.220619 0.012698 0.012757
0 0.004831 0.978132 0.009661 0.012793
0 0.498221 0.543707 0.015094 0.015250
0 0.730789 0.435356 0.010497 0.010264
0 0.730580 0.436894 0.009869 0.009960
0 0.499735 0.456942 0.011114 0.011271
0 0.037785 0.390267 0.011785 0.011697
0 0.449178 0.212861 0.016702 0.016554
0 0.701289 0.821581 0.019726 0.019016
0 0.788332 0.004539 0.012127 0.009055
0 0.031867 0.165753 0.010561 0.010451
0 0.922209 0.144756 0.016159 0.016189
0 0.536059 0.850772 0.009552 0.010040
