0 0.749336 0.616201 0.013207 0.013160
0 0.524487 0.346804 0.012912 0.012766
0 0.542991 0.973375 0.013982 0.013815
0 0.135884 0.746645 0.013596 0.013366
0 0.551403 0.295702 0.012651 0.012674
0 0.480352 0.331501 0.011515 0.011404
0 0.055237 0.709305 0.012810 0.012700
0 0.839162 0.447270 0.011813 0.011764
0 0.429567 0.855481 0.012940 0.012760
0 0.187324 0.890221 0.013176 0.013098
0 0.793008 0.614070 0.013923 0.013975
0 0.893404 0.394351 0.011610 0.011596
0 0.682852 0.017748 0.013011 0.012996
0 0.286563 0.270746 0.012668 0.012518
0 0.735106 0.397061 0.010307 0.010140
0 0.110283 0.827399 0.012618 0.012825
0 0.415898 0.462988 0.011836 0.011765
0 0.188802 0.462284 0.012882 0.012867
0 0.882910 0.562792 0.012751 0.012900
0 0.460984 0.957821 0.013393 0.013321
0 0.161613 0.686386 0.010590 0.010569
0 0.222213 0.467326 0.012652 0.012743
0 0.143015 0.219519 0.012805 0.012755
0 0.883951 0.709337 0.012880 0.012869
0 0.408745 0.560569 0.013088 0.013022
0 0.093087 0.724823 0.014187 0.014256
0 0.452625 0.178198 0.013025 0.012995
0 0.067646 0.359932 0.011544 0.011558
0 0.289119 0.324649 0.012958 0.012737
0 0.139312 0.298913 0.012206 0.012212
0 0.410262 0.314254 0.011954 0.011593
0 0.940290 0.556763 0.012389 0.012329
0 0.782984 0.121655 0.011771 0.011780
0 0.385440 0.116603 0.013281 0.013103
0 0.140659 0.589337 0.012454 0.012176
0 0.773070 0.068944 0.011526 0.011543
0 0.225709 0.649687 0.012379 0.012042
0 0.595387 0.100988 0.011012 0.010979
0 0.104587 0.183479 0.011267 0.011266
0 0.215927 0.096632 0.011936 0.012043
0 0.299340 0.438988 0.013415 0.013350
0 0.385929 0.867134 0.011064 0.010826
0 0.477114 0.408381 0.013227 0.013304
0 0.698677 0.327033 0.011707 0.011460
0 0.848836 0.719115 0.017913 0.017963
0 0.634027 0.297059 0.011976 0.011993
0 0.331581 0.517560 0.011433 0.011512
0 0.486664 0.446511 0.012069 0.012070
0 0.342506 0.354790 0.012769 0.012929
0 0.117061 0.512655 0.011294 0.011082
0 0.409705 0.035534 0.011298 0.011278
0 0.983401 0.653898 0.012432 0.012488
0 0.453017 0.136610 0.012014 0.012008
0 0.102293 0.510457 0.013593 0.013291
0 0.372593 0.351083 0.012243 0.012158
0 0.507394 0.983151 0.013527 0.013328
0 0.109834 0.979696 0.013935 0.013999
0 0.740209 0.972473 0.012897 0.012820
0 0.796040 0.530177 0.011468 0.011427
0 0.344966 0.297155 0.021816 0.021764
0 0.668418 0.407196 0.010781 0.010763
0 0.250046 0.146829 0.012735 0.012860
0 0.828443 0.271579 0.011467 0.011444
0 0.605821 0.959131 0.012106 0.011889
0 0.309519 0.667766 0.010082 0.010205
0 0.961286 0.042607 0.011895 0.011671
0 0.936074 0.460767 0.010720 0.010921
0 0.807385 0.778032 0.011864 0.011668
0 0.181263 0.438266 0.011835 0.011885
0 0.728129 0.324287 0.008498 0.008287
0 0.497523 0.522605 0.013693 0.013824
0 0.702302 0.392388 0.011316 0.011464
0 0.417325 0.363066 0.011886 0.012133
0 0.499346 0.544409 0.013445 0.013573
0 0.755180 0.910402 0.012599 0.012700
0 0.530720 0.636738 0.022227 0.022681
0 0.009356 0.688747 0.012077 0.012206
0 0.994672 0.350642 0.009837 0.010465
0 0.003493 0.803230 0.006878 0.013635
0 0.252995 0.286734 0.012020 0.011648
0 0.912838 0.970571 0.012564 0.012622
0 0.621994 0.360060 0.011028 0.011142
0 0.521951 0.692878 0.011952 0.011518
0 0.441078 0.058597 0.012139 0.012560
0 0.374600 0.226819 0.018112 0.018211
0 0.773773 0.004005 0.010912 0.008011
