0 0.079541 0.696699 0.013653 0.013421
0 0.633513 0.650831 0.010968 0.010813
0 0.190234 0.964771 0.012156 0.012028
0 0.270678 0.787427 0.012324 0.012308
0 0.136041 0.209305 0.012639 0.012484
0 0.524090 0.346403 0.012814 0.012727
0 0.040418 0.970929 0.013557 0.013526
0 0.186900 0.890017 0.013337 0.013362
0 0.105977 0.274089 0.012939 0.013253
0 0.188740 0.746908 0.013220 0.012843
0 0.240438 0.718817 0.014673 0.014645
0 0.029045 0.695729 0.013006 0.012883
0 0.748527 0.616468 0.012923 0.012749
0 0.171989 0.075719 0.011712 0.011549
0 0.156839 0.929982 0.013066 0.013022
0 0.159028 0.652308 0.013013 0.012915
0 0.506464 0.930419 0.012612 0.012784
0 0.398828 0.853998 0.012383 0.012386
0 0.847915 0.719275 0.017353 0.017025
0 0.534832 0.812664 0.011826 0.012019
0 0.092912 0.222423 0.011991 0.011785
0 0.391650 0.162655 0.013087 0.012957
0 0.716877 0.937869 0.013029 0.013043
0 0.268183 0.708421 0.014017 0.013980
0 0.847694 0.463133 0.011255 0.011049
0 0.367411 0.135604 0.012619 0.012605
0 0.776491 0.594244 0.011824 0.011649
0 0.697800 0.551909 0.012349 0.012453
0 0.050654 0.821892 0.012767 0.012901
0 0.695785 0.865393 0.011292 0.011254
0 0.905582 0.451926 0.010074 0.010191
0 0.107875 0.508188 0.010899 0.010810
0 0.060379 0.310158 0.012429 0.012176
0 0.671931 0.494345 0.011491 0.011351
0 0.685392 0.632132 0.011975 0.012006
0 0.461288 0.958172 0.012623 0.012726
0 0.795483 0.340389 0.013471 0.013369
0 0.624931 0.958465 0.012308 0.012010
0 0.264138 0.839079 0.012442 0.012482
0 0.543769 0.728347 0.011898 0.011905
0 0.566844 0.680691 0.011855 0.011867
0 0.387406 0.698726 0.011871 0.011746
0 0.543360 0.973300 0.011752 0.011615
0 0.395344 0.011176 0.013373 0.013422
0 0.240489 0.465609 0.011546 0.011608
0 0.663728 0.895036 0.010815 0.010655
0 0.549410 0.198568 0.012679 0.012905
0 0.653077 0.886423 0.011315 0.011441
0 0.285774 0.316321 0.013515 0.013435
0 0.110372 0.979895 0.013354 0.013364
0 0.417546 0.214979 0.013157 0.013664
0 0.005096 0.583592 0.010192 0.012959
0 0.782763 0.510029 0.012696 0.012550
0 0.368751 0.605897 0.011409 0.011450
0 0.010675 0.798145 0.013132 0.012946
0 0.681036 0.350826 0.011731 0.011762
0 0.449098 0.213989 0.016134 0.016458
0 0.225811 0.650872 0.012141 0.011678
0 0.937526 0.323770 0.012056 0.012288
0 0.054290 0.471894 0.013827 0.013804
0 0.277365 0.814518 0.010913 0.010457
0 0.348348 0.237390 0.010936 0.011267
0 0.181995 0.007607 0.011029 0.011426
0 0.674824 0.821272 0.011855 0.011807
0 0.292833 0.550909 0.009760 0.010135
0 0.222699 0.466588 0.011949 0.011921
0 0.331926 0.517155 0.010941 0.010686
0 0.700490 0.822900 0.017540 0.016534
0 0.530770 0.635429 0.021097 0.021019
0 0.628114 0.552622 0.011243 0.011734
0 0.249533 0.409586 0.010696 0.010938
0 0.195795 0.173879 0.010374 0.010189
0 0.661014 0.892827 0.011523 0.011145
