0 0.834749 0.577378 0.012329 0.012157
0 0.748493 0.938754 0.012914 0.012840
0 0.680563 0.684533 0.013267 0.013006
0 0.203830 0.203387 0.012396 0.012279
0 0.704857 0.727852 0.013575 0.013402
0 0.103602 0.198380 0.012708 0.012496
0 0.863519 0.677143 0.012185 0.012040
0 0.748064 0.618823 0.013299 0.013096
0 0.862869 0.535520 0.012971 0.012915
0 0.157296 0.263443 0.013837 0.013811
0 0.245438 0.305681 0.014156 0.014110
0 0.198090 0.480443 0.013602 0.013632
0 0.918015 0.555946 0.013007 0.012873
0 0.047736 0.963184 0.012464 0.012325
0 0.444360 0.353402 0.014165 0.014304
0 0.184575 0.891594 0.012678 0.012595
0 0.054885 0.343281 0.014238 0.014432
0 0.787521 0.809784 0.013498 0.013544
0 0.562580 0.325885 0.011908 0.011708
0 0.153730 0.409802 0.011334 0.011552
0 0.437562 0.456060 0.013754 0.013957
0 0.256056 0.159964 0.012111 0.012089
0 0.469740 0.657339 0.011215 0.011261
0 0.549257 0.180223 0.013336 0.013203
0 0.023313 0.782945 0.013582 0.013376
0 0.453143 0.596866 0.013496 0.013342
0 0.674021 0.231186 0.012863 0.012780
0 0.858493 0.802752 0.013093 0.013027
0 0.323936 0.870028 0.012116 0.011993
0 0.109363 0.981514 0.013568 0.013475
0 0.414922 0.509440 0.011499 0.011688
0 0.522624 0.742043 0.012593 0.012586
0 0.425866 0.573542 0.011689 0.011640
0 0.295539 0.300900 0.013357 0.013210
0 0.396485 0.655556 0.013026 0.012899
0 0.843661 0.280328 0.013492 0.013288
0 0.222206 0.470274 0.012725 0.012784
0 0.483169 0.064579 0.013416 0.013578
0 0.275731 0.452558 0.014110 0.014417
0 0.514910 0.057629 0.011898 0.012023
0 0.434132 0.678684 0.010536 0.010705
0 0.447115 0.125348 0.011771 0.011734
0 0.524019 0.349939 0.013337 0.013166
0 0.597417 0.330107 0.013501 0.013438
0 0.439120 0.554716 0.012194 0.012132
0 0.331120 0.519003 0.012302 0.012649
0 0.637154 0.842245 0.013787 0.014032
0 0.326063 0.558865 0.011552 0.011273
0 0.839492 0.437748 0.011627 0.011666
0 0.436502 0.590089 0.009127 0.009306
0 0.148884 0.328723 0.013157 0.013138
0 0.698277 0.896114 0.011853 0.011920
0 0.195176 0.646369 0.012629 0.012513
0 0.363929 0.827304 0.011874 0.011726
0 0.200278 0.809442 0.011475 0.011400
0 0.742360 0.316221 0.013711 0.013839
0 0.747936 0.092559 0.014119 0.013910
0 0.199110 0.382503 0.014304 0.014239
0 0.168937 0.823023 0.013063 0.012865
0 0.320073 0.094539 0.012849 0.012893
0 0.622644 0.629093 0.012000 0.012238
0 0.900514 0.276732 0.013005 0.013323
0 0.334107 0.571813 0.011793 0.011616
0 0.460854 0.959639 0.012978 0.013034
0 0.572262 0.487359 0.012683 0.012725
0 0.105268 0.070906 0.013769 0.013798
0 0.542561 0.810531 0.010471 0.010436
0 0.417795 0.162061 0.013451 0.013499
0 0.317507 0.795923 0.011967 0.011666
0 0.801004 0.159367 0.012613 0.012372
0 0.113501 0.537349 0.012612 0.012646
0 0.916537 0.346344 0.012776 0.013027
0 0.421846 0.972817 0.013155 0.013197
0 0.478756 0.326058 0.013362 0.013596
0 0.144276 0.486030 0.011223 0.011025
0 0.475835 0.891308 0.011592 0.012012
0 0.021273 0.551617 0.011883 0.012070
0 0.584724 0.009387 0.013869 0.013495
0 0.488894 0.525666 0.012665 0.012979
0 0.493805 0.543400 0.013839 0.013733
0 0.445413 0.230171 0.011596 0.011558
0 0.543930 0.974603 0.012375 0.012420
0 0.982212 0.094897 0.013658 0.013518
0 0.011697 0.147013 0.012134 0.011714
0 0.953956 0.817485 0.011982 0.011839
0 0.913196 0.168948 0.012610 0.012870
0 0.729724 0.129033 0.010969 0.011157
0 0.390378 0.446589 0.011929 0.012051
0 0.768942 0.284344 0.012218 0.012002
0 0.851232 0.062593 0.012721 0.012742
0 0.848362 0.710803 0.022744 0.022447
0 0.448931 0.068033 0.013573 0.013605
0 0.788536 0.005549 0.012245 0.010963
0 0.037767 0.328722 0.012351 0.011823
0 0.533597 0.632936 0.017638 0.017369
0 0.400539 0.570971 0.010020 0.010118
0 0.398336 0.570037 0.011313 0.010774
0 0.980115 0.863162 0.012758 0.012494
0 0.306804 0.125305 0.012712 0.012840
0 0.384609 0.260948 0.014949 0.015093
0 0.988134 0.589539 0.012060 0.012000
0 0.660067 0.397924 0.012068 0.011970
0 0.303752 0.126064 0.012000 0.012548
0 0.939215 0.061768 0.012742 0.012865
0 0.328939 0.314141 0.012221 0.012157
0 0.420591 0.557470 0.012714 0.012580
0 0.173068 0.082261 0.011489 0.011641
0 0.783474 0.126261 0.013013 0.012218
0 0.783329 0.035384 0.011309 0.011194
0 0.107449 0.601454 0.010269 0.010695
0 0.731956 0.017440 0.011702 0.011378
0 0.823275 0.185337 0.012314 0.012176
0 0.385083 0.263679 0.015164 0.015389
0 0.636013 0.730745 0.013062 0.013095
