0 0.386920 0.155104 0.012483 0.012414
0 0.143631 0.233143 0.012890 0.012976
0 0.153359 0.439296 0.013108 0.012972
0 0.722199 0.481499 0.013018 0.012917
0 0.276814 0.589260 0.015991 0.016000
0 0.894131 0.547670 0.014243 0.014199
0 0.854457 0.964959 0.013071 0.013165
0 0.598877 0.291491 0.013854 0.013808
0 0.603387 0.899337 0.012479 0.012407
0 0.231485 0.627910 0.012849 0.012897
0 0.703729 0.225976 0.012952 0.012883
0 0.786359 0.140506 0.013539 0.013387
0 0.945559 0.717808 0.014656 0.014672
0 0.063808 0.465342 0.013493 0.013203
0 0.124968 0.076160 0.013236 0.013166
0 0.793412 0.406696 0.015047 0.015120
0 0.113918 0.462813 0.012804 0.012859
0 0.229766 0.063617 0.012965 0.012729
0 0.290676 0.201863 0.012865 0.013094
0 0.569529 0.622665 0.012644 0.012814
0 0.037682 0.123821 0.013713 0.013789
0 0.184829 0.115268 0.012688 0.012500
0 0.254872 0.350958 0.012770 0.012570
0 0.468885 0.833360 0.013745 0.013746
0 0.014324 0.330457 0.013005 0.012851
0 0.645133 0.936290 0.013337 0.013331
0 0.592860 0.162217 0.013781 0.013503
0 0.275472 0.330189 0.013370 0.013218
0 0.633160 0.513349 0.013431 0.013417
0 0.108948 0.193923 0.013785 0.013806
0 0.050704 0.839023 0.012954 0.013036
0 0.261734 0.030371 0.012587 0.012531
0 0.449313 0.963494 0.012707 0.012857
0 0.215552 0.449756 0.013242 0.013206
0 0.779078 0.324946 0.014058 0.014071
0 0.457672 0.576282 0.012596 0.012706
0 0.487812 0.909745 0.013063 0.012987
0 0.784856 0.513649 0.013631 0.013620
0 0.050798 0.302031 0.013427 0.013536
0 0.409356 0.586465 0.013666 0.013561
0 0.592304 0.449202 0.013726 0.013619
0 0.821448 0.358806 0.013605 0.013553
0 0.526427 0.218694 0.013821 0.013999
0 0.941247 0.845729 0.012801 0.013032
0 0.158061 0.789593 0.012747 0.012652
0 0.532507 0.433461 0.013128 0.013272
0 0.578882 0.261971 0.012586 0.012514
0 0.607955 0.084976 0.013368 0.013286
0 0.026674 0.687090 0.014346 0.014260
0 0.164991 0.121070 0.013549 0.013119
0 0.914223 0.802052 0.013079 0.013105
0 0.959452 0.056173 0.013764 0.013921
0 0.364758 0.523423 0.013837 0.013850
0 0.202933 0.494228 0.012774 0.012868
0 0.096304 0.755557 0.013223 0.013208
0 0.695435 0.142696 0.013372 0.013552
0 0.817165 0.966836 0.012359 0.012545
0 0.290521 0.285842 0.013097 0.013041
0 0.805146 0.981824 0.013896 0.013964
0 0.510699 0.167632 0.012780 0.012635
0 0.402869 0.741231 0.014456 0.014314
0 0.347948 0.140354 0.012520 0.012742
0 0.166539 0.361658 0.013119 0.013187
0 0.368663 0.648491 0.013191 0.013101
0 0.085063 0.170973 0.013979 0.013899
0 0.060041 0.956722 0.013381 0.013339
0 0.733405 0.453309 0.013099 0.013083
0 0.774790 0.682575 0.014089 0.014091
0 0.540884 0.659841 0.013637 0.013803
0 0.199959 0.282412 0.013710 0.013691
0 0.377982 0.359657 0.013245 0.013025
0 0.864661 0.078431 0.014595 0.014609
0 0.111407 0.390449 0.012989 0.012844
0 0.345324 0.915716 0.014189 0.014303
0 0.851377 0.602913 0.015147 0.015008
0 0.144463 0.805283 0.013516 0.013273
0 0.445332 0.732946 0.014136 0.014091
0 0.981367 0.568779 0.013514 0.013487
0 0.514330 0.501288 0.014676 0.014949
0 0.983280 0.511077 0.013318 0.013328
0 0.165110 0.851091 0.013073 0.013136
0 0.069925 0.355914 0.013477 0.013363
0 0.151493 0.066784 0.013616 0.013461
0 0.102605 0.811534 0.014974 0.014825
0 0.939181 0.939278 0.013558 0.013393
0 0.320428 0.870576 0.013509 0.013795
0 0.805662 0.024139 0.012991 0.012713
0 0.192279 0.784289 0.013689 0.013436
0 0.041124 0.761470 0.014160 0.014129
0 0.588536 0.731583 0.014157 0.014305
0 0.259673 0.644588 0.012298 0.012549
0 0.746674 0.965279 0.012766 0.013274
0 0.724094 0.402090 0.013543 0.013428
0 0.691647 0.209546 0.013887 0.013854
0 0.432433 0.695822 0.013033 0.013154
0 0.022710 0.381073 0.013300 0.013059
0 0.107311 0.676922 0.012023 0.011931
0 0.151427 0.640373 0.013086 0.013040
0 0.271093 0.087995 0.014415 0.014518
0 0.724669 0.669409 0.014831 0.014686
0 0.483984 0.044574 0.012227 0.012024
0 0.371227 0.808913 0.014086 0.013920
0 0.417029 0.215122 0.015657 0.015568
0 0.630499 0.647309 0.013778 0.013642
0 0.151499 0.752364 0.013741 0.014133
0 0.491631 0.450864 0.014053 0.014320
0 0.834015 0.386452 0.012858 0.012581
0 0.360689 0.382247 0.014070 0.014170
0 0.102156 0.530825 0.013737 0.013788
0 0.832018 0.138673 0.013780 0.014060
0 0.013811 0.934126 0.012418 0.012305
0 0.297629 0.921699 0.013359 0.013343
0 0.912567 0.693453 0.013263 0.013138
0 0.390987 0.418454 0.013066 0.013053
0 0.787330 0.875716 0.014230 0.014093
0 0.023999 0.620651 0.012547 0.012503
0 0.811602 0.799081 0.014271 0.014195
0 0.050527 0.232694 0.013496 0.013277
0 0.728334 0.121972 0.014611 0.014543
0 0.644600 0.438750 0.013925 0.013973
0 0.640379 0.804531 0.013195 0.013172
0 0.025808 0.886757 0.012656 0.012510
0 0.813352 0.916768 0.011955 0.011819
0 0.961747 0.573671 0.012527 0.012370
0 0.308889 0.060347 0.012611 0.012816
0 0.481041 0.266734 0.014318 0.014198
0 0.008903 0.669773 0.013793 0.013770
0 0.336494 0.172206 0.012262 0.012098
0 0.478158 0.201596 0.014362 0.014652
0 0.790424 0.186956 0.012710 0.012380
0 0.168517 0.699420 0.012900 0.012974
0 0.814145 0.453092 0.012768 0.012693
0 0.907397 0.872446 0.015178 0.015077
0 0.802325 0.219087 0.014620 0.014706
0 0.448606 0.905906 0.013821 0.014136
0 0.529106 0.765435 0.014004 0.014055
0 0.264508 0.070296 0.012363 0.012230
0 0.962929 0.878826 0.014316 0.014166
0 0.051189 0.488796 0.013644 0.013694
0 0.779282 0.044581 0.014028 0.013986
0 0.503923 0.992108 0.013033 0.012848
0 0.662601 0.847175 0.012827 0.012913
0 0.942615 0.995069 0.013178 0.009861
0 0.820612 0.081963 0.013582 0.013675
0 0.453705 0.013965 0.013374 0.013424
0 0.387153 0.970353 0.012525 0.012113
0 0.433304 0.343229 0.014001 0.013759
0 0.640610 0.253004 0.015407 0.015393
0 0.500624 0.048070 0.011419 0.011253
0 0.518969 0.936989 0.012062 0.011779
0 0.893064 0.728633 0.015038 0.014792
0 0.107647 0.994121 0.016792 0.011759
0 0.483424 0.109960 0.013754 0.013439
0 0.251132 0.996134 0.012716 0.007714
0 0.315717 0.940071 0.012551 0.012529
0 0.329568 0.186444 0.012718 0.012390
0 0.340840 0.083977 0.014138 0.014032
0 0.996979 0.810838 0.005971 0.012263
0 0.495189 0.403072 0.014222 0.013903
0 0.330368 0.763464 0.013907 0.014114
0 0.494430 0.944591 0.013108 0.013046
0 0.189675 0.007004 0.012832 0.012721
0 0.878915 0.169699 0.013074 0.013109
0 0.602720 0.600166 0.014216 0.013974
0 0.775156 0.458323 0.013613 0.013673
0 0.975840 0.174994 0.013565 0.013600
0 0.599430 0.679315 0.014405 0.014203
0 0.187636 0.550920 0.014754 0.014815
0 0.163666 0.563668 0.013306 0.013528
0 0.937181 0.003865 0.013326 0.007729
0 0.747698 0.404835 0.013711 0.013404
0 0.115322 0.411453 0.012982 0.013478
0 0.525960 0.402463 0.013023 0.012953
0 0.849496 0.710052 0.022876 0.022859
0 0.525669 0.022872 0.012676 0.012244
0 0.414670 0.367936 0.012918 0.013007
0 0.916758 0.242993 0.014714 0.014819
0 0.668648 0.652946 0.012745 0.012434
0 0.996878 0.446171 0.006193 0.014545
0 0.731356 0.304033 0.014654 0.014078
0 0.015720 0.447608 0.013719 0.013730
0 0.016911 0.428899 0.013121 0.012908
0 0.894940 0.983069 0.013494 0.013577
0 0.406767 0.002894 0.013143 0.005784
0 0.845583 0.184636 0.014720 0.014928
0 0.735034 0.972819 0.013482 0.013320
0 0.525067 0.386019 0.013633 0.013584
0 0.312874 0.043967 0.012927 0.013033
0 0.581585 0.023708 0.013525 0.013296
0 0.531975 0.630779 0.023403 0.023281
0 0.454852 0.557287 0.013069 0.013124
0 0.997622 0.928030 0.004755 0.011346
0 0.396381 0.459248 0.015345 0.015442
0 0.982830 0.191866 0.013105 0.013207
0 0.587043 0.011168 0.012634 0.012557
0 0.769671 0.608402 0.014530 0.014438
0 0.884428 0.214765 0.015923 0.016139
0 0.561057 0.205997 0.011444 0.011510
0 0.740736 0.318733 0.013548 0.013529
0 0.866221 0.012174 0.013204 0.013298
0 0.269432 0.668456 0.013737 0.013922
0 0.747598 0.782872 0.011689 0.011430
0 0.632049 0.589266 0.014940 0.014155
0 0.341244 0.295216 0.018224 0.018152
0 0.339372 0.303366 0.014960 0.013481
0 0.539515 0.398274 0.013311 0.012954
0 0.340505 0.298125 0.016689 0.016783
