0 0.972219 0.291281 0.012907 0.012876
0 0.282423 0.590252 0.013131 0.012988
0 0.290535 0.201900 0.012941 0.012981
0 0.258095 0.405400 0.012879 0.012853
0 0.531028 0.433988 0.013058 0.012985
0 0.496692 0.291904 0.012814 0.012786
0 0.053829 0.840367 0.013017 0.013100
0 0.420610 0.691047 0.013472 0.013421
0 0.858845 0.465014 0.013449 0.013156
0 0.476315 0.115618 0.013157 0.012951
0 0.786896 0.139918 0.013203 0.013183
0 0.805136 0.024195 0.012393 0.012238
0 0.266898 0.905896 0.012998 0.012933
0 0.593746 0.162147 0.013692 0.013449
0 0.937842 0.383403 0.012433 0.012510
0 0.400405 0.382855 0.013419 0.013324
0 0.236787 0.139108 0.013247 0.013087
0 0.942160 0.845444 0.012806 0.012867
0 0.724848 0.224432 0.013303 0.013179
0 0.018738 0.261774 0.012989 0.012991
0 0.539482 0.395296 0.012606 0.012746
0 0.579066 0.262139 0.012277 0.012230
0 0.130397 0.450708 0.012929 0.012951
0 0.243973 0.050912 0.014369 0.014455
0 0.505993 0.462152 0.012646 0.012630
0 0.961333 0.574782 0.013551 0.013392
0 0.452496 0.485369 0.013520 0.013434
0 0.693363 0.519559 0.013539 0.013480
0 0.773136 0.334822 0.012779 0.012548
0 0.374607 0.647241 0.013910 0.013816
0 0.569655 0.325062 0.012840 0.012990
0 0.188567 0.498362 0.013215 0.013330
0 0.527104 0.218917 0.013878 0.013986
0 0.857810 0.070901 0.014257 0.014265
0 0.109766 0.817153 0.014068 0.014092
0 0.690771 0.888619 0.012161 0.011939
0 0.112030 0.280230 0.012984 0.012953
0 0.028826 0.686473 0.014347 0.014353
0 0.681182 0.287055 0.012699 0.012642
0 0.594357 0.369679 0.013035 0.013120
0 0.877513 0.405397 0.012272 0.012178
0 0.674605 0.917732 0.012733 0.012648
0 0.241838 0.848625 0.013486 0.013432
0 0.397339 0.829467 0.012988 0.012933
0 0.906070 0.481440 0.013263 0.013228
0 0.264060 0.071132 0.012433 0.012252
0 0.320962 0.327399 0.013054 0.013279
0 0.630746 0.325525 0.013824 0.013598
0 0.281811 0.542563 0.012464 0.012348
0 0.164812 0.339747 0.012519 0.012616
0 0.623143 0.618951 0.012234 0.012077
0 0.836988 0.964743 0.012282 0.012243
0 0.457991 0.576693 0.012479 0.012771
0 0.160534 0.980295 0.012866 0.012742
0 0.108999 0.055735 0.013443 0.013451
0 0.948078 0.238120 0.012480 0.012409
0 0.645214 0.936021 0.012778 0.012839
0 0.860722 0.036880 0.012709 0.012768
0 0.481828 0.157392 0.013589 0.013723
0 0.712611 0.603706 0.013140 0.013197
0 0.815941 0.564475 0.014051 0.013965
0 0.033899 0.564159 0.013397 0.013410
0 0.028352 0.887166 0.012694 0.012836
0 0.039080 0.418073 0.013378 0.013220
0 0.832599 0.138412 0.013625 0.013813
0 0.885535 0.105010 0.012538 0.012840
0 0.333191 0.007258 0.012994 0.013108
0 0.549961 0.654815 0.014529 0.014414
0 0.551245 0.725438 0.012542 0.012372
0 0.098964 0.437105 0.012631 0.012459
0 0.745184 0.406740 0.013458 0.013170
0 0.769992 0.941626 0.011956 0.011883
0 0.572701 0.501709 0.013760 0.013644
0 0.407823 0.497078 0.012678 0.012448
0 0.084020 0.364020 0.013089 0.012886
0 0.210857 0.773331 0.015125 0.014879
0 0.101540 0.507641 0.013433 0.013137
0 0.281296 0.293361 0.013071 0.012914
0 0.693601 0.973958 0.012620 0.012749
0 0.544760 0.803251 0.012116 0.012107
0 0.849605 0.353766 0.014102 0.014020
0 0.515794 0.715290 0.013039 0.013147
0 0.674219 0.595668 0.013671 0.013843
0 0.161775 0.928107 0.014978 0.014845
0 0.022283 0.381297 0.014017 0.013812
0 0.646501 0.617125 0.014866 0.014801
0 0.895167 0.742081 0.013884 0.013855
0 0.145255 0.684792 0.013100 0.013127
0 0.939645 0.453395 0.012561 0.012528
0 0.420516 0.627191 0.014083 0.014033
0 0.752189 0.746956 0.013319 0.013334
0 0.829991 0.453428 0.014044 0.014138
0 0.877809 0.169993 0.013521 0.013443
0 0.374214 0.364600 0.013186 0.012961
0 0.965599 0.073026 0.012369 0.012392
0 0.226910 0.238929 0.014073 0.014181
0 0.637106 0.583032 0.014056 0.014091
0 0.081946 0.906383 0.013917 0.013893
0 0.815535 0.966336 0.011902 0.011731
0 0.598376 0.193023 0.013397 0.013079
0 0.374636 0.600456 0.013912 0.013837
0 0.720190 0.548611 0.013300 0.013255
0 0.738683 0.319017 0.013561 0.013895
0 0.573241 0.409553 0.013849 0.013769
0 0.339232 0.084088 0.014221 0.014023
0 0.182332 0.213141 0.013349 0.013636
0 0.247662 0.823970 0.013581 0.013488
0 0.358683 0.904943 0.013595 0.013688
0 0.061829 0.516987 0.013112 0.013179
0 0.110870 0.587540 0.013527 0.013504
0 0.382143 0.972016 0.014196 0.013727
0 0.113567 0.157995 0.013445 0.013438
0 0.129732 0.836850 0.013087 0.013187
0 0.937109 0.662562 0.012024 0.012196
0 0.791349 0.719795 0.012504 0.012296
0 0.678551 0.430587 0.013269 0.013219
0 0.775543 0.458687 0.014393 0.014328
0 0.255193 0.969257 0.014019 0.013305
0 0.448062 0.907067 0.013779 0.013842
0 0.953560 0.920971 0.012638 0.012495
0 0.349072 0.184185 0.014054 0.013744
0 0.602057 0.005130 0.012698 0.010217
0 0.354239 0.988300 0.012754 0.012521
0 0.683528 0.121981 0.013971 0.013846
0 0.801230 0.219844 0.014381 0.014424
0 0.207095 0.362928 0.014742 0.014910
0 0.501044 0.093409 0.013753 0.013696
0 0.872375 0.266978 0.014438 0.014200
0 0.222239 0.100118 0.013821 0.013894
0 0.331846 0.763726 0.013251 0.013324
0 0.774236 0.009824 0.012361 0.012225
0 0.630054 0.794748 0.013670 0.013971
0 0.102884 0.844997 0.013826 0.013607
0 0.755407 0.462091 0.013581 0.013569
0 0.790060 0.186477 0.012292 0.012090
0 0.950894 0.013265 0.012856 0.012780
0 0.075702 0.963015 0.013421 0.013067
0 0.714084 0.824849 0.012764 0.012894
0 0.802440 0.802944 0.014139 0.014121
0 0.905142 0.703874 0.013624 0.013778
0 0.438794 0.777358 0.013716 0.013806
0 0.414038 0.920325 0.012720 0.012520
0 0.640320 0.253216 0.015964 0.016054
0 0.962286 0.878439 0.014182 0.014172
0 0.646433 0.865798 0.013194 0.013130
0 0.976726 0.173491 0.013618 0.013705
0 0.490962 0.450942 0.013396 0.013654
0 0.917913 0.989654 0.012734 0.012610
0 0.134770 0.316547 0.012159 0.012082
0 0.526246 0.023029 0.013217 0.013151
0 0.607177 0.680874 0.014736 0.014742
0 0.111619 0.393278 0.012249 0.012217
0 0.453370 0.013782 0.013892 0.013769
0 0.013824 0.447145 0.014314 0.014079
0 0.982924 0.191699 0.012733 0.012816
0 0.172695 0.017963 0.014107 0.014161
0 0.604235 0.899615 0.010745 0.010861
0 0.844794 0.184232 0.014660 0.014732
0 0.420498 0.194187 0.013442 0.013395
0 0.481773 0.266753 0.014905 0.014882
0 0.322853 0.697754 0.013522 0.013587
0 0.577209 0.569096 0.014358 0.014322
0 0.803569 0.833299 0.013290 0.013208
0 0.863216 0.010839 0.013209 0.013224
0 0.633884 0.355218 0.014470 0.014626
0 0.998101 0.521623 0.003781 0.012792
0 0.266479 0.719266 0.013917 0.013947
0 0.969366 0.433707 0.012159 0.012456
0 0.768739 0.597657 0.014177 0.014165
0 0.154541 0.818968 0.012281 0.011995
0 0.189922 0.007473 0.013160 0.013438
0 0.846695 0.600525 0.013418 0.013077
0 0.595607 0.887331 0.013286 0.012883
0 0.420775 0.408455 0.016043 0.015831
0 0.149689 0.784547 0.014281 0.013857
0 0.939594 0.872081 0.012933 0.012688
0 0.061108 0.956324 0.012739 0.012275
0 0.920733 0.320744 0.014005 0.014141
0 0.316512 0.109515 0.013911 0.014496
0 0.569888 0.553582 0.014573 0.014374
0 0.340378 0.647793 0.013789 0.013770
0 0.163965 0.563206 0.012810 0.012915
0 0.126775 0.331094 0.012008 0.012041
0 0.308592 0.045056 0.013571 0.013963
0 0.003184 0.852407 0.006368 0.012929
0 0.051511 0.229105 0.013181 0.013037
0 0.865609 0.849429 0.012483 0.012114
0 0.996569 0.471488 0.006861 0.012921
0 0.531242 0.629151 0.022144 0.022364
0 0.374986 0.340665 0.013176 0.012929
0 0.915754 0.940521 0.008250 0.007929
0 0.225817 0.681495 0.015719 0.015715
0 0.710296 0.744027 0.010439 0.010053
0 0.849057 0.710374 0.023510 0.023891
0 0.312268 0.092750 0.012614 0.012665
0 0.997820 0.123688 0.004298 0.010341
0 0.151378 0.785457 0.013539 0.013615
0 0.500342 0.108650 0.014398 0.014073
0 0.629553 0.696708 0.014302 0.013555
0 0.187110 0.550837 0.014227 0.014687
0 0.655960 0.869640 0.008766 0.009153
0 0.264770 0.656631 0.013763 0.014332
0 0.996858 0.521494 0.006232 0.012346
0 0.968583 0.203089 0.012300 0.011819
