0 0.265609 0.176145 0.013289 0.013337
0 0.565826 0.899990 0.012055 0.011944
0 0.568942 0.560277 0.012139 0.012038
0 0.728641 0.559759 0.013144 0.013144
0 0.572834 0.291403 0.013323 0.013057
0 0.705683 0.501902 0.012853 0.012953
0 0.632029 0.801263 0.012896 0.012651
0 0.497628 0.282692 0.013170 0.012889
0 0.605623 0.561285 0.013492 0.013281
0 0.362076 0.074163 0.013836 0.013876
0 0.565420 0.357109 0.013049 0.013004
0 0.543230 0.975766 0.013345 0.013241
0 0.175068 0.352511 0.012029 0.011940
0 0.463776 0.337964 0.012512 0.012535
0 0.367644 0.190413 0.014572 0.014288
0 0.549858 0.453205 0.012813 0.012954
0 0.633594 0.675315 0.012218 0.011963
0 0.844182 0.424813 0.013897 0.013875
0 0.411794 0.525328 0.013829 0.013776
0 0.652286 0.315644 0.012816 0.012243
0 0.747795 0.619059 0.013537 0.013579
0 0.601542 0.465607 0.013095 0.013148
0 0.460051 0.961868 0.013580 0.013471
0 0.780570 0.125929 0.013772 0.013804
0 0.462340 0.300030 0.014170 0.013869
0 0.897469 0.637939 0.013366 0.013591
0 0.882891 0.808777 0.011558 0.011689
0 0.157597 0.930804 0.011864 0.011642
0 0.474540 0.136054 0.013305 0.013286
0 0.462287 0.428806 0.013240 0.012992
0 0.486533 0.114073 0.012698 0.012744
0 0.826277 0.728178 0.013562 0.013560
0 0.778488 0.671633 0.010525 0.010448
0 0.855707 0.046433 0.013684 0.013565
0 0.757132 0.199915 0.013602 0.013594
0 0.945602 0.381027 0.013154 0.013299
0 0.930430 0.727273 0.012146 0.012234
0 0.681037 0.990534 0.012824 0.012733
0 0.223644 0.951545 0.013105 0.013065
0 0.725986 0.819540 0.013387 0.012971
0 0.562729 0.705726 0.012169 0.011966
0 0.332563 0.573199 0.012651 0.012577
0 0.531301 0.368758 0.012970 0.012760
0 0.330404 0.518540 0.012782 0.012641
0 0.383440 0.914435 0.012558 0.012528
0 0.302400 0.323607 0.011289 0.011500
0 0.494994 0.065535 0.012841 0.012975
0 0.139782 0.491511 0.013012 0.012898
0 0.370789 0.146846 0.013504 0.013470
0 0.902698 0.261016 0.013988 0.013922
0 0.280351 0.329323 0.014001 0.013721
0 0.221874 0.469754 0.012516 0.012470
0 0.067115 0.394195 0.014473 0.014148
0 0.380749 0.259518 0.012188 0.012192
0 0.494078 0.544164 0.014291 0.014300
0 0.183482 0.145758 0.012676 0.012768
0 0.258098 0.754536 0.011238 0.011289
0 0.492432 0.985907 0.012025 0.011995
0 0.660670 0.235847 0.013173 0.012786
0 0.566730 0.935437 0.012771 0.012654
0 0.351515 0.418279 0.012416 0.012198
0 0.604115 0.049743 0.013969 0.013868
0 0.607664 0.491621 0.012897 0.012844
0 0.093340 0.380519 0.013983 0.013628
0 0.124365 0.326963 0.011460 0.011261
0 0.255829 0.900299 0.011899 0.012080
0 0.431631 0.086643 0.013517 0.013654
0 0.181620 0.563903 0.013163 0.013436
0 0.135220 0.819610 0.013292 0.013298
0 0.225231 0.652581 0.013183 0.012906
0 0.595880 0.007141 0.012852 0.012833
0 0.433467 0.009016 0.013670 0.013482
0 0.030199 0.443041 0.013286 0.013168
0 0.517653 0.557401 0.012693 0.012484
0 0.138666 0.126026 0.012761 0.012811
0 0.440834 0.060081 0.012007 0.012185
0 0.787977 0.032512 0.013743 0.013846
0 0.432628 0.681292 0.011225 0.010786
0 0.497084 0.367785 0.013142 0.013016
0 0.184682 0.891535 0.012629 0.012654
0 0.421264 0.557100 0.012512 0.012617
0 0.516719 0.005143 0.014055 0.010286
0 0.523620 0.348800 0.012866 0.012883
0 0.156403 0.279306 0.012483 0.011989
0 0.271065 0.150139 0.010476 0.010245
0 0.813206 0.273586 0.012113 0.012179
0 0.249655 0.063736 0.015666 0.015247
0 0.111775 0.512937 0.012425 0.012334
0 0.167266 0.774302 0.012495 0.012135
0 0.334999 0.002458 0.010971 0.004917
0 0.871004 0.991144 0.011648 0.011897
0 0.513329 0.473406 0.012012 0.011685
0 0.257404 0.152561 0.012961 0.012931
0 0.787009 0.317049 0.012557 0.012680
0 0.847428 0.711471 0.021968 0.021536
0 0.324150 0.370169 0.008682 0.008653
0 0.110733 0.115215 0.013595 0.013719
0 0.107913 0.981739 0.012756 0.012945
0 0.399952 0.571151 0.010659 0.010402
0 0.434978 0.591112 0.010737 0.010603
0 0.401857 0.996645 0.012161 0.006710
0 0.083979 0.533983 0.012900 0.012717
0 0.358261 0.689096 0.013551 0.013768
0 0.886675 0.108434 0.013000 0.012926
0 0.975148 0.202343 0.013439 0.013477
0 0.971807 0.201330 0.012522 0.012465
0 0.968282 0.200520 0.011725 0.011770
0 0.110469 0.514540 0.011962 0.011809
0 0.774183 0.027646 0.012603 0.012763
