0 0.935325 0.373368 0.012625 0.012365
0 0.050224 0.039773 0.012385 0.012271
0 0.783699 0.047107 0.012915 0.012792
0 0.162839 0.748591 0.013240 0.012940
0 0.408314 0.388404 0.013123 0.012942
0 0.643826 0.568328 0.012344 0.012133
0 0.442479 0.132893 0.013236 0.013181
0 0.810335 0.191635 0.013033 0.012982
0 0.542392 0.471028 0.012750 0.012597
0 0.458976 0.301698 0.012178 0.012025
0 0.179681 0.614617 0.012500 0.012423
0 0.692386 0.278166 0.012977 0.013055
0 0.880299 0.399521 0.014079 0.014119
0 0.930218 0.045997 0.011197 0.011423
0 0.278868 0.436643 0.012284 0.012157
0 0.951350 0.626381 0.011531 0.011380
0 0.599604 0.874218 0.012549 0.012566
0 0.716450 0.592045 0.012294 0.012061
0 0.368512 0.389140 0.013626 0.013478
0 0.464359 0.510508 0.011747 0.011492
0 0.057388 0.355109 0.013167 0.013036
0 0.936096 0.698699 0.012778 0.012660
0 0.968157 0.221798 0.012624 0.012474
0 0.692567 0.430714 0.011444 0.011344
0 0.125355 0.021673 0.012726 0.012569
0 0.528100 0.356069 0.012893 0.012869
0 0.110958 0.737799 0.012296 0.012428
0 0.264472 0.562638 0.012648 0.012553
0 0.873149 0.217446 0.012787 0.012735
0 0.940765 0.287559 0.013599 0.013572
0 0.605979 0.194687 0.011160 0.011264
0 0.656271 0.677346 0.013628 0.013691
0 0.974399 0.457528 0.012501 0.012366
0 0.032927 0.600736 0.014097 0.013995
0 0.392964 0.463896 0.013508 0.013538
0 0.733471 0.622220 0.013782 0.013671
0 0.048477 0.811465 0.012976 0.012787
0 0.283318 0.546581 0.011954 0.012073
0 0.127844 0.199495 0.012335 0.012175
0 0.314220 0.249321 0.012698 0.012704
0 0.490584 0.702278 0.011558 0.011464
0 0.382823 0.285953 0.014678 0.014600
0 0.780584 0.096145 0.013306 0.013170
0 0.011571 0.674244 0.012761 0.012941
0 0.465699 0.573475 0.012590 0.012640
0 0.889056 0.589105 0.012195 0.012198
0 0.236090 0.199568 0.012423 0.012161
0 0.100646 0.806695 0.013473 0.013331
0 0.080788 0.357536 0.011954 0.011730
0 0.471130 0.439748 0.013768 0.013758
0 0.754541 0.236179 0.012755 0.012791
0 0.442824 0.693260 0.011802 0.011296
0 0.839550 0.506961 0.014405 0.014449
0 0.705860 0.788032 0.012892 0.013114
0 0.589040 0.201127 0.013147 0.012967
0 0.759431 0.591060 0.011424 0.011446
0 0.655700 0.392972 0.012746 0.012653
0 0.341498 0.551315 0.014044 0.014033
0 0.148202 0.202500 0.012681 0.012492
0 0.883527 0.119984 0.009374 0.009247
0 0.902682 0.541888 0.012836 0.012928
0 0.435759 0.746530 0.012177 0.012164
0 0.653934 0.093854 0.013277 0.013268
0 0.699192 0.701235 0.012691 0.012296
0 0.979996 0.347730 0.012248 0.011941
0 0.440511 0.630163 0.012775 0.012672
0 0.869348 0.360070 0.013157 0.013275
0 0.269274 0.644250 0.011651 0.011489
0 0.452449 0.196670 0.014453 0.014346
0 0.606200 0.753721 0.011174 0.011697
0 0.444369 0.024350 0.014488 0.014483
0 0.741978 0.863340 0.012090 0.012128
0 0.868947 0.108669 0.012387 0.011946
0 0.702829 0.993717 0.013550 0.012336
0 0.926701 0.817814 0.013438 0.013313
0 0.048120 0.903668 0.012153 0.011917
0 0.618228 0.156775 0.011996 0.011924
0 0.753057 0.436666 0.011895 0.011834
0 0.580421 0.967832 0.014450 0.014453
0 0.724720 0.878664 0.013437 0.013586
0 0.927907 0.847469 0.013953 0.013913
0 0.767979 0.533361 0.012724 0.012428
0 0.805013 0.515360 0.012058 0.012253
0 0.738469 0.367587 0.013075 0.013048
0 0.032675 0.386769 0.013943 0.014057
0 0.091181 0.335278 0.012242 0.012123
0 0.951377 0.676269 0.012938 0.012926
0 0.905211 0.076206 0.011806 0.011374
0 0.804630 0.799425 0.013073 0.012930
0 0.966451 0.610439 0.011603 0.011107
0 0.382711 0.964692 0.012702 0.012532
0 0.888260 0.695916 0.012667 0.012870
0 0.260498 0.819341 0.013208 0.013162
0 0.529225 0.584245 0.011090 0.010920
0 0.455675 0.945660 0.013113 0.013057
0 0.368249 0.858331 0.013737 0.013943
0 0.104165 0.780681 0.010242 0.009900
0 0.935408 0.012477 0.010877 0.010768
0 0.868511 0.571020 0.011371 0.011379
0 0.232794 0.428460 0.013991 0.014299
0 0.984971 0.513173 0.013869 0.013339
0 0.500485 0.325513 0.011862 0.012115
0 0.281999 0.669701 0.013141 0.013123
0 0.217805 0.422459 0.012200 0.012199
0 0.386055 0.800531 0.011476 0.011438
0 0.534314 0.629753 0.023674 0.024029
0 0.396883 0.764802 0.012561 0.012805
0 0.350096 0.290609 0.024399 0.024792
0 0.546260 0.567229 0.012733 0.012628
0 0.978183 0.046762 0.010553 0.010351
0 0.417419 0.903149 0.011419 0.011348
0 0.901632 0.997876 0.011105 0.004202
0 0.911655 0.925311 0.011666 0.011526
0 0.272465 0.942511 0.011032 0.011019
0 0.878707 0.977340 0.012758 0.012803
0 0.982450 0.513599 0.014287 0.014107
0 0.234206 0.001856 0.013806 0.003711
0 0.088430 0.924501 0.012276 0.011913
0 0.976105 0.970886 0.012114 0.011972
0 0.113501 0.897948 0.011619 0.011488
0 0.819142 0.787484 0.012324 0.012024
0 0.140977 0.963163 0.010320 0.010398
0 0.845067 0.555227 0.012210 0.011921
0 0.851756 0.711143 0.023321 0.022920
0 0.850636 0.545003 0.011169 0.010997
