0 0.783882 0.627666 0.013663 0.013526
0 0.910487 0.806516 0.013534 0.013309
0 0.451864 0.959818 0.012239 0.012166
0 0.393827 0.869022 0.012837 0.012565
0 0.460294 0.487068 0.013032 0.013001
0 0.199460 0.462697 0.012657 0.012761
0 0.605899 0.319457 0.013627 0.013483
0 0.500028 0.755814 0.013449 0.013389
0 0.872795 0.661079 0.013173 0.013173
0 0.748625 0.618709 0.013340 0.013206
0 0.544457 0.466929 0.013781 0.013818
0 0.153865 0.276623 0.013148 0.013141
0 0.510955 0.866393 0.012546 0.012418
0 0.309556 0.392623 0.014330 0.014212
0 0.933534 0.419118 0.011171 0.010935
0 0.767692 0.931466 0.011588 0.011604
0 0.691466 0.499270 0.012456 0.012484
0 0.288403 0.605744 0.013763 0.013764
0 0.131452 0.316546 0.012741 0.012696
0 0.116478 0.748209 0.012279 0.012350
0 0.499994 0.461828 0.014306 0.014194
0 0.405274 0.961947 0.009883 0.009903
0 0.730091 0.315896 0.013314 0.013177
0 0.900715 0.642436 0.012826 0.012937
0 0.226269 0.364222 0.012454 0.012619
0 0.047450 0.611137 0.012720 0.012725
0 0.541885 0.976971 0.012838 0.012595
0 0.102614 0.460465 0.013162 0.013237
0 0.770112 0.437614 0.012492 0.012564
0 0.048009 0.520651 0.012189 0.011914
0 0.183854 0.491452 0.013044 0.013131
0 0.041221 0.831847 0.011897 0.012170
0 0.593470 0.438452 0.012744 0.012594
0 0.354041 0.352767 0.013429 0.013336
0 0.839108 0.038506 0.013297 0.013284
0 0.638780 0.505047 0.012574 0.012593
0 0.075519 0.027256 0.014660 0.014673
0 0.297585 0.025697 0.013067 0.012849
0 0.422755 0.582349 0.011847 0.011776
0 0.071962 0.253140 0.012975 0.012685
0 0.616441 0.265502 0.013472 0.013420
0 0.328645 0.491362 0.014268 0.014045
0 0.271693 0.495692 0.012812 0.012778
0 0.599516 0.609444 0.011654 0.011763
0 0.643754 0.640776 0.013260 0.013060
0 0.013464 0.469170 0.013565 0.013594
0 0.184561 0.892271 0.013029 0.013097
0 0.502327 0.542166 0.011945 0.011960
0 0.458348 0.684537 0.012836 0.012860
0 0.156177 0.710094 0.013857 0.013732
0 0.551943 0.260423 0.012275 0.012305
0 0.521479 0.350975 0.012788 0.012544
0 0.123813 0.416102 0.011973 0.012301
0 0.286999 0.723583 0.012882 0.012968
0 0.302595 0.292420 0.013880 0.013744
0 0.760083 0.892469 0.013120 0.012883
0 0.603567 0.904721 0.013153 0.013086
0 0.587715 0.391143 0.013164 0.013121
0 0.424247 0.038285 0.013980 0.013783
0 0.222999 0.648300 0.012312 0.012207
0 0.003282 0.296717 0.006475 0.011033
0 0.326332 0.034610 0.013764 0.013817
0 0.034672 0.265966 0.012199 0.011973
0 0.331356 0.519020 0.012661 0.012634
0 0.108600 0.980924 0.013370 0.013570
0 0.606500 0.485099 0.012481 0.012412
0 0.006403 0.376159 0.012522 0.013093
0 0.452005 0.079174 0.013464 0.013681
0 0.882344 0.754348 0.012992 0.013277
0 0.546542 0.995263 0.013446 0.009469
0 0.464878 0.798397 0.012007 0.012020
0 0.003207 0.586846 0.006415 0.011310
0 0.994195 0.425101 0.009255 0.009200
0 0.108539 0.016221 0.013830 0.013897
0 0.221781 0.469413 0.012588 0.012664
0 0.574816 0.875764 0.013957 0.013779
0 0.261637 0.705295 0.011445 0.011375
0 0.882332 0.365680 0.011395 0.011271
0 0.859883 0.059567 0.011867 0.011713
0 0.067070 0.400878 0.012788 0.012765
0 0.708156 0.813725 0.015100 0.014555
0 0.166528 0.024552 0.014327 0.014046
0 0.500084 0.023797 0.014636 0.014801
0 0.791443 0.058208 0.011896 0.011986
0 0.518043 0.290307 0.012702 0.012772
0 0.259194 0.605626 0.012233 0.011426
0 0.670066 0.255659 0.012171 0.012134
0 0.850445 0.711089 0.022876 0.022719
0 0.432622 0.763327 0.013722 0.013583
0 0.044238 0.069727 0.015061 0.014970
0 0.539863 0.003795 0.011605 0.007590
0 0.584080 0.217605 0.011244 0.011263
0 0.885516 0.039591 0.013184 0.013212
0 0.401014 0.571433 0.010548 0.010636
0 0.062252 0.336505 0.011734 0.011710
0 0.415250 0.003260 0.013169 0.006520
0 0.203023 0.797716 0.012766 0.012515
0 0.925905 0.112113 0.013245 0.013387
0 0.488404 0.542880 0.009879 0.010308
0 0.490714 0.007026 0.012734 0.011963
0 0.471995 0.544394 0.011347 0.011187
0 0.411120 0.110097 0.011983 0.012208
0 0.495960 0.991593 0.009017 0.009108
0 0.002638 0.297733 0.005223 0.011426
