0 0.808048 0.526691 0.018929 0.018669
0 0.410513 0.142125 0.014351 0.014417
0 0.450452 0.240808 0.015640 0.015744
0 0.833873 0.641900 0.014574 0.014498
0 0.913129 0.189232 0.013197 0.013300
0 0.912114 0.377224 0.014692 0.014465
0 0.131291 0.581833 0.013514 0.013447
0 0.884705 0.565177 0.014217 0.014088
0 0.087713 0.776778 0.013903 0.013902
0 0.346727 0.182399 0.014696 0.014667
0 0.320756 0.586423 0.014661 0.014544
0 0.733993 0.092699 0.013828 0.013718
0 0.128858 0.029739 0.015018 0.014740
0 0.036809 0.203384 0.014602 0.014544
0 0.068344 0.675352 0.014350 0.014127
0 0.597084 0.140722 0.014056 0.014223
0 0.294533 0.909220 0.014633 0.014506
0 0.913275 0.849849 0.014985 0.014852
0 0.965242 0.579622 0.014308 0.014256
0 0.365501 0.483022 0.015659 0.015820
0 0.259301 0.870010 0.013865 0.013737
0 0.338616 0.857003 0.015228 0.015380
0 0.712929 0.770957 0.013786 0.013760
0 0.657043 0.872653 0.014065 0.014129
0 0.445622 0.036755 0.013779 0.013627
0 0.284203 0.594845 0.014762 0.014726
0 0.508490 0.157875 0.014370 0.014001
0 0.088627 0.911782 0.014151 0.014316
0 0.909127 0.933804 0.013587 0.013727
0 0.253448 0.211417 0.014787 0.014451
0 0.956635 0.948873 0.014669 0.014542
0 0.937842 0.659914 0.015337 0.015071
0 0.812357 0.920074 0.015390 0.015535
0 0.116578 0.452408 0.015147 0.015005
0 0.197707 0.534806 0.014556 0.014507
0 0.178781 0.762873 0.015088 0.015123
0 0.795875 0.465516 0.015306 0.015414
0 0.411371 0.345903 0.013979 0.013902
0 0.788280 0.425781 0.014992 0.015050
0 0.788296 0.128676 0.014456 0.014233
0 0.481139 0.711070 0.014578 0.014494
0 0.718967 0.722754 0.015332 0.015103
0 0.665820 0.585650 0.014997 0.014982
0 0.166355 0.206376 0.015887 0.015660
0 0.208798 0.357286 0.014729 0.015044
0 0.160976 0.687271 0.013702 0.013777
0 0.187074 0.456339 0.014983 0.014988
0 0.223224 0.629963 0.014554 0.014368
0 0.373654 0.954969 0.015260 0.015189
0 0.442737 0.273534 0.015782 0.015885
0 0.843446 0.232838 0.014148 0.014236
0 0.819397 0.355332 0.014156 0.013932
0 0.647471 0.545069 0.014205 0.014279
0 0.596883 0.970954 0.014286 0.014452
0 0.372710 0.593152 0.014880 0.014733
0 0.261717 0.387920 0.015244 0.014907
0 0.582735 0.336459 0.014690 0.014843
0 0.042993 0.473349 0.015849 0.015785
0 0.849738 0.720912 0.023004 0.023071
0 0.388155 0.657474 0.015241 0.015379
0 0.477766 0.197247 0.013728 0.013730
0 0.091579 0.411296 0.014152 0.014146
0 0.606818 0.820127 0.015934 0.016042
0 0.303367 0.060606 0.014008 0.013937
0 0.049531 0.988154 0.014313 0.014119
0 0.339068 0.686980 0.013813 0.013846
0 0.518291 0.181790 0.013680 0.013533
0 0.486967 0.407270 0.015221 0.015188
0 0.913646 0.670138 0.014946 0.015043
0 0.648751 0.497334 0.014397 0.014276
0 0.883387 0.393459 0.014960 0.014817
0 0.768217 0.718365 0.013429 0.013411
0 0.768741 0.528611 0.015136 0.015257
0 0.550969 0.498331 0.014854 0.014772
0 0.066145 0.398323 0.015688 0.015363
0 0.461069 0.117098 0.013936 0.014033
0 0.745625 0.362675 0.015228 0.015743
0 0.125553 0.819256 0.013993 0.013857
0 0.563721 0.211770 0.015461 0.015114
0 0.666106 0.515512 0.014862 0.014853
0 0.482522 0.544367 0.013979 0.014021
0 0.347692 0.299848 0.023218 0.023111
0 0.533507 0.640313 0.023003 0.022747
0 0.242737 0.668582 0.014836 0.014922
0 0.739240 0.957035 0.014257 0.014216
0 0.625695 0.155353 0.014318 0.014568
0 0.130061 0.871409 0.014908 0.014834
0 0.637149 0.090405 0.015312 0.015381
0 0.550934 0.420122 0.015041 0.015152
0 0.877149 0.064518 0.013195 0.013190
0 0.245521 0.845854 0.014829 0.014678
0 0.988744 0.412200 0.016294 0.015844
0 0.788472 0.557631 0.014993 0.015439
0 0.132380 0.231070 0.016593 0.016603
0 0.109694 0.515626 0.014851 0.014990
0 0.806480 0.747093 0.014518 0.015029
0 0.621924 0.570125 0.016161 0.015990
0 0.231741 0.759015 0.014465 0.014234
0 0.315660 0.766871 0.015006 0.014932
0 0.763758 0.283898 0.015474 0.015280
0 0.024491 0.008108 0.015251 0.015311
0 0.866628 0.967312 0.015051 0.015161
0 0.635637 0.968034 0.014214 0.014370
0 0.986108 0.504554 0.016397 0.016295
0 0.208387 0.259120 0.017695 0.017679
0 0.586373 0.441853 0.015401 0.015527
0 0.525010 0.019079 0.018544 0.018403
0 0.484164 0.104976 0.014776 0.015132
0 0.785742 0.657628 0.013501 0.013772
0 0.570561 0.503889 0.015918 0.015283
0 0.280023 0.451395 0.015753 0.015601
0 0.261131 0.278028 0.015262 0.015431
0 0.731776 0.224514 0.015242 0.015363
0 0.052263 0.297641 0.015143 0.014833
0 0.067789 0.576326 0.021741 0.021777
0 0.208005 0.323438 0.014986 0.015166
0 0.477657 0.366940 0.014437 0.014697
0 0.912431 0.992792 0.018590 0.014392
0 0.454768 0.403321 0.018465 0.018956
0 0.795083 0.321203 0.016365 0.016413
0 0.142473 0.325512 0.016082 0.016382
0 0.021448 0.271643 0.015360 0.015169
0 0.914054 0.047735 0.014629 0.014953
0 0.278878 0.479987 0.014340 0.014319
0 0.807534 0.307424 0.014004 0.014265
0 0.628560 0.130497 0.014411 0.014492
0 0.894300 0.601913 0.015438 0.015185
0 0.005043 0.062884 0.010010 0.015750
0 0.377848 0.229142 0.020280 0.020271
0 0.883646 0.036875 0.015342 0.015430
0 0.922700 0.147295 0.021874 0.021789
0 0.799758 0.599217 0.016174 0.016063
0 0.283533 0.431449 0.016876 0.016674
0 0.969316 0.108621 0.014981 0.014694
0 0.264070 0.249587 0.015770 0.015717
0 0.703883 0.823928 0.021901 0.021928
0 0.819398 0.838826 0.014900 0.015126
0 0.773562 0.636020 0.014877 0.014872
0 0.312650 0.992411 0.015487 0.014547
0 0.208938 0.449237 0.018999 0.018531
0 0.591372 0.612080 0.016899 0.016990
0 0.671172 0.192582 0.019233 0.018920
0 0.894459 0.417182 0.014096 0.013986
0 0.856841 0.272057 0.014097 0.014308
0 0.597243 0.575990 0.015126 0.015152
0 0.366578 0.373890 0.015149 0.015239
0 0.376725 0.741918 0.022976 0.022714
0 0.362979 0.390311 0.014481 0.014338
0 0.876249 0.594013 0.019608 0.019528
0 0.197904 0.280245 0.014966 0.014682
0 0.876443 0.263062 0.015531 0.015344
0 0.046290 0.325931 0.019342 0.019192
0 0.745503 0.617835 0.015465 0.014948
0 0.732284 0.739487 0.014445 0.014086
0 0.180301 0.030938 0.015846 0.015449
0 0.592005 0.608257 0.017396 0.017711
0 0.689955 0.291280 0.017849 0.018129
0 0.140977 0.327236 0.016551 0.016508
