0 0.162215 0.232393 0.012586 0.012558
0 0.260047 0.208894 0.013146 0.013135
0 0.231174 0.149126 0.012334 0.012132
0 0.116213 0.068067 0.012345 0.012271
0 0.749056 0.616909 0.012801 0.012738
0 0.332200 0.517930 0.012011 0.011907
0 0.198703 0.600699 0.011896 0.011773
0 0.178608 0.574359 0.012946 0.013120
0 0.678471 0.872691 0.012778 0.012733
0 0.187171 0.889406 0.013332 0.013336
0 0.242182 0.960867 0.011131 0.010934
0 0.251544 0.173341 0.013567 0.013674
0 0.131900 0.854899 0.012115 0.012225
0 0.792883 0.565112 0.011888 0.011671
0 0.809096 0.854492 0.012161 0.012829
0 0.435206 0.636348 0.011764 0.011828
0 0.525398 0.346605 0.012322 0.012230
0 0.226191 0.649467 0.012224 0.011863
0 0.381045 0.923468 0.012412 0.012568
0 0.238833 0.479983 0.012186 0.012140
0 0.491708 0.738780 0.012245 0.012104
0 0.546970 0.201848 0.010404 0.009920
0 0.096254 0.962063 0.012750 0.012585
0 0.190230 0.496163 0.011470 0.011150
0 0.653581 0.663173 0.013940 0.014173
0 0.012357 0.479011 0.012850 0.012897
0 0.028147 0.561140 0.013558 0.013748
0 0.250642 0.407594 0.011585 0.011547
0 0.370855 0.783229 0.012341 0.012225
0 0.306380 0.457893 0.011622 0.011668
0 0.120698 0.896446 0.011138 0.011226
0 0.006251 0.716200 0.012309 0.012908
0 0.743204 0.368643 0.012800 0.012601
0 0.213453 0.863652 0.010863 0.010999
0 0.698027 0.510686 0.011645 0.011532
0 0.458219 0.958150 0.011687 0.011664
0 0.472153 0.647332 0.011805 0.011572
0 0.615496 0.190919 0.012831 0.012752
0 0.848180 0.718727 0.019690 0.019147
0 0.543512 0.973783 0.011601 0.011573
0 0.593543 0.322306 0.012606 0.012374
0 0.096665 0.753296 0.011277 0.011110
0 0.933751 0.305479 0.011458 0.011593
0 0.111829 0.979100 0.013508 0.013421
0 0.951020 0.719445 0.011897 0.011963
0 0.129427 0.110506 0.010099 0.009982
0 0.111744 0.723847 0.011558 0.011412
0 0.430720 0.890237 0.012227 0.011692
0 0.666876 0.090799 0.011123 0.011224
0 0.530942 0.636349 0.020365 0.020466
0 0.399861 0.569920 0.010636 0.010342
0 0.064347 0.457113 0.011069 0.011065
0 0.731913 0.667506 0.009780 0.009719
0 0.223426 0.466731 0.013075 0.012860
0 0.133713 0.957966 0.012216 0.012318
0 0.280772 0.663415 0.012549 0.012783
0 0.344473 0.297050 0.022405 0.022206
0 0.424822 0.098450 0.010745 0.010670
0 0.587974 0.415565 0.010612 0.010974
0 0.526116 0.796384 0.011020 0.011189
0 0.185874 0.248204 0.012255 0.011831
0 0.432363 0.301909 0.011052 0.011006
0 0.263683 0.535406 0.007671 0.007416
0 0.340660 0.198196 0.010540 0.010414
0 0.398068 0.363983 0.011750 0.011480
0 0.701866 0.820736 0.019013 0.018698
0 0.668726 0.189850 0.015465 0.015220
0 0.633448 0.085943 0.015941 0.015997
0 0.807174 0.148075 0.011103 0.010900
0 0.046572 0.296983 0.011353 0.011238
0 0.212387 0.715117 0.012803 0.013012
