0 0.066750 0.260255 0.013654 0.013646
0 0.624113 0.231319 0.011847 0.011686
0 0.244018 0.507570 0.011702 0.011751
0 0.706387 0.725026 0.012632 0.012410
0 0.647359 0.624958 0.012341 0.012252
0 0.181291 0.146771 0.012439 0.012525
0 0.074736 0.544372 0.013597 0.013580
0 0.142997 0.299284 0.012015 0.012050
0 0.495101 0.309572 0.012675 0.012521
0 0.294724 0.116625 0.012081 0.012059
0 0.342642 0.833014 0.012980 0.012883
0 0.032080 0.648851 0.013112 0.013035
0 0.070179 0.769378 0.013208 0.012984
0 0.058216 0.216216 0.011288 0.011396
0 0.329227 0.088329 0.013914 0.014044
0 0.318596 0.563081 0.013711 0.013713
0 0.657327 0.591597 0.010810 0.010723
0 0.185733 0.888670 0.013275 0.013108
0 0.244921 0.281184 0.013331 0.013352
0 0.654700 0.220692 0.011856 0.011855
0 0.607771 0.882928 0.011887 0.012031
0 0.753718 0.159823 0.012984 0.012800
0 0.125127 0.594585 0.010652 0.010767
0 0.700430 0.163625 0.012322 0.012333
0 0.286858 0.026065 0.013138 0.013035
0 0.594582 0.343628 0.012511 0.012722
0 0.521724 0.713639 0.012745 0.012755
0 0.426011 0.250398 0.012024 0.011776
0 0.124627 0.948934 0.012105 0.012053
0 0.456020 0.605791 0.013994 0.013717
0 0.442979 0.237010 0.012359 0.012263
0 0.305457 0.306834 0.012708 0.012629
0 0.655512 0.921118 0.012742 0.012656
0 0.284768 0.446681 0.012620 0.012602
0 0.909624 0.816788 0.012399 0.012392
0 0.544021 0.972418 0.013188 0.012845
0 0.005996 0.917146 0.011816 0.013317
0 0.541357 0.327512 0.012877 0.013056
0 0.603420 0.689503 0.012773 0.012496
0 0.766290 0.042143 0.013836 0.013799
0 0.679348 0.045703 0.011489 0.011305
0 0.748736 0.615350 0.013018 0.012868
0 0.634868 0.531115 0.013892 0.014006
0 0.516898 0.619940 0.012922 0.012722
0 0.227108 0.648876 0.012563 0.012300
0 0.109537 0.979797 0.013107 0.013102
0 0.907573 0.025050 0.012161 0.011994
0 0.015642 0.592893 0.011149 0.011242
0 0.043060 0.437648 0.012403 0.012431
0 0.403252 0.880322 0.013444 0.013526
0 0.821700 0.995665 0.012900 0.008642
0 0.344788 0.296086 0.022845 0.022474
0 0.486598 0.540180 0.009753 0.009656
0 0.057362 0.623148 0.009376 0.009862
0 0.660045 0.865000 0.012889 0.012903
0 0.377590 0.022350 0.011713 0.011685
0 0.897570 0.797224 0.013380 0.013420
0 0.635363 0.289533 0.010946 0.010556
0 0.854549 0.215470 0.010552 0.010715
0 0.845600 0.718799 0.019784 0.019054
0 0.877753 0.799575 0.011803 0.011500
0 0.115817 0.448537 0.012187 0.012229
0 0.233802 0.778127 0.010605 0.010560
0 0.417212 0.662008 0.011646 0.011658
0 0.423926 0.446598 0.011463 0.011749
0 0.522646 0.775699 0.010764 0.010846
0 0.508823 0.026384 0.013669 0.013530
0 0.180615 0.761056 0.011719 0.011299
0 0.545831 0.504162 0.011249 0.011159
0 0.791141 0.263818 0.011423 0.011364
0 0.491164 0.227025 0.011232 0.011451
0 0.530043 0.635190 0.017207 0.017236
0 0.224353 0.465771 0.012412 0.012599
0 0.626226 0.113839 0.012620 0.012511
0 0.461807 0.960626 0.012776 0.012774
0 0.441970 0.058769 0.010873 0.011183
0 0.331393 0.516909 0.010543 0.010581
0 0.358425 0.418823 0.012033 0.011629
0 0.450362 0.194708 0.013037 0.012491
0 0.008942 0.367183 0.013318 0.014002
0 0.239204 0.089451 0.009893 0.010117
0 0.460286 0.961745 0.013360 0.012666
0 0.637560 0.556923 0.010092 0.010626
0 0.674782 0.732858 0.009359 0.009643
