0 0.713847 0.391645 0.013877 0.014013
0 0.280408 0.433239 0.014744 0.014627
0 0.624354 0.962793 0.014551 0.014272
0 0.429506 0.708005 0.013491 0.013361
0 0.373103 0.937599 0.014630 0.014748
0 0.355814 0.024022 0.013823 0.013793
0 0.369355 0.350017 0.014699 0.015037
0 0.408245 0.642789 0.013474 0.013391
0 0.500043 0.675034 0.013525 0.013524
0 0.358705 0.605341 0.013706 0.013467
0 0.199683 0.048739 0.015322 0.015453
0 0.224619 0.299431 0.014531 0.014543
0 0.094744 0.080606 0.017382 0.017629
0 0.190568 0.731263 0.014078 0.014007
0 0.026453 0.431985 0.014030 0.014236
0 0.574492 0.400506 0.014023 0.014150
0 0.196288 0.617869 0.013674 0.013702
0 0.609714 0.426192 0.014348 0.014338
0 0.044776 0.294155 0.013488 0.013461
0 0.460423 0.340721 0.014186 0.014218
0 0.260508 0.784279 0.013530 0.013488
0 0.242483 0.263240 0.015426 0.015433
0 0.115339 0.832957 0.013235 0.013057
0 0.953843 0.941648 0.013679 0.013661
0 0.584766 0.905260 0.015626 0.015506
0 0.690094 0.531367 0.014947 0.014808
0 0.429448 0.289259 0.014448 0.014254
0 0.880711 0.479818 0.015310 0.015379
0 0.683699 0.268531 0.014914 0.014995
0 0.792726 0.557083 0.015949 0.015657
0 0.759799 0.494113 0.012590 0.012543
0 0.822559 0.879490 0.015043 0.014959
0 0.072846 0.752494 0.014180 0.014422
0 0.099587 0.542249 0.014095 0.014022
0 0.897850 0.344216 0.013512 0.013562
0 0.424314 0.330032 0.014605 0.014730
0 0.668866 0.170088 0.014368 0.014365
0 0.057216 0.114596 0.014865 0.014724
0 0.248975 0.375090 0.015237 0.015233
0 0.693355 0.294134 0.013927 0.014049
0 0.079579 0.203109 0.014942 0.015050
0 0.346012 0.144268 0.015034 0.015137
0 0.580225 0.599827 0.014468 0.014528
0 0.240791 0.597213 0.014444 0.014426
0 0.959093 0.887348 0.015064 0.015179
0 0.759197 0.544949 0.014530 0.014281
0 0.532741 0.489056 0.013706 0.013714
0 0.359435 0.410984 0.014215 0.014173
0 0.907908 0.983117 0.015638 0.015969
0 0.894452 0.589706 0.016164 0.016229
0 0.212471 0.521922 0.015214 0.015143
0 0.637044 0.442472 0.014183 0.014156
0 0.574141 0.666552 0.014890 0.014764
0 0.875235 0.314288 0.014991 0.015205
0 0.093324 0.007199 0.015005 0.014398
0 0.099704 0.439196 0.014146 0.014184
0 0.796697 0.370867 0.012585 0.012595
0 0.029107 0.149248 0.013389 0.013088
0 0.817483 0.649443 0.014507 0.014237
0 0.176335 0.447961 0.013860 0.013829
0 0.928806 0.671730 0.013436 0.013296
0 0.510092 0.231880 0.014642 0.014758
0 0.028678 0.578708 0.013928 0.013966
0 0.197478 0.110603 0.014602 0.014475
0 0.799104 0.266141 0.014557 0.014599
0 0.248780 0.621159 0.014702 0.014446
0 0.372168 0.713048 0.013168 0.013065
0 0.853082 0.995243 0.016037 0.009405
0 0.978060 0.066810 0.014018 0.013931
0 0.722935 0.839287 0.014287 0.014357
0 0.761905 0.668108 0.013637 0.013342
0 0.313947 0.777431 0.014248 0.014359
0 0.410175 0.305166 0.016584 0.016441
0 0.347240 0.339305 0.014822 0.014889
0 0.847916 0.719855 0.022736 0.022451
0 0.778367 0.450499 0.014283 0.014508
0 0.236754 0.821712 0.013698 0.013619
0 0.143563 0.134450 0.015341 0.015247
0 0.504471 0.625422 0.014763 0.014629
0 0.453906 0.731458 0.014688 0.014518
0 0.737695 0.616440 0.015891 0.016040
0 0.625333 0.032916 0.014928 0.014992
0 0.048244 0.051881 0.016303 0.016408
0 0.874065 0.400457 0.014121 0.014119
0 0.796969 0.345745 0.014322 0.014439
0 0.479879 0.892870 0.017429 0.017797
0 0.723690 0.027820 0.014376 0.014345
0 0.234472 0.052158 0.014531 0.014596
0 0.006826 0.048903 0.013110 0.013304
0 0.740701 0.993793 0.016936 0.012405
0 0.580231 0.092376 0.014750 0.014852
0 0.838853 0.574708 0.017012 0.016810
0 0.993483 0.357467 0.013034 0.015862
0 0.989977 0.389203 0.014285 0.014481
0 0.400312 0.722914 0.012824 0.012622
0 0.469038 0.753089 0.017117 0.016907
0 0.012492 0.912461 0.013945 0.013951
0 0.872721 0.240507 0.013393 0.013386
0 0.993708 0.902788 0.012583 0.015278
0 0.644149 0.212729 0.015418 0.015237
0 0.246147 0.238077 0.015156 0.015088
0 0.986866 0.506808 0.016805 0.016359
0 0.307564 0.968913 0.014574 0.014871
0 0.635360 0.085742 0.021573 0.021444
0 0.486715 0.624980 0.014304 0.014295
0 0.403906 0.140959 0.014018 0.013902
0 0.565108 0.258995 0.015141 0.014935
0 0.523339 0.017990 0.016890 0.016432
0 0.901946 0.004590 0.012075 0.009180
0 0.005028 0.939222 0.009796 0.012210
0 0.650652 0.473325 0.012609 0.012472
0 0.550517 0.224105 0.013404 0.013133
0 0.863748 0.618402 0.014844 0.014781
0 0.159449 0.565300 0.013421 0.012921
0 0.687734 0.067898 0.016134 0.015819
0 0.646611 0.058235 0.014251 0.014261
0 0.970134 0.662299 0.014474 0.014988
0 0.324408 0.319422 0.013668 0.013886
0 0.576043 0.184369 0.014596 0.014735
0 0.168861 0.430395 0.015671 0.016034
0 0.920376 0.145770 0.019364 0.019006
0 0.300432 0.798133 0.013357 0.013232
0 0.375337 0.227885 0.020696 0.020612
0 0.812178 0.791976 0.018289 0.018984
0 0.845775 0.176279 0.014852 0.015205
0 0.140421 0.920976 0.016222 0.016070
0 0.933871 0.652825 0.017519 0.017722
0 0.038178 0.796467 0.014358 0.014248
0 0.822883 0.040096 0.014409 0.015011
0 0.703215 0.823440 0.021221 0.020676
0 0.004322 0.320616 0.008488 0.013750
0 0.511230 0.006280 0.014234 0.012497
0 0.319370 0.527685 0.014224 0.013947
0 0.284216 0.659861 0.013673 0.013640
0 0.343128 0.296698 0.019359 0.019334
0 0.766017 0.950702 0.015242 0.014956
0 0.118265 0.907701 0.015335 0.015619
0 0.093444 0.909328 0.015174 0.015291
0 0.767842 0.951741 0.015243 0.014781
0 0.996557 0.310126 0.006875 0.017323
0 0.676682 0.201835 0.015487 0.015728
0 0.786223 0.733167 0.021465 0.021518
0 0.323151 0.296401 0.015536 0.015359
0 0.994233 0.183922 0.011534 0.013957
