0 0.114987 0.388121 0.012245 0.012134
0 0.436336 0.381054 0.014431 0.014170
0 0.362666 0.395663 0.013509 0.013174
0 0.663688 0.090727 0.012318 0.012180
0 0.707420 0.555834 0.014610 0.014715
0 0.621591 0.544703 0.012197 0.012107
0 0.850123 0.061062 0.012661 0.012667
0 0.040886 0.377033 0.012653 0.012564
0 0.415671 0.253494 0.012535 0.012455
0 0.184718 0.351858 0.012655 0.012596
0 0.530688 0.402273 0.012061 0.012053
0 0.088763 0.928896 0.012044 0.012004
0 0.743213 0.347444 0.012817 0.012837
0 0.440410 0.738684 0.012799 0.012840
0 0.398603 0.269227 0.012562 0.012363
0 0.682451 0.273749 0.012717 0.012541
0 0.734258 0.623515 0.014203 0.014184
0 0.451461 0.123784 0.013575 0.013535
0 0.050189 0.718044 0.012497 0.012562
0 0.101187 0.674342 0.013066 0.013150
0 0.697517 0.407474 0.012301 0.012325
0 0.413715 0.368799 0.014115 0.013975
0 0.165158 0.475243 0.013071 0.013093
0 0.279163 0.436997 0.012032 0.011793
0 0.148126 0.019374 0.012159 0.012015
0 0.714062 0.712069 0.012753 0.012729
0 0.609132 0.667353 0.013924 0.013755
0 0.053292 0.880297 0.010779 0.011029
0 0.870627 0.226556 0.012479 0.012541
0 0.833020 0.034493 0.013566 0.013434
0 0.834262 0.377086 0.011225 0.010949
0 0.351542 0.824673 0.012764 0.012732
0 0.306154 0.231301 0.013021 0.013107
0 0.396010 0.132600 0.013121 0.013360
0 0.347565 0.730243 0.012021 0.011971
0 0.292994 0.917902 0.014668 0.014415
0 0.491259 0.480548 0.013408 0.013530
0 0.844767 0.263285 0.013678 0.013681
0 0.255466 0.165074 0.012736 0.012813
0 0.931181 0.844877 0.013193 0.013214
0 0.650509 0.601001 0.014196 0.013937
0 0.617525 0.121242 0.011961 0.012018
0 0.192722 0.621694 0.012059 0.012119
0 0.437368 0.874412 0.013311 0.013311
0 0.520642 0.736956 0.012989 0.012821
0 0.141865 0.210049 0.013092 0.012949
0 0.867435 0.107351 0.012080 0.012005
0 0.361742 0.699614 0.012569 0.012505
0 0.476444 0.356977 0.013263 0.013338
0 0.778641 0.799095 0.013194 0.013125
0 0.883658 0.117070 0.009443 0.009524
0 0.889557 0.587661 0.012211 0.012177
0 0.609589 0.293605 0.011664 0.011605
0 0.182664 0.552824 0.012997 0.012748
0 0.649097 0.575993 0.011708 0.011662
0 0.388681 0.977532 0.012893 0.012901
0 0.516219 0.086035 0.013589 0.013762
0 0.491753 0.588615 0.013100 0.013016
0 0.778031 0.105884 0.013464 0.013704
0 0.080573 0.183148 0.012494 0.012651
0 0.090527 0.729416 0.012256 0.012161
0 0.026083 0.792430 0.012978 0.013090
0 0.767816 0.531891 0.012831 0.012508
0 0.477317 0.884856 0.014133 0.014130
0 0.917816 0.786335 0.012702 0.012756
0 0.565700 0.230043 0.012328 0.012395
0 0.244627 0.910206 0.012452 0.012371
0 0.300179 0.899132 0.012643 0.012602
0 0.903183 0.542006 0.012867 0.012917
0 0.449204 0.484050 0.011716 0.011820
0 0.817598 0.669720 0.012252 0.012234
0 0.115787 0.925768 0.011781 0.011577
0 0.902452 0.071098 0.011884 0.011844
0 0.667639 0.326432 0.012059 0.011756
0 0.889123 0.455531 0.012625 0.012730
0 0.775993 0.900508 0.012530 0.012562
0 0.483519 0.617156 0.012683 0.012650
0 0.221861 0.623170 0.013271 0.013302
0 0.952330 0.691627 0.012955 0.012963
0 0.031929 0.355953 0.014513 0.014546
0 0.237485 0.428505 0.013683 0.013732
0 0.532148 0.575383 0.013354 0.012876
0 0.596733 0.837459 0.013331 0.013267
0 0.097258 0.359126 0.014593 0.014486
0 0.936022 0.045606 0.011826 0.011906
0 0.725365 0.599498 0.012155 0.012202
0 0.915606 0.767380 0.012756 0.012769
0 0.307398 0.847332 0.012125 0.012198
0 0.720476 0.041249 0.011234 0.011277
0 0.834007 0.006877 0.012046 0.011992
0 0.251632 0.743039 0.011351 0.011462
0 0.195556 0.854243 0.011137 0.010853
0 0.008125 0.923346 0.011839 0.012032
0 0.929295 0.289049 0.012552 0.012473
0 0.753057 0.705091 0.013750 0.013840
0 0.220375 0.055880 0.011630 0.011088
0 0.349474 0.290947 0.024120 0.024330
0 0.233679 0.784428 0.012448 0.012382
0 0.711457 0.836020 0.013217 0.013156
0 0.878887 0.975500 0.014759 0.014675
0 0.909835 0.925655 0.012240 0.012309
0 0.004384 0.455484 0.008767 0.013425
0 0.385524 0.676616 0.010503 0.010211
0 0.505860 0.475944 0.011033 0.010502
0 0.288980 0.804223 0.012343 0.012366
0 0.982673 0.512696 0.014085 0.013341
0 0.646464 0.953574 0.012902 0.012639
0 0.962217 0.616992 0.011307 0.010848
0 0.906931 0.995846 0.012637 0.008226
0 0.534911 0.630013 0.024006 0.023807
0 0.972937 0.036480 0.010688 0.010157
0 0.532171 0.514869 0.010548 0.010364
0 0.090487 0.783726 0.009402 0.009009
0 0.009467 0.847154 0.011054 0.010978
0 0.734231 0.411039 0.011878 0.011863
0 0.868598 0.569622 0.011545 0.011696
0 0.870776 0.869863 0.012964 0.013013
0 0.804654 0.539392 0.010479 0.010427
0 0.265978 0.199065 0.009579 0.009385
0 0.994731 0.457717 0.010539 0.011956
0 0.848320 0.544494 0.012213 0.011993
0 0.392810 0.003490 0.011011 0.006981
0 0.670329 0.917372 0.013111 0.013051
0 0.782477 0.418377 0.011617 0.011593
0 0.925728 0.014808 0.011538 0.011359
0 0.862255 0.905574 0.013266 0.012947
0 0.637541 0.080120 0.022207 0.022785
