0 0.142070 0.562019 0.015831 0.015754
0 0.911330 0.429001 0.014986 0.014986
0 0.448100 0.241724 0.015691 0.015686
0 0.682246 0.704439 0.014490 0.014473
0 0.180505 0.803426 0.014137 0.014030
0 0.168306 0.205447 0.015043 0.014857
0 0.107401 0.279130 0.013567 0.013582
0 0.823980 0.710849 0.014809 0.014818
0 0.248016 0.688597 0.014510 0.014361
0 0.220466 0.764666 0.013793 0.013719
0 0.770769 0.427815 0.014203 0.014110
0 0.734544 0.036111 0.016136 0.015865
0 0.978389 0.676530 0.015039 0.014671
0 0.859607 0.943818 0.014332 0.014477
0 0.950419 0.621450 0.014519 0.014343
0 0.248767 0.204770 0.014814 0.014569
0 0.369603 0.479740 0.015597 0.015879
0 0.222069 0.325234 0.013665 0.013706
0 0.596074 0.157691 0.013848 0.013972
0 0.481851 0.414004 0.015303 0.015152
0 0.964149 0.249348 0.016323 0.016083
0 0.280978 0.432147 0.015826 0.015560
0 0.944623 0.205462 0.014458 0.014502
0 0.956196 0.948087 0.014791 0.014598
0 0.307852 0.865660 0.014666 0.014545
0 0.525216 0.522505 0.015815 0.015789
0 0.543449 0.190596 0.014083 0.013962
0 0.204243 0.374236 0.014071 0.013939
0 0.699084 0.359162 0.016510 0.016587
0 0.647901 0.304157 0.016008 0.016013
0 0.889190 0.395737 0.014015 0.013921
0 0.487587 0.187665 0.014158 0.014010
0 0.442076 0.151173 0.013115 0.013141
0 0.728551 0.467831 0.013781 0.013951
0 0.623178 0.802374 0.014389 0.014232
0 0.139869 0.697147 0.014879 0.014679
0 0.955238 0.533403 0.014060 0.013988
0 0.723988 0.685438 0.013202 0.013207
0 0.844295 0.287394 0.014109 0.014041
0 0.189692 0.534086 0.014599 0.014623
0 0.260588 0.728180 0.014962 0.014679
0 0.637345 0.745899 0.015747 0.015541
0 0.953127 0.289579 0.013765 0.013645
0 0.366874 0.024155 0.014105 0.014184
0 0.346559 0.298810 0.023439 0.022925
0 0.333746 0.670027 0.014059 0.014207
0 0.890456 0.480844 0.014599 0.014658
0 0.056136 0.318037 0.015469 0.015406
0 0.827398 0.655488 0.014854 0.014846
0 0.774141 0.776638 0.015154 0.015480
0 0.292043 0.816407 0.015060 0.015170
0 0.588790 0.561500 0.014742 0.014686
0 0.454535 0.573989 0.015582 0.015704
0 0.790763 0.335010 0.014416 0.014248
0 0.521678 0.882196 0.016741 0.016697
0 0.690698 0.534391 0.014912 0.014974
0 0.264881 0.573183 0.014681 0.014675
0 0.771357 0.468156 0.016607 0.016354
0 0.262961 0.019711 0.014272 0.014470
0 0.124642 0.355169 0.015308 0.015187
0 0.274936 0.864327 0.014368 0.014301
0 0.741588 0.122600 0.014469 0.014249
0 0.604737 0.020239 0.013995 0.014089
0 0.695462 0.916186 0.014320 0.014229
0 0.752325 0.648597 0.014682 0.014530
0 0.300256 0.618343 0.015812 0.015798
0 0.789185 0.560213 0.014875 0.014764
0 0.158841 0.927734 0.014501 0.014360
0 0.977441 0.028195 0.014819 0.014738
0 0.351788 0.591177 0.014641 0.014842
0 0.763494 0.257041 0.014759 0.014984
0 0.121352 0.893904 0.016327 0.016036
0 0.533965 0.640418 0.022805 0.022401
0 0.454319 0.346989 0.016457 0.016269
0 0.732364 0.205987 0.014440 0.014326
0 0.096544 0.656406 0.014451 0.014233
0 0.779027 0.369520 0.014347 0.014016
0 0.382281 0.200850 0.014726 0.014952
0 0.613991 0.111880 0.014277 0.014158
0 0.850056 0.720621 0.023168 0.023279
0 0.205742 0.255028 0.015986 0.015930
0 0.636487 0.142124 0.014502 0.014458
0 0.698492 0.406674 0.016305 0.016491
0 0.630746 0.601775 0.014198 0.014062
0 0.380005 0.621982 0.018323 0.018084
0 0.398768 0.396876 0.014997 0.015067
0 0.124365 0.837908 0.014945 0.015014
0 0.646922 0.835194 0.014049 0.013878
0 0.687987 0.653381 0.018200 0.018155
0 0.386120 0.890137 0.014297 0.014502
0 0.463333 0.552172 0.014509 0.014417
0 0.102793 0.476761 0.016262 0.015996
0 0.821343 0.591355 0.014059 0.014210
0 0.756342 0.949811 0.014128 0.014679
0 0.637536 0.088655 0.021927 0.021598
0 0.325530 0.283210 0.015197 0.015321
0 0.594136 0.638154 0.014566 0.014945
0 0.088687 0.911760 0.015194 0.015125
0 0.867525 0.329248 0.015192 0.015427
0 0.655327 0.108260 0.014854 0.014822
0 0.623819 0.488514 0.013854 0.014028
0 0.704386 0.222204 0.014702 0.014602
0 0.724130 0.586594 0.018072 0.018229
0 0.658248 0.647008 0.014922 0.015003
0 0.286520 0.706350 0.014914 0.014751
0 0.359832 0.912891 0.015553 0.015218
0 0.832298 0.922830 0.014606 0.014671
0 0.116749 0.007835 0.014196 0.014770
0 0.985604 0.504542 0.016450 0.016129
0 0.480242 0.369492 0.014925 0.014834
0 0.189559 0.983760 0.015748 0.016058
0 0.130712 0.863095 0.014466 0.014302
0 0.273358 0.497388 0.015222 0.015042
0 0.853957 0.007327 0.014827 0.014254
0 0.749675 0.556603 0.014576 0.014518
0 0.023513 0.007540 0.015785 0.014958
0 0.582911 0.599656 0.014669 0.014783
0 0.068448 0.576448 0.021516 0.021507
0 0.525295 0.019724 0.018718 0.018393
0 0.307275 0.995105 0.015556 0.009790
0 0.912190 0.992083 0.017364 0.015775
0 0.377442 0.742166 0.021814 0.021094
0 0.685285 0.983039 0.014083 0.013907
0 0.791866 0.866484 0.015121 0.015139
0 0.878133 0.591804 0.023100 0.022861
0 0.715509 0.565290 0.015661 0.015567
0 0.004026 0.062429 0.008015 0.016424
0 0.134106 0.978337 0.013410 0.013498
0 0.708988 0.426018 0.013680 0.013438
0 0.521424 0.199668 0.014964 0.015026
0 0.521276 0.378278 0.015697 0.015290
0 0.313778 0.389806 0.015367 0.015473
0 0.704521 0.664887 0.013067 0.012942
0 0.849483 0.108132 0.015219 0.015169
0 0.272339 0.478703 0.015456 0.015004
0 0.804075 0.603943 0.017627 0.017354
0 0.924578 0.143261 0.016979 0.016671
0 0.378427 0.228206 0.019655 0.019241
0 0.100556 0.610395 0.014511 0.014374
0 0.253842 0.002527 0.014994 0.004915
0 0.670984 0.193021 0.020607 0.020216
0 0.763256 0.569829 0.013712 0.013633
0 0.329312 0.323692 0.012928 0.012490
0 0.739220 0.617679 0.015294 0.014629
0 0.317793 0.407987 0.014868 0.014392
0 0.218932 0.536037 0.013568 0.013389
0 0.540780 0.738637 0.021929 0.021990
0 0.996156 0.524796 0.007600 0.015313
0 0.888618 0.260535 0.019884 0.019881
0 0.326155 0.585096 0.014017 0.013724
0 0.182537 0.028180 0.017740 0.017199
0 0.704380 0.830731 0.019604 0.019608
0 0.001644 0.365556 0.003287 0.015417
0 0.255360 0.003175 0.014024 0.006351
0 0.998170 0.178763 0.003658 0.014473
