0 0.176251 0.505475 0.014055 0.014029
0 0.712516 0.610847 0.013655 0.013525
0 0.936790 0.650128 0.013643 0.013569
0 0.416469 0.708108 0.013462 0.013324
0 0.593680 0.162076 0.013325 0.013064
0 0.390173 0.334089 0.013254 0.013139
0 0.525435 0.122160 0.013450 0.013362
0 0.031269 0.252820 0.013081 0.012985
0 0.512858 0.300147 0.012906 0.012864
0 0.786452 0.140338 0.013610 0.013479
0 0.854137 0.977390 0.013142 0.013145
0 0.943401 0.520071 0.013548 0.013410
0 0.369592 0.587557 0.013009 0.013057
0 0.772011 0.491423 0.012642 0.012576
0 0.290209 0.201764 0.012809 0.012914
0 0.563060 0.702384 0.012766 0.012805
0 0.744048 0.261249 0.012994 0.012800
0 0.147978 0.641070 0.013029 0.012746
0 0.158924 0.785810 0.013007 0.013013
0 0.331402 0.165246 0.013374 0.013429
0 0.748132 0.462258 0.013863 0.013969
0 0.831394 0.678716 0.012072 0.012016
0 0.439801 0.589342 0.012902 0.012797
0 0.263706 0.877065 0.012674 0.012548
0 0.130903 0.104697 0.013668 0.013627
0 0.350695 0.939357 0.013003 0.013024
0 0.558583 0.522788 0.013162 0.013210
0 0.054662 0.841160 0.013061 0.013045
0 0.798341 0.821406 0.012065 0.011641
0 0.713973 0.547292 0.013126 0.013056
0 0.600166 0.337275 0.013091 0.013157
0 0.578535 0.262490 0.012457 0.012349
0 0.166814 0.979817 0.012311 0.012285
0 0.849656 0.472129 0.014264 0.014173
0 0.111398 0.463028 0.012695 0.012712
0 0.746845 0.933312 0.013028 0.013015
0 0.477189 0.114955 0.013197 0.012882
0 0.525933 0.218374 0.013783 0.013942
0 0.663912 0.715087 0.012346 0.012142
0 0.649029 0.014920 0.013164 0.013044
0 0.876320 0.105261 0.012623 0.012464
0 0.816031 0.966868 0.012387 0.012523
0 0.188084 0.360601 0.012519 0.012378
0 0.869234 0.777899 0.012863 0.012772
0 0.028771 0.686332 0.014361 0.014321
0 0.530790 0.433428 0.012971 0.012772
0 0.603468 0.899403 0.012257 0.012133
0 0.610248 0.658172 0.013400 0.013373
0 0.420930 0.875177 0.013093 0.013295
0 0.112385 0.289038 0.013231 0.013144
0 0.868813 0.377576 0.013236 0.013270
0 0.221194 0.328611 0.012951 0.012759
0 0.499642 0.625863 0.014668 0.014639
0 0.101737 0.610938 0.012734 0.012625
0 0.458426 0.576040 0.012753 0.012785
0 0.282723 0.576675 0.012640 0.012538
0 0.851218 0.630769 0.012899 0.012960
0 0.341615 0.674800 0.013341 0.013405
0 0.093421 0.037235 0.013562 0.013321
0 0.095240 0.666745 0.013507 0.013467
0 0.976397 0.468583 0.014900 0.014962
0 0.557633 0.569545 0.014699 0.014522
0 0.848611 0.541374 0.013444 0.013541
0 0.530755 0.331220 0.013837 0.014028
0 0.858386 0.071472 0.014497 0.014525
0 0.181633 0.293113 0.014500 0.014415
0 0.926737 0.700336 0.012528 0.012476
0 0.449675 0.821906 0.012256 0.012526
0 0.152216 0.832172 0.015409 0.015307
0 0.960795 0.573801 0.012261 0.012329
0 0.606746 0.406329 0.011954 0.011987
0 0.675506 0.439327 0.012557 0.012476
0 0.193980 0.883867 0.013128 0.013079
0 0.703567 0.186221 0.013290 0.013357
0 0.616181 0.543810 0.014480 0.014639
0 0.264522 0.070939 0.012988 0.012900
0 0.036128 0.419377 0.014044 0.014030
0 0.448050 0.907042 0.013622 0.013472
0 0.081369 0.847501 0.013538 0.013737
0 0.130438 0.458457 0.011557 0.011327
0 0.209472 0.123469 0.013245 0.013489
0 0.145586 0.137581 0.014722 0.014515
0 0.286993 0.596467 0.012689 0.012609
0 0.502301 0.448787 0.012609 0.012403
0 0.027564 0.283841 0.013422 0.013470
0 0.719466 0.691839 0.013686 0.013700
0 0.401248 0.932222 0.013955 0.013784
0 0.993929 0.690216 0.012142 0.014802
0 0.918293 0.949547 0.013038 0.012902
0 0.042060 0.168344 0.013749 0.013498
0 0.455740 0.769720 0.013549 0.013400
0 0.212284 0.238066 0.013758 0.013954
0 0.670079 0.792542 0.013504 0.013678
0 0.228251 0.546580 0.013983 0.014072
0 0.390823 0.065839 0.010432 0.010234
0 0.214866 0.984587 0.013003 0.012982
0 0.832236 0.139423 0.014213 0.014446
0 0.449309 0.484449 0.012463 0.012616
0 0.368685 0.648052 0.013452 0.013431
0 0.384913 0.881889 0.012562 0.012454
0 0.294543 0.649248 0.013385 0.013276
0 0.855077 0.603745 0.015333 0.015204
0 0.454387 0.014111 0.012826 0.012794
0 0.384087 0.969186 0.012890 0.012287
0 0.592814 0.246806 0.012646 0.012614
0 0.526042 0.023401 0.013047 0.013036
0 0.770215 0.326086 0.013176 0.012942
0 0.812738 0.825150 0.012603 0.013062
0 0.418902 0.663880 0.013580 0.013507
0 0.220511 0.817236 0.013805 0.013667
0 0.632984 0.972192 0.013199 0.013200
0 0.703257 0.958909 0.013722 0.014079
0 0.111825 0.390193 0.012929 0.013043
0 0.226551 0.678219 0.014065 0.013799
0 0.381151 0.373158 0.012857 0.012822
0 0.975441 0.174926 0.012628 0.012507
0 0.955218 0.300931 0.014508 0.014381
0 0.018006 0.521278 0.013978 0.013999
0 0.022125 0.381540 0.013737 0.013718
0 0.757801 0.113868 0.014063 0.014320
0 0.962129 0.878188 0.014428 0.014084
0 0.055485 0.315536 0.013977 0.013735
0 0.225778 0.051341 0.012639 0.012714
0 0.551232 0.399322 0.012311 0.012372
0 0.143727 0.877076 0.012929 0.012748
0 0.941708 0.845736 0.013132 0.013036
0 0.480885 0.266763 0.014451 0.014456
0 0.060555 0.955634 0.012837 0.012849
0 0.065239 0.553757 0.014179 0.014041
0 0.641442 0.252737 0.015273 0.015163
0 0.330413 0.763876 0.013214 0.013248
0 0.731408 0.383382 0.012995 0.012662
0 0.189512 0.007057 0.012919 0.012983
0 0.052738 0.332259 0.012975 0.012505
0 0.932404 0.940285 0.012967 0.013599
0 0.841930 0.353017 0.012777 0.012674
0 0.256398 0.008794 0.012457 0.012630
0 0.321418 0.551390 0.014122 0.014305
0 0.743804 0.664396 0.013573 0.013938
0 0.337769 0.085835 0.013886 0.013843
0 0.744356 0.406553 0.013111 0.013022
0 0.049484 0.233178 0.013711 0.013739
0 0.365120 0.097710 0.013288 0.013161
0 0.633287 0.936173 0.013908 0.013704
0 0.775873 0.459242 0.014922 0.014930
0 0.790363 0.187048 0.012086 0.011760
0 0.481074 0.131473 0.012901 0.012645
0 0.247822 0.974952 0.014711 0.014606
0 0.405824 0.004279 0.012114 0.008545
0 0.951839 0.011688 0.012661 0.012594
0 0.014375 0.447593 0.014076 0.014087
0 0.863341 0.011004 0.013383 0.013360
0 0.800452 0.220480 0.014454 0.014527
0 0.483659 0.674874 0.013640 0.013480
0 0.824799 0.178618 0.011114 0.010784
0 0.310322 0.044882 0.013521 0.013632
0 0.419992 0.405296 0.014938 0.014758
0 0.738627 0.319201 0.013733 0.013880
0 0.887068 0.269515 0.012286 0.012298
0 0.828339 0.340691 0.012862 0.012799
0 0.876613 0.168437 0.013480 0.013566
0 0.046671 0.944272 0.012954 0.012888
0 0.832627 0.025713 0.012701 0.012336
0 0.354049 0.316455 0.013898 0.013869
0 0.164112 0.563019 0.013214 0.013248
0 0.996243 0.109890 0.007501 0.013770
0 0.265807 0.719149 0.013754 0.013769
0 0.425988 0.207314 0.013346 0.013401
0 0.644536 0.699354 0.014200 0.014132
0 0.028194 0.886410 0.012016 0.012411
0 0.631912 0.871208 0.013054 0.012840
0 0.421550 0.188035 0.013303 0.013519
0 0.840091 0.185495 0.015342 0.015481
0 0.604265 0.679683 0.012627 0.012688
0 0.922264 0.874824 0.013120 0.012860
0 0.366478 0.219547 0.016092 0.015916
0 0.113191 0.819036 0.014854 0.014524
0 0.291009 0.810766 0.014969 0.014530
0 0.103137 0.920164 0.012174 0.012265
0 0.770348 0.598943 0.014394 0.014333
0 0.186836 0.143818 0.014787 0.014731
0 0.019927 0.043794 0.012410 0.012142
0 0.643064 0.615552 0.012248 0.011960
0 0.931716 0.857872 0.011966 0.011677
0 0.500770 0.106543 0.014916 0.015075
0 0.995644 0.208236 0.008706 0.015240
0 0.849700 0.710101 0.023052 0.023206
0 0.188248 0.550819 0.014497 0.014657
0 0.039229 0.799300 0.013191 0.013123
0 0.811080 0.018276 0.012940 0.012731
0 0.905764 0.966185 0.011148 0.010996
0 0.812397 0.016153 0.013413 0.013285
0 0.919114 0.366396 0.010978 0.010839
0 0.810021 0.019654 0.013409 0.012648
0 0.863770 0.178498 0.012932 0.012922
0 0.719454 0.004486 0.011771 0.008971
0 0.339528 0.571142 0.015048 0.014414
