0 0.300668 0.393254 0.013074 0.013077
0 0.946594 0.619601 0.012862 0.012648
0 0.811516 0.603828 0.012425 0.012247
0 0.389350 0.870101 0.012736 0.012736
0 0.306835 0.338020 0.013217 0.013112
0 0.748303 0.618668 0.012782 0.012718
0 0.779141 0.883926 0.013545 0.013491
0 0.086528 0.320397 0.013098 0.013107
0 0.583385 0.423858 0.012905 0.012815
0 0.665548 0.320128 0.013736 0.013658
0 0.072593 0.251189 0.012597 0.012497
0 0.941978 0.854856 0.013376 0.013626
0 0.652253 0.585664 0.011804 0.011858
0 0.452145 0.960042 0.012840 0.012715
0 0.475776 0.725457 0.012625 0.012593
0 0.798981 0.803860 0.012894 0.012880
0 0.207370 0.363998 0.011727 0.011811
0 0.560241 0.403330 0.013618 0.013376
0 0.523640 0.349862 0.013145 0.012937
0 0.065350 0.383087 0.012450 0.012273
0 0.416269 0.478238 0.012114 0.012061
0 0.523791 0.545265 0.013131 0.012911
0 0.715643 0.553030 0.013440 0.013408
0 0.222299 0.470093 0.012670 0.012697
0 0.667522 0.630746 0.012791 0.012810
0 0.330597 0.518285 0.012876 0.012532
0 0.744072 0.275118 0.013721 0.013561
0 0.715515 0.615393 0.011676 0.011435
0 0.541897 0.977083 0.012723 0.012551
0 0.428120 0.100921 0.013244 0.012962
0 0.184826 0.891855 0.012964 0.012949
0 0.179002 0.986949 0.012935 0.013195
0 0.973551 0.502093 0.012031 0.012126
0 0.291784 0.520224 0.012653 0.012646
0 0.763419 0.965919 0.012579 0.012582
0 0.526891 0.279973 0.013849 0.013792
0 0.506612 0.071607 0.014404 0.014444
0 0.422159 0.758310 0.012665 0.012597
0 0.485611 0.878474 0.012337 0.012351
0 0.851899 0.709626 0.016492 0.016140
0 0.437532 0.541104 0.013030 0.012960
0 0.580900 0.293916 0.013030 0.013006
0 0.665499 0.554934 0.013259 0.013315
0 0.487353 0.675061 0.013002 0.012994
0 0.821098 0.030052 0.013090 0.013167
0 0.035684 0.588198 0.013199 0.013180
0 0.030807 0.430987 0.013450 0.013322
0 0.107975 0.980339 0.013511 0.013721
0 0.292325 0.035530 0.013274 0.013119
0 0.112500 0.273776 0.012438 0.012444
0 0.646156 0.503063 0.013495 0.013715
0 0.335333 0.084151 0.012401 0.012351
0 0.024664 0.116228 0.012402 0.012277
0 0.448922 0.071179 0.013127 0.013086
0 0.007948 0.575532 0.013132 0.013249
0 0.108073 0.763141 0.013492 0.013284
0 0.398774 0.489371 0.013266 0.013552
0 0.675455 0.916460 0.011541 0.011392
0 0.455175 0.529277 0.012325 0.012304
0 0.089454 0.680553 0.012840 0.012749
0 0.576363 0.009268 0.015081 0.014998
0 0.477836 0.056380 0.014031 0.014053
0 0.540638 0.795774 0.013142 0.013140
0 0.115817 0.381712 0.012002 0.012133
0 0.167513 0.753971 0.012864 0.012965
0 0.538331 0.396209 0.012957 0.012894
0 0.041814 0.418939 0.012753 0.012655
0 0.886077 0.170477 0.012283 0.012226
0 0.153003 0.505193 0.013116 0.013163
0 0.191922 0.582278 0.013153 0.012989
0 0.369692 0.248890 0.013752 0.013556
0 0.088703 0.014795 0.013004 0.012707
0 0.017032 0.213907 0.012415 0.012135
0 0.002168 0.274806 0.004271 0.010839
0 0.178351 0.297556 0.011341 0.011364
0 0.595185 0.020463 0.014283 0.013388
0 0.505217 0.045413 0.012176 0.012455
0 0.495248 0.544511 0.015199 0.015050
0 0.334373 0.486841 0.012491 0.012223
0 0.399846 0.571272 0.011695 0.011267
0 0.003393 0.337700 0.006746 0.012382
0 0.334686 0.657648 0.011872 0.011870
0 0.527145 0.872871 0.012196 0.012306
0 0.103561 0.023049 0.013139 0.013305
0 0.279558 0.730187 0.012227 0.012333
0 0.766503 0.059369 0.011882 0.011852
0 0.449954 0.054356 0.011876 0.011806
0 0.354347 0.908498 0.010449 0.010529
0 0.788064 0.005387 0.012183 0.010694
0 0.995424 0.425450 0.008944 0.009457
0 0.575134 0.169758 0.011513 0.011507
0 0.758280 0.360443 0.011944 0.011841
0 0.286650 0.604478 0.011891 0.012009
0 0.599097 0.873457 0.012765 0.012854
0 0.200697 0.665978 0.014253 0.014261
0 0.856801 0.378695 0.011250 0.011307
0 0.461273 0.367861 0.012346 0.012719
0 0.706384 0.811721 0.020228 0.020360
0 0.852797 0.180894 0.010714 0.010796
0 0.394657 0.942810 0.009750 0.009530
0 0.654975 0.205416 0.013080 0.012929
0 0.251927 0.788804 0.011614 0.011830
0 0.726411 0.241298 0.011443 0.011171
0 0.521444 0.014566 0.014622 0.014946
0 0.870107 0.015137 0.013041 0.013803
0 0.224321 0.647951 0.011910 0.011880
