0 0.742275 0.067882 0.016161 0.016218
0 0.639523 0.420147 0.015986 0.016046
0 0.593915 0.824314 0.014061 0.013970
0 0.668080 0.485625 0.014217 0.014287
0 0.123952 0.719881 0.015763 0.015809
0 0.974056 0.408860 0.014103 0.013955
0 0.695894 0.055665 0.014245 0.014317
0 0.079616 0.862825 0.014718 0.014741
0 0.146139 0.570731 0.014611 0.014800
0 0.129964 0.279204 0.015639 0.015464
0 0.383683 0.057434 0.014007 0.013889
0 0.652090 0.645710 0.013671 0.013575
0 0.770589 0.532354 0.014702 0.014840
0 0.467055 0.853625 0.014482 0.014297
0 0.568737 0.239683 0.014396 0.014330
0 0.189295 0.612216 0.014800 0.014711
0 0.863298 0.400734 0.016400 0.016248
0 0.471336 0.119555 0.014554 0.014496
0 0.288146 0.627934 0.014745 0.014753
0 0.174184 0.901789 0.016891 0.016818
0 0.148851 0.884818 0.015387 0.015050
0 0.193407 0.164922 0.015754 0.015655
0 0.585275 0.285213 0.014521 0.014412
0 0.316945 0.724417 0.014143 0.014364
0 0.511503 0.386208 0.015728 0.015702
0 0.602144 0.058627 0.014464 0.014315
0 0.518088 0.747010 0.014252 0.014170
0 0.080576 0.142130 0.014263 0.014089
0 0.473674 0.489806 0.014386 0.014401
0 0.167600 0.330542 0.014661 0.014632
0 0.782748 0.142888 0.014295 0.014561
0 0.745307 0.101512 0.014722 0.014918
0 0.787128 0.234623 0.015607 0.015606
0 0.601198 0.612892 0.014707 0.014655
0 0.622348 0.571107 0.015672 0.015495
0 0.558557 0.196376 0.013631 0.013116
0 0.790734 0.346504 0.015380 0.015351
0 0.461578 0.016135 0.014475 0.014465
0 0.847093 0.580262 0.015353 0.015024
0 0.890724 0.033748 0.015127 0.015143
0 0.410695 0.603942 0.013836 0.013888
0 0.546514 0.851933 0.014677 0.014757
0 0.263691 0.477242 0.015315 0.015127
0 0.779610 0.731401 0.015686 0.015649
0 0.143877 0.055284 0.015432 0.015406
0 0.849667 0.720731 0.022784 0.022766
0 0.616938 0.454448 0.015014 0.014798
0 0.942792 0.800525 0.014188 0.013977
0 0.780473 0.170873 0.013931 0.013828
0 0.221036 0.091849 0.014859 0.014716
0 0.590411 0.181188 0.014091 0.014370
0 0.720189 0.891179 0.014923 0.014708
0 0.760580 0.384165 0.014741 0.014662
0 0.782598 0.974284 0.015049 0.014897
0 0.170420 0.576683 0.015289 0.015276
0 0.022672 0.634953 0.014648 0.014620
0 0.741395 0.254565 0.014229 0.014269
0 0.852322 0.246316 0.014168 0.014243
0 0.338238 0.973835 0.014283 0.014297
0 0.043168 0.242421 0.015001 0.015079
0 0.676509 0.791658 0.014611 0.014324
0 0.073578 0.893658 0.013940 0.013911
0 0.348559 0.300894 0.023001 0.022932
0 0.651566 0.108946 0.014601 0.014662
0 0.276655 0.796667 0.015071 0.014739
0 0.279082 0.266920 0.014973 0.014674
0 0.083667 0.174541 0.014110 0.013953
0 0.736010 0.987636 0.013782 0.013724
0 0.908033 0.652194 0.016110 0.016092
0 0.339215 0.343568 0.015249 0.015666
0 0.299494 0.361092 0.015196 0.015326
0 0.424087 0.543366 0.014469 0.014267
0 0.878246 0.601037 0.016234 0.016062
0 0.363671 0.422784 0.015321 0.015224
0 0.549798 0.477584 0.014875 0.015087
0 0.637555 0.799261 0.013715 0.013519
0 0.114387 0.786809 0.014461 0.014444
0 0.517313 0.188545 0.014338 0.014433
0 0.096571 0.447163 0.015767 0.016008
0 0.670288 0.984394 0.014743 0.014819
0 0.532625 0.272621 0.015037 0.015163
0 0.844627 0.829680 0.015088 0.015113
0 0.956928 0.016697 0.014436 0.014974
0 0.297779 0.101443 0.015519 0.015806
0 0.782152 0.376154 0.014056 0.014194
0 0.068232 0.576660 0.021284 0.021383
0 0.515064 0.959987 0.014745 0.014587
0 0.058602 0.261128 0.015250 0.015188
0 0.203861 0.455507 0.016565 0.016548
0 0.693762 0.695884 0.014973 0.014802
0 0.722425 0.952354 0.013766 0.013520
0 0.531457 0.638769 0.018202 0.018388
0 0.635581 0.086110 0.020286 0.019633
0 0.673536 0.209407 0.014035 0.014308
0 0.371693 0.687020 0.014694 0.014603
0 0.921647 0.147764 0.020832 0.020711
0 0.165341 0.048567 0.015117 0.014824
0 0.886575 0.263228 0.013673 0.013468
0 0.262223 0.223534 0.015721 0.015688
0 0.524191 0.019514 0.018478 0.017842
0 0.012176 0.113613 0.015303 0.015206
0 0.609047 0.906863 0.016689 0.016783
0 0.427847 0.232382 0.013380 0.013167
0 0.996437 0.817059 0.007110 0.015191
0 0.396776 0.618992 0.013937 0.013820
0 0.885489 0.091195 0.015654 0.015555
0 0.101041 0.981258 0.013919 0.014186
0 0.325701 0.625841 0.014526 0.014203
0 0.364838 0.762653 0.016545 0.016440
0 0.088992 0.929248 0.012796 0.013020
0 0.265798 0.246457 0.018847 0.018323
0 0.703518 0.824104 0.022384 0.022248
0 0.995797 0.847956 0.008298 0.013453
0 0.158424 0.227724 0.014570 0.014095
0 0.002422 0.551141 0.004796 0.017172
0 0.735127 0.039704 0.013251 0.013208
0 0.873599 0.259102 0.013821 0.013786
0 0.008713 0.486080 0.016549 0.017244
0 0.006157 0.264405 0.012022 0.018797
0 0.449962 0.217186 0.020287 0.020193
0 0.049044 0.054342 0.018169 0.018068
0 0.526951 0.665942 0.013456 0.013511
0 0.914165 0.442189 0.019148 0.019422
