0 0.101743 0.311737 0.012619 0.012471
0 0.399742 0.348604 0.013211 0.013031
0 0.203486 0.503618 0.011340 0.011234
0 0.248915 0.575462 0.012199 0.012161
0 0.249670 0.300599 0.012505 0.012472
0 0.516528 0.541583 0.014069 0.014009
0 0.587227 0.117607 0.014053 0.013962
0 0.114551 0.542901 0.013303 0.013386
0 0.325873 0.562918 0.011812 0.011637
0 0.572938 0.457237 0.012827 0.012562
0 0.138117 0.717337 0.012488 0.012321
0 0.451551 0.738904 0.013397 0.013383
0 0.346904 0.191284 0.014307 0.014433
0 0.599337 0.067105 0.013462 0.013371
0 0.634718 0.885781 0.013084 0.013257
0 0.584016 0.334790 0.012963 0.012925
0 0.620394 0.867822 0.012355 0.012191
0 0.782776 0.318038 0.013940 0.013899
0 0.699026 0.072841 0.013259 0.013252
0 0.334200 0.110282 0.012133 0.012251
0 0.421568 0.743537 0.012326 0.012285
0 0.343086 0.522096 0.013893 0.013711
0 0.899264 0.047546 0.013996 0.013813
0 0.881196 0.461009 0.013786 0.013556
0 0.801933 0.508118 0.013591 0.013485
0 0.336514 0.689494 0.012175 0.012124
0 0.544707 0.936036 0.012963 0.012791
0 0.716904 0.329370 0.010926 0.010921
0 0.265636 0.954295 0.012286 0.012215
0 0.874105 0.013706 0.013902 0.013775
0 0.361999 0.503669 0.014344 0.014300
0 0.309611 0.036033 0.011212 0.011322
0 0.127061 0.764434 0.012310 0.012135
0 0.147036 0.659692 0.012843 0.012841
0 0.449144 0.029209 0.013356 0.013322
0 0.329396 0.436779 0.011762 0.011598
0 0.501377 0.510696 0.013054 0.013222
0 0.231603 0.284708 0.013747 0.013789
0 0.187186 0.629354 0.013493 0.013541
0 0.110881 0.448230 0.012849 0.012864
0 0.970245 0.204121 0.012678 0.012846
0 0.778405 0.094601 0.012905 0.013004
0 0.556478 0.520147 0.011624 0.012264
0 0.461539 0.959973 0.012129 0.012033
0 0.508153 0.613963 0.013797 0.013744
0 0.908625 0.634509 0.012305 0.012287
0 0.158020 0.036333 0.012268 0.012224
0 0.585008 0.010190 0.014177 0.013738
0 0.385324 0.713916 0.012316 0.012405
0 0.815962 0.176367 0.013076 0.012433
0 0.530701 0.336307 0.014624 0.014420
0 0.654603 0.368608 0.012278 0.012368
0 0.913757 0.460814 0.013099 0.013197
0 0.011063 0.378867 0.013802 0.013815
0 0.258237 0.398679 0.012229 0.012046
0 0.325677 0.264599 0.012508 0.012214
0 0.748247 0.619573 0.013387 0.013289
0 0.680039 0.120505 0.011222 0.010834
0 0.223543 0.468790 0.012331 0.012478
0 0.185059 0.891915 0.012715 0.012654
0 0.194898 0.765031 0.012357 0.012071
0 0.177478 0.266912 0.013050 0.012986
0 0.494906 0.882373 0.012709 0.012561
0 0.460779 0.101090 0.013099 0.013035
0 0.652535 0.466876 0.012477 0.012395
0 0.274325 0.224353 0.013930 0.013753
0 0.643489 0.215716 0.013253 0.013724
0 0.436607 0.590158 0.010116 0.009993
0 0.107941 0.197150 0.012309 0.012252
0 0.542897 0.976112 0.013376 0.013274
0 0.043186 0.835282 0.013590 0.013516
0 0.743085 0.024898 0.012782 0.012855
0 0.164811 0.328140 0.013188 0.012928
0 0.778416 0.698660 0.012766 0.012642
0 0.575759 0.673096 0.012468 0.012467
0 0.226816 0.075204 0.012248 0.012013
0 0.222848 0.649467 0.012421 0.012359
0 0.100123 0.420593 0.010996 0.011014
0 0.061754 0.597727 0.012491 0.012417
0 0.252197 0.005033 0.012035 0.010017
0 0.095429 0.404724 0.012823 0.012715
0 0.773981 0.477841 0.012303 0.012101
0 0.012739 0.996071 0.012349 0.007858
0 0.088672 0.038956 0.012842 0.012684
0 0.282604 0.499842 0.013321 0.013119
0 0.684597 0.727378 0.012447 0.012513
0 0.296323 0.806404 0.011131 0.010958
0 0.474789 0.724773 0.012928 0.012734
0 0.421231 0.556287 0.012635 0.012424
0 0.136006 0.493247 0.010623 0.010929
0 0.674925 0.026835 0.012565 0.012690
0 0.400564 0.571394 0.010791 0.010789
0 0.632810 0.060406 0.012559 0.012005
0 0.932480 0.749334 0.011913 0.012080
0 0.106033 0.270467 0.011583 0.011449
0 0.270805 0.521381 0.010887 0.011044
0 0.056545 0.022607 0.012338 0.012186
0 0.492411 0.544159 0.012462 0.012516
0 0.351613 0.276733 0.010448 0.010213
0 0.108077 0.981467 0.013189 0.013371
0 0.849167 0.711542 0.022876 0.023337
0 0.995420 0.345051 0.009159 0.012976
0 0.788540 0.005718 0.012724 0.011436
0 0.114071 0.249511 0.010745 0.010294
0 0.983903 0.153533 0.011182 0.011098
0 0.083086 0.615512 0.012263 0.012211
0 0.398685 0.570635 0.011671 0.011329
0 0.884222 0.588046 0.012493 0.012379
0 0.545503 0.161811 0.012251 0.011853
0 0.842703 0.546578 0.011854 0.011642
0 0.530017 0.859334 0.011768 0.011554
0 0.033025 0.500227 0.011564 0.011712
0 0.890328 0.319054 0.012549 0.012510
0 0.998196 0.373070 0.003608 0.013750
0 0.788259 0.358371 0.011094 0.010807
0 0.418409 0.066034 0.011982 0.012079
0 0.542976 0.161315 0.011294 0.011480
0 0.495921 0.992540 0.008614 0.008916
