0 0.907050 0.352709 0.013285 0.013182
0 0.398988 0.363694 0.012858 0.012622
0 0.532897 0.434097 0.012737 0.012745
0 0.928262 0.643185 0.013340 0.013458
0 0.645315 0.935497 0.013581 0.013609
0 0.593392 0.162092 0.013248 0.013043
0 0.788649 0.765603 0.012563 0.012516
0 0.030543 0.685985 0.013710 0.013877
0 0.673375 0.469555 0.012882 0.012848
0 0.603691 0.899331 0.012435 0.012296
0 0.053606 0.840927 0.012816 0.012963
0 0.816274 0.966016 0.012432 0.012473
0 0.540200 0.395495 0.013033 0.013098
0 0.557083 0.612648 0.012901 0.013011
0 0.160545 0.787186 0.012515 0.012507
0 0.614976 0.303344 0.013168 0.013183
0 0.785662 0.140008 0.013666 0.013627
0 0.291079 0.201882 0.012826 0.012964
0 0.653499 0.745911 0.014044 0.014198
0 0.165780 0.382503 0.012334 0.012373
0 0.804998 0.024696 0.012990 0.012689
0 0.579639 0.262314 0.012648 0.012717
0 0.589923 0.432074 0.013776 0.013644
0 0.163664 0.163335 0.013670 0.013405
0 0.619073 0.214859 0.013113 0.013173
0 0.702505 0.134892 0.012641 0.012411
0 0.416594 0.219121 0.013779 0.013606
0 0.925098 0.822245 0.013228 0.012912
0 0.893408 0.678531 0.014372 0.014370
0 0.219463 0.209245 0.012955 0.012783
0 0.111953 0.733434 0.013434 0.013568
0 0.064304 0.432652 0.013106 0.013086
0 0.556340 0.358737 0.013494 0.013460
0 0.859201 0.524775 0.014060 0.014105
0 0.378101 0.869035 0.014847 0.014557
0 0.803585 0.356309 0.013403 0.013497
0 0.698688 0.688121 0.012685 0.012479
0 0.844761 0.593908 0.014527 0.014496
0 0.197241 0.495869 0.013092 0.013221
0 0.264190 0.070950 0.012438 0.012318
0 0.532530 0.563359 0.013028 0.012943
0 0.339967 0.464988 0.013506 0.013498
0 0.073435 0.336917 0.013633 0.013700
0 0.018433 0.515601 0.012900 0.012802
0 0.334767 0.896934 0.012796 0.012734
0 0.957777 0.147876 0.012503 0.012464
0 0.519344 0.506175 0.012710 0.012559
0 0.776435 0.459155 0.014098 0.014048
0 0.856693 0.070237 0.014236 0.014100
0 0.258282 0.251312 0.013857 0.013673
0 0.111010 0.391510 0.013229 0.013172
0 0.032742 0.504593 0.012629 0.012500
0 0.849063 0.309646 0.014379 0.014345
0 0.248331 0.044979 0.012208 0.012299
0 0.156279 0.862144 0.012457 0.012683
0 0.461336 0.679938 0.013015 0.012805
0 0.455104 0.336063 0.013356 0.013213
0 0.481025 0.108754 0.013631 0.013522
0 0.439224 0.597454 0.013626 0.013686
0 0.250604 0.385264 0.013695 0.013612
0 0.318072 0.604493 0.014112 0.014003
0 0.190330 0.763203 0.012886 0.012937
0 0.632597 0.038946 0.012910 0.012840
0 0.941949 0.845266 0.012952 0.013070
0 0.304905 0.378795 0.012764 0.012433
0 0.096956 0.550449 0.012910 0.013182
0 0.722438 0.052249 0.013224 0.013094
0 0.433971 0.346595 0.013518 0.013284
0 0.136367 0.932125 0.013518 0.013390
0 0.148205 0.900559 0.012425 0.012368
0 0.239186 0.607779 0.013715 0.013866
0 0.296764 0.331720 0.012755 0.012652
0 0.646230 0.673382 0.012667 0.012604
0 0.172741 0.743516 0.013778 0.013861
0 0.110413 0.818396 0.014622 0.014450
0 0.158940 0.329962 0.013155 0.013212
0 0.767300 0.259705 0.013645 0.013383
0 0.744886 0.406932 0.013954 0.013931
0 0.113504 0.601530 0.012506 0.012319
0 0.944644 0.081798 0.013659 0.013553
0 0.424882 0.030710 0.012461 0.012373
0 0.609313 0.627904 0.014414 0.014414
0 0.148221 0.193394 0.012005 0.011991
0 0.083700 0.915174 0.013206 0.013079
0 0.330813 0.189157 0.012663 0.012393
0 0.029642 0.621177 0.013109 0.013044
0 0.468166 0.378456 0.014151 0.014149
0 0.869373 0.854247 0.013441 0.013420
0 0.360747 0.133162 0.013835 0.013858
0 0.744911 0.770310 0.012506 0.012366
0 0.337555 0.566244 0.014626 0.014561
0 0.976619 0.950437 0.013375 0.013287
0 0.075897 0.208356 0.012659 0.012713
0 0.498537 0.616535 0.013413 0.013260
0 0.022133 0.381005 0.013790 0.013645
0 0.103216 0.125332 0.013453 0.013242
0 0.199066 0.086651 0.013663 0.013911
0 0.907791 0.423994 0.015320 0.015376
0 0.455674 0.634605 0.013482 0.013299
0 0.321383 0.018363 0.012503 0.012465
0 0.975354 0.175317 0.013278 0.013067
0 0.529924 0.841631 0.011868 0.011862
0 0.063828 0.759368 0.014041 0.014033
0 0.877918 0.170155 0.013084 0.013111
0 0.604757 0.679897 0.013614 0.013746
0 0.749541 0.036717 0.013737 0.013736
0 0.593106 0.720105 0.012759 0.012789
0 0.083788 0.984540 0.013475 0.013689
0 0.751046 0.225770 0.012847 0.012662
0 0.659767 0.210228 0.014058 0.014289
0 0.515534 0.902595 0.013370 0.013229
0 0.488902 0.045797 0.011905 0.011538
0 0.975842 0.576793 0.012959 0.012627
0 0.865977 0.405071 0.013221 0.013297
0 0.508721 0.800661 0.014046 0.013972
0 0.682844 0.235589 0.013066 0.013214
0 0.970462 0.608081 0.013926 0.014017
0 0.929698 0.993454 0.014318 0.013046
0 0.936057 0.015414 0.013327 0.013165
0 0.058970 0.014217 0.012127 0.012280
0 0.357765 0.601678 0.013068 0.013044
0 0.330615 0.763416 0.013434 0.013439
0 0.393231 0.693701 0.014326 0.014097
0 0.447504 0.906292 0.013980 0.014075
0 0.737656 0.319033 0.014035 0.014123
0 0.564698 0.654847 0.012636 0.012704
0 0.339498 0.085180 0.014482 0.014415
0 0.957304 0.858574 0.014326 0.014376
0 0.304200 0.864334 0.014184 0.014136
0 0.028147 0.887074 0.012480 0.012766
0 0.790186 0.187103 0.012431 0.012176
0 0.416399 0.995979 0.010809 0.008043
0 0.368303 0.648372 0.013025 0.013038
0 0.982601 0.192308 0.013428 0.013606
0 0.782260 0.927161 0.013105 0.012922
0 0.989565 0.657889 0.013596 0.013449
0 0.563914 0.520249 0.013650 0.013564
0 0.387632 0.970278 0.012433 0.012142
0 0.961247 0.573782 0.012812 0.012761
0 0.033704 0.989747 0.014013 0.013717
0 0.019950 0.045649 0.011918 0.011527
0 0.234500 0.922921 0.012416 0.012321
0 0.189831 0.007124 0.013171 0.013129
0 0.883732 0.884951 0.012250 0.012282
0 0.832224 0.138133 0.013125 0.013543
0 0.800425 0.220503 0.015014 0.015152
0 0.863841 0.993163 0.013314 0.012712
0 0.270231 0.668219 0.013777 0.013807
0 0.400946 0.329445 0.014926 0.014750
0 0.009707 0.862453 0.012092 0.012321
0 0.004083 0.309175 0.008128 0.012705
0 0.651169 0.836633 0.012911 0.012827
0 0.225855 0.681016 0.015173 0.015210
0 0.014199 0.447203 0.014489 0.014306
0 0.491592 0.450641 0.013622 0.013746
0 0.210999 0.937553 0.013383 0.013198
0 0.187393 0.551296 0.014415 0.014461
0 0.747259 0.797110 0.013460 0.013483
0 0.480759 0.267093 0.014774 0.014815
0 0.949784 0.312159 0.012275 0.012146
0 0.539462 0.004141 0.011191 0.008282
0 0.640195 0.253561 0.016035 0.016056
0 0.129833 0.216243 0.013549 0.013589
0 0.997662 0.503329 0.004675 0.014998
0 0.458053 0.575695 0.012093 0.012050
0 0.465439 0.785211 0.012540 0.012795
0 0.994341 0.403016 0.011270 0.013539
0 0.523614 0.219161 0.012296 0.012582
0 0.134621 0.423300 0.012441 0.012376
0 0.410282 0.457263 0.015396 0.015185
0 0.352987 0.667103 0.013958 0.014082
0 0.007072 0.479318 0.013572 0.013559
0 0.451251 0.016474 0.016224 0.015616
0 0.164620 0.563788 0.013004 0.013097
0 0.532812 0.636595 0.013582 0.013058
0 0.509585 0.195205 0.013314 0.013470
0 0.729070 0.244868 0.013173 0.013084
0 0.938949 0.871399 0.014392 0.014223
0 0.848435 0.710328 0.023093 0.022897
0 0.845365 0.183975 0.014576 0.014521
0 0.454878 0.557486 0.012664 0.012890
0 0.971147 0.887786 0.011555 0.011391
0 0.266813 0.719956 0.014329 0.014039
0 0.526525 0.023180 0.012001 0.012040
0 0.856501 0.206846 0.015129 0.015211
0 0.316864 0.153639 0.014134 0.013999
0 0.673918 0.584784 0.012313 0.012422
0 0.749493 0.956559 0.013940 0.013881
0 0.961168 0.877454 0.014568 0.014433
0 0.768975 0.598187 0.014932 0.014894
0 0.029818 0.740060 0.010687 0.011172
0 0.446663 0.053998 0.014329 0.014567
0 0.992707 0.405194 0.011571 0.012362
0 0.244221 0.727874 0.013995 0.013796
0 0.998261 0.032205 0.003477 0.011750
0 0.450348 0.458636 0.014188 0.014445
0 0.360054 0.308491 0.010159 0.010144
