0 0.954288 0.540776 0.014228 0.014140
0 0.328582 0.037109 0.013547 0.013696
0 0.212303 0.376676 0.014941 0.015096
0 0.124001 0.603242 0.013719 0.013596
0 0.586448 0.288744 0.013798 0.013884
0 0.210676 0.782114 0.014142 0.014011
0 0.098550 0.691863 0.013737 0.013614
0 0.728015 0.487284 0.016071 0.015983
0 0.674765 0.247798 0.014831 0.014787
0 0.324465 0.583487 0.014451 0.014534
0 0.169827 0.964378 0.014004 0.013807
0 0.648013 0.819665 0.013626 0.013569
0 0.172668 0.642243 0.014625 0.014288
0 0.648260 0.505910 0.014485 0.014581
0 0.655902 0.150610 0.017728 0.017685
0 0.181546 0.519753 0.014343 0.014548
0 0.848170 0.726098 0.019123 0.018849
0 0.228106 0.177864 0.014090 0.013719
0 0.290043 0.692298 0.014208 0.014004
0 0.486249 0.027623 0.014122 0.014125
0 0.610919 0.200703 0.014528 0.014475
0 0.251459 0.076132 0.014946 0.015223
0 0.092896 0.838169 0.013404 0.013139
0 0.552626 0.064762 0.013853 0.013821
0 0.061546 0.324064 0.016330 0.016177
0 0.767224 0.195359 0.014336 0.014615
0 0.046256 0.091172 0.014878 0.014922
0 0.453819 0.183726 0.014122 0.014116
0 0.729231 0.568314 0.014137 0.013943
0 0.097421 0.590507 0.014709 0.014558
0 0.737482 0.618130 0.014989 0.014832
0 0.766061 0.419495 0.014046 0.014078
0 0.212889 0.695715 0.014111 0.014516
0 0.105278 0.671280 0.013955 0.013948
0 0.613537 0.720122 0.018118 0.017922
0 0.053715 0.592248 0.013694 0.013619
0 0.153945 0.863251 0.014456 0.014535
0 0.885769 0.394408 0.014691 0.014512
0 0.279525 0.329827 0.014104 0.013974
0 0.922087 0.085203 0.014541 0.014483
0 0.636671 0.087763 0.021478 0.021396
0 0.448352 0.241271 0.015350 0.015189
0 0.646677 0.397182 0.014192 0.014210
0 0.741733 0.841635 0.014433 0.014471
0 0.208077 0.975878 0.014429 0.014290
0 0.439945 0.554382 0.014151 0.014038
0 0.055281 0.178594 0.016168 0.015609
0 0.618601 0.900939 0.013480 0.013298
0 0.717416 0.442343 0.013952 0.013660
0 0.479049 0.485464 0.014263 0.013992
0 0.033815 0.684299 0.015248 0.014899
0 0.579584 0.604987 0.015370 0.015403
0 0.665783 0.609168 0.018143 0.017929
0 0.790533 0.239583 0.019129 0.018904
0 0.940279 0.284500 0.014775 0.014763
0 0.292933 0.540224 0.015576 0.015559
0 0.952837 0.947562 0.014638 0.014438
0 0.890937 0.631163 0.014498 0.014469
0 0.584933 0.671977 0.014496 0.014509
0 0.061870 0.678884 0.014357 0.014269
0 0.630656 0.783219 0.013849 0.014087
0 0.957790 0.212531 0.014237 0.014206
0 0.059145 0.392482 0.014945 0.014887
0 0.142462 0.790943 0.013674 0.013503
0 0.035586 0.945411 0.013540 0.013439
0 0.687951 0.600644 0.014213 0.014293
0 0.708748 0.709723 0.015324 0.015414
0 0.140251 0.199645 0.014187 0.013976
0 0.116405 0.918530 0.014810 0.014555
0 0.413826 0.378439 0.015358 0.015497
0 0.710251 0.611624 0.015319 0.015212
0 0.897923 0.318351 0.014853 0.014375
0 0.919679 0.315312 0.014106 0.014052
0 0.730670 0.373988 0.014698 0.014781
0 0.636946 0.446369 0.015172 0.015252
0 0.086688 0.912245 0.015002 0.015163
0 0.501624 0.656787 0.014732 0.014885
0 0.762946 0.932876 0.014754 0.014917
0 0.049476 0.376466 0.015906 0.015993
0 0.675669 0.692267 0.015129 0.015054
0 0.766126 0.973225 0.014095 0.013917
0 0.347244 0.299503 0.023046 0.022759
0 0.851397 0.938629 0.013993 0.014185
0 0.829361 0.317891 0.013633 0.013729
0 0.533570 0.640281 0.022684 0.022410
0 0.006511 0.399689 0.012998 0.015790
0 0.219364 0.823122 0.014206 0.014142
0 0.986450 0.890231 0.013257 0.013173
0 0.363520 0.937416 0.015420 0.015247
0 0.021064 0.468442 0.014786 0.014327
0 0.830188 0.143605 0.014779 0.015072
0 0.464526 0.457992 0.016626 0.016058
0 0.378894 0.720428 0.014557 0.014191
0 0.838000 0.039259 0.016631 0.017040
0 0.209208 0.631341 0.015507 0.015216
0 0.468109 0.249630 0.017556 0.017786
0 0.699364 0.231940 0.014690 0.014923
0 0.954391 0.574889 0.014205 0.013839
0 0.910016 0.992017 0.016961 0.015568
0 0.235125 0.528639 0.014712 0.014627
0 0.469009 0.424304 0.014673 0.014715
0 0.017153 0.006163 0.015612 0.012325
0 0.656783 0.718501 0.014524 0.014781
0 0.869846 0.406394 0.015368 0.015401
0 0.573045 0.524411 0.014760 0.014586
0 0.405400 0.319811 0.016244 0.016425
0 0.400935 0.299594 0.014365 0.014500
0 0.067898 0.576428 0.019526 0.019338
0 0.673768 0.546118 0.014254 0.014383
0 0.582685 0.719640 0.014592 0.014580
0 0.198788 0.237611 0.016138 0.016279
0 0.728829 0.929294 0.014730 0.014653
0 0.688128 0.472492 0.014333 0.014441
0 0.464253 0.377580 0.015335 0.014850
0 0.651573 0.284392 0.014498 0.014310
0 0.671417 0.191869 0.020358 0.020015
0 0.425587 0.216091 0.014246 0.013854
0 0.995949 0.059914 0.008102 0.014269
0 0.802334 0.601928 0.015389 0.015154
0 0.719134 0.984750 0.014782 0.014420
0 0.636109 0.722423 0.014667 0.014348
0 0.290822 0.430323 0.016475 0.016365
0 0.006231 0.125625 0.012394 0.014254
0 0.797324 0.731287 0.014922 0.015256
0 0.773180 0.158671 0.013621 0.013687
0 0.994337 0.506687 0.011326 0.016063
0 0.965245 0.074539 0.012733 0.012489
0 0.921801 0.147516 0.020908 0.020826
0 0.804862 0.092055 0.014563 0.014594
0 0.039796 0.313345 0.016014 0.016508
0 0.004125 0.669650 0.008221 0.016114
0 0.376829 0.229745 0.019166 0.018967
0 0.781022 0.134499 0.013599 0.012696
0 0.703903 0.823419 0.022012 0.022204
0 0.071438 0.834864 0.013765 0.013127
0 0.524845 0.019038 0.018922 0.018601
0 0.003454 0.062612 0.006890 0.016026
0 0.003283 0.609810 0.006497 0.016085
0 0.889188 0.260031 0.019878 0.019363
0 0.773919 0.569722 0.014193 0.014567
0 0.626623 0.275931 0.013633 0.013450
0 0.310969 0.291198 0.014403 0.014338
0 0.648486 0.361619 0.013127 0.012609
0 0.658619 0.895117 0.015060 0.014920
0 0.239602 0.544577 0.014749 0.014901
0 0.264293 0.245871 0.020683 0.019951
0 0.542605 0.684587 0.014126 0.014337
0 0.998343 0.211275 0.003272 0.014903
0 0.817679 0.115841 0.016325 0.015622
0 0.879541 0.591718 0.021301 0.021134
0 0.002779 0.612681 0.005516 0.015706
0 0.050446 0.055663 0.017017 0.017110
0 0.279387 0.854717 0.014909 0.014582
0 0.377799 0.740527 0.022956 0.023466
