0 0.697432 0.498444 0.013734 0.013744
0 0.377369 0.793754 0.012729 0.012595
0 0.568867 0.129824 0.013139 0.013130
0 0.093824 0.670984 0.013197 0.013262
0 0.075296 0.345786 0.013743 0.013628
0 0.154864 0.242899 0.012878 0.013025
0 0.402830 0.690653 0.013190 0.013305
0 0.315791 0.473371 0.013249 0.013074
0 0.832588 0.623336 0.013897 0.013958
0 0.367342 0.474989 0.014678 0.014765
0 0.748800 0.618682 0.013440 0.013243
0 0.943897 0.609361 0.013266 0.013008
0 0.661545 0.586163 0.014144 0.013962
0 0.464670 0.379246 0.011961 0.011862
0 0.519797 0.726464 0.013019 0.013143
0 0.115740 0.312032 0.012519 0.012659
0 0.179860 0.395000 0.012267 0.012082
0 0.791624 0.752969 0.013431 0.013207
0 0.331526 0.518504 0.012640 0.012624
0 0.521362 0.331968 0.013660 0.013579
0 0.473141 0.778009 0.012082 0.012276
0 0.850914 0.776761 0.012803 0.012717
0 0.349991 0.733334 0.011482 0.011368
0 0.487452 0.174581 0.014258 0.014144
0 0.411206 0.806242 0.011561 0.011476
0 0.262731 0.023169 0.013595 0.013600
0 0.607259 0.691695 0.013763 0.014001
0 0.515996 0.274531 0.012938 0.012942
0 0.151814 0.122905 0.013506 0.013368
0 0.920351 0.696514 0.011867 0.011716
0 0.665831 0.682950 0.012378 0.012262
0 0.212382 0.093353 0.013154 0.013415
0 0.707632 0.308215 0.013137 0.013142
0 0.451219 0.410089 0.012863 0.012688
0 0.105658 0.110674 0.013438 0.013445
0 0.983090 0.572168 0.013182 0.013206
0 0.307644 0.377661 0.013057 0.012753
0 0.223259 0.469742 0.012675 0.012698
0 0.290194 0.812037 0.013338 0.013280
0 0.536782 0.152722 0.012748 0.012791
0 0.188575 0.441847 0.011631 0.011411
0 0.542289 0.191535 0.012240 0.012512
0 0.256062 0.220259 0.013959 0.013828
0 0.587723 0.621874 0.012812 0.012532
0 0.444861 0.115557 0.013130 0.013092
0 0.694484 0.835134 0.012467 0.012551
0 0.191029 0.020420 0.013589 0.013378
0 0.372065 0.829070 0.011266 0.011236
0 0.337538 0.670330 0.012867 0.013104
0 0.431554 0.853261 0.011503 0.011607
0 0.822521 0.544383 0.012057 0.011998
0 0.981491 0.887245 0.013364 0.013184
0 0.780098 0.582679 0.011696 0.011634
0 0.089986 0.405931 0.012743 0.012801
0 0.760667 0.859267 0.013207 0.013282
0 0.352783 0.025774 0.013184 0.013073
0 0.458115 0.960847 0.012712 0.012661
0 0.608549 0.076124 0.011568 0.012044
0 0.757604 0.277912 0.012450 0.012461
0 0.631642 0.473085 0.013793 0.013361
0 0.867422 0.873789 0.013102 0.013078
0 0.312074 0.316559 0.013239 0.013051
0 0.541116 0.973454 0.011843 0.011691
0 0.109230 0.980897 0.013748 0.013609
0 0.980355 0.195522 0.012523 0.012404
0 0.255197 0.647338 0.011511 0.011410
0 0.756553 0.470718 0.011882 0.011874
0 0.993000 0.685192 0.013531 0.013605
0 0.885011 0.525169 0.011368 0.011471
0 0.276085 0.242681 0.012013 0.011909
0 0.017047 0.505778 0.011903 0.011621
0 0.423606 0.466148 0.011802 0.011825
0 0.928249 0.017842 0.013049 0.013225
0 0.041419 0.963874 0.013181 0.013007
0 0.718869 0.404419 0.012107 0.011769
0 0.653825 0.941705 0.013323 0.013196
0 0.124491 0.578474 0.011330 0.011237
0 0.451508 0.098001 0.012777 0.013065
0 0.737728 0.896548 0.012676 0.012878
0 0.493993 0.544008 0.013336 0.013196
0 0.525582 0.350075 0.012853 0.012896
0 0.744302 0.690235 0.012499 0.012425
0 0.306206 0.814835 0.010530 0.010699
0 0.354565 0.160273 0.012256 0.011962
0 0.204654 0.066560 0.011855 0.011631
0 0.225153 0.652603 0.012476 0.012100
0 0.646613 0.002714 0.010948 0.005429
0 0.653494 0.096886 0.012947 0.012920
0 0.922790 0.204006 0.012928 0.012919
0 0.180713 0.801506 0.010986 0.010618
0 0.441245 0.059462 0.011968 0.011954
0 0.868748 0.741660 0.011570 0.011251
0 0.596753 0.997505 0.011848 0.004989
0 0.185560 0.891640 0.012406 0.012458
0 0.083794 0.910013 0.012130 0.012103
0 0.810824 0.601703 0.012510 0.012679
0 0.306841 0.134001 0.012708 0.012568
0 0.849404 0.710755 0.022992 0.023042
0 0.045512 0.670960 0.011620 0.011548
0 0.039505 0.419688 0.013699 0.013035
0 0.788737 0.005367 0.012476 0.010734
0 0.024234 0.007540 0.011446 0.012383
0 0.372370 0.997231 0.009944 0.005538
0 0.163364 0.725865 0.011465 0.011585
0 0.030654 0.312758 0.011667 0.013191
0 0.102546 0.697447 0.012001 0.011587
0 0.992859 0.396175 0.013029 0.013041
0 0.535947 0.668402 0.012571 0.012976
0 0.164584 0.615749 0.010946 0.011006
0 0.530343 0.632308 0.022608 0.022313
0 0.871336 0.370627 0.011803 0.011916
0 0.509148 0.483299 0.013777 0.013871
0 0.595895 0.998038 0.011744 0.003898
0 0.422012 0.556420 0.011764 0.012056
0 0.373046 0.960602 0.012320 0.012453
0 0.897312 0.730212 0.009527 0.009016
