0 0.359949 0.446858 0.012650 0.012460
0 0.805856 0.115882 0.011068 0.011063
0 0.118371 0.383099 0.012796 0.012667
0 0.052591 0.655764 0.011623 0.011427
0 0.958705 0.812307 0.012782 0.012663
0 0.074758 0.753085 0.012958 0.012766
0 0.926509 0.222931 0.012551 0.012666
0 0.033172 0.385468 0.012516 0.012502
0 0.278350 0.069403 0.011914 0.011823
0 0.931121 0.850848 0.013919 0.014015
0 0.387055 0.954563 0.013159 0.013075
0 0.615563 0.654741 0.013185 0.013038
0 0.279027 0.436486 0.012226 0.012067
0 0.752745 0.328454 0.013142 0.013150
0 0.373312 0.407278 0.013338 0.013294
0 0.105543 0.349182 0.014219 0.013796
0 0.611691 0.541188 0.012337 0.012521
0 0.384590 0.513503 0.013533 0.013377
0 0.478896 0.657860 0.013417 0.013249
0 0.522939 0.595017 0.013239 0.013103
0 0.232383 0.126954 0.012995 0.012916
0 0.610870 0.800348 0.013712 0.013655
0 0.289640 0.399302 0.012663 0.012633
0 0.648952 0.582877 0.011890 0.011842
0 0.829299 0.045741 0.012570 0.012566
0 0.299740 0.358793 0.012443 0.012523
0 0.391241 0.685954 0.014109 0.014102
0 0.531992 0.406073 0.011801 0.011868
0 0.403827 0.888861 0.013354 0.013299
0 0.216119 0.437634 0.013853 0.013759
0 0.291911 0.718826 0.012689 0.012467
0 0.562256 0.205129 0.012869 0.012901
0 0.733336 0.623192 0.013855 0.013773
0 0.276453 0.940659 0.011279 0.010981
0 0.146589 0.652548 0.013585 0.013494
0 0.243222 0.818551 0.011095 0.011353
0 0.066003 0.200603 0.012338 0.012306
0 0.716391 0.616012 0.012281 0.012255
0 0.165677 0.190628 0.012915 0.013094
0 0.193674 0.615787 0.012519 0.012424
0 0.193753 0.534686 0.014154 0.013806
0 0.218774 0.904637 0.011609 0.011309
0 0.101424 0.472690 0.013604 0.013595
0 0.741083 0.362889 0.013467 0.013414
0 0.790213 0.080105 0.011869 0.012047
0 0.962758 0.618092 0.011121 0.010740
0 0.597745 0.695739 0.014250 0.014110
0 0.419122 0.108711 0.014266 0.014394
0 0.891282 0.587861 0.012010 0.011857
0 0.500160 0.582522 0.013162 0.013254
0 0.432684 0.136794 0.012501 0.012445
0 0.012516 0.344313 0.014012 0.014284
0 0.870527 0.120713 0.009084 0.009070
0 0.767043 0.806107 0.013041 0.012863
0 0.074979 0.790239 0.012998 0.012929
0 0.901426 0.923460 0.011820 0.011822
0 0.413168 0.347952 0.012827 0.012787
0 0.838502 0.252293 0.013876 0.013851
0 0.895256 0.078992 0.011177 0.010968
0 0.292964 0.269757 0.012579 0.012656
0 0.014497 0.814641 0.013606 0.013314
0 0.695078 0.268766 0.012441 0.012348
0 0.513141 0.738043 0.011770 0.012124
0 0.198381 0.469329 0.013154 0.013162
0 0.771004 0.106900 0.013807 0.013682
0 0.347168 0.270308 0.011955 0.012311
0 0.453311 0.520663 0.012151 0.012297
0 0.372084 0.786054 0.011783 0.011416
0 0.467318 0.870967 0.013671 0.013561
0 0.896145 0.861178 0.011752 0.011862
0 0.903465 0.541189 0.012703 0.012717
0 0.856509 0.108320 0.012016 0.011547
0 0.727640 0.823640 0.012042 0.011874
0 0.689995 0.404901 0.012795 0.012926
0 0.966767 0.715255 0.012403 0.012500
0 0.872375 0.974245 0.013585 0.013535
0 0.225580 0.609366 0.013551 0.013433
0 0.460562 0.404664 0.012055 0.012238
0 0.525152 0.744355 0.013517 0.013928
0 0.550566 0.647298 0.013742 0.013728
0 0.539253 0.290013 0.010208 0.010028
0 0.669639 0.921999 0.012020 0.012134
0 0.896162 0.994036 0.012591 0.011757
0 0.213678 0.947563 0.012349 0.011938
0 0.497221 0.465604 0.013972 0.014118
0 0.355751 0.770941 0.014986 0.015153
0 0.820054 0.386355 0.012477 0.012449
0 0.970861 0.053162 0.009861 0.009793
0 0.590023 0.995238 0.014792 0.009515
0 0.097446 0.020243 0.012213 0.012270
0 0.767833 0.430103 0.011020 0.010656
0 0.348656 0.289945 0.022775 0.022808
0 0.483937 0.131250 0.012966 0.013088
0 0.182654 0.811193 0.012885 0.012880
0 0.766930 0.535771 0.012667 0.012287
0 0.982892 0.513280 0.013709 0.013375
0 0.907080 0.005378 0.011143 0.010399
0 0.975885 0.452542 0.011758 0.011530
0 0.363315 0.873693 0.011471 0.011425
0 0.099793 0.933006 0.012071 0.011541
0 0.686660 0.935743 0.012801 0.012793
0 0.568304 0.154474 0.010995 0.010663
0 0.832102 0.823447 0.011572 0.011478
0 0.850340 0.714818 0.020635 0.021119
0 0.994424 0.801923 0.010549 0.011930
0 0.791259 0.952960 0.011238 0.010920
0 0.651686 0.083754 0.012529 0.012312
0 0.372349 0.894864 0.013831 0.013562
0 0.748366 0.695840 0.012857 0.012573
0 0.869874 0.569739 0.011473 0.011503
0 0.848222 0.546517 0.011877 0.011922
0 0.659549 0.188840 0.011119 0.011285
0 0.718549 0.550443 0.012936 0.012663
0 0.088631 0.936373 0.011207 0.010890
0 0.534632 0.631965 0.018519 0.017654
0 0.023069 0.828138 0.010377 0.010524
0 0.515146 0.740149 0.011658 0.012207
