0 0.748857 0.617200 0.013140 0.013146
0 0.189839 0.091005 0.012203 0.012010
0 0.444431 0.590523 0.012817 0.012665
0 0.979475 0.368791 0.013165 0.013008
0 0.297048 0.022313 0.014058 0.014133
0 0.525243 0.347274 0.013152 0.012978
0 0.185595 0.635475 0.012775 0.012732
0 0.514076 0.496655 0.012854 0.012774
0 0.497853 0.305468 0.013603 0.013473
0 0.496538 0.083319 0.012597 0.012570
0 0.702665 0.132278 0.012525 0.012622
0 0.544620 0.973279 0.013959 0.013740
0 0.938785 0.330074 0.012942 0.012876
0 0.145592 0.302361 0.013350 0.013305
0 0.677582 0.118444 0.011920 0.011748
0 0.571653 0.829696 0.013131 0.013084
0 0.799141 0.807370 0.012998 0.012921
0 0.490357 0.702805 0.013191 0.013119
0 0.811450 0.054178 0.012054 0.011947
0 0.167910 0.668800 0.011223 0.011001
0 0.460722 0.958745 0.013747 0.013733
0 0.901193 0.968047 0.012649 0.012569
0 0.086540 0.490158 0.012322 0.012386
0 0.320276 0.876171 0.012530 0.012428
0 0.558561 0.156743 0.013807 0.013560
0 0.406335 0.474129 0.012619 0.012491
0 0.572994 0.603630 0.013778 0.013589
0 0.123122 0.042423 0.012912 0.012870
0 0.726670 0.503597 0.012750 0.012693
0 0.695382 0.032253 0.012167 0.012218
0 0.168198 0.525189 0.011996 0.011813
0 0.570134 0.663578 0.013222 0.013238
0 0.017099 0.069021 0.014023 0.013767
0 0.510095 0.836698 0.012544 0.012469
0 0.840169 0.200436 0.013418 0.013371
0 0.276676 0.672383 0.013369 0.013291
0 0.444454 0.733381 0.013297 0.013324
0 0.582813 0.076481 0.012420 0.012493
0 0.304446 0.697762 0.013621 0.013791
0 0.877978 0.502643 0.011173 0.011222
0 0.100947 0.038270 0.012636 0.012888
0 0.258104 0.187030 0.013778 0.013839
0 0.274585 0.515407 0.011006 0.010874
0 0.144172 0.687290 0.013028 0.012988
0 0.494844 0.424060 0.012513 0.012690
0 0.008018 0.174291 0.013897 0.013955
0 0.891452 0.277019 0.012960 0.012841
0 0.896713 0.453117 0.011388 0.011450
0 0.858593 0.819944 0.012177 0.012078
0 0.793067 0.068405 0.012017 0.011927
0 0.143084 0.641769 0.011568 0.011627
0 0.222953 0.468091 0.013039 0.012933
0 0.626741 0.992018 0.014549 0.014374
0 0.531829 0.782335 0.011938 0.012050
0 0.701523 0.942365 0.012439 0.012444
0 0.047363 0.428463 0.013049 0.012869
0 0.668031 0.618462 0.009860 0.009628
0 0.472211 0.007265 0.013678 0.013728
0 0.245863 0.673550 0.012048 0.012060
0 0.109875 0.980344 0.013465 0.013581
0 0.106962 0.755538 0.013680 0.013552
0 0.352978 0.667414 0.012714 0.012337
0 0.329946 0.852771 0.013105 0.013101
0 0.617515 0.246876 0.013155 0.013143
0 0.186124 0.890103 0.012650 0.012498
0 0.858617 0.622402 0.013472 0.013245
0 0.455809 0.208555 0.012793 0.012385
0 0.880069 0.470466 0.011183 0.010682
0 0.303531 0.443976 0.010908 0.010804
0 0.155790 0.963577 0.012731 0.012744
0 0.952694 0.448277 0.012840 0.012860
0 0.938847 0.232679 0.011161 0.010882
0 0.473713 0.130740 0.011469 0.011660
0 0.371399 0.808369 0.010595 0.010690
0 0.023639 0.473477 0.012551 0.012329
0 0.859488 0.691455 0.012446 0.012420
0 0.226729 0.648357 0.011794 0.011734
0 0.071933 0.950689 0.011868 0.011936
0 0.330928 0.517859 0.012430 0.012071
0 0.788091 0.004799 0.013260 0.009560
0 0.451646 0.057697 0.012642 0.013232
0 0.441909 0.249378 0.012086 0.011778
0 0.589745 0.381572 0.012186 0.011598
0 0.788631 0.734859 0.014374 0.014187
0 0.707172 0.292154 0.011294 0.011335
0 0.496276 0.542318 0.012396 0.012070
0 0.465818 0.670994 0.014077 0.014153
0 0.142640 0.877447 0.011364 0.011452
0 0.338818 0.150480 0.013046 0.012844
0 0.376139 0.572296 0.008830 0.008824
0 0.952847 0.668453 0.011634 0.011683
0 0.808663 0.197405 0.011988 0.011814
0 0.585822 0.151437 0.011803 0.011277
0 0.943087 0.297375 0.013494 0.013103
0 0.498165 0.542712 0.012749 0.012842
0 0.223544 0.927215 0.009737 0.009838
0 0.336548 0.148100 0.013036 0.012441
0 0.847433 0.713092 0.020496 0.020690
0 0.586901 0.140624 0.012076 0.012488
