0 0.065958 0.816007 0.014255 0.014247
0 0.460362 0.958176 0.012515 0.012503
0 0.090561 0.131379 0.011599 0.011358
0 0.159111 0.758331 0.012865 0.012774
0 0.645318 0.437424 0.012895 0.013159
0 0.222525 0.163223 0.014536 0.014667
0 0.525242 0.346476 0.012757 0.012655
0 0.949076 0.606458 0.012228 0.012150
0 0.187638 0.889628 0.013243 0.013092
0 0.215027 0.903574 0.011500 0.011554
0 0.261977 0.223110 0.012199 0.012202
0 0.711218 0.893880 0.012889 0.012713
0 0.110217 0.979258 0.013647 0.013578
0 0.148866 0.895245 0.012986 0.012989
0 0.256051 0.835481 0.011807 0.011747
0 0.147463 0.045061 0.012577 0.012537
0 0.022847 0.932598 0.014508 0.014332
0 0.410713 0.102276 0.011426 0.011229
0 0.155357 0.021405 0.013222 0.013109
0 0.274921 0.961902 0.011348 0.011313
0 0.543273 0.973616 0.011892 0.011856
0 0.438403 0.871095 0.012129 0.012367
0 0.618148 0.773304 0.012513 0.012410
0 0.038289 0.576656 0.013561 0.013395
0 0.567459 0.478227 0.012570 0.012674
0 0.272159 0.500885 0.011451 0.011410
0 0.292299 0.794076 0.013135 0.013231
0 0.229126 0.780093 0.012777 0.012851
0 0.406307 0.503498 0.011655 0.011499
0 0.659256 0.516007 0.011427 0.011284
0 0.749538 0.615579 0.012736 0.012410
0 0.014579 0.299332 0.011207 0.011216
0 0.401129 0.806146 0.011699 0.011609
0 0.124194 0.845115 0.011238 0.011118
0 0.656121 0.862108 0.012558 0.012587
0 0.196167 0.924543 0.012141 0.012187
0 0.281824 0.536566 0.011654 0.011438
0 0.005636 0.548783 0.011164 0.013268
0 0.384506 0.994668 0.012444 0.010665
0 0.942064 0.430826 0.012051 0.011853
0 0.548544 0.071714 0.013339 0.013337
0 0.882221 0.277216 0.012886 0.012919
0 0.154467 0.523004 0.011930 0.011834
0 0.388918 0.386653 0.012224 0.012182
0 0.489382 0.304527 0.012254 0.012486
0 0.062676 0.453140 0.010920 0.011117
0 0.083505 0.996937 0.013166 0.006106
0 0.825357 0.339346 0.011444 0.011625
0 0.847719 0.717884 0.020341 0.020121
0 0.013727 0.801356 0.009698 0.009597
0 0.701800 0.821982 0.018080 0.017536
0 0.345219 0.296932 0.021808 0.021611
0 0.455161 0.249852 0.011190 0.011054
0 0.442672 0.808978 0.010934 0.010728
0 0.240418 0.396186 0.011044 0.011077
0 0.968118 0.786584 0.010895 0.010794
0 0.430041 0.326285 0.011415 0.011628
0 0.572773 0.232113 0.010617 0.010484
0 0.590431 0.350961 0.011390 0.011119
0 0.740356 0.593462 0.011290 0.011275
0 0.482304 0.244496 0.008578 0.009325
0 0.584229 0.221437 0.010658 0.010587
0 0.161988 0.591970 0.011792 0.012050
0 0.277750 0.103795 0.011992 0.011962
0 0.331585 0.517438 0.010796 0.010646
0 0.412062 0.916898 0.010779 0.010630
0 0.531461 0.636202 0.021271 0.021661
0 0.849288 0.194622 0.009106 0.009141
0 0.492272 0.321225 0.010730 0.010893
0 0.225964 0.649176 0.012509 0.012299
0 0.283720 0.657244 0.010749 0.010747
0 0.473018 0.843674 0.010178 0.010075
0 0.441371 0.058205 0.011622 0.011363
0 0.827694 0.226036 0.011512 0.011663
0 0.015092 0.388483 0.008079 0.007856
0 0.374600 0.226137 0.016806 0.016860
