0 0.625953 0.886430 0.015448 0.015530
0 0.282160 0.432759 0.015121 0.014884
0 0.322753 0.924045 0.014016 0.013844
0 0.421842 0.664530 0.013531 0.013412
0 0.879414 0.390221 0.013116 0.012937
0 0.237174 0.346626 0.014331 0.014317
0 0.793147 0.556907 0.016213 0.015925
0 0.288505 0.232832 0.014762 0.014769
0 0.519112 0.511002 0.014352 0.014406
0 0.133431 0.225691 0.014160 0.014110
0 0.214722 0.530400 0.014164 0.013824
0 0.212213 0.815365 0.014065 0.013804
0 0.947628 0.937238 0.014913 0.014826
0 0.218771 0.698937 0.013864 0.013873
0 0.833648 0.791780 0.014360 0.014407
0 0.380202 0.372385 0.013951 0.013923
0 0.310782 0.739276 0.014161 0.014320
0 0.425254 0.760085 0.014360 0.014389
0 0.636914 0.949380 0.014941 0.015103
0 0.049534 0.080085 0.015088 0.014999
0 0.130714 0.852685 0.013906 0.013950
0 0.398966 0.563157 0.013577 0.013537
0 0.254378 0.396112 0.014993 0.014469
0 0.412567 0.340942 0.015000 0.015046
0 0.170219 0.091117 0.015508 0.015544
0 0.250720 0.587331 0.013939 0.013727
0 0.471981 0.625584 0.013795 0.013601
0 0.820798 0.322448 0.013557 0.013269
0 0.911701 0.840475 0.015137 0.015089
0 0.498503 0.362508 0.014882 0.014909
0 0.088854 0.224408 0.015332 0.015121
0 0.759052 0.365279 0.014902 0.014676
0 0.036473 0.820806 0.014098 0.014336
0 0.718559 0.511484 0.013960 0.013877
0 0.174173 0.481497 0.015617 0.015396
0 0.317946 0.334269 0.013838 0.013894
0 0.046619 0.478102 0.014363 0.014213
0 0.244081 0.032594 0.015217 0.015507
0 0.692052 0.057203 0.014561 0.014624
0 0.481778 0.893401 0.014834 0.014858
0 0.491750 0.613566 0.013741 0.013665
0 0.209756 0.073530 0.013920 0.013755
0 0.249685 0.196653 0.014725 0.014874
0 0.768964 0.682946 0.013628 0.013487
0 0.462906 0.352227 0.014465 0.014739
0 0.767662 0.082643 0.013507 0.013415
0 0.342814 0.964380 0.013958 0.014259
0 0.674217 0.274142 0.014412 0.014360
0 0.389303 0.101062 0.016022 0.016272
0 0.093645 0.576967 0.014428 0.014478
0 0.208226 0.626551 0.013885 0.013494
0 0.419884 0.105738 0.014485 0.014652
0 0.312146 0.785869 0.014345 0.014224
0 0.905907 0.982140 0.016725 0.016923
0 0.757636 0.548315 0.014506 0.014473
0 0.905257 0.447822 0.014766 0.014898
0 0.827700 0.068720 0.014912 0.014963
0 0.894089 0.572581 0.014820 0.014965
0 0.667164 0.187068 0.015260 0.015220
0 0.122524 0.050993 0.018035 0.017810
0 0.041452 0.283279 0.014428 0.014587
0 0.932941 0.666661 0.013360 0.013530
0 0.596622 0.371974 0.015033 0.015120
0 0.836126 0.206309 0.015342 0.015624
0 0.755831 0.497641 0.012797 0.012896
0 0.543403 0.319227 0.015137 0.015288
0 0.834271 0.031814 0.013053 0.012995
0 0.682840 0.079290 0.014248 0.014393
0 0.771604 0.452679 0.014300 0.014544
0 0.454258 0.958926 0.014709 0.014726
0 0.494091 0.218855 0.017589 0.017445
0 0.966376 0.690784 0.014644 0.014542
0 0.968186 0.090318 0.014589 0.014457
0 0.737693 0.617306 0.014866 0.015215
0 0.726198 0.398558 0.014123 0.013865
0 0.848693 0.720502 0.022397 0.022331
0 0.742681 0.671524 0.015712 0.015682
0 0.750358 0.958181 0.014910 0.014973
0 0.845759 0.648568 0.013666 0.013564
0 0.364854 0.406438 0.013632 0.013621
0 0.171201 0.542390 0.014070 0.014046
0 0.310733 0.596683 0.015620 0.015746
0 0.008607 0.601475 0.013480 0.013314
0 0.281136 0.758570 0.016726 0.016992
0 0.766110 0.994034 0.015874 0.011883
0 0.601561 0.732699 0.013779 0.013544
0 0.706069 0.378397 0.015811 0.015929
0 0.584167 0.626438 0.015373 0.015388
0 0.366477 0.279654 0.015518 0.015594
0 0.063380 0.944013 0.013871 0.014018
0 0.840369 0.150375 0.014200 0.013958
0 0.987594 0.506625 0.016695 0.016306
0 0.909275 0.274063 0.014270 0.014131
0 0.357951 0.601163 0.014300 0.014044
0 0.840348 0.570759 0.017050 0.016743
0 0.114900 0.020385 0.015167 0.015167
0 0.084631 0.745804 0.014588 0.014664
0 0.745158 0.221286 0.015076 0.015132
0 0.531894 0.637547 0.023219 0.022965
0 0.943876 0.638402 0.015904 0.016233
0 0.376570 0.228494 0.020744 0.020833
0 0.699269 0.293610 0.013066 0.012885
0 0.787983 0.945497 0.015146 0.015087
0 0.976291 0.885082 0.014478 0.014236
0 0.632719 0.084166 0.020180 0.019865
0 0.920354 0.145786 0.020055 0.019682
0 0.697957 0.212747 0.015288 0.015445
0 0.510854 0.220219 0.012520 0.012290
0 0.674836 0.512762 0.013693 0.013613
0 0.611455 0.163702 0.014436 0.014411
0 0.005609 0.335515 0.011218 0.016215
0 0.578031 0.195881 0.014378 0.014035
0 0.537669 0.099629 0.013507 0.013347
0 0.483985 0.740611 0.018764 0.017458
0 0.822758 0.644492 0.011965 0.011871
0 0.380700 0.250943 0.012679 0.012576
0 0.840515 0.997291 0.016210 0.005379
0 0.373062 0.322391 0.015251 0.015450
0 0.487328 0.740637 0.016653 0.016146
0 0.036844 0.024835 0.015084 0.015099
0 0.676854 0.513381 0.013795 0.013646
0 0.464656 0.656199 0.016225 0.016242
0 0.015054 0.919937 0.013254 0.013772
0 0.517150 0.006193 0.014302 0.012307
0 0.592509 0.442268 0.014613 0.014586
0 0.892413 0.264256 0.015489 0.015156
0 0.762065 0.010902 0.013801 0.013743
0 0.988292 0.610933 0.015739 0.015402
0 0.990739 0.611855 0.015941 0.015676
0 0.960197 0.734065 0.015119 0.014901
0 0.869655 0.611272 0.014885 0.014879
0 0.593586 0.445884 0.014087 0.013778
0 0.892758 0.293742 0.013324 0.013179
0 0.087803 0.424348 0.015736 0.015545
0 0.341978 0.293393 0.019466 0.018324
