0 0.154605 0.220245 0.014095 0.013868
0 0.804887 0.876005 0.013646 0.013555
0 0.962309 0.523928 0.013470 0.013388
0 0.766871 0.888261 0.012910 0.012601
0 0.896021 0.392143 0.012237 0.012146
0 0.822500 0.744588 0.013976 0.014019
0 0.692799 0.672579 0.013759 0.013724
0 0.610461 0.582369 0.012937 0.012960
0 0.662284 0.947780 0.013005 0.012786
0 0.070866 0.152359 0.011477 0.011473
0 0.916444 0.599248 0.013672 0.013759
0 0.634557 0.210100 0.012663 0.012708
0 0.230749 0.400675 0.014125 0.014120
0 0.870103 0.456494 0.013689 0.013813
0 0.748707 0.618843 0.013237 0.013060
0 0.233461 0.794936 0.013587 0.013428
0 0.135254 0.154336 0.012065 0.012075
0 0.790182 0.592770 0.012890 0.012803
0 0.886042 0.470469 0.011883 0.011820
0 0.361935 0.195698 0.012688 0.012580
0 0.719728 0.815267 0.011411 0.011403
0 0.898942 0.528179 0.012973 0.012858
0 0.828479 0.610409 0.013405 0.013349
0 0.353571 0.496410 0.014399 0.014368
0 0.706005 0.499111 0.012370 0.012191
0 0.854962 0.945869 0.013428 0.013298
0 0.037162 0.134480 0.012526 0.012314
0 0.568343 0.608178 0.013163 0.013040
0 0.518906 0.327293 0.014382 0.014269
0 0.046003 0.252754 0.012205 0.012020
0 0.916380 0.349068 0.012139 0.011955
0 0.731335 0.758065 0.012679 0.012734
0 0.458613 0.960660 0.012841 0.012806
0 0.412960 0.249339 0.013577 0.013512
0 0.347816 0.697280 0.011988 0.011867
0 0.380783 0.168531 0.013721 0.013747
0 0.247536 0.165152 0.013095 0.013189
0 0.447746 0.669950 0.011758 0.011696
0 0.190049 0.304840 0.013519 0.013428
0 0.189737 0.638749 0.011605 0.011919
0 0.078913 0.382520 0.013798 0.013956
0 0.345616 0.077141 0.014096 0.014228
0 0.946578 0.939176 0.013210 0.012927
0 0.129328 0.065766 0.014204 0.014252
0 0.304856 0.675684 0.012207 0.012130
0 0.561414 0.520704 0.012590 0.012442
0 0.441932 0.059167 0.012468 0.012454
0 0.033022 0.535354 0.012810 0.012855
0 0.519364 0.145241 0.014022 0.013877
0 0.501401 0.811099 0.013380 0.013299
0 0.253522 0.219094 0.014102 0.014205
0 0.014428 0.667490 0.012088 0.011887
0 0.208637 0.542102 0.011573 0.011387
0 0.351907 0.789991 0.012564 0.012743
0 0.525075 0.349580 0.013756 0.013674
0 0.303841 0.277274 0.012892 0.012786
0 0.222970 0.470440 0.013012 0.013094
0 0.860441 0.363820 0.011777 0.011319
0 0.221953 0.541505 0.010792 0.010708
0 0.290213 0.811623 0.013186 0.013048
0 0.866774 0.123640 0.011417 0.011273
0 0.079485 0.639687 0.012485 0.012356
0 0.672087 0.281665 0.013470 0.013192
0 0.746201 0.322276 0.014310 0.014282
0 0.499183 0.038446 0.011361 0.011419
0 0.586818 0.869820 0.012213 0.012541
0 0.993469 0.836973 0.013061 0.014270
0 0.441459 0.129744 0.012643 0.012744
0 0.255962 0.019829 0.011689 0.011793
0 0.541804 0.973567 0.011564 0.011396
0 0.484608 0.729494 0.011841 0.011926
0 0.474535 0.746882 0.012312 0.012255
0 0.891795 0.073139 0.013671 0.013524
0 0.032719 0.959027 0.012920 0.013029
0 0.731715 0.009951 0.013007 0.012863
0 0.637932 0.043970 0.013690 0.014075
0 0.533574 0.628481 0.020817 0.020689
0 0.191796 0.872103 0.012540 0.012268
0 0.435247 0.571484 0.013225 0.013486
0 0.179327 0.072679 0.011303 0.011207
0 0.696461 0.808965 0.013064 0.012658
0 0.474382 0.600526 0.011220 0.011299
0 0.330876 0.518674 0.012007 0.012020
0 0.081795 0.614545 0.011105 0.011006
0 0.149029 0.015037 0.012276 0.012166
0 0.221647 0.076151 0.014166 0.014577
0 0.883862 0.120611 0.012305 0.012196
0 0.413911 0.810929 0.011908 0.011713
0 0.332434 0.800733 0.013556 0.013288
0 0.327345 0.314085 0.013246 0.013024
0 0.010049 0.146618 0.011879 0.011684
0 0.935755 0.606412 0.013024 0.012574
0 0.848828 0.710293 0.022221 0.021907
0 0.719231 0.251551 0.012961 0.012916
0 0.025542 0.896054 0.012726 0.012594
0 0.422239 0.555465 0.013054 0.012896
0 0.274465 0.251170 0.011626 0.011835
0 0.003176 0.979806 0.006324 0.013446
0 0.394658 0.944761 0.010500 0.010374
0 0.174839 0.824980 0.012636 0.012617
0 0.788614 0.005270 0.011991 0.010540
0 0.381052 0.200825 0.011796 0.010510
0 0.103440 0.980173 0.007631 0.010476
0 0.078115 0.964275 0.012879 0.013188
0 0.604538 0.434646 0.012693 0.012531
0 0.423253 0.002666 0.010023 0.005311
0 0.602346 0.001609 0.013007 0.003219
0 0.481875 0.833837 0.011970 0.012442
0 0.493756 0.543820 0.014095 0.014091
