0 0.755998 0.099091 0.013591 0.013565
0 0.260967 0.116381 0.012694 0.012740
0 0.055770 0.278032 0.013180 0.013324
0 0.930450 0.198761 0.012981 0.012894
0 0.739724 0.513129 0.012741 0.012818
0 0.926913 0.640767 0.012836 0.012520
0 0.449892 0.384378 0.011275 0.011450
0 0.257611 0.244271 0.014933 0.014754
0 0.204767 0.821325 0.014606 0.014259
0 0.239817 0.916308 0.013765 0.013719
0 0.479364 0.306358 0.012670 0.012843
0 0.869642 0.501036 0.012832 0.012831
0 0.904153 0.447597 0.013702 0.013658
0 0.221284 0.060094 0.011975 0.011933
0 0.421398 0.149550 0.013843 0.014102
0 0.889609 0.628304 0.011636 0.011790
0 0.822471 0.925209 0.012658 0.012791
0 0.051896 0.404691 0.011999 0.011963
0 0.322655 0.133059 0.011793 0.011443
0 0.186976 0.889534 0.013723 0.013721
0 0.854398 0.286470 0.012180 0.011952
0 0.358263 0.104991 0.011810 0.011991
0 0.737219 0.633458 0.013784 0.014110
0 0.973574 0.903910 0.012135 0.012120
0 0.737259 0.263384 0.011375 0.011418
0 0.687624 0.113223 0.013403 0.013496
0 0.522467 0.803200 0.013187 0.012945
0 0.447628 0.179646 0.013040 0.013030
0 0.462153 0.960038 0.013965 0.013936
0 0.147264 0.072374 0.013502 0.013016
0 0.542628 0.362966 0.012795 0.012709
0 0.662396 0.105542 0.013337 0.013036
0 0.588413 0.732901 0.013520 0.013514
0 0.907286 0.042813 0.012675 0.012578
0 0.804568 0.197970 0.011579 0.011550
0 0.898300 0.560267 0.012069 0.011871
0 0.340794 0.404121 0.013896 0.014041
0 0.749020 0.616285 0.012809 0.012742
0 0.754131 0.313875 0.011757 0.011796
0 0.525085 0.346252 0.013544 0.013401
0 0.799153 0.245236 0.013668 0.013685
0 0.456983 0.718915 0.013139 0.013491
0 0.641559 0.143064 0.011781 0.011684
0 0.727020 0.583992 0.010858 0.010855
0 0.784885 0.296175 0.013124 0.013170
0 0.545021 0.575342 0.014011 0.014120
0 0.500327 0.766557 0.012293 0.012234
0 0.091191 0.300983 0.011613 0.011625
0 0.394920 0.283577 0.014036 0.013957
0 0.306387 0.723314 0.013282 0.013222
0 0.345022 0.586889 0.013067 0.013171
0 0.398640 0.335757 0.012414 0.012409
0 0.783040 0.327567 0.012509 0.012566
0 0.757578 0.338000 0.013362 0.013301
0 0.446565 0.956378 0.013085 0.013358
0 0.574377 0.438827 0.011125 0.011092
0 0.534145 0.217952 0.011770 0.011555
0 0.099923 0.574485 0.011606 0.011410
0 0.370457 0.808173 0.010650 0.010585
0 0.585373 0.950728 0.013675 0.013667
0 0.550217 0.525809 0.011404 0.011263
0 0.212419 0.694090 0.011670 0.011715
0 0.995086 0.063993 0.009828 0.013414
0 0.332223 0.517703 0.012287 0.011905
0 0.006402 0.463588 0.011796 0.011842
0 0.616183 0.991811 0.011936 0.012051
0 0.815236 0.589825 0.013022 0.013285
0 0.027935 0.666560 0.012694 0.012868
0 0.543140 0.973304 0.011762 0.011673
0 0.298396 0.612755 0.012872 0.012406
0 0.612349 0.366350 0.010897 0.011045
0 0.145467 0.596752 0.011840 0.011822
0 0.125467 0.345638 0.012155 0.012187
0 0.422181 0.555736 0.014409 0.014226
0 0.227451 0.649242 0.012235 0.011709
0 0.131964 0.906118 0.012062 0.012201
0 0.245651 0.686902 0.012826 0.013003
0 0.109142 0.979562 0.013203 0.013351
0 0.565482 0.314635 0.010517 0.010451
0 0.332713 0.872383 0.009307 0.009331
0 0.196222 0.701680 0.013516 0.013727
0 0.708305 0.361055 0.010140 0.009911
0 0.942163 0.073798 0.011447 0.011559
0 0.441672 0.058866 0.012110 0.012370
0 0.503624 0.021816 0.013482 0.013641
0 0.127982 0.941773 0.011877 0.011935
0 0.787777 0.004894 0.012874 0.009725
0 0.984697 0.883127 0.011509 0.011547
0 0.556031 0.386132 0.009125 0.009459
0 0.112406 0.456538 0.013862 0.013505
0 0.398781 0.154795 0.011468 0.011457
0 0.957021 0.188933 0.012698 0.012395
0 0.571607 0.356153 0.011560 0.011356
0 0.101376 0.470760 0.012122 0.011959
0 0.205723 0.872685 0.013106 0.012962
0 0.424053 0.632143 0.010696 0.010809
0 0.481565 0.909848 0.011095 0.010968
0 0.079985 0.310786 0.013216 0.013362
0 0.845832 0.713891 0.019233 0.018496
0 0.437603 0.002064 0.011525 0.004127
0 0.422663 0.631421 0.010310 0.010234
0 0.439654 0.002677 0.012173 0.005324
0 0.493867 0.542382 0.011554 0.011332
0 0.223543 0.467394 0.011775 0.011765
0 0.055405 0.958979 0.012022 0.011840
0 0.367388 0.929524 0.008711 0.008494
0 0.480600 0.911001 0.010983 0.011157
