0 0.277054 0.686818 0.014419 0.014382
0 0.861145 0.447008 0.013360 0.013379
0 0.809041 0.545252 0.012307 0.012064
0 0.898360 0.694742 0.013776 0.013657
0 0.465659 0.079062 0.013352 0.013547
0 0.184528 0.566837 0.012897 0.012796
0 0.521083 0.319750 0.014293 0.014143
0 0.424216 0.953769 0.013137 0.012857
0 0.514590 0.051689 0.012894 0.012747
0 0.396730 0.495912 0.013635 0.013409
0 0.562883 0.378878 0.013002 0.012879
0 0.948773 0.800713 0.012713 0.012541
0 0.042784 0.481361 0.013228 0.013385
0 0.460972 0.958739 0.012668 0.012805
0 0.524615 0.349623 0.013367 0.013146
0 0.072544 0.628563 0.011644 0.011528
0 0.812844 0.282142 0.013273 0.012931
0 0.849128 0.050009 0.013981 0.014324
0 0.750430 0.548497 0.012984 0.012959
0 0.526071 0.932188 0.012852 0.012886
0 0.414390 0.412966 0.014023 0.014056
0 0.197004 0.109704 0.012364 0.012364
0 0.748055 0.618470 0.013570 0.013458
0 0.563553 0.082163 0.013108 0.012957
0 0.138191 0.534664 0.013764 0.013590
0 0.279563 0.318236 0.012519 0.012479
0 0.250236 0.853472 0.011387 0.011278
0 0.542419 0.975878 0.013271 0.012939
0 0.286271 0.196572 0.012564 0.012699
0 0.476703 0.105415 0.012806 0.012868
0 0.075748 0.472432 0.012504 0.012391
0 0.400256 0.725879 0.011399 0.011567
0 0.612122 0.345016 0.012924 0.012995
0 0.949383 0.026850 0.013142 0.013210
0 0.251332 0.530197 0.013209 0.013054
0 0.813994 0.712857 0.012975 0.013096
0 0.366064 0.465638 0.014267 0.014112
0 0.370127 0.201233 0.013948 0.013719
0 0.356880 0.138300 0.012113 0.012302
0 0.105369 0.430509 0.013399 0.013273
0 0.331217 0.518910 0.011904 0.011901
0 0.843991 0.420439 0.012587 0.012309
0 0.386329 0.316208 0.011518 0.011533
0 0.204714 0.058134 0.013551 0.013430
0 0.986503 0.853125 0.013759 0.013599
0 0.272370 0.225671 0.012461 0.012386
0 0.428312 0.732055 0.013422 0.013285
0 0.197369 0.031258 0.012597 0.012533
0 0.084121 0.222669 0.011635 0.011306
0 0.606693 0.043752 0.012809 0.012827
0 0.535952 0.224236 0.012631 0.012685
0 0.945304 0.538811 0.013411 0.013450
0 0.223453 0.469312 0.012446 0.012648
0 0.695938 0.052305 0.012484 0.012657
0 0.876083 0.249824 0.012844 0.012918
0 0.197174 0.170190 0.011527 0.011239
0 0.094557 0.344419 0.012100 0.012024
0 0.425099 0.756206 0.013903 0.013896
0 0.045028 0.378067 0.013340 0.013551
0 0.495355 0.543044 0.014216 0.014195
0 0.782115 0.023344 0.012627 0.012674
0 0.502550 0.396887 0.014302 0.014213
0 0.691510 0.027461 0.011971 0.012039
0 0.752300 0.450239 0.011114 0.011637
0 0.737487 0.166299 0.013816 0.013665
0 0.694245 0.917008 0.012810 0.012664
0 0.787187 0.452751 0.014781 0.014536
0 0.225033 0.652349 0.013256 0.012835
0 0.127806 0.248794 0.012520 0.012577
0 0.516802 0.969842 0.013519 0.013267
0 0.930771 0.490789 0.012777 0.012721
0 0.099017 0.189500 0.011547 0.011182
0 0.411955 0.092458 0.012405 0.012901
0 0.460388 0.534645 0.011042 0.010966
0 0.436839 0.589484 0.009839 0.009813
0 0.923415 0.023074 0.012584 0.012647
0 0.917247 0.098566 0.011790 0.011480
0 0.234324 0.565373 0.013234 0.013337
0 0.373601 0.486809 0.014535 0.014551
0 0.185805 0.891669 0.012793 0.012735
0 0.035760 0.250543 0.012892 0.012735
0 0.109309 0.981157 0.013124 0.013153
0 0.579266 0.506022 0.012879 0.013062
0 0.277254 0.736943 0.014871 0.014990
0 0.265673 0.175298 0.010514 0.010379
0 0.088969 0.831265 0.012762 0.012811
0 0.644293 0.136293 0.011956 0.011579
0 0.617197 0.847460 0.011820 0.011771
0 0.283131 0.269639 0.011270 0.011349
0 0.601916 0.669607 0.012566 0.012688
0 0.337512 0.007675 0.012731 0.012965
0 0.164856 0.531532 0.012860 0.013278
0 0.121633 0.450215 0.011768 0.011679
0 0.092047 0.268916 0.011228 0.011456
0 0.058310 0.955802 0.011743 0.011614
0 0.747811 0.407105 0.011519 0.011473
0 0.626647 0.101690 0.012470 0.012359
0 0.849204 0.710864 0.022503 0.022497
0 0.592593 0.004847 0.013132 0.009694
0 0.421421 0.555997 0.013673 0.013674
0 0.305798 0.722558 0.011702 0.011505
0 0.766830 0.452625 0.012968 0.014431
0 0.079816 0.770076 0.011098 0.011189
0 0.652983 0.435127 0.012285 0.012074
0 0.399638 0.571027 0.010665 0.010434
0 0.768800 0.333569 0.011758 0.011668
0 0.929736 0.428598 0.013432 0.013893
0 0.119185 0.521649 0.010019 0.009879
0 0.398093 0.570317 0.011431 0.010877
0 0.441553 0.059977 0.012904 0.012992
0 0.961824 0.995754 0.013524 0.008478
0 0.436695 0.836047 0.013816 0.013803
0 0.588927 0.959481 0.011379 0.011153
0 0.501963 0.603057 0.011787 0.011602
0 0.125520 0.852558 0.011288 0.011181
0 0.921720 0.776538 0.013478 0.013688
0 0.857224 0.316116 0.011356 0.011056
0 0.630109 0.496792 0.011899 0.011882
0 0.133648 0.573063 0.010290 0.010541
0 0.494709 0.994446 0.011605 0.010521
0 0.500432 0.601341 0.011088 0.011451
