0 0.421611 0.271794 0.012525 0.012263
0 0.686305 0.567523 0.012308 0.012355
0 0.623874 0.169987 0.012439 0.012128
0 0.432277 0.480078 0.013044 0.012984
0 0.412550 0.712441 0.013224 0.013133
0 0.055845 0.355600 0.013130 0.013085
0 0.662025 0.095660 0.012727 0.012681
0 0.479747 0.759772 0.011797 0.011799
0 0.835139 0.141737 0.011908 0.012002
0 0.653720 0.587733 0.012292 0.012465
0 0.541724 0.549220 0.012189 0.012103
0 0.278996 0.436861 0.012036 0.011905
0 0.463271 0.814337 0.013097 0.013090
0 0.620393 0.331176 0.012643 0.012653
0 0.925174 0.035883 0.012488 0.012475
0 0.544390 0.222286 0.012634 0.012565
0 0.699302 0.273445 0.012890 0.012687
0 0.431573 0.104044 0.012490 0.012329
0 0.903449 0.537127 0.013027 0.012833
0 0.543320 0.726361 0.011864 0.011595
0 0.295194 0.665598 0.012459 0.012496
0 0.483248 0.279649 0.010387 0.010206
0 0.095746 0.384223 0.012533 0.012340
0 0.431982 0.394892 0.014674 0.014532
0 0.340328 0.858097 0.012705 0.012631
0 0.955926 0.424678 0.013057 0.013177
0 0.283132 0.158430 0.012719 0.012766
0 0.317685 0.514701 0.011961 0.012066
0 0.453585 0.318213 0.014304 0.014286
0 0.080936 0.634442 0.013620 0.013700
0 0.469505 0.160321 0.013388 0.013316
0 0.600361 0.931711 0.015021 0.014900
0 0.224100 0.398692 0.013127 0.013100
0 0.467932 0.188094 0.012687 0.012618
0 0.144345 0.017849 0.012161 0.012192
0 0.444015 0.373199 0.011684 0.011517
0 0.650496 0.417162 0.011934 0.011960
0 0.400521 0.552318 0.012878 0.013077
0 0.281825 0.938554 0.010376 0.010150
0 0.733752 0.622349 0.013994 0.013751
0 0.468593 0.621362 0.012760 0.012799
0 0.504452 0.476093 0.013674 0.013550
0 0.422327 0.902948 0.012411 0.012423
0 0.320270 0.352584 0.012546 0.012650
0 0.025425 0.824024 0.012541 0.012291
0 0.877620 0.304626 0.012970 0.012951
0 0.883275 0.739069 0.013020 0.012994
0 0.893006 0.578851 0.012461 0.012222
0 0.328228 0.763430 0.013567 0.013637
0 0.345861 0.728331 0.012751 0.012670
0 0.769396 0.024149 0.011451 0.011638
0 0.734619 0.579377 0.011393 0.011572
0 0.350651 0.762512 0.011216 0.011268
0 0.138928 0.033239 0.012515 0.012177
0 0.457906 0.921242 0.013792 0.013779
0 0.114759 0.730302 0.012519 0.012507
0 0.771227 0.100504 0.014240 0.014540
0 0.823816 0.013550 0.013192 0.013180
0 0.969251 0.600647 0.011740 0.011186
0 0.408099 0.667823 0.013048 0.012897
0 0.261007 0.600990 0.012633 0.012697
0 0.937075 0.275610 0.011938 0.011987
0 0.171515 0.962624 0.011258 0.011295
0 0.866858 0.357376 0.011850 0.011603
0 0.594535 0.578079 0.013951 0.014060
0 0.395812 0.965636 0.012900 0.012707
0 0.217413 0.839327 0.013451 0.013377
0 0.784236 0.523017 0.013206 0.013156
0 0.571413 0.523898 0.013857 0.013793
0 0.503911 0.359653 0.013177 0.013061
0 0.184918 0.610799 0.011984 0.011980
0 0.029531 0.372568 0.015441 0.015341
0 0.709532 0.668300 0.011584 0.011639
0 0.833033 0.497765 0.013176 0.013278
0 0.605704 0.799473 0.013571 0.013479
0 0.481394 0.413364 0.014048 0.014157
0 0.154613 0.219337 0.012471 0.012399
0 0.230275 0.461636 0.013348 0.013252
0 0.672981 0.609144 0.013919 0.013890
0 0.943745 0.850376 0.014589 0.014760
0 0.774486 0.336052 0.012141 0.012105
0 0.086537 0.756271 0.012335 0.012333
0 0.818352 0.236831 0.011844 0.011722
0 0.738186 0.710959 0.013513 0.013453
0 0.904566 0.072944 0.009034 0.008813
0 0.525777 0.968487 0.013517 0.013656
0 0.816564 0.488089 0.010895 0.011021
0 0.983103 0.513253 0.014003 0.013358
0 0.732220 0.782431 0.012272 0.012101
0 0.569418 0.762405 0.012461 0.012754
0 0.968238 0.029579 0.010657 0.009961
0 0.599768 0.260457 0.009515 0.009405
0 0.886766 0.117550 0.009371 0.009505
0 0.365565 0.292946 0.012211 0.012080
0 0.061943 0.910221 0.011327 0.011492
0 0.096060 0.357833 0.014177 0.014173
0 0.088164 0.926951 0.011987 0.011840
0 0.033926 0.801065 0.013120 0.013233
0 0.112215 0.170694 0.012412 0.012674
0 0.129437 0.944601 0.012672 0.012710
0 0.849659 0.713778 0.019638 0.019113
0 0.338519 0.822913 0.011279 0.011459
0 0.743006 0.437515 0.011556 0.011598
0 0.870552 0.564650 0.011766 0.011518
0 0.218174 0.994934 0.010814 0.009641
0 0.998043 0.472776 0.003850 0.010810
0 0.534824 0.629860 0.024291 0.023983
0 0.973627 0.658918 0.010270 0.010159
0 0.577761 0.388267 0.011486 0.011943
0 0.026773 0.905574 0.011375 0.011070
0 0.852530 0.996439 0.011320 0.007123
0 0.837090 0.650108 0.011938 0.011981
0 0.813971 0.462624 0.014004 0.013833
0 0.484055 0.589969 0.009074 0.008976
0 0.768409 0.535190 0.012840 0.012041
0 0.872650 0.108344 0.011140 0.010791
0 0.974887 0.659827 0.010953 0.010884
0 0.874899 0.887029 0.012463 0.012567
0 0.085297 0.783794 0.011862 0.011886
0 0.804173 0.539014 0.010809 0.010954
0 0.917339 0.004470 0.011767 0.008888
0 0.363694 0.293155 0.013071 0.013038
0 0.879409 0.977336 0.012720 0.012399
0 0.874194 0.107801 0.011524 0.011126
0 0.787760 0.926227 0.011530 0.011681
0 0.777545 0.039993 0.010740 0.010514
0 0.864610 0.537522 0.009787 0.009637
