0 0.207663 0.403309 0.011740 0.011600
0 0.116680 0.069910 0.011907 0.011831
0 0.285349 0.559763 0.012690 0.012462
0 0.796045 0.345625 0.012874 0.012825
0 0.749389 0.616493 0.013067 0.013021
0 0.231811 0.549317 0.013726 0.013517
0 0.248998 0.407846 0.012269 0.012293
0 0.012741 0.710978 0.013507 0.013482
0 0.902643 0.583423 0.011926 0.011923
0 0.059558 0.836111 0.012750 0.012745
0 0.675158 0.540366 0.012194 0.012220
0 0.524963 0.346815 0.013033 0.012719
0 0.231457 0.238906 0.010513 0.010561
0 0.635257 0.550627 0.011934 0.012034
0 0.588366 0.686606 0.013205 0.013062
0 0.146036 0.073358 0.011146 0.011245
0 0.301096 0.690356 0.013040 0.012860
0 0.378387 0.326387 0.012906 0.012884
0 0.223510 0.466262 0.012798 0.012528
0 0.087903 0.352057 0.011697 0.011551
0 0.226926 0.648897 0.012123 0.011863
0 0.875090 0.539404 0.011810 0.011726
0 0.171940 0.975303 0.012796 0.012995
0 0.563007 0.826005 0.011106 0.010898
0 0.072128 0.529194 0.013380 0.013217
0 0.401061 0.608138 0.010727 0.010776
0 0.460454 0.095665 0.012095 0.012128
0 0.187308 0.888842 0.013535 0.013398
0 0.542564 0.973617 0.011908 0.011740
0 0.689196 0.061168 0.012681 0.012813
0 0.458767 0.957642 0.011825 0.011912
0 0.128215 0.854820 0.013310 0.013341
0 0.071981 0.280436 0.011284 0.011026
0 0.165581 0.485905 0.011487 0.011262
0 0.594222 0.302315 0.011116 0.010844
0 0.388903 0.937297 0.012108 0.012094
0 0.841224 0.799215 0.010814 0.010811
0 0.948762 0.689657 0.011288 0.011092
0 0.747764 0.921247 0.012777 0.012706
0 0.065781 0.452662 0.012295 0.012777
0 0.818768 0.321243 0.011983 0.012041
0 0.250866 0.497266 0.011435 0.011359
0 0.815591 0.434319 0.012070 0.012211
0 0.043278 0.555711 0.012984 0.013422
0 0.484596 0.971274 0.012315 0.012047
0 0.810788 0.530475 0.011869 0.012072
0 0.175455 0.004294 0.010335 0.008588
0 0.335792 0.189938 0.011568 0.011681
0 0.491093 0.763996 0.011575 0.011367
0 0.047772 0.364767 0.010603 0.010774
0 0.547523 0.843023 0.011276 0.011192
0 0.623408 0.430192 0.010556 0.010642
0 0.744220 0.115087 0.010929 0.011117
0 0.810726 0.744066 0.009518 0.009868
0 0.685670 0.443174 0.011717 0.011791
0 0.633497 0.087376 0.015888 0.015825
0 0.322707 0.694890 0.009917 0.009565
0 0.093282 0.985064 0.013462 0.013124
0 0.433654 0.756488 0.011941 0.011695
0 0.151504 0.960011 0.014178 0.014083
0 0.969065 0.722619 0.012653 0.012638
0 0.110534 0.980017 0.014070 0.013921
0 0.344265 0.296929 0.022136 0.021859
0 0.193259 0.926964 0.010239 0.010239
0 0.881331 0.154051 0.011443 0.011491
0 0.530566 0.637128 0.022107 0.022154
0 0.574193 0.204720 0.009994 0.009928
0 0.847991 0.718577 0.019851 0.019294
0 0.687955 0.204538 0.012308 0.012120
0 0.788045 0.766192 0.011346 0.011728
0 0.876296 0.309092 0.010205 0.010933
0 0.760829 0.824001 0.011692 0.011654
0 0.329181 0.517165 0.010853 0.010665
0 0.352852 0.416798 0.011195 0.010998
0 0.363080 0.220111 0.012417 0.012864
0 0.360792 0.218583 0.012498 0.012491
0 0.467413 0.707735 0.010064 0.009809
0 0.630435 0.138027 0.011146 0.011255
0 0.132546 0.701893 0.010419 0.010514
