0 0.542959 0.972640 0.013208 0.013018
0 0.483431 0.448808 0.013480 0.013430
0 0.940959 0.597492 0.014151 0.013908
0 0.459650 0.957040 0.013315 0.013379
0 0.542021 0.367631 0.010823 0.010630
0 0.525209 0.346680 0.012852 0.012686
0 0.784717 0.891938 0.012130 0.012103
0 0.444986 0.361842 0.012062 0.011887
0 0.454859 0.093749 0.013409 0.013237
0 0.289358 0.664361 0.014216 0.014194
0 0.047078 0.356771 0.011699 0.011614
0 0.784648 0.117824 0.012730 0.012587
0 0.346452 0.090424 0.013369 0.013281
0 0.865581 0.139177 0.011872 0.011766
0 0.474809 0.848877 0.010914 0.010905
0 0.981603 0.279102 0.011644 0.011402
0 0.781487 0.383509 0.012413 0.012339
0 0.749102 0.616429 0.013002 0.012979
0 0.145271 0.593808 0.012947 0.012809
0 0.085180 0.619486 0.013377 0.013232
0 0.541533 0.154516 0.013023 0.013289
0 0.046702 0.687547 0.011755 0.011724
0 0.056485 0.725106 0.013562 0.013577
0 0.226700 0.649570 0.012348 0.012098
0 0.912264 0.442923 0.011737 0.011285
0 0.563488 0.291726 0.012980 0.012902
0 0.848454 0.305245 0.012967 0.012734
0 0.860627 0.753263 0.013795 0.013546
0 0.232726 0.167194 0.013773 0.013664
0 0.666487 0.782384 0.012445 0.012759
0 0.687884 0.020150 0.012435 0.012440
0 0.957309 0.402715 0.010083 0.010220
0 0.444698 0.661136 0.011964 0.012231
0 0.759132 0.633736 0.011440 0.011522
0 0.266415 0.911027 0.012878 0.012582
0 0.763465 0.962362 0.012361 0.012205
0 0.121879 0.782926 0.012827 0.012986
0 0.457135 0.191821 0.013334 0.013327
0 0.779481 0.813190 0.011730 0.011607
0 0.345705 0.295565 0.022467 0.022537
0 0.971809 0.373469 0.010434 0.010497
0 0.617409 0.950107 0.011540 0.011436
0 0.732179 0.409511 0.010189 0.009805
0 0.503532 0.502746 0.012306 0.012461
0 0.959599 0.589116 0.011786 0.011732
0 0.453962 0.839216 0.012634 0.012810
0 0.608083 0.891045 0.012066 0.012017
0 0.140778 0.298493 0.012455 0.012499
0 0.988632 0.565081 0.012001 0.011716
0 0.636956 0.739450 0.012033 0.012013
0 0.152816 0.488693 0.012542 0.012535
0 0.936327 0.160673 0.011612 0.011480
0 0.817619 0.480226 0.011365 0.011371
0 0.598809 0.385133 0.012368 0.012630
0 0.713742 0.420260 0.011979 0.011638
0 0.109629 0.979386 0.013502 0.013428
0 0.130687 0.728139 0.013181 0.013104
0 0.243063 0.511557 0.012230 0.012085
0 0.185462 0.889682 0.013065 0.012985
0 0.288569 0.279637 0.012740 0.012570
0 0.828387 0.656574 0.011127 0.011055
0 0.114088 0.216403 0.012112 0.011825
0 0.467039 0.514623 0.011750 0.011915
0 0.927357 0.064422 0.011091 0.011096
0 0.381812 0.325376 0.012401 0.012205
0 0.199755 0.480381 0.013276 0.013366
0 0.222580 0.466746 0.013637 0.013668
0 0.530078 0.637560 0.022810 0.023223
0 0.183125 0.905943 0.010992 0.010860
0 0.007353 0.122166 0.012399 0.012129
0 0.132414 0.708755 0.012668 0.012795
0 0.884608 0.792829 0.015158 0.015680
0 0.847923 0.717322 0.020226 0.020006
0 0.258167 0.336014 0.011770 0.012087
0 0.371989 0.452419 0.010770 0.010721
0 0.197117 0.249347 0.011788 0.011569
0 0.367043 0.277224 0.012078 0.011828
0 0.788372 0.004596 0.011167 0.009149
0 0.857349 0.004551 0.009912 0.008930
0 0.209022 0.498314 0.012058 0.011890
0 0.701239 0.822242 0.019797 0.019026
0 0.581292 0.610417 0.011213 0.011376
0 0.843586 0.753740 0.011390 0.011431
0 0.093984 0.836646 0.011298 0.011058
0 0.449431 0.212863 0.015857 0.015925
0 0.535519 0.254122 0.012397 0.012157
0 0.938683 0.461677 0.009363 0.009774
0 0.333921 0.517323 0.009694 0.009846
0 0.338170 0.414401 0.010132 0.010063
0 0.008217 0.506472 0.012507 0.013198
0 0.190981 0.416889 0.011147 0.011737
0 0.374643 0.226053 0.020188 0.020266
0 0.262836 0.652507 0.010808 0.010590
0 0.804128 0.372795 0.009984 0.010161
