0 0.111952 0.386299 0.012201 0.012059
0 0.833183 0.034242 0.013052 0.012960
0 0.036048 0.380118 0.012299 0.012284
0 0.796842 0.080647 0.012574 0.012565
0 0.966180 0.803015 0.012721 0.012508
0 0.463030 0.617958 0.013053 0.013100
0 0.342316 0.379607 0.013166 0.013116
0 0.105996 0.349089 0.014600 0.014434
0 0.568401 0.225931 0.012874 0.012773
0 0.492767 0.582424 0.012244 0.012070
0 0.612707 0.212412 0.012662 0.012523
0 0.618406 0.530379 0.012480 0.012475
0 0.526588 0.397005 0.011908 0.012065
0 0.182448 0.626437 0.012069 0.012033
0 0.925942 0.849108 0.014306 0.014309
0 0.937168 0.274901 0.012861 0.012980
0 0.279039 0.436440 0.012011 0.011934
0 0.658212 0.083909 0.012363 0.012617
0 0.275478 0.072744 0.011203 0.011143
0 0.374176 0.458066 0.012155 0.012172
0 0.180097 0.511027 0.012625 0.012460
0 0.195536 0.530740 0.012764 0.012795
0 0.984366 0.456448 0.012680 0.012563
0 0.902739 0.541945 0.013388 0.013209
0 0.242369 0.430743 0.013611 0.013530
0 0.758628 0.392018 0.012424 0.012426
0 0.517033 0.746550 0.012980 0.012783
0 0.649892 0.174162 0.011114 0.010920
0 0.448389 0.102338 0.013213 0.013329
0 0.238349 0.292073 0.012722 0.012693
0 0.394453 0.517515 0.012787 0.012896
0 0.735390 0.360055 0.013927 0.013852
0 0.838841 0.379673 0.012146 0.011843
0 0.489835 0.781183 0.012282 0.012194
0 0.117632 0.464437 0.011218 0.011212
0 0.398458 0.697593 0.013587 0.013709
0 0.262776 0.141939 0.012646 0.012590
0 0.397285 0.950602 0.012842 0.012414
0 0.768173 0.534506 0.013446 0.012982
0 0.342675 0.196254 0.012773 0.012882
0 0.258199 0.803371 0.010579 0.010585
0 0.680054 0.271772 0.012912 0.012739
0 0.233497 0.646984 0.013886 0.013617
0 0.659124 0.411448 0.013086 0.013125
0 0.846211 0.193173 0.013803 0.013731
0 0.163988 0.207276 0.012544 0.012629
0 0.889354 0.588266 0.012413 0.012406
0 0.063930 0.654959 0.012343 0.012061
0 0.693294 0.262029 0.012205 0.012176
0 0.960880 0.619247 0.011550 0.011111
0 0.930163 0.760716 0.013731 0.013656
0 0.305158 0.444850 0.012629 0.012561
0 0.517404 0.082316 0.013920 0.014207
0 0.864171 0.107202 0.012128 0.011975
0 0.630534 0.672902 0.014055 0.014122
0 0.648282 0.578925 0.011519 0.011475
0 0.069122 0.194973 0.012983 0.013255
0 0.105633 0.930963 0.013049 0.012895
0 0.889946 0.861422 0.011486 0.011583
0 0.433717 0.116268 0.014248 0.014284
0 0.202444 0.815848 0.012670 0.012439
0 0.088384 0.934655 0.011500 0.011168
0 0.317002 0.361312 0.012932 0.012842
0 0.534121 0.628673 0.019964 0.019647
0 0.901652 0.076185 0.011753 0.011554
0 0.825230 0.551918 0.012924 0.012932
0 0.063715 0.754446 0.012387 0.012426
0 0.702497 0.539057 0.014089 0.013771
0 0.571569 0.779228 0.013319 0.013419
0 0.659346 0.910944 0.012332 0.012282
0 0.877647 0.118585 0.009724 0.009552
0 0.326988 0.753799 0.013205 0.013459
0 0.950139 0.413597 0.011880 0.012020
0 0.112359 0.734494 0.012297 0.012532
0 0.556864 0.586939 0.013585 0.013954
0 0.969579 0.581970 0.012450 0.012403
0 0.183441 0.692646 0.012122 0.012245
0 0.673291 0.656343 0.013949 0.013997
0 0.292214 0.834240 0.012119 0.012315
0 0.771497 0.796746 0.012806 0.012862
0 0.692386 0.005991 0.011359 0.011239
0 0.976858 0.049142 0.010284 0.009954
0 0.963426 0.707364 0.011701 0.011630
0 0.379384 0.741843 0.013881 0.013399
0 0.461666 0.379443 0.013263 0.013008
0 0.983332 0.514012 0.014618 0.013929
0 0.963221 0.232528 0.011866 0.012138
0 0.349555 0.291318 0.024069 0.024538
0 0.222709 0.951247 0.012394 0.012367
0 0.342752 0.896362 0.012898 0.013068
0 0.409063 0.882233 0.012387 0.012112
0 0.762407 0.104001 0.013667 0.013514
0 0.899249 0.995014 0.012074 0.009972
0 0.905778 0.926476 0.012059 0.012129
0 0.021971 0.830665 0.012387 0.012424
0 0.774894 0.931151 0.010709 0.010684
0 0.869607 0.571004 0.011760 0.011985
0 0.937170 0.055099 0.011872 0.011829
0 0.429637 0.934198 0.013245 0.013278
0 0.852578 0.878234 0.012480 0.012524
0 0.875599 0.977029 0.013661 0.013625
0 0.804763 0.540417 0.011673 0.011473
0 0.775108 0.102875 0.013222 0.013881
0 0.831024 0.684538 0.011567 0.011474
0 0.732185 0.625529 0.013420 0.013604
0 0.505647 0.463097 0.012135 0.012120
0 0.312122 0.987927 0.011800 0.011526
0 0.326641 0.735872 0.012724 0.012443
0 0.780743 0.423927 0.012730 0.012974
0 0.849804 0.546823 0.011961 0.011961
0 0.915829 0.003807 0.009878 0.007613
0 0.746741 0.702296 0.013052 0.013437
0 0.692983 0.911318 0.011755 0.012063
