0 0.523825 0.082937 0.012591 0.012625
0 0.553312 0.101048 0.013327 0.013375
0 0.072734 0.744345 0.011884 0.012140
0 0.092880 0.545003 0.012570 0.012396
0 0.107993 0.090188 0.012564 0.012472
0 0.763476 0.007865 0.012808 0.013073
0 0.634968 0.021600 0.013359 0.013286
0 0.130140 0.714300 0.013533 0.013466
0 0.068635 0.662964 0.012036 0.011824
0 0.689020 0.593395 0.012840 0.012788
0 0.871689 0.624390 0.013626 0.013481
0 0.775773 0.028854 0.012498 0.012398
0 0.013936 0.174599 0.012151 0.012010
0 0.653692 0.498991 0.012971 0.012850
0 0.649356 0.525596 0.012848 0.013183
0 0.884626 0.477356 0.013564 0.013855
0 0.912649 0.466361 0.013648 0.013736
0 0.167967 0.290859 0.012945 0.013110
0 0.956498 0.509494 0.015445 0.015301
0 0.893592 0.518366 0.013641 0.013431
0 0.757212 0.686604 0.012868 0.012814
0 0.611755 0.008009 0.012709 0.012916
0 0.828056 0.649496 0.013532 0.013607
0 0.503933 0.109750 0.012357 0.012264
0 0.178035 0.121258 0.013513 0.013396
0 0.868688 0.452195 0.014557 0.014522
0 0.559572 0.217599 0.015265 0.014977
0 0.124295 0.438740 0.011851 0.011759
0 0.146670 0.752626 0.012088 0.011923
0 0.625107 0.796267 0.012520 0.012138
0 0.736083 0.620607 0.015219 0.015180
0 0.112507 0.220449 0.014554 0.014157
0 0.716533 0.308833 0.012347 0.012314
0 0.123967 0.420146 0.013585 0.013618
0 0.075411 0.843948 0.012075 0.012059
0 0.631145 0.665254 0.013361 0.013317
0 0.564277 0.619308 0.013375 0.013390
0 0.638639 0.080310 0.014613 0.014209
0 0.090938 0.451288 0.012177 0.012301
0 0.808998 0.451287 0.013214 0.013020
0 0.834072 0.339155 0.012963 0.012858
0 0.519959 0.905095 0.012019 0.012110
0 0.256790 0.874525 0.012928 0.013060
0 0.550056 0.007942 0.011182 0.010724
0 0.286382 0.571716 0.012641 0.012659
0 0.098433 0.019643 0.013373 0.013513
0 0.362908 0.218071 0.013471 0.013376
0 0.149936 0.536709 0.012854 0.012907
0 0.177867 0.798278 0.010809 0.010663
0 0.662283 0.573134 0.013117 0.013025
0 0.433776 0.214786 0.013613 0.013343
0 0.314536 0.312641 0.012661 0.012651
0 0.944866 0.374596 0.013344 0.013273
0 0.131893 0.369898 0.013753 0.013710
0 0.279051 0.436464 0.012362 0.012139
0 0.004489 0.332864 0.008894 0.013950
0 0.486497 0.124470 0.014276 0.014201
0 0.767824 0.386729 0.012822 0.012710
0 0.466701 0.890254 0.013101 0.013202
0 0.186448 0.137509 0.012435 0.012176
0 0.465666 0.262689 0.012866 0.012917
0 0.075168 0.685161 0.012542 0.012012
0 0.939106 0.106206 0.012809 0.012765
0 0.414611 0.454564 0.012901 0.012986
0 0.777840 0.524426 0.011930 0.012101
0 0.021793 0.811739 0.013694 0.013607
0 0.659672 0.417806 0.012660 0.012787
0 0.517520 0.009045 0.011463 0.011649
0 0.672747 0.848149 0.012085 0.011978
0 0.310546 0.657845 0.012840 0.012805
0 0.827870 0.731009 0.011946 0.011808
0 0.660871 0.274924 0.012589 0.012463
0 0.604971 0.170145 0.013014 0.013077
0 0.702643 0.414670 0.013690 0.013860
0 0.829844 0.592643 0.013857 0.013684
0 0.008226 0.638249 0.012724 0.012364
0 0.126203 0.761112 0.012347 0.012136
0 0.820264 0.514384 0.015723 0.015211
0 0.070826 0.977532 0.011622 0.011830
0 0.533930 0.539259 0.011402 0.011492
0 0.747068 0.060187 0.012702 0.012566
0 0.333017 0.666095 0.012502 0.012545
0 0.295350 0.997898 0.012556 0.004203
0 0.470770 0.549556 0.012381 0.012273
0 0.333436 0.923703 0.012600 0.012974
0 0.163976 0.792194 0.011092 0.010964
0 0.164763 0.334384 0.013050 0.013065
0 0.161973 0.108711 0.013511 0.013217
0 0.814133 0.974385 0.011426 0.011263
0 0.809038 0.922546 0.011621 0.011565
0 0.744595 0.325282 0.013736 0.013961
0 0.740727 0.265447 0.011764 0.011989
0 0.271179 0.771100 0.011988 0.011918
0 0.996614 0.463978 0.006772 0.012591
0 0.715096 0.370132 0.012633 0.012754
0 0.726804 0.881100 0.011430 0.011458
0 0.672315 0.931697 0.011817 0.011436
0 0.824302 0.623543 0.013189 0.013088
0 0.485314 0.633695 0.011021 0.011020
0 0.799548 0.553296 0.012629 0.012636
0 0.830537 0.984784 0.012175 0.011554
0 0.821860 0.911622 0.011143 0.011427
0 0.295027 0.996849 0.012410 0.006255
0 0.150155 0.205876 0.015079 0.015208
0 0.552066 0.409674 0.012077 0.011911
0 0.725546 0.880176 0.011287 0.011214
0 0.599491 0.491647 0.014146 0.014059
0 0.423502 0.705152 0.011188 0.011310
0 0.457226 0.412669 0.011805 0.011859
0 0.991114 0.846046 0.014595 0.014725
