0 0.794852 0.349081 0.013114 0.012927
0 0.778709 0.943775 0.013015 0.012984
0 0.692983 0.481613 0.012836 0.012746
0 0.445477 0.377800 0.014227 0.014279
0 0.852588 0.529036 0.014491 0.014370
0 0.362555 0.871717 0.013314 0.013218
0 0.604022 0.899084 0.012258 0.012147
0 0.397765 0.365703 0.013094 0.012951
0 0.531143 0.434366 0.012557 0.012490
0 0.132529 0.936609 0.013470 0.013484
0 0.229158 0.905507 0.012258 0.012184
0 0.620302 0.328573 0.013127 0.013199
0 0.636485 0.916289 0.014179 0.014116
0 0.913003 0.458208 0.013258 0.013388
0 0.517385 0.507283 0.012194 0.012111
0 0.584039 0.438977 0.013588 0.013567
0 0.054326 0.842071 0.013011 0.013125
0 0.737414 0.220403 0.014128 0.014148
0 0.892378 0.365320 0.012817 0.012604
0 0.578447 0.262441 0.012789 0.012830
0 0.308596 0.493381 0.013426 0.013319
0 0.159058 0.787832 0.012356 0.012347
0 0.593335 0.161829 0.013226 0.012978
0 0.290441 0.201891 0.012623 0.012750
0 0.263895 0.070767 0.012266 0.012250
0 0.153922 0.331894 0.012462 0.012373
0 0.953261 0.340110 0.013422 0.013393
0 0.126734 0.220061 0.012799 0.012767
0 0.051131 0.420144 0.012799 0.012759
0 0.561109 0.392344 0.013549 0.013619
0 0.170264 0.366829 0.012371 0.012364
0 0.558301 0.607450 0.013574 0.013465
0 0.942218 0.845571 0.012683 0.012580
0 0.539348 0.396270 0.013495 0.013375
0 0.541514 0.151425 0.012999 0.012823
0 0.200464 0.493747 0.012958 0.012950
0 0.645815 0.936146 0.013305 0.013252
0 0.326093 0.177416 0.013283 0.013299
0 0.111620 0.602658 0.012700 0.012615
0 0.150426 0.859406 0.012248 0.012184
0 0.027315 0.686917 0.014301 0.014140
0 0.467476 0.674747 0.013080 0.012995
0 0.110941 0.392402 0.013011 0.012877
0 0.663479 0.679816 0.013340 0.013250
0 0.094123 0.948087 0.012556 0.012483
0 0.678048 0.725236 0.012819 0.012875
0 0.669533 0.577819 0.013546 0.013699
0 0.094563 0.912249 0.014187 0.014281
0 0.038124 0.510689 0.013005 0.013080
0 0.340241 0.928609 0.013051 0.013037
0 0.853610 0.599260 0.015249 0.014995
0 0.710911 0.047144 0.013533 0.013453
0 0.825210 0.316931 0.014212 0.014386
0 0.487615 0.329790 0.016125 0.016051
0 0.589916 0.748210 0.014107 0.014067
0 0.967481 0.975864 0.013825 0.013809
0 0.937898 0.981396 0.012794 0.012940
0 0.246616 0.045762 0.012038 0.012291
0 0.804212 0.024722 0.012979 0.012845
0 0.208991 0.084434 0.013323 0.013156
0 0.110810 0.821426 0.014263 0.013842
0 0.631827 0.215150 0.014476 0.014207
0 0.450076 0.301604 0.014328 0.014673
0 0.533288 0.874561 0.012691 0.012750
0 0.220611 0.235273 0.013803 0.013673
0 0.023168 0.575191 0.013918 0.013852
0 0.963710 0.644723 0.013425 0.013679
0 0.432815 0.231909 0.013827 0.013906
0 0.448532 0.763806 0.012991 0.012908
0 0.099545 0.121177 0.013517 0.013134
0 0.315096 0.350623 0.013191 0.013124
0 0.816047 0.966335 0.012231 0.012093
0 0.805625 0.799147 0.011985 0.011921
0 0.531387 0.658758 0.014868 0.014792
0 0.411935 0.701988 0.014119 0.014052
0 0.855707 0.070187 0.014191 0.013957
0 0.433883 0.658306 0.015005 0.015184
0 0.480395 0.108318 0.013582 0.013548
0 0.775347 0.459043 0.013801 0.013965
0 0.113867 0.330494 0.013571 0.013820
0 0.632681 0.630993 0.014166 0.014292
0 0.492994 0.616102 0.013700 0.013716
0 0.371924 0.151397 0.014353 0.014455
0 0.115733 0.540727 0.013123 0.013248
0 0.320470 0.016923 0.012977 0.012782
0 0.340839 0.670171 0.014391 0.014222
0 0.157465 0.893516 0.012631 0.012548
0 0.917182 0.970682 0.015022 0.014987
0 0.958861 0.472782 0.013248 0.013304
0 0.745869 0.406248 0.013241 0.013098
0 0.765356 0.273936 0.013658 0.013863
0 0.528085 0.827414 0.014200 0.014154
0 0.189821 0.779296 0.013927 0.013743
0 0.975097 0.174865 0.012489 0.012338
0 0.886572 0.672052 0.014005 0.013988
0 0.365372 0.336606 0.013752 0.013779
0 0.393397 0.598789 0.013279 0.013334
0 0.976120 0.576609 0.012119 0.011925
0 0.563799 0.577268 0.013106 0.013175
0 0.831804 0.138331 0.013189 0.013604
0 0.812797 0.408089 0.012963 0.012899
0 0.679118 0.599122 0.013010 0.012801
0 0.707141 0.501970 0.013422 0.013587
0 0.256580 0.251219 0.013404 0.013359
0 0.521267 0.239008 0.013853 0.013793
0 0.370497 0.090511 0.013664 0.013890
0 0.061588 0.956389 0.013595 0.013684
0 0.242783 0.385008 0.013844 0.013609
0 0.137715 0.424775 0.012522 0.012552
0 0.700673 0.731757 0.014063 0.014200
0 0.554771 0.525285 0.015517 0.015412
0 0.656963 0.984610 0.012264 0.012425
0 0.350398 0.447308 0.014189 0.014263
0 0.323633 0.146728 0.014814 0.014664
0 0.910505 0.615562 0.012683 0.012545
0 0.331121 0.763228 0.013307 0.013138
0 0.604996 0.680011 0.012932 0.013095
0 0.299014 0.396264 0.013371 0.013080
0 0.368736 0.648072 0.012925 0.012975
0 0.056960 0.024578 0.012386 0.012378
0 0.006589 0.868745 0.011699 0.012335
0 0.053233 0.753374 0.014355 0.014245
0 0.801180 0.100390 0.013761 0.013697
0 0.943495 0.403561 0.014610 0.014519
0 0.863309 0.197234 0.013590 0.013949
0 0.309147 0.861186 0.014266 0.014239
0 0.640894 0.253686 0.014821 0.014939
0 0.054759 0.233566 0.012984 0.012949
0 0.945102 0.150274 0.013451 0.012907
0 0.712802 0.976490 0.012530 0.012264
0 0.427553 0.013984 0.013539 0.013653
0 0.446680 0.906301 0.013431 0.013673
0 0.955476 0.036094 0.013939 0.014157
0 0.239379 0.601754 0.013266 0.013238
0 0.701621 0.188909 0.014640 0.014408
0 0.413558 0.453772 0.014124 0.014100
0 0.171316 0.707485 0.013748 0.014061
0 0.524026 0.217704 0.013141 0.012942
0 0.206636 0.992415 0.012334 0.012801
0 0.022269 0.381297 0.013503 0.013537
0 0.454129 0.014114 0.013591 0.013701
0 0.790016 0.187162 0.012644 0.012227
0 0.730500 0.090905 0.014407 0.014311
0 0.905354 0.864590 0.012251 0.012191
0 0.647817 0.840086 0.012924 0.012750
0 0.876875 0.170259 0.013870 0.013869
0 0.192308 0.183202 0.012533 0.012052
0 0.387824 0.969366 0.012315 0.012047
0 0.512856 0.814692 0.014366 0.014337
0 0.784633 0.879389 0.014711 0.014709
0 0.013810 0.447750 0.013796 0.013752
0 0.192216 0.171199 0.012811 0.012283
0 0.961101 0.573800 0.012581 0.012367
0 0.457261 0.572646 0.012673 0.012802
0 0.938289 0.871146 0.012787 0.012551
0 0.738476 0.319823 0.013332 0.013421
0 0.936560 0.015702 0.013552 0.013443
0 0.164366 0.564948 0.013035 0.012994
0 0.160991 0.243819 0.014134 0.014400
0 0.188954 0.007297 0.012883 0.013095
0 0.786062 0.139963 0.013125 0.013253
0 0.026615 0.886960 0.012641 0.012378
0 0.226890 0.681250 0.015070 0.014932
0 0.801059 0.220373 0.014352 0.014503
0 0.303247 0.561060 0.013383 0.013472
0 0.336583 0.217244 0.014425 0.014215
0 0.623860 0.003896 0.012373 0.007706
0 0.151040 0.439000 0.013828 0.013986
0 0.007921 0.990406 0.015009 0.015344
0 0.751068 0.790949 0.012849 0.012813
0 0.983486 0.191419 0.013343 0.013011
0 0.580151 0.599178 0.012703 0.012418
0 0.993840 0.825036 0.012311 0.015386
0 0.003490 0.530187 0.006951 0.014197
0 0.743015 0.258296 0.014968 0.014712
0 0.997547 0.520646 0.004858 0.013048
0 0.002372 0.337035 0.004703 0.011787
0 0.418417 0.036158 0.014540 0.013991
0 0.864248 0.011794 0.012672 0.012699
0 0.338676 0.084912 0.014392 0.014344
0 0.844349 0.184157 0.014673 0.014527
0 0.482669 0.266585 0.014339 0.014214
0 0.769593 0.597620 0.013691 0.013799
0 0.866271 0.994733 0.011976 0.010401
0 0.979856 0.622338 0.014108 0.014179
0 0.493750 0.048153 0.011692 0.011148
0 0.529652 0.631725 0.020866 0.020975
0 0.961652 0.877534 0.014128 0.014018
0 0.849391 0.710780 0.021506 0.021273
0 0.525426 0.022512 0.012701 0.012319
0 0.245209 0.727992 0.013780 0.013717
0 0.187106 0.552251 0.014033 0.014327
0 0.267443 0.719507 0.014167 0.013920
0 0.709378 0.694151 0.011864 0.011816
0 0.269445 0.668259 0.013631 0.013565
0 0.900600 0.880196 0.011315 0.011625
0 0.446509 0.449083 0.008511 0.008381
0 0.559835 0.205427 0.012329 0.012641
0 0.090267 0.801589 0.017861 0.017060
0 0.476139 0.454175 0.013015 0.012828
