0 0.517764 0.295993 0.012458 0.012417
0 0.749278 0.616289 0.012939 0.012778
0 0.422537 0.226175 0.013316 0.013143
0 0.691292 0.208345 0.011388 0.011259
0 0.459925 0.731956 0.012432 0.012491
0 0.461531 0.957932 0.013213 0.013164
0 0.623851 0.562537 0.012601 0.012709
0 0.267623 0.632097 0.012697 0.012581
0 0.719037 0.902464 0.012183 0.011860
0 0.769402 0.780441 0.013228 0.013231
0 0.672719 0.544814 0.011713 0.011776
0 0.543373 0.972562 0.013498 0.013192
0 0.142286 0.301021 0.012248 0.012265
0 0.076056 0.665191 0.013735 0.014038
0 0.240932 0.540835 0.012588 0.012527
0 0.920493 0.249035 0.013576 0.013659
0 0.594931 0.514503 0.011860 0.011575
0 0.365011 0.788153 0.013752 0.013687
0 0.941155 0.827077 0.011291 0.011174
0 0.345966 0.409388 0.013039 0.013238
0 0.625353 0.858907 0.012651 0.012629
0 0.151422 0.090961 0.012563 0.012697
0 0.309475 0.049388 0.011783 0.011680
0 0.206238 0.112445 0.012244 0.012376
0 0.225671 0.650292 0.012623 0.012380
0 0.266489 0.207761 0.011666 0.011679
0 0.158790 0.157524 0.011291 0.011065
0 0.432635 0.097603 0.014534 0.014448
0 0.520027 0.435688 0.011313 0.011541
0 0.676696 0.642312 0.013127 0.013141
0 0.501219 0.892462 0.011081 0.010914
0 0.014373 0.807632 0.013198 0.012940
0 0.076939 0.243479 0.011720 0.011572
0 0.746903 0.108796 0.011936 0.012077
0 0.507312 0.034727 0.013293 0.013340
0 0.408151 0.276887 0.012325 0.012213
0 0.334173 0.555211 0.012574 0.012701
0 0.571464 0.117374 0.010953 0.011003
0 0.501091 0.752625 0.012664 0.012708
0 0.097264 0.548140 0.012994 0.012837
0 0.328566 0.091114 0.011750 0.011644
0 0.222941 0.467183 0.013576 0.013503
0 0.650465 0.526325 0.010371 0.010251
0 0.947334 0.106491 0.011781 0.011801
0 0.149748 0.759012 0.012481 0.012659
0 0.405043 0.621328 0.010716 0.010561
0 0.042007 0.497324 0.012271 0.012378
0 0.286115 0.511275 0.013825 0.013684
0 0.130047 0.391491 0.011779 0.011736
0 0.331414 0.517878 0.011915 0.011980
0 0.866084 0.911552 0.012660 0.012657
0 0.458451 0.211870 0.013743 0.013884
0 0.301000 0.288347 0.012839 0.012873
0 0.721213 0.420103 0.012200 0.012257
0 0.847195 0.718578 0.021444 0.020964
0 0.287331 0.143045 0.011423 0.011397
0 0.542484 0.310754 0.011145 0.011158
0 0.609209 0.271737 0.012410 0.012405
0 0.759272 0.235440 0.011490 0.011228
0 0.624965 0.112799 0.012476 0.012496
0 0.188051 0.890295 0.012767 0.012665
0 0.703410 0.432390 0.012081 0.011934
0 0.344857 0.296691 0.023040 0.022736
0 0.090891 0.405275 0.014117 0.013951
0 0.806842 0.897344 0.011750 0.011751
0 0.814244 0.738981 0.011824 0.012019
0 0.713466 0.800384 0.011999 0.012130
0 0.742847 0.015252 0.012936 0.012890
0 0.978283 0.904689 0.010716 0.010595
0 0.944311 0.425480 0.009646 0.011370
0 0.886769 0.007372 0.011357 0.011473
0 0.035767 0.633080 0.010231 0.010449
0 0.530357 0.636612 0.022726 0.023101
0 0.525040 0.345760 0.012686 0.012393
0 0.466038 0.532887 0.011230 0.010923
0 0.384073 0.773267 0.011365 0.011472
0 0.441625 0.058818 0.011481 0.011412
0 0.701934 0.610149 0.010930 0.011250
0 0.921365 0.144782 0.015400 0.015002
0 0.294723 0.252608 0.010732 0.010857
0 0.699415 0.821129 0.012668 0.012343
0 0.109393 0.978488 0.012949 0.012811
0 0.118529 0.995402 0.013145 0.009193
0 0.209955 0.733727 0.010987 0.010923
0 0.463202 0.453819 0.011112 0.011446
0 0.007888 0.609640 0.010640 0.010547
0 0.410810 0.694900 0.010223 0.010607
0 0.371319 0.741907 0.020221 0.020091
0 0.175381 0.022986 0.010870 0.010832
0 0.630911 0.085197 0.020665 0.020097
0 0.727495 0.392718 0.010198 0.009811
0 0.376044 0.226685 0.018618 0.018411
