0 0.494780 0.652000 0.013310 0.013375
0 0.205306 0.583103 0.013580 0.013517
0 0.748596 0.617544 0.013467 0.013530
0 0.244998 0.584103 0.012764 0.012846
0 0.173635 0.528972 0.012444 0.012182
0 0.907784 0.555748 0.012988 0.012868
0 0.612119 0.476019 0.013321 0.013148
0 0.454524 0.242155 0.013644 0.013575
0 0.552334 0.844111 0.013556 0.013644
0 0.858881 0.085205 0.012975 0.012957
0 0.103404 0.411255 0.011589 0.011607
0 0.303309 0.112542 0.014376 0.014440
0 0.553412 0.678199 0.012369 0.012290
0 0.648846 0.837273 0.013518 0.013364
0 0.833156 0.569723 0.013400 0.013382
0 0.525204 0.347163 0.013874 0.013746
0 0.317667 0.682237 0.013036 0.013000
0 0.439042 0.103265 0.013909 0.013820
0 0.167460 0.787870 0.013213 0.013201
0 0.351359 0.045845 0.013443 0.013687
0 0.584043 0.271505 0.013166 0.013218
0 0.479112 0.744538 0.013642 0.013423
0 0.282040 0.442876 0.010712 0.010733
0 0.404560 0.099754 0.013879 0.013941
0 0.545625 0.038000 0.013044 0.012964
0 0.227760 0.545671 0.012393 0.012086
0 0.143846 0.677100 0.013829 0.014032
0 0.331558 0.516862 0.012019 0.011970
0 0.830890 0.238076 0.012214 0.012061
0 0.635002 0.666074 0.013342 0.013074
0 0.444131 0.747648 0.013668 0.013637
0 0.020399 0.390169 0.012394 0.012162
0 0.748779 0.334682 0.013189 0.012702
0 0.121088 0.183679 0.010782 0.010655
0 0.545126 0.973392 0.013989 0.013733
0 0.344222 0.604353 0.012131 0.012037
0 0.601388 0.965314 0.013280 0.013135
0 0.654684 0.009038 0.013261 0.013195
0 0.247996 0.534593 0.011930 0.011858
0 0.835010 0.733245 0.013076 0.013294
0 0.935471 0.304566 0.013431 0.013279
0 0.223527 0.467730 0.012840 0.012884
0 0.329010 0.531124 0.011644 0.011406
0 0.041601 0.425544 0.013924 0.013917
0 0.977202 0.313293 0.011917 0.011940
0 0.607352 0.721560 0.013038 0.012852
0 0.728324 0.575294 0.011441 0.011591
0 0.677925 0.898185 0.011911 0.011848
0 0.879182 0.471120 0.012031 0.011954
0 0.309653 0.808358 0.014148 0.013987
0 0.226262 0.651305 0.013060 0.012766
0 0.259885 0.163622 0.012632 0.012412
0 0.400299 0.228218 0.012276 0.012291
0 0.186252 0.890794 0.013400 0.013424
0 0.304727 0.373272 0.009868 0.009667
0 0.819231 0.079803 0.011694 0.011673
0 0.277656 0.817308 0.013139 0.013110
0 0.109830 0.980297 0.014169 0.014123
0 0.145678 0.300212 0.012052 0.012162
0 0.477069 0.409957 0.011725 0.011665
0 0.462737 0.960032 0.013255 0.013209
0 0.843014 0.398713 0.013028 0.013316
0 0.096855 0.743241 0.013658 0.013710
0 0.650397 0.192529 0.013486 0.013529
0 0.451847 0.045241 0.012938 0.012808
0 0.560853 0.115398 0.012947 0.012938
0 0.440301 0.059506 0.012214 0.012335
0 0.358784 0.970611 0.013250 0.013265
0 0.296489 0.710038 0.013899 0.013743
0 0.317240 0.647549 0.012338 0.012282
0 0.595855 0.010482 0.014207 0.014080
0 0.421981 0.555347 0.014211 0.014141
0 0.814267 0.178989 0.012344 0.012368
0 0.927925 0.386074 0.011796 0.011831
0 0.599699 0.664697 0.011248 0.011172
0 0.665562 0.122849 0.011901 0.011858
0 0.008788 0.973743 0.014015 0.013802
0 0.362357 0.802073 0.011296 0.011914
0 0.117416 0.022533 0.012892 0.012819
0 0.191221 0.717398 0.011469 0.011380
0 0.801539 0.673675 0.012220 0.011998
0 0.681261 0.296315 0.011174 0.011231
0 0.725352 0.171140 0.012133 0.011975
0 0.273883 0.840066 0.011655 0.011694
0 0.827514 0.026582 0.012946 0.012377
0 0.349557 0.472597 0.010780 0.010978
0 0.977874 0.063574 0.013033 0.013293
0 0.685785 0.049349 0.013129 0.013333
0 0.786959 0.004818 0.013256 0.009611
0 0.003886 0.489326 0.007739 0.012786
0 0.004361 0.598842 0.008716 0.011675
0 0.157323 0.630386 0.012476 0.012484
0 0.374510 0.807479 0.010238 0.009921
0 0.117818 0.438271 0.012370 0.012538
0 0.479411 0.473020 0.011133 0.010852
0 0.624404 0.188953 0.014798 0.014211
0 0.331898 0.397538 0.010104 0.010310
0 0.357675 0.904155 0.009281 0.009261
0 0.289621 0.960444 0.011894 0.011947
0 0.495475 0.542112 0.011990 0.011606
0 0.395544 0.944524 0.010637 0.010706
0 0.784866 0.004596 0.013882 0.009087
