0 0.729349 0.568522 0.012875 0.012805
0 0.580755 0.596391 0.013614 0.013499
0 0.537145 0.587406 0.012555 0.012623
0 0.454815 0.041269 0.013325 0.013281
0 0.606844 0.354778 0.013779 0.013695
0 0.473119 0.514219 0.012721 0.012636
0 0.233787 0.196656 0.013385 0.013236
0 0.874763 0.623422 0.012235 0.012253
0 0.563880 0.279920 0.013053 0.013038
0 0.274774 0.126413 0.012918 0.012738
0 0.679746 0.968869 0.012283 0.012376
0 0.747534 0.619354 0.013509 0.013477
0 0.694062 0.670146 0.012504 0.012235
0 0.512785 0.264548 0.013558 0.013487
0 0.879900 0.765722 0.013076 0.012865
0 0.582099 0.467527 0.012784 0.012677
0 0.378538 0.166047 0.014249 0.014137
0 0.363830 0.515692 0.013623 0.013424
0 0.498954 0.110878 0.012769 0.012746
0 0.479541 0.444411 0.013726 0.013635
0 0.975163 0.432858 0.013435 0.013314
0 0.525801 0.551388 0.012383 0.012248
0 0.826620 0.699034 0.013499 0.013336
0 0.564393 0.429064 0.012000 0.011924
0 0.526872 0.523379 0.012402 0.012443
0 0.177774 0.124774 0.014084 0.014080
0 0.451677 0.494136 0.013415 0.013299
0 0.333340 0.572721 0.012587 0.012699
0 0.783348 0.129437 0.013921 0.013780
0 0.812910 0.456956 0.013941 0.013999
0 0.580736 0.521668 0.013951 0.013986
0 0.831582 0.230210 0.013212 0.013384
0 0.497954 0.329079 0.012849 0.012631
0 0.349819 0.195750 0.014286 0.014161
0 0.887588 0.930381 0.013238 0.013254
0 0.944766 0.317101 0.012607 0.012591
0 0.345704 0.091398 0.013745 0.013710
0 0.813511 0.827681 0.013453 0.013359
0 0.486700 0.373278 0.012953 0.012936
0 0.588166 0.713615 0.011998 0.011948
0 0.891190 0.883058 0.012550 0.012616
0 0.586372 0.039660 0.013200 0.013223
0 0.411885 0.353613 0.013131 0.013325
0 0.426570 0.157835 0.011885 0.011762
0 0.522742 0.349742 0.013085 0.013006
0 0.592420 0.010194 0.012480 0.012354
0 0.706940 0.185758 0.013654 0.013604
0 0.474891 0.025959 0.014073 0.013630
0 0.130580 0.214067 0.012175 0.012342
0 0.222069 0.470574 0.012919 0.012811
0 0.400677 0.138583 0.013024 0.013208
0 0.458246 0.120125 0.012123 0.012141
0 0.739149 0.700835 0.009891 0.009557
0 0.330738 0.013240 0.011880 0.011694
0 0.118181 0.140287 0.012727 0.012614
0 0.086658 0.088626 0.013469 0.013399
0 0.505304 0.012959 0.012269 0.012325
0 0.102629 0.395478 0.014019 0.013802
0 0.407477 0.251605 0.011903 0.011907
0 0.436328 0.594179 0.010452 0.010038
0 0.543240 0.975833 0.013271 0.013124
0 0.136489 0.942144 0.011813 0.011643
0 0.399399 0.570711 0.011604 0.011193
0 0.459924 0.962689 0.013311 0.013206
0 0.632642 0.322006 0.012999 0.013068
0 0.395138 0.709779 0.011932 0.011712
0 0.421623 0.556242 0.013321 0.013220
0 0.715752 0.265456 0.013650 0.014041
0 0.081715 0.183111 0.011702 0.011764
0 0.699453 0.788089 0.012177 0.011897
0 0.377705 0.234772 0.013632 0.013009
0 0.264836 0.247856 0.011481 0.011511
0 0.961149 0.639252 0.013155 0.013132
0 0.813715 0.293363 0.011730 0.011774
0 0.258009 0.155599 0.013431 0.012992
0 0.186469 0.353968 0.011888 0.011912
0 0.510149 0.288158 0.014720 0.014724
0 0.225122 0.653423 0.013178 0.012551
0 0.787990 0.005462 0.012794 0.010784
0 0.199021 0.644674 0.012824 0.012564
0 0.132829 0.154596 0.011100 0.010824
0 0.997107 0.265912 0.005708 0.012740
0 0.108377 0.981921 0.012704 0.012888
0 0.849096 0.710688 0.023108 0.023097
0 0.185231 0.892506 0.012369 0.012520
0 0.823752 0.010383 0.014728 0.014715
0 0.220450 0.970348 0.013284 0.013566
0 0.294365 0.328994 0.013224 0.013231
0 0.079545 0.545939 0.011376 0.011370
0 0.026065 0.881005 0.012755 0.012803
0 0.023193 0.394487 0.012022 0.011712
0 0.140631 0.491976 0.012585 0.012585
0 0.290440 0.816262 0.011301 0.011327
0 0.416396 0.706452 0.013002 0.013029
0 0.981931 0.130706 0.011696 0.012088
0 0.440630 0.810170 0.012832 0.012421
0 0.102169 0.802285 0.012017 0.012187
0 0.244592 0.116258 0.012506 0.012160
0 0.322940 0.372284 0.010371 0.010091
0 0.077668 0.465045 0.013040 0.012762
0 0.440561 0.059913 0.013645 0.013659
0 0.067256 0.357313 0.011474 0.011173
0 0.983108 0.133118 0.012200 0.012025
0 0.495538 0.993899 0.010706 0.010553
