0 0.290822 0.376983 0.013211 0.013057
0 0.979393 0.396839 0.012715 0.012616
0 0.175917 0.285840 0.012601 0.012081
0 0.866207 0.672507 0.012919 0.012860
0 0.262204 0.239616 0.014722 0.014651
0 0.090663 0.159547 0.013331 0.013430
0 0.466981 0.349039 0.012372 0.012168
0 0.160215 0.487850 0.013046 0.012949
0 0.033189 0.558745 0.011487 0.011351
0 0.278524 0.436168 0.011849 0.011749
0 0.137758 0.038447 0.012991 0.012666
0 0.753369 0.044191 0.012922 0.013119
0 0.927036 0.266784 0.013105 0.013046
0 0.197544 0.633078 0.012202 0.012239
0 0.437757 0.439761 0.012653 0.012457
0 0.542791 0.165016 0.013463 0.013298
0 0.537820 0.213510 0.013806 0.013792
0 0.195778 0.273834 0.012887 0.012762
0 0.400253 0.056350 0.014099 0.014439
0 0.635851 0.387729 0.013962 0.013783
0 0.649933 0.720523 0.012268 0.012384
0 0.819686 0.196539 0.012346 0.012034
0 0.034573 0.492037 0.014498 0.014455
0 0.459807 0.607995 0.013019 0.013044
0 0.222396 0.876353 0.013791 0.013894
0 0.282074 0.149444 0.012132 0.012164
0 0.647857 0.484258 0.013394 0.013054
0 0.371805 0.557606 0.012715 0.012677
0 0.736361 0.619102 0.014266 0.014116
0 0.422283 0.420060 0.014525 0.014524
0 0.629710 0.219632 0.013028 0.012951
0 0.046951 0.414948 0.013846 0.013809
0 0.804179 0.228294 0.012898 0.012770
0 0.670595 0.692363 0.012830 0.012903
0 0.682447 0.647328 0.012560 0.012889
0 0.620419 0.650331 0.013682 0.013921
0 0.766441 0.534577 0.013498 0.013280
0 0.771081 0.279755 0.012933 0.012935
0 0.277787 0.561979 0.012838 0.012741
0 0.735152 0.977133 0.012105 0.011996
0 0.840208 0.084494 0.011609 0.011501
0 0.069053 0.828333 0.011667 0.011482
0 0.528141 0.327148 0.013602 0.013533
0 0.182193 0.591297 0.012333 0.012284
0 0.794295 0.622688 0.012224 0.012127
0 0.045189 0.746229 0.012015 0.012096
0 0.891646 0.493653 0.013012 0.012942
0 0.983704 0.549800 0.014337 0.014485
0 0.901357 0.535491 0.013117 0.012835
0 0.812473 0.121623 0.012298 0.012187
0 0.512941 0.507270 0.012168 0.012188
0 0.591405 0.579345 0.012410 0.012313
0 0.432988 0.302920 0.013526 0.013526
0 0.650761 0.182021 0.012485 0.012247
0 0.006929 0.879581 0.013182 0.014050
0 0.539276 0.391173 0.013114 0.012998
0 0.443055 0.800277 0.013830 0.013861
0 0.332491 0.706859 0.012842 0.012649
0 0.994462 0.342934 0.011076 0.015090
0 0.358544 0.895912 0.012353 0.012347
0 0.196665 0.675594 0.010851 0.010582
0 0.968674 0.592925 0.011559 0.011345
0 0.819767 0.378525 0.012056 0.011982
0 0.854719 0.270472 0.012552 0.012459
0 0.567463 0.509863 0.014642 0.014469
0 0.594768 0.302723 0.013456 0.013462
0 0.007690 0.070747 0.013610 0.013613
0 0.793163 0.297267 0.012383 0.012406
0 0.316827 0.821989 0.012513 0.012496
0 0.013842 0.423924 0.011336 0.011567
0 0.052813 0.634885 0.013259 0.013045
0 0.358112 0.293837 0.013026 0.013099
0 0.133554 0.811559 0.011518 0.011600
0 0.519353 0.553836 0.013874 0.013690
0 0.365010 0.850101 0.013668 0.013757
0 0.968978 0.421606 0.014463 0.014480
0 0.946850 0.429961 0.011918 0.012011
0 0.262539 0.859215 0.013326 0.013053
0 0.800995 0.555062 0.012684 0.012763
0 0.599064 0.983096 0.014060 0.014114
0 0.533211 0.636230 0.022611 0.022559
0 0.360290 0.426535 0.012929 0.012909
0 0.768188 0.724431 0.014683 0.014494
0 0.817127 0.066538 0.012952 0.012683
0 0.983592 0.510361 0.016014 0.014943
0 0.619615 0.608464 0.011580 0.011355
0 0.788039 0.422045 0.013168 0.013116
0 0.351521 0.752122 0.012151 0.012073
0 0.763835 0.921657 0.012632 0.012939
0 0.627342 0.525986 0.012347 0.011990
0 0.689774 0.458181 0.013307 0.013336
0 0.709689 0.320820 0.012933 0.012924
0 0.550152 0.668287 0.013936 0.013999
0 0.757378 0.012981 0.014068 0.014351
0 0.890427 0.581984 0.013000 0.013062
0 0.738925 0.527746 0.014233 0.014039
0 0.802656 0.538345 0.012452 0.012641
0 0.874005 0.235432 0.014012 0.014196
0 0.960091 0.854395 0.013251 0.013260
0 0.581121 0.891312 0.012244 0.012045
0 0.788997 0.488355 0.014656 0.014026
0 0.088517 0.911457 0.012053 0.011994
0 0.918844 0.993456 0.012716 0.011937
0 0.396132 0.386038 0.011872 0.011668
0 0.102348 0.933912 0.013481 0.013482
0 0.829361 0.129554 0.010233 0.010218
0 0.850499 0.716158 0.023637 0.023435
0 0.896553 0.038510 0.010779 0.010832
0 0.970383 0.956674 0.011783 0.011610
0 0.223009 0.725128 0.010849 0.010654
0 0.998074 0.217784 0.003851 0.012283
0 0.777248 0.465484 0.011765 0.012320
0 0.635797 0.084852 0.023242 0.023640
0 0.463243 0.970684 0.013355 0.013588
0 0.849323 0.538696 0.013298 0.013313
0 0.344040 0.295089 0.015171 0.014469
0 0.091367 0.877662 0.009465 0.009203
0 0.729164 0.087621 0.012743 0.012617
0 0.650521 0.530536 0.010738 0.010458
0 0.914377 0.044048 0.011013 0.010094
0 0.375577 0.232452 0.014030 0.014124
0 0.376052 0.230230 0.014914 0.014948
0 0.598173 0.891340 0.013021 0.012742
0 0.515946 0.273339 0.012296 0.012104
