0 0.925430 0.442455 0.012847 0.012844
0 0.157257 0.286273 0.013015 0.012949
0 0.748264 0.617778 0.013280 0.013216
0 0.587708 0.163257 0.011908 0.011720
0 0.847509 0.962983 0.012944 0.012807
0 0.777482 0.237787 0.012823 0.012752
0 0.696679 0.128301 0.012959 0.012921
0 0.844170 0.240432 0.013074 0.012807
0 0.243316 0.846992 0.011477 0.011459
0 0.056649 0.461419 0.012605 0.012420
0 0.621866 0.386183 0.012816 0.012978
0 0.728912 0.493932 0.013665 0.013627
0 0.968874 0.386812 0.011600 0.011507
0 0.135114 0.308550 0.011561 0.011213
0 0.814491 0.428014 0.012361 0.012006
0 0.019058 0.401957 0.013669 0.013595
0 0.127005 0.228620 0.012687 0.012526
0 0.215089 0.216664 0.013943 0.014023
0 0.809079 0.401384 0.013290 0.013416
0 0.548273 0.196230 0.012062 0.012136
0 0.171967 0.664001 0.010889 0.010754
0 0.768452 0.542473 0.011614 0.011543
0 0.524333 0.346967 0.013103 0.013006
0 0.289989 0.165743 0.013721 0.013428
0 0.506701 0.121858 0.013382 0.013157
0 0.161958 0.502842 0.013089 0.013086
0 0.937148 0.130790 0.011948 0.011881
0 0.499828 0.715018 0.012003 0.011900
0 0.185870 0.890359 0.012751 0.012639
0 0.634387 0.606994 0.014354 0.014261
0 0.172941 0.780462 0.014122 0.013964
0 0.829819 0.192346 0.010662 0.010917
0 0.525523 0.455235 0.012311 0.012317
0 0.338872 0.786819 0.012553 0.012607
0 0.624344 0.185320 0.012419 0.012365
0 0.176917 0.706725 0.013027 0.012992
0 0.420271 0.280478 0.012667 0.012714
0 0.210222 0.804036 0.012604 0.012548
0 0.459426 0.776709 0.013539 0.013488
0 0.077417 0.531474 0.012635 0.012459
0 0.868056 0.602164 0.013505 0.013908
0 0.823689 0.904901 0.011506 0.011755
0 0.461589 0.962398 0.012706 0.012733
0 0.480092 0.252507 0.012407 0.012381
0 0.975027 0.118710 0.012932 0.013012
0 0.124477 0.902610 0.012063 0.012051
0 0.577057 0.804711 0.012606 0.012769
0 0.533089 0.762755 0.012364 0.012403
0 0.669755 0.062090 0.012280 0.012504
0 0.790258 0.299242 0.010990 0.010979
0 0.571902 0.535700 0.013922 0.013804
0 0.438526 0.087980 0.011693 0.011495
0 0.748951 0.866848 0.012465 0.012355
0 0.940307 0.693497 0.012930 0.013141
0 0.638023 0.904395 0.012905 0.012934
0 0.390455 0.177925 0.012856 0.012632
0 0.080601 0.268304 0.013483 0.013346
0 0.379878 0.139433 0.013162 0.013398
0 0.474272 0.532358 0.013834 0.013796
0 0.517926 0.774573 0.012608 0.012824
0 0.417443 0.086539 0.014033 0.014062
0 0.916027 0.113333 0.011538 0.011722
0 0.546793 0.050943 0.011755 0.011850
0 0.249428 0.608664 0.011831 0.011802
0 0.994431 0.974998 0.010884 0.011560
0 0.084229 0.606087 0.013107 0.013400
0 0.115706 0.048590 0.012676 0.012916
0 0.331949 0.517626 0.012054 0.011907
0 0.674055 0.951183 0.011316 0.011349
0 0.543210 0.973348 0.011584 0.011548
0 0.934068 0.005456 0.012853 0.010912
0 0.371123 0.808874 0.010448 0.010434
0 0.304813 0.146689 0.013283 0.013222
0 0.189715 0.964311 0.012822 0.012694
0 0.929320 0.505726 0.012101 0.011708
0 0.552818 0.394102 0.012306 0.012125
0 0.095810 0.647170 0.012686 0.012661
0 0.416480 0.850206 0.010461 0.010210
0 0.078418 0.138324 0.011016 0.011040
0 0.197291 0.457659 0.014016 0.013656
0 0.108244 0.979712 0.013387 0.013371
0 0.307144 0.749637 0.010624 0.010887
0 0.225403 0.648830 0.012149 0.011683
0 0.222004 0.469109 0.013242 0.013565
0 0.808580 0.600155 0.011984 0.011364
0 0.469049 0.604354 0.011224 0.011288
0 0.306613 0.003087 0.011854 0.006174
0 0.787960 0.004668 0.013220 0.009228
0 0.468526 0.926864 0.013897 0.013995
0 0.445474 0.049435 0.012220 0.012336
0 0.436869 0.736447 0.012210 0.012107
0 0.156637 0.655778 0.011266 0.011091
0 0.377513 0.997240 0.011007 0.005511
0 0.778738 0.325255 0.011488 0.011040
0 0.086670 0.728424 0.012914 0.012804
0 0.353537 0.010260 0.012514 0.012792
0 0.376391 0.997869 0.010483 0.004262
0 0.241504 0.923575 0.011802 0.011873
0 0.773890 0.004713 0.013303 0.009387
0 0.010161 0.998207 0.011563 0.003587
0 0.529714 0.636947 0.023096 0.023239
0 0.523003 0.284661 0.011308 0.011870
