0 0.749107 0.616860 0.012938 0.012846
0 0.303351 0.256494 0.012618 0.012328
0 0.186654 0.889285 0.013350 0.013199
0 0.159709 0.053504 0.012504 0.012428
0 0.129449 0.175118 0.011833 0.011661
0 0.959894 0.472268 0.013167 0.012993
0 0.109889 0.979707 0.013924 0.013839
0 0.174749 0.789031 0.012796 0.012808
0 0.012797 0.751456 0.013574 0.013764
0 0.243182 0.746324 0.011923 0.011840
0 0.553514 0.491080 0.014338 0.014182
0 0.110579 0.119844 0.011341 0.011247
0 0.068355 0.354687 0.011245 0.011326
0 0.246231 0.367229 0.013711 0.013640
0 0.331874 0.517822 0.011426 0.011506
0 0.771511 0.876177 0.013079 0.013032
0 0.109339 0.822605 0.012931 0.012930
0 0.268694 0.180472 0.012788 0.012802
0 0.139762 0.445895 0.012399 0.012611
0 0.279095 0.743305 0.013109 0.013099
0 0.952649 0.784127 0.011728 0.011982
0 0.459909 0.958930 0.012171 0.012265
0 0.543004 0.973519 0.011593 0.011454
0 0.607022 0.421213 0.013461 0.013613
0 0.160200 0.822445 0.010613 0.010698
0 0.817535 0.205371 0.013576 0.013570
0 0.405908 0.096927 0.013360 0.013354
0 0.207253 0.496329 0.013011 0.012690
0 0.416823 0.976980 0.012656 0.012746
0 0.118172 0.871822 0.011771 0.012088
0 0.366315 0.577678 0.012653 0.012310
0 0.226142 0.650129 0.012231 0.011961
0 0.335197 0.192811 0.012015 0.011775
0 0.648413 0.688079 0.011033 0.011085
0 0.274703 0.247416 0.011417 0.011203
0 0.864763 0.592478 0.012108 0.012257
0 0.022392 0.188557 0.011212 0.011498
0 0.846884 0.690659 0.012033 0.012090
0 0.184734 0.472189 0.013121 0.013017
0 0.087863 0.903045 0.010274 0.009827
0 0.306164 0.125756 0.011834 0.012091
0 0.522903 0.346649 0.011635 0.011567
0 0.160778 0.934987 0.011396 0.011520
0 0.531079 0.636149 0.022485 0.022795
0 0.106046 0.004786 0.012470 0.009573
0 0.355046 0.972363 0.011681 0.011656
0 0.513134 0.465410 0.012259 0.012175
0 0.208271 0.513700 0.013172 0.013315
0 0.347265 0.803442 0.012161 0.012235
0 0.004029 0.898770 0.008057 0.013188
0 0.510923 0.104034 0.011619 0.011833
0 0.061219 0.458644 0.011147 0.010986
0 0.474737 0.607755 0.010469 0.010638
0 0.387662 0.985815 0.012098 0.012335
0 0.380423 0.236753 0.012536 0.012242
0 0.005363 0.576752 0.010669 0.015742
0 0.604543 0.459935 0.010602 0.010739
0 0.887679 0.762360 0.009806 0.009995
0 0.043903 0.466395 0.011736 0.011574
0 0.208805 0.808622 0.009897 0.010022
0 0.370535 0.043759 0.011221 0.011320
0 0.442200 0.058853 0.011252 0.011267
0 0.715248 0.401815 0.011762 0.011030
0 0.344771 0.297076 0.021944 0.021815
0 0.596874 0.800804 0.010512 0.010592
0 0.224121 0.465936 0.012768 0.012803
0 0.759152 0.014031 0.011659 0.011529
0 0.335780 0.143058 0.010853 0.010911
0 0.847211 0.717553 0.020704 0.021105
0 0.545079 0.227887 0.011014 0.011211
0 0.448866 0.822928 0.011204 0.011326
0 0.211430 0.717547 0.011783 0.011527
0 0.685317 0.011174 0.012549 0.012451
0 0.543997 0.313882 0.012845 0.012734
