0 0.040252 0.414451 0.011645 0.011534
0 0.281195 0.475507 0.013660 0.013690
0 0.091913 0.498983 0.012517 0.012513
0 0.724510 0.156977 0.011263 0.011130
0 0.367637 0.464265 0.013480 0.013411
0 0.223258 0.466904 0.013146 0.013043
0 0.524788 0.346507 0.012988 0.013135
0 0.086297 0.365688 0.010795 0.010932
0 0.463711 0.959709 0.013099 0.012951
0 0.201438 0.317961 0.012667 0.012489
0 0.143898 0.296179 0.012771 0.012856
0 0.748781 0.616445 0.013386 0.013480
0 0.333468 0.257191 0.013456 0.013231
0 0.528531 0.314348 0.011618 0.011552
0 0.195940 0.129887 0.013708 0.013809
0 0.170751 0.390716 0.013480 0.013422
0 0.298039 0.565106 0.013623 0.013596
0 0.644172 0.464193 0.013436 0.013427
0 0.666601 0.890316 0.012561 0.012340
0 0.145079 0.394723 0.011226 0.011162
0 0.398697 0.344840 0.013183 0.013118
0 0.628891 0.224356 0.012551 0.012294
0 0.075325 0.274914 0.010619 0.010430
0 0.238450 0.509449 0.012601 0.012593
0 0.630428 0.880807 0.012327 0.012449
0 0.653485 0.509718 0.012631 0.012620
0 0.739063 0.728292 0.012106 0.012275
0 0.379608 0.770243 0.013089 0.012635
0 0.110381 0.980168 0.013776 0.013834
0 0.092028 0.555570 0.012473 0.012330
0 0.350585 0.340827 0.013300 0.013138
0 0.422165 0.199583 0.013745 0.013893
0 0.828717 0.785735 0.012257 0.012319
0 0.383492 0.362095 0.012654 0.012822
0 0.840864 0.160073 0.010738 0.010771
0 0.389838 0.630186 0.013853 0.013200
0 0.400553 0.207848 0.012039 0.012204
0 0.320367 0.970111 0.011511 0.011399
0 0.340708 0.671609 0.011967 0.011839
0 0.187449 0.889824 0.013203 0.013198
0 0.531970 0.271892 0.012280 0.012017
0 0.925000 0.858095 0.010991 0.011110
0 0.345082 0.296026 0.022844 0.022925
0 0.509517 0.732053 0.012111 0.012172
0 0.056763 0.612839 0.010109 0.010239
0 0.543988 0.972534 0.013452 0.013136
0 0.628808 0.115239 0.012230 0.012254
0 0.766512 0.047766 0.011732 0.011573
0 0.851011 0.199408 0.010630 0.010574
0 0.848593 0.718800 0.021379 0.021147
0 0.597107 0.843953 0.012727 0.012837
0 0.652319 0.580112 0.011210 0.011002
0 0.343014 0.084593 0.012606 0.012399
0 0.984440 0.941606 0.013370 0.013267
0 0.461432 0.798127 0.012767 0.012812
0 0.624119 0.742710 0.010554 0.010692
0 0.138960 0.166620 0.012007 0.011928
0 0.264319 0.785117 0.011865 0.011752
0 0.530742 0.636847 0.022595 0.022945
0 0.832503 0.053985 0.012700 0.012397
0 0.894981 0.058836 0.010879 0.010527
0 0.796284 0.132115 0.011178 0.011018
0 0.985587 0.650387 0.009999 0.009835
0 0.912800 0.744165 0.010469 0.010349
0 0.496660 0.336772 0.011309 0.011456
0 0.416423 0.570178 0.013037 0.012947
0 0.227307 0.649291 0.012410 0.012153
0 0.087522 0.421797 0.011279 0.011651
0 0.044046 0.838976 0.011668 0.011861
0 0.545818 0.292604 0.012679 0.012745
0 0.619109 0.074001 0.012053 0.012086
0 0.478831 0.561998 0.011546 0.011509
0 0.065533 0.639138 0.012353 0.011709
0 0.579364 0.742969 0.010481 0.010271
0 0.964186 0.385046 0.010670 0.010955
0 0.331765 0.517354 0.011308 0.011335
0 0.424707 0.286818 0.011079 0.011146
0 0.440647 0.059112 0.011615 0.011742
0 0.724204 0.198242 0.010252 0.010201
0 0.448254 0.212821 0.014719 0.014545
0 0.618441 0.707954 0.010000 0.010268
0 0.275848 0.086783 0.009239 0.009677
0 0.632417 0.415767 0.011918 0.011887
0 0.704198 0.731187 0.010706 0.010398
0 0.039019 0.611153 0.012712 0.012673
0 0.689950 0.098878 0.008586 0.008682
0 0.004388 0.914900 0.008776 0.015609
0 0.700888 0.821648 0.021045 0.020917
0 0.794873 0.511230 0.011622 0.011372
0 0.343558 0.221838 0.011475 0.011748
0 0.159873 0.508762 0.011550 0.011493
0 0.791389 0.599986 0.011297 0.011399
