0 0.100319 0.414116 0.013538 0.013475
0 0.048028 0.665373 0.013564 0.013352
0 0.461975 0.959880 0.012891 0.012672
0 0.276878 0.049627 0.013151 0.013076
0 0.186711 0.888486 0.014776 0.014639
0 0.211228 0.268774 0.013493 0.013387
0 0.693877 0.574964 0.012009 0.012093
0 0.061963 0.768560 0.013959 0.013829
0 0.143762 0.299261 0.012413 0.012507
0 0.142721 0.145761 0.011653 0.011800
0 0.018116 0.438267 0.013202 0.013037
0 0.535019 0.329755 0.012563 0.012371
0 0.635410 0.726576 0.012319 0.012688
0 0.895900 0.892307 0.011714 0.011743
0 0.273559 0.096536 0.011966 0.011862
0 0.931689 0.182954 0.013260 0.013185
0 0.654129 0.759106 0.011889 0.011668
0 0.067112 0.529885 0.014086 0.014098
0 0.363567 0.418580 0.013164 0.013316
0 0.377621 0.365053 0.012538 0.012484
0 0.749077 0.615521 0.012617 0.012481
0 0.516313 0.306740 0.010857 0.010775
0 0.077245 0.268480 0.012939 0.012915
0 0.843890 0.831977 0.011086 0.010893
0 0.474984 0.198709 0.014040 0.014052
0 0.261646 0.208241 0.012890 0.013023
0 0.663730 0.661675 0.011700 0.011563
0 0.429804 0.225117 0.012821 0.012795
0 0.659264 0.549229 0.010521 0.010364
0 0.689987 0.360269 0.011994 0.011923
0 0.626389 0.112747 0.012941 0.012833
0 0.651395 0.224904 0.011539 0.011571
0 0.634177 0.326481 0.011757 0.011667
0 0.331606 0.517467 0.012744 0.012666
0 0.435632 0.963352 0.013806 0.013695
0 0.486442 0.728221 0.013237 0.013234
0 0.368707 0.066213 0.012757 0.012771
0 0.391718 0.863134 0.014169 0.014161
0 0.247192 0.516286 0.013343 0.013189
0 0.371874 0.806608 0.013001 0.013090
0 0.101026 0.374860 0.012909 0.012806
0 0.530865 0.637248 0.021151 0.020627
0 0.543314 0.972350 0.013463 0.013163
0 0.527959 0.194363 0.012290 0.012465
0 0.724661 0.884700 0.011950 0.011627
0 0.903538 0.709043 0.012019 0.011965
0 0.644756 0.952678 0.011147 0.011302
0 0.223016 0.467024 0.013330 0.013302
0 0.047482 0.626269 0.010288 0.010006
0 0.727322 0.117473 0.012656 0.012894
0 0.966890 0.093553 0.011681 0.011433
0 0.406799 0.606060 0.013382 0.013335
0 0.226321 0.649410 0.012747 0.012336
0 0.109467 0.979417 0.014040 0.014014
0 0.848278 0.717082 0.020644 0.020768
0 0.183080 0.749432 0.011666 0.011560
0 0.994288 0.851088 0.011295 0.013442
0 0.320565 0.274319 0.012696 0.012571
0 0.014172 0.974577 0.013109 0.013319
0 0.631398 0.594292 0.011556 0.011512
0 0.601663 0.196311 0.011852 0.012163
0 0.462567 0.517839 0.012055 0.012338
0 0.756226 0.148135 0.012696 0.012818
0 0.829343 0.302043 0.010549 0.010677
0 0.572353 0.367088 0.011784 0.011820
0 0.342863 0.296135 0.022454 0.022313
0 0.231626 0.807375 0.011438 0.011011
0 0.657029 0.509053 0.014045 0.013940
0 0.778117 0.267136 0.011769 0.011874
0 0.480587 0.034518 0.012503 0.012508
0 0.471201 0.777088 0.014244 0.014368
0 0.640934 0.849578 0.012039 0.011601
0 0.632109 0.084998 0.020634 0.020443
0 0.378110 0.226528 0.017274 0.017332
0 0.789179 0.004603 0.012920 0.009207
0 0.240236 0.428008 0.013048 0.013103
0 0.761838 0.410780 0.010714 0.010795
0 0.563573 0.703768 0.011777 0.011604
0 0.403683 0.314809 0.011717 0.011822
0 0.307205 0.409369 0.011261 0.011140
0 0.532662 0.293894 0.012065 0.011903
0 0.495666 0.542145 0.012996 0.012905
0 0.524524 0.346740 0.013543 0.013232
0 0.094169 0.543356 0.012118 0.011980
0 0.572235 0.830351 0.010009 0.009689
0 0.550195 0.641873 0.011576 0.011463
0 0.021788 0.585190 0.013199 0.013012
0 0.020386 0.586430 0.013180 0.013197
0 0.686786 0.500396 0.011266 0.011131
