0 0.030117 0.175786 0.013585 0.013196
0 0.669058 0.328514 0.012568 0.012559
0 0.074974 0.348449 0.012655 0.012628
0 0.513259 0.526176 0.011089 0.011029
0 0.198542 0.385017 0.013401 0.013253
0 0.107786 0.296547 0.012902 0.012669
0 0.687875 0.155546 0.011451 0.011523
0 0.679594 0.472840 0.012682 0.012614
0 0.699531 0.505824 0.012412 0.012408
0 0.019238 0.405794 0.011072 0.011099
0 0.562550 0.384169 0.011935 0.012179
0 0.300168 0.388596 0.013189 0.013127
0 0.198369 0.562824 0.013914 0.013811
0 0.487941 0.388764 0.011541 0.011560
0 0.450609 0.836625 0.012329 0.012254
0 0.284837 0.056146 0.011333 0.011022
0 0.749473 0.615476 0.012728 0.012679
0 0.186905 0.889476 0.013086 0.012921
0 0.288162 0.175071 0.012616 0.012649
0 0.127506 0.467964 0.012667 0.012748
0 0.455478 0.368376 0.011597 0.011992
0 0.345098 0.792060 0.013081 0.012880
0 0.158069 0.652321 0.013187 0.013150
0 0.021712 0.793791 0.012533 0.012500
0 0.922879 0.050314 0.011515 0.011459
0 0.353175 0.397955 0.012081 0.011921
0 0.139364 0.299989 0.012259 0.012120
0 0.578333 0.514262 0.012249 0.012116
0 0.140060 0.113534 0.012349 0.012163
0 0.749652 0.708639 0.013605 0.013584
0 0.110553 0.979840 0.013590 0.013535
0 0.148209 0.506664 0.011882 0.011972
0 0.857393 0.513208 0.013484 0.013652
0 0.147367 0.769160 0.013333 0.013430
0 0.344425 0.296792 0.022013 0.021736
0 0.408576 0.368232 0.012068 0.011544
0 0.450528 0.438893 0.011831 0.011550
0 0.708687 0.317242 0.012219 0.012290
0 0.709805 0.453587 0.009252 0.009206
0 0.152517 0.822167 0.012139 0.012330
0 0.457965 0.957300 0.013142 0.013198
0 0.511173 0.147439 0.012365 0.012334
0 0.554659 0.343057 0.012691 0.012548
0 0.012938 0.339345 0.012469 0.012541
0 0.552608 0.564496 0.011520 0.011711
0 0.245956 0.463552 0.013165 0.012973
0 0.844150 0.012264 0.011697 0.011728
0 0.675158 0.691835 0.013062 0.012971
0 0.460247 0.576477 0.013003 0.013056
0 0.793113 0.044668 0.012726 0.012570
0 0.356848 0.690114 0.013483 0.013560
0 0.094093 0.716168 0.012172 0.012039
0 0.046748 0.512473 0.012747 0.012616
0 0.410668 0.233876 0.012129 0.012088
0 0.425917 0.160680 0.012238 0.012494
0 0.049644 0.708278 0.012555 0.012611
0 0.223173 0.668773 0.012536 0.012695
0 0.707979 0.973867 0.011383 0.011282
0 0.525005 0.345056 0.013076 0.013024
0 0.543417 0.972264 0.013633 0.013414
0 0.883962 0.013970 0.012082 0.011947
0 0.917678 0.397822 0.012040 0.012223
0 0.529129 0.677075 0.012336 0.012225
0 0.515638 0.079127 0.011690 0.011777
0 0.564409 0.920822 0.012117 0.012183
0 0.225489 0.650087 0.012789 0.012528
0 0.835768 0.745692 0.011090 0.011093
0 0.529863 0.636636 0.021932 0.022408
0 0.059320 0.612779 0.011874 0.012106
0 0.625802 0.114294 0.011368 0.011501
0 0.539644 0.408095 0.010332 0.009894
0 0.967420 0.369171 0.009128 0.009115
0 0.524027 0.734650 0.013731 0.013734
0 0.797979 0.140368 0.010572 0.010447
0 0.885432 0.256104 0.010430 0.010316
0 0.220671 0.467846 0.012669 0.012559
0 0.370906 0.740150 0.017783 0.017191
0 0.817383 0.627170 0.010316 0.010203
0 0.737546 0.760194 0.011042 0.011046
0 0.116162 0.870227 0.012002 0.011781
0 0.448380 0.212208 0.017671 0.017357
0 0.847350 0.718400 0.020615 0.020129
0 0.921034 0.145448 0.017003 0.016940
0 0.065263 0.584299 0.015695 0.015657
0 0.160154 0.996875 0.010832 0.006251
0 0.784031 0.224615 0.010325 0.010067
0 0.019592 0.997885 0.012072 0.004231
0 0.486608 0.031905 0.010524 0.010512
0 0.412152 0.178728 0.011487 0.011516
0 0.694411 0.924388 0.010553 0.010548
0 0.319782 0.854459 0.011625 0.011990
0 0.111969 0.568261 0.010649 0.009923
0 0.064474 0.581834 0.015629 0.015123
0 0.826349 0.512837 0.010905 0.010376
0 0.112679 0.579027 0.012560 0.013040
0 0.489776 0.541122 0.008959 0.009301
0 0.063766 0.579780 0.015292 0.014790
