0 0.073939 0.186601 0.014438 0.014351
0 0.141509 0.253469 0.013509 0.013266
0 0.457180 0.035952 0.015025 0.014900
0 0.224203 0.804081 0.014591 0.014567
0 0.834534 0.255213 0.013401 0.013548
0 0.950002 0.937512 0.014565 0.014558
0 0.127409 0.545187 0.014013 0.014283
0 0.544981 0.691804 0.014885 0.014912
0 0.911452 0.234236 0.014042 0.013833
0 0.443047 0.338720 0.014004 0.013857
0 0.334486 0.919088 0.014406 0.014477
0 0.125283 0.081560 0.014213 0.014393
0 0.347006 0.180764 0.015715 0.015752
0 0.958293 0.815739 0.014799 0.014801
0 0.112752 0.428135 0.015237 0.015101
0 0.909957 0.790471 0.014572 0.014549
0 0.246562 0.714898 0.014412 0.014437
0 0.322078 0.839470 0.014446 0.014499
0 0.793203 0.556343 0.016510 0.016281
0 0.973001 0.882394 0.014462 0.014135
0 0.614286 0.213996 0.013683 0.013719
0 0.314487 0.673739 0.014783 0.014700
0 0.318789 0.014576 0.014487 0.014799
0 0.469632 0.554777 0.013990 0.013829
0 0.471446 0.790475 0.014113 0.014333
0 0.825475 0.302151 0.014874 0.015003
0 0.207526 0.452650 0.015049 0.015011
0 0.686717 0.565540 0.013783 0.013784
0 0.685518 0.270905 0.014241 0.014359
0 0.490240 0.627381 0.014750 0.014924
0 0.436449 0.389880 0.015065 0.015096
0 0.535511 0.201081 0.013928 0.013788
0 0.758011 0.550219 0.014775 0.014961
0 0.960984 0.410414 0.013640 0.013378
0 0.696458 0.533255 0.014908 0.015092
0 0.684395 0.702418 0.013394 0.013362
0 0.906997 0.981245 0.014878 0.015154
0 0.488650 0.892357 0.014906 0.014987
0 0.305675 0.343520 0.014327 0.014421
0 0.769188 0.667854 0.014035 0.014235
0 0.206014 0.630957 0.013565 0.013278
0 0.739174 0.617699 0.015662 0.016025
0 0.653630 0.279798 0.015061 0.015044
0 0.615472 0.506235 0.014851 0.015057
0 0.731598 0.055571 0.016434 0.016564
0 0.490173 0.094355 0.014183 0.014421
0 0.409116 0.723070 0.014740 0.014768
0 0.805714 0.794252 0.014894 0.014752
0 0.295930 0.265215 0.014911 0.014943
0 0.622029 0.614227 0.015101 0.015216
0 0.683081 0.484701 0.014899 0.015003
0 0.835420 0.399330 0.014523 0.014331
0 0.848149 0.720511 0.022260 0.021703
0 0.603514 0.068784 0.014604 0.014456
0 0.130357 0.847584 0.013711 0.013534
0 0.267382 0.251126 0.014884 0.014881
0 0.198743 0.574795 0.014362 0.014208
0 0.250964 0.615935 0.015316 0.015230
0 0.107595 0.720232 0.014718 0.015049
0 0.612531 0.414206 0.015000 0.014901
0 0.459789 0.116549 0.014057 0.014008
0 0.259259 0.326497 0.016592 0.016362
0 0.789706 0.914507 0.014601 0.014493
0 0.056210 0.248525 0.015139 0.015095
0 0.485672 0.419121 0.014637 0.014611
0 0.923176 0.150431 0.018968 0.018373
0 0.346463 0.298558 0.023248 0.022990
0 0.842312 0.151587 0.013913 0.014037
0 0.283893 0.435392 0.016228 0.016333
0 0.577359 0.511730 0.014247 0.014018
0 0.112620 0.963272 0.014259 0.014128
0 0.007449 0.111784 0.013683 0.013929
0 0.320146 0.700679 0.015208 0.015253
0 0.412972 0.994820 0.014020 0.010320
0 0.337247 0.626383 0.014895 0.014754
0 0.535268 0.637345 0.021343 0.021224
0 0.777669 0.176992 0.014878 0.014738
0 0.426068 0.280802 0.015442 0.015372
0 0.830284 0.805357 0.016693 0.016511
0 0.085769 0.272572 0.012476 0.011973
0 0.670178 0.191732 0.019004 0.019284
0 0.762967 0.491449 0.013353 0.013603
0 0.499343 0.964614 0.014249 0.014307
0 0.120282 0.479958 0.015490 0.015109
0 0.716006 0.069613 0.014857 0.014830
0 0.863395 0.928338 0.014727 0.014631
0 0.893596 0.565072 0.014578 0.014056
0 0.935002 0.581114 0.015021 0.014796
0 0.715281 0.817843 0.018185 0.017931
0 0.253054 0.524144 0.015683 0.015066
0 0.782010 0.447282 0.015000 0.015216
0 0.993026 0.434751 0.013427 0.013652
0 0.987018 0.506752 0.016751 0.016320
0 0.984908 0.149076 0.012681 0.012675
0 0.714855 0.396878 0.015452 0.014930
0 0.843638 0.564785 0.016233 0.016316
0 0.478533 0.729233 0.016587 0.016670
0 0.419439 0.458943 0.014581 0.014270
0 0.322221 0.989600 0.014947 0.015122
0 0.827892 0.674447 0.015867 0.016154
0 0.371627 0.466754 0.015196 0.014934
0 0.177006 0.029486 0.015459 0.015204
0 0.607123 0.150166 0.014372 0.014438
0 0.976821 0.638956 0.014300 0.014014
0 0.045753 0.013850 0.014802 0.014812
0 0.110935 0.852180 0.013103 0.013116
0 0.783164 0.236530 0.013187 0.012719
0 0.569757 0.162237 0.013725 0.013966
0 0.523253 0.018779 0.018394 0.017940
0 0.085990 0.055983 0.014252 0.014314
0 0.640935 0.120706 0.014631 0.015133
0 0.739374 0.170000 0.014027 0.013756
0 0.283091 0.800965 0.015107 0.015264
0 0.013416 0.911484 0.014680 0.015229
0 0.578389 0.441918 0.015058 0.015322
0 0.003591 0.934387 0.006920 0.014462
0 0.120350 0.909628 0.015437 0.015195
0 0.202563 0.010087 0.015367 0.015996
0 0.006308 0.316920 0.012478 0.017163
0 0.464555 0.395862 0.014110 0.013685
0 0.875433 0.401359 0.013877 0.014139
0 0.991170 0.624318 0.016254 0.016089
0 0.783141 0.998096 0.014396 0.003788
0 0.628124 0.966770 0.013629 0.013657
0 0.376619 0.227936 0.021176 0.021155
0 0.559565 0.389238 0.013501 0.014079
0 0.092461 0.912787 0.014262 0.014404
0 0.599111 0.130759 0.014280 0.014134
0 0.992876 0.720095 0.013895 0.016363
0 0.636601 0.964775 0.015020 0.014141
0 0.581005 0.442882 0.015698 0.015658
0 0.576197 0.441068 0.014948 0.015414
0 0.450046 0.214765 0.020736 0.020953
