0 0.746627 0.591247 0.011750 0.011595
0 0.570130 0.215358 0.013141 0.013058
0 0.057922 0.353958 0.012846 0.012815
0 0.973621 0.656354 0.011093 0.010886
0 0.930097 0.040571 0.011915 0.012047
0 0.457920 0.133130 0.012784 0.012724
0 0.278670 0.436128 0.011882 0.011813
0 0.021432 0.815498 0.011948 0.011880
0 0.460468 0.612510 0.012828 0.012853
0 0.611556 0.714489 0.012941 0.012776
0 0.096582 0.379230 0.011078 0.010744
0 0.182668 0.613738 0.012267 0.012242
0 0.878254 0.352873 0.012001 0.011809
0 0.514008 0.181606 0.012224 0.012165
0 0.317833 0.240422 0.012778 0.012728
0 0.692299 0.276384 0.011898 0.011880
0 0.634970 0.632719 0.013442 0.013442
0 0.689841 0.567202 0.012370 0.012408
0 0.457927 0.413944 0.012379 0.012551
0 0.405337 0.350911 0.014401 0.014466
0 0.664952 0.088202 0.012629 0.012647
0 0.488359 0.923819 0.013969 0.013844
0 0.463031 0.694720 0.012083 0.011839
0 0.746784 0.731116 0.014086 0.013918
0 0.037277 0.737693 0.013075 0.013201
0 0.815177 0.180927 0.011895 0.011739
0 0.377120 0.403940 0.012714 0.012661
0 0.263728 0.604961 0.012539 0.012516
0 0.578606 0.762399 0.012955 0.012988
0 0.586263 0.516655 0.013790 0.013849
0 0.509160 0.370398 0.012756 0.012795
0 0.481859 0.020260 0.013205 0.013455
0 0.025699 0.678052 0.012910 0.012789
0 0.966850 0.610075 0.012306 0.011978
0 0.291866 0.189247 0.012741 0.012859
0 0.601786 0.124937 0.012939 0.013002
0 0.733725 0.622307 0.013873 0.013668
0 0.285658 0.661870 0.012926 0.012916
0 0.723652 0.046641 0.012240 0.012376
0 0.662405 0.297833 0.011932 0.011954
0 0.512172 0.481091 0.012923 0.012756
0 0.238450 0.399019 0.012004 0.012015
0 0.854960 0.478030 0.013862 0.013693
0 0.733004 0.689790 0.013131 0.013242
0 0.903789 0.540010 0.013204 0.013099
0 0.346386 0.717445 0.012132 0.011951
0 0.055398 0.621496 0.012949 0.013052
0 0.423734 0.825275 0.012643 0.012721
0 0.522571 0.427604 0.012784 0.012921
0 0.308457 0.510276 0.011485 0.011563
0 0.893678 0.731574 0.013204 0.013237
0 0.471876 0.243848 0.012307 0.012478
0 0.957325 0.341099 0.011140 0.010988
0 0.890623 0.586714 0.012448 0.012365
0 0.215096 0.533899 0.012795 0.012655
0 0.499115 0.414634 0.012411 0.012464
0 0.223098 0.433822 0.013790 0.013651
0 0.097645 0.352926 0.013658 0.013297
0 0.839335 0.329803 0.013251 0.013161
0 0.548138 0.727549 0.012434 0.012473
0 0.466418 0.177101 0.013393 0.013386
0 0.812292 0.038190 0.012264 0.012200
0 0.372414 0.795309 0.012951 0.012877
0 0.921608 0.619837 0.010604 0.010693
0 0.490058 0.492561 0.014199 0.014143
0 0.833269 0.266259 0.012297 0.012251
0 0.959147 0.374266 0.011152 0.011359
0 0.905490 0.074598 0.010189 0.010316
0 0.112332 0.169907 0.012362 0.012527
0 0.327664 0.388947 0.012353 0.012406
0 0.427512 0.897480 0.013088 0.013123
0 0.069127 0.917216 0.011252 0.011045
0 0.869270 0.538308 0.010541 0.010331
0 0.144048 0.681188 0.012690 0.012240
0 0.527695 0.507830 0.011653 0.011519
0 0.367191 0.577238 0.014110 0.014059
0 0.424210 0.666165 0.013138 0.013107
0 0.159197 0.968382 0.010750 0.010467
0 0.037481 0.901951 0.011752 0.011825
0 0.161364 0.175096 0.012246 0.012382
0 0.652798 0.584481 0.011502 0.011514
0 0.568643 0.584958 0.013884 0.013918
0 0.268242 0.711953 0.013553 0.013677
0 0.650291 0.416346 0.012025 0.011870
0 0.349717 0.945732 0.013067 0.013086
0 0.775125 0.100728 0.015436 0.015880
0 0.803957 0.523301 0.009724 0.009676
0 0.736201 0.361677 0.013568 0.013340
0 0.125539 0.725255 0.011957 0.012187
0 0.872810 0.171404 0.011823 0.011826
0 0.843555 0.986472 0.012785 0.012946
0 0.757663 0.447725 0.012775 0.012594
0 0.982941 0.512927 0.014771 0.013941
0 0.884843 0.118752 0.009377 0.009279
0 0.811405 0.703218 0.012809 0.012715
0 0.870913 0.108415 0.012129 0.011719
0 0.728071 0.430995 0.010093 0.009995
0 0.894171 0.860771 0.013058 0.013130
0 0.395575 0.966103 0.013423 0.013440
0 0.767809 0.534269 0.012546 0.012268
0 0.928175 0.007851 0.010947 0.011193
0 0.350079 0.291086 0.024261 0.024832
0 0.089994 0.786644 0.009934 0.009802
0 0.761392 0.837253 0.011848 0.011919
0 0.207142 0.993153 0.010790 0.010911
0 0.476930 0.701279 0.011374 0.012103
0 0.835022 0.004635 0.012829 0.009227
0 0.931987 0.845114 0.014197 0.013781
0 0.534707 0.630347 0.024175 0.023650
0 0.269099 0.931464 0.010851 0.010797
0 0.087437 0.927015 0.011766 0.011608
0 0.697923 0.831427 0.013001 0.012411
0 0.975415 0.039321 0.010011 0.009520
0 0.955431 0.306799 0.012478 0.012498
0 0.622022 0.969844 0.012875 0.013004
0 0.880248 0.980162 0.013464 0.013282
0 0.914450 0.928955 0.011910 0.012037
0 0.902629 0.520063 0.011704 0.011938
0 0.002051 0.979016 0.004082 0.010673
0 0.869517 0.569001 0.011010 0.011195
0 0.850702 0.710812 0.021355 0.020687
0 0.589927 0.003597 0.011063 0.007194
0 0.651353 0.473388 0.010546 0.010086
0 0.494851 0.289437 0.011239 0.010676
0 0.132757 0.952087 0.012028 0.011718
0 0.638122 0.078924 0.023008 0.024018
0 0.587828 0.003115 0.012170 0.006177
