0 0.552635 0.391790 0.013066 0.013089
0 0.362173 0.499265 0.013547 0.013474
0 0.074424 0.945013 0.012454 0.012409
0 0.098453 0.189416 0.011157 0.010887
0 0.131886 0.553202 0.012155 0.011979
0 0.217459 0.120649 0.011748 0.011642
0 0.517012 0.321674 0.014979 0.014922
0 0.748687 0.618542 0.013542 0.013359
0 0.504936 0.069604 0.014232 0.014254
0 0.756874 0.456479 0.011963 0.011870
0 0.673931 0.109102 0.013384 0.013263
0 0.655276 0.034578 0.012705 0.012658
0 0.534320 0.074954 0.012721 0.012571
0 0.108207 0.981102 0.013481 0.013682
0 0.185410 0.891832 0.012803 0.012719
0 0.402657 0.396992 0.013883 0.013789
0 0.086111 0.834591 0.013120 0.013150
0 0.302115 0.734835 0.012453 0.012342
0 0.851333 0.675279 0.012788 0.012908
0 0.135347 0.818682 0.012626 0.012433
0 0.861265 0.444567 0.013238 0.013348
0 0.627900 0.179493 0.012321 0.012268
0 0.524183 0.349685 0.013566 0.013409
0 0.125950 0.486274 0.011015 0.010894
0 0.599117 0.098332 0.013591 0.013522
0 0.576190 0.209424 0.012937 0.012852
0 0.211589 0.163013 0.011300 0.011397
0 0.692001 0.614405 0.012745 0.012582
0 0.243235 0.861472 0.011690 0.011339
0 0.128403 0.330732 0.012699 0.012950
0 0.463405 0.608563 0.014116 0.014194
0 0.184106 0.630325 0.013791 0.013684
0 0.828200 0.451401 0.011453 0.011547
0 0.461508 0.959199 0.012764 0.012803
0 0.375240 0.224768 0.015425 0.015471
0 0.581010 0.511715 0.013135 0.013065
0 0.330439 0.518569 0.012356 0.012241
0 0.208118 0.311339 0.012193 0.012082
0 0.846808 0.301412 0.012298 0.012363
0 0.817793 0.712607 0.012175 0.012148
0 0.863194 0.049430 0.014050 0.014040
0 0.797214 0.584710 0.011022 0.011002
0 0.868498 0.807123 0.012502 0.012342
0 0.920861 0.041075 0.012638 0.012561
0 0.618281 0.360844 0.011950 0.012002
0 0.338196 0.180917 0.012520 0.012364
0 0.111759 0.233539 0.012490 0.012359
0 0.650520 0.499922 0.013854 0.014021
0 0.543253 0.975728 0.012612 0.012737
0 0.148150 0.422862 0.013725 0.013486
0 0.223104 0.469610 0.012740 0.012718
0 0.571492 0.150977 0.012428 0.012307
0 0.482559 0.567827 0.012566 0.012793
0 0.106601 0.454132 0.011760 0.011647
0 0.962418 0.251359 0.011110 0.010886
0 0.829215 0.014592 0.011562 0.011635
0 0.683197 0.950334 0.011964 0.012026
0 0.867467 0.309138 0.011135 0.010964
0 0.293322 0.240351 0.011232 0.011414
0 0.091531 0.216104 0.011234 0.011227
0 0.431389 0.555881 0.014066 0.014404
0 0.342812 0.730974 0.011565 0.011417
0 0.746743 0.480900 0.011176 0.011134
0 0.985332 0.545271 0.012158 0.012158
0 0.156897 0.529264 0.013029 0.013109
0 0.093408 0.268041 0.011138 0.011201
0 0.355309 0.329066 0.012240 0.012051
0 0.234422 0.012116 0.014294 0.014403
0 0.203307 0.716288 0.012252 0.012145
0 0.777515 0.397303 0.011656 0.011617
0 0.876689 0.249847 0.011900 0.011985
0 0.408144 0.119224 0.012354 0.012300
0 0.014749 0.445830 0.011802 0.011915
0 0.225774 0.652342 0.013491 0.013117
0 0.068283 0.763255 0.011671 0.011498
0 0.216529 0.511002 0.013914 0.013753
0 0.594689 0.678278 0.012898 0.013123
0 0.403572 0.941736 0.013537 0.013408
0 0.494846 0.543428 0.014548 0.014207
0 0.070176 0.626138 0.012449 0.012130
0 0.238316 0.169724 0.012446 0.012654
0 0.677216 0.152086 0.012766 0.012928
0 0.740762 0.278264 0.012737 0.012476
0 0.454800 0.709429 0.012457 0.012420
0 0.036656 0.451020 0.012392 0.012688
0 0.014130 0.265057 0.011601 0.011345
0 0.304363 0.449079 0.012543 0.012506
0 0.994682 0.804534 0.010636 0.013288
0 0.422195 0.760802 0.011679 0.011902
0 0.512809 0.612823 0.012247 0.012530
0 0.663488 0.839151 0.012380 0.012706
0 0.788779 0.005449 0.012546 0.010898
0 0.723404 0.044747 0.013114 0.013257
0 0.119128 0.450259 0.012015 0.011428
0 0.070990 0.048493 0.013463 0.013337
0 0.436731 0.589434 0.009510 0.009583
0 0.008740 0.368847 0.014038 0.013727
0 0.659629 0.422726 0.013183 0.013073
0 0.398988 0.570716 0.011755 0.011492
0 0.848483 0.709561 0.022351 0.022640
0 0.923472 0.087814 0.012067 0.011906
0 0.406918 0.472904 0.013799 0.013847
0 0.319897 0.288468 0.011613 0.011814
0 0.997776 0.411274 0.004345 0.009773
0 0.059209 0.619250 0.011748 0.011847
0 0.531495 0.627104 0.021055 0.021449
0 0.010541 0.628951 0.009890 0.010487
0 0.509030 0.936207 0.011660 0.011701
0 0.034494 0.571795 0.011540 0.011664
0 0.441096 0.059163 0.012300 0.012303
0 0.225405 0.207922 0.010818 0.010607
0 0.404012 0.068891 0.013371 0.013564
0 0.824270 0.097844 0.012675 0.012521
0 0.928911 0.824282 0.012979 0.012792
0 0.004082 0.079122 0.008132 0.011700
0 0.054747 0.559517 0.012345 0.012349
0 0.234042 0.588731 0.013172 0.013222
0 0.930290 0.404106 0.012944 0.012735
0 0.874903 0.872556 0.014992 0.014805
0 0.271069 0.233447 0.013440 0.013526
0 0.344860 0.290452 0.024017 0.024556
0 0.632421 0.099297 0.013712 0.013540
0 0.592190 0.737200 0.010580 0.010762
0 0.946152 0.796902 0.009858 0.010032
0 0.520338 0.426241 0.014352 0.012407
