0 0.089556 0.333266 0.014063 0.013892
0 0.275009 0.038698 0.013414 0.013062
0 0.725871 0.169242 0.012589 0.012694
0 0.472526 0.314460 0.012740 0.012609
0 0.543066 0.150839 0.013154 0.012948
0 0.259512 0.466883 0.013837 0.013728
0 0.233905 0.360352 0.012427 0.012481
0 0.312225 0.138324 0.011892 0.011843
0 0.147937 0.455026 0.012250 0.011960
0 0.748759 0.618619 0.013640 0.013517
0 0.594581 0.613579 0.013254 0.013124
0 0.199182 0.500885 0.013064 0.012928
0 0.419254 0.312928 0.013856 0.013837
0 0.497719 0.061304 0.013962 0.013916
0 0.492467 0.488517 0.013639 0.013552
0 0.524471 0.349573 0.013120 0.012884
0 0.268804 0.747082 0.012964 0.012803
0 0.234918 0.231495 0.011953 0.011819
0 0.757508 0.713413 0.013293 0.013280
0 0.147680 0.250527 0.013715 0.013838
0 0.157032 0.622836 0.013245 0.013246
0 0.559459 0.491491 0.012054 0.011790
0 0.452291 0.478604 0.014186 0.014014
0 0.321956 0.088885 0.014101 0.013938
0 0.501118 0.729556 0.013708 0.013750
0 0.461547 0.606273 0.013379 0.013507
0 0.222865 0.469280 0.012664 0.012619
0 0.883830 0.753097 0.013147 0.013053
0 0.543669 0.974962 0.013127 0.012962
0 0.269999 0.310473 0.012497 0.012403
0 0.780669 0.753420 0.012531 0.012632
0 0.294485 0.207170 0.013890 0.013804
0 0.199649 0.528218 0.011742 0.011783
0 0.026424 0.543298 0.013219 0.013067
0 0.371669 0.260130 0.013486 0.013394
0 0.713389 0.087368 0.013139 0.013039
0 0.514652 0.384957 0.013679 0.013548
0 0.333295 0.566633 0.012171 0.012178
0 0.365037 0.284276 0.013440 0.013235
0 0.692917 0.434226 0.013416 0.013430
0 0.155774 0.768702 0.013309 0.013083
0 0.856559 0.909444 0.012702 0.012432
0 0.524990 0.473996 0.011689 0.011749
0 0.897188 0.544025 0.011839 0.011771
0 0.285017 0.078568 0.012562 0.012759
0 0.345798 0.168523 0.012672 0.012626
0 0.386703 0.671119 0.011618 0.011608
0 0.106755 0.199411 0.012902 0.012830
0 0.141616 0.493565 0.013256 0.013482
0 0.624055 0.188917 0.011454 0.011265
0 0.758412 0.365075 0.012426 0.012378
0 0.491087 0.553155 0.012103 0.012751
0 0.760032 0.275596 0.013318 0.013619
0 0.625532 0.918785 0.012869 0.012983
0 0.352518 0.360656 0.013565 0.013376
0 0.321653 0.491338 0.011606 0.011531
0 0.145111 0.597560 0.011371 0.011272
0 0.740587 0.297544 0.012337 0.012454
0 0.160276 0.473905 0.013145 0.013159
0 0.462503 0.773275 0.012626 0.012813
0 0.974047 0.364730 0.013607 0.013570
0 0.460537 0.959472 0.012680 0.012624
0 0.585379 0.009032 0.015032 0.014766
0 0.881357 0.617101 0.012437 0.012409
0 0.725538 0.936158 0.012183 0.012272
0 0.903144 0.492072 0.012067 0.011968
0 0.721974 0.895448 0.013784 0.013904
0 0.754232 0.852071 0.014101 0.014297
0 0.047590 0.826081 0.013073 0.013095
0 0.989857 0.583520 0.014312 0.014267
0 0.481989 0.028802 0.013126 0.013044
0 0.673938 0.112577 0.012707 0.012888
0 0.680627 0.241792 0.011336 0.011222
0 0.469400 0.916213 0.011890 0.011454
0 0.788801 0.627340 0.012077 0.012047
0 0.183749 0.890801 0.013093 0.013066
0 0.596565 0.448440 0.011776 0.011731
0 0.903011 0.102909 0.012521 0.012489
0 0.137316 0.215639 0.010895 0.010710
0 0.198738 0.233350 0.013486 0.013415
0 0.493149 0.006925 0.011792 0.012341
0 0.046774 0.459710 0.011003 0.011096
0 0.349332 0.663578 0.012317 0.012630
0 0.604030 0.972219 0.011699 0.011906
0 0.390709 0.729520 0.010913 0.011111
0 0.575212 0.943365 0.012285 0.012481
0 0.062290 0.098639 0.011882 0.011479
0 0.330794 0.518521 0.011560 0.011383
0 0.394933 0.208919 0.013311 0.013203
0 0.224602 0.651142 0.012990 0.012879
0 0.695202 0.329591 0.013022 0.013092
0 0.440490 0.060436 0.011368 0.011309
0 0.164426 0.289766 0.012891 0.012622
0 0.108505 0.981294 0.013445 0.013726
0 0.989781 0.666825 0.013726 0.013382
0 0.027284 0.199851 0.010094 0.009899
0 0.004190 0.542403 0.008362 0.012196
0 0.461456 0.885547 0.010564 0.010604
0 0.280895 0.004660 0.012408 0.009299
0 0.920289 0.333367 0.012010 0.011972
0 0.507922 0.366875 0.012339 0.012076
0 0.101679 0.139957 0.011196 0.010735
0 0.031085 0.065099 0.013068 0.013067
0 0.400335 0.570652 0.010378 0.010306
0 0.138423 0.712584 0.012953 0.012888
0 0.166766 0.221104 0.010819 0.010703
0 0.849467 0.711220 0.023122 0.023346
0 0.436916 0.590760 0.010074 0.010185
0 0.799387 0.400987 0.011544 0.011455
0 0.986678 0.997447 0.011996 0.005068
0 0.398595 0.569783 0.011017 0.010595
0 0.421709 0.555935 0.013523 0.013626
0 0.939306 0.611180 0.014671 0.014721
0 0.300350 0.997081 0.013240 0.005838
0 0.763085 0.399026 0.012125 0.011929
0 0.800517 0.026991 0.011277 0.011566
0 0.036451 0.348139 0.012475 0.012635
0 0.464388 0.007496 0.011588 0.011541
