0 0.791514 0.627861 0.012461 0.012360
0 0.469981 0.651224 0.012334 0.012135
0 0.313469 0.805230 0.012963 0.012786
0 0.173841 0.693390 0.013495 0.013505
0 0.184126 0.891364 0.012640 0.012516
0 0.148299 0.736490 0.013869 0.013663
0 0.208453 0.529570 0.013914 0.013781
0 0.746777 0.947675 0.013822 0.013794
0 0.391868 0.131038 0.011071 0.011064
0 0.270432 0.846987 0.013318 0.013219
0 0.819971 0.794838 0.012122 0.012106
0 0.123084 0.787829 0.012903 0.012718
0 0.747555 0.619002 0.013173 0.013076
0 0.566135 0.583972 0.013447 0.013321
0 0.250021 0.246799 0.012273 0.012277
0 0.397980 0.649564 0.013315 0.013240
0 0.760629 0.466963 0.013481 0.013489
0 0.366628 0.674275 0.012730 0.012667
0 0.496698 0.513892 0.013493 0.013512
0 0.766136 0.415788 0.013288 0.013047
0 0.982216 0.822328 0.013615 0.013656
0 0.039010 0.970149 0.013591 0.013524
0 0.108284 0.980912 0.013139 0.013053
0 0.517740 0.575921 0.012829 0.012828
0 0.097023 0.399025 0.012361 0.012309
0 0.402530 0.248139 0.012458 0.012537
0 0.942689 0.953944 0.012087 0.012044
0 0.121344 0.428977 0.012895 0.013022
0 0.177379 0.239269 0.013044 0.012804
0 0.492610 0.928625 0.013041 0.013085
0 0.221699 0.470439 0.013050 0.012928
0 0.361780 0.448379 0.013553 0.013496
0 0.723908 0.520371 0.013175 0.013141
0 0.148281 0.636037 0.013194 0.013284
0 0.375392 0.926842 0.013328 0.013000
0 0.828597 0.223735 0.013319 0.013473
0 0.213179 0.246046 0.014045 0.014171
0 0.330243 0.518753 0.011823 0.011763
0 0.642572 0.629800 0.013065 0.013101
0 0.280604 0.957289 0.012776 0.012967
0 0.637739 0.923403 0.013379 0.013302
0 0.715804 0.619427 0.012939 0.013036
0 0.030684 0.507285 0.013124 0.013088
0 0.251829 0.528984 0.012557 0.012354
0 0.673780 0.614244 0.013605 0.013800
0 0.746312 0.368694 0.013559 0.013722
0 0.129905 0.458999 0.012063 0.012106
0 0.441499 0.058295 0.012192 0.012168
0 0.305260 0.274385 0.011930 0.011912
0 0.946804 0.367772 0.013429 0.013507
0 0.464076 0.761837 0.011251 0.011391
0 0.181701 0.547944 0.012850 0.012542
0 0.055061 0.953481 0.011727 0.011881
0 0.768926 0.806425 0.012548 0.012153
0 0.278302 0.598116 0.013544 0.013389
0 0.246923 0.553125 0.013346 0.013259
0 0.979084 0.548201 0.013069 0.013190
0 0.676941 0.363518 0.012960 0.012781
0 0.452434 0.956088 0.013698 0.013566
0 0.821909 0.985188 0.012186 0.012322
0 0.425084 0.674321 0.011918 0.012055
0 0.523805 0.258502 0.012141 0.012293
0 0.541888 0.976578 0.012951 0.012778
0 0.530710 0.725236 0.015912 0.015910
0 0.497064 0.062987 0.012953 0.013066
0 0.315362 0.055026 0.016693 0.015938
0 0.387668 0.162693 0.014663 0.014296
0 0.035697 0.853592 0.011082 0.010946
0 0.441099 0.177739 0.011817 0.011564
0 0.667756 0.256047 0.012688 0.012619
0 0.337811 0.760555 0.012876 0.012958
0 0.653207 0.043945 0.012739 0.012531
0 0.308293 0.537267 0.012749 0.012820
0 0.004585 0.378058 0.009051 0.012359
0 0.394795 0.818395 0.014940 0.014980
0 0.223713 0.648282 0.012289 0.012161
0 0.523875 0.351618 0.013173 0.013240
0 0.967671 0.740010 0.013144 0.013610
0 0.849865 0.711192 0.023389 0.023383
0 0.003045 0.360853 0.006045 0.012463
0 0.871294 0.109230 0.013001 0.012970
0 0.722224 0.346414 0.012579 0.012585
0 0.337792 0.086432 0.012704 0.012535
0 0.509755 0.009370 0.014108 0.014338
0 0.271942 0.019311 0.012932 0.012780
0 0.446024 0.562805 0.011845 0.011704
0 0.791309 0.089355 0.012130 0.012070
0 0.067202 0.051289 0.012196 0.012100
0 0.821349 0.086609 0.012710 0.012750
0 0.134667 0.041305 0.012678 0.012868
0 0.997228 0.874821 0.005537 0.011046
0 0.698674 0.827986 0.014985 0.014333
0 0.458472 0.121813 0.012724 0.013070
0 0.742351 0.804367 0.013520 0.013632
0 0.788077 0.005547 0.012548 0.011011
0 0.798784 0.227205 0.011067 0.011538
0 0.922421 0.014373 0.013098 0.012825
0 0.457881 0.123707 0.012213 0.012291
0 0.004087 0.414133 0.008174 0.014591
0 0.395644 0.943233 0.009621 0.009387
0 0.996300 0.424166 0.007400 0.011211
0 0.421585 0.556359 0.013965 0.013589
0 0.991681 0.901913 0.010252 0.010668
0 0.346021 0.290876 0.024284 0.024234
0 0.399778 0.571004 0.011878 0.011328
0 0.855931 0.586391 0.013121 0.013382
0 0.459317 0.119364 0.013086 0.012629
0 0.463531 0.090287 0.013284 0.013074
