0 0.566290 0.499964 0.013958 0.014049
0 0.281120 0.433106 0.014846 0.014826
0 0.954219 0.407171 0.013535 0.013570
0 0.584126 0.449136 0.013960 0.014005
0 0.217395 0.696379 0.013984 0.013890
0 0.349464 0.367332 0.014848 0.014574
0 0.629303 0.408718 0.013711 0.013818
0 0.242369 0.515205 0.013506 0.013392
0 0.489265 0.892943 0.014940 0.015026
0 0.687128 0.541624 0.014855 0.014719
0 0.419546 0.755714 0.014674 0.014562
0 0.932851 0.453824 0.013608 0.013811
0 0.175969 0.485891 0.014776 0.014856
0 0.077764 0.284579 0.014301 0.014019
0 0.950944 0.938923 0.014186 0.014172
0 0.793774 0.557035 0.016164 0.015975
0 0.044958 0.836115 0.014474 0.014589
0 0.612182 0.602800 0.015237 0.015119
0 0.769668 0.667073 0.013664 0.013669
0 0.120350 0.856912 0.013839 0.013925
0 0.312112 0.209436 0.015729 0.015703
0 0.815220 0.328426 0.013947 0.013747
0 0.207303 0.791993 0.014358 0.014570
0 0.353777 0.391468 0.014163 0.014212
0 0.328458 0.837317 0.014394 0.014225
0 0.414720 0.574892 0.014459 0.014535
0 0.654006 0.870338 0.014947 0.014865
0 0.864684 0.280150 0.014126 0.014114
0 0.723017 0.404530 0.014051 0.013811
0 0.149387 0.468742 0.015394 0.015452
0 0.277961 0.556193 0.014575 0.014835
0 0.623233 0.484331 0.013573 0.013196
0 0.965248 0.866705 0.014877 0.015013
0 0.968185 0.700328 0.014441 0.014353
0 0.052575 0.080413 0.014736 0.014508
0 0.059533 0.441101 0.014359 0.014172
0 0.338433 0.932743 0.013530 0.013422
0 0.881278 0.835271 0.014681 0.014645
0 0.758730 0.354180 0.014430 0.014433
0 0.413597 0.351005 0.013978 0.014143
0 0.161481 0.971203 0.014077 0.014076
0 0.345631 0.596935 0.014673 0.014577
0 0.075034 0.027013 0.014731 0.015010
0 0.432202 0.024400 0.013550 0.013624
0 0.686476 0.121098 0.014669 0.014727
0 0.768161 0.833761 0.014792 0.014675
0 0.377709 0.030352 0.013308 0.013385
0 0.124752 0.541881 0.013599 0.013765
0 0.509412 0.541477 0.013920 0.013832
0 0.977804 0.782324 0.014764 0.014993
0 0.935947 0.752835 0.014359 0.014433
0 0.209469 0.624241 0.014178 0.014053
0 0.480997 0.618603 0.014123 0.013928
0 0.199816 0.303992 0.014942 0.014703
0 0.172886 0.073784 0.017812 0.017964
0 0.684368 0.266131 0.014206 0.014368
0 0.761837 0.493318 0.012622 0.012647
0 0.876406 0.393934 0.013848 0.013793
0 0.254671 0.016095 0.015065 0.015212
0 0.953795 0.213689 0.013958 0.013924
0 0.696648 0.061537 0.014718 0.014575
0 0.376668 0.969394 0.014215 0.014093
0 0.137313 0.052099 0.018054 0.017926
0 0.044352 0.218742 0.015059 0.015149
0 0.508338 0.112434 0.013731 0.013767
0 0.052369 0.269572 0.014720 0.014771
0 0.396175 0.144123 0.014486 0.014443
0 0.345625 0.297196 0.023372 0.023079
0 0.758045 0.549701 0.014648 0.014531
0 0.906098 0.982824 0.014932 0.014863
0 0.848330 0.719929 0.021747 0.021473
0 0.398581 0.473316 0.013659 0.013723
0 0.830313 0.142979 0.015199 0.015515
0 0.318715 0.270582 0.014389 0.014267
0 0.594402 0.042237 0.013709 0.013893
0 0.784995 0.960549 0.015518 0.015326
0 0.946490 0.635191 0.015038 0.015019
0 0.983571 0.102949 0.013934 0.014063
0 0.877160 0.992330 0.014492 0.014060
0 0.709736 0.466908 0.012768 0.012910
0 0.737728 0.617523 0.015295 0.015620
0 0.532117 0.194356 0.015011 0.014914
0 0.271809 0.406570 0.015517 0.015480
0 0.781770 0.123412 0.015209 0.015519
0 0.944095 0.659864 0.013284 0.013672
0 0.531003 0.637886 0.022748 0.022809
0 0.206331 0.542134 0.016678 0.016606
0 0.737844 0.384579 0.014727 0.014781
0 0.778378 0.448900 0.014360 0.014421
0 0.454659 0.664311 0.013520 0.013672
0 0.957607 0.022646 0.013946 0.013923
0 0.094592 0.742138 0.013909 0.014035
0 0.992640 0.156941 0.014238 0.014659
0 0.004730 0.934553 0.009401 0.011871
0 0.697225 0.450832 0.014100 0.013914
0 0.635003 0.685389 0.013939 0.013888
0 0.017525 0.313794 0.015421 0.015432
0 0.415635 0.074322 0.015063 0.015371
0 0.623634 0.960131 0.014566 0.014867
0 0.623376 0.310207 0.014870 0.015143
0 0.777686 0.027983 0.012965 0.012984
0 0.987113 0.506413 0.016261 0.016024
0 0.841672 0.568692 0.017159 0.016844
0 0.896988 0.209786 0.013836 0.013652
0 0.479103 0.664685 0.014532 0.014415
0 0.006690 0.475858 0.013316 0.017071
0 0.905495 0.249891 0.013524 0.013632
0 0.046036 0.933798 0.013515 0.013234
0 0.921475 0.145690 0.019592 0.019185
0 0.285945 0.251638 0.013978 0.013794
0 0.745789 0.664678 0.014297 0.014082
0 0.505926 0.184191 0.013758 0.013636
0 0.516707 0.378780 0.014981 0.015064
0 0.893084 0.570536 0.014534 0.014310
0 0.402832 0.308413 0.013860 0.013958
0 0.377060 0.231603 0.020382 0.019581
0 0.137660 0.026468 0.015787 0.015971
0 0.198437 0.736207 0.013088 0.012670
0 0.748200 0.214844 0.014569 0.014765
0 0.730049 0.288168 0.013739 0.013644
0 0.485277 0.737366 0.014757 0.014798
0 0.382577 0.307401 0.013929 0.014555
0 0.976800 0.589256 0.016462 0.015940
0 0.094076 0.908938 0.014943 0.014883
0 0.636141 0.039819 0.014163 0.014160
0 0.622675 0.148389 0.014330 0.014731
0 0.402160 0.083292 0.010701 0.010572
0 0.524090 0.018112 0.016572 0.016448
0 0.301495 0.733822 0.017086 0.016759
0 0.584302 0.174792 0.014171 0.013902
0 0.871607 0.609172 0.014822 0.014374
0 0.570055 0.161680 0.012581 0.012562
0 0.120032 0.906679 0.014395 0.014219
0 0.634393 0.087019 0.021449 0.020974
0 0.864428 0.651556 0.011481 0.011570
0 0.386257 0.264896 0.016592 0.016816
0 0.669398 0.183591 0.014329 0.013997
0 0.911942 0.628063 0.013585 0.013758
0 0.356194 0.491236 0.012414 0.012324
0 0.669297 0.622169 0.018049 0.017563
0 0.887963 0.256610 0.015946 0.015844
0 0.831803 0.805679 0.014014 0.013895
0 0.047000 0.013473 0.013445 0.013821
0 0.370689 0.624302 0.016943 0.016289
0 0.243253 0.902111 0.015846 0.015323
0 0.315595 0.065589 0.012788 0.012868
0 0.998332 0.215526 0.003258 0.015743
