0 0.320600 0.036276 0.012554 0.012608
0 0.587570 0.381384 0.013844 0.013813
0 0.298057 0.318341 0.013214 0.013034
0 0.371072 0.090134 0.013104 0.012770
0 0.470910 0.771667 0.012420 0.012233
0 0.879856 0.882888 0.012992 0.012809
0 0.939054 0.698969 0.013603 0.013633
0 0.852423 0.656717 0.012910 0.012890
0 0.907168 0.471471 0.013667 0.013651
0 0.909417 0.519310 0.012659 0.012649
0 0.782124 0.098623 0.013152 0.013013
0 0.861735 0.473773 0.012351 0.012327
0 0.731000 0.510492 0.013026 0.013021
0 0.827978 0.922625 0.013154 0.013149
0 0.036292 0.734144 0.012879 0.012742
0 0.365977 0.439070 0.012234 0.012012
0 0.432683 0.573690 0.013308 0.013367
0 0.494473 0.307674 0.014232 0.014063
0 0.794406 0.323891 0.012571 0.012460
0 0.350097 0.791387 0.012207 0.012306
0 0.390794 0.493962 0.012505 0.012645
0 0.937520 0.558695 0.013526 0.013359
0 0.155079 0.471368 0.012531 0.012452
0 0.305738 0.179927 0.013081 0.012925
0 0.128090 0.387118 0.012854 0.012582
0 0.086415 0.382642 0.013690 0.013565
0 0.758736 0.095422 0.013256 0.013182
0 0.521313 0.122831 0.013415 0.013375
0 0.562887 0.679380 0.013050 0.013091
0 0.687237 0.267688 0.012557 0.012383
0 0.473275 0.365604 0.012118 0.012118
0 0.719797 0.419798 0.012770 0.012786
0 0.089572 0.898769 0.012134 0.012012
0 0.309810 0.563991 0.012532 0.012564
0 0.610272 0.329333 0.017651 0.017438
0 0.763831 0.361503 0.012834 0.012733
0 0.814422 0.353162 0.013540 0.013523
0 0.897686 0.330595 0.013908 0.014028
0 0.152936 0.254809 0.012380 0.012298
0 0.749630 0.719494 0.011852 0.012065
0 0.831337 0.394448 0.011933 0.011678
0 0.024967 0.786937 0.013463 0.013345
0 0.125978 0.298951 0.012428 0.012301
0 0.896727 0.246412 0.013075 0.012831
0 0.764489 0.615955 0.011601 0.011713
0 0.019488 0.504932 0.012855 0.012747
0 0.026343 0.373228 0.012611 0.012535
0 0.368775 0.169091 0.013219 0.013198
0 0.625168 0.716750 0.012836 0.012820
0 0.672989 0.582635 0.013601 0.013610
0 0.441003 0.484351 0.012198 0.012364
0 0.326988 0.582160 0.013662 0.013608
0 0.845587 0.159379 0.013485 0.013013
0 0.760318 0.479555 0.013034 0.013106
0 0.385928 0.477415 0.012269 0.012134
0 0.503227 0.579912 0.012756 0.012938
0 0.744920 0.382654 0.013153 0.013424
0 0.169795 0.528407 0.012825 0.012979
0 0.974920 0.583256 0.012395 0.012157
0 0.865960 0.397454 0.013971 0.013945
0 0.219046 0.390484 0.011804 0.012286
0 0.357167 0.610190 0.012496 0.012331
0 0.324114 0.719602 0.013418 0.013677
0 0.126681 0.145969 0.013242 0.013210
0 0.864194 0.544438 0.013212 0.013187
0 0.081602 0.943932 0.013778 0.013724
0 0.468727 0.545216 0.012336 0.012020
0 0.923996 0.077501 0.012508 0.012708
0 0.926509 0.032518 0.013077 0.013013
0 0.533240 0.385793 0.014845 0.014729
0 0.568330 0.786653 0.012190 0.012185
0 0.279638 0.715120 0.013902 0.013901
0 0.123264 0.242894 0.014522 0.014216
0 0.118177 0.517480 0.012821 0.012765
0 0.189033 0.831088 0.012905 0.013088
0 0.232257 0.247099 0.012243 0.011957
0 0.618379 0.792418 0.012179 0.012168
0 0.375077 0.701270 0.013089 0.012986
0 0.467557 0.852942 0.013480 0.013632
0 0.820532 0.014806 0.012460 0.012525
0 0.676309 0.015634 0.012992 0.012909
0 0.935418 0.891058 0.012051 0.011933
0 0.887711 0.048455 0.011338 0.011417
0 0.163661 0.776531 0.012171 0.012112
0 0.508452 0.654542 0.011877 0.011843
0 0.666296 0.370241 0.012435 0.012340
0 0.585133 0.508339 0.012144 0.012498
0 0.130089 0.597901 0.014184 0.014184
0 0.213075 0.724745 0.013594 0.013550
0 0.343022 0.660893 0.012454 0.012123
0 0.932534 0.775517 0.014044 0.013829
0 0.226880 0.356817 0.011280 0.011080
0 0.398085 0.969785 0.013954 0.013999
0 0.954564 0.653217 0.013618 0.013535
0 0.902112 0.377422 0.012180 0.012227
0 0.365786 0.283190 0.013291 0.013649
0 0.193133 0.899442 0.012491 0.012167
0 0.241351 0.080334 0.012288 0.012640
0 0.423751 0.610806 0.014917 0.014948
0 0.215755 0.154118 0.012474 0.012364
0 0.336767 0.637187 0.014233 0.014172
0 0.955065 0.584072 0.013591 0.013409
0 0.913217 0.148362 0.012302 0.012040
0 0.707383 0.075357 0.013917 0.014061
0 0.657738 0.974542 0.012029 0.011768
0 0.977770 0.305077 0.012229 0.012442
0 0.726186 0.851820 0.011742 0.011561
0 0.819656 0.625750 0.010893 0.011056
0 0.569747 0.281856 0.013699 0.013439
0 0.486505 0.235740 0.013515 0.013536
0 0.701322 0.518818 0.012539 0.012325
0 0.260717 0.270442 0.012033 0.011904
0 0.366777 0.836183 0.014162 0.014197
0 0.474359 0.434388 0.014962 0.015117
0 0.185780 0.359283 0.012706 0.012771
0 0.119838 0.416030 0.011141 0.010932
0 0.874936 0.698948 0.012302 0.012156
0 0.515923 0.856915 0.011506 0.011574
0 0.141725 0.271637 0.013299 0.013306
0 0.229042 0.614998 0.011336 0.011604
0 0.271593 0.251465 0.011516 0.011372
0 0.962714 0.175802 0.011129 0.011128
0 0.800525 0.677612 0.011879 0.012149
0 0.615144 0.895405 0.012083 0.012192
0 0.837783 0.964506 0.010121 0.010675
0 0.253357 0.688429 0.012931 0.013126
0 0.004189 0.272530 0.008378 0.011140
0 0.237958 0.885108 0.012929 0.012815
0 0.567964 0.997140 0.011173 0.005720
0 0.020019 0.850907 0.012371 0.012257
0 0.387497 0.614529 0.015753 0.015588
0 0.426103 0.963711 0.013977 0.013946
0 0.997479 0.983991 0.005011 0.011803
0 0.306046 0.806392 0.014867 0.015097
0 0.659410 0.694275 0.016878 0.017877
0 0.851049 0.709345 0.022495 0.022176
0 0.119996 0.833592 0.014197 0.014098
0 0.543190 0.052012 0.017730 0.017572
0 0.228959 0.456597 0.013715 0.013515
0 0.564058 0.952503 0.013055 0.012553
0 0.044439 0.802047 0.012638 0.012496
0 0.184577 0.388553 0.012603 0.012526
0 0.292090 0.514534 0.014408 0.014256
0 0.564978 0.472309 0.013553 0.013543
0 0.958377 0.392534 0.013881 0.013660
0 0.283476 0.665975 0.014515 0.014695
0 0.753667 0.348777 0.013288 0.013124
0 0.523496 0.753642 0.012919 0.012643
0 0.710144 0.230151 0.010655 0.010435
0 0.593636 0.431675 0.014055 0.014304
0 0.644963 0.024678 0.013628 0.013803
0 0.474800 0.064053 0.013095 0.013203
0 0.364873 0.636792 0.010808 0.010598
0 0.477942 0.014288 0.013129 0.013275
0 0.746066 0.579272 0.012957 0.012749
0 0.248812 0.454615 0.012513 0.013034
0 0.590751 0.745930 0.012193 0.012222
0 0.558575 0.309337 0.014652 0.014393
0 0.045018 0.166452 0.013905 0.013651
0 0.686759 0.564779 0.012298 0.012191
0 0.985108 0.027407 0.011687 0.011552
0 0.147992 0.726957 0.012235 0.012622
0 0.988982 0.696444 0.012863 0.012813
0 0.144143 0.089201 0.012779 0.012657
0 0.602403 0.238339 0.012907 0.013129
0 0.322129 0.465066 0.012494 0.012724
0 0.529661 0.725467 0.012690 0.012562
0 0.558846 0.761868 0.011011 0.010898
0 0.676696 0.295729 0.012415 0.011753
0 0.507825 0.468174 0.015358 0.015267
0 0.604530 0.273482 0.011380 0.010902
0 0.117152 0.778725 0.013362 0.012906
0 0.584603 0.157443 0.013524 0.013541
0 0.991162 0.243149 0.011774 0.011228
0 0.557397 0.054918 0.013421 0.013631
0 0.714052 0.292466 0.011479 0.011129
0 0.998337 0.809220 0.003327 0.012708
0 0.463852 0.711306 0.010177 0.010380
0 0.724244 0.312269 0.011724 0.011608
0 0.821561 0.058056 0.015849 0.016105
0 0.998039 0.453698 0.003898 0.013733
0 0.543207 0.473079 0.016219 0.016297
0 0.566820 0.231816 0.011869 0.011106
0 0.998121 0.222224 0.003723 0.010685
0 0.170183 0.003442 0.011682 0.006884
0 0.664640 0.216588 0.012320 0.012255
0 0.143371 0.710925 0.010884 0.010674
0 0.987689 0.027277 0.012571 0.011680
0 0.555283 0.054208 0.013896 0.015132
