0 0.097597 0.189045 0.011134 0.010957
0 0.458389 0.449958 0.012377 0.012198
0 0.847970 0.628346 0.012052 0.011908
0 0.466027 0.068689 0.012587 0.012543
0 0.407889 0.495204 0.013696 0.013557
0 0.806163 0.080187 0.014111 0.014009
0 0.748487 0.619158 0.013447 0.013307
0 0.346666 0.570455 0.012287 0.012224
0 0.447871 0.355533 0.011273 0.011164
0 0.881135 0.789310 0.013143 0.013042
0 0.461001 0.958364 0.012649 0.012633
0 0.148916 0.309314 0.012206 0.011811
0 0.154832 0.567921 0.013346 0.013331
0 0.222993 0.470075 0.012994 0.013031
0 0.556474 0.335361 0.014064 0.014024
0 0.525231 0.349586 0.013380 0.013339
0 0.543814 0.974972 0.013520 0.013404
0 0.337524 0.490759 0.014043 0.013765
0 0.417225 0.636015 0.013502 0.013616
0 0.084707 0.425279 0.012844 0.012840
0 0.927295 0.483735 0.013081 0.013026
0 0.069045 0.191921 0.013655 0.013450
0 0.023535 0.510908 0.012131 0.012039
0 0.373835 0.257209 0.014715 0.014630
0 0.309192 0.288244 0.012762 0.012644
0 0.408213 0.140172 0.013488 0.013548
0 0.184692 0.891066 0.013047 0.012988
0 0.833811 0.486243 0.012588 0.012651
0 0.061122 0.676940 0.011962 0.011890
0 0.175036 0.630654 0.013337 0.013490
0 0.365827 0.162632 0.012811 0.012908
0 0.490889 0.646460 0.014331 0.014342
0 0.323704 0.218353 0.012765 0.012668
0 0.646270 0.213669 0.013069 0.012960
0 0.091203 0.618855 0.011235 0.011220
0 0.406457 0.743299 0.013248 0.013367
0 0.640318 0.144516 0.012313 0.012307
0 0.330808 0.519087 0.012479 0.012458
0 0.262041 0.165342 0.011434 0.011230
0 0.059898 0.458514 0.012954 0.013053
0 0.109016 0.981395 0.013652 0.013621
0 0.350569 0.182054 0.013188 0.013066
0 0.800704 0.509933 0.013229 0.013399
0 0.746990 0.097794 0.013553 0.013497
0 0.520535 0.466522 0.012147 0.012044
0 0.054257 0.835893 0.013632 0.013605
0 0.384239 0.942655 0.012175 0.012032
0 0.824815 0.056441 0.013387 0.013396
0 0.840053 0.681521 0.013537 0.013514
0 0.746034 0.152490 0.013175 0.013343
0 0.945517 0.453759 0.012985 0.012970
0 0.351028 0.876411 0.012930 0.012902
0 0.810657 0.462693 0.012965 0.013070
0 0.235574 0.056550 0.012378 0.012503
0 0.226238 0.533795 0.012053 0.012085
0 0.586348 0.841500 0.011629 0.011671
0 0.803140 0.184321 0.012789 0.012775
0 0.146874 0.650586 0.012797 0.012750
0 0.443751 0.105285 0.012651 0.012085
0 0.831429 0.320762 0.012206 0.011864
0 0.225347 0.652868 0.013140 0.012753
0 0.439468 0.858998 0.012272 0.012304
0 0.324702 0.233971 0.013936 0.013496
0 0.422571 0.556598 0.013536 0.013546
0 0.593872 0.538563 0.012524 0.012670
0 0.172249 0.296233 0.013541 0.013719
0 0.246447 0.757976 0.014028 0.014098
0 0.569616 0.519317 0.012047 0.012045
0 0.157454 0.468218 0.012076 0.012049
0 0.158112 0.081211 0.012630 0.012527
0 0.853172 0.082695 0.013503 0.013460
0 0.398976 0.570643 0.011683 0.011564
0 0.250889 0.624588 0.013704 0.013846
0 0.516721 0.038466 0.014097 0.014265
0 0.489616 0.294060 0.012877 0.012999
0 0.501543 0.689854 0.012775 0.013278
0 0.006296 0.017124 0.012126 0.012299
0 0.495078 0.543521 0.014352 0.014348
0 0.525513 0.995091 0.010701 0.009606
0 0.923164 0.260887 0.013606 0.013321
0 0.594946 0.287740 0.012485 0.012000
0 0.064491 0.213939 0.013030 0.013042
0 0.022874 0.578860 0.011388 0.011711
0 0.608801 0.004866 0.013674 0.009733
0 0.994756 0.549323 0.010487 0.013458
0 0.598069 0.652045 0.014368 0.013897
0 0.919178 0.847675 0.013806 0.013145
0 0.598796 0.103474 0.013650 0.013308
0 0.980630 0.422352 0.011591 0.011698
0 0.755563 0.525317 0.011825 0.011892
0 0.944226 0.136657 0.012968 0.012582
0 0.222657 0.706186 0.013466 0.013294
0 0.649027 0.156962 0.012503 0.012825
0 0.256202 0.335242 0.010885 0.010923
0 0.006993 0.106405 0.013091 0.013824
0 0.441482 0.059660 0.012266 0.012492
0 0.822849 0.184272 0.012830 0.012510
0 0.497043 0.992887 0.010494 0.010658
0 0.419392 0.611886 0.009619 0.009530
0 0.461819 0.836782 0.012264 0.012196
0 0.159866 0.908928 0.011668 0.011790
0 0.025012 0.657336 0.011080 0.011561
0 0.728660 0.289686 0.012317 0.012526
0 0.016636 0.255537 0.012595 0.013072
0 0.790182 0.004791 0.013061 0.009471
0 0.966923 0.053330 0.012689 0.012382
0 0.250759 0.239413 0.014126 0.014306
0 0.001817 0.388655 0.003588 0.013282
0 0.685065 0.334707 0.012232 0.012361
0 0.530424 0.630122 0.023354 0.023121
0 0.849862 0.710853 0.022862 0.023191
0 0.078218 0.077972 0.012396 0.012519
0 0.052369 0.265379 0.011372 0.011500
0 0.974891 0.977620 0.012945 0.012716
0 0.806394 0.277342 0.012611 0.012930
0 0.924460 0.742355 0.013206 0.013315
