0 0.217591 0.534103 0.012530 0.012616
0 0.195465 0.249454 0.013751 0.013926
0 0.369633 0.949289 0.014753 0.014897
0 0.954878 0.662605 0.012251 0.012145
0 0.809759 0.220280 0.013257 0.013269
0 0.278788 0.436142 0.012245 0.012188
0 0.376725 0.530317 0.012170 0.012076
0 0.707123 0.232106 0.011987 0.011712
0 0.362757 0.913405 0.012119 0.012181
0 0.103476 0.582099 0.012020 0.011702
0 0.093302 0.473490 0.012993 0.012827
0 0.624678 0.626128 0.014192 0.014154
0 0.295492 0.601649 0.013919 0.013814
0 0.324877 0.389691 0.013912 0.013711
0 0.439299 0.322766 0.013456 0.013664
0 0.196098 0.857860 0.012881 0.012662
0 0.274927 0.251640 0.013430 0.013236
0 0.088490 0.355874 0.013981 0.014050
0 0.020224 0.281729 0.013816 0.013770
0 0.520570 0.370776 0.011652 0.011182
0 0.190388 0.620523 0.012555 0.012425
0 0.735852 0.620171 0.013829 0.013840
0 0.223917 0.208275 0.013607 0.013532
0 0.479144 0.163066 0.013207 0.013344
0 0.433608 0.102410 0.013120 0.013154
0 0.765904 0.156994 0.013638 0.013622
0 0.289571 0.744072 0.011444 0.011360
0 0.633462 0.568226 0.012704 0.012544
0 0.366476 0.068952 0.013367 0.013403
0 0.065297 0.310795 0.012799 0.012782
0 0.393714 0.673492 0.013120 0.013056
0 0.127147 0.432890 0.012364 0.012485
0 0.294575 0.672465 0.013249 0.013122
0 0.767662 0.536363 0.013030 0.013154
0 0.593817 0.350311 0.013383 0.013482
0 0.181358 0.787631 0.013056 0.013101
0 0.112232 0.600689 0.013368 0.013206
0 0.540806 0.197397 0.012908 0.012751
0 0.257533 0.765049 0.012769 0.012765
0 0.665500 0.248900 0.014351 0.014359
0 0.038472 0.093463 0.013472 0.013467
0 0.674893 0.084299 0.013050 0.013061
0 0.097057 0.740859 0.012683 0.012837
0 0.418462 0.305677 0.013844 0.013606
0 0.817899 0.635378 0.011744 0.011784
0 0.096310 0.933788 0.011912 0.012098
0 0.619263 0.503120 0.013917 0.013925
0 0.245350 0.808830 0.013399 0.013391
0 0.457921 0.913454 0.012328 0.012349
0 0.796377 0.595709 0.012627 0.012511
0 0.225973 0.065820 0.013441 0.013491
0 0.714619 0.136859 0.013387 0.013338
0 0.575256 0.501381 0.012096 0.012112
0 0.528898 0.435413 0.012910 0.012589
0 0.752812 0.275756 0.012572 0.012432
0 0.083044 0.825055 0.012925 0.012566
0 0.768833 0.430366 0.012131 0.012228
0 0.695638 0.705829 0.012003 0.012027
0 0.567192 0.086329 0.014291 0.014104
0 0.552991 0.276431 0.014215 0.014096
0 0.617688 0.244765 0.012762 0.012520
0 0.469456 0.709720 0.013780 0.013816
0 0.674449 0.930306 0.012885 0.012692
0 0.729632 0.439264 0.011848 0.011809
0 0.669277 0.421325 0.013589 0.013330
0 0.626358 0.792772 0.013391 0.013422
0 0.525770 0.838430 0.013261 0.013298
0 0.802268 0.347344 0.012843 0.012877
0 0.813306 0.738842 0.012897 0.012845
0 0.891335 0.729933 0.014365 0.014275
0 0.506360 0.561046 0.013706 0.013603
0 0.450871 0.534013 0.013434 0.013238
0 0.037459 0.978969 0.013719 0.013735
0 0.971307 0.584239 0.012057 0.012049
0 0.615999 0.212150 0.011694 0.011784
0 0.615018 0.740992 0.011579 0.011573
0 0.400574 0.463748 0.013153 0.013352
0 0.907585 0.107572 0.014594 0.014431
0 0.902152 0.532774 0.013406 0.013397
0 0.635892 0.900897 0.013580 0.013795
0 0.880281 0.126076 0.009163 0.009230
0 0.452246 0.387562 0.012242 0.012318
0 0.089012 0.911307 0.012326 0.012478
0 0.752112 0.403447 0.013162 0.013370
0 0.932042 0.445689 0.012638 0.012377
0 0.891821 0.577410 0.012983 0.012968
0 0.602724 0.424452 0.011979 0.012198
0 0.007043 0.879060 0.013414 0.013719
0 0.297262 0.851571 0.012926 0.013077
0 0.954329 0.842999 0.014385 0.014349
0 0.641185 0.807171 0.012440 0.012575
0 0.347264 0.295417 0.024026 0.023964
0 0.153974 0.709466 0.012254 0.012158
0 0.710120 0.420489 0.013972 0.013941
0 0.866455 0.118098 0.011549 0.011290
0 0.219827 0.974415 0.011726 0.011691
0 0.984264 0.510819 0.015988 0.014898
0 0.726566 0.557573 0.012740 0.012923
0 0.361771 0.783555 0.012477 0.012629
0 0.575209 0.705316 0.011865 0.011801
0 0.004724 0.552185 0.009447 0.012044
0 0.888165 0.052601 0.011872 0.012005
0 0.314657 0.310161 0.013883 0.013795
0 0.118373 0.842437 0.009855 0.009716
0 0.995028 0.417685 0.009943 0.014362
0 0.002987 0.642186 0.005949 0.012239
0 0.598898 0.191287 0.010295 0.010130
0 0.735655 0.967082 0.013136 0.013237
0 0.069205 0.572876 0.017582 0.017387
0 0.870014 0.564778 0.012241 0.012023
0 0.089761 0.993760 0.012985 0.011905
0 0.991573 0.289770 0.013829 0.014379
0 0.098451 0.825489 0.011772 0.011853
0 0.838928 0.966277 0.011097 0.011251
0 0.902115 0.371469 0.012778 0.012875
0 0.785733 0.490733 0.013876 0.014173
0 0.449754 0.212045 0.017487 0.017036
0 0.593145 0.868184 0.012421 0.013081
0 0.846797 0.771817 0.013632 0.013831
0 0.962804 0.570419 0.013002 0.012610
0 0.850070 0.716870 0.022316 0.022375
0 0.022415 0.884217 0.012158 0.012282
0 0.994693 0.858595 0.010575 0.014491
0 0.533653 0.636749 0.023352 0.023654
0 0.137639 0.451346 0.012955 0.013119
0 0.903582 0.983745 0.012970 0.012963
0 0.963363 0.040855 0.010537 0.010158
0 0.901616 0.005641 0.011088 0.009873
0 0.704030 0.818842 0.021802 0.021602
0 0.651769 0.471101 0.009315 0.009083
0 0.801519 0.539331 0.012766 0.012542
0 0.899646 0.022670 0.014495 0.014885
0 0.631993 0.003435 0.011467 0.006869
0 0.989292 0.669685 0.010441 0.010709
0 0.041254 0.764087 0.011399 0.011273
0 0.377634 0.226110 0.020613 0.020617
0 0.541056 0.733210 0.021284 0.020641
0 0.895500 0.383207 0.012346 0.011887
0 0.952430 0.269600 0.014446 0.014840
0 0.945015 0.939339 0.011758 0.011768
0 0.525652 0.013916 0.017539 0.017388
0 0.848375 0.540737 0.013280 0.013277
0 0.910085 0.830012 0.011380 0.011575
0 0.635187 0.084909 0.023191 0.023160
0 0.989996 0.291077 0.013238 0.013542
