0 0.608388 0.311367 0.012986 0.012876
0 0.255372 0.835378 0.012809 0.012745
0 0.559467 0.582870 0.011495 0.011308
0 0.748041 0.619570 0.013074 0.013068
0 0.264696 0.321857 0.013685 0.013507
0 0.361467 0.457304 0.012923 0.012913
0 0.386567 0.490094 0.012599 0.012226
0 0.805181 0.513397 0.012652 0.012497
0 0.154229 0.356231 0.014564 0.014677
0 0.446793 0.201726 0.011908 0.011854
0 0.596956 0.378438 0.013179 0.013014
0 0.881436 0.544652 0.013638 0.013691
0 0.079839 0.412100 0.014029 0.014061
0 0.560848 0.193148 0.012308 0.012228
0 0.286582 0.026423 0.012775 0.012857
0 0.647117 0.275875 0.013999 0.013947
0 0.405173 0.475733 0.012494 0.012613
0 0.386624 0.032101 0.013601 0.013624
0 0.440294 0.059392 0.012869 0.012858
0 0.699781 0.445570 0.013748 0.013740
0 0.207240 0.223014 0.012072 0.011941
0 0.894571 0.769915 0.013536 0.013678
0 0.322931 0.724906 0.011709 0.011812
0 0.814623 0.724878 0.012906 0.012820
0 0.661397 0.894934 0.013661 0.013518
0 0.962242 0.677168 0.012722 0.012601
0 0.221406 0.469863 0.012728 0.012565
0 0.977473 0.737299 0.012282 0.012157
0 0.408147 0.688900 0.013140 0.013138
0 0.282208 0.061479 0.013238 0.013200
0 0.343452 0.145729 0.011264 0.011290
0 0.519975 0.202759 0.013612 0.013734
0 0.053171 0.944340 0.013131 0.013069
0 0.304360 0.279149 0.013743 0.013593
0 0.519264 0.221411 0.012044 0.011843
0 0.159034 0.506471 0.013946 0.014015
0 0.612195 0.016624 0.012886 0.012863
0 0.777411 0.040200 0.013605 0.014029
0 0.422609 0.115136 0.013954 0.013837
0 0.616146 0.621978 0.013086 0.013255
0 0.793279 0.618200 0.012511 0.012800
0 0.942318 0.418199 0.013002 0.012897
0 0.183840 0.891323 0.012484 0.012503
0 0.130712 0.233430 0.011983 0.011782
0 0.314721 0.218391 0.013626 0.013580
0 0.578061 0.689280 0.012925 0.012996
0 0.284832 0.406164 0.013038 0.013060
0 0.330654 0.518871 0.012668 0.012517
0 0.390693 0.146477 0.012992 0.012760
0 0.702159 0.817092 0.014001 0.013782
0 0.497505 0.544916 0.015031 0.015260
0 0.624518 0.779376 0.013446 0.013223
0 0.528115 0.335019 0.012049 0.011771
0 0.300311 0.333463 0.013222 0.013305
0 0.616426 0.953796 0.012440 0.012369
0 0.274387 0.213186 0.012064 0.012037
0 0.271520 0.192648 0.014332 0.014169
0 0.199904 0.058910 0.013656 0.013445
0 0.167768 0.941824 0.012955 0.012910
0 0.831630 0.089903 0.012793 0.012807
0 0.541376 0.976143 0.012996 0.012885
0 0.176289 0.673981 0.011928 0.011987
0 0.315631 0.822466 0.011886 0.011958
0 0.856400 0.799326 0.013667 0.012659
0 0.223776 0.687284 0.013149 0.012973
0 0.422013 0.255495 0.012423 0.012340
0 0.587242 0.004117 0.012122 0.008234
0 0.763961 0.150405 0.013372 0.013038
0 0.092896 0.601526 0.013213 0.013000
0 0.224372 0.648380 0.012315 0.012181
0 0.316046 0.741491 0.013790 0.013811
0 0.398819 0.615951 0.014564 0.014825
0 0.684123 0.087028 0.012030 0.012020
0 0.290551 0.441846 0.010406 0.010147
0 0.270603 0.793198 0.010928 0.010590
0 0.097682 0.660820 0.013737 0.013705
0 0.485731 0.630209 0.011530 0.011314
0 0.963113 0.997517 0.013331 0.004881
0 0.729375 0.486055 0.013681 0.013453
0 0.056593 0.837193 0.012727 0.012593
0 0.835768 0.004931 0.012600 0.009839
0 0.151874 0.782088 0.012510 0.012319
0 0.140715 0.146869 0.013177 0.013026
0 0.772131 0.700955 0.013275 0.013155
0 0.116153 0.334213 0.011465 0.011535
0 0.853508 0.165556 0.011952 0.011998
0 0.401992 0.894793 0.012499 0.012584
0 0.715627 0.285581 0.012187 0.012104
0 0.115735 0.973503 0.012351 0.012398
0 0.976700 0.245448 0.012873 0.012777
0 0.835100 0.064778 0.012559 0.012762
0 0.934286 0.700671 0.011296 0.010888
0 0.420628 0.983517 0.010931 0.011115
0 0.849834 0.710225 0.023409 0.023590
0 0.121678 0.431820 0.013970 0.013861
0 0.078176 0.021122 0.011826 0.011817
0 0.786458 0.005934 0.013890 0.011868
0 0.422066 0.555196 0.012747 0.012635
0 0.533663 0.628918 0.024225 0.024454
0 0.937461 0.002105 0.012425 0.004209
0 0.107550 0.595925 0.010687 0.010622
0 0.395861 0.942738 0.009811 0.009688
0 0.879050 0.338947 0.013010 0.013070
0 0.905411 0.119669 0.012001 0.011784
0 0.556405 0.831971 0.011142 0.011346
0 0.495592 0.992550 0.009550 0.009946
