0 0.179422 0.218401 0.012738 0.012667
0 0.211934 0.543143 0.012655 0.012561
0 0.382027 0.658545 0.011382 0.011359
0 0.314914 0.859214 0.013466 0.013293
0 0.524066 0.405976 0.012414 0.012548
0 0.203596 0.613704 0.013642 0.013730
0 0.286520 0.628679 0.014732 0.014421
0 0.643463 0.846768 0.012543 0.012786
0 0.459899 0.082140 0.013810 0.013706
0 0.288810 0.408083 0.013183 0.013085
0 0.589079 0.104144 0.012446 0.012593
0 0.143273 0.301117 0.013155 0.012918
0 0.413585 0.194762 0.013264 0.013348
0 0.461545 0.958302 0.012703 0.012626
0 0.110160 0.765276 0.012417 0.012500
0 0.071986 0.726374 0.012618 0.012609
0 0.542502 0.321995 0.012290 0.012197
0 0.673575 0.428688 0.012428 0.012254
0 0.599861 0.727903 0.012617 0.012550
0 0.100564 0.180994 0.013009 0.012990
0 0.213484 0.205912 0.012639 0.012726
0 0.647859 0.981446 0.012555 0.012610
0 0.186933 0.889797 0.012770 0.012763
0 0.532671 0.633508 0.014982 0.014822
0 0.046877 0.348690 0.011986 0.011874
0 0.317404 0.509465 0.012247 0.012079
0 0.021274 0.503749 0.013708 0.013708
0 0.543741 0.972725 0.012905 0.012587
0 0.202599 0.124336 0.013294 0.013192
0 0.766434 0.911828 0.013093 0.013212
0 0.551203 0.282036 0.010625 0.010598
0 0.695924 0.606710 0.012436 0.012494
0 0.403687 0.861149 0.011373 0.011226
0 0.826659 0.082574 0.011685 0.011730
0 0.668571 0.910972 0.012675 0.013043
0 0.173218 0.344947 0.011829 0.011878
0 0.631452 0.225549 0.010962 0.010951
0 0.750444 0.614560 0.012640 0.012447
0 0.493437 0.526873 0.012176 0.012219
0 0.783253 0.851061 0.012964 0.013263
0 0.368682 0.325655 0.012990 0.012943
0 0.481956 0.349018 0.012845 0.012801
0 0.847135 0.717329 0.019184 0.018447
0 0.613250 0.376727 0.012257 0.012321
0 0.351542 0.744642 0.013184 0.013082
0 0.330100 0.412389 0.013297 0.013281
0 0.095534 0.586290 0.013681 0.013574
0 0.412327 0.611577 0.012818 0.012704
0 0.881060 0.471332 0.010605 0.010945
0 0.621665 0.113743 0.011707 0.011586
0 0.226213 0.649987 0.012650 0.012237
0 0.043238 0.417259 0.012822 0.012873
0 0.403110 0.813022 0.012396 0.012344
0 0.562191 0.604138 0.012339 0.012364
0 0.585790 0.667061 0.012245 0.012122
0 0.103622 0.538358 0.012721 0.012622
0 0.996057 0.590015 0.007880 0.012887
0 0.259829 0.096320 0.013780 0.013975
0 0.758483 0.630995 0.011679 0.011827
0 0.948236 0.039854 0.012043 0.011918
0 0.222792 0.467203 0.012370 0.012657
0 0.504443 0.347639 0.011799 0.011832
0 0.344199 0.296454 0.022329 0.021848
0 0.055528 0.314386 0.011374 0.011540
0 0.835053 0.457304 0.010355 0.010272
0 0.615710 0.618327 0.011229 0.011262
0 0.635500 0.080560 0.013837 0.013972
0 0.398028 0.250095 0.011125 0.011287
0 0.461733 0.504310 0.010792 0.010580
0 0.524364 0.346153 0.013295 0.012877
0 0.784932 0.730576 0.019415 0.018728
0 0.464720 0.629067 0.011046 0.011237
0 0.109345 0.979619 0.012640 0.012882
0 0.812740 0.979502 0.012225 0.012372
0 0.311636 0.261147 0.010619 0.011103
0 0.547420 0.877604 0.010125 0.010037
0 0.768446 0.646618 0.012748 0.012805
