0 0.951474 0.371805 0.011589 0.011151
0 0.467258 0.598652 0.012921 0.012837
0 0.869622 0.357132 0.011997 0.011658
0 0.159210 0.020710 0.012799 0.012732
0 0.504245 0.292081 0.012726 0.012679
0 0.828518 0.236677 0.012711 0.012632
0 0.279764 0.436925 0.011992 0.011834
0 0.710101 0.437637 0.012664 0.012511
0 0.274578 0.647234 0.012537 0.012329
0 0.775376 0.356077 0.012804 0.012765
0 0.065016 0.351532 0.012787 0.012626
0 0.465758 0.503774 0.012359 0.012398
0 0.121207 0.163664 0.013281 0.013224
0 0.454650 0.191065 0.014516 0.014269
0 0.034669 0.706324 0.012916 0.013071
0 0.929657 0.041404 0.011711 0.011566
0 0.813087 0.188360 0.012496 0.012610
0 0.100586 0.371123 0.011755 0.011707
0 0.355814 0.785489 0.012757 0.012673
0 0.319458 0.239471 0.012712 0.012802
0 0.383330 0.852370 0.013673 0.013551
0 0.870520 0.480831 0.013099 0.013082
0 0.511536 0.718623 0.012013 0.012118
0 0.315996 0.367054 0.012503 0.012545
0 0.464478 0.128029 0.012890 0.013073
0 0.193712 0.615027 0.012069 0.012456
0 0.831370 0.411982 0.013626 0.013523
0 0.748280 0.861389 0.013295 0.013138
0 0.707711 0.583512 0.011979 0.011940
0 0.933644 0.857911 0.013433 0.013274
0 0.597875 0.941347 0.014332 0.014061
0 0.908067 0.514224 0.012562 0.012613
0 0.037825 0.609964 0.013773 0.013765
0 0.016904 0.404937 0.013617 0.013812
0 0.577637 0.169445 0.012911 0.012909
0 0.244794 0.226151 0.012489 0.012344
0 0.734418 0.275982 0.012636 0.012531
0 0.565651 0.521091 0.013610 0.013514
0 0.621599 0.151994 0.012796 0.012878
0 0.578699 0.850155 0.013359 0.013261
0 0.498165 0.938304 0.013467 0.013366
0 0.902074 0.541869 0.012608 0.012624
0 0.358856 0.583984 0.014523 0.014455
0 0.232282 0.430523 0.013533 0.013645
0 0.734344 0.622093 0.013731 0.013751
0 0.701937 0.705167 0.013929 0.013877
0 0.189964 0.725606 0.011495 0.011511
0 0.805393 0.523757 0.010372 0.010169
0 0.887627 0.588506 0.011828 0.011932
0 0.970960 0.264494 0.012531 0.012434
0 0.884253 0.119723 0.009290 0.009152
0 0.409420 0.748648 0.011795 0.011617
0 0.273949 0.573910 0.012313 0.011992
0 0.071251 0.751324 0.013763 0.013850
0 0.739963 0.050458 0.011887 0.011970
0 0.504500 0.357216 0.011410 0.011373
0 0.452945 0.686112 0.011765 0.011882
0 0.430839 0.677522 0.012797 0.012856
0 0.527830 0.362928 0.012825 0.012712
0 0.870063 0.108643 0.012225 0.011805
0 0.532928 0.401658 0.012032 0.011810
0 0.286485 0.657373 0.012117 0.011907
0 0.905422 0.075301 0.010600 0.010609
0 0.486702 0.494687 0.013788 0.013939
0 0.605639 0.751185 0.011461 0.011749
0 0.849426 0.775537 0.013636 0.013707
0 0.412656 0.276402 0.014755 0.015041
0 0.289461 0.514042 0.013735 0.013543
0 0.284738 0.541420 0.011470 0.011304
0 0.114133 0.194311 0.011883 0.011956
0 0.630364 0.424206 0.012250 0.012346
0 0.682652 0.271565 0.012614 0.012487
0 0.385685 0.956102 0.013643 0.013200
0 0.428378 0.014905 0.014440 0.014226
0 0.527101 0.587342 0.011812 0.011340
0 0.016413 0.018565 0.011269 0.011361
0 0.349229 0.291082 0.023710 0.023754
0 0.947104 0.633079 0.011319 0.011545
0 0.782751 0.784665 0.013708 0.013634
0 0.099710 0.783442 0.009401 0.009365
0 0.832309 0.808779 0.012060 0.012255
0 0.640741 0.674520 0.013377 0.013451
0 0.988174 0.301926 0.011703 0.011474
0 0.216926 0.455828 0.012215 0.012118
0 0.599555 0.179000 0.012493 0.012532
0 0.965609 0.610315 0.011482 0.010975
0 0.553480 0.599907 0.013767 0.013667
0 0.766968 0.532665 0.012368 0.012112
0 0.878256 0.976190 0.013214 0.013355
0 0.470383 0.465368 0.014573 0.014300
0 0.798949 0.967665 0.012895 0.012745
0 0.867624 0.570612 0.011293 0.011390
0 0.649135 0.581577 0.011542 0.011521
0 0.094913 0.343195 0.013277 0.013248
0 0.773711 0.100075 0.014518 0.014661
0 0.048865 0.814915 0.011831 0.011750
0 0.534875 0.629170 0.022598 0.023081
0 0.919828 0.709993 0.012212 0.012111
0 0.751923 0.434306 0.011108 0.011148
0 0.654306 0.085047 0.012735 0.013296
0 0.981379 0.513469 0.014357 0.013980
0 0.898710 0.996683 0.011515 0.006634
0 0.043497 0.904727 0.011544 0.011728
0 0.457652 0.764904 0.011980 0.012092
0 0.106996 0.916028 0.012352 0.012149
0 0.934281 0.009123 0.010742 0.010673
0 0.121427 0.771505 0.010884 0.010941
0 0.731820 0.995953 0.013299 0.008095
0 0.444730 0.767687 0.011989 0.011840
0 0.269858 0.943464 0.011577 0.011556
0 0.850821 0.710871 0.021754 0.021403
0 0.848319 0.545685 0.011747 0.011675
0 0.983875 0.513411 0.013923 0.013744
0 0.908576 0.923297 0.011559 0.011575
0 0.650642 0.473681 0.009971 0.009329
0 0.701220 0.824100 0.014007 0.013693
0 0.907712 0.821619 0.011919 0.011999
0 0.997390 0.221340 0.005143 0.012270
0 0.977440 0.043578 0.010120 0.009786
0 0.230868 0.823148 0.012028 0.012009
0 0.864877 0.542193 0.009662 0.009601
