0 0.749206 0.616148 0.013554 0.013427
0 0.562283 0.313243 0.012267 0.012330
0 0.689822 0.514678 0.013148 0.013002
0 0.186205 0.889294 0.013226 0.013085
0 0.231145 0.545425 0.011860 0.011798
0 0.609117 0.888456 0.011903 0.011655
0 0.543052 0.295125 0.013229 0.012968
0 0.648631 0.724721 0.012276 0.012425
0 0.249509 0.059948 0.012241 0.012068
0 0.193318 0.957724 0.012772 0.012763
0 0.168268 0.189242 0.012257 0.012230
0 0.637928 0.407710 0.013026 0.012813
0 0.463243 0.960576 0.013226 0.013191
0 0.745918 0.521321 0.012892 0.012871
0 0.285330 0.453644 0.013017 0.012575
0 0.112021 0.855559 0.013711 0.013371
0 0.188731 0.536061 0.012176 0.012185
0 0.291005 0.544447 0.014002 0.014113
0 0.576451 0.033771 0.011226 0.011269
0 0.565765 0.543840 0.012368 0.012160
0 0.463209 0.344917 0.012726 0.012801
0 0.412831 0.184662 0.013512 0.013229
0 0.347747 0.200244 0.012462 0.013080
0 0.748538 0.435989 0.012557 0.012636
0 0.098958 0.658763 0.015039 0.014678
0 0.226610 0.650050 0.012474 0.012148
0 0.367906 0.064874 0.013418 0.013308
0 0.526785 0.345929 0.013258 0.013074
0 0.643764 0.629700 0.011123 0.011046
0 0.971369 0.924108 0.012620 0.012687
0 0.142679 0.296574 0.012054 0.012051
0 0.731737 0.156707 0.012428 0.012353
0 0.161542 0.477028 0.012254 0.012128
0 0.485019 0.281101 0.011645 0.011683
0 0.756234 0.805749 0.013785 0.013704
0 0.914112 0.315887 0.012475 0.012572
0 0.364252 0.372873 0.012881 0.012797
0 0.937259 0.281351 0.011882 0.011942
0 0.912593 0.813131 0.011683 0.011904
0 0.176306 0.409473 0.013716 0.013462
0 0.051148 0.416434 0.011167 0.010983
0 0.331133 0.516834 0.011436 0.011481
0 0.962162 0.376498 0.010465 0.010434
0 0.929375 0.010586 0.012133 0.011883
0 0.601205 0.253343 0.011355 0.011356
0 0.246988 0.372138 0.011908 0.011980
0 0.544137 0.972223 0.013285 0.012955
0 0.424623 0.809593 0.013551 0.013465
0 0.547648 0.719303 0.012469 0.012498
0 0.208309 0.328823 0.011137 0.010956
0 0.848925 0.027002 0.011681 0.011703
0 0.581364 0.417462 0.012460 0.012440
0 0.403990 0.756809 0.012482 0.012494
0 0.826168 0.162450 0.009828 0.009708
0 0.130005 0.982712 0.012321 0.012304
0 0.818425 0.030878 0.012070 0.012149
0 0.641656 0.991601 0.012918 0.013058
0 0.791588 0.122025 0.010923 0.010953
0 0.344621 0.295971 0.022746 0.022794
0 0.221651 0.467752 0.012479 0.012607
0 0.290878 0.707412 0.011445 0.011364
0 0.678130 0.041905 0.011598 0.011720
0 0.504872 0.558739 0.011372 0.011059
0 0.374935 0.692156 0.011696 0.011753
0 0.493015 0.985252 0.013318 0.013520
0 0.427723 0.420052 0.013167 0.013311
0 0.530400 0.636510 0.022495 0.022854
0 0.089121 0.509262 0.012650 0.012498
0 0.628893 0.882222 0.011298 0.011636
0 0.344144 0.244789 0.012719 0.012535
0 0.846628 0.197635 0.009381 0.009580
0 0.627692 0.114831 0.012456 0.012446
0 0.142557 0.254020 0.011199 0.010653
0 0.846971 0.718198 0.019667 0.019086
0 0.656676 0.501578 0.011693 0.011425
0 0.717230 0.778726 0.012474 0.011994
0 0.004370 0.598095 0.008595 0.012267
0 0.460102 0.571481 0.012387 0.012692
0 0.439878 0.059182 0.011342 0.011454
0 0.961403 0.823826 0.010366 0.010262
0 0.653601 0.227491 0.012737 0.012841
0 0.789188 0.004229 0.011924 0.008459
0 0.163504 0.820734 0.010526 0.010569
0 0.774771 0.004222 0.012129 0.008444
0 0.620608 0.782303 0.016629 0.017182
