0 0.280146 0.433282 0.013673 0.013609
0 0.462114 0.888706 0.019370 0.019274
0 0.547983 0.438759 0.015076 0.015175
0 0.632757 0.593010 0.013839 0.013819
0 0.756659 0.662516 0.013476 0.013545
0 0.430633 0.429664 0.014131 0.013972
0 0.343859 0.082709 0.013475 0.013665
0 0.382971 0.129289 0.014129 0.014193
0 0.173266 0.711815 0.013605 0.013586
0 0.223468 0.528758 0.014179 0.014062
0 0.892754 0.391743 0.013503 0.013383
0 0.070188 0.360154 0.014159 0.014034
0 0.921489 0.520094 0.014322 0.014293
0 0.920428 0.670854 0.017155 0.016856
0 0.259544 0.856911 0.013678 0.013637
0 0.095376 0.556457 0.014392 0.014416
0 0.086391 0.951158 0.016735 0.016634
0 0.135381 0.863287 0.014366 0.014261
0 0.651155 0.508413 0.014410 0.014401
0 0.385343 0.768038 0.013689 0.013656
0 0.216749 0.254854 0.014462 0.014678
0 0.238518 0.286055 0.013757 0.013742
0 0.347970 0.611707 0.014160 0.014134
0 0.794035 0.660969 0.014061 0.013976
0 0.143736 0.052416 0.013918 0.013841
0 0.165046 0.387891 0.014538 0.014386
0 0.360426 0.793937 0.013971 0.013891
0 0.300205 0.836965 0.014795 0.014703
0 0.353191 0.035831 0.014601 0.014585
0 0.709890 0.345630 0.013999 0.014049
0 0.434011 0.742756 0.013904 0.014026
0 0.726265 0.393589 0.015376 0.015244
0 0.916255 0.602556 0.015301 0.015377
0 0.814741 0.208129 0.014113 0.013988
0 0.402361 0.939677 0.015132 0.015170
0 0.618409 0.699898 0.015483 0.015569
0 0.868870 0.209944 0.012703 0.012732
0 0.529279 0.571700 0.013921 0.013569
0 0.217014 0.626487 0.013637 0.013726
0 0.734632 0.179501 0.014953 0.014959
0 0.961655 0.080974 0.013981 0.014733
0 0.432562 0.534945 0.013760 0.013907
0 0.021814 0.678982 0.013299 0.013175
0 0.898404 0.941424 0.014278 0.014106
0 0.320522 0.217637 0.014181 0.014180
0 0.603771 0.106284 0.014710 0.014846
0 0.644688 0.530326 0.013993 0.013749
0 0.793824 0.248379 0.013722 0.013615
0 0.337874 0.378416 0.013733 0.013615
0 0.504267 0.275370 0.014954 0.014992
0 0.469424 0.564402 0.014437 0.014601
0 0.531577 0.396010 0.013679 0.013617
0 0.873375 0.174667 0.013599 0.013403
0 0.090645 0.025053 0.015430 0.015323
0 0.542663 0.921236 0.015265 0.015140
0 0.841284 0.285193 0.014292 0.014186
0 0.921342 0.993954 0.018206 0.012093
0 0.890443 0.166463 0.014239 0.014357
0 0.706374 0.552403 0.015139 0.014914
0 0.195683 0.493588 0.014376 0.014152
0 0.699067 0.058793 0.014252 0.014499
0 0.288276 0.578473 0.014029 0.013904
0 0.109386 0.119730 0.015160 0.015329
0 0.716002 0.277261 0.013924 0.013790
0 0.387325 0.211372 0.014091 0.013891
0 0.306163 0.376684 0.014130 0.013969
0 0.943295 0.395530 0.014604 0.014851
0 0.055361 0.833312 0.015380 0.015001
0 0.617916 0.209367 0.014192 0.014067
0 0.328079 0.802861 0.014902 0.014876
0 0.844488 0.377915 0.014194 0.014140
0 0.086038 0.322178 0.014388 0.014519
0 0.611312 0.146167 0.016128 0.016133
0 0.603880 0.166900 0.013808 0.013846
0 0.258046 0.008827 0.014136 0.014186
0 0.840422 0.322674 0.014384 0.014099
0 0.768887 0.460311 0.013929 0.014180
0 0.181427 0.679640 0.015192 0.014685
0 0.685008 0.145705 0.015342 0.015183
0 0.014355 0.385955 0.014549 0.014421
0 0.951507 0.149694 0.013514 0.013638
0 0.970180 0.962292 0.014168 0.013985
0 0.445419 0.465201 0.014707 0.014833
0 0.465057 0.296026 0.013537 0.013562
0 0.395414 0.543214 0.015195 0.015227
0 0.513877 0.348479 0.014512 0.014429
0 0.715237 0.878267 0.014340 0.014281
0 0.014072 0.213829 0.015186 0.015253
0 0.625334 0.247583 0.013339 0.013481
0 0.921838 0.145570 0.018437 0.017809
0 0.746406 0.963288 0.015293 0.015114
0 0.020918 0.152115 0.014087 0.013958
0 0.051137 0.300441 0.014384 0.014359
0 0.758613 0.544491 0.014343 0.014296
0 0.738030 0.617472 0.014801 0.015200
0 0.755473 0.735971 0.015672 0.015707
0 0.751842 0.502754 0.012431 0.012600
0 0.232817 0.433002 0.015991 0.015975
0 0.780203 0.174760 0.014781 0.014642
0 0.741165 0.248742 0.015648 0.015566
0 0.297240 0.741333 0.017152 0.016976
0 0.382477 0.822917 0.014102 0.014187
0 0.786410 0.751035 0.015259 0.015341
0 0.015962 0.105538 0.015298 0.015001
0 0.046549 0.127714 0.014357 0.014373
0 0.870031 0.722793 0.013314 0.013387
0 0.849044 0.719423 0.020192 0.020179
0 0.344001 0.323115 0.013805 0.014047
0 0.785155 0.691498 0.013502 0.013584
0 0.759078 0.272167 0.014151 0.014204
0 0.261982 0.363358 0.014469 0.014369
0 0.531419 0.638415 0.022437 0.022509
0 0.257068 0.379131 0.015131 0.015013
0 0.693740 0.969543 0.016051 0.015798
0 0.004587 0.037511 0.009122 0.014484
0 0.218128 0.009006 0.017732 0.017703
0 0.347018 0.296963 0.022040 0.021993
0 0.320704 0.980179 0.015088 0.014870
0 0.971702 0.028078 0.011387 0.011295
0 0.631394 0.087809 0.019139 0.018762
0 0.953368 0.120992 0.015163 0.015558
0 0.961526 0.235660 0.012067 0.011713
0 0.991685 0.321772 0.015791 0.016484
0 0.132395 0.183924 0.015950 0.016107
0 0.669085 0.987166 0.015243 0.015246
0 0.789005 0.095935 0.014009 0.014101
0 0.953334 0.897196 0.015143 0.014858
0 0.886435 0.259702 0.016465 0.016621
0 0.025145 0.300529 0.016442 0.016391
0 0.987188 0.505816 0.016381 0.016106
0 0.670034 0.191071 0.018625 0.018463
0 0.827704 0.097546 0.014812 0.015069
0 0.880635 0.595277 0.013317 0.013076
0 0.306750 0.317255 0.013128 0.012665
0 0.264292 0.245559 0.018087 0.017873
0 0.763873 0.195538 0.017201 0.017529
0 0.899074 0.967923 0.015343 0.015106
0 0.184124 0.008870 0.014400 0.013880
0 0.822497 0.470187 0.011813 0.011902
0 0.267381 0.530331 0.013750 0.013569
0 0.640270 0.021611 0.015455 0.015516
0 0.383115 0.298878 0.014395 0.014363
0 0.676414 0.542314 0.016070 0.016090
0 0.105409 0.883734 0.012517 0.012448
0 0.453150 0.343824 0.013105 0.013177
0 0.793516 0.559503 0.016716 0.016396
0 0.517473 0.731452 0.015643 0.015855
0 0.524525 0.017630 0.016381 0.017432
0 0.091502 0.164852 0.015611 0.015640
0 0.721414 0.590543 0.013704 0.013505
0 0.450515 0.214414 0.019230 0.019336
0 0.856554 0.627680 0.014283 0.014303
0 0.700977 0.823399 0.021810 0.021683
0 0.239688 0.451130 0.013627 0.013613
0 0.013218 0.131344 0.012346 0.012542
0 0.067212 0.573126 0.021072 0.020730
0 0.165274 0.190724 0.014269 0.014348
