0 0.116131 0.067224 0.013179 0.013144
0 0.748747 0.616608 0.012748 0.012568
0 0.166779 0.750732 0.012813 0.012845
0 0.277360 0.353435 0.013703 0.013336
0 0.266090 0.170811 0.011722 0.011584
0 0.447073 0.264340 0.010766 0.010340
0 0.215372 0.207881 0.012739 0.012653
0 0.239216 0.787866 0.013177 0.013208
0 0.459201 0.957852 0.012793 0.012820
0 0.324895 0.126146 0.011913 0.012367
0 0.278167 0.410294 0.012185 0.012010
0 0.365253 0.431039 0.013054 0.013145
0 0.352530 0.052229 0.011961 0.011791
0 0.075758 0.246456 0.012071 0.012345
0 0.186304 0.889007 0.012638 0.012416
0 0.711994 0.702361 0.011588 0.012094
0 0.819483 0.844610 0.012157 0.012163
0 0.194377 0.470403 0.012797 0.012817
0 0.542902 0.973796 0.011544 0.011537
0 0.577012 0.325745 0.012215 0.012169
0 0.388405 0.292168 0.011803 0.011886
0 0.061584 0.471875 0.011015 0.010927
0 0.028430 0.788980 0.011476 0.011281
0 0.482158 0.644697 0.014336 0.014067
0 0.133413 0.834681 0.012717 0.012496
0 0.389420 0.373711 0.011696 0.011679
0 0.109928 0.979991 0.014222 0.014304
0 0.543089 0.105387 0.012156 0.012154
0 0.596327 0.432896 0.012619 0.012871
0 0.687366 0.256457 0.009250 0.009459
0 0.129587 0.520191 0.011902 0.012048
0 0.013267 0.582667 0.013168 0.012882
0 0.149694 0.939209 0.011818 0.011880
0 0.832102 0.901147 0.011860 0.011757
0 0.500650 0.681714 0.012057 0.012110
0 0.332823 0.529589 0.010630 0.010805
0 0.463401 0.898456 0.011911 0.012001
0 0.041163 0.019747 0.013024 0.013235
0 0.759178 0.692260 0.011667 0.011896
0 0.730252 0.506813 0.010911 0.010760
0 0.226245 0.649340 0.012335 0.012262
0 0.848075 0.718705 0.019492 0.018960
0 0.627030 0.819537 0.010639 0.010728
0 0.223145 0.466485 0.012693 0.012582
0 0.639546 0.351022 0.012006 0.011911
0 0.657312 0.794550 0.009960 0.010056
0 0.110166 0.209965 0.013231 0.013436
0 0.595818 0.298608 0.010742 0.010652
0 0.524661 0.346798 0.012465 0.012112
0 0.659715 0.338683 0.012128 0.011714
0 0.145358 0.916741 0.013247 0.013353
0 0.719656 0.337593 0.010009 0.009723
0 0.345165 0.296731 0.022090 0.021690
0 0.887446 0.949703 0.011654 0.011405
0 0.131605 0.811198 0.011149 0.010603
0 0.114051 0.541640 0.012026 0.011923
0 0.056586 0.242499 0.011279 0.010959
0 0.440935 0.740125 0.012409 0.012695
0 0.372533 0.738007 0.014914 0.014569
0 0.528439 0.638169 0.019712 0.020642
0 0.954726 0.353804 0.010796 0.010963
0 0.668872 0.189952 0.014375 0.014171
0 0.561605 0.957783 0.015944 0.016171
0 0.309713 0.029066 0.011751 0.011865
0 0.595042 0.431511 0.012322 0.011898
0 0.767670 0.789677 0.010103 0.009832
0 0.374698 0.226816 0.016989 0.017188
0 0.657820 0.338346 0.011861 0.011491
0 0.702623 0.819998 0.019794 0.019445
