0 0.838080 0.360046 0.016031 0.015802
0 0.570282 0.212035 0.014494 0.014477
0 0.711683 0.381356 0.015579 0.015521
0 0.569226 0.328377 0.014227 0.014241
0 0.575688 0.875697 0.013753 0.013758
0 0.096041 0.187234 0.014596 0.014675
0 0.224688 0.675568 0.014918 0.014890
0 0.449210 0.241278 0.015355 0.015476
0 0.266161 0.392806 0.014530 0.014124
0 0.454628 0.856183 0.014622 0.014579
0 0.110433 0.681046 0.014551 0.014371
0 0.200084 0.763846 0.013885 0.014073
0 0.028837 0.815010 0.013948 0.014109
0 0.929288 0.282059 0.014276 0.014188
0 0.310620 0.024860 0.013974 0.013855
0 0.207813 0.385609 0.014715 0.014570
0 0.164296 0.520325 0.014422 0.014336
0 0.613086 0.185860 0.016459 0.016512
0 0.265789 0.088548 0.014501 0.014364
0 0.937450 0.718511 0.015191 0.015407
0 0.885255 0.438243 0.015078 0.015210
0 0.556083 0.060388 0.014397 0.014286
0 0.515409 0.159079 0.013876 0.013902
0 0.209888 0.166700 0.014573 0.014208
0 0.281126 0.433052 0.015941 0.015815
0 0.769278 0.932794 0.015891 0.015956
0 0.049558 0.271884 0.013751 0.013853
0 0.629151 0.143627 0.015202 0.015720
0 0.184337 0.599757 0.015331 0.015275
0 0.667529 0.687501 0.015128 0.015301
0 0.719424 0.867185 0.014535 0.014877
0 0.492240 0.906699 0.014336 0.014125
0 0.282359 0.560737 0.014628 0.014713
0 0.026881 0.324021 0.014032 0.013947
0 0.883328 0.379930 0.013783 0.013676
0 0.370766 0.657592 0.014009 0.014146
0 0.225420 0.300423 0.014350 0.014647
0 0.088982 0.909434 0.014085 0.014070
0 0.776813 0.576863 0.016096 0.016153
0 0.187511 0.563768 0.016060 0.015837
0 0.670109 0.616240 0.014485 0.014468
0 0.843186 0.022198 0.014252 0.014188
0 0.598555 0.271822 0.013997 0.013965
0 0.374306 0.433513 0.015541 0.015460
0 0.975256 0.102538 0.014048 0.014075
0 0.592251 0.633302 0.018858 0.018725
0 0.434752 0.474431 0.017431 0.016671
0 0.058841 0.474914 0.014412 0.014438
0 0.406962 0.583891 0.014237 0.014228
0 0.746397 0.248773 0.013069 0.013031
0 0.467809 0.424229 0.014905 0.014964
0 0.697980 0.121256 0.013876 0.013808
0 0.953084 0.945780 0.014448 0.014301
0 0.459692 0.501817 0.014959 0.015091
0 0.133241 0.813918 0.013918 0.013682
0 0.569856 0.590263 0.013618 0.013583
0 0.933432 0.212619 0.014592 0.014550
0 0.557280 0.626426 0.014477 0.014892
0 0.252555 0.463601 0.018112 0.018098
0 0.479645 0.666323 0.016218 0.016628
0 0.036377 0.542342 0.013947 0.013912
0 0.497731 0.439380 0.015388 0.015666
0 0.357293 0.571927 0.014435 0.014714
0 0.339852 0.242306 0.014359 0.014298
0 0.792049 0.779647 0.015921 0.015696
0 0.752422 0.574413 0.015148 0.015090
0 0.851012 0.721362 0.023036 0.023249
0 0.862838 0.556405 0.014507 0.014741
0 0.570471 0.938904 0.014572 0.014569
0 0.638912 0.443762 0.016161 0.016211
0 0.728669 0.210324 0.015226 0.014895
0 0.864595 0.774689 0.015145 0.014916
0 0.122772 0.580316 0.014852 0.014805
0 0.364856 0.197819 0.015328 0.015259
0 0.534284 0.639542 0.022776 0.022623
0 0.669946 0.387943 0.014917 0.015142
0 0.630823 0.395933 0.015230 0.015137
0 0.635929 0.087814 0.021557 0.021488
0 0.053731 0.068785 0.014442 0.014536
0 0.658473 0.222682 0.017992 0.018236
0 0.523111 0.934243 0.014046 0.013885
0 0.196545 0.232083 0.016963 0.016969
0 0.346817 0.299312 0.023330 0.023028
0 0.448569 0.265467 0.016213 0.016197
0 0.465746 0.374487 0.014050 0.013693
0 0.705829 0.589225 0.014412 0.014545
0 0.236434 0.846982 0.014332 0.014270
0 0.315040 0.295232 0.013974 0.014234
0 0.340213 0.336532 0.014686 0.014549
0 0.942597 0.508199 0.014448 0.014233
0 0.802099 0.993277 0.013270 0.013018
0 0.886741 0.105300 0.014630 0.015254
0 0.054216 0.449972 0.016077 0.016171
0 0.112616 0.140820 0.016045 0.015897
0 0.201703 0.870200 0.014429 0.014067
0 0.728605 0.486711 0.013839 0.013372
0 0.460156 0.685685 0.015987 0.015790
0 0.094339 0.659410 0.015310 0.014900
0 0.967764 0.139004 0.014406 0.014434
0 0.687615 0.877005 0.015331 0.015071
0 0.766347 0.081703 0.015483 0.015285
0 0.509062 0.759552 0.014504 0.014531
0 0.201879 0.735318 0.014306 0.014108
0 0.993415 0.058284 0.013169 0.016367
0 0.984848 0.505261 0.016462 0.016403
0 0.005082 0.918896 0.010165 0.013935
0 0.104879 0.837600 0.013781 0.013713
0 0.911189 0.988333 0.016191 0.016526
0 0.343686 0.960532 0.016444 0.016356
0 0.563279 0.756087 0.014556 0.015157
0 0.615557 0.765959 0.014071 0.013814
0 0.725784 0.290811 0.015658 0.015841
0 0.116552 0.244754 0.016503 0.016403
0 0.994897 0.653737 0.010181 0.015248
0 0.200795 0.892767 0.014403 0.014464
0 0.738937 0.616554 0.017583 0.017860
0 0.629583 0.990247 0.014570 0.014979
0 0.695711 0.952255 0.014175 0.013640
0 0.197928 0.579299 0.015391 0.014943
0 0.067527 0.576084 0.022112 0.022123
0 0.704063 0.824016 0.022003 0.021976
0 0.992883 0.925903 0.014234 0.017802
0 0.536415 0.751660 0.016229 0.016348
0 0.996030 0.615205 0.007936 0.015202
0 0.921738 0.147639 0.021283 0.021226
0 0.004455 0.822329 0.008910 0.014381
0 0.946325 0.362481 0.016160 0.015811
0 0.615894 0.359572 0.012167 0.011441
0 0.670920 0.194109 0.017478 0.016985
0 0.610132 0.742797 0.014780 0.014682
0 0.223045 0.824878 0.014271 0.014281
0 0.644594 0.554877 0.015146 0.014787
0 0.378022 0.741492 0.022761 0.022514
0 0.264518 0.245918 0.019957 0.019542
0 0.036101 0.876518 0.015806 0.015891
0 0.793251 0.262230 0.014501 0.014093
0 0.879269 0.591515 0.023345 0.023173
0 0.054888 0.344519 0.015790 0.015264
0 0.524909 0.019756 0.018774 0.018428
0 0.003878 0.057961 0.007728 0.017815
0 0.377649 0.229004 0.020567 0.020263
0 0.805822 0.122681 0.016130 0.016246
0 0.805630 0.614028 0.016407 0.016327
0 0.812490 0.121226 0.016995 0.017844
0 0.488090 0.722302 0.014088 0.013927
0 0.956093 0.056783 0.012085 0.011886
0 0.998351 0.212280 0.003264 0.015823
0 0.809145 0.121737 0.016543 0.016838
