0 0.071970 0.251549 0.012187 0.012004
0 0.511194 0.741747 0.012851 0.012848
0 0.307581 0.473833 0.013956 0.013901
0 0.450525 0.960050 0.012611 0.012544
0 0.034923 0.625694 0.013298 0.013269
0 0.486599 0.564331 0.012862 0.012674
0 0.326387 0.474644 0.013186 0.012913
0 0.748881 0.618767 0.013114 0.013044
0 0.194262 0.405468 0.012682 0.012636
0 0.523252 0.349875 0.013613 0.013339
0 0.086920 0.369339 0.011914 0.011739
0 0.404262 0.499632 0.012634 0.012826
0 0.421529 0.526053 0.013760 0.013703
0 0.133247 0.657504 0.014093 0.014205
0 0.392255 0.866971 0.012966 0.012918
0 0.057126 0.502680 0.012299 0.012104
0 0.541050 0.489253 0.012951 0.013009
0 0.528774 0.316840 0.014122 0.014046
0 0.288304 0.606963 0.013280 0.013200
0 0.752135 0.701121 0.012578 0.012397
0 0.126811 0.468810 0.012279 0.012205
0 0.794148 0.452432 0.012839 0.012976
0 0.969760 0.489619 0.013031 0.013030
0 0.519251 0.781817 0.013609 0.013824
0 0.259096 0.347310 0.012619 0.012300
0 0.788669 0.590377 0.013058 0.013009
0 0.238209 0.420344 0.012260 0.012305
0 0.447005 0.701695 0.013548 0.013713
0 0.395484 0.434373 0.011707 0.011576
0 0.451499 0.034241 0.013545 0.013351
0 0.607371 0.447975 0.012022 0.011860
0 0.012127 0.551583 0.012861 0.012958
0 0.504047 0.528515 0.012767 0.012836
0 0.611027 0.505135 0.012874 0.012880
0 0.102990 0.358364 0.013225 0.013257
0 0.403697 0.088768 0.012536 0.012402
0 0.131416 0.051043 0.013508 0.013419
0 0.430809 0.829263 0.012312 0.012194
0 0.627395 0.919819 0.013136 0.013118
0 0.777526 0.954344 0.012853 0.012832
0 0.541070 0.977929 0.012871 0.012735
0 0.167213 0.291391 0.011605 0.011487
0 0.338772 0.404252 0.012344 0.012442
0 0.356337 0.033608 0.014337 0.014330
0 0.301771 0.041314 0.012547 0.012467
0 0.608728 0.199298 0.013176 0.013201
0 0.952794 0.819781 0.013411 0.013249
0 0.497211 0.225189 0.013142 0.013384
0 0.593257 0.389022 0.013242 0.013107
0 0.223415 0.648748 0.012855 0.012571
0 0.313177 0.227547 0.015120 0.015038
0 0.039156 0.528510 0.012227 0.011915
0 0.401183 0.183271 0.012989 0.012598
0 0.571738 0.588017 0.012972 0.013136
0 0.316797 0.620404 0.012159 0.012211
0 0.857899 0.611501 0.013577 0.013275
0 0.735100 0.985918 0.011743 0.011589
0 0.184579 0.891594 0.012885 0.012923
0 0.259191 0.685860 0.012320 0.012134
0 0.542747 0.449581 0.014119 0.013979
0 0.268808 0.026290 0.012678 0.012744
0 0.020337 0.852268 0.013695 0.013466
0 0.705491 0.812602 0.017163 0.016544
0 0.107953 0.980457 0.013369 0.013600
0 0.159812 0.738761 0.012613 0.012794
0 0.640262 0.643878 0.012608 0.012585
0 0.574932 0.242747 0.012231 0.012080
0 0.707561 0.369326 0.012415 0.012210
0 0.818853 0.049251 0.012809 0.012818
0 0.399566 0.571087 0.011341 0.010991
0 0.024410 0.228910 0.013022 0.012752
0 0.792879 0.906023 0.013944 0.013956
0 0.850102 0.711057 0.023200 0.023357
0 0.885344 0.069836 0.012348 0.012346
0 0.010921 0.439067 0.011999 0.011741
0 0.930084 0.046815 0.012251 0.012178
0 0.531293 0.458336 0.010976 0.010640
0 0.329525 0.509053 0.013727 0.013317
0 0.071599 0.502616 0.011779 0.012205
0 0.777482 0.048878 0.011773 0.011749
0 0.003200 0.082297 0.006384 0.014092
0 0.097807 0.320640 0.013111 0.012995
0 0.563065 0.007263 0.013334 0.013192
0 0.995793 0.425115 0.008330 0.009683
0 0.811791 0.111551 0.012939 0.013039
0 0.921378 0.147622 0.015005 0.014471
0 0.923288 0.603119 0.013042 0.012995
0 0.787699 0.005523 0.012463 0.010834
0 0.078935 0.089000 0.012565 0.012610
0 0.925942 0.360045 0.011493 0.011504
0 0.399535 0.927605 0.012629 0.012614
0 0.495642 0.993305 0.010698 0.010791
0 0.220620 0.492207 0.011724 0.011717
0 0.488825 0.543118 0.010667 0.010607
0 0.850786 0.144835 0.012533 0.012661
0 0.932155 0.611202 0.011781 0.011991
0 0.532925 0.630005 0.024143 0.023874
0 0.346958 0.290999 0.023899 0.023879
0 0.922505 0.149820 0.014319 0.014460
