0 0.034419 0.898639 0.011710 0.011593
0 0.278499 0.762424 0.013415 0.013474
0 0.186485 0.889419 0.013127 0.012992
0 0.407152 0.103345 0.013263 0.013081
0 0.270032 0.249819 0.013097 0.013018
0 0.459818 0.958115 0.011778 0.011815
0 0.082318 0.205194 0.012142 0.012137
0 0.963479 0.599241 0.012971 0.013033
0 0.204270 0.803814 0.012323 0.012281
0 0.594169 0.526913 0.012858 0.012681
0 0.249647 0.405028 0.011591 0.011647
0 0.747868 0.427534 0.013138 0.012925
0 0.208980 0.727974 0.012732 0.012757
0 0.748106 0.615921 0.012528 0.012391
0 0.394166 0.900781 0.012717 0.012702
0 0.763880 0.565765 0.012543 0.012241
0 0.536977 0.511602 0.011799 0.011833
0 0.622018 0.968548 0.012721 0.012618
0 0.941038 0.709432 0.011632 0.011488
0 0.134931 0.150046 0.011412 0.011365
0 0.193919 0.921318 0.011750 0.011784
0 0.247809 0.088787 0.012338 0.012428
0 0.637693 0.689484 0.013061 0.013188
0 0.136452 0.054803 0.012873 0.012869
0 0.031970 0.817698 0.011596 0.011588
0 0.478104 0.360143 0.011637 0.011999
0 0.010003 0.922578 0.012184 0.012082
0 0.900285 0.688871 0.012165 0.012168
0 0.541992 0.973422 0.011683 0.011552
0 0.180012 0.007438 0.014040 0.014114
0 0.309738 0.184292 0.012308 0.012362
0 0.200409 0.504178 0.012366 0.012098
0 0.681644 0.986062 0.011897 0.012040
0 0.037031 0.771269 0.009778 0.009339
0 0.524148 0.346869 0.012635 0.012405
0 0.792414 0.919931 0.011636 0.011615
0 0.093170 0.352295 0.010649 0.010960
0 0.495533 0.432591 0.012158 0.011789
0 0.263419 0.718805 0.013242 0.013161
0 0.491943 0.220026 0.009795 0.009397
0 0.379377 0.615757 0.012553 0.012444
0 0.232112 0.804355 0.010723 0.010615
0 0.110120 0.979380 0.013214 0.013176
0 0.513792 0.896457 0.010477 0.010635
0 0.318702 0.848248 0.009846 0.009715
0 0.193073 0.112746 0.012902 0.013016
0 0.432077 0.803774 0.011043 0.011218
0 0.244048 0.510112 0.011315 0.011147
0 0.673104 0.012369 0.012639 0.012615
0 0.918441 0.412602 0.011317 0.011538
0 0.601432 0.340065 0.011749 0.011905
0 0.700806 0.822928 0.016955 0.016638
0 0.833922 0.744291 0.011567 0.011501
0 0.712495 0.317471 0.011814 0.011997
0 0.397570 0.994167 0.012117 0.011569
0 0.440832 0.270532 0.011535 0.011775
0 0.226630 0.649942 0.012709 0.012520
0 0.136807 0.568316 0.011072 0.011167
0 0.083512 0.992285 0.012659 0.012474
0 0.056887 0.455086 0.010581 0.010288
0 0.847705 0.717777 0.020423 0.020158
0 0.408693 0.361904 0.012444 0.012340
0 0.615415 0.304838 0.011053 0.011118
0 0.826601 0.278713 0.010022 0.010232
0 0.531487 0.635927 0.021338 0.021869
0 0.036987 0.283929 0.010948 0.010971
0 0.771231 0.822585 0.011425 0.011210
0 0.834142 0.219421 0.008869 0.008754
0 0.665843 0.187674 0.012043 0.011811
0 0.437429 0.231961 0.012231 0.012521
0 0.009978 0.543199 0.010805 0.010754
0 0.023199 0.537755 0.012586 0.012500
0 0.672367 0.506287 0.011042 0.011029
0 0.345125 0.297708 0.022050 0.021917
0 0.113467 0.881827 0.009816 0.009827
0 0.373610 0.737844 0.017498 0.016810
0 0.987903 0.670377 0.010532 0.010964
0 0.497371 0.540861 0.012803 0.013402
