0 0.962942 0.423899 0.012623 0.012791
0 0.069434 0.231681 0.015688 0.015877
0 0.280522 0.433137 0.014749 0.014530
0 0.220655 0.019982 0.015625 0.015540
0 0.250759 0.515004 0.016585 0.016798
0 0.449293 0.256497 0.017869 0.018022
0 0.359239 0.172825 0.015281 0.015363
0 0.876347 0.384937 0.014453 0.014517
0 0.293299 0.068083 0.013883 0.013930
0 0.236270 0.755234 0.014463 0.014437
0 0.487751 0.425131 0.015792 0.015851
0 0.156625 0.072820 0.014703 0.014636
0 0.151509 0.287413 0.013720 0.013659
0 0.053362 0.851708 0.013170 0.012862
0 0.948311 0.627223 0.014233 0.014212
0 0.156132 0.569893 0.013932 0.013913
0 0.670217 0.263038 0.014656 0.014547
0 0.099056 0.463888 0.014569 0.014607
0 0.959612 0.205614 0.013927 0.014007
0 0.194862 0.622874 0.013843 0.013586
0 0.369797 0.517868 0.014443 0.014475
0 0.562968 0.443585 0.014024 0.014043
0 0.793307 0.556039 0.016472 0.016385
0 0.738464 0.617724 0.015428 0.015837
0 0.220027 0.669482 0.013663 0.013696
0 0.328646 0.810264 0.014343 0.014161
0 0.831457 0.176605 0.014787 0.014981
0 0.757456 0.672263 0.014053 0.014103
0 0.476620 0.505050 0.014262 0.014445
0 0.463710 0.191618 0.014592 0.014587
0 0.486287 0.613839 0.014472 0.014588
0 0.331413 0.921772 0.013480 0.013211
0 0.835772 0.139484 0.014161 0.014442
0 0.669344 0.497120 0.014847 0.014552
0 0.643565 0.503245 0.015910 0.015956
0 0.128119 0.951136 0.014358 0.014165
0 0.292852 0.587266 0.014653 0.014631
0 0.299584 0.476732 0.013897 0.013851
0 0.846146 0.268917 0.014051 0.014137
0 0.152910 0.857818 0.013756 0.014087
0 0.923452 0.252454 0.013633 0.013582
0 0.947333 0.936050 0.014860 0.014784
0 0.905621 0.887390 0.014718 0.014782
0 0.945738 0.729401 0.014491 0.014532
0 0.398688 0.291098 0.014377 0.014512
0 0.346169 0.611834 0.015162 0.014989
0 0.348491 0.664621 0.015391 0.015333
0 0.971932 0.666602 0.014201 0.014058
0 0.930599 0.984226 0.014062 0.014217
0 0.311849 0.268848 0.014538 0.014688
0 0.607986 0.485755 0.014615 0.014586
0 0.590407 0.166325 0.013404 0.013363
0 0.485543 0.897335 0.015530 0.015501
0 0.179245 0.322505 0.015427 0.015402
0 0.628121 0.618778 0.015611 0.015661
0 0.870795 0.954672 0.014639 0.014682
0 0.740829 0.543410 0.014145 0.014249
0 0.627756 0.220877 0.014710 0.014832
0 0.401662 0.410317 0.014141 0.014377
0 0.865836 0.298550 0.015025 0.015330
0 0.758697 0.024285 0.013889 0.013876
0 0.836453 0.823216 0.014310 0.014132
0 0.779667 0.445464 0.015608 0.015632
0 0.109701 0.240970 0.015675 0.015500
0 0.536456 0.610657 0.015011 0.015227
0 0.699960 0.536742 0.014525 0.014559
0 0.642507 0.384650 0.014297 0.014269
0 0.055260 0.994821 0.013436 0.010285
0 0.243751 0.420320 0.014024 0.014090
0 0.296813 0.220250 0.014525 0.014790
0 0.633161 0.358687 0.015189 0.015001
0 0.124766 0.904639 0.015760 0.015802
0 0.859873 0.905041 0.014373 0.014456
0 0.848445 0.718795 0.022100 0.021848
0 0.067768 0.020421 0.013669 0.013742
0 0.761723 0.490530 0.013603 0.013894
0 0.987752 0.506783 0.016453 0.016181
0 0.346064 0.298570 0.023587 0.023409
0 0.896910 0.566953 0.015391 0.015321
0 0.733878 0.111658 0.013640 0.013795
0 0.394554 0.388766 0.014558 0.014533
0 0.097666 0.546075 0.015038 0.015310
0 0.013286 0.316247 0.014795 0.015304
0 0.366182 0.651384 0.014563 0.014421
0 0.992397 0.271569 0.014101 0.014287
0 0.092610 0.910223 0.014120 0.013876
0 0.525999 0.069412 0.013433 0.013417
0 0.506982 0.478608 0.016069 0.015719
0 0.466439 0.006798 0.016139 0.013526
0 0.340274 0.939955 0.013610 0.013486
0 0.334161 0.877296 0.014979 0.015168
0 0.844307 0.564490 0.016092 0.016066
0 0.994733 0.601031 0.010534 0.016477
0 0.121459 0.713156 0.015153 0.015695
0 0.880114 0.082719 0.013663 0.013634
0 0.758454 0.548260 0.014066 0.014081
0 0.609382 0.142829 0.014764 0.014293
0 0.595665 0.119063 0.015581 0.015585
0 0.014933 0.916063 0.014260 0.014328
0 0.905313 0.981880 0.014684 0.014958
0 0.866748 0.404768 0.013204 0.013264
0 0.229159 0.605328 0.014596 0.014720
0 0.350564 0.097143 0.012900 0.012523
0 0.554009 0.277978 0.014166 0.013941
0 0.613861 0.510459 0.014056 0.014119
0 0.630558 0.965479 0.015631 0.015407
0 0.442035 0.213679 0.016830 0.017603
0 0.206422 0.586504 0.015114 0.014865
0 0.014237 0.833501 0.014995 0.014847
0 0.560871 0.011271 0.015639 0.015366
0 0.734632 0.759746 0.014967 0.015205
0 0.004141 0.937450 0.008225 0.014051
0 0.781813 0.144085 0.015654 0.015150
0 0.637514 0.115391 0.019267 0.018949
0 0.543838 0.657705 0.013199 0.013528
0 0.984457 0.560618 0.014160 0.014115
0 0.261411 0.373422 0.015208 0.014986
0 0.880926 0.795389 0.016521 0.016297
0 0.616542 0.081958 0.013393 0.013858
0 0.841824 0.693993 0.014280 0.014266
0 0.461116 0.728323 0.018381 0.018198
0 0.631309 0.085952 0.020555 0.020667
0 0.376453 0.228005 0.020299 0.019854
0 0.922383 0.142388 0.018720 0.018561
0 0.128795 0.051531 0.015802 0.015419
0 0.859154 0.820595 0.016700 0.016057
0 0.830251 0.574832 0.015388 0.015163
0 0.533642 0.638905 0.020966 0.020837
0 0.702023 0.822603 0.021126 0.020820
0 0.857349 0.592939 0.015820 0.015663
0 0.904694 0.600142 0.015069 0.015315
0 0.669744 0.191387 0.019921 0.019595
0 0.998359 0.212916 0.003229 0.016494
0 0.749462 0.796688 0.015139 0.015304
0 0.048329 0.591017 0.013524 0.013638
0 0.690693 0.004020 0.016324 0.007994
0 0.459485 0.758503 0.013835 0.013692
0 0.743206 0.144226 0.015051 0.015102
0 0.258355 0.373938 0.014929 0.014454
0 0.924345 0.129781 0.013978 0.013600
