0 0.108404 0.830324 0.013557 0.013563
0 0.688149 0.536339 0.012749 0.012701
0 0.104374 0.430962 0.013658 0.013467
0 0.748951 0.616533 0.013089 0.013068
0 0.685639 0.684592 0.012552 0.012452
0 0.059360 0.504747 0.012426 0.012426
0 0.261579 0.769705 0.012349 0.012073
0 0.144012 0.336866 0.010892 0.010871
0 0.082486 0.046356 0.012387 0.012301
0 0.630809 0.878073 0.012398 0.012501
0 0.186797 0.889941 0.013138 0.013208
0 0.095261 0.560171 0.012937 0.012813
0 0.523993 0.347269 0.013206 0.012950
0 0.514806 0.317704 0.012916 0.012868
0 0.258680 0.179978 0.011858 0.011730
0 0.145592 0.291614 0.012382 0.012361
0 0.274456 0.273032 0.013414 0.013209
0 0.432563 0.417095 0.012391 0.012249
0 0.372258 0.814128 0.013133 0.013058
0 0.358231 0.034756 0.012042 0.012084
0 0.693314 0.052980 0.013612 0.013427
0 0.250206 0.380991 0.012578 0.012300
0 0.454494 0.744655 0.013380 0.013347
0 0.083261 0.668689 0.013434 0.013521
0 0.230186 0.538777 0.012466 0.012082
0 0.655343 0.525664 0.010430 0.010332
0 0.846394 0.720116 0.017193 0.016836
0 0.163249 0.189033 0.012868 0.012862
0 0.304555 0.566339 0.013156 0.013256
0 0.663686 0.855738 0.011534 0.011513
0 0.222879 0.467540 0.013158 0.013001
0 0.462329 0.959985 0.013178 0.013086
0 0.390638 0.603176 0.012992 0.013035
0 0.629709 0.113825 0.013046 0.013106
0 0.231557 0.691733 0.011213 0.011320
0 0.538725 0.250512 0.012189 0.012193
0 0.226897 0.650452 0.012349 0.012065
0 0.956094 0.683573 0.011191 0.011218
0 0.027943 0.567791 0.012944 0.013013
0 0.194134 0.218454 0.010800 0.010650
0 0.376958 0.680367 0.013773 0.014138
0 0.140510 0.136860 0.011857 0.011704
0 0.553895 0.559936 0.011855 0.011611
0 0.342045 0.416953 0.013056 0.013194
0 0.618029 0.337255 0.011619 0.011401
0 0.199569 0.040334 0.012660 0.012736
0 0.564365 0.256323 0.013045 0.012848
0 0.522586 0.797523 0.011752 0.011681
0 0.408902 0.959324 0.013783 0.013826
0 0.634269 0.677353 0.011877 0.011828
0 0.602563 0.544795 0.012284 0.012226
0 0.422663 0.879158 0.012171 0.012004
0 0.563542 0.385156 0.011172 0.011604
0 0.681876 0.483857 0.011173 0.011123
0 0.660310 0.677952 0.012245 0.012115
0 0.510692 0.391956 0.012745 0.012570
0 0.900019 0.894847 0.012703 0.012652
0 0.920066 0.453940 0.010388 0.010691
0 0.156944 0.149263 0.011988 0.011950
0 0.761512 0.773278 0.012716 0.013061
0 0.469272 0.805376 0.011550 0.011483
0 0.344626 0.296341 0.022648 0.022635
0 0.677258 0.405126 0.011065 0.010955
0 0.109583 0.979841 0.013429 0.013489
0 0.458782 0.188007 0.014116 0.013954
0 0.467667 0.246156 0.010994 0.010816
0 0.022242 0.642252 0.010067 0.009813
0 0.083049 0.423877 0.011893 0.011362
0 0.544871 0.972527 0.012984 0.012788
0 0.395297 0.226418 0.012182 0.012151
0 0.598269 0.602828 0.011758 0.012074
0 0.376002 0.227375 0.016807 0.016900
0 0.997030 0.590366 0.005896 0.011999
0 0.706405 0.850480 0.012478 0.012455
0 0.530331 0.637206 0.022284 0.022690
0 0.723611 0.108290 0.010131 0.010177
0 0.331279 0.517346 0.011588 0.011623
0 0.896655 0.015692 0.011943 0.012241
0 0.531134 0.542394 0.010455 0.010410
0 0.422360 0.135114 0.012441 0.012451
0 0.202124 0.151398 0.012339 0.012580
0 0.700627 0.821619 0.019897 0.020145
0 0.967661 0.969708 0.010533 0.010560
0 0.656937 0.012864 0.011004 0.010846
0 0.102580 0.927003 0.012371 0.012206
0 0.335246 0.701181 0.011881 0.011590
0 0.169877 0.385378 0.011391 0.011337
0 0.744838 0.088501 0.011564 0.012068
0 0.772393 0.004506 0.010988 0.009012
0 0.698235 0.371438 0.009800 0.009775
0 0.767471 0.271301 0.010242 0.010033
0 0.495657 0.542644 0.012677 0.011953
0 0.230597 0.175426 0.011420 0.011114
0 0.444948 0.534908 0.011007 0.010831
0 0.784928 0.353273 0.011483 0.011152
0 0.747285 0.385717 0.009885 0.009606
0 0.097661 0.734954 0.011054 0.010946
0 0.789795 0.004163 0.011717 0.008325
0 0.708570 0.709537 0.010842 0.010888
0 0.631792 0.086035 0.019806 0.019561
