0 0.911878 0.500816 0.013424 0.013352
0 0.748633 0.617407 0.013638 0.013555
0 0.048147 0.151698 0.012577 0.012554
0 0.627925 0.540453 0.012093 0.011933
0 0.898786 0.021526 0.013530 0.013457
0 0.720082 0.675562 0.013108 0.013104
0 0.525057 0.347608 0.013394 0.013224
0 0.842251 0.262306 0.012615 0.012767
0 0.313278 0.385239 0.012714 0.012665
0 0.583855 0.922517 0.012426 0.012424
0 0.424466 0.502489 0.011764 0.011657
0 0.503839 0.232584 0.012079 0.012092
0 0.383285 0.230220 0.015737 0.015488
0 0.593992 0.441251 0.011837 0.011537
0 0.249268 0.167477 0.012734 0.012623
0 0.224947 0.216750 0.012379 0.012391
0 0.210814 0.702500 0.012783 0.012515
0 0.400817 0.747578 0.014620 0.014588
0 0.819396 0.156561 0.012096 0.012149
0 0.372758 0.493486 0.013110 0.013020
0 0.416925 0.818972 0.011375 0.011492
0 0.332976 0.165662 0.014089 0.014438
0 0.216043 0.069707 0.013239 0.013035
0 0.404070 0.150229 0.013766 0.013473
0 0.439837 0.055960 0.013336 0.013398
0 0.850539 0.474789 0.012023 0.012206
0 0.649215 0.360152 0.013168 0.013111
0 0.591893 0.217760 0.012783 0.012631
0 0.783490 0.791767 0.013284 0.013303
0 0.740106 0.373982 0.013401 0.013351
0 0.783366 0.311894 0.012462 0.012328
0 0.285050 0.870296 0.013052 0.013093
0 0.112016 0.495430 0.011834 0.011817
0 0.742152 0.078587 0.011854 0.011804
0 0.751933 0.520449 0.013134 0.012847
0 0.662943 0.177521 0.013139 0.013181
0 0.019180 0.238775 0.012913 0.013297
0 0.259989 0.876580 0.013248 0.013321
0 0.140740 0.662546 0.012560 0.012455
0 0.555828 0.097570 0.013500 0.013186
0 0.569286 0.414587 0.011559 0.011701
0 0.516049 0.059366 0.011641 0.011443
0 0.036654 0.199745 0.012026 0.012016
0 0.462032 0.331390 0.012490 0.012668
0 0.146431 0.820350 0.013920 0.013968
0 0.085505 0.867975 0.012762 0.012805
0 0.544008 0.972674 0.012684 0.012436
0 0.947530 0.054028 0.011659 0.011549
0 0.459975 0.959970 0.013055 0.012841
0 0.336129 0.827305 0.012871 0.012974
0 0.162039 0.939765 0.013305 0.013365
0 0.103821 0.359257 0.013372 0.013232
0 0.465319 0.408865 0.012469 0.012481
0 0.493769 0.575751 0.012665 0.012788
0 0.602578 0.775453 0.012568 0.012579
0 0.024288 0.573098 0.013886 0.013812
0 0.806816 0.068615 0.011643 0.011719
0 0.730507 0.008971 0.012185 0.012384
0 0.067460 0.190079 0.011165 0.011326
0 0.794416 0.072345 0.011848 0.011610
0 0.186147 0.889936 0.012754 0.012733
0 0.627533 0.184658 0.012113 0.011780
0 0.417234 0.135705 0.012644 0.012519
0 0.057975 0.636912 0.013926 0.013789
0 0.879943 0.274536 0.013512 0.013463
0 0.121991 0.748101 0.012605 0.012530
0 0.622865 0.077621 0.013786 0.014105
0 0.988904 0.270415 0.013273 0.013241
0 0.083284 0.740700 0.013928 0.013857
0 0.565380 0.662780 0.011520 0.011336
0 0.002907 0.389375 0.005787 0.013730
0 0.339615 0.649576 0.012708 0.012568
0 0.081869 0.889264 0.010779 0.010995
0 0.660505 0.509048 0.009880 0.009979
0 0.313577 0.565583 0.010962 0.010658
0 0.142534 0.554910 0.012842 0.012700
0 0.490549 0.541741 0.010296 0.010155
0 0.222972 0.467808 0.012852 0.013067
0 0.366521 0.815702 0.009821 0.009653
0 0.227041 0.648562 0.011958 0.011699
0 0.215621 0.622893 0.012849 0.012543
0 0.108975 0.980022 0.013162 0.013248
0 0.313557 0.760041 0.011024 0.010946
0 0.023757 0.972530 0.013001 0.013012
0 0.792080 0.697937 0.012126 0.012066
0 0.833089 0.004128 0.009601 0.008142
0 0.563993 0.234287 0.012501 0.012586
0 0.142634 0.465812 0.012565 0.012558
0 0.632793 0.203505 0.013458 0.013166
0 0.330981 0.517778 0.011042 0.011114
0 0.786110 0.004778 0.013056 0.009441
0 0.327817 0.031575 0.011330 0.011368
0 0.223263 0.145048 0.013320 0.013895
0 0.290199 0.965291 0.009776 0.009527
0 0.398967 0.594841 0.012349 0.012514
0 0.017392 0.874224 0.011677 0.011745
0 0.624881 0.078644 0.014879 0.014578
0 0.681665 0.023913 0.011519 0.011642
0 0.960517 0.252462 0.012244 0.011935
0 0.138045 0.431509 0.012084 0.011927
0 0.444399 0.074754 0.012800 0.012890
0 0.774970 0.004604 0.013513 0.009185
0 0.782167 0.501159 0.011689 0.011247
0 0.222980 0.147647 0.013181 0.013210
