0 0.640163 0.261668 0.013075 0.013016
0 0.342732 0.043527 0.012104 0.011817
0 0.409730 0.355658 0.013959 0.014089
0 0.420363 0.505035 0.013586 0.013585
0 0.506113 0.744876 0.013420 0.013496
0 0.443923 0.452130 0.012718 0.012597
0 0.411937 0.881796 0.013054 0.012929
0 0.548406 0.346225 0.013786 0.013640
0 0.875291 0.535295 0.012389 0.012348
0 0.775027 0.049643 0.013770 0.013580
0 0.394248 0.098989 0.011524 0.011775
0 0.470567 0.146428 0.013653 0.013676
0 0.317623 0.732775 0.013309 0.013190
0 0.952936 0.622240 0.012687 0.012717
0 0.900448 0.027242 0.013787 0.013317
0 0.573148 0.084432 0.013700 0.013930
0 0.401319 0.446108 0.012749 0.012307
0 0.754398 0.582231 0.013795 0.013657
0 0.725379 0.117251 0.013457 0.013257
0 0.952791 0.340314 0.011690 0.011366
0 0.542547 0.974732 0.012724 0.012542
0 0.833581 0.198249 0.012336 0.012264
0 0.675024 0.096854 0.013295 0.013080
0 0.930554 0.408069 0.012878 0.012936
0 0.333319 0.564990 0.011820 0.011769
0 0.611242 0.892968 0.011764 0.011724
0 0.313441 0.199947 0.013713 0.013791
0 0.965659 0.048208 0.012851 0.012913
0 0.339092 0.676628 0.012563 0.012515
0 0.151933 0.333515 0.012808 0.012757
0 0.402261 0.616015 0.011941 0.011714
0 0.769657 0.198063 0.012918 0.012974
0 0.234533 0.737343 0.012284 0.012039
0 0.197863 0.423465 0.012307 0.012240
0 0.579235 0.750236 0.012960 0.012717
0 0.623493 0.118220 0.014016 0.014082
0 0.456393 0.961158 0.012106 0.011701
0 0.884604 0.020283 0.012907 0.012748
0 0.650671 0.219863 0.013242 0.013268
0 0.550505 0.437324 0.012016 0.011828
0 0.408288 0.031203 0.012850 0.012829
0 0.460360 0.026223 0.012928 0.012969
0 0.747749 0.619358 0.013231 0.013226
0 0.045161 0.459791 0.012976 0.012964
0 0.334896 0.259958 0.013115 0.012993
0 0.662562 0.292399 0.013854 0.013684
0 0.492420 0.530195 0.012443 0.012291
0 0.221589 0.257080 0.013210 0.013201
0 0.142463 0.162477 0.012263 0.012064
0 0.298615 0.166846 0.013529 0.013432
0 0.060300 0.848909 0.013502 0.013342
0 0.986725 0.076348 0.012866 0.013030
0 0.988243 0.421462 0.012974 0.012854
0 0.746241 0.258073 0.013989 0.013675
0 0.185032 0.891897 0.012999 0.012951
0 0.573386 0.490936 0.013281 0.013251
0 0.009912 0.941112 0.012309 0.012104
0 0.340451 0.446251 0.012163 0.012247
0 0.172188 0.407942 0.013387 0.013350
0 0.829974 0.328963 0.012069 0.011862
0 0.524874 0.348698 0.013379 0.013295
0 0.220814 0.529083 0.012066 0.011946
0 0.152827 0.430437 0.012757 0.012848
0 0.340439 0.779909 0.011843 0.011775
0 0.210543 0.683919 0.013677 0.013701
0 0.665701 0.950017 0.012357 0.012338
0 0.108403 0.199390 0.013147 0.013061
0 0.037174 0.370488 0.013767 0.013860
0 0.296191 0.658779 0.012777 0.012684
0 0.947412 0.290838 0.013169 0.012969
0 0.759188 0.449945 0.011637 0.011806
0 0.584321 0.009338 0.014064 0.013744
0 0.769882 0.702572 0.013737 0.013833
0 0.098845 0.834636 0.012772 0.012670
0 0.109365 0.980881 0.013433 0.013719
0 0.596757 0.908796 0.013222 0.013255
0 0.732625 0.270617 0.013514 0.013283
0 0.134754 0.488625 0.012066 0.012314
0 0.113321 0.470411 0.012092 0.011852
0 0.265213 0.007237 0.012324 0.012375
0 0.337617 0.338602 0.012684 0.012760
0 0.642883 0.045709 0.012992 0.013099
0 0.330542 0.518766 0.011756 0.011732
0 0.222825 0.469598 0.012171 0.012187
0 0.241468 0.052969 0.012472 0.012234
0 0.798048 0.516962 0.011987 0.012060
0 0.400119 0.571379 0.011082 0.010815
0 0.440751 0.060168 0.011681 0.011736
0 0.481679 0.091260 0.012636 0.012438
0 0.928440 0.656495 0.014822 0.014710
0 0.678627 0.408081 0.011974 0.011968
0 0.156742 0.013909 0.011826 0.011895
0 0.140151 0.219953 0.011588 0.011433
0 0.480583 0.724264 0.014462 0.013794
0 0.597960 0.554567 0.013709 0.013322
0 0.162847 0.284747 0.013895 0.013789
0 0.225251 0.650208 0.012576 0.012252
0 0.142054 0.579121 0.012733 0.012782
0 0.436526 0.589194 0.010620 0.010567
0 0.788351 0.005701 0.012673 0.011403
0 0.292759 0.222944 0.012531 0.012875
0 0.394448 0.949533 0.011532 0.011426
0 0.006044 0.356642 0.012089 0.014929
0 0.150933 0.252013 0.012514 0.012266
0 0.036510 0.081933 0.012162 0.011936
0 0.035285 0.556659 0.011968 0.011878
0 0.755185 0.002502 0.012212 0.004963
0 0.506861 0.333158 0.013142 0.013034
0 0.688139 0.813863 0.012347 0.013239
0 0.063576 0.250411 0.011417 0.011386
0 0.116184 0.039679 0.012997 0.013181
0 0.793507 0.358769 0.013362 0.013120
0 0.342639 0.962102 0.012790 0.012591
0 0.848772 0.714219 0.020812 0.022051
0 0.017712 0.526061 0.009399 0.009353
0 0.581522 0.675333 0.011993 0.011922
0 0.640939 0.468468 0.012369 0.012150
0 0.103392 0.725083 0.012985 0.012861
0 0.710368 0.015379 0.012935 0.013613
0 0.388472 0.133007 0.012414 0.012966
0 0.359581 0.879918 0.010381 0.010541
0 0.421503 0.555856 0.013269 0.012976
0 0.951884 0.855457 0.013271 0.013303
0 0.834107 0.369435 0.010373 0.010175
0 0.711813 0.017524 0.011700 0.011598
