0 0.120879 0.686300 0.013545 0.013554
0 0.245749 0.844473 0.013054 0.012912
0 0.880625 0.652270 0.013907 0.013720
0 0.250013 0.766486 0.012715 0.012471
0 0.839409 0.533025 0.012088 0.012032
0 0.289787 0.046356 0.012992 0.012906
0 0.812960 0.413395 0.011817 0.011702
0 0.940781 0.734208 0.013643 0.013874
0 0.748567 0.619193 0.013338 0.013174
0 0.268338 0.705967 0.013611 0.013740
0 0.412873 0.740408 0.013019 0.013059
0 0.468878 0.857177 0.013312 0.013112
0 0.844736 0.033523 0.012721 0.012619
0 0.174794 0.025402 0.013116 0.012836
0 0.401267 0.474725 0.013815 0.013598
0 0.880771 0.470933 0.013137 0.013216
0 0.390835 0.024168 0.012675 0.012607
0 0.494221 0.667217 0.012393 0.012243
0 0.105349 0.592340 0.013481 0.013258
0 0.088306 0.727456 0.013609 0.013634
0 0.445076 0.084107 0.013827 0.013819
0 0.250980 0.066364 0.012910 0.012795
0 0.176588 0.661368 0.011871 0.011916
0 0.752348 0.342637 0.012828 0.012496
0 0.269242 0.837332 0.012660 0.012784
0 0.583357 0.206759 0.014216 0.014091
0 0.297526 0.518207 0.012630 0.012845
0 0.970362 0.685715 0.013158 0.013341
0 0.128973 0.623652 0.013797 0.013815
0 0.356257 0.128507 0.011890 0.011761
0 0.980394 0.414950 0.012415 0.012478
0 0.325399 0.349892 0.011339 0.011104
0 0.184100 0.120087 0.012782 0.012535
0 0.613958 0.304553 0.012544 0.012340
0 0.221238 0.470224 0.012931 0.012845
0 0.132565 0.176095 0.014153 0.014262
0 0.548735 0.260364 0.013278 0.013162
0 0.418747 0.466814 0.012304 0.012390
0 0.559076 0.773801 0.013389 0.013318
0 0.081637 0.970650 0.013145 0.013122
0 0.365924 0.629204 0.013141 0.013101
0 0.200504 0.500655 0.013114 0.012887
0 0.108271 0.980727 0.013577 0.013698
0 0.983362 0.912438 0.013135 0.013268
0 0.277611 0.289402 0.013143 0.012986
0 0.144043 0.584439 0.011863 0.011748
0 0.650103 0.619012 0.013588 0.013537
0 0.364837 0.145075 0.012925 0.012986
0 0.542096 0.976329 0.013433 0.013197
0 0.993452 0.567477 0.012981 0.014034
0 0.618956 0.877263 0.014231 0.014448
0 0.991588 0.450120 0.014529 0.014050
0 0.564501 0.360942 0.012899 0.012976
0 0.268991 0.452605 0.010782 0.010843
0 0.330962 0.518633 0.012340 0.012158
0 0.571915 0.591921 0.012727 0.012587
0 0.211830 0.696346 0.012601 0.012616
0 0.808426 0.751377 0.013153 0.013304
0 0.455980 0.054527 0.012825 0.012543
0 0.096431 0.056136 0.012974 0.012821
0 0.315158 0.821631 0.011434 0.011404
0 0.943282 0.316381 0.011871 0.011507
0 0.289126 0.154060 0.013698 0.013627
0 0.702729 0.076395 0.012749 0.012868
0 0.081500 0.429164 0.012824 0.012620
0 0.110538 0.555767 0.012393 0.012486
0 0.808891 0.555238 0.013548 0.013542
0 0.719634 0.463435 0.011258 0.011335
0 0.943368 0.287754 0.013547 0.013859
0 0.033994 0.403846 0.012597 0.012535
0 0.157090 0.786616 0.012922 0.012908
0 0.494880 0.544451 0.013121 0.013194
0 0.847233 0.819255 0.012738 0.012348
0 0.558993 0.295465 0.013329 0.013284
0 0.184666 0.891656 0.012386 0.012487
0 0.747088 0.197406 0.012502 0.013054
0 0.682766 0.236464 0.012244 0.012272
0 0.577427 0.248805 0.012168 0.012209
0 0.994182 0.227219 0.011636 0.013711
0 0.585974 0.060438 0.011675 0.011753
0 0.306721 0.293859 0.013419 0.013292
0 0.411323 0.259481 0.012480 0.012349
0 0.295137 0.261060 0.014043 0.013836
0 0.938172 0.172054 0.013003 0.013046
0 0.223636 0.648516 0.012136 0.012103
0 0.489073 0.199242 0.012334 0.012316
0 0.622438 0.962055 0.012091 0.012101
0 0.692063 0.772450 0.012678 0.012397
0 0.195968 0.222861 0.013147 0.012933
0 0.746427 0.264831 0.011830 0.011706
0 0.060777 0.847518 0.015273 0.014723
0 0.631495 0.498707 0.012354 0.012554
0 0.159923 0.292445 0.011975 0.012135
0 0.701829 0.452839 0.012117 0.012231
0 0.165817 0.830969 0.011966 0.012173
0 0.538742 0.680049 0.012849 0.013179
0 0.608039 0.407583 0.011769 0.012032
0 0.553378 0.851530 0.011494 0.011524
0 0.869368 0.072736 0.011963 0.011494
0 0.787579 0.005322 0.012562 0.010523
0 0.149947 0.312488 0.013740 0.013875
0 0.093502 0.242803 0.011917 0.011957
0 0.523818 0.349828 0.013039 0.013016
0 0.597166 0.004354 0.011776 0.008708
0 0.841372 0.177360 0.011110 0.011130
0 0.997200 0.414334 0.005538 0.010367
0 0.645396 0.809618 0.011131 0.010954
0 0.639087 0.703712 0.013369 0.013597
0 0.446893 0.987578 0.011292 0.011595
0 0.402314 0.572287 0.009528 0.009431
0 0.744529 0.060044 0.012069 0.011840
0 0.690193 0.860434 0.013631 0.013688
0 0.085022 0.065316 0.012661 0.012963
0 0.849748 0.710333 0.023342 0.023330
0 0.264070 0.389885 0.011787 0.011656
0 0.166747 0.261945 0.010413 0.010569
0 0.996727 0.415297 0.006546 0.011067
0 0.845316 0.818871 0.012755 0.012159
