0 0.698036 0.361083 0.016757 0.016682
0 0.628247 0.149623 0.014484 0.014229
0 0.579968 0.158681 0.013869 0.013810
0 0.959904 0.274667 0.015617 0.015352
0 0.717018 0.435232 0.014493 0.014317
0 0.714660 0.589479 0.017074 0.016810
0 0.878994 0.308250 0.014754 0.014560
0 0.480856 0.133393 0.014416 0.014389
0 0.714501 0.205151 0.015174 0.015130
0 0.490835 0.920192 0.016383 0.016324
0 0.835911 0.448020 0.013881 0.013855
0 0.447768 0.241639 0.015420 0.015420
0 0.892184 0.378703 0.014608 0.014553
0 0.738764 0.122975 0.015821 0.016276
0 0.687304 0.543941 0.014495 0.014582
0 0.086833 0.620960 0.015106 0.015053
0 0.085898 0.054274 0.014947 0.014983
0 0.090148 0.479932 0.014652 0.014603
0 0.802062 0.963221 0.014027 0.013768
0 0.305910 0.627364 0.014218 0.014291
0 0.681793 0.407241 0.015712 0.015647
0 0.386557 0.597764 0.014700 0.014515
0 0.618194 0.753642 0.014508 0.014351
0 0.474856 0.417644 0.014479 0.014470
0 0.952033 0.536907 0.014771 0.014604
0 0.588696 0.463037 0.013592 0.013731
0 0.045641 0.302811 0.013820 0.013792
0 0.239836 0.682092 0.014408 0.014589
0 0.725512 0.040722 0.015809 0.015575
0 0.548665 0.558363 0.014860 0.014706
0 0.188300 0.713809 0.015100 0.014982
0 0.728974 0.739522 0.014255 0.014283
0 0.115692 0.577868 0.014619 0.014466
0 0.211129 0.614781 0.015916 0.016130
0 0.464495 0.612695 0.014298 0.014140
0 0.959787 0.205045 0.014462 0.014552
0 0.693835 0.189577 0.014826 0.014724
0 0.332752 0.233044 0.014183 0.014537
0 0.255884 0.033748 0.016315 0.016193
0 0.686848 0.667782 0.017557 0.017533
0 0.211596 0.771074 0.014488 0.014485
0 0.531462 0.166813 0.017890 0.017897
0 0.481017 0.196434 0.013135 0.013073
0 0.315813 0.978984 0.014492 0.014554
0 0.214081 0.796721 0.013967 0.014028
0 0.242297 0.198052 0.015422 0.015202
0 0.668607 0.121623 0.014653 0.014621
0 0.596589 0.103403 0.013656 0.013616
0 0.047544 0.481612 0.013835 0.013910
0 0.140462 0.863675 0.013448 0.013311
0 0.272387 0.626399 0.015225 0.015326
0 0.279451 0.737106 0.014980 0.014973
0 0.439998 0.600467 0.013999 0.013756
0 0.851775 0.721204 0.018754 0.018515
0 0.749449 0.338173 0.014222 0.014452
0 0.800706 0.657686 0.014556 0.014612
0 0.724862 0.291569 0.014752 0.014768
0 0.533385 0.640682 0.022439 0.022010
0 0.785109 0.158861 0.013396 0.013423
0 0.959340 0.421783 0.015404 0.015302
0 0.986256 0.622293 0.013967 0.013916
0 0.145821 0.939865 0.014021 0.014023
0 0.957684 0.948957 0.014581 0.014504
0 0.363167 0.708899 0.014324 0.014244
0 0.393707 0.419750 0.015892 0.016091
0 0.701062 0.717453 0.014339 0.014452
0 0.112919 0.913439 0.014409 0.014240
0 0.534268 0.419733 0.014610 0.014797
0 0.295146 0.468582 0.014251 0.014312
0 0.513438 0.211674 0.014199 0.014238
0 0.659950 0.550421 0.015048 0.015228
0 0.593325 0.569180 0.015952 0.015905
0 0.162842 0.705749 0.013970 0.014010
0 0.919997 0.146538 0.020085 0.019621
0 0.893949 0.140376 0.015306 0.015323
0 0.914038 0.316238 0.016066 0.016288
0 0.657026 0.660909 0.015052 0.014935
0 0.325196 0.289327 0.014811 0.014823
0 0.837877 0.118395 0.014590 0.014756
0 0.767765 0.529575 0.014275 0.014376
0 0.417445 0.176812 0.014967 0.015001
0 0.238645 0.319459 0.014048 0.013805
0 0.993427 0.307289 0.013146 0.014692
0 0.830543 0.028678 0.014423 0.014214
0 0.088145 0.911059 0.015114 0.015078
0 0.968123 0.032472 0.014311 0.014334
0 0.281771 0.430753 0.014429 0.014187
0 0.538530 0.328311 0.014169 0.013992
0 0.883807 0.926489 0.013796 0.013923
0 0.204533 0.252333 0.015934 0.015831
0 0.621207 0.856691 0.014071 0.014284
0 0.347362 0.299723 0.023058 0.022871
0 0.763749 0.496908 0.015975 0.015932
0 0.042256 0.380427 0.013769 0.013772
0 0.749861 0.646269 0.014667 0.014468
0 0.751713 0.949892 0.014034 0.014361
0 0.303834 0.302956 0.015148 0.015220
0 0.633483 0.951119 0.013957 0.013935
0 0.976792 0.687263 0.015034 0.014617
0 0.023198 0.007479 0.015243 0.014647
0 0.630003 0.631248 0.014034 0.013827
0 0.768056 0.783152 0.014305 0.014309
0 0.524289 0.019453 0.018071 0.017696
0 0.068605 0.576510 0.020472 0.020431
0 0.635892 0.088055 0.021229 0.021033
0 0.209952 0.382036 0.014766 0.014777
0 0.375704 0.229461 0.019188 0.018665
0 0.670916 0.192770 0.018040 0.016952
0 0.587803 0.607137 0.014581 0.014334
0 0.166402 0.215003 0.015792 0.015941
0 0.473036 0.377693 0.013870 0.014047
0 0.276110 0.764805 0.015156 0.014997
0 0.803745 0.826459 0.014265 0.014136
0 0.459426 0.351769 0.015957 0.015485
0 0.781065 0.347556 0.014129 0.014199
0 0.004469 0.448195 0.008814 0.015268
0 0.175643 0.402899 0.015744 0.015191
0 0.066917 0.332400 0.014988 0.015520
0 0.271200 0.509653 0.014575 0.014308
0 0.004591 0.062671 0.009142 0.016226
0 0.707818 0.674407 0.013530 0.013533
0 0.097980 0.848171 0.014795 0.014792
0 0.787743 0.556552 0.015123 0.015478
0 0.540160 0.738433 0.020481 0.020748
0 0.360749 0.937981 0.015686 0.015557
0 0.630264 0.973026 0.013940 0.013774
0 0.270937 0.490507 0.014523 0.014290
0 0.779934 0.874039 0.014542 0.014655
0 0.912749 0.992017 0.015656 0.015071
0 0.204418 0.538073 0.013639 0.013338
0 0.179729 0.029514 0.014097 0.013776
0 0.878838 0.591883 0.020726 0.020330
0 0.200366 0.519245 0.014185 0.014322
0 0.803065 0.602022 0.014681 0.014463
0 0.889198 0.260220 0.017671 0.017367
0 0.984149 0.509789 0.015708 0.015468
0 0.605038 0.625876 0.012873 0.012847
0 0.048580 0.053415 0.017287 0.017245
0 0.869891 0.481948 0.014032 0.013634
0 0.117379 0.260163 0.012841 0.012558
0 0.377367 0.741607 0.022196 0.021806
0 0.027359 0.633912 0.014014 0.013815
0 0.911171 0.009826 0.007758 0.013410
0 0.263331 0.246532 0.019226 0.019404
0 0.645452 0.279827 0.014924 0.014679
0 0.671398 0.842213 0.013904 0.013424
0 0.862056 0.407133 0.016184 0.016041
0 0.168903 0.994340 0.013867 0.011321
0 0.211203 0.448700 0.017379 0.018304
0 0.280995 0.878017 0.014721 0.014093
0 0.279631 0.876647 0.014693 0.014375
0 0.303034 0.396416 0.014067 0.013892
0 0.703956 0.861137 0.013991 0.013843
0 0.003426 0.266540 0.006852 0.019836
0 0.727255 0.616006 0.016588 0.016331
0 0.998337 0.213116 0.003279 0.016541
0 0.307262 0.414534 0.014937 0.015115
0 0.119929 0.234156 0.016285 0.016401
