0 0.534200 0.338255 0.012730 0.012739
0 0.198728 0.501737 0.012693 0.012711
0 0.234671 0.252883 0.013254 0.013144
0 0.681116 0.260416 0.013630 0.013493
0 0.622003 0.505518 0.012891 0.012704
0 0.138745 0.305309 0.013184 0.013113
0 0.370887 0.541059 0.013204 0.013059
0 0.280657 0.470316 0.011889 0.011786
0 0.278789 0.435749 0.011697 0.011621
0 0.173374 0.385879 0.012239 0.012401
0 0.528247 0.866503 0.012930 0.012904
0 0.564341 0.187481 0.013317 0.013237
0 0.126045 0.747582 0.013072 0.013073
0 0.287395 0.608057 0.014078 0.014035
0 0.156283 0.427323 0.011961 0.011860
0 0.741015 0.388202 0.012149 0.012235
0 0.729123 0.587883 0.013303 0.013246
0 0.083074 0.507966 0.011808 0.011579
0 0.724252 0.313957 0.012835 0.012597
0 0.199374 0.628128 0.011411 0.011444
0 0.629042 0.580880 0.013140 0.013129
0 0.163522 0.603783 0.013181 0.013240
0 0.883517 0.716216 0.013610 0.013758
0 0.664332 0.339423 0.012240 0.012017
0 0.765173 0.528541 0.013170 0.012980
0 0.627598 0.711876 0.012826 0.012934
0 0.019515 0.304566 0.013220 0.013193
0 0.866608 0.251051 0.013298 0.013241
0 0.027781 0.081797 0.013414 0.013346
0 0.557866 0.047804 0.013332 0.013351
0 0.733408 0.971564 0.013709 0.013601
0 0.749464 0.284659 0.012922 0.012707
0 0.975665 0.339194 0.013171 0.013130
0 0.800277 0.287386 0.012842 0.012752
0 0.473004 0.824588 0.013318 0.013312
0 0.208984 0.679806 0.012047 0.011992
0 0.254600 0.843358 0.012386 0.012448
0 0.700744 0.120028 0.013130 0.013185
0 0.007580 0.878090 0.013728 0.013814
0 0.116757 0.527453 0.012830 0.012896
0 0.413794 0.343349 0.013167 0.013324
0 0.554549 0.520120 0.014058 0.014036
0 0.294021 0.244476 0.012974 0.012849
0 0.378782 0.291868 0.013256 0.013146
0 0.239387 0.755138 0.012640 0.012654
0 0.975950 0.865191 0.011746 0.011897
0 0.581676 0.651317 0.013627 0.013514
0 0.406522 0.274599 0.013665 0.013648
0 0.902943 0.870940 0.012387 0.012112
0 0.399596 0.685649 0.012817 0.012790
0 0.624812 0.900456 0.014327 0.014263
0 0.089494 0.823204 0.011988 0.011988
0 0.363913 0.793194 0.012754 0.012635
0 0.358366 0.928323 0.012173 0.012010
0 0.735533 0.619322 0.014437 0.014429
0 0.670583 0.089390 0.014680 0.014468
0 0.664243 0.385339 0.012940 0.012864
0 0.555194 0.868658 0.013931 0.013980
0 0.224579 0.834630 0.012567 0.012269
0 0.665361 0.408436 0.013721 0.013817
0 0.538509 0.180081 0.013532 0.013583
0 0.410859 0.405784 0.011586 0.011730
0 0.687341 0.737597 0.012865 0.013030
0 0.176499 0.814056 0.012906 0.012879
0 0.064740 0.342530 0.013367 0.013271
0 0.818789 0.329607 0.011631 0.011555
0 0.944618 0.844760 0.014917 0.015276
0 0.285797 0.776547 0.011769 0.011931
0 0.433755 0.749659 0.013934 0.013833
0 0.938730 0.933592 0.010937 0.010832
0 0.314955 0.404632 0.012527 0.012310
0 0.925912 0.570887 0.012930 0.012934
0 0.707537 0.439795 0.012942 0.012753
0 0.451237 0.335244 0.013167 0.013028
0 0.267990 0.331539 0.010487 0.010307
0 0.194094 0.061908 0.012960 0.012804
0 0.867620 0.116181 0.011491 0.011313
0 0.691026 0.234370 0.014186 0.014082
0 0.900216 0.529968 0.013575 0.013548
0 0.421590 0.893631 0.014121 0.013707
0 0.088576 0.912790 0.012342 0.012239
0 0.663846 0.356195 0.012663 0.012580
0 0.683095 0.430535 0.012641 0.012776
0 0.709901 0.601909 0.012633 0.012850
0 0.589237 0.786905 0.012904 0.012612
0 0.944136 0.652788 0.011367 0.011139
0 0.532205 0.638617 0.016933 0.017122
0 0.049289 0.538456 0.012481 0.012872
0 0.908978 0.398690 0.013865 0.013792
0 0.535707 0.921531 0.014117 0.013847
0 0.807333 0.510227 0.010476 0.010342
0 0.017482 0.731906 0.011666 0.011681
0 0.881604 0.126178 0.009519 0.009575
0 0.040606 0.340835 0.013977 0.014019
0 0.677533 0.858803 0.012287 0.012242
0 0.281444 0.841772 0.012241 0.012198
0 0.899146 0.980929 0.012483 0.012463
0 0.912436 0.037242 0.012802 0.012855
0 0.983661 0.510473 0.015288 0.014408
0 0.848125 0.798436 0.012131 0.012321
0 0.598167 0.430679 0.011911 0.011926
0 0.583062 0.440301 0.012647 0.012432
0 0.964955 0.590370 0.012469 0.012365
0 0.969015 0.284405 0.013452 0.013306
0 0.114556 0.828651 0.011293 0.011863
0 0.347537 0.295265 0.024317 0.024163
0 0.742730 0.887873 0.011938 0.011942
0 0.061025 0.093861 0.013421 0.013420
0 0.552914 0.363690 0.013185 0.012769
0 0.630094 0.749108 0.013275 0.012944
0 0.938831 0.480987 0.011611 0.011462
0 0.401244 0.894268 0.013102 0.012997
0 0.621446 0.002683 0.011886 0.005365
0 0.973100 0.047094 0.010454 0.010200
0 0.776140 0.416422 0.011559 0.011565
0 0.929719 0.010360 0.012419 0.012737
0 0.597789 0.188580 0.011630 0.011510
0 0.812355 0.651572 0.012823 0.012488
0 0.104525 0.955315 0.012996 0.013182
0 0.636421 0.083205 0.022694 0.022272
0 0.888816 0.573830 0.012673 0.012664
0 0.468744 0.414564 0.011997 0.011954
0 0.148048 0.811870 0.010352 0.009953
0 0.900102 0.080265 0.010052 0.010482
0 0.701844 0.821648 0.019863 0.019727
0 0.451488 0.211297 0.019821 0.019801
0 0.687896 0.870950 0.012656 0.013080
0 0.997504 0.297784 0.004928 0.009935
0 0.004736 0.988927 0.009405 0.012694
0 0.553375 0.374456 0.013727 0.013291
0 0.374601 0.738038 0.020598 0.020005
0 0.378517 0.622716 0.019012 0.018538
0 0.190213 0.962188 0.011073 0.011097
0 0.842983 0.004024 0.009742 0.007856
