0 0.887395 0.285813 0.013918 0.013766
0 0.298089 0.318399 0.013226 0.013030
0 0.681958 0.552202 0.013342 0.013290
0 0.772242 0.371643 0.012642 0.012634
0 0.645778 0.566934 0.013185 0.013083
0 0.391511 0.493586 0.012612 0.012588
0 0.366435 0.439660 0.012554 0.012701
0 0.045131 0.742566 0.012954 0.012567
0 0.149609 0.149832 0.013259 0.013250
0 0.225970 0.206175 0.012956 0.012907
0 0.227974 0.417659 0.013490 0.013450
0 0.422786 0.579686 0.013679 0.013503
0 0.252640 0.085402 0.014070 0.013860
0 0.900399 0.336536 0.012724 0.012792
0 0.513087 0.811073 0.013369 0.013326
0 0.852971 0.656452 0.012074 0.012116
0 0.498832 0.653457 0.012698 0.012628
0 0.192401 0.812775 0.013710 0.013508
0 0.909019 0.519286 0.012892 0.012836
0 0.217041 0.684921 0.013838 0.013709
0 0.349444 0.791320 0.012951 0.012845
0 0.264976 0.700857 0.012719 0.012781
0 0.923019 0.475794 0.012258 0.012194
0 0.623768 0.717060 0.013097 0.013272
0 0.309030 0.137801 0.012445 0.012429
0 0.931754 0.603104 0.014205 0.014142
0 0.117540 0.516823 0.012856 0.012741
0 0.309255 0.563963 0.012623 0.012434
0 0.588324 0.366431 0.012617 0.012538
0 0.473553 0.365678 0.012303 0.012288
0 0.370125 0.089868 0.013251 0.013026
0 0.315860 0.232571 0.012371 0.012308
0 0.509190 0.613935 0.012927 0.012978
0 0.247768 0.547926 0.013371 0.013364
0 0.301363 0.837946 0.013039 0.013046
0 0.826207 0.340288 0.012996 0.012777
0 0.600896 0.272810 0.010753 0.010636
0 0.173012 0.167411 0.013706 0.013704
0 0.205854 0.082732 0.014708 0.014868
0 0.195913 0.575489 0.012566 0.012595
0 0.184976 0.602649 0.012749 0.012676
0 0.938497 0.698882 0.013465 0.013403
0 0.896361 0.247822 0.013781 0.013517
0 0.609740 0.559228 0.012420 0.012518
0 0.090993 0.903574 0.011488 0.011390
0 0.963878 0.538606 0.011867 0.012077
0 0.452697 0.516646 0.012785 0.012782
0 0.482141 0.806778 0.013418 0.013087
0 0.309672 0.392440 0.013312 0.013351
0 0.339161 0.726788 0.012257 0.012281
0 0.566493 0.432246 0.013280 0.013433
0 0.441875 0.484823 0.012126 0.012521
0 0.930496 0.643152 0.014078 0.013996
0 0.574534 0.326763 0.012739 0.012587
0 0.974038 0.756166 0.013762 0.013760
0 0.632183 0.437831 0.013930 0.014037
0 0.931734 0.084235 0.012384 0.012496
0 0.653397 0.342482 0.014511 0.014394
0 0.341964 0.661151 0.013257 0.013158
0 0.393836 0.578565 0.014232 0.014252
0 0.514883 0.373920 0.014258 0.014296
0 0.829418 0.659271 0.013081 0.013023
0 0.193085 0.728401 0.013495 0.013446
0 0.230062 0.884820 0.012601 0.012595
0 0.760652 0.442072 0.012610 0.012685
0 0.335791 0.638923 0.012027 0.012155
0 0.260954 0.270231 0.012307 0.012268
0 0.720994 0.854005 0.011668 0.011792
0 0.610202 0.329240 0.017260 0.017112
0 0.052560 0.808092 0.012500 0.012617
0 0.380739 0.018213 0.014796 0.014512
0 0.952377 0.573158 0.013540 0.013251
0 0.977817 0.657610 0.013618 0.013329
0 0.172689 0.725060 0.013943 0.013972
0 0.962969 0.962462 0.014252 0.014278
0 0.581421 0.778596 0.013063 0.013076
0 0.790317 0.620311 0.012176 0.012356
0 0.012128 0.784129 0.013018 0.013133
0 0.498245 0.706051 0.012237 0.012107
0 0.168968 0.903526 0.011819 0.011541
0 0.498569 0.320272 0.011441 0.011633
0 0.264641 0.889042 0.012037 0.011813
0 0.791754 0.523691 0.013595 0.013647
0 0.062392 0.735270 0.012781 0.012833
0 0.341596 0.530936 0.013801 0.013887
0 0.787097 0.485440 0.012139 0.012066
0 0.021741 0.178042 0.013433 0.012853
0 0.706710 0.697790 0.012070 0.012046
0 0.893804 0.016604 0.013036 0.013088
0 0.772068 0.769369 0.012627 0.012734
0 0.226984 0.355887 0.011520 0.011518
0 0.711012 0.625582 0.012784 0.012621
0 0.284474 0.472262 0.013500 0.013548
0 0.017472 0.343183 0.012840 0.012711
0 0.296744 0.491316 0.012504 0.012754
0 0.521682 0.122978 0.013766 0.013857
0 0.372697 0.675762 0.013220 0.013439
0 0.960611 0.361832 0.012427 0.012709
0 0.970081 0.078626 0.013033 0.013197
0 0.139625 0.295256 0.013242 0.012993
0 0.664369 0.216670 0.011644 0.011557
0 0.330760 0.599944 0.014124 0.013846
0 0.875715 0.698785 0.012626 0.012372
0 0.465471 0.239483 0.011537 0.011485
0 0.120884 0.414930 0.011308 0.010985
0 0.582576 0.134962 0.013733 0.013690
0 0.914167 0.152484 0.012683 0.012567
0 0.204736 0.498446 0.012849 0.013029
0 0.389009 0.072043 0.012527 0.012541
0 0.820651 0.015289 0.012242 0.012449
0 0.752565 0.479222 0.012864 0.012698
0 0.856630 0.384477 0.012999 0.012861
0 0.049386 0.214241 0.013823 0.013808
0 0.482755 0.480270 0.013145 0.013196
0 0.478311 0.706071 0.012123 0.012002
0 0.433741 0.665282 0.012844 0.012922
0 0.166147 0.799427 0.013729 0.013752
0 0.588188 0.746237 0.011625 0.011571
0 0.553309 0.663194 0.012265 0.012397
0 0.142198 0.089920 0.012772 0.012599
0 0.809537 0.137676 0.012778 0.012806
0 0.905943 0.580268 0.013577 0.013298
0 0.405587 0.950525 0.013439 0.013672
0 0.654071 0.135071 0.013135 0.012907
0 0.897397 0.895874 0.012298 0.012357
0 0.037564 0.172940 0.013730 0.013174
0 0.678000 0.312987 0.013417 0.013369
0 0.116463 0.386875 0.013667 0.013494
0 0.253518 0.101317 0.012186 0.012168
0 0.686890 0.359626 0.012406 0.012888
0 0.785065 0.111348 0.013998 0.014125
0 0.977564 0.305143 0.012108 0.011971
0 0.821570 0.955101 0.011632 0.011153
0 0.963346 0.176580 0.011739 0.011643
0 0.780666 0.050510 0.014239 0.014273
0 0.194779 0.364604 0.010700 0.011002
0 0.004003 0.367504 0.007914 0.013892
0 0.961987 0.300899 0.012127 0.012204
0 0.850415 0.710093 0.021898 0.021616
0 0.460436 0.055406 0.015333 0.015464
0 0.463551 0.724232 0.011357 0.011331
0 0.154550 0.471975 0.011922 0.011802
0 0.855784 0.406155 0.011437 0.011128
0 0.573260 0.186565 0.011745 0.011583
0 0.564735 0.472471 0.013769 0.013772
0 0.626895 0.995454 0.012286 0.009091
0 0.195359 0.910321 0.012103 0.011974
0 0.610525 0.826922 0.012548 0.012955
0 0.601439 0.238517 0.013083 0.013060
0 0.744426 0.161695 0.012968 0.013457
0 0.370031 0.145832 0.012857 0.012764
0 0.557774 0.055039 0.013909 0.013914
0 0.529038 0.725629 0.012261 0.012040
0 0.524457 0.751455 0.014020 0.014384
0 0.045062 0.968922 0.011316 0.011345
0 0.561933 0.951399 0.013229 0.013067
0 0.320421 0.615215 0.011931 0.011952
0 0.543215 0.052116 0.018142 0.018018
0 0.723784 0.653252 0.011272 0.011263
0 0.719722 0.265716 0.012611 0.012268
0 0.998015 0.567254 0.003950 0.015541
0 0.078963 0.359964 0.011844 0.011598
0 0.649186 0.048799 0.015519 0.015746
0 0.151429 0.730553 0.013051 0.012803
0 0.204058 0.155919 0.012361 0.012380
0 0.389092 0.653172 0.012251 0.011878
0 0.558440 0.760441 0.012032 0.011521
0 0.777029 0.345822 0.012273 0.012543
0 0.044092 0.313707 0.011897 0.011156
0 0.665415 0.305416 0.012958 0.012589
0 0.480965 0.240100 0.011154 0.011481
0 0.680540 0.340693 0.012023 0.012226
0 0.566133 0.232812 0.011890 0.011318
0 0.363185 0.733807 0.012372 0.012679
0 0.156036 0.458403 0.012510 0.012373
0 0.469141 0.253160 0.012775 0.012671
0 0.440932 0.009072 0.015146 0.015357
0 0.478569 0.013374 0.012067 0.011918
0 0.651092 0.908999 0.012072 0.011590
0 0.345263 0.289963 0.024259 0.024232
0 0.996865 0.566793 0.006270 0.014163
0 0.712802 0.228877 0.010846 0.010539
0 0.961100 0.204955 0.010216 0.010539
0 0.509477 0.468595 0.017049 0.017034
0 0.216793 0.155234 0.014132 0.013891
0 0.168352 0.079489 0.012434 0.012114
0 0.180226 0.383289 0.012572 0.012647
0 0.147122 0.265299 0.013083 0.012720
0 0.995130 0.273165 0.009740 0.015369
0 0.186167 0.361958 0.012875 0.012189
0 0.263172 0.226840 0.016579 0.016650
0 0.252331 0.645950 0.013767 0.013354
