0 0.588096 0.367742 0.013223 0.013146
0 0.222781 0.507785 0.012997 0.012924
0 0.481641 0.817463 0.013196 0.013038
0 0.406826 0.023698 0.012802 0.012628
0 0.298575 0.318418 0.013531 0.013428
0 0.819838 0.504268 0.012875 0.012817
0 0.681756 0.261305 0.012923 0.012855
0 0.742438 0.527701 0.013211 0.013165
0 0.186028 0.362658 0.012433 0.012443
0 0.155710 0.472596 0.012271 0.012193
0 0.852645 0.656904 0.012349 0.012365
0 0.905739 0.438868 0.013704 0.013403
0 0.851977 0.315543 0.012174 0.012131
0 0.272248 0.598974 0.013848 0.013777
0 0.722719 0.506813 0.013977 0.013885
0 0.314077 0.132797 0.013212 0.013274
0 0.597481 0.586120 0.012135 0.012154
0 0.219957 0.303666 0.012052 0.011967
0 0.594134 0.474199 0.014330 0.014353
0 0.365917 0.439143 0.012695 0.012399
0 0.441782 0.586285 0.013237 0.013061
0 0.984123 0.387481 0.012393 0.012072
0 0.140873 0.271368 0.013243 0.013320
0 0.096488 0.896889 0.011437 0.011330
0 0.473283 0.365479 0.012380 0.012362
0 0.479884 0.720401 0.011997 0.011577
0 0.305347 0.051409 0.013955 0.013591
0 0.871306 0.260266 0.013174 0.013136
0 0.773445 0.116136 0.014760 0.014661
0 0.450355 0.474250 0.012933 0.013133
0 0.349823 0.791068 0.012678 0.012699
0 0.623708 0.716975 0.012924 0.012961
0 0.909263 0.518838 0.013064 0.013111
0 0.236241 0.279848 0.013834 0.013846
0 0.222844 0.734745 0.013847 0.013477
0 0.644530 0.594669 0.012298 0.012200
0 0.089896 0.233840 0.012796 0.012394
0 0.821058 0.567800 0.011364 0.011319
0 0.067254 0.189000 0.012940 0.012829
0 0.413674 0.579938 0.014095 0.014194
0 0.939013 0.698655 0.013607 0.013626
0 0.173260 0.162699 0.012168 0.012034
0 0.461566 0.428426 0.012529 0.012405
0 0.511293 0.573308 0.012579 0.012792
0 0.945557 0.602548 0.012664 0.012572
0 0.908860 0.630519 0.014847 0.014725
0 0.759019 0.480639 0.012791 0.012631
0 0.632560 0.283831 0.011052 0.010811
0 0.610565 0.329225 0.017241 0.017186
0 0.965547 0.890147 0.012766 0.012941
0 0.783269 0.029652 0.014051 0.014019
0 0.914090 0.299984 0.013400 0.013312
0 0.516985 0.967658 0.012605 0.012486
0 0.565108 0.894481 0.014274 0.014230
0 0.390809 0.493894 0.012063 0.011962
0 0.401961 0.091158 0.011746 0.011954
0 0.776633 0.662010 0.013056 0.013006
0 0.814784 0.081507 0.013262 0.013238
0 0.795972 0.632804 0.014430 0.014387
0 0.230059 0.884669 0.012524 0.012280
0 0.858141 0.387037 0.013640 0.013494
0 0.522357 0.420141 0.014471 0.014749
0 0.336831 0.638665 0.011771 0.011750
0 0.118565 0.517332 0.013065 0.012945
0 0.702668 0.393563 0.013223 0.013145
0 0.896112 0.489371 0.012804 0.012783
0 0.145608 0.926645 0.011599 0.011269
0 0.877958 0.611442 0.011881 0.011614
0 0.857693 0.797653 0.012444 0.012305
0 0.934753 0.647304 0.013970 0.013917
0 0.103350 0.802340 0.013721 0.013681
0 0.854755 0.512838 0.013258 0.013360
0 0.670309 0.839295 0.012735 0.012854
0 0.309668 0.563350 0.012039 0.011879
0 0.491748 0.270933 0.013780 0.013780
0 0.429145 0.727462 0.012510 0.012275
0 0.288414 0.472558 0.013417 0.013291
0 0.172157 0.794497 0.013691 0.013785
0 0.822874 0.920179 0.013121 0.013154
0 0.394553 0.242120 0.012298 0.012136
0 0.480090 0.237755 0.011996 0.012067
0 0.693037 0.778923 0.012213 0.011975
0 0.136237 0.080579 0.013077 0.013080
0 0.913358 0.143999 0.013268 0.012986
0 0.274251 0.797678 0.014336 0.014328
0 0.031602 0.626372 0.014501 0.014795
0 0.990658 0.799571 0.013388 0.013235
0 0.211195 0.794493 0.012641 0.012482
0 0.167121 0.537360 0.013912 0.014029
0 0.255943 0.264981 0.014567 0.014407
0 0.836171 0.730377 0.014029 0.013875
0 0.951702 0.560826 0.014202 0.014032
0 0.675586 0.484285 0.013024 0.012894
0 0.619982 0.250612 0.012077 0.012285
0 0.327109 0.243063 0.012914 0.012570
0 0.190165 0.588547 0.011962 0.011745
0 0.310625 0.867967 0.011865 0.011732
0 0.483288 0.476516 0.013269 0.013046
0 0.212062 0.230050 0.013181 0.013051
0 0.134477 0.294443 0.013825 0.013697
0 0.554788 0.628435 0.011400 0.011491
0 0.820854 0.015161 0.012659 0.012964
0 0.908351 0.576552 0.012028 0.011983
0 0.521407 0.122516 0.013285 0.013341
0 0.591144 0.662201 0.012361 0.012138
0 0.784897 0.570509 0.012496 0.012538
0 0.291211 0.664516 0.013637 0.013426
0 0.184811 0.093840 0.013737 0.013652
0 0.360587 0.383928 0.012323 0.012294
0 0.176065 0.316884 0.011910 0.011918
0 0.092582 0.757550 0.012415 0.012418
0 0.232162 0.719307 0.013069 0.013083
0 0.748994 0.144226 0.013001 0.012949
0 0.962444 0.176115 0.011314 0.011519
0 0.557751 0.576882 0.012625 0.012730
0 0.977380 0.304042 0.012041 0.011963
0 0.422153 0.948640 0.013396 0.013357
0 0.271747 0.658230 0.012079 0.012297
0 0.530577 0.268543 0.012878 0.012381
0 0.461454 0.055082 0.015655 0.015459
0 0.225699 0.357330 0.011201 0.011027
0 0.108057 0.123818 0.013748 0.013405
0 0.024363 0.229130 0.013206 0.013140
0 0.120242 0.416064 0.011356 0.011174
0 0.359337 0.604729 0.012633 0.012726
0 0.150770 0.805729 0.012464 0.012391
0 0.457852 0.220485 0.013387 0.013416
0 0.997089 0.893945 0.005763 0.012564
0 0.348412 0.593248 0.012734 0.012748
0 0.478592 0.013799 0.012529 0.012438
0 0.034244 0.713685 0.012584 0.013311
0 0.875525 0.699174 0.012726 0.012498
0 0.553413 0.265748 0.012943 0.012762
0 0.563309 0.951846 0.013345 0.012918
0 0.196006 0.849207 0.011480 0.011439
0 0.102942 0.675846 0.011624 0.011743
0 0.290879 0.154257 0.012506 0.012886
0 0.400126 0.137588 0.013039 0.012874
0 0.974772 0.334867 0.011955 0.011824
0 0.129738 0.248631 0.012944 0.012853
0 0.391732 0.881306 0.014760 0.014417
0 0.337809 0.680312 0.011707 0.011606
0 0.603258 0.858526 0.012149 0.011862
0 0.026847 0.810281 0.012145 0.012226
0 0.565379 0.472727 0.013562 0.013616
0 0.165365 0.416330 0.011109 0.011069
0 0.407585 0.120438 0.013291 0.013454
0 0.039962 0.322298 0.013471 0.013422
0 0.590851 0.746445 0.012038 0.012130
0 0.524835 0.749897 0.014099 0.014069
0 0.052913 0.839410 0.012906 0.013112
0 0.357829 0.103177 0.012153 0.012817
0 0.627790 0.223258 0.013239 0.013355
0 0.369794 0.090441 0.012858 0.012994
0 0.894705 0.264060 0.013284 0.013505
0 0.531637 0.491357 0.013557 0.013561
0 0.826707 0.321161 0.012436 0.012148
0 0.439763 0.995347 0.011849 0.009294
0 0.073111 0.991882 0.014475 0.014193
0 0.689964 0.333556 0.013928 0.013934
0 0.335948 0.679913 0.011953 0.011822
0 0.556597 0.055058 0.013761 0.014049
0 0.154010 0.728746 0.014021 0.014204
0 0.002674 0.679357 0.005323 0.014136
0 0.194814 0.909192 0.010178 0.009904
0 0.128972 0.036970 0.015040 0.014696
0 0.724362 0.276616 0.010984 0.010830
0 0.991452 0.246221 0.012892 0.012641
0 0.346234 0.290792 0.024546 0.024377
0 0.965985 0.240094 0.011790 0.011910
0 0.543306 0.052175 0.017478 0.017008
0 0.046858 0.130993 0.013704 0.014053
0 0.688021 0.335654 0.013757 0.013021
0 0.529719 0.725363 0.012915 0.012610
0 0.931157 0.325835 0.011298 0.010772
0 0.509051 0.467304 0.017902 0.017060
0 0.709146 0.845325 0.011443 0.011567
0 0.821527 0.309336 0.011670 0.011630
0 0.794153 0.600257 0.012511 0.012198
0 0.580266 0.421779 0.010806 0.011296
0 0.472607 0.980314 0.011213 0.010907
0 0.850004 0.709727 0.022183 0.021673
0 0.248549 0.409246 0.010991 0.010871
0 0.558492 0.750703 0.012666 0.012452
0 0.663968 0.217671 0.011388 0.011329
0 0.958759 0.977360 0.009225 0.009402
0 0.194734 0.911208 0.010258 0.010135
0 0.582113 0.424672 0.012488 0.012619
0 0.676766 0.284485 0.012434 0.012318
0 0.685532 0.336840 0.011444 0.011789
0 0.025903 0.811877 0.012371 0.012493
0 0.653063 0.342974 0.014406 0.014163
0 0.352122 0.423277 0.011046 0.010804
