0 0.501124 0.250411 0.012700 0.012765
0 0.745573 0.484669 0.012754 0.012639
0 0.959332 0.368121 0.012585 0.012577
0 0.319764 0.425369 0.012222 0.012008
0 0.080291 0.348837 0.012566 0.012438
0 0.763587 0.649984 0.013004 0.012908
0 0.700960 0.862848 0.013834 0.013778
0 0.104608 0.390891 0.013544 0.013373
0 0.273752 0.764531 0.012765 0.012618
0 0.665086 0.056616 0.013859 0.013918
0 0.215036 0.360098 0.012612 0.012617
0 0.720805 0.662114 0.013324 0.013090
0 0.819526 0.624196 0.013449 0.013475
0 0.220907 0.234298 0.013689 0.013643
0 0.043182 0.493581 0.013936 0.013905
0 0.384988 0.456238 0.013902 0.014133
0 0.456971 0.960933 0.013035 0.012842
0 0.156980 0.705455 0.013473 0.013468
0 0.524276 0.581718 0.012191 0.012063
0 0.853280 0.873621 0.012275 0.012083
0 0.878469 0.495479 0.011862 0.011781
0 0.037349 0.858599 0.012513 0.012382
0 0.476677 0.075608 0.012699 0.012818
0 0.489680 0.216985 0.014187 0.014094
0 0.520364 0.117654 0.012634 0.012786
0 0.545988 0.208068 0.013036 0.012960
0 0.890968 0.794163 0.013328 0.013303
0 0.748545 0.618551 0.013292 0.013032
0 0.562758 0.596810 0.011948 0.011886
0 0.108807 0.980809 0.013548 0.013543
0 0.632319 0.074617 0.012894 0.012810
0 0.958997 0.815220 0.012300 0.012130
0 0.405814 0.443838 0.013819 0.013538
0 0.275490 0.511297 0.013318 0.013164
0 0.619611 0.782717 0.013792 0.013797
0 0.787302 0.779357 0.012933 0.012762
0 0.505028 0.848698 0.013475 0.013730
0 0.897110 0.410000 0.011769 0.011704
0 0.972147 0.258437 0.012555 0.012525
0 0.185053 0.891700 0.012694 0.012705
0 0.278756 0.803806 0.013445 0.013594
0 0.278959 0.162668 0.013080 0.013128
0 0.397615 0.297659 0.011518 0.011420
0 0.336135 0.711226 0.010801 0.010731
0 0.255305 0.220503 0.013990 0.013999
0 0.507918 0.384313 0.012966 0.012864
0 0.519794 0.707989 0.013738 0.013814
0 0.400844 0.146291 0.013457 0.013613
0 0.331272 0.518631 0.012450 0.012177
0 0.380396 0.667340 0.013144 0.013219
0 0.700911 0.842633 0.012274 0.012086
0 0.541344 0.973568 0.011415 0.011235
0 0.195808 0.016196 0.012786 0.013105
0 0.742081 0.675642 0.012073 0.012179
0 0.242200 0.051182 0.012656 0.012216
0 0.190523 0.061667 0.013189 0.013197
0 0.441640 0.059038 0.011947 0.012003
0 0.787233 0.943820 0.013744 0.013344
0 0.065083 0.673413 0.010628 0.010597
0 0.699742 0.645601 0.013538 0.013740
0 0.077477 0.632314 0.011744 0.011972
0 0.225976 0.466147 0.012730 0.012539
0 0.215814 0.447776 0.012287 0.012178
0 0.741208 0.335722 0.014234 0.014251
0 0.145532 0.637286 0.012403 0.012215
0 0.959999 0.665875 0.012673 0.012805
0 0.883248 0.364203 0.013598 0.013594
0 0.526124 0.348578 0.013023 0.012944
0 0.342675 0.005843 0.012515 0.011477
0 0.507022 0.824324 0.012202 0.012159
0 0.219634 0.160316 0.014503 0.014333
0 0.027799 0.958921 0.013275 0.013149
0 0.424355 0.805015 0.012428 0.012702
0 0.624541 0.654916 0.013825 0.013781
0 0.593040 0.334179 0.013161 0.013138
0 0.435621 0.287625 0.013409 0.013472
0 0.343106 0.658046 0.013500 0.013427
0 0.450750 0.749941 0.012203 0.011593
0 0.225237 0.650880 0.012555 0.012265
0 0.555863 0.483161 0.011957 0.011807
0 0.427978 0.468621 0.013267 0.013293
0 0.282857 0.212749 0.013179 0.013329
0 0.879588 0.623939 0.013330 0.013384
0 0.784414 0.630685 0.012939 0.013265
0 0.731739 0.532880 0.012865 0.012921
0 0.203199 0.699919 0.012026 0.011841
0 0.295237 0.750689 0.013093 0.013262
0 0.078608 0.147815 0.014161 0.014047
0 0.510185 0.921161 0.012252 0.012220
0 0.619622 0.566564 0.011777 0.012046
0 0.762240 0.939828 0.012324 0.012080
0 0.292768 0.836700 0.011302 0.011257
0 0.039468 0.607984 0.011029 0.011194
0 0.403825 0.885576 0.012586 0.012576
0 0.848256 0.711513 0.022975 0.022959
0 0.226968 0.002531 0.011777 0.005062
0 0.921385 0.006733 0.013730 0.012921
0 0.020072 0.278388 0.012856 0.012899
0 0.570912 0.951314 0.012598 0.012672
0 0.494926 0.543535 0.013400 0.013153
0 0.124121 0.380826 0.013202 0.012819
0 0.770919 0.921641 0.011854 0.011671
0 0.592465 0.996540 0.011735 0.006860
0 0.777720 0.004129 0.012677 0.008241
0 0.382396 0.916541 0.012302 0.011978
0 0.403681 0.071909 0.010853 0.011085
0 0.695251 0.350625 0.012387 0.012468
0 0.774501 0.004067 0.010770 0.008134
