0 0.873000 0.819704 0.013105 0.012611
0 0.370963 0.149645 0.013527 0.013455
0 0.080262 0.692228 0.012816 0.012625
0 0.944030 0.384922 0.012868 0.013111
0 0.179683 0.375094 0.013327 0.013128
0 0.153578 0.653969 0.011896 0.011865
0 0.333971 0.475375 0.012526 0.012451
0 0.433930 0.726868 0.012335 0.012397
0 0.788988 0.902540 0.012652 0.012823
0 0.711014 0.840961 0.014202 0.014039
0 0.723291 0.867658 0.012395 0.012560
0 0.342562 0.644465 0.013184 0.013190
0 0.837624 0.888246 0.012416 0.012440
0 0.425652 0.466575 0.013230 0.013131
0 0.236724 0.051047 0.013691 0.013392
0 0.931796 0.428743 0.011707 0.011575
0 0.718404 0.734278 0.012931 0.012877
0 0.928954 0.796216 0.013047 0.012850
0 0.456824 0.960045 0.013192 0.013081
0 0.161463 0.496072 0.011843 0.011733
0 0.587571 0.398789 0.012756 0.012749
0 0.709406 0.590923 0.013633 0.013611
0 0.386228 0.501159 0.012290 0.012202
0 0.505595 0.724843 0.013522 0.013861
0 0.972017 0.260355 0.013113 0.013111
0 0.168668 0.129857 0.013396 0.013494
0 0.289150 0.808528 0.012891 0.012804
0 0.051986 0.707543 0.012826 0.012790
0 0.420678 0.484524 0.011642 0.011683
0 0.615209 0.975303 0.012433 0.012605
0 0.223205 0.469703 0.012861 0.012927
0 0.100290 0.130087 0.013439 0.013302
0 0.331646 0.518328 0.012648 0.012616
0 0.604270 0.945560 0.012870 0.012833
0 0.735708 0.641606 0.011982 0.011867
0 0.544729 0.357410 0.013382 0.013377
0 0.300283 0.688576 0.011625 0.011892
0 0.486055 0.745643 0.012861 0.012799
0 0.114181 0.314379 0.014047 0.013968
0 0.829823 0.636985 0.012095 0.012176
0 0.969711 0.368892 0.012297 0.012196
0 0.592266 0.660147 0.012238 0.012201
0 0.649206 0.061303 0.013523 0.013391
0 0.272124 0.490212 0.012157 0.012047
0 0.210720 0.448253 0.013157 0.013175
0 0.374826 0.268734 0.012293 0.012143
0 0.300710 0.581484 0.012446 0.012023
0 0.836236 0.618837 0.013671 0.013334
0 0.165038 0.707276 0.012802 0.012838
0 0.541277 0.973582 0.011813 0.011647
0 0.574511 0.603935 0.012610 0.012591
0 0.748732 0.618067 0.013484 0.013400
0 0.374062 0.825259 0.012221 0.011988
0 0.241242 0.178933 0.013381 0.013597
0 0.078129 0.493488 0.013277 0.013152
0 0.524784 0.237286 0.013644 0.013816
0 0.022441 0.559046 0.011368 0.011340
0 0.581840 0.841308 0.011843 0.011860
0 0.460891 0.260461 0.014117 0.014276
0 0.006426 0.258883 0.012692 0.013979
0 0.525936 0.348664 0.012921 0.012725
0 0.790009 0.986326 0.012457 0.012708
0 0.724531 0.688553 0.013142 0.012811
0 0.494799 0.543882 0.013692 0.013534
0 0.601903 0.584986 0.012363 0.012285
0 0.225198 0.651197 0.012819 0.012444
0 0.764613 0.849486 0.013474 0.013391
0 0.159794 0.234312 0.013591 0.013243
0 0.618294 0.933003 0.012416 0.012023
0 0.596974 0.355944 0.011344 0.011293
0 0.691427 0.304308 0.013325 0.013264
0 0.478504 0.060122 0.012509 0.012405
0 0.124460 0.385781 0.013915 0.013844
0 0.102384 0.011214 0.012006 0.011817
0 0.780148 0.622007 0.012519 0.012226
0 0.882173 0.361874 0.013103 0.013160
0 0.244418 0.694333 0.010999 0.011332
0 0.317371 0.855565 0.011571 0.011467
0 0.025551 0.960253 0.012578 0.012461
0 0.529145 0.365755 0.011562 0.011891
0 0.488656 0.509603 0.012893 0.012849
0 0.108701 0.981183 0.013201 0.013369
0 0.967567 0.638658 0.013867 0.013938
0 0.798376 0.795779 0.011645 0.011656
0 0.474468 0.170389 0.013398 0.013225
0 0.443927 0.371563 0.012043 0.011829
0 0.849485 0.711190 0.022706 0.022618
0 0.281273 0.202459 0.011476 0.011615
0 0.185893 0.891877 0.012925 0.012974
0 0.997693 0.869603 0.004563 0.013165
0 0.450673 0.091899 0.013010 0.012949
0 0.325626 0.797768 0.012067 0.012224
0 0.772681 0.013342 0.013334 0.013392
0 0.255119 0.223020 0.012067 0.011586
0 0.625988 0.079603 0.013691 0.013482
0 0.627322 0.057226 0.011725 0.011734
0 0.551770 0.208334 0.013324 0.013301
0 0.702846 0.454897 0.011371 0.011317
0 0.026072 0.865058 0.011462 0.011517
0 0.532476 0.628839 0.023923 0.024116
0 0.230937 0.837279 0.012073 0.011712
0 0.002938 0.064966 0.005822 0.012512
0 0.422004 0.556503 0.013214 0.013536
0 0.491685 0.788104 0.012845 0.013052
0 0.401877 0.571361 0.010348 0.010231
0 0.647061 0.444374 0.010000 0.009900
0 0.416621 0.006844 0.014277 0.013121
0 0.442654 0.897328 0.011159 0.010870
0 0.879561 0.662105 0.012746 0.012744
0 0.370379 0.867660 0.012489 0.012391
0 0.160278 0.697792 0.011288 0.011264
0 0.002415 0.063809 0.004730 0.012647
0 0.785735 0.921576 0.014146 0.014052
0 0.928314 0.582442 0.013398 0.013573
0 0.444227 0.780209 0.012704 0.012935
0 0.345809 0.290746 0.024878 0.024988
0 0.568507 0.084701 0.012247 0.012101
