0 0.808768 0.313555 0.012546 0.012468
0 0.942653 0.854916 0.013999 0.013939
0 0.905114 0.430095 0.012511 0.012698
0 0.369854 0.089660 0.013023 0.012846
0 0.366714 0.439529 0.012552 0.012382
0 0.471605 0.515502 0.012177 0.012105
0 0.342307 0.234520 0.012490 0.012410
0 0.391138 0.492922 0.012384 0.012413
0 0.480430 0.210425 0.012931 0.012874
0 0.220888 0.736367 0.012855 0.012527
0 0.403835 0.644410 0.012324 0.012387
0 0.260600 0.182282 0.012991 0.013010
0 0.957600 0.546651 0.012357 0.012243
0 0.756802 0.499049 0.014464 0.014401
0 0.677879 0.768666 0.012326 0.012092
0 0.206104 0.754482 0.013828 0.013658
0 0.892691 0.371517 0.012408 0.012449
0 0.185896 0.362362 0.012824 0.012998
0 0.298939 0.318606 0.013438 0.013138
0 0.556461 0.443947 0.012699 0.012767
0 0.608946 0.536662 0.012749 0.012785
0 0.939004 0.698862 0.013601 0.013546
0 0.809908 0.958518 0.013403 0.013301
0 0.292426 0.853925 0.012780 0.012705
0 0.155655 0.473029 0.012412 0.012390
0 0.721489 0.668060 0.012923 0.012783
0 0.946633 0.335258 0.012584 0.012599
0 0.347469 0.688832 0.012330 0.012383
0 0.450385 0.475108 0.012867 0.013034
0 0.473359 0.365551 0.011961 0.011932
0 0.911166 0.632708 0.012811 0.013448
0 0.243843 0.611914 0.012107 0.012157
0 0.517139 0.381350 0.014023 0.014087
0 0.397416 0.356607 0.011551 0.011506
0 0.587774 0.370010 0.012612 0.012563
0 0.520873 0.122938 0.013223 0.013170
0 0.229081 0.884477 0.012423 0.012162
0 0.949356 0.613124 0.011394 0.011498
0 0.474784 0.428834 0.013873 0.013706
0 0.132035 0.076634 0.012548 0.012554
0 0.470849 0.724997 0.012414 0.012220
0 0.878651 0.305334 0.013438 0.013635
0 0.479971 0.237974 0.012035 0.012246
0 0.136349 0.912606 0.012601 0.012513
0 0.336671 0.638641 0.011786 0.011700
0 0.399306 0.694170 0.013180 0.013064
0 0.966776 0.397628 0.012058 0.012181
0 0.303061 0.724633 0.012731 0.012516
0 0.217194 0.319295 0.012082 0.011980
0 0.512437 0.572445 0.012521 0.012287
0 0.437720 0.148550 0.012584 0.012577
0 0.849817 0.835846 0.012806 0.012843
0 0.883698 0.329521 0.013433 0.013406
0 0.623774 0.716477 0.012832 0.012845
0 0.602412 0.731639 0.013222 0.013066
0 0.938765 0.624541 0.014325 0.014401
0 0.851762 0.654657 0.011353 0.011123
0 0.102946 0.079594 0.013232 0.013411
0 0.477036 0.705451 0.011595 0.011376
0 0.484981 0.966045 0.012035 0.012025
0 0.667300 0.793291 0.011990 0.011984
0 0.320261 0.178154 0.012142 0.012217
0 0.814773 0.648467 0.013309 0.013240
0 0.795498 0.566335 0.013597 0.013430
0 0.596735 0.451009 0.014421 0.014434
0 0.491841 0.532695 0.012803 0.012807
0 0.555768 0.656080 0.013278 0.013236
0 0.282934 0.196130 0.012547 0.012421
0 0.310274 0.562970 0.012466 0.012587
0 0.117700 0.516944 0.012503 0.012393
0 0.610723 0.328892 0.017023 0.017034
0 0.773025 0.372974 0.013706 0.013615
0 0.297677 0.536708 0.013951 0.013900
0 0.478625 0.589665 0.012468 0.012175
0 0.372138 0.593778 0.013908 0.013957
0 0.326780 0.456978 0.011953 0.012123
0 0.210190 0.158431 0.011391 0.011322
0 0.258300 0.086587 0.012220 0.012080
0 0.097962 0.897164 0.011338 0.011344
0 0.883734 0.542834 0.010246 0.009914
0 0.280454 0.406160 0.012626 0.012623
0 0.909109 0.519201 0.013264 0.013289
0 0.759266 0.479949 0.013581 0.013519
0 0.150375 0.028650 0.012918 0.012798
0 0.896880 0.261117 0.013633 0.013631
0 0.459493 0.839883 0.011907 0.011848
0 0.552181 0.575804 0.011192 0.011014
0 0.341653 0.551513 0.012501 0.012453
0 0.370711 0.040898 0.011414 0.011828
0 0.907923 0.597528 0.011881 0.011862
0 0.528717 0.457919 0.011911 0.012015
0 0.874205 0.417412 0.013438 0.013328
0 0.860400 0.390851 0.014064 0.013707
0 0.913788 0.145525 0.012957 0.012565
0 0.670913 0.528475 0.013121 0.012868
0 0.099900 0.229444 0.013650 0.013592
0 0.347254 0.182278 0.014541 0.014530
0 0.322360 0.605565 0.012268 0.012087
0 0.297589 0.870876 0.011906 0.011967
0 0.912691 0.754188 0.011621 0.011684
0 0.768870 0.073559 0.013359 0.013290
0 0.767043 0.102828 0.012857 0.013023
0 0.740983 0.111861 0.014685 0.014702
0 0.623078 0.270492 0.014124 0.014187
0 0.717681 0.687401 0.012489 0.012804
0 0.554422 0.263572 0.012816 0.012578
0 0.447134 0.727993 0.011419 0.011199
0 0.172332 0.524325 0.012709 0.012998
0 0.154011 0.140619 0.014160 0.013689
0 0.897008 0.580372 0.015326 0.014791
0 0.275028 0.323841 0.013760 0.013810
0 0.562801 0.951335 0.012915 0.012554
0 0.243350 0.094476 0.012369 0.012302
0 0.875212 0.698667 0.011881 0.011828
0 0.257404 0.292112 0.012922 0.012932
0 0.523023 0.753139 0.013929 0.013902
0 0.478051 0.013772 0.012876 0.012790
0 0.976485 0.303523 0.012477 0.012230
0 0.108639 0.645707 0.012189 0.011967
0 0.538322 0.056439 0.013764 0.013667
0 0.120022 0.415746 0.011286 0.011055
0 0.034285 0.183182 0.013513 0.013564
0 0.134888 0.347558 0.013222 0.012938
0 0.788944 0.597584 0.011981 0.011691
0 0.226242 0.357632 0.011399 0.011331
0 0.937787 0.288192 0.012688 0.012824
0 0.097813 0.508586 0.013089 0.012892
0 0.842676 0.685961 0.014438 0.014419
0 0.152757 0.730647 0.013550 0.013504
0 0.762932 0.418832 0.013471 0.013863
0 0.705277 0.849630 0.011144 0.010923
0 0.421507 0.584260 0.013862 0.013421
0 0.122696 0.844366 0.012644 0.012099
0 0.345638 0.857701 0.011104 0.011040
0 0.664338 0.216369 0.011908 0.011812
0 0.961904 0.175639 0.010960 0.010933
0 0.631973 0.287621 0.010983 0.010643
0 0.558079 0.761451 0.011618 0.011732
0 0.992617 0.934711 0.014765 0.015745
0 0.500258 0.914245 0.011724 0.011658
0 0.412189 0.076944 0.013787 0.013434
0 0.620081 0.221306 0.011409 0.011221
0 0.185924 0.823198 0.011709 0.011723
0 0.533517 0.308918 0.013160 0.012187
0 0.623938 0.192123 0.012938 0.012936
0 0.850369 0.709231 0.021252 0.020688
0 0.567542 0.471401 0.013200 0.012846
0 0.809292 0.100496 0.014306 0.014190
0 0.928095 0.267083 0.012315 0.012104
0 0.139826 0.271692 0.012730 0.012391
0 0.109279 0.993089 0.010970 0.010832
0 0.168870 0.143866 0.011575 0.012172
0 0.595948 0.900342 0.012562 0.012276
0 0.996809 0.541555 0.006382 0.014151
0 0.103771 0.131954 0.013748 0.013467
0 0.836368 0.930058 0.011516 0.011435
0 0.525209 0.723615 0.013441 0.013338
0 0.102095 0.770031 0.012471 0.012613
0 0.559173 0.054063 0.013666 0.013783
0 0.549842 0.335524 0.012311 0.012160
0 0.062687 0.753688 0.012383 0.012589
0 0.940746 0.623249 0.015712 0.015328
0 0.501857 0.867171 0.010775 0.010442
0 0.488426 0.687165 0.011655 0.011728
0 0.249036 0.275313 0.013628 0.013470
0 0.487479 0.992981 0.011579 0.011618
0 0.461679 0.055112 0.015248 0.015494
0 0.355659 0.802533 0.012610 0.012570
0 0.810966 0.576464 0.012360 0.012071
0 0.687608 0.343880 0.012278 0.012418
0 0.410062 0.960161 0.011614 0.011485
0 0.073309 0.559167 0.012240 0.012203
0 0.602216 0.238184 0.013068 0.013210
0 0.810831 0.010133 0.012993 0.012883
0 0.101839 0.737388 0.012959 0.012900
0 0.183293 0.388529 0.012419 0.012347
0 0.225402 0.462929 0.014351 0.014717
0 0.531401 0.630118 0.023457 0.023319
0 0.991165 0.244536 0.012168 0.012141
0 0.301539 0.585242 0.011509 0.011456
0 0.508412 0.468842 0.016889 0.016340
0 0.569041 0.417317 0.009819 0.009515
0 0.193209 0.400284 0.014066 0.013965
0 0.543592 0.472183 0.017539 0.016604
0 0.754533 0.348496 0.013091 0.013011
0 0.430021 0.996830 0.011860 0.006295
0 0.137866 0.724850 0.012048 0.011584
0 0.195926 0.910069 0.010414 0.010568
0 0.431606 0.997288 0.012001 0.005404
0 0.590903 0.746156 0.011563 0.011491
0 0.922268 0.533792 0.011696 0.011506
0 0.685858 0.342663 0.013204 0.012563
0 0.040013 0.321167 0.013102 0.013190
0 0.143362 0.089615 0.012805 0.012264
0 0.359210 0.470439 0.011953 0.012312
0 0.010560 0.419403 0.009983 0.010191
0 0.998043 0.757885 0.003894 0.012144
0 0.535397 0.933199 0.013247 0.013477
0 0.566769 0.231838 0.012176 0.011296
0 0.998180 0.223153 0.003613 0.010390
0 0.820602 0.013640 0.011965 0.012415
