0 0.292212 0.480343 0.015513 0.015515
0 0.280538 0.433160 0.014290 0.014187
0 0.067094 0.295566 0.013617 0.013416
0 0.516726 0.382531 0.014585 0.014519
0 0.912549 0.313761 0.013656 0.013904
0 0.844192 0.356157 0.014159 0.014265
0 0.256096 0.249028 0.014405 0.014313
0 0.385264 0.697342 0.013498 0.013434
0 0.860404 0.658741 0.013943 0.013909
0 0.718675 0.402293 0.013797 0.013597
0 0.067763 0.543843 0.014654 0.014703
0 0.887693 0.390985 0.013800 0.013899
0 0.297784 0.748049 0.016221 0.016363
0 0.609462 0.390239 0.014396 0.014627
0 0.275678 0.807759 0.013779 0.014017
0 0.325246 0.949412 0.013813 0.013810
0 0.324914 0.021889 0.014279 0.014346
0 0.224936 0.342703 0.013880 0.013943
0 0.835300 0.984436 0.015036 0.015208
0 0.295837 0.242592 0.014860 0.014765
0 0.171002 0.463679 0.014128 0.013949
0 0.147090 0.112021 0.015989 0.016051
0 0.805860 0.975666 0.014995 0.015017
0 0.983224 0.908584 0.014704 0.014906
0 0.268388 0.594466 0.013756 0.013950
0 0.691829 0.055520 0.015004 0.015207
0 0.652420 0.487327 0.013746 0.013944
0 0.053531 0.045681 0.014841 0.014894
0 0.066339 0.473808 0.014566 0.014439
0 0.054569 0.109564 0.014855 0.014709
0 0.952036 0.941536 0.014256 0.014126
0 0.275065 0.111885 0.013987 0.013943
0 0.528141 0.536528 0.014508 0.014703
0 0.966748 0.741166 0.014297 0.014279
0 0.216241 0.707630 0.013797 0.013887
0 0.597687 0.902433 0.016760 0.016848
0 0.204917 0.627843 0.013038 0.012735
0 0.377250 0.842862 0.014016 0.014204
0 0.793773 0.557675 0.015599 0.015518
0 0.865468 0.828813 0.013672 0.013629
0 0.060267 0.263305 0.015291 0.015419
0 0.586887 0.434216 0.013867 0.013659
0 0.221486 0.039727 0.014222 0.014394
0 0.406678 0.552070 0.014249 0.014375
0 0.076596 0.827747 0.014042 0.013926
0 0.737047 0.617451 0.014758 0.014924
0 0.492843 0.649083 0.013988 0.013910
0 0.232523 0.786785 0.014218 0.014174
0 0.013090 0.199561 0.013169 0.013479
0 0.510790 0.304239 0.014657 0.014217
0 0.672094 0.263446 0.013721 0.013830
0 0.315907 0.370934 0.015595 0.015389
0 0.900613 0.806816 0.014390 0.014353
0 0.077495 0.747647 0.014487 0.014505
0 0.776444 0.265235 0.014813 0.014920
0 0.052390 0.604917 0.014924 0.014956
0 0.490624 0.241278 0.013717 0.013470
0 0.966264 0.070865 0.013772 0.013814
0 0.674443 0.531061 0.014685 0.014464
0 0.766909 0.683598 0.014113 0.013981
0 0.928093 0.670458 0.013533 0.013576
0 0.353516 0.126841 0.014319 0.014754
0 0.359193 0.605393 0.013689 0.013521
0 0.218932 0.521283 0.014485 0.014018
0 0.937949 0.645869 0.018249 0.017764
0 0.759245 0.546888 0.013961 0.013808
0 0.848543 0.719697 0.021613 0.021179
0 0.955606 0.887865 0.015605 0.015668
0 0.169283 0.501790 0.015556 0.015355
0 0.607492 0.561565 0.014286 0.014285
0 0.356856 0.332227 0.014892 0.014991
0 0.758799 0.365187 0.014630 0.014509
0 0.467059 0.754161 0.015120 0.014814
0 0.758751 0.495902 0.012904 0.013149
0 0.127216 0.839781 0.014329 0.014701
0 0.204297 0.569262 0.015640 0.015373
0 0.672570 0.406923 0.014763 0.014796
0 0.787547 0.462084 0.013890 0.013880
0 0.565699 0.628901 0.015328 0.015512
0 0.699246 0.129106 0.014618 0.014566
0 0.410823 0.279367 0.015104 0.015341
0 0.906665 0.257445 0.013528 0.013555
0 0.737103 0.018340 0.013617 0.013616
0 0.841504 0.810736 0.013630 0.013469
0 0.908433 0.983103 0.014597 0.014785
0 0.709983 0.181125 0.015091 0.014915
0 0.920831 0.145687 0.017699 0.017163
0 0.372026 0.958554 0.013267 0.012992
0 0.004692 0.945714 0.009146 0.011011
0 0.593941 0.174874 0.013954 0.014228
0 0.396240 0.758017 0.012754 0.012717
0 0.523726 0.017769 0.017377 0.016918
0 0.529343 0.638173 0.020335 0.020332
0 0.892415 0.462742 0.014006 0.014044
0 0.728476 0.236433 0.015674 0.015722
0 0.930140 0.420639 0.013752 0.013837
0 0.097616 0.007132 0.014530 0.014263
0 0.498544 0.666652 0.013290 0.013481
0 0.109316 0.063341 0.017087 0.016829
0 0.478313 0.893220 0.016905 0.016904
0 0.380072 0.404549 0.015470 0.015627
0 0.781361 0.867358 0.015912 0.015585
0 0.769011 0.071752 0.013858 0.013831
0 0.492308 0.625191 0.014152 0.014612
0 0.790624 0.197812 0.014553 0.014241
0 0.988187 0.379303 0.013864 0.013996
0 0.709369 0.674170 0.014783 0.014801
0 0.023472 0.303594 0.014451 0.014247
0 0.839736 0.573905 0.016798 0.016522
0 0.218637 0.879962 0.015183 0.015136
0 0.386478 0.965730 0.014368 0.015014
0 0.333478 0.313156 0.013654 0.013436
0 0.985888 0.506409 0.015916 0.015720
0 0.432419 0.756295 0.013711 0.013490
0 0.777559 0.961641 0.015771 0.015676
0 0.676493 0.514603 0.014840 0.014191
0 0.486843 0.744297 0.013450 0.013321
0 0.452963 0.671295 0.014218 0.013987
0 0.012685 0.912943 0.013636 0.013445
0 0.012050 0.140197 0.012962 0.013222
0 0.375249 0.227822 0.019273 0.019020
0 0.437504 0.329106 0.014574 0.014644
0 0.675613 0.339384 0.012103 0.012139
0 0.896293 0.581466 0.014499 0.014101
0 0.632265 0.088571 0.019699 0.019166
0 0.688714 0.210958 0.017525 0.017470
0 0.637430 0.954930 0.014628 0.015160
0 0.263550 0.785767 0.014005 0.013803
0 0.092717 0.907773 0.014834 0.014714
0 0.738691 0.092397 0.015266 0.015497
0 0.120639 0.903349 0.014345 0.014291
0 0.984271 0.635315 0.015073 0.014581
0 0.866893 0.615199 0.014147 0.014223
0 0.997600 0.271417 0.004723 0.013171
0 0.565200 0.212480 0.013700 0.013328
0 0.575586 0.019654 0.014868 0.015612
0 0.701231 0.822670 0.021742 0.020895
0 0.454569 0.158292 0.014493 0.014518
0 0.137090 0.366058 0.013712 0.013376
0 0.842988 0.152389 0.014574 0.014855
0 0.667892 0.220562 0.012732 0.012288
0 0.669679 0.309843 0.012917 0.012464
0 0.408597 0.324485 0.013835 0.013478
0 0.258050 0.002549 0.015595 0.005066
0 0.123945 0.436800 0.014449 0.014194
0 0.449590 0.214310 0.019443 0.019619
