0 0.744468 0.067693 0.016223 0.016201
0 0.861349 0.404175 0.016324 0.016078
0 0.379862 0.057247 0.014081 0.013958
0 0.075811 0.860772 0.014890 0.014899
0 0.594775 0.825745 0.014168 0.014138
0 0.761079 0.384921 0.015544 0.015612
0 0.550487 0.851899 0.014984 0.014974
0 0.856026 0.245940 0.014603 0.014648
0 0.466954 0.858003 0.014458 0.014380
0 0.127808 0.280741 0.015323 0.015121
0 0.775462 0.530687 0.014054 0.014131
0 0.356227 0.348820 0.016444 0.016382
0 0.311868 0.730129 0.014355 0.014328
0 0.462318 0.119590 0.014464 0.014689
0 0.967827 0.412593 0.014677 0.014626
0 0.786553 0.345020 0.015050 0.014959
0 0.693585 0.049075 0.013624 0.013989
0 0.515663 0.383400 0.015225 0.015319
0 0.407047 0.608756 0.013883 0.013969
0 0.365797 0.423695 0.015349 0.015177
0 0.075423 0.147205 0.014699 0.014755
0 0.473427 0.489807 0.014593 0.014583
0 0.675011 0.484022 0.013884 0.013897
0 0.654959 0.642515 0.013675 0.013781
0 0.147098 0.575536 0.014517 0.014750
0 0.297952 0.621254 0.014862 0.014689
0 0.517255 0.750394 0.014424 0.014516
0 0.190346 0.612161 0.015052 0.014799
0 0.303274 0.355438 0.015196 0.015340
0 0.569768 0.239443 0.013937 0.013917
0 0.603055 0.063481 0.014007 0.013712
0 0.191585 0.164370 0.015532 0.015641
0 0.641502 0.415163 0.014504 0.014398
0 0.741794 0.099148 0.014746 0.014740
0 0.558288 0.196478 0.012872 0.012525
0 0.425727 0.543178 0.013738 0.013638
0 0.282176 0.798261 0.014495 0.014366
0 0.849287 0.720806 0.022445 0.022237
0 0.847402 0.825835 0.015841 0.015804
0 0.348750 0.300085 0.022508 0.022419
0 0.854060 0.576433 0.015154 0.014905
0 0.780828 0.169653 0.014242 0.014288
0 0.630527 0.589111 0.013732 0.013386
0 0.262645 0.477169 0.015017 0.014987
0 0.128292 0.714245 0.016383 0.016371
0 0.673686 0.792707 0.014659 0.014515
0 0.148516 0.885253 0.015691 0.015253
0 0.775069 0.140520 0.014613 0.014771
0 0.720476 0.890899 0.014870 0.014481
0 0.172608 0.900772 0.016882 0.016834
0 0.605282 0.176631 0.014608 0.014649
0 0.472876 0.017605 0.014640 0.014715
0 0.084888 0.174652 0.014043 0.014038
0 0.172228 0.329747 0.014462 0.014444
0 0.588591 0.278316 0.014814 0.014990
0 0.615078 0.453798 0.014331 0.014150
0 0.514774 0.189479 0.014757 0.014486
0 0.894647 0.033682 0.014615 0.014683
0 0.228074 0.099989 0.014443 0.014432
0 0.654051 0.112192 0.014029 0.014427
0 0.116820 0.787346 0.015008 0.014852
0 0.735514 0.255445 0.014241 0.014215
0 0.044998 0.240036 0.014804 0.014764
0 0.532141 0.639399 0.021030 0.020854
0 0.511615 0.961696 0.015213 0.015060
0 0.782108 0.380232 0.014378 0.014767
0 0.539093 0.271300 0.015158 0.015308
0 0.372068 0.690573 0.014334 0.014109
0 0.938038 0.802898 0.013994 0.013847
0 0.784648 0.228225 0.014537 0.014667
0 0.549276 0.477316 0.014572 0.014781
0 0.640299 0.801980 0.014305 0.014266
0 0.957559 0.015933 0.014579 0.014698
0 0.266524 0.223460 0.015500 0.015425
0 0.668960 0.984179 0.014926 0.015000
0 0.070856 0.893414 0.013491 0.013357
0 0.691730 0.703643 0.013795 0.013605
0 0.762071 0.974837 0.014429 0.014491
0 0.068091 0.576605 0.020597 0.021240
0 0.881805 0.093089 0.014799 0.014746
0 0.015942 0.637235 0.015519 0.015410
0 0.014133 0.113135 0.014825 0.014478
0 0.596836 0.614694 0.013968 0.013945
0 0.099404 0.445020 0.015771 0.015887
0 0.912690 0.633376 0.015158 0.015155
0 0.335843 0.625327 0.015387 0.014855
0 0.736913 0.039723 0.013298 0.013104
0 0.728063 0.990937 0.014121 0.014193
0 0.056549 0.262684 0.014871 0.014990
0 0.386682 0.620135 0.014005 0.014069
0 0.198890 0.454116 0.015106 0.015152
0 0.776925 0.728333 0.015141 0.015137
0 0.608469 0.908159 0.016961 0.017035
0 0.922012 0.147783 0.020324 0.020409
0 0.151604 0.058275 0.014739 0.014707
0 0.335972 0.972742 0.014376 0.014326
0 0.176748 0.581081 0.015620 0.015652
0 0.366051 0.762591 0.015354 0.015053
0 0.098580 0.981497 0.013695 0.013958
0 0.673795 0.204688 0.014636 0.014229
0 0.890782 0.269362 0.013609 0.013555
0 0.024126 0.995504 0.014138 0.008990
0 0.300485 0.097299 0.015119 0.015287
0 0.878868 0.584897 0.014399 0.014206
0 0.633053 0.085805 0.020617 0.020377
0 0.519902 0.618544 0.014312 0.014236
0 0.524202 0.019955 0.018406 0.018074
0 0.281659 0.260956 0.015086 0.014986
0 0.003973 0.897969 0.007767 0.014471
0 0.086080 0.927869 0.014083 0.013992
0 0.002278 0.551713 0.004532 0.016210
0 0.995556 0.846780 0.008816 0.013313
0 0.695871 0.365360 0.013566 0.013205
0 0.523693 0.671277 0.013963 0.013748
0 0.703408 0.824468 0.022069 0.022018
0 0.169925 0.051216 0.014721 0.014344
0 0.540221 0.738255 0.021365 0.021273
0 0.155174 0.227761 0.014790 0.014196
0 0.449163 0.217018 0.019367 0.018988
0 0.228524 0.002228 0.014343 0.004450
0 0.412235 0.228596 0.017076 0.017095
0 0.607767 0.122740 0.011592 0.011085
0 0.913178 0.441633 0.021089 0.021082
0 0.229341 0.003211 0.014570 0.006414
0 0.179182 0.030916 0.018763 0.018495
0 0.006385 0.265789 0.012550 0.018300
0 0.089121 0.484173 0.013756 0.013566
