0 0.549541 0.389473 0.013413 0.013323
0 0.774756 0.458758 0.014069 0.013999
0 0.160304 0.461638 0.013591 0.013520
0 0.281710 0.143180 0.012380 0.012499
0 0.295769 0.378659 0.013695 0.013616
0 0.505792 0.196388 0.013356 0.013403
0 0.385542 0.115096 0.013879 0.013711
0 0.151182 0.284485 0.011702 0.011824
0 0.185295 0.891865 0.013041 0.012999
0 0.524203 0.349350 0.013380 0.013291
0 0.712649 0.898329 0.013238 0.013308
0 0.527048 0.149143 0.013106 0.013072
0 0.957212 0.477786 0.012605 0.012626
0 0.331701 0.518596 0.012675 0.012858
0 0.740925 0.716376 0.013311 0.013178
0 0.143722 0.492824 0.013825 0.013719
0 0.756455 0.148922 0.011802 0.011530
0 0.748463 0.618982 0.013377 0.013255
0 0.521672 0.682911 0.013845 0.013653
0 0.085164 0.341511 0.013865 0.013857
0 0.642815 0.274074 0.012121 0.012227
0 0.222956 0.187749 0.011512 0.011569
0 0.960142 0.897610 0.011177 0.011388
0 0.016292 0.809055 0.013749 0.013461
0 0.269752 0.784389 0.013336 0.013260
0 0.778300 0.299454 0.013336 0.013496
0 0.483952 0.365404 0.013271 0.013248
0 0.334326 0.568787 0.012589 0.012699
0 0.182181 0.284048 0.013520 0.013438
0 0.455977 0.440806 0.014465 0.014614
0 0.923657 0.911602 0.010639 0.010387
0 0.155025 0.384987 0.014565 0.014206
0 0.402850 0.353022 0.013882 0.013699
0 0.429967 0.010886 0.011878 0.011817
0 0.286815 0.470660 0.013062 0.013261
0 0.302362 0.197959 0.013672 0.013734
0 0.403195 0.234816 0.012471 0.012275
0 0.878665 0.467741 0.011334 0.011290
0 0.496958 0.547489 0.014309 0.014263
0 0.445824 0.540974 0.012870 0.012701
0 0.283027 0.431799 0.013466 0.013359
0 0.167402 0.644044 0.013213 0.013003
0 0.100116 0.200873 0.012652 0.012716
0 0.027650 0.526996 0.012184 0.012047
0 0.814635 0.729812 0.012673 0.012783
0 0.625085 0.661402 0.012262 0.012237
0 0.417936 0.706769 0.010779 0.010926
0 0.223289 0.469222 0.012840 0.012777
0 0.977818 0.700350 0.013026 0.013348
0 0.418731 0.155460 0.013729 0.013495
0 0.458299 0.039749 0.013788 0.013659
0 0.896028 0.085967 0.013549 0.013612
0 0.124931 0.509224 0.012206 0.012021
0 0.577722 0.932535 0.013376 0.013165
0 0.597413 0.426188 0.011950 0.012064
0 0.594078 0.805189 0.012078 0.012221
0 0.506180 0.026198 0.013017 0.012839
0 0.028597 0.229580 0.013760 0.013742
0 0.172100 0.519396 0.011816 0.011558
0 0.461479 0.958746 0.013105 0.013269
0 0.108853 0.980828 0.013728 0.013980
0 0.543287 0.975267 0.013186 0.012919
0 0.415278 0.931604 0.013105 0.013064
0 0.155333 0.828909 0.013399 0.013474
0 0.197502 0.144180 0.013228 0.013101
0 0.015067 0.539400 0.013077 0.012837
0 0.630284 0.733249 0.012626 0.012694
0 0.745833 0.073032 0.012352 0.012275
0 0.606275 0.224956 0.013110 0.013166
0 0.399902 0.041618 0.012116 0.011996
0 0.318641 0.416731 0.010495 0.010517
0 0.694211 0.095470 0.013530 0.013585
0 0.196353 0.235181 0.012690 0.012186
0 0.252524 0.086013 0.013458 0.013539
0 0.353457 0.652473 0.012544 0.012501
0 0.741278 0.208084 0.011728 0.011688
0 0.514466 0.748636 0.012043 0.011927
0 0.623129 0.463333 0.011516 0.011404
0 0.137890 0.232075 0.013136 0.013432
0 0.225195 0.650330 0.012750 0.012484
0 0.006115 0.390116 0.011722 0.012138
0 0.201455 0.250737 0.012007 0.012076
0 0.296842 0.418471 0.012681 0.012843
0 0.436067 0.589932 0.009855 0.009853
0 0.735237 0.260993 0.012858 0.012689
0 0.995139 0.574482 0.009721 0.014822
0 0.670238 0.080913 0.013468 0.013602
0 0.704323 0.405006 0.012502 0.012308
0 0.584392 0.009933 0.014579 0.014259
0 0.596788 0.523345 0.012566 0.012565
0 0.838634 0.398947 0.012377 0.012114
0 0.669064 0.879411 0.011497 0.011609
0 0.438915 0.995272 0.014602 0.009374
0 0.040269 0.097028 0.012954 0.012637
0 0.506565 0.848330 0.009845 0.010061
0 0.410485 0.327573 0.012248 0.012151
0 0.846618 0.496511 0.010626 0.010569
0 0.991507 0.156363 0.012550 0.012487
0 0.840576 0.094021 0.012096 0.012398
0 0.136562 0.463733 0.009178 0.009166
0 0.786782 0.005474 0.012570 0.010760
0 0.140284 0.699763 0.012549 0.012559
0 0.382259 0.626452 0.014864 0.014978
0 0.483688 0.498057 0.013662 0.014686
0 0.783743 0.860862 0.011485 0.011610
0 0.440501 0.060011 0.012218 0.012382
0 0.304975 0.319253 0.013025 0.013172
0 0.909539 0.314460 0.011860 0.011932
0 0.974808 0.993269 0.011933 0.011845
0 0.947385 0.590217 0.010068 0.010085
0 0.824920 0.185063 0.012426 0.012218
0 0.903370 0.861854 0.009857 0.009490
0 0.784481 0.005468 0.013930 0.010872
0 0.482699 0.499988 0.014915 0.015521
0 0.848350 0.710091 0.022383 0.022271
