0 0.238316 0.256718 0.012184 0.012173
0 0.766810 0.535244 0.014007 0.013861
0 0.272882 0.285643 0.013915 0.013998
0 0.467307 0.441175 0.013954 0.013843
0 0.560620 0.156003 0.011448 0.011271
0 0.597876 0.284883 0.013113 0.013090
0 0.922214 0.639466 0.012961 0.012856
0 0.278881 0.436307 0.012350 0.012289
0 0.201990 0.621251 0.012067 0.012111
0 0.105179 0.519078 0.012286 0.012287
0 0.108288 0.504663 0.012167 0.012366
0 0.940902 0.859954 0.014526 0.014383
0 0.105105 0.628436 0.013367 0.013047
0 0.414274 0.626404 0.011934 0.011679
0 0.197428 0.568849 0.012494 0.012332
0 0.458138 0.340462 0.013285 0.013031
0 0.448111 0.248484 0.012516 0.012393
0 0.758317 0.293075 0.012494 0.012406
0 0.055540 0.392792 0.013872 0.013882
0 0.550430 0.435593 0.012436 0.012413
0 0.088150 0.145479 0.013126 0.013118
0 0.407053 0.938696 0.013893 0.013972
0 0.271506 0.576993 0.014173 0.014343
0 0.735319 0.619919 0.014874 0.014817
0 0.074971 0.739825 0.012258 0.012407
0 0.814337 0.060331 0.012286 0.012047
0 0.161506 0.901373 0.012697 0.012497
0 0.393010 0.263308 0.012671 0.012681
0 0.006112 0.879470 0.012223 0.013858
0 0.449292 0.884245 0.012615 0.012555
0 0.189621 0.255156 0.013526 0.013342
0 0.596237 0.526059 0.012974 0.012863
0 0.534492 0.361619 0.012967 0.012825
0 0.364557 0.542485 0.013200 0.013210
0 0.560504 0.035525 0.013204 0.013121
0 0.125163 0.447133 0.014543 0.014416
0 0.901821 0.533314 0.013465 0.013406
0 0.305728 0.372725 0.012920 0.012866
0 0.661633 0.767734 0.012444 0.012402
0 0.615230 0.631778 0.014322 0.014282
0 0.397385 0.045546 0.013619 0.013652
0 0.898592 0.375818 0.014202 0.014181
0 0.544892 0.179777 0.012672 0.012581
0 0.958996 0.738986 0.012612 0.012583
0 0.969936 0.588361 0.012078 0.011804
0 0.165453 0.818082 0.012505 0.012276
0 0.257008 0.825318 0.012964 0.012831
0 0.437351 0.304142 0.013136 0.013292
0 0.694874 0.704033 0.012606 0.012572
0 0.443558 0.037577 0.012648 0.012577
0 0.089259 0.908675 0.012507 0.012343
0 0.764185 0.912060 0.011368 0.011700
0 0.714493 0.942991 0.012599 0.012320
0 0.400234 0.467334 0.013544 0.013872
0 0.106824 0.868147 0.009861 0.009656
0 0.884546 0.251821 0.013705 0.013661
0 0.903925 0.981985 0.012975 0.013068
0 0.793173 0.170365 0.012978 0.012830
0 0.770950 0.259123 0.011976 0.011855
0 0.338378 0.223478 0.012990 0.012938
0 0.638286 0.277580 0.014135 0.014028
0 0.951127 0.314627 0.013244 0.013417
0 0.148584 0.057184 0.012741 0.012708
0 0.653447 0.384774 0.013087 0.013123
0 0.076202 0.821708 0.012396 0.011895
0 0.005606 0.083591 0.011160 0.013394
0 0.248891 0.777916 0.012752 0.012759
0 0.484310 0.308098 0.013847 0.013555
0 0.852614 0.116195 0.012124 0.011926
0 0.984063 0.510757 0.015993 0.015020
0 0.515565 0.450131 0.011703 0.011470
0 0.890618 0.579624 0.013621 0.013530
0 0.098400 0.930829 0.011500 0.011391
0 0.602069 0.876965 0.012934 0.013181
0 0.176863 0.762678 0.012652 0.012709
0 0.826806 0.029941 0.011551 0.011785
0 0.869452 0.121207 0.009359 0.009612
0 0.943132 0.939587 0.011891 0.011709
0 0.656284 0.644971 0.012433 0.012567
0 0.006184 0.311716 0.012269 0.014774
0 0.870304 0.075632 0.011557 0.011680
0 0.699901 0.333011 0.013093 0.013142
0 0.482375 0.942250 0.012727 0.013086
0 0.738615 0.982049 0.012159 0.012205
0 0.670909 0.487504 0.013214 0.012946
0 0.524144 0.246382 0.010684 0.010458
0 0.354454 0.927607 0.011477 0.011324
0 0.787491 0.701147 0.013017 0.013114
0 0.322789 0.997328 0.014167 0.005291
0 0.348621 0.294935 0.024384 0.024550
0 0.977827 0.023876 0.012576 0.012612
0 0.716734 0.513765 0.011818 0.011665
0 0.963138 0.449177 0.011501 0.011353
0 0.285368 0.829057 0.012941 0.012787
0 0.876512 0.271072 0.012218 0.012193
0 0.929774 0.451716 0.012248 0.012171
0 0.492553 0.982449 0.013390 0.013566
0 0.746027 0.641775 0.013030 0.012943
0 0.533564 0.637656 0.022070 0.021765
0 0.372542 0.349014 0.011439 0.011433
0 0.997089 0.759803 0.005808 0.013093
0 0.802089 0.538352 0.013054 0.013133
0 0.787857 0.423804 0.012850 0.012672
0 0.742494 0.743870 0.011018 0.010817
0 0.353256 0.770700 0.012096 0.011708
0 0.797571 0.437420 0.009216 0.009333
0 0.410633 0.996090 0.013242 0.007819
0 0.067585 0.571663 0.022541 0.022518
0 0.790343 0.486357 0.013778 0.013499
0 0.849419 0.537934 0.012792 0.012811
0 0.941852 0.025408 0.010202 0.009886
0 0.545697 0.539916 0.013301 0.013361
0 0.798528 0.435883 0.009791 0.009793
0 0.892431 0.997618 0.009913 0.004764
0 0.725619 0.734659 0.012014 0.011944
0 0.998206 0.216484 0.003525 0.012925
0 0.746967 0.279967 0.009245 0.008800
0 0.620550 0.489110 0.013823 0.012985
0 0.792404 0.485841 0.013687 0.013967
0 0.617258 0.489736 0.013369 0.013125
0 0.321321 0.997772 0.014445 0.004456
0 0.868944 0.566544 0.012567 0.012523
0 0.824814 0.005748 0.011977 0.011337
0 0.823500 0.004694 0.011787 0.009270
0 0.862387 0.535266 0.010382 0.010354
0 0.532683 0.662524 0.012879 0.013250
0 0.849496 0.716093 0.023586 0.023526
0 0.623111 0.488658 0.012834 0.012875
0 0.632156 0.925823 0.011736 0.011735
