0 0.196090 0.277500 0.012035 0.011884
0 0.878868 0.666387 0.013005 0.013062
0 0.188691 0.569500 0.013740 0.013892
0 0.541176 0.495908 0.012949 0.012962
0 0.426235 0.398362 0.012327 0.012263
0 0.580859 0.176418 0.014048 0.013804
0 0.278885 0.435769 0.012376 0.012329
0 0.117880 0.930291 0.013454 0.013192
0 0.193920 0.618880 0.011797 0.011667
0 0.805332 0.237748 0.013113 0.013331
0 0.744953 0.051650 0.012375 0.012480
0 0.622940 0.500335 0.013856 0.013752
0 0.262251 0.857269 0.012774 0.012770
0 0.056821 0.411293 0.014358 0.014393
0 0.630242 0.719165 0.013075 0.013201
0 0.266536 0.566059 0.014225 0.014150
0 0.042555 0.475131 0.013885 0.013929
0 0.700617 0.701746 0.013174 0.013129
0 0.076329 0.609488 0.013264 0.013383
0 0.319185 0.147813 0.012695 0.012444
0 0.664046 0.226848 0.013420 0.013498
0 0.015680 0.418949 0.012547 0.012460
0 0.310633 0.834320 0.012898 0.012849
0 0.537152 0.435792 0.011643 0.011699
0 0.771893 0.914999 0.012806 0.012816
0 0.442714 0.430274 0.012645 0.012391
0 0.174892 0.067603 0.013065 0.013016
0 0.354508 0.904560 0.012786 0.012634
0 0.735484 0.619587 0.014267 0.014229
0 0.006615 0.879273 0.012705 0.013663
0 0.452166 0.624080 0.013059 0.013083
0 0.530638 0.667686 0.013617 0.013597
0 0.983201 0.867954 0.011914 0.011755
0 0.734162 0.522723 0.013176 0.013077
0 0.768009 0.532888 0.013258 0.013265
0 0.968105 0.595048 0.012201 0.011934
0 0.895000 0.283284 0.012994 0.012925
0 0.535506 0.209669 0.013841 0.013742
0 0.878714 0.356561 0.011245 0.011038
0 0.435495 0.272694 0.012770 0.012614
0 0.964328 0.952956 0.012041 0.012226
0 0.321431 0.365735 0.013074 0.013196
0 0.654487 0.442468 0.012564 0.012665
0 0.677960 0.489033 0.012961 0.013078
0 0.370183 0.559267 0.013468 0.013548
0 0.189480 0.880983 0.013888 0.013689
0 0.103156 0.784896 0.012439 0.012457
0 0.724022 0.108511 0.013814 0.013706
0 0.644165 0.377975 0.013059 0.013034
0 0.595292 0.563379 0.012738 0.012836
0 0.903097 0.536813 0.013424 0.013533
0 0.893321 0.732709 0.012680 0.012603
0 0.579232 0.542146 0.014355 0.014349
0 0.747567 0.979815 0.012525 0.012573
0 0.930323 0.262916 0.014002 0.013879
0 0.268375 0.249602 0.014547 0.014372
0 0.181577 0.752987 0.012707 0.012716
0 0.822598 0.114526 0.011998 0.011889
0 0.426579 0.313263 0.013699 0.013665
0 0.106787 0.146159 0.012628 0.012667
0 0.611117 0.230181 0.012889 0.012904
0 0.952496 0.911229 0.013408 0.013345
0 0.077797 0.823446 0.012551 0.012323
0 0.110808 0.502497 0.012280 0.012138
0 0.477919 0.752617 0.013877 0.013746
0 0.290390 0.734716 0.013162 0.013129
0 0.779349 0.672290 0.014257 0.014274
0 0.850467 0.077874 0.012517 0.012268
0 0.632175 0.930511 0.013270 0.013221
0 0.050791 0.565456 0.011686 0.011581
0 0.343555 0.022603 0.013399 0.013469
0 0.966451 0.433067 0.012114 0.012056
0 0.992396 0.541840 0.014727 0.015046
0 0.596982 0.293317 0.013741 0.013796
0 0.807372 0.215999 0.012958 0.013948
0 0.917570 0.991597 0.012140 0.012085
0 0.716294 0.781044 0.013602 0.013762
0 0.404479 0.214498 0.012641 0.012553
0 0.145358 0.246903 0.012157 0.012139
0 0.005746 0.295886 0.011464 0.014806
0 0.007042 0.064572 0.013601 0.014421
0 0.906539 0.041423 0.011042 0.011083
0 0.784826 0.422139 0.011892 0.011859
0 0.506358 0.596895 0.014058 0.013915
0 0.347989 0.295101 0.024361 0.024075
0 0.958963 0.850908 0.012612 0.012517
0 0.006368 0.934186 0.011872 0.012108
0 0.921151 0.454143 0.013651 0.013465
0 0.589975 0.590085 0.014126 0.014205
0 0.329489 0.871143 0.013872 0.013923
0 0.699106 0.942907 0.012869 0.012616
0 0.353082 0.784509 0.012895 0.012964
0 0.731213 0.865306 0.011904 0.012233
0 0.772494 0.597390 0.013262 0.013095
0 0.099234 0.933987 0.010755 0.010690
0 0.984196 0.510717 0.015295 0.014346
0 0.489103 0.983060 0.012532 0.012411
0 0.803134 0.536917 0.012742 0.012440
0 0.508891 0.975168 0.013523 0.013548
0 0.991741 0.387283 0.013482 0.013969
0 0.061233 0.742300 0.012164 0.012163
0 0.269485 0.976621 0.013245 0.013193
0 0.094831 0.876805 0.009527 0.009317
0 0.936355 0.496107 0.011739 0.011710
0 0.206792 0.754283 0.013406 0.013514
0 0.813392 0.403079 0.010750 0.010775
0 0.889933 0.581920 0.013130 0.013140
0 0.733870 0.576979 0.011275 0.011041
0 0.532043 0.280970 0.011530 0.011383
0 0.836556 0.122235 0.009985 0.010140
0 0.756289 0.021604 0.012720 0.012907
0 0.377380 0.738462 0.022330 0.022478
0 0.384709 0.406652 0.012552 0.012554
0 0.460346 0.343883 0.012393 0.012158
0 0.411526 0.997939 0.012584 0.004044
0 0.541768 0.880696 0.012355 0.012241
0 0.694375 0.348458 0.011356 0.011447
0 0.533204 0.636493 0.023252 0.023231
0 0.789394 0.487611 0.014242 0.013827
0 0.850537 0.715866 0.023246 0.023236
0 0.450399 0.932826 0.013189 0.013382
0 0.955011 0.968839 0.012887 0.012835
0 0.610167 0.652780 0.013843 0.014183
0 0.564280 0.964911 0.013816 0.012814
0 0.715567 0.413291 0.012331 0.012110
0 0.850151 0.539268 0.013337 0.013346
0 0.998324 0.216871 0.003321 0.013164
0 0.778881 0.463803 0.011325 0.011614
0 0.321634 0.997616 0.012859 0.004768
0 0.937921 0.034838 0.010884 0.011076
0 0.564018 0.961881 0.015127 0.014988
0 0.812588 0.404277 0.010320 0.010580
0 0.923318 0.043482 0.009654 0.009544
0 0.759031 0.281163 0.010308 0.010538
0 0.997995 0.335851 0.004010 0.012219
0 0.619500 0.632055 0.014116 0.014276
