0 0.830395 0.357821 0.016190 0.015982
0 0.223566 0.297325 0.014498 0.014417
0 0.193382 0.761745 0.015489 0.015205
0 0.264216 0.394966 0.014759 0.014480
0 0.882762 0.375494 0.014598 0.014774
0 0.449063 0.241795 0.015852 0.016066
0 0.563467 0.325449 0.014507 0.014690
0 0.548092 0.068129 0.014231 0.014174
0 0.096649 0.188136 0.014927 0.014915
0 0.207161 0.379541 0.014874 0.015023
0 0.067819 0.487288 0.015089 0.015127
0 0.567807 0.212416 0.015164 0.015109
0 0.161612 0.521139 0.014059 0.013880
0 0.588432 0.635705 0.018244 0.017935
0 0.885908 0.541062 0.014393 0.014219
0 0.776217 0.579643 0.015438 0.015376
0 0.280085 0.550025 0.015351 0.015155
0 0.491435 0.942610 0.013683 0.013725
0 0.729765 0.386755 0.014782 0.014724
0 0.490691 0.897422 0.014134 0.014093
0 0.942845 0.360038 0.016713 0.016615
0 0.208959 0.163802 0.014597 0.014157
0 0.736160 0.210745 0.015449 0.015194
0 0.605727 0.193202 0.017052 0.017085
0 0.466654 0.424127 0.015059 0.015098
0 0.281068 0.433108 0.015838 0.015711
0 0.923889 0.205357 0.014632 0.014584
0 0.953547 0.102863 0.014010 0.014212
0 0.915396 0.288075 0.013350 0.013177
0 0.375751 0.438813 0.014746 0.014592
0 0.576979 0.869547 0.013700 0.013725
0 0.117034 0.585863 0.014451 0.014334
0 0.705367 0.105964 0.014590 0.014534
0 0.038327 0.819225 0.014260 0.014444
0 0.595210 0.270435 0.013763 0.013900
0 0.504836 0.171723 0.014032 0.013967
0 0.850953 0.025525 0.014433 0.014376
0 0.055491 0.450285 0.015499 0.015785
0 0.397076 0.664895 0.013813 0.013840
0 0.556616 0.626268 0.014953 0.015278
0 0.032612 0.271947 0.013972 0.013850
0 0.180498 0.563207 0.016228 0.016025
0 0.447322 0.266684 0.016866 0.016723
0 0.931224 0.519476 0.014446 0.014406
0 0.717006 0.866609 0.014318 0.014234
0 0.358513 0.566323 0.014250 0.014235
0 0.068564 0.317662 0.014006 0.014085
0 0.668929 0.690802 0.015334 0.015371
0 0.635572 0.147881 0.014248 0.013849
0 0.426191 0.596092 0.013695 0.013865
0 0.892301 0.444480 0.015289 0.015069
0 0.089418 0.910350 0.014574 0.014502
0 0.030627 0.543095 0.014074 0.014264
0 0.311171 0.034747 0.014334 0.014184
0 0.123023 0.153957 0.015379 0.015323
0 0.222209 0.679775 0.015217 0.015043
0 0.118701 0.815625 0.014539 0.014220
0 0.953172 0.945461 0.014323 0.014206
0 0.915303 0.376606 0.013554 0.013531
0 0.319885 0.305959 0.014629 0.014719
0 0.671184 0.622297 0.014580 0.014542
0 0.358862 0.252162 0.014243 0.014305
0 0.565909 0.940614 0.014484 0.014359
0 0.268818 0.101594 0.015291 0.015196
0 0.762526 0.932517 0.016239 0.015955
0 0.031146 0.776557 0.015057 0.015301
0 0.472020 0.656025 0.015778 0.016110
0 0.451116 0.860337 0.014016 0.013761
0 0.348127 0.298166 0.023449 0.023450
0 0.681495 0.872340 0.014340 0.014300
0 0.362883 0.197602 0.015160 0.015388
0 0.429765 0.474760 0.017259 0.016806
0 0.789039 0.258112 0.013971 0.013974
0 0.533270 0.638815 0.022509 0.022362
0 0.461594 0.503126 0.014528 0.014147
0 0.636501 0.087772 0.021875 0.021870
0 0.745312 0.250211 0.015735 0.015828
0 0.991645 0.615653 0.016397 0.016608
0 0.250009 0.466656 0.018036 0.017953
0 0.732071 0.482010 0.014765 0.014971
0 0.802674 0.789705 0.015358 0.015433
0 0.896506 0.151744 0.013308 0.013422
0 0.195715 0.867543 0.014259 0.014093
0 0.194752 0.892858 0.014511 0.014486
0 0.196908 0.231396 0.016479 0.016619
0 0.656622 0.218199 0.018060 0.018033
0 0.919621 0.147674 0.019163 0.019170
0 0.781962 0.988474 0.014446 0.014378
0 0.639093 0.442617 0.015613 0.015562
0 0.316498 0.336985 0.014574 0.014453
0 0.815688 0.271816 0.013710 0.013632
0 0.572013 0.539332 0.015232 0.015298
0 0.629395 0.395823 0.014859 0.014631
0 0.763517 0.077823 0.015798 0.015826
0 0.607433 0.769279 0.013762 0.013980
0 0.505661 0.433302 0.016060 0.016161
0 0.628135 0.995827 0.013891 0.008310
0 0.661548 0.387535 0.014246 0.014388
0 0.752270 0.575384 0.014694 0.014807
0 0.849750 0.721788 0.022840 0.022577
0 0.530299 0.752906 0.015582 0.015333
0 0.992390 0.662938 0.013987 0.014181
0 0.465579 0.375176 0.014254 0.014089
0 0.953763 0.692727 0.014421 0.014416
0 0.985945 0.504423 0.016748 0.016574
0 0.986357 0.925576 0.014663 0.014632
0 0.502600 0.761483 0.015131 0.015050
0 0.050847 0.075558 0.014699 0.014993
0 0.849742 0.754618 0.015677 0.015333
0 0.609433 0.561383 0.014888 0.014709
0 0.346002 0.956506 0.015217 0.015159
0 0.960330 0.496979 0.015078 0.015004
0 0.696530 0.953781 0.014624 0.013841
0 0.004803 0.063387 0.009556 0.016424
0 0.703517 0.823829 0.021417 0.021415
0 0.725712 0.290429 0.015319 0.015544
0 0.060188 0.091160 0.010984 0.011086
0 0.910860 0.988203 0.016666 0.017037
0 0.039935 0.870424 0.014865 0.014305
0 0.949159 0.051250 0.012399 0.011831
0 0.067404 0.576318 0.021592 0.021533
0 0.450014 0.682652 0.016024 0.015901
0 0.992094 0.029685 0.014707 0.015688
0 0.740725 0.618823 0.017274 0.017493
0 0.192297 0.576482 0.015097 0.014763
0 0.264093 0.245810 0.020029 0.019342
0 0.524094 0.609412 0.013646 0.013337
0 0.602931 0.745108 0.015485 0.015529
0 0.556436 0.756427 0.014852 0.014589
0 0.040995 0.342118 0.017948 0.017678
0 0.085388 0.819543 0.014847 0.014957
0 0.807064 0.615727 0.016320 0.016103
0 0.982639 0.134512 0.013454 0.013139
0 0.002817 0.675881 0.005558 0.013778
0 0.525307 0.019536 0.018272 0.017532
0 0.378103 0.228692 0.021086 0.020874
0 0.117714 0.245576 0.017321 0.017207
0 0.229530 0.771269 0.013422 0.013375
0 0.669194 0.194172 0.017469 0.016995
0 0.109443 0.676843 0.014229 0.014279
0 0.612170 0.358775 0.012343 0.012136
0 0.646375 0.565317 0.015217 0.015106
0 0.376877 0.741492 0.022837 0.022648
0 0.002407 0.920575 0.004780 0.015672
0 0.450738 0.216842 0.020115 0.020056
0 0.880649 0.591349 0.023209 0.023325
0 0.997972 0.178564 0.004050 0.014733
0 0.805284 0.123451 0.016713 0.016821
0 0.003159 0.919368 0.006261 0.015210
0 0.807797 0.122769 0.017017 0.017345
0 0.050074 0.056685 0.016938 0.016944
0 0.989847 0.028668 0.014214 0.014550
0 0.811483 0.122103 0.017010 0.017933
0 0.238069 0.851548 0.014397 0.014672
