0 0.808586 0.758981 0.012654 0.012649
0 0.956928 0.806288 0.013795 0.013795
0 0.747575 0.619231 0.013028 0.012918
0 0.250874 0.422501 0.014170 0.014133
0 0.063712 0.511090 0.010626 0.010283
0 0.427930 0.431562 0.013473 0.013262
0 0.332909 0.481712 0.012816 0.012966
0 0.719211 0.387681 0.014006 0.014053
0 0.831222 0.257847 0.013060 0.013054
0 0.593532 0.266183 0.013388 0.013346
0 0.222440 0.470255 0.012442 0.012426
0 0.642867 0.910246 0.012386 0.012299
0 0.684832 0.668738 0.012705 0.012752
0 0.049434 0.595919 0.012733 0.012627
0 0.884780 0.303195 0.013162 0.012963
0 0.611889 0.347639 0.013549 0.013435
0 0.536152 0.433716 0.013642 0.013665
0 0.932846 0.651478 0.013303 0.013053
0 0.306077 0.421045 0.012539 0.012403
0 0.291987 0.441324 0.012594 0.012550
0 0.728304 0.295286 0.013589 0.013385
0 0.766703 0.947153 0.012492 0.012354
0 0.131140 0.505183 0.012760 0.012717
0 0.050738 0.499818 0.014111 0.013899
0 0.025467 0.338606 0.012260 0.012280
0 0.820733 0.909887 0.014061 0.013987
0 0.115326 0.673320 0.013098 0.013075
0 0.588609 0.470691 0.012393 0.012307
0 0.523458 0.350225 0.013793 0.013503
0 0.383586 0.878608 0.012542 0.012500
0 0.449996 0.959873 0.011979 0.012108
0 0.746023 0.454283 0.012004 0.012067
0 0.909416 0.510276 0.011670 0.011538
0 0.533181 0.740809 0.012954 0.012818
0 0.682215 0.239380 0.013839 0.013819
0 0.108526 0.980480 0.013444 0.013358
0 0.318524 0.271868 0.014099 0.013993
0 0.523254 0.471602 0.012897 0.012816
0 0.039027 0.541205 0.011621 0.011565
0 0.343667 0.348274 0.014739 0.014510
0 0.422780 0.119679 0.012696 0.012682
0 0.198638 0.981694 0.012375 0.012216
0 0.813619 0.065967 0.013567 0.013693
0 0.440996 0.059194 0.011946 0.011941
0 0.597913 0.777040 0.011312 0.011461
0 0.541679 0.977427 0.012991 0.012772
0 0.141005 0.359965 0.012850 0.012977
0 0.473713 0.096935 0.014054 0.013955
0 0.402873 0.079703 0.013182 0.013482
0 0.185334 0.891863 0.013113 0.013103
0 0.494967 0.854278 0.012426 0.012509
0 0.791648 0.711702 0.011886 0.011761
0 0.831210 0.139489 0.014101 0.013888
0 0.694211 0.628432 0.012642 0.012724
0 0.126544 0.719336 0.013552 0.013618
0 0.853984 0.174961 0.013266 0.013196
0 0.735569 0.543607 0.011867 0.011631
0 0.050356 0.446945 0.010923 0.011449
0 0.124356 0.163104 0.012450 0.012382
0 0.282060 0.044663 0.012848 0.013032
0 0.132404 0.751344 0.012836 0.012527
0 0.174092 0.260480 0.012533 0.012351
0 0.071513 0.250828 0.012564 0.012517
0 0.132107 0.035946 0.012789 0.012868
0 0.008769 0.395036 0.011834 0.011797
0 0.328312 0.517470 0.015136 0.014888
0 0.067034 0.341745 0.011431 0.011197
0 0.491537 0.283124 0.013526 0.013245
0 0.314918 0.731325 0.012645 0.012726
0 0.620592 0.125386 0.012719 0.012845
0 0.369361 0.981231 0.012596 0.012486
0 0.285905 0.606085 0.012845 0.012749
0 0.496073 0.992334 0.009942 0.010128
0 0.097895 0.381703 0.013907 0.014146
0 0.995525 0.425430 0.008785 0.009802
0 0.228027 0.749471 0.012432 0.012229
0 0.081986 0.339112 0.013294 0.013845
0 0.483682 0.547500 0.012374 0.012465
0 0.130742 0.687986 0.011621 0.011870
0 0.788137 0.005533 0.012550 0.010890
0 0.504312 0.037039 0.010878 0.010889
0 0.918056 0.649230 0.012022 0.012026
0 0.527002 0.003782 0.013754 0.007564
0 0.527753 0.633436 0.020915 0.020761
0 0.099688 0.404502 0.011780 0.012021
0 0.195489 0.261850 0.013548 0.013815
0 0.585802 0.993488 0.012646 0.012569
0 0.677512 0.564990 0.012191 0.012074
0 0.279870 0.082718 0.012328 0.012170
0 0.520764 0.649653 0.012983 0.013354
0 0.363901 0.660342 0.011963 0.012213
0 0.703967 0.813396 0.022550 0.023041
0 0.343023 0.420268 0.013890 0.013692
0 0.002997 0.413888 0.005994 0.012498
0 0.647775 0.316336 0.011904 0.011809
0 0.849350 0.710858 0.023236 0.023136
0 0.568539 0.539518 0.012439 0.012277
0 0.223412 0.653881 0.011358 0.011055
0 0.899212 0.002274 0.014756 0.004548
0 0.346808 0.290752 0.023695 0.023883
0 0.649450 0.317207 0.011651 0.011588
0 0.395490 0.943314 0.009628 0.009457
