0 0.928880 0.323000 0.016234 0.016158
0 0.301073 0.313739 0.015663 0.015612
0 0.446561 0.240212 0.015828 0.015838
0 0.721317 0.603789 0.018287 0.017968
0 0.714268 0.436874 0.015194 0.015407
0 0.085733 0.349076 0.014892 0.015060
0 0.747443 0.668138 0.015195 0.015390
0 0.204786 0.376911 0.014074 0.013931
0 0.701408 0.237710 0.013648 0.013528
0 0.878022 0.383693 0.014039 0.014088
0 0.325380 0.662261 0.014337 0.014272
0 0.191976 0.188897 0.014550 0.014345
0 0.094298 0.302654 0.013741 0.013751
0 0.123625 0.713333 0.014522 0.014321
0 0.669523 0.749526 0.014768 0.014741
0 0.162267 0.808962 0.015448 0.015454
0 0.959217 0.548992 0.014555 0.014633
0 0.096038 0.396803 0.016190 0.016010
0 0.794833 0.849095 0.014463 0.014324
0 0.647187 0.693943 0.018511 0.018320
0 0.356034 0.571491 0.014265 0.014126
0 0.189189 0.523838 0.014269 0.014225
0 0.301398 0.489160 0.014773 0.014952
0 0.376603 0.031433 0.013850 0.013686
0 0.707168 0.663430 0.014587 0.014642
0 0.294298 0.790732 0.015747 0.015299
0 0.063775 0.278322 0.014048 0.014055
0 0.031998 0.524924 0.014227 0.014241
0 0.052150 0.623040 0.014012 0.013829
0 0.484664 0.567731 0.013869 0.013959
0 0.357946 0.720986 0.014238 0.013992
0 0.543563 0.535669 0.013912 0.013978
0 0.689005 0.101441 0.016064 0.015854
0 0.062509 0.688960 0.014556 0.014713
0 0.520233 0.362530 0.015634 0.015798
0 0.392652 0.340223 0.015024 0.014966
0 0.980649 0.303418 0.014656 0.014592
0 0.742445 0.722505 0.014382 0.014276
0 0.449771 0.208943 0.014596 0.014569
0 0.516259 0.143036 0.014913 0.015015
0 0.211581 0.773984 0.013460 0.013316
0 0.109551 0.798060 0.015279 0.014965
0 0.611955 0.513027 0.014825 0.015109
0 0.013704 0.909896 0.014771 0.014780
0 0.266807 0.066964 0.015971 0.016081
0 0.467965 0.421467 0.015078 0.014802
0 0.306372 0.243231 0.013333 0.013410
0 0.234416 0.189717 0.014810 0.014471
0 0.660079 0.866249 0.014512 0.014313
0 0.469613 0.258494 0.014614 0.014825
0 0.808072 0.526552 0.013806 0.013950
0 0.013792 0.112967 0.013531 0.013406
0 0.955208 0.947997 0.014758 0.014565
0 0.835266 0.758976 0.015141 0.014894
0 0.807887 0.335982 0.013699 0.013882
0 0.638206 0.173448 0.014661 0.014654
0 0.512563 0.443124 0.014618 0.014774
0 0.740935 0.511569 0.014871 0.014686
0 0.106042 0.968550 0.014664 0.014589
0 0.176736 0.572578 0.014865 0.014537
0 0.632996 0.662845 0.014565 0.014578
0 0.255435 0.669129 0.014283 0.014428
0 0.347929 0.299531 0.023168 0.023021
0 0.088129 0.910905 0.014949 0.014971
0 0.592730 0.860351 0.013716 0.013858
0 0.659510 0.140306 0.013483 0.013696
0 0.740903 0.364854 0.014805 0.014724
0 0.601568 0.314906 0.013685 0.013575
0 0.749101 0.143972 0.015161 0.015143
0 0.146767 0.558827 0.015211 0.015119
0 0.735956 0.558436 0.014684 0.014544
0 0.976991 0.394919 0.014889 0.014949
0 0.761136 0.246826 0.015313 0.015389
0 0.216210 0.637711 0.014361 0.014110
0 0.007082 0.145717 0.013210 0.013718
0 0.436021 0.442272 0.018175 0.018120
0 0.023800 0.007763 0.015042 0.014910
0 0.027921 0.464326 0.015086 0.014775
0 0.483009 0.231904 0.016818 0.016726
0 0.739371 0.103713 0.014438 0.014486
0 0.377802 0.229260 0.019170 0.018955
0 0.653634 0.394626 0.014117 0.014120
0 0.590931 0.654146 0.013531 0.013422
0 0.468324 0.376892 0.014426 0.014443
0 0.737187 0.968130 0.014082 0.014396
0 0.849998 0.721419 0.023008 0.022700
0 0.533958 0.640396 0.022600 0.022845
0 0.744955 0.578361 0.013527 0.013591
0 0.161094 0.973743 0.015335 0.015388
0 0.667446 0.695706 0.013993 0.014505
0 0.685739 0.596982 0.015381 0.015504
0 0.788855 0.560503 0.014464 0.014553
0 0.953370 0.047270 0.014575 0.014412
0 0.061236 0.054510 0.015263 0.015067
0 0.711499 0.530450 0.014155 0.014168
0 0.666029 0.814307 0.013903 0.013789
0 0.037415 0.721442 0.015139 0.015145
0 0.578889 0.808976 0.016855 0.016625
0 0.610288 0.575771 0.015870 0.015681
0 0.146768 0.848516 0.014487 0.014445
0 0.088159 0.783972 0.013893 0.013869
0 0.838107 0.950891 0.014158 0.014460
0 0.204021 0.248411 0.016655 0.016667
0 0.056202 0.323471 0.015930 0.015962
0 0.854187 0.078110 0.015344 0.015583
0 0.520451 0.097163 0.015207 0.015557
0 0.243921 0.907287 0.014082 0.014062
0 0.922696 0.147266 0.021018 0.021037
0 0.767448 0.171181 0.014811 0.014858
0 0.806054 0.603242 0.015488 0.015410
0 0.911902 0.991444 0.016448 0.016166
0 0.102321 0.013328 0.013078 0.012926
0 0.249406 0.526433 0.014194 0.014071
0 0.510193 0.419956 0.015528 0.015449
0 0.772794 0.433361 0.014167 0.014066
0 0.356606 0.896020 0.015620 0.015762
0 0.637651 0.442157 0.015272 0.014970
0 0.861447 0.934138 0.014463 0.014203
0 0.300719 0.983838 0.014781 0.014782
0 0.636980 0.980086 0.014560 0.014516
0 0.540507 0.738192 0.021540 0.021576
0 0.719659 0.963165 0.015866 0.016126
0 0.913698 0.687493 0.015502 0.015118
0 0.615595 0.691537 0.015261 0.015214
0 0.983834 0.526289 0.014350 0.014606
0 0.067693 0.574412 0.020250 0.020175
0 0.760682 0.900821 0.015545 0.015650
0 0.636781 0.088214 0.021861 0.021835
0 0.551443 0.632063 0.014332 0.014383
0 0.653004 0.207308 0.014629 0.014290
0 0.737174 0.617940 0.014509 0.014307
0 0.879871 0.591370 0.024408 0.024299
0 0.985182 0.505727 0.016458 0.016736
0 0.749138 0.804225 0.016136 0.016445
0 0.004380 0.062640 0.008749 0.016115
0 0.252053 0.506686 0.015451 0.015537
0 0.950109 0.218373 0.013703 0.013802
0 0.996847 0.876580 0.006282 0.013622
0 0.702753 0.824196 0.021124 0.021357
0 0.059964 0.547301 0.013640 0.013604
0 0.012900 0.450946 0.015707 0.016262
0 0.295479 0.650692 0.013126 0.012789
0 0.377164 0.740163 0.022734 0.022572
0 0.524835 0.019692 0.018360 0.018034
0 0.657099 0.357642 0.011917 0.011607
0 0.826337 0.107910 0.015619 0.015204
0 0.129043 0.234528 0.015878 0.015798
0 0.247430 0.886742 0.014828 0.014591
0 0.515643 0.117360 0.015162 0.015209
0 0.974616 0.633782 0.014266 0.014355
0 0.954811 0.217340 0.014050 0.014437
0 0.952251 0.217800 0.013951 0.014149
0 0.283622 0.861585 0.015429 0.015381
0 0.378874 0.626875 0.021346 0.021202
0 0.265228 0.245935 0.020526 0.019749
0 0.967993 0.623232 0.014425 0.014086
