0 0.195541 0.749597 0.013615 0.013630
0 0.900577 0.458807 0.013108 0.013019
0 0.861605 0.437995 0.012163 0.012239
0 0.638449 0.582735 0.012626 0.012542
0 0.657082 0.494402 0.012839 0.012825
0 0.582830 0.049516 0.012915 0.012717
0 0.015207 0.335059 0.012878 0.012702
0 0.514112 0.095461 0.012827 0.012880
0 0.163666 0.796533 0.012970 0.012899
0 0.045361 0.700750 0.012556 0.012599
0 0.866850 0.630045 0.013261 0.013199
0 0.812361 0.457178 0.012961 0.012644
0 0.132385 0.731440 0.013065 0.012970
0 0.278744 0.436154 0.012147 0.012051
0 0.397880 0.459109 0.013059 0.012865
0 0.219088 0.890973 0.013699 0.013390
0 0.776562 0.031910 0.013372 0.012928
0 0.759912 0.017130 0.013463 0.013262
0 0.765397 0.665273 0.012234 0.012204
0 0.657349 0.630479 0.012845 0.012867
0 0.691935 0.557114 0.012075 0.012166
0 0.921942 0.569312 0.012874 0.013097
0 0.071816 0.838293 0.013087 0.012975
0 0.425368 0.451100 0.012276 0.012341
0 0.188892 0.046160 0.012573 0.012600
0 0.955431 0.509992 0.015179 0.014701
0 0.008686 0.181904 0.011437 0.011446
0 0.660924 0.429698 0.012493 0.012595
0 0.227572 0.799699 0.011879 0.012064
0 0.057741 0.458572 0.012800 0.012895
0 0.890416 0.029592 0.012892 0.013038
0 0.861175 0.352175 0.013131 0.013032
0 0.300788 0.532390 0.013348 0.013298
0 0.793711 0.479498 0.013539 0.013487
0 0.020254 0.412792 0.013573 0.013779
0 0.735127 0.621290 0.014370 0.014414
0 0.530565 0.899935 0.012583 0.012780
0 0.334833 0.465186 0.012744 0.012844
0 0.144332 0.955841 0.012745 0.012864
0 0.541033 0.048501 0.011409 0.011392
0 0.127173 0.240186 0.013031 0.013004
0 0.148488 0.408178 0.013197 0.013326
0 0.715300 0.520218 0.013498 0.013834
0 0.628956 0.780595 0.013158 0.013127
0 0.137356 0.525660 0.012541 0.012675
0 0.314475 0.316259 0.012228 0.012287
0 0.628646 0.661877 0.012253 0.012194
0 0.712996 0.317315 0.012476 0.012595
0 0.326320 0.201068 0.013084 0.013126
0 0.262820 0.910194 0.011619 0.011561
0 0.452897 0.274811 0.015274 0.015354
0 0.098485 0.557103 0.012704 0.012369
0 0.583403 0.203335 0.013161 0.013176
0 0.155821 0.013791 0.011617 0.012015
0 0.104223 0.676819 0.014151 0.014102
0 0.532064 0.296020 0.013222 0.013272
0 0.140732 0.146235 0.011776 0.011741
0 0.650514 0.525125 0.013918 0.014417
0 0.490822 0.675640 0.012701 0.012885
0 0.021088 0.790911 0.013987 0.014079
0 0.995986 0.451736 0.008028 0.013575
0 0.817311 0.973675 0.012218 0.012251
0 0.945233 0.048760 0.013456 0.013511
0 0.439471 0.812830 0.012798 0.012925
0 0.750576 0.067068 0.013480 0.013313
0 0.574404 0.576805 0.012440 0.012231
0 0.162424 0.127625 0.011648 0.011883
0 0.799450 0.554044 0.012314 0.012357
0 0.646317 0.860428 0.012547 0.012490
0 0.940043 0.071157 0.013501 0.013595
0 0.821772 0.650594 0.013924 0.014182
0 0.611956 0.532070 0.011489 0.011590
0 0.821552 0.516542 0.014270 0.014284
0 0.513679 0.971116 0.010580 0.010599
0 0.779990 0.523105 0.011879 0.012086
0 0.463682 0.072336 0.012182 0.012048
0 0.098985 0.135511 0.011614 0.011426
0 0.486477 0.628668 0.011723 0.011389
0 0.181235 0.320038 0.011650 0.011315
0 0.071521 0.976785 0.011376 0.011534
0 0.408946 0.912870 0.010962 0.011047
0 0.285656 0.675721 0.012114 0.012408
0 0.834413 0.491729 0.011936 0.012159
0 0.402174 0.996887 0.013186 0.006226
0 0.484703 0.958836 0.012364 0.012075
0 0.734727 0.866338 0.012346 0.012328
0 0.814723 0.727091 0.012843 0.013106
0 0.438601 0.674916 0.012063 0.012144
0 0.533893 0.453771 0.010990 0.010774
0 0.807214 0.747955 0.011208 0.011006
0 0.822211 0.750569 0.013192 0.013392
0 0.640540 0.875646 0.012573 0.012388
0 0.954990 0.783914 0.012971 0.012882
0 0.829188 0.597400 0.014078 0.013416
0 0.940206 0.382477 0.013493 0.013588
0 0.401014 0.836823 0.014030 0.014042
0 0.526739 0.958522 0.011869 0.011855
0 0.633087 0.337325 0.012133 0.012401
0 0.490650 0.535060 0.013212 0.013001
0 0.866435 0.853485 0.011601 0.011876
0 0.825440 0.912812 0.011488 0.011662
0 0.802421 0.992400 0.010909 0.011062
