0 0.145686 0.303144 0.012624 0.012535
0 0.096416 0.117068 0.012067 0.012005
0 0.748624 0.617253 0.012920 0.012937
0 0.241598 0.204566 0.014129 0.014009
0 0.443145 0.513217 0.012974 0.012704
0 0.398265 0.075913 0.013776 0.013512
0 0.761857 0.449781 0.013216 0.013172
0 0.202996 0.506761 0.012484 0.012445
0 0.225631 0.157533 0.012858 0.012657
0 0.241062 0.049902 0.014004 0.013934
0 0.634029 0.199500 0.013853 0.013908
0 0.466368 0.132951 0.013801 0.013838
0 0.662627 0.585200 0.012881 0.012902
0 0.794184 0.192438 0.012699 0.012689
0 0.431770 0.125069 0.011770 0.011561
0 0.710299 0.957043 0.012971 0.012802
0 0.760396 0.295955 0.011830 0.011738
0 0.091970 0.086040 0.014044 0.014121
0 0.054137 0.139513 0.012097 0.012049
0 0.869912 0.682719 0.012833 0.012921
0 0.980721 0.345188 0.012189 0.012149
0 0.602816 0.034627 0.012292 0.012158
0 0.860434 0.317000 0.013013 0.012898
0 0.764534 0.254834 0.013866 0.013682
0 0.443994 0.641851 0.012327 0.012510
0 0.405104 0.626498 0.011887 0.011766
0 0.525515 0.347725 0.013426 0.013542
0 0.184801 0.658715 0.013486 0.013358
0 0.814812 0.451055 0.012820 0.012888
0 0.688318 0.272506 0.012879 0.012776
0 0.900915 0.444748 0.012251 0.012398
0 0.510400 0.327959 0.014130 0.013987
0 0.260329 0.547904 0.012624 0.012538
0 0.461507 0.750717 0.013369 0.013332
0 0.109987 0.647710 0.013550 0.013408
0 0.423858 0.737978 0.013072 0.012955
0 0.084119 0.055813 0.012950 0.013160
0 0.263908 0.313200 0.012128 0.012195
0 0.854759 0.603385 0.012525 0.012844
0 0.590273 0.711798 0.013908 0.013983
0 0.814351 0.858521 0.012703 0.012452
0 0.526387 0.431579 0.012089 0.012088
0 0.691409 0.071093 0.012580 0.012471
0 0.177005 0.710764 0.013652 0.013477
0 0.239400 0.504964 0.012131 0.012039
0 0.703309 0.755083 0.012498 0.012331
0 0.204408 0.902850 0.011885 0.011625
0 0.629899 0.054773 0.011634 0.011592
0 0.127000 0.277932 0.011344 0.011140
0 0.238790 0.879798 0.014123 0.014063
0 0.550729 0.180136 0.012422 0.012439
0 0.543519 0.841716 0.012528 0.012567
0 0.095954 0.835219 0.013998 0.013819
0 0.461503 0.959398 0.013379 0.013365
0 0.040091 0.302432 0.013715 0.013583
0 0.875310 0.472885 0.011035 0.010899
0 0.490373 0.881408 0.012205 0.012655
0 0.609677 0.548121 0.013772 0.013708
0 0.205010 0.469585 0.010617 0.010919
0 0.601606 0.672280 0.010100 0.009968
0 0.933688 0.995164 0.013697 0.009640
0 0.804127 0.707980 0.011026 0.011040
0 0.665650 0.105468 0.011981 0.011992
0 0.434237 0.237889 0.011614 0.011508
0 0.187363 0.889911 0.013510 0.013490
0 0.051923 0.552562 0.011651 0.011722
0 0.912296 0.650721 0.012572 0.012628
0 0.487712 0.010810 0.011661 0.011896
0 0.265286 0.566862 0.010894 0.010858
0 0.363369 0.801786 0.012560 0.012289
0 0.404444 0.778596 0.010715 0.010741
0 0.575182 0.050668 0.012440 0.012178
0 0.543890 0.975579 0.013796 0.013555
0 0.222854 0.467572 0.013190 0.013138
0 0.494064 0.542316 0.011013 0.011263
0 0.212971 0.806791 0.011720 0.012032
0 0.282431 0.852728 0.010963 0.011199
0 0.108103 0.979167 0.013870 0.013798
0 0.792360 0.059616 0.012236 0.012309
0 0.137201 0.876003 0.010231 0.010148
0 0.787576 0.004693 0.012808 0.009385
0 0.785757 0.072217 0.012348 0.012618
0 0.018368 0.459868 0.010829 0.010860
0 0.028976 0.873714 0.012706 0.012824
0 0.967007 0.570412 0.010330 0.010199
0 0.002888 0.478534 0.005703 0.010330
0 0.483049 0.036981 0.012314 0.012246
0 0.238904 0.905632 0.011899 0.012112
