0 0.115800 0.068826 0.012361 0.012261
0 0.748726 0.615879 0.012187 0.011983
0 0.071079 0.257119 0.012973 0.012817
0 0.214682 0.425342 0.012922 0.012770
0 0.902416 0.583760 0.012204 0.012170
0 0.243217 0.540906 0.012853 0.012435
0 0.794873 0.341733 0.012493 0.012474
0 0.249504 0.407234 0.011927 0.012078
0 0.459110 0.958349 0.012072 0.012177
0 0.867320 0.541879 0.011390 0.011547
0 0.187328 0.889126 0.013156 0.013082
0 0.295134 0.686121 0.013196 0.013235
0 0.040041 0.555968 0.012169 0.012134
0 0.821001 0.419444 0.011776 0.011857
0 0.390237 0.936383 0.012680 0.012622
0 0.052289 0.838929 0.013227 0.013180
0 0.524739 0.346554 0.012913 0.012798
0 0.585194 0.677280 0.013474 0.013751
0 0.669284 0.538003 0.012701 0.012836
0 0.352005 0.403915 0.012438 0.012422
0 0.223881 0.466884 0.012285 0.012215
0 0.150332 0.070674 0.011401 0.011212
0 0.943626 0.685236 0.011885 0.011803
0 0.542704 0.973452 0.011992 0.011893
0 0.114025 0.092915 0.011985 0.011963
0 0.346192 0.296875 0.020518 0.020141
0 0.321904 0.694309 0.011145 0.011434
0 0.165291 0.479335 0.011515 0.011634
0 0.129000 0.853734 0.012370 0.012607
0 0.628577 0.137857 0.013223 0.013181
0 0.756503 0.906867 0.012493 0.012416
0 0.485338 0.961615 0.012317 0.012173
0 0.225579 0.648966 0.012559 0.012363
0 0.575128 0.202995 0.009608 0.009870
0 0.092912 0.984056 0.011869 0.011723
0 0.329445 0.173479 0.012702 0.012514
0 0.004325 0.714703 0.008649 0.013589
0 0.596625 0.294993 0.011481 0.011712
0 0.992562 0.739831 0.014180 0.014876
0 0.286231 0.588697 0.011163 0.011565
0 0.205858 0.709506 0.013319 0.013096
0 0.346026 0.422043 0.012219 0.012334
0 0.331646 0.517635 0.011662 0.011561
0 0.741224 0.111417 0.011169 0.011432
0 0.463301 0.088577 0.011077 0.010833
0 0.125102 0.566588 0.012301 0.012014
0 0.856056 0.293860 0.011472 0.011599
0 0.370060 0.228426 0.013507 0.013484
0 0.701176 0.445660 0.012554 0.012362
0 0.372648 0.299207 0.012841 0.012654
0 0.399661 0.607211 0.011014 0.011073
0 0.175191 0.006707 0.011516 0.011594
0 0.084228 0.355559 0.011837 0.011747
0 0.448944 0.213864 0.015045 0.015199
0 0.624144 0.534725 0.012831 0.012725
0 0.847443 0.718360 0.018992 0.018461
0 0.110029 0.979729 0.013500 0.013477
0 0.582771 0.109636 0.011197 0.011109
0 0.701262 0.822888 0.017438 0.016684
0 0.839194 0.794749 0.009314 0.008857
0 0.226524 0.713829 0.011799 0.011215
0 0.491440 0.744147 0.011032 0.010843
0 0.553769 0.836348 0.011895 0.011702
0 0.197063 0.926939 0.010933 0.010170
0 0.223241 0.984410 0.011554 0.011686
0 0.145428 0.957027 0.013941 0.014046
0 0.524191 0.016099 0.014234 0.016106
0 0.530616 0.636145 0.020983 0.021039
