0 0.136056 0.448499 0.013580 0.013504
0 0.290670 0.201984 0.013114 0.013207
0 0.786403 0.141034 0.013434 0.013248
0 0.311320 0.165963 0.012664 0.012347
0 0.110766 0.818045 0.014115 0.013914
0 0.593744 0.162029 0.013309 0.013050
0 0.278237 0.563518 0.012979 0.012949
0 0.604021 0.900093 0.012461 0.012370
0 0.703277 0.525186 0.013041 0.013181
0 0.912260 0.913104 0.012842 0.012567
0 0.297778 0.602229 0.013298 0.013248
0 0.815895 0.966330 0.011860 0.011832
0 0.645195 0.936692 0.013500 0.013609
0 0.251989 0.133078 0.012965 0.012940
0 0.155767 0.795036 0.013184 0.013039
0 0.554361 0.815737 0.012932 0.012976
0 0.196421 0.379603 0.012387 0.012234
0 0.805544 0.485038 0.014041 0.014170
0 0.060289 0.471259 0.013519 0.013390
0 0.579074 0.262375 0.012694 0.012650
0 0.601242 0.214604 0.012776 0.012734
0 0.029375 0.686125 0.013879 0.013814
0 0.605660 0.512446 0.013342 0.013245
0 0.407477 0.403766 0.013279 0.013367
0 0.039732 0.583084 0.012839 0.012726
0 0.757401 0.282565 0.012600 0.012558
0 0.191953 0.497310 0.013037 0.012979
0 0.406820 0.158638 0.012644 0.012314
0 0.431253 0.688855 0.013354 0.013362
0 0.963854 0.809955 0.014435 0.014424
0 0.553774 0.111369 0.013403 0.013326
0 0.804595 0.024633 0.013219 0.013066
0 0.217198 0.338847 0.013047 0.013121
0 0.420157 0.301532 0.013538 0.013483
0 0.441262 0.186115 0.013543 0.013527
0 0.385774 0.384159 0.013274 0.013112
0 0.939058 0.536405 0.012959 0.013057
0 0.874514 0.085413 0.013998 0.013954
0 0.476319 0.115828 0.013080 0.012962
0 0.539524 0.395192 0.012544 0.012349
0 0.152595 0.234168 0.013566 0.013430
0 0.857914 0.071112 0.014320 0.014301
0 0.053945 0.840262 0.013216 0.013213
0 0.793703 0.326221 0.014164 0.014121
0 0.891510 0.386346 0.013110 0.013014
0 0.682671 0.904420 0.012840 0.012727
0 0.107975 0.161472 0.013579 0.013578
0 0.463646 0.769878 0.013591 0.013724
0 0.866209 0.629975 0.013324 0.013150
0 0.335503 0.336509 0.013560 0.013598
0 0.449075 0.807155 0.013536 0.013426
0 0.046217 0.418862 0.014098 0.013951
0 0.263675 0.071641 0.012862 0.012709
0 0.812824 0.865628 0.012963 0.012991
0 0.084608 0.907065 0.013199 0.013303
0 0.976840 0.605362 0.013480 0.013419
0 0.788189 0.620317 0.013163 0.013096
0 0.961130 0.573667 0.012365 0.012380
0 0.085865 0.256693 0.013425 0.013591
0 0.270165 0.613430 0.012731 0.012834
0 0.369198 0.617761 0.012998 0.012883
0 0.787411 0.866300 0.012665 0.012605
0 0.622757 0.441649 0.012921 0.012814
0 0.060015 0.955632 0.013113 0.012996
0 0.426571 0.535126 0.012553 0.012241
0 0.617993 0.700584 0.013936 0.014002
0 0.526202 0.217563 0.013501 0.013687
0 0.468443 0.825810 0.012944 0.012985
0 0.912966 0.749972 0.013399 0.013277
0 0.740384 0.366740 0.013165 0.013256
0 0.546684 0.243608 0.013423 0.013451
0 0.716970 0.637184 0.013501 0.013324
0 0.711470 0.100103 0.012335 0.012381
0 0.522673 0.570723 0.013070 0.013024
0 0.138680 0.271886 0.012688 0.012531
0 0.840193 0.944622 0.012468 0.012360
0 0.712148 0.143409 0.013972 0.013906
0 0.613597 0.780543 0.014126 0.014379
0 0.168123 0.991397 0.012244 0.011917
0 0.185588 0.011677 0.013795 0.013742
0 0.279308 0.915189 0.013174 0.013205
0 0.900356 0.221006 0.013010 0.013029
0 0.769143 0.440943 0.013170 0.013154
0 0.832161 0.139441 0.013441 0.013729
0 0.669884 0.699955 0.012408 0.012413
0 0.091134 0.681498 0.013204 0.012983
0 0.883850 0.789548 0.014050 0.014298
0 0.053231 0.909392 0.013808 0.013557
0 0.072604 0.304735 0.013036 0.012898
0 0.921750 0.138889 0.015498 0.015336
0 0.191879 0.176941 0.013686 0.013446
0 0.547058 0.428032 0.012049 0.011871
0 0.686021 0.303877 0.013083 0.012979
0 0.458426 0.575215 0.012470 0.012597
0 0.338545 0.825829 0.013468 0.013389
0 0.898332 0.048453 0.013699 0.013519
0 0.043835 0.192594 0.014448 0.014324
0 0.629374 0.633678 0.013260 0.013588
0 0.785504 0.367412 0.013954 0.013982
0 0.467771 0.500591 0.012984 0.013250
0 0.066319 0.095405 0.013705 0.013620
0 0.581365 0.744195 0.013031 0.013062
0 0.113813 0.304550 0.013542 0.013528
0 0.185162 0.110564 0.014001 0.014079
0 0.658229 0.840536 0.013906 0.013806
0 0.839968 0.357871 0.013753 0.013848
0 0.746338 0.989508 0.014238 0.013888
0 0.557794 0.575903 0.013644 0.013685
0 0.049209 0.232512 0.013288 0.013171
0 0.605886 0.680149 0.013395 0.013701
0 0.540951 0.559993 0.014601 0.014436
0 0.533264 0.656640 0.013988 0.014138
0 0.007803 0.555698 0.013191 0.012930
0 0.032196 0.086822 0.012638 0.012610
0 0.078624 0.877004 0.014027 0.013701
0 0.211465 0.805954 0.013931 0.014031
0 0.685757 0.570182 0.013505 0.013326
0 0.039687 0.948696 0.013068 0.012923
0 0.221422 0.067940 0.013038 0.013087
0 0.480918 0.418083 0.012946 0.013047
0 0.338445 0.084961 0.014438 0.014386
0 0.746821 0.405950 0.013458 0.013434
0 0.359860 0.593783 0.014786 0.014629
0 0.878264 0.170109 0.013153 0.013130
0 0.848967 0.960498 0.011702 0.011520
0 0.226159 0.679164 0.014942 0.014745
0 0.885161 0.411335 0.014153 0.014023
0 0.386076 0.911255 0.012953 0.012739
0 0.317113 0.038595 0.012952 0.012961
0 0.790097 0.187122 0.012732 0.012347
0 0.852121 0.559045 0.014985 0.014898
0 0.641825 0.253018 0.015312 0.015560
0 0.331241 0.764182 0.013509 0.013654
0 0.829629 0.378821 0.012795 0.012709
0 0.012677 0.526272 0.013333 0.013651
0 0.186413 0.229361 0.014224 0.014036
0 0.414167 0.010361 0.012976 0.013017
0 0.701834 0.610271 0.013457 0.013463
0 0.480897 0.267027 0.014616 0.014535
0 0.022946 0.381484 0.013856 0.013650
0 0.483590 0.941006 0.012597 0.012244
0 0.410584 0.622290 0.013339 0.013451
0 0.746871 0.116282 0.014416 0.014521
0 0.375418 0.196451 0.012910 0.012986
0 0.027641 0.990030 0.011633 0.011420
0 0.355169 0.335500 0.014424 0.014170
0 0.962302 0.878380 0.014314 0.014000
0 0.526122 0.022577 0.013455 0.013312
0 0.504127 0.481156 0.013174 0.013314
0 0.658854 0.686534 0.011951 0.012056
0 0.473917 0.302083 0.013382 0.013336
0 0.790718 0.004790 0.012350 0.009573
0 0.188745 0.550739 0.014310 0.014481
0 0.367332 0.649275 0.013302 0.013230
0 0.939129 0.870953 0.012828 0.012516
0 0.801100 0.219859 0.014896 0.015059
0 0.446879 0.905733 0.013707 0.014113
0 0.924216 0.841536 0.012682 0.012448
0 0.018631 0.050212 0.013199 0.012935
0 0.941006 0.845260 0.012585 0.012549
0 0.771335 0.597651 0.014574 0.014780
0 0.205904 0.158925 0.014502 0.014131
0 0.680139 0.258411 0.012575 0.012472
0 0.130508 0.843706 0.013745 0.013545
0 0.050686 0.044386 0.014071 0.013856
0 0.164830 0.564587 0.013119 0.013283
0 0.975988 0.175786 0.012831 0.012677
0 0.452458 0.013850 0.013741 0.013718
0 0.739433 0.318963 0.013659 0.013970
0 0.269775 0.667996 0.013142 0.013262
0 0.026607 0.886899 0.012410 0.012584
0 0.978501 0.990109 0.013011 0.012943
0 0.845206 0.184713 0.014679 0.014695
0 0.776300 0.458483 0.014038 0.013939
0 0.397416 0.606911 0.012291 0.012289
0 0.009276 0.267375 0.013390 0.013223
0 0.844040 0.700967 0.015392 0.014024
0 0.963822 0.165488 0.014844 0.014759
0 0.529698 0.434370 0.012164 0.011992
0 0.018954 0.445593 0.014185 0.014090
0 0.950141 0.011288 0.013252 0.013497
0 0.011402 0.861985 0.013267 0.013535
0 0.514133 0.465305 0.012668 0.012902
0 0.837632 0.603095 0.012720 0.012513
0 0.266538 0.719558 0.013985 0.013889
0 0.107536 0.843379 0.013577 0.013824
0 0.917187 0.440483 0.012758 0.012535
0 0.346023 0.292165 0.023482 0.023620
0 0.449728 0.613750 0.012413 0.012959
0 0.995175 0.089868 0.009651 0.015145
0 0.112586 0.393491 0.012999 0.013031
0 0.478857 0.439247 0.013699 0.013728
0 0.500204 0.108711 0.015140 0.015454
0 0.982087 0.192275 0.013071 0.013196
0 0.100060 0.401543 0.013792 0.014114
0 0.025393 0.309272 0.013502 0.013471
0 0.248708 0.931756 0.013866 0.013212
0 0.414129 0.431265 0.016166 0.015543
0 0.417634 0.430537 0.015779 0.015582
0 0.998281 0.651201 0.003438 0.013147
0 0.387981 0.972624 0.012832 0.012586
0 0.864884 0.012070 0.013073 0.013029
0 0.845563 0.703878 0.018162 0.017288
0 0.412002 0.432042 0.015568 0.015281
0 0.244266 0.728135 0.013461 0.013411
0 0.532950 0.631388 0.022861 0.023017
0 0.884739 0.833678 0.013144 0.013057
