0 0.298248 0.319029 0.013453 0.013235
0 0.369659 0.090568 0.013137 0.012889
0 0.788980 0.333192 0.013075 0.013157
0 0.091363 0.805961 0.013276 0.013203
0 0.185783 0.363242 0.012530 0.012495
0 0.851653 0.656847 0.012917 0.012850
0 0.810592 0.427131 0.013838 0.013808
0 0.232134 0.195730 0.012770 0.012758
0 0.467040 0.194601 0.013815 0.013155
0 0.155704 0.472319 0.012124 0.012054
0 0.567074 0.210397 0.013165 0.013296
0 0.482931 0.752995 0.012489 0.012365
0 0.966869 0.889553 0.014116 0.014226
0 0.581372 0.414196 0.013758 0.013607
0 0.377412 0.650085 0.014253 0.014284
0 0.896109 0.901542 0.013122 0.013133
0 0.511210 0.530896 0.013626 0.013647
0 0.842658 0.909596 0.013865 0.013663
0 0.207824 0.729010 0.013959 0.013852
0 0.968939 0.447379 0.013050 0.013054
0 0.273414 0.189106 0.012126 0.011964
0 0.121558 0.114134 0.013091 0.012864
0 0.388921 0.572990 0.013199 0.012971
0 0.411539 0.078228 0.012816 0.012360
0 0.178953 0.751189 0.013811 0.013807
0 0.141096 0.271666 0.012845 0.012655
0 0.908969 0.518174 0.013173 0.013225
0 0.938143 0.660246 0.011239 0.011201
0 0.941795 0.335196 0.012207 0.012153
0 0.473865 0.365420 0.012067 0.012126
0 0.760885 0.479741 0.013371 0.013351
0 0.939630 0.698468 0.013721 0.013769
0 0.555776 0.634460 0.013627 0.013610
0 0.477465 0.705596 0.011849 0.011784
0 0.488394 0.301143 0.013965 0.013945
0 0.093327 0.899425 0.012979 0.012970
0 0.953587 0.567523 0.013623 0.013698
0 0.366592 0.439155 0.012004 0.012043
0 0.806783 0.654876 0.011818 0.011746
0 0.205355 0.060142 0.012955 0.013087
0 0.444829 0.483631 0.012422 0.012652
0 0.736778 0.526536 0.013472 0.013170
0 0.021169 0.354771 0.012744 0.012772
0 0.644488 0.426304 0.014417 0.014323
0 0.733880 0.619678 0.012815 0.012523
0 0.836832 0.729455 0.013630 0.013563
0 0.899916 0.245596 0.013215 0.013210
0 0.177749 0.635943 0.012247 0.011962
0 0.379323 0.687638 0.012390 0.012410
0 0.142823 0.921502 0.013373 0.013424
0 0.513007 0.379349 0.014158 0.014178
0 0.942200 0.504952 0.012357 0.012221
0 0.260792 0.269997 0.011383 0.011300
0 0.380444 0.497653 0.015734 0.015571
0 0.335594 0.639140 0.011871 0.011730
0 0.320956 0.067848 0.013416 0.013432
0 0.511574 0.573673 0.012883 0.012884
0 0.538310 0.100222 0.013801 0.013804
0 0.690300 0.275703 0.012318 0.012101
0 0.117675 0.516917 0.012777 0.012674
0 0.766884 0.253495 0.012789 0.012721
0 0.897939 0.299593 0.013667 0.013642
0 0.479823 0.238724 0.011926 0.012248
0 0.342432 0.065924 0.013025 0.013000
0 0.296822 0.860055 0.013935 0.013855
0 0.028231 0.455227 0.012587 0.012644
0 0.828323 0.289147 0.012558 0.012541
0 0.382257 0.390889 0.012634 0.012447
0 0.172066 0.301996 0.012532 0.012560
0 0.406396 0.818083 0.012978 0.013142
0 0.487419 0.046612 0.012561 0.012551
0 0.687844 0.556200 0.013142 0.013125
0 0.977775 0.304054 0.012288 0.012246
0 0.696307 0.307223 0.012654 0.012787
0 0.183161 0.923580 0.013965 0.014026
0 0.663846 0.797762 0.011731 0.011453
0 0.402020 0.934726 0.013615 0.013416
0 0.273697 0.703696 0.013639 0.013397
0 0.552942 0.346494 0.012818 0.012817
0 0.816450 0.134121 0.011538 0.011435
0 0.855020 0.389006 0.014134 0.014033
0 0.192965 0.496943 0.012055 0.011878
0 0.026373 0.784499 0.014267 0.014186
0 0.119333 0.415954 0.010944 0.010705
0 0.552288 0.561291 0.011970 0.011886
0 0.225868 0.356146 0.011476 0.011358
0 0.609751 0.329384 0.017829 0.017792
0 0.253167 0.870006 0.011281 0.011215
0 0.375630 0.737020 0.012997 0.013297
0 0.079866 0.155668 0.013520 0.013069
0 0.835606 0.604680 0.013317 0.013261
0 0.724239 0.709329 0.013319 0.013143
0 0.793807 0.129253 0.012464 0.012704
0 0.287246 0.290073 0.012067 0.011648
0 0.487671 0.835969 0.012092 0.011869
0 0.179978 0.794756 0.013956 0.014004
0 0.521558 0.122945 0.013473 0.013649
0 0.311575 0.593596 0.011847 0.012059
0 0.820186 0.014904 0.012703 0.012957
0 0.212469 0.478217 0.012772 0.013072
0 0.995225 0.022863 0.009482 0.011574
0 0.614325 0.278280 0.010509 0.010467
0 0.967825 0.555988 0.013519 0.013582
0 0.875659 0.698746 0.012475 0.012186
0 0.591665 0.355619 0.012766 0.012710
0 0.833352 0.104625 0.013231 0.012990
0 0.959249 0.660565 0.011403 0.011460
0 0.725964 0.854183 0.012726 0.012880
0 0.318075 0.476073 0.013760 0.014170
0 0.524378 0.751115 0.013957 0.014161
0 0.994211 0.333617 0.011579 0.013080
0 0.183740 0.119919 0.012514 0.012559
0 0.411863 0.590604 0.013116 0.013233
0 0.868000 0.503569 0.012327 0.012197
0 0.004284 0.266734 0.008567 0.012379
0 0.046020 0.827919 0.012072 0.012005
0 0.932032 0.263635 0.013299 0.014102
0 0.529007 0.635122 0.017049 0.017121
0 0.962487 0.176221 0.010961 0.011012
0 0.079767 0.728351 0.012988 0.012974
0 0.914039 0.147780 0.012674 0.012529
0 0.563164 0.951450 0.013211 0.012759
0 0.004738 0.726403 0.009475 0.013186
0 0.157306 0.277507 0.012650 0.012822
0 0.967480 0.535192 0.011941 0.011934
0 0.347807 0.790916 0.012300 0.012050
0 0.664600 0.216665 0.011513 0.011333
0 0.574586 0.453639 0.014741 0.014944
0 0.306935 0.956740 0.011990 0.012006
0 0.996084 0.599518 0.007752 0.013571
0 0.234962 0.399698 0.014872 0.015037
0 0.754481 0.349477 0.012726 0.012655
0 0.557313 0.054976 0.014223 0.014146
0 0.880245 0.464770 0.013696 0.013755
0 0.309778 0.563205 0.011778 0.011574
0 0.480208 0.016763 0.012526 0.012458
0 0.777985 0.746165 0.015129 0.015514
0 0.720367 0.836802 0.011888 0.012104
0 0.297289 0.472918 0.013123 0.012348
0 0.528492 0.725269 0.012429 0.012119
0 0.345667 0.290421 0.024679 0.024562
0 0.990859 0.243998 0.011765 0.011611
0 0.708085 0.055094 0.013736 0.013747
0 0.454674 0.416195 0.012859 0.012746
0 0.834647 0.943336 0.011017 0.011056
0 0.144804 0.089021 0.012861 0.012783
0 0.334539 0.571520 0.015056 0.015030
0 0.411615 0.752513 0.012961 0.012927
0 0.049360 0.263993 0.014317 0.014843
0 0.097823 0.567690 0.012648 0.012459
0 0.540991 0.050906 0.016579 0.016688
0 0.591023 0.998200 0.011757 0.003595
0 0.135179 0.158208 0.012044 0.011477
0 0.515812 0.641559 0.009845 0.010376
0 0.279524 0.720757 0.010979 0.011330
0 0.336769 0.424272 0.015666 0.015454
0 0.481771 0.767940 0.012643 0.012557
0 0.604565 0.719627 0.012702 0.012791
0 0.033187 0.965504 0.011344 0.011374
0 0.184827 0.389233 0.012753 0.012488
0 0.269807 0.131482 0.015255 0.015346
0 0.217292 0.686486 0.010582 0.010819
0 0.152749 0.722683 0.012838 0.012470
0 0.119499 0.281536 0.013547 0.013721
0 0.136913 0.157235 0.013037 0.012531
0 0.652455 0.343751 0.013542 0.013534
0 0.316958 0.582016 0.011480 0.011102
0 0.446680 0.026906 0.008992 0.009161
0 0.577252 0.742781 0.009878 0.010173
0 0.396600 0.195017 0.015443 0.015623
0 0.051599 0.757063 0.013067 0.013124
0 0.231024 0.282109 0.013806 0.014247
0 0.850053 0.710138 0.023189 0.022550
0 0.998121 0.222959 0.003716 0.010218
0 0.368744 0.125139 0.010460 0.010123
0 0.042207 0.027352 0.011817 0.011773
0 0.508707 0.468334 0.016104 0.015911
0 0.369270 0.123434 0.011513 0.011189
