0 0.318439 0.410515 0.013377 0.013236
0 0.343090 0.464467 0.013373 0.013269
0 0.786138 0.141179 0.013436 0.013335
0 0.130711 0.265160 0.012892 0.012919
0 0.212620 0.562085 0.013777 0.013612
0 0.793576 0.541476 0.012430 0.012397
0 0.868773 0.899166 0.013930 0.013984
0 0.282697 0.475389 0.013615 0.013459
0 0.890623 0.656352 0.013013 0.012990
0 0.175557 0.833854 0.012539 0.012357
0 0.593560 0.162579 0.013433 0.013185
0 0.869489 0.116489 0.013155 0.013206
0 0.093537 0.204456 0.013586 0.013320
0 0.603839 0.899622 0.012696 0.012575
0 0.863088 0.385556 0.012991 0.012947
0 0.927672 0.490877 0.012774 0.012660
0 0.702122 0.216221 0.013057 0.012994
0 0.029790 0.686416 0.014243 0.014305
0 0.540952 0.334148 0.013684 0.013551
0 0.535709 0.156469 0.011869 0.011816
0 0.803151 0.614603 0.012955 0.013032
0 0.212779 0.350702 0.013308 0.013156
0 0.539804 0.395880 0.013095 0.013166
0 0.327161 0.668581 0.013640 0.013578
0 0.955905 0.624077 0.012789 0.012653
0 0.152567 0.793298 0.013185 0.013177
0 0.745565 0.883378 0.012546 0.012524
0 0.550745 0.570706 0.012671 0.012540
0 0.662531 0.273010 0.014522 0.014430
0 0.457954 0.714129 0.013194 0.013225
0 0.645467 0.936631 0.013145 0.013186
0 0.543541 0.254536 0.012770 0.012648
0 0.526844 0.219210 0.013881 0.013959
0 0.800546 0.516529 0.013325 0.013155
0 0.834722 0.771758 0.012594 0.012455
0 0.233198 0.373257 0.012797 0.012811
0 0.385888 0.787706 0.012330 0.012312
0 0.764713 0.900541 0.014373 0.014269
0 0.870197 0.539232 0.013959 0.013905
0 0.857542 0.071326 0.014365 0.014277
0 0.657847 0.529360 0.013809 0.013759
0 0.290728 0.202342 0.012892 0.012998
0 0.912994 0.800500 0.012645 0.012747
0 0.178974 0.785444 0.013905 0.013648
0 0.866868 0.942922 0.013335 0.013403
0 0.263386 0.072209 0.012903 0.012701
0 0.243071 0.129676 0.012879 0.012949
0 0.452804 0.607367 0.013315 0.013328
0 0.744528 0.273127 0.011965 0.012015
0 0.051623 0.033560 0.013327 0.013177
0 0.512409 0.571620 0.013002 0.012945
0 0.900521 0.454947 0.012737 0.012794
0 0.833922 0.286069 0.013761 0.013567
0 0.804578 0.025407 0.012391 0.012205
0 0.126094 0.855543 0.013640 0.013543
0 0.061852 0.956614 0.013326 0.013274
0 0.683080 0.559867 0.012599 0.012560
0 0.961074 0.574039 0.012276 0.012268
0 0.437673 0.818188 0.013721 0.013687
0 0.086451 0.714962 0.013472 0.013388
0 0.424839 0.560334 0.012989 0.012800
0 0.293308 0.006687 0.012772 0.012894
0 0.522445 0.412141 0.014248 0.014195
0 0.701886 0.352663 0.015247 0.015396
0 0.778008 0.263850 0.012807 0.012816
0 0.532479 0.434197 0.012982 0.012926
0 0.111816 0.391050 0.013270 0.013215
0 0.776211 0.458781 0.014072 0.014065
0 0.480937 0.111433 0.013132 0.012884
0 0.388111 0.695518 0.012548 0.012397
0 0.426612 0.848721 0.012774 0.012815
0 0.724060 0.576875 0.012977 0.013323
0 0.940123 0.742801 0.013947 0.014162
0 0.832224 0.139568 0.013698 0.013883
0 0.911269 0.069101 0.014750 0.014825
0 0.166231 0.528210 0.014321 0.014124
0 0.154508 0.428255 0.014327 0.014135
0 0.339703 0.084895 0.014226 0.014059
0 0.877550 0.170773 0.013336 0.013336
0 0.069793 0.408445 0.012867 0.012757
0 0.458248 0.576080 0.012680 0.012820
0 0.756621 0.116615 0.013113 0.013373
0 0.605934 0.679986 0.013282 0.013667
0 0.821767 0.822153 0.013486 0.013287
0 0.925152 0.206489 0.012905 0.012993
0 0.476953 0.184160 0.013367 0.013467
0 0.579186 0.262339 0.012316 0.012311
0 0.440511 0.123294 0.012903 0.012940
0 0.233221 0.897509 0.013155 0.013233
0 0.492088 0.451428 0.014160 0.014329
0 0.296673 0.620153 0.013531 0.013507
0 0.738415 0.319389 0.013041 0.012969
0 0.094737 0.514309 0.014711 0.014835
0 0.963644 0.879197 0.014032 0.013811
0 0.466709 0.656395 0.014559 0.014478
0 0.852059 0.583931 0.013251 0.012974
0 0.941797 0.845217 0.012634 0.012839
0 0.068890 0.975413 0.014779 0.014756
0 0.023583 0.380994 0.014152 0.013913
0 0.064434 0.526990 0.013609 0.013405
0 0.499643 0.708434 0.013819 0.013785
0 0.364523 0.190571 0.014049 0.014311
0 0.745292 0.407588 0.013162 0.013085
0 0.569641 0.719172 0.014477 0.014682
0 0.178456 0.601165 0.013211 0.013175
0 0.182002 0.863465 0.012810 0.013012
0 0.442593 0.934237 0.013101 0.013024
0 0.650741 0.009381 0.013452 0.013500
0 0.759213 0.978244 0.011700 0.011844
0 0.801525 0.220095 0.014866 0.014965
0 0.735263 0.043024 0.013599 0.013633
0 0.506726 0.888910 0.013671 0.013505
0 0.406251 0.363264 0.015018 0.015048
0 0.937742 0.871806 0.013675 0.013334
0 0.514156 0.874158 0.012157 0.011954
0 0.974749 0.175291 0.012838 0.012840
0 0.034695 0.983038 0.014283 0.014001
0 0.815034 0.966936 0.012048 0.012132
0 0.648890 0.904123 0.014141 0.013833
0 0.027503 0.886987 0.012482 0.012661
0 0.372247 0.940169 0.012266 0.012685
0 0.211576 0.090940 0.013825 0.013669
0 0.029334 0.172680 0.013910 0.013822
0 0.525822 0.013933 0.013240 0.013418
0 0.349186 0.210620 0.013841 0.013856
0 0.045144 0.233824 0.013251 0.013389
0 0.121246 0.313251 0.014949 0.015411
0 0.911118 0.924288 0.011421 0.011441
0 0.092733 0.394600 0.014465 0.014187
0 0.351631 0.796820 0.013454 0.013322
0 0.331311 0.763955 0.013601 0.013794
0 0.401568 0.939488 0.012282 0.012546
0 0.253545 0.988188 0.013295 0.013340
0 0.790405 0.187362 0.012235 0.011988
0 0.301238 0.172009 0.012789 0.012696
0 0.112590 0.125154 0.013909 0.013595
0 0.453305 0.014465 0.013880 0.013802
0 0.214015 0.767380 0.013584 0.013656
0 0.419091 0.414482 0.015923 0.015347
0 0.487703 0.339952 0.014090 0.014374
0 0.225589 0.681581 0.015524 0.015541
0 0.791399 0.365741 0.013274 0.013336
0 0.367565 0.648600 0.013516 0.013376
0 0.399575 0.551180 0.013486 0.013106
0 0.384256 0.980594 0.013321 0.013287
0 0.699790 0.420651 0.012443 0.012289
0 0.447079 0.906412 0.013653 0.013774
0 0.014020 0.447944 0.014636 0.014468
0 0.951808 0.006337 0.012494 0.012482
0 0.932290 0.898149 0.012756 0.012749
0 0.714127 0.628609 0.012946 0.013353
0 0.641587 0.252804 0.015105 0.015050
0 0.621031 0.103075 0.012387 0.012547
0 0.141170 0.301177 0.013059 0.013016
0 0.390701 0.567183 0.014172 0.014050
0 0.744492 0.064015 0.013729 0.013521
0 0.123630 0.508074 0.012218 0.011895
0 0.729360 0.994231 0.013971 0.011539
0 0.309463 0.045564 0.013927 0.013957
0 0.481151 0.266947 0.014779 0.014682
0 0.822114 0.005689 0.013306 0.011292
0 0.205485 0.986257 0.013663 0.014175
0 0.718984 0.062439 0.015552 0.015466
0 0.845059 0.185188 0.014635 0.014845
0 0.112787 0.825270 0.012657 0.012386
0 0.189514 0.550452 0.014035 0.014048
0 0.289468 0.679591 0.014139 0.013903
0 0.849176 0.710841 0.023284 0.023290
0 0.054535 0.844308 0.012767 0.012694
0 0.709004 0.426427 0.012809 0.012237
0 0.982285 0.193183 0.013458 0.013450
0 0.951995 0.469179 0.012915 0.012530
0 0.123015 0.057050 0.013131 0.012798
0 0.770582 0.599613 0.014501 0.014451
0 0.820867 0.867484 0.012462 0.012232
0 0.345993 0.290505 0.024306 0.024110
0 0.991577 0.386061 0.013302 0.012939
0 0.266610 0.720156 0.014025 0.013932
0 0.164005 0.564921 0.012952 0.013114
0 0.680890 0.625111 0.015681 0.015822
0 0.532541 0.629613 0.023786 0.023611
0 0.864156 0.011394 0.013027 0.013044
0 0.505807 0.298684 0.013117 0.013346
0 0.018593 0.299217 0.014279 0.013834
0 0.172855 0.011061 0.012090 0.012042
0 0.680188 0.627478 0.016136 0.015929
0 0.972225 0.627901 0.012504 0.012675
0 0.270228 0.669588 0.013720 0.014090
0 0.249319 0.183481 0.014682 0.014327
