0 0.706067 0.579502 0.012551 0.012623
0 0.065488 0.352040 0.012672 0.012597
0 0.461273 0.779932 0.013309 0.013207
0 0.499170 0.270946 0.012574 0.012586
0 0.103453 0.372248 0.011787 0.011857
0 0.469456 0.121965 0.012653 0.012540
0 0.818957 0.417480 0.012090 0.011910
0 0.486287 0.610567 0.012333 0.012359
0 0.869677 0.357006 0.011743 0.011501
0 0.718845 0.437493 0.012469 0.012197
0 0.123939 0.165682 0.013143 0.012976
0 0.749042 0.280390 0.012854 0.012763
0 0.929997 0.041096 0.011459 0.011454
0 0.947790 0.372831 0.011765 0.011549
0 0.396922 0.335750 0.012625 0.012617
0 0.676940 0.272443 0.012694 0.012749
0 0.846167 0.224501 0.012234 0.012118
0 0.524287 0.403684 0.012225 0.012091
0 0.811364 0.189478 0.012625 0.012590
0 0.733090 0.622248 0.014006 0.013975
0 0.166665 0.017600 0.012328 0.012304
0 0.569785 0.168965 0.012843 0.012797
0 0.637889 0.673363 0.013390 0.013306
0 0.057451 0.751176 0.013634 0.013312
0 0.312237 0.374218 0.012813 0.012985
0 0.501026 0.943001 0.013861 0.013853
0 0.941496 0.851882 0.013942 0.013987
0 0.045966 0.606324 0.013411 0.013338
0 0.799976 0.526252 0.011349 0.011199
0 0.412787 0.276693 0.014405 0.014687
0 0.454691 0.190414 0.014171 0.013855
0 0.038967 0.710803 0.013066 0.012920
0 0.278710 0.436546 0.012089 0.011914
0 0.016460 0.405487 0.014159 0.014324
0 0.194778 0.618960 0.012718 0.012636
0 0.559529 0.847483 0.012475 0.012410
0 0.869686 0.507331 0.013528 0.013657
0 0.553263 0.601611 0.013120 0.013129
0 0.621753 0.149073 0.012326 0.012354
0 0.412886 0.902911 0.013121 0.012990
0 0.392355 0.858648 0.013503 0.013249
0 0.596844 0.178061 0.012463 0.012418
0 0.571133 0.526128 0.013431 0.013419
0 0.902835 0.541912 0.012941 0.013058
0 0.888496 0.587951 0.012229 0.012206
0 0.327852 0.237049 0.012984 0.013101
0 0.251116 0.225554 0.013314 0.013271
0 0.007620 0.022453 0.012753 0.012662
0 0.240643 0.428865 0.013202 0.013230
0 0.919285 0.711004 0.012937 0.013079
0 0.113570 0.193229 0.012275 0.012259
0 0.128964 0.954203 0.011851 0.011713
0 0.946529 0.631873 0.011961 0.012119
0 0.603395 0.941087 0.014035 0.014127
0 0.737433 0.060827 0.012545 0.012610
0 0.221028 0.461173 0.012065 0.012094
0 0.649112 0.581366 0.011946 0.011851
0 0.407321 0.754251 0.012378 0.012340
0 0.636035 0.427448 0.012653 0.012829
0 0.719482 0.864523 0.013343 0.013778
0 0.426749 0.007189 0.014958 0.014245
0 0.444477 0.765276 0.012626 0.012579
0 0.346310 0.788709 0.013018 0.013086
0 0.884197 0.119149 0.009427 0.009380
0 0.450662 0.687261 0.012306 0.012365
0 0.934763 0.268987 0.012912 0.012948
0 0.783779 0.782032 0.013413 0.013410
0 0.760598 0.368471 0.012836 0.012826
0 0.468890 0.505423 0.012042 0.012066
0 0.708887 0.690630 0.013310 0.013082
0 0.697299 0.834345 0.011894 0.012118
0 0.869980 0.108215 0.012457 0.012117
0 0.093989 0.340336 0.013114 0.013271
0 0.527263 0.369336 0.012640 0.012743
0 0.105917 0.918524 0.010773 0.010615
0 0.990050 0.303070 0.012326 0.012075
0 0.048286 0.814128 0.011719 0.011694
0 0.772789 0.100512 0.014205 0.014451
0 0.831022 0.809621 0.011541 0.011761
0 0.118139 0.772180 0.011869 0.011836
0 0.965577 0.609713 0.011755 0.011194
0 0.273634 0.505438 0.013743 0.013786
0 0.364667 0.588860 0.014437 0.014236
0 0.653819 0.087171 0.013194 0.013174
0 0.752351 0.433762 0.011600 0.011506
0 0.480501 0.464211 0.014966 0.015217
0 0.605162 0.749961 0.010823 0.011221
0 0.097026 0.784806 0.009393 0.009347
0 0.767127 0.533094 0.012401 0.012225
0 0.349123 0.291197 0.024384 0.024578
0 0.910409 0.924219 0.011517 0.011604
0 0.041482 0.904169 0.011340 0.011238
0 0.273867 0.571217 0.012434 0.012120
0 0.755408 0.858745 0.012464 0.012384
0 0.868640 0.570495 0.011084 0.011251
0 0.087720 0.926092 0.011112 0.010743
0 0.751498 0.600126 0.012320 0.012073
0 0.799394 0.973228 0.012110 0.012198
0 0.974528 0.303090 0.012799 0.012631
0 0.904288 0.074769 0.011607 0.011440
0 0.980866 0.513869 0.014313 0.013925
0 0.509397 0.376835 0.011819 0.011569
0 0.967664 0.471322 0.010955 0.011337
0 0.878665 0.976852 0.012417 0.012436
0 0.818827 0.825012 0.012941 0.013182
0 0.308877 0.846093 0.012874 0.012730
0 0.190967 0.722960 0.011443 0.011512
0 0.382463 0.959045 0.013255 0.013063
0 0.074855 0.916711 0.011747 0.011296
0 0.851912 0.773797 0.013606 0.013765
0 0.235941 0.835699 0.012095 0.012213
0 0.903041 0.521382 0.011566 0.011539
0 0.901102 0.997350 0.011098 0.005287
0 0.932005 0.695209 0.012702 0.012504
0 0.907554 0.820374 0.013356 0.013265
0 0.943018 0.648764 0.013342 0.013959
0 0.964492 0.980972 0.012897 0.013034
0 0.605854 0.751605 0.011427 0.011358
0 0.934440 0.009217 0.010652 0.010561
0 0.269132 0.944630 0.011633 0.011858
0 0.145711 0.946764 0.011171 0.011224
0 0.534158 0.630039 0.024059 0.023950
0 0.849187 0.544624 0.011426 0.011215
0 0.978763 0.043495 0.010498 0.010070
0 0.850852 0.710727 0.022350 0.021780
0 0.983698 0.513746 0.013554 0.013449
0 0.650649 0.473916 0.009933 0.009318
0 0.276615 0.649807 0.012651 0.011670
0 0.524607 0.720564 0.011679 0.011477
0 0.001921 0.975451 0.003821 0.013411
0 0.274465 0.649174 0.011497 0.011058
