0 0.341911 0.445005 0.012964 0.012848
0 0.598907 0.639088 0.013627 0.013390
0 0.817024 0.111875 0.011089 0.010793
0 0.070496 0.756461 0.013014 0.012965
0 0.455811 0.753144 0.012379 0.012276
0 0.343545 0.540174 0.011956 0.011825
0 0.950616 0.823250 0.012939 0.012910
0 0.829123 0.039712 0.012680 0.012670
0 0.942498 0.863978 0.013925 0.013530
0 0.961358 0.231595 0.012921 0.013003
0 0.506306 0.569924 0.013820 0.013697
0 0.553285 0.143525 0.012905 0.012908
0 0.035723 0.382540 0.012485 0.012372
0 0.478556 0.627430 0.013275 0.013339
0 0.366646 0.372986 0.012507 0.012397
0 0.415238 0.110516 0.013284 0.013289
0 0.725615 0.203582 0.012731 0.012688
0 0.031004 0.756352 0.014365 0.014190
0 0.795771 0.060835 0.012294 0.012315
0 0.606478 0.541161 0.012683 0.012703
0 0.278038 0.436515 0.011692 0.011569
0 0.528396 0.400856 0.011815 0.011766
0 0.362385 0.693480 0.013491 0.013327
0 0.282221 0.080510 0.012314 0.012241
0 0.047557 0.647445 0.013035 0.012885
0 0.459589 0.141879 0.012665 0.012712
0 0.562392 0.229856 0.012084 0.012199
0 0.125339 0.024234 0.013347 0.013067
0 0.098394 0.806205 0.013480 0.013488
0 0.871248 0.211510 0.014538 0.014637
0 0.250596 0.637614 0.014198 0.014192
0 0.951759 0.279038 0.013960 0.013617
0 0.221167 0.275209 0.013080 0.013064
0 0.729686 0.488583 0.014692 0.014630
0 0.381792 0.779934 0.013178 0.013076
0 0.650760 0.586259 0.011939 0.011887
0 0.242733 0.437700 0.014146 0.013949
0 0.243607 0.822176 0.011650 0.011669
0 0.821956 0.379965 0.011740 0.011509
0 0.453102 0.107962 0.013979 0.013996
0 0.221194 0.899388 0.011253 0.011205
0 0.188719 0.623534 0.011759 0.011711
0 0.512823 0.592636 0.013100 0.013232
0 0.651933 0.083194 0.012796 0.012654
0 0.227783 0.791631 0.012218 0.012101
0 0.283862 0.717250 0.014042 0.013543
0 0.733365 0.623096 0.013966 0.013992
0 0.428705 0.914476 0.013352 0.013353
0 0.775987 0.103675 0.013684 0.013730
0 0.064974 0.203324 0.012250 0.012288
0 0.164091 0.971256 0.011235 0.010972
0 0.692927 0.277628 0.012598 0.012616
0 0.745487 0.676333 0.011905 0.011839
0 0.015805 0.824844 0.012120 0.012266
0 0.385171 0.744144 0.013084 0.013233
0 0.420692 0.326907 0.015079 0.014709
0 0.255963 0.141177 0.013006 0.012767
0 0.141359 0.494700 0.012549 0.012521
0 0.973085 0.719127 0.012558 0.012608
0 0.929127 0.279271 0.013941 0.013703
0 0.374507 0.867423 0.013586 0.013612
0 0.459761 0.407330 0.012325 0.012780
0 0.718959 0.845971 0.013391 0.013264
0 0.550455 0.653436 0.014258 0.014373
0 0.405254 0.967304 0.013303 0.013225
0 0.856692 0.106900 0.012407 0.012092
0 0.609500 0.834083 0.013500 0.013422
0 0.890982 0.588893 0.011874 0.011934
0 0.525903 0.742310 0.013417 0.013348
0 0.869987 0.119672 0.009299 0.009302
0 0.894415 0.993841 0.012206 0.011906
0 0.165056 0.611684 0.014151 0.013917
0 0.963597 0.617418 0.011916 0.011257
0 0.208603 0.946182 0.012498 0.012493
0 0.660917 0.190718 0.012334 0.012443
0 0.877181 0.017878 0.011812 0.011714
0 0.767633 0.536942 0.013090 0.012833
0 0.359468 0.274911 0.012384 0.012235
0 0.588979 0.665464 0.013410 0.013355
0 0.115914 0.345188 0.012502 0.012616
0 0.665221 0.394870 0.012658 0.012604
0 0.100328 0.934773 0.012394 0.011857
0 0.903595 0.863565 0.010795 0.010720
0 0.894168 0.921710 0.011390 0.011499
0 0.434737 0.340455 0.010550 0.010366
0 0.902827 0.541814 0.012888 0.012938
0 0.535532 0.293593 0.010916 0.010808
0 0.004400 0.468797 0.008687 0.011581
0 0.972141 0.054224 0.010558 0.010368
0 0.349993 0.291011 0.023472 0.023604
0 0.742057 0.003164 0.011235 0.006328
0 0.125700 0.229696 0.012320 0.012470
0 0.265668 0.419499 0.012668 0.012528
0 0.951182 0.418508 0.013397 0.013252
0 0.803397 0.541728 0.011233 0.011221
0 0.932297 0.059430 0.011662 0.011760
0 0.739700 0.698812 0.012449 0.012282
0 0.266457 0.998200 0.012762 0.003600
0 0.144736 0.525381 0.013140 0.012808
0 0.615460 0.983061 0.012664 0.012529
0 0.590609 0.979193 0.014353 0.014962
0 0.869331 0.975590 0.011979 0.011727
0 0.773520 0.424340 0.012195 0.012296
0 0.895511 0.077440 0.011780 0.011551
0 0.662949 0.953609 0.011995 0.011897
0 0.674598 0.908337 0.012277 0.012404
0 0.088405 0.939450 0.010988 0.010804
0 0.402011 0.002342 0.012627 0.004683
0 0.511052 0.462486 0.015984 0.015268
0 0.877583 0.716519 0.013606 0.013542
0 0.826422 0.847176 0.010853 0.010861
0 0.869650 0.571408 0.011724 0.011747
0 0.910369 0.005275 0.010643 0.010013
0 0.746391 0.363832 0.013766 0.013846
0 0.751509 0.379553 0.012373 0.012367
0 0.142597 0.524338 0.013345 0.012380
0 0.983922 0.513076 0.013095 0.012436
0 0.981109 0.513549 0.013156 0.013079
0 0.852139 0.712247 0.021473 0.021213
0 0.834574 0.890878 0.013058 0.012917
0 0.515376 0.463459 0.017245 0.016156
0 0.449531 0.826330 0.011863 0.012000
0 0.930851 0.356099 0.010010 0.009977
0 0.825732 0.848490 0.010507 0.010520
0 0.140073 0.523953 0.013135 0.011994
0 0.801797 0.954920 0.010936 0.010957
0 0.683711 0.827002 0.013437 0.013276
0 0.983315 0.335918 0.013234 0.012379
0 0.266290 0.996840 0.012732 0.006207
0 0.136868 0.522291 0.011897 0.011593
0 0.978597 0.460565 0.011064 0.011206
0 0.986476 0.335573 0.013539 0.013508
