0 0.705686 0.472220 0.010772 0.010719
0 0.525777 0.346610 0.013365 0.013174
0 0.543881 0.972121 0.013813 0.013514
0 0.749251 0.616488 0.013354 0.013287
0 0.270432 0.498326 0.012420 0.012336
0 0.622785 0.847968 0.012718 0.012424
0 0.613155 0.321307 0.011967 0.011814
0 0.336461 0.214631 0.013198 0.013173
0 0.560912 0.564594 0.012268 0.012079
0 0.142093 0.297040 0.012371 0.012257
0 0.379067 0.454684 0.011194 0.011072
0 0.765185 0.371730 0.012317 0.012038
0 0.665107 0.761279 0.012019 0.012105
0 0.871146 0.393172 0.013179 0.013112
0 0.372857 0.395540 0.012408 0.012276
0 0.459186 0.957588 0.013675 0.013718
0 0.183908 0.341187 0.012941 0.012895
0 0.587957 0.448455 0.011152 0.011131
0 0.348177 0.644763 0.012569 0.012751
0 0.186971 0.889748 0.012681 0.012674
0 0.513693 0.268057 0.013399 0.013467
0 0.209208 0.560441 0.012633 0.012676
0 0.050965 0.304565 0.012672 0.012611
0 0.692850 0.482726 0.011894 0.011686
0 0.644049 0.581569 0.011357 0.011334
0 0.748202 0.485969 0.012701 0.012719
0 0.126142 0.748469 0.013213 0.013217
0 0.279971 0.022532 0.013513 0.013248
0 0.756338 0.124850 0.011619 0.011896
0 0.875603 0.892218 0.013076 0.013033
0 0.225809 0.650039 0.012610 0.012346
0 0.157056 0.964672 0.012836 0.013217
0 0.638994 0.863925 0.012376 0.012358
0 0.110426 0.980015 0.013344 0.013451
0 0.258628 0.452586 0.012335 0.012229
0 0.464279 0.330785 0.013441 0.013260
0 0.049881 0.717963 0.014030 0.013662
0 0.581024 0.489782 0.011342 0.011034
0 0.401382 0.384645 0.012216 0.012188
0 0.243445 0.077402 0.012386 0.012223
0 0.441486 0.058116 0.012104 0.012285
0 0.806906 0.669799 0.010153 0.010088
0 0.318050 0.037576 0.013919 0.013894
0 0.649224 0.366889 0.012936 0.012805
0 0.883599 0.157269 0.010057 0.010176
0 0.417554 0.301877 0.011489 0.011309
0 0.917011 0.068392 0.012157 0.011840
0 0.465584 0.581777 0.012338 0.012860
0 0.337678 0.016690 0.012028 0.012109
0 0.013871 0.190003 0.012588 0.012192
0 0.818614 0.093847 0.010402 0.010739
0 0.166934 0.624186 0.012511 0.012216
0 0.339181 0.726635 0.012668 0.012417
0 0.643523 0.345606 0.011883 0.011160
0 0.592993 0.005712 0.014198 0.011423
0 0.026536 0.994349 0.012864 0.011302
0 0.098132 0.593624 0.013158 0.013033
0 0.469353 0.816058 0.012973 0.013106
0 0.346157 0.297458 0.021634 0.021951
0 0.055898 0.517519 0.012116 0.012176
0 0.330391 0.517265 0.010720 0.010554
0 0.849388 0.021813 0.009374 0.009182
0 0.964806 0.361026 0.010768 0.010744
0 0.059350 0.575970 0.012852 0.012930
0 0.471407 0.619171 0.011937 0.012055
0 0.177691 0.054782 0.011248 0.011455
0 0.092613 0.489709 0.012582 0.012573
0 0.847942 0.717847 0.021852 0.021638
0 0.789042 0.041700 0.011546 0.011907
0 0.529679 0.637480 0.022020 0.022524
0 0.035168 0.406930 0.010687 0.010758
0 0.216636 0.097166 0.010594 0.010738
0 0.400499 0.989972 0.013195 0.013546
0 0.955410 0.003853 0.013817 0.007704
0 0.496253 0.543344 0.014417 0.014557
0 0.006960 0.765959 0.011950 0.011837
0 0.440988 0.211787 0.012543 0.012709
0 0.465206 0.510731 0.009307 0.009220
0 0.223107 0.466254 0.011242 0.011335
0 0.919776 0.146371 0.016013 0.015731
0 0.003216 0.345828 0.006415 0.010600
0 0.451618 0.160700 0.012998 0.012943
0 0.634418 0.113258 0.011226 0.010872
0 0.447020 0.187283 0.014108 0.014254
0 0.373352 0.226247 0.018080 0.018560
0 0.787760 0.004247 0.011627 0.008493
