0 0.191455 0.627457 0.012689 0.012658
0 0.070643 0.119796 0.013685 0.013566
0 0.357448 0.366180 0.013162 0.013224
0 0.141743 0.074546 0.012910 0.012973
0 0.278869 0.436073 0.012519 0.012537
0 0.011497 0.955488 0.014259 0.014269
0 0.936203 0.256810 0.012674 0.012614
0 0.183286 0.579081 0.013241 0.013176
0 0.747262 0.979957 0.012530 0.012366
0 0.803642 0.233852 0.013072 0.013006
0 0.354325 0.046756 0.013633 0.013640
0 0.289382 0.567783 0.013198 0.013260
0 0.763768 0.275054 0.013090 0.012999
0 0.809283 0.199032 0.013152 0.013173
0 0.264051 0.243907 0.014835 0.014722
0 0.617638 0.225275 0.013185 0.013252
0 0.017682 0.420200 0.011896 0.011757
0 0.464443 0.352728 0.012862 0.012989
0 0.943229 0.857057 0.014925 0.014841
0 0.018280 0.080915 0.013477 0.013494
0 0.818050 0.119561 0.012379 0.012288
0 0.043456 0.561419 0.011612 0.011531
0 0.323767 0.830428 0.012411 0.012462
0 0.919736 0.212942 0.013715 0.013756
0 0.315652 0.761090 0.012416 0.012245
0 0.786237 0.616360 0.013042 0.013050
0 0.289833 0.138741 0.012074 0.012127
0 0.161353 0.237223 0.012552 0.012438
0 0.873645 0.668129 0.012873 0.012800
0 0.752869 0.044648 0.012365 0.012722
0 0.845781 0.083486 0.012207 0.011931
0 0.165748 0.728760 0.012475 0.012241
0 0.207023 0.770615 0.012594 0.012173
0 0.209813 0.904446 0.013466 0.013547
0 0.771512 0.914868 0.012357 0.012346
0 0.278893 0.845968 0.012903 0.012564
0 0.439726 0.430142 0.012559 0.012322
0 0.533819 0.512858 0.012662 0.012702
0 0.626085 0.527545 0.014288 0.014323
0 0.099667 0.645475 0.013131 0.013274
0 0.289578 0.353366 0.012706 0.012714
0 0.705781 0.502884 0.012709 0.012766
0 0.408866 0.452126 0.013876 0.013882
0 0.546739 0.185350 0.013596 0.013482
0 0.448991 0.623693 0.012057 0.011913
0 0.647141 0.717622 0.013412 0.013386
0 0.489269 0.344898 0.013793 0.013721
0 0.072551 0.390323 0.013904 0.013783
0 0.589320 0.569855 0.012792 0.012944
0 0.006531 0.879692 0.012753 0.014236
0 0.345788 0.902256 0.012926 0.012982
0 0.289884 0.716939 0.012829 0.012720
0 0.452427 0.812063 0.013862 0.013868
0 0.733533 0.447679 0.013266 0.013242
0 0.766384 0.533517 0.013605 0.013457
0 0.901973 0.535299 0.013228 0.013142
0 0.073769 0.822325 0.012294 0.011823
0 0.122032 0.786062 0.012670 0.012756
0 0.534112 0.208441 0.014021 0.014070
0 0.372086 0.540412 0.013025 0.012946
0 0.707253 0.130206 0.014139 0.014234
0 0.869433 0.285252 0.012277 0.012254
0 0.940057 0.355217 0.012768 0.012694
0 0.924470 0.446937 0.011884 0.011775
0 0.334866 0.845158 0.013058 0.013071
0 0.772714 0.552145 0.012508 0.012225
0 0.977751 0.863097 0.012923 0.012762
0 0.720577 0.328757 0.012264 0.012264
0 0.907048 0.515048 0.012632 0.012861
0 0.874047 0.016517 0.012966 0.012834
0 0.386053 0.396514 0.011105 0.010991
0 0.681075 0.701240 0.012150 0.012342
0 0.633909 0.467119 0.014157 0.014152
0 0.020347 0.519989 0.013683 0.013732
0 0.544932 0.417923 0.013998 0.014097
0 0.597639 0.506299 0.014279 0.014476
0 0.605822 0.543528 0.012406 0.012408
0 0.989329 0.546389 0.013873 0.014103
0 0.969111 0.590027 0.011772 0.011335
0 0.926885 0.757726 0.013463 0.013327
0 0.900013 0.041371 0.009983 0.010157
0 0.602578 0.640622 0.014510 0.014446
0 0.738293 0.521415 0.014821 0.014829
0 0.618389 0.914753 0.013636 0.014045
0 0.643227 0.321793 0.014628 0.014521
0 0.980668 0.960373 0.011994 0.012151
0 0.348355 0.295404 0.023952 0.023629
0 0.916512 0.992829 0.012712 0.012496
0 0.710921 0.947848 0.012133 0.012041
0 0.924742 0.046671 0.010329 0.009929
0 0.335787 0.993965 0.013319 0.011845
0 0.803124 0.537749 0.012749 0.012786
0 0.964438 0.955282 0.012810 0.012702
0 0.645076 0.392221 0.013683 0.013906
0 0.615408 0.616450 0.012843 0.013089
0 0.994713 0.340299 0.010573 0.015455
0 0.778437 0.316953 0.012663 0.012586
0 0.835560 0.128352 0.009775 0.010258
0 0.983761 0.510632 0.015602 0.014461
0 0.963594 0.420054 0.011618 0.011636
0 0.462663 0.943979 0.013045 0.013611
0 0.586811 0.866856 0.012646 0.012887
0 0.644020 0.678779 0.011122 0.010767
0 0.747846 0.773623 0.012883 0.012898
0 0.890947 0.580615 0.013038 0.013094
0 0.781899 0.423135 0.012546 0.012694
0 0.114308 0.934081 0.012972 0.012869
0 0.417670 0.290654 0.012113 0.011805
0 0.954010 0.280491 0.013758 0.014047
0 0.245683 0.993242 0.012421 0.012420
0 0.978187 0.821088 0.012576 0.012347
0 0.788341 0.488485 0.014280 0.013934
0 0.250814 0.143385 0.009801 0.009538
0 0.658916 0.195224 0.012402 0.013183
0 0.088903 0.909268 0.012869 0.013002
0 0.054069 0.741852 0.011129 0.010968
0 0.093697 0.876280 0.009855 0.009544
0 0.098736 0.930181 0.011361 0.011279
0 0.651252 0.472069 0.010639 0.010539
0 0.776128 0.465156 0.012202 0.012526
0 0.809392 0.396902 0.012141 0.011868
0 0.758782 0.015011 0.013378 0.013295
0 0.577078 0.995853 0.014279 0.008294
0 0.849688 0.716413 0.023034 0.023010
0 0.924995 0.035505 0.010532 0.010235
0 0.536044 0.635260 0.019188 0.019249
0 0.193975 0.284449 0.012574 0.012449
0 0.998193 0.216503 0.003584 0.013592
0 0.735191 0.624725 0.012108 0.011893
0 0.732273 0.903106 0.011446 0.011111
0 0.849491 0.538429 0.013221 0.013256
0 0.541126 0.732378 0.021810 0.021485
0 0.635662 0.084087 0.023741 0.023898
