0 0.261079 0.847555 0.013980 0.013914
0 0.770399 0.868936 0.014342 0.014280
0 0.281119 0.433562 0.014432 0.014256
0 0.121025 0.935809 0.017287 0.017310
0 0.394525 0.298744 0.014150 0.014240
0 0.923940 0.668306 0.017969 0.018039
0 0.857732 0.919941 0.014437 0.014417
0 0.165110 0.069259 0.014197 0.014214
0 0.936434 0.942288 0.014713 0.014636
0 0.209019 0.740799 0.013843 0.013674
0 0.597328 0.530296 0.014668 0.014870
0 0.396484 0.821423 0.014069 0.014109
0 0.346830 0.768443 0.013909 0.013963
0 0.173210 0.372985 0.014678 0.014672
0 0.476691 0.860118 0.019365 0.019561
0 0.368461 0.074057 0.014001 0.014159
0 0.854261 0.961182 0.014492 0.014563
0 0.040912 0.405335 0.014468 0.014214
0 0.837182 0.021754 0.013889 0.013605
0 0.308085 0.832723 0.014401 0.014526
0 0.079233 0.298434 0.014639 0.014532
0 0.721605 0.319682 0.014063 0.013754
0 0.114786 0.157627 0.013915 0.014196
0 0.212707 0.044501 0.014275 0.014547
0 0.467244 0.629132 0.014746 0.014596
0 0.505548 0.230601 0.014512 0.014581
0 0.250595 0.732563 0.013764 0.013892
0 0.760028 0.543906 0.015108 0.015026
0 0.351675 0.371854 0.013492 0.013416
0 0.525346 0.418320 0.014244 0.014470
0 0.399943 0.757021 0.014100 0.013984
0 0.173120 0.261187 0.014528 0.014538
0 0.638626 0.679194 0.014838 0.014892
0 0.308544 0.216347 0.013853 0.013828
0 0.208762 0.276602 0.014405 0.014622
0 0.260780 0.500951 0.013639 0.013727
0 0.713598 0.593699 0.013909 0.014256
0 0.455311 0.725533 0.015102 0.015139
0 0.131493 0.538755 0.013759 0.013976
0 0.532708 0.543085 0.013557 0.013715
0 0.793843 0.263400 0.013312 0.013406
0 0.676276 0.923055 0.014126 0.014159
0 0.320367 0.320614 0.014113 0.013860
0 0.013083 0.808182 0.013846 0.013799
0 0.207812 0.527581 0.013837 0.013874
0 0.848327 0.719615 0.022614 0.022410
0 0.235185 0.542180 0.014724 0.014353
0 0.632890 0.178488 0.014964 0.015302
0 0.409802 0.023467 0.014143 0.013876
0 0.889130 0.716114 0.014156 0.014060
0 0.774158 0.669894 0.013828 0.014018
0 0.794849 0.625276 0.013916 0.014054
0 0.660442 0.568069 0.014145 0.013966
0 0.823779 0.679015 0.014463 0.014449
0 0.627209 0.239070 0.013733 0.013980
0 0.239092 0.386611 0.013981 0.014110
0 0.702792 0.056377 0.014523 0.014589
0 0.679900 0.963195 0.015174 0.015059
0 0.955961 0.945119 0.013533 0.013430
0 0.624737 0.198873 0.014836 0.014847
0 0.349757 0.615014 0.013620 0.013857
0 0.384885 0.362058 0.013487 0.013593
0 0.625536 0.896721 0.014385 0.014332
0 0.781339 0.172856 0.013269 0.013169
0 0.346648 0.583886 0.015146 0.015089
0 0.954839 0.505994 0.013453 0.013582
0 0.969578 0.305163 0.015581 0.015506
0 0.211416 0.616949 0.014714 0.014786
0 0.040815 0.283287 0.015986 0.016070
0 0.941492 0.175450 0.013689 0.013850
0 0.768648 0.453065 0.015107 0.015046
0 0.111651 0.286912 0.014618 0.014751
0 0.908280 0.338379 0.014730 0.014538
0 0.308080 0.391528 0.014261 0.014449
0 0.434192 0.419777 0.014096 0.014070
0 0.755515 0.500672 0.013014 0.013238
0 0.443992 0.995128 0.015523 0.009613
0 0.398182 0.134014 0.013410 0.013520
0 0.656147 0.015006 0.014141 0.014115
0 0.086802 0.862120 0.013917 0.014073
0 0.910808 0.988158 0.016204 0.016218
0 0.832877 0.274564 0.014546 0.014628
0 0.846921 0.304150 0.014447 0.014592
0 0.602587 0.135174 0.015705 0.015391
0 0.639294 0.944555 0.014369 0.013941
0 0.346178 0.298189 0.023783 0.023318
0 0.777522 0.058559 0.013945 0.013969
0 0.125150 0.862366 0.014241 0.014236
0 0.514969 0.694861 0.015721 0.015677
0 0.468290 0.392981 0.014874 0.014960
0 0.102281 0.270846 0.014898 0.014598
0 0.871842 0.171318 0.012996 0.012868
0 0.472538 0.284060 0.014219 0.014208
0 0.799172 0.242109 0.014329 0.014348
0 0.288352 0.352890 0.014082 0.014174
0 0.916108 0.172569 0.015042 0.014959
0 0.862024 0.319024 0.014759 0.014850
0 0.922850 0.147383 0.019607 0.019126
0 0.187634 0.389787 0.013728 0.013644
0 0.674892 0.552580 0.014302 0.014116
0 0.803873 0.064408 0.013830 0.014072
0 0.437529 0.400757 0.014673 0.014748
0 0.307913 0.294308 0.015783 0.015605
0 0.479825 0.342202 0.013832 0.013841
0 0.690072 0.529526 0.015401 0.015381
0 0.823023 0.199393 0.014503 0.014822
0 0.726354 0.145554 0.013291 0.013402
0 0.220740 0.013818 0.015480 0.015885
0 0.612755 0.156382 0.014574 0.014484
0 0.242717 0.251094 0.014676 0.015073
0 0.721485 0.551135 0.015754 0.015746
0 0.059876 0.826481 0.015515 0.015276
0 0.404999 0.780185 0.013881 0.013899
0 0.893849 0.395568 0.012841 0.012900
0 0.834966 0.580684 0.016429 0.016140
0 0.872032 0.215192 0.012874 0.012926
0 0.167172 0.190333 0.014525 0.014438
0 0.375993 0.228675 0.020312 0.020358
0 0.257693 0.003777 0.014819 0.007554
0 0.765099 0.171834 0.012989 0.013151
0 0.900166 0.594795 0.013827 0.013476
0 0.257487 0.279728 0.015531 0.016062
0 0.987008 0.506013 0.015705 0.015559
0 0.451661 0.326080 0.016449 0.015891
0 0.818024 0.107763 0.013343 0.013371
0 0.411013 0.198926 0.014975 0.014740
0 0.857036 0.625234 0.015245 0.015302
0 0.057138 0.138387 0.015555 0.015893
0 0.995926 0.223272 0.008137 0.014988
0 0.184141 0.189919 0.014989 0.014329
0 0.737758 0.617369 0.015198 0.015652
0 0.997187 0.827831 0.005582 0.016251
0 0.669588 0.190913 0.020208 0.019703
0 0.011234 0.936326 0.014561 0.014692
0 0.980239 0.005576 0.012423 0.010802
0 0.283766 0.289924 0.014423 0.013970
0 0.700493 0.158137 0.014540 0.014562
0 0.793696 0.559285 0.017132 0.016810
0 0.734620 0.395242 0.015666 0.015574
0 0.074608 0.158638 0.015554 0.015645
0 0.523348 0.018233 0.018664 0.018326
0 0.112322 0.015038 0.016147 0.016442
0 0.634468 0.086649 0.022028 0.021659
0 0.308487 0.992713 0.016540 0.014388
0 0.970899 0.095987 0.014414 0.013775
0 0.013998 0.140196 0.013243 0.013691
0 0.701951 0.823157 0.021819 0.021232
0 0.532037 0.638273 0.023858 0.023984
0 0.791765 0.734499 0.015566 0.015456
0 0.026598 0.065250 0.015193 0.014858
0 0.027500 0.068695 0.014816 0.014498
0 0.573640 0.274634 0.016196 0.015665
0 0.014517 0.142437 0.012671 0.012880
