0 0.281009 0.433476 0.014277 0.014216
0 0.200473 0.495361 0.013535 0.013433
0 0.453806 0.412766 0.014388 0.014273
0 0.411184 0.783415 0.013994 0.013885
0 0.258104 0.067564 0.014340 0.014264
0 0.734746 0.395473 0.014363 0.014263
0 0.479492 0.638468 0.013682 0.013714
0 0.717934 0.266146 0.015751 0.015589
0 0.166172 0.808526 0.015410 0.015254
0 0.073405 0.103764 0.015883 0.015546
0 0.900202 0.939705 0.015122 0.015125
0 0.516471 0.524260 0.013659 0.013524
0 0.143938 0.546987 0.013816 0.013776
0 0.267511 0.826207 0.014419 0.014359
0 0.342730 0.734508 0.014244 0.014229
0 0.893422 0.382048 0.013582 0.013542
0 0.458252 0.736514 0.014414 0.014609
0 0.208026 0.732625 0.014164 0.014036
0 0.424957 0.030899 0.014491 0.014590
0 0.292037 0.738602 0.013865 0.013843
0 0.911975 0.984881 0.017109 0.017299
0 0.785135 0.516385 0.015303 0.015332
0 0.192844 0.652361 0.014105 0.013894
0 0.079152 0.419019 0.014305 0.014074
0 0.393747 0.299228 0.013883 0.013854
0 0.634340 0.501088 0.014322 0.014270
0 0.598676 0.502282 0.014285 0.014279
0 0.954836 0.941316 0.014379 0.014190
0 0.264252 0.494733 0.014438 0.014346
0 0.364134 0.774526 0.013737 0.013801
0 0.220913 0.335566 0.014801 0.014860
0 0.086959 0.210335 0.015895 0.015699
0 0.674729 0.533529 0.017411 0.017622
0 0.737093 0.617457 0.014663 0.014936
0 0.656370 0.235496 0.013525 0.013714
0 0.685106 0.268774 0.014099 0.013665
0 0.239207 0.158383 0.014744 0.014819
0 0.630544 0.125161 0.014566 0.014765
0 0.784888 0.311537 0.014151 0.013954
0 0.109807 0.236442 0.015808 0.015814
0 0.947877 0.162668 0.013765 0.013538
0 0.879760 0.953541 0.014868 0.014940
0 0.123998 0.113381 0.015075 0.015401
0 0.062677 0.794950 0.014275 0.014167
0 0.357648 0.349298 0.013801 0.013846
0 0.790429 0.864458 0.014336 0.014417
0 0.618542 0.154353 0.013916 0.013957
0 0.892966 0.718394 0.015172 0.014934
0 0.373872 0.132902 0.014293 0.014367
0 0.756705 0.048633 0.015841 0.015910
0 0.437929 0.434804 0.013814 0.013776
0 0.928291 0.664546 0.017771 0.017598
0 0.118473 0.847358 0.013900 0.013885
0 0.352805 0.614880 0.014215 0.014280
0 0.846472 0.275342 0.013422 0.013325
0 0.977586 0.905459 0.015507 0.015580
0 0.698713 0.058334 0.014494 0.014699
0 0.526710 0.427162 0.015248 0.015022
0 0.205264 0.620513 0.013529 0.013534
0 0.344188 0.408562 0.013726 0.013648
0 0.441945 0.908017 0.016003 0.016071
0 0.759306 0.544657 0.014671 0.014551
0 0.769705 0.670045 0.013781 0.013912
0 0.759648 0.120458 0.013987 0.013512
0 0.848193 0.714369 0.019836 0.019817
0 0.239621 0.559151 0.014641 0.014912
0 0.478470 0.800141 0.018800 0.018980
0 0.268263 0.252749 0.014879 0.015047
0 0.550982 0.547287 0.014738 0.014590
0 0.215684 0.919727 0.013383 0.013433
0 0.504364 0.948933 0.015268 0.015181
0 0.224315 0.429854 0.014334 0.014304
0 0.310417 0.829757 0.014594 0.014390
0 0.989668 0.299767 0.015090 0.014982
0 0.830499 0.371873 0.014011 0.013612
0 0.071893 0.056837 0.016588 0.016074
0 0.281879 0.200072 0.017495 0.017661
0 0.344516 0.299487 0.023203 0.022653
0 0.596894 0.217584 0.013764 0.013723
0 0.624796 0.949284 0.014043 0.014002
0 0.669310 0.638611 0.013817 0.013714
0 0.493666 0.725259 0.013011 0.012854
0 0.789633 0.348706 0.014297 0.014106
0 0.197651 0.312968 0.014446 0.014436
0 0.669245 0.199693 0.014919 0.015097
0 0.816460 0.175068 0.013961 0.013902
0 0.835980 0.578786 0.016315 0.016195
0 0.978898 0.350880 0.014485 0.014603
0 0.809755 0.996234 0.014363 0.007531
0 0.477807 0.160721 0.014792 0.014612
0 0.564872 0.380163 0.013945 0.013867
0 0.849348 0.048944 0.013114 0.013214
0 0.979873 0.151674 0.015065 0.015154
0 0.860853 0.157182 0.014262 0.014441
0 0.777985 0.453827 0.014594 0.014579
0 0.756284 0.935743 0.014500 0.014529
0 0.135846 0.159576 0.014013 0.013848
0 0.307507 0.253741 0.014478 0.014597
0 0.589486 0.061924 0.014478 0.014218
0 0.769277 0.071086 0.013693 0.014040
0 0.071771 0.011844 0.015496 0.015749
0 0.792299 0.557705 0.015683 0.015303
0 0.710688 0.854148 0.013388 0.013436
0 0.011191 0.916010 0.013705 0.013738
0 0.091714 0.907506 0.014670 0.014586
0 0.776326 0.736265 0.016439 0.016295
0 0.722931 0.146060 0.013976 0.013939
0 0.635144 0.086023 0.022093 0.021716
0 0.782207 0.645696 0.014601 0.014599
0 0.275702 0.582957 0.014917 0.015136
0 0.985952 0.506608 0.017108 0.016841
0 0.803641 0.216011 0.015541 0.015445
0 0.502983 0.244940 0.014324 0.014438
0 0.993497 0.415628 0.013005 0.016995
0 0.061093 0.568928 0.014865 0.014958
0 0.780493 0.982957 0.015244 0.015160
0 0.859230 0.623614 0.014439 0.014282
0 0.920930 0.146108 0.020349 0.019854
0 0.517603 0.709603 0.015302 0.015222
0 0.531606 0.638395 0.023167 0.023036
0 0.298490 0.640388 0.014611 0.014476
0 0.119825 0.906759 0.014455 0.014358
0 0.402512 0.321985 0.013187 0.012786
0 0.029704 0.128871 0.016130 0.015941
0 0.486141 0.290666 0.014386 0.014300
0 0.702773 0.824234 0.020770 0.019675
0 0.473128 0.282996 0.015921 0.015674
0 0.323944 0.401111 0.014040 0.014135
0 0.834590 0.016805 0.013493 0.013238
0 0.307366 0.388010 0.016204 0.016099
0 0.092918 0.151376 0.014991 0.014993
0 0.887576 0.259200 0.017056 0.016948
0 0.757980 0.497265 0.012422 0.012504
0 0.708278 0.173904 0.013363 0.013231
0 0.375875 0.228380 0.020321 0.020334
0 0.319372 0.988968 0.014946 0.015366
0 0.238051 0.536253 0.015169 0.015452
0 0.716062 0.839088 0.013431 0.013463
0 0.615936 0.367221 0.012908 0.012806
0 0.593534 0.276116 0.014056 0.013851
0 0.857780 0.316491 0.013629 0.013582
0 0.306199 0.331084 0.015845 0.015898
0 0.899773 0.595191 0.014992 0.014619
0 0.078922 0.581746 0.013756 0.013893
0 0.523346 0.018277 0.018227 0.017829
0 0.567099 0.997870 0.013607 0.004260
0 0.567288 0.996725 0.012686 0.006517
0 0.043470 0.206902 0.015199 0.015484
