0 0.524687 0.346895 0.013537 0.013211
0 0.255184 0.038325 0.013400 0.013369
0 0.772261 0.439514 0.014138 0.013935
0 0.578279 0.328104 0.012683 0.012551
0 0.658323 0.832434 0.012780 0.012817
0 0.086403 0.279645 0.013360 0.013391
0 0.223001 0.467487 0.013498 0.013381
0 0.103884 0.487044 0.012645 0.012829
0 0.353771 0.395481 0.012944 0.012930
0 0.319713 0.656150 0.012779 0.012928
0 0.198047 0.414190 0.013222 0.013140
0 0.141836 0.295357 0.012275 0.012137
0 0.634390 0.415888 0.012317 0.012136
0 0.665760 0.518790 0.012853 0.012986
0 0.441510 0.434332 0.013593 0.013527
0 0.722694 0.460902 0.009989 0.009977
0 0.949688 0.379960 0.013047 0.012904
0 0.694740 0.773189 0.012489 0.012285
0 0.453383 0.326541 0.013060 0.013026
0 0.659704 0.968315 0.012633 0.012696
0 0.763802 0.695189 0.012342 0.012154
0 0.543350 0.971422 0.013707 0.013465
0 0.865874 0.874563 0.012128 0.011971
0 0.487648 0.134066 0.011988 0.012669
0 0.572347 0.234562 0.012823 0.012816
0 0.556365 0.603974 0.013439 0.013521
0 0.213502 0.570225 0.013556 0.013736
0 0.225684 0.649897 0.012504 0.012189
0 0.110000 0.601798 0.011800 0.011461
0 0.093201 0.564224 0.011142 0.010956
0 0.936781 0.019566 0.011287 0.011596
0 0.091718 0.758144 0.011254 0.011034
0 0.355543 0.716547 0.012586 0.012480
0 0.676175 0.135586 0.012080 0.012250
0 0.555907 0.550416 0.013143 0.013008
0 0.517578 0.691922 0.012404 0.012457
0 0.467633 0.374739 0.011734 0.011593
0 0.254595 0.476821 0.012194 0.012164
0 0.109912 0.979897 0.013026 0.013132
0 0.314827 0.042789 0.012369 0.012352
0 0.342131 0.297380 0.021611 0.021465
0 0.186451 0.889951 0.012802 0.012816
0 0.968506 0.370934 0.009550 0.009638
0 0.861576 0.252843 0.010270 0.010364
0 0.460416 0.207583 0.013508 0.013405
0 0.163270 0.652276 0.012634 0.012640
0 0.385679 0.048479 0.013108 0.012983
0 0.725620 0.739383 0.011873 0.012263
0 0.695314 0.031620 0.011485 0.011616
0 0.025990 0.403640 0.012204 0.012029
0 0.587155 0.801903 0.011820 0.012096
0 0.400481 0.812416 0.013010 0.013055
0 0.129142 0.733515 0.011552 0.011262
0 0.458024 0.599525 0.014700 0.014179
0 0.405861 0.700287 0.013770 0.014480
0 0.356055 0.203154 0.013487 0.013747
0 0.415302 0.398264 0.012546 0.012523
0 0.092992 0.581430 0.011572 0.011469
0 0.456965 0.957804 0.013067 0.013132
0 0.600912 0.389687 0.011079 0.010734
0 0.737329 0.578274 0.011586 0.011344
0 0.009639 0.918089 0.009449 0.009656
0 0.435104 0.209312 0.011057 0.011445
0 0.202862 0.982115 0.011938 0.011964
0 0.184567 0.471863 0.010434 0.010430
0 0.005160 0.137453 0.010154 0.011801
0 0.331003 0.517901 0.012484 0.012387
0 0.772354 0.149867 0.011050 0.010924
0 0.663473 0.303842 0.012617 0.013243
0 0.772437 0.059028 0.010747 0.010474
0 0.057567 0.567228 0.012836 0.013077
0 0.155530 0.089681 0.012607 0.013072
0 0.854787 0.163887 0.009595 0.009602
0 0.821061 0.111781 0.010818 0.010573
0 0.439667 0.058107 0.011780 0.011878
0 0.529690 0.636443 0.022782 0.023094
0 0.849768 0.021366 0.010101 0.010087
0 0.375407 0.023920 0.011018 0.011359
0 0.701327 0.821687 0.020059 0.020220
0 0.603330 0.754413 0.012845 0.012976
0 0.847121 0.717805 0.020391 0.019818
0 0.680257 0.917795 0.011972 0.011891
0 0.587878 0.004768 0.013002 0.009537
0 0.033236 0.514800 0.011741 0.011740
0 0.179049 0.030784 0.010788 0.010600
0 0.011650 0.711633 0.011556 0.011556
0 0.568244 0.532743 0.010161 0.010320
0 0.381533 0.310528 0.010352 0.010608
0 0.311380 0.002327 0.010955 0.004653
0 0.626542 0.114395 0.010974 0.010755
0 0.313783 0.002522 0.012369 0.005012
