0 0.282807 0.433055 0.014743 0.014564
0 0.339481 0.418258 0.013904 0.013878
0 0.480977 0.793950 0.016673 0.017094
0 0.205130 0.145505 0.014141 0.014070
0 0.464772 0.414611 0.013995 0.014030
0 0.187731 0.713617 0.014215 0.014232
0 0.727656 0.380762 0.013375 0.013407
0 0.273975 0.820778 0.014089 0.014111
0 0.169816 0.824087 0.015220 0.015281
0 0.420683 0.770166 0.014012 0.013867
0 0.070536 0.443459 0.015031 0.014933
0 0.149022 0.319233 0.014290 0.014498
0 0.063995 0.106566 0.015239 0.015084
0 0.396373 0.345555 0.013599 0.013403
0 0.229051 0.332522 0.014608 0.014575
0 0.887324 0.394669 0.013271 0.013249
0 0.427085 0.427770 0.013316 0.013236
0 0.628955 0.118556 0.014369 0.014630
0 0.776422 0.845394 0.014273 0.014431
0 0.478727 0.638952 0.013923 0.013719
0 0.216054 0.631635 0.013511 0.013468
0 0.908440 0.982464 0.017300 0.017359
0 0.826458 0.331410 0.013242 0.013389
0 0.117751 0.229664 0.016051 0.016143
0 0.125972 0.847882 0.015012 0.015295
0 0.090256 0.195783 0.015046 0.015137
0 0.143001 0.109706 0.014325 0.014460
0 0.870860 0.286277 0.013048 0.013110
0 0.875297 0.692104 0.013844 0.013789
0 0.506034 0.569319 0.013712 0.013776
0 0.355394 0.614268 0.014063 0.014291
0 0.219452 0.583236 0.013891 0.014176
0 0.280248 0.073127 0.014217 0.014073
0 0.877186 0.318752 0.013778 0.013562
0 0.246125 0.899848 0.014482 0.014687
0 0.532567 0.387878 0.014401 0.014929
0 0.855568 0.888646 0.015202 0.015208
0 0.052673 0.601803 0.014666 0.014636
0 0.667079 0.546816 0.015116 0.015094
0 0.224604 0.440640 0.014391 0.014422
0 0.530263 0.207928 0.014999 0.015210
0 0.975947 0.182485 0.013351 0.013198
0 0.514283 0.236334 0.014723 0.014745
0 0.793904 0.953872 0.014960 0.014624
0 0.651435 0.688982 0.014826 0.014615
0 0.043031 0.764889 0.013904 0.013718
0 0.806585 0.514263 0.015078 0.015051
0 0.948661 0.879719 0.015763 0.015859
0 0.682598 0.840197 0.014382 0.014385
0 0.618640 0.535675 0.013858 0.013840
0 0.683818 0.275209 0.012953 0.012967
0 0.259498 0.509427 0.013152 0.012773
0 0.244079 0.215064 0.013799 0.013648
0 0.011543 0.226627 0.013395 0.013158
0 0.180347 0.637647 0.014930 0.014842
0 0.797689 0.165782 0.015878 0.015979
0 0.312381 0.813836 0.015448 0.015534
0 0.591259 0.103730 0.013793 0.013758
0 0.443735 0.903302 0.016683 0.016989
0 0.786766 0.290919 0.014350 0.014070
0 0.807349 0.062066 0.013506 0.013670
0 0.399541 0.137618 0.014160 0.014284
0 0.882392 0.960327 0.014518 0.014560
0 0.665712 0.236818 0.014171 0.014050
0 0.719908 0.266135 0.016030 0.015811
0 0.635275 0.167206 0.014044 0.014081
0 0.842106 0.007887 0.013862 0.013841
0 0.680468 0.582188 0.013335 0.013254
0 0.492127 0.149122 0.014250 0.014028
0 0.017553 0.803267 0.013819 0.013659
0 0.947858 0.937343 0.014690 0.014617
0 0.091033 0.907898 0.014058 0.014112
0 0.706450 0.221706 0.013577 0.013529
0 0.602176 0.499179 0.014083 0.014188
0 0.749614 0.044793 0.013346 0.013389
0 0.069553 0.061236 0.015471 0.015343
0 0.319045 0.372971 0.016772 0.016985
0 0.291906 0.197770 0.015092 0.014977
0 0.440744 0.018378 0.013834 0.014182
0 0.264825 0.177981 0.014167 0.014270
0 0.696559 0.057471 0.014202 0.014272
0 0.979368 0.406265 0.014099 0.014442
0 0.563892 0.257476 0.013886 0.013740
0 0.758002 0.722984 0.015155 0.015135
0 0.868955 0.152281 0.014393 0.014544
0 0.906505 0.701594 0.014168 0.014230
0 0.370433 0.251002 0.014217 0.014328
0 0.781456 0.452189 0.014284 0.014452
0 0.268252 0.633774 0.015387 0.015205
0 0.848819 0.720239 0.022817 0.022436
0 0.518400 0.326759 0.015029 0.015031
0 0.192547 0.489373 0.014062 0.013814
0 0.987153 0.506606 0.016768 0.016456
0 0.649965 0.635115 0.016174 0.016285
0 0.234522 0.544005 0.015957 0.015449
0 0.738530 0.617720 0.015334 0.015211
0 0.991294 0.129857 0.014973 0.015022
0 0.720059 0.102530 0.013549 0.013688
0 0.760162 0.544654 0.014454 0.014398
0 0.500465 0.723508 0.013544 0.013361
0 0.347865 0.173518 0.014271 0.014247
0 0.767104 0.682483 0.012872 0.012947
0 0.348150 0.297904 0.021629 0.021457
0 0.517707 0.946817 0.015234 0.015146
0 0.767028 0.083792 0.014359 0.014408
0 0.585248 0.514882 0.014353 0.014326
0 0.290909 0.451685 0.014203 0.014161
0 0.637755 0.952505 0.014636 0.015208
0 0.921975 0.145135 0.020107 0.019548
0 0.119647 0.908010 0.014372 0.014173
0 0.685842 0.179165 0.014380 0.014387
0 0.431500 0.315133 0.014692 0.014398
0 0.837573 0.578048 0.016160 0.016297
0 0.868405 0.341653 0.013924 0.013778
0 0.767478 0.116170 0.015835 0.016136
0 0.792906 0.557671 0.015542 0.015081
0 0.531192 0.638718 0.022598 0.022634
0 0.086726 0.163717 0.015505 0.015292
0 0.755435 0.670002 0.013824 0.013886
0 0.714807 0.902232 0.015096 0.015096
0 0.634506 0.086392 0.021578 0.021220
0 0.899242 0.598295 0.015132 0.014980
0 0.761065 0.496764 0.012932 0.012956
0 0.003337 0.279184 0.006654 0.014658
0 0.859989 0.623704 0.014296 0.014190
0 0.014899 0.111863 0.015562 0.015510
0 0.604682 0.267440 0.012720 0.012391
0 0.802282 0.327934 0.015186 0.014922
0 0.009696 0.912975 0.013104 0.013129
0 0.358965 0.957440 0.015002 0.014932
0 0.993035 0.308631 0.013865 0.015560
0 0.345235 0.751138 0.015134 0.015216
0 0.619516 0.261730 0.014254 0.014171
0 0.929179 0.663568 0.017233 0.017181
0 0.495706 0.281115 0.013182 0.012962
0 0.371572 0.297451 0.013593 0.013458
0 0.304110 0.989864 0.014675 0.014890
0 0.523140 0.017668 0.018408 0.018187
0 0.805367 0.986622 0.014421 0.014281
0 0.621395 0.363958 0.011715 0.011401
0 0.682011 0.203735 0.013951 0.013681
0 0.130609 0.804163 0.014739 0.014233
0 0.309502 0.301292 0.014571 0.014559
0 0.575529 0.376400 0.013464 0.013155
0 0.376808 0.227992 0.020656 0.020271
0 0.070037 0.581579 0.019563 0.019303
0 0.667177 0.190342 0.012866 0.013011
0 0.481629 0.272164 0.015910 0.015459
0 0.071702 0.142575 0.015734 0.015400
0 0.497947 0.805116 0.013732 0.013208
0 0.303804 0.625012 0.014122 0.014497
0 0.002733 0.939536 0.005440 0.014912
0 0.942725 0.662479 0.013403 0.013621
