0 0.050813 0.378034 0.012310 0.012255
0 0.118663 0.151190 0.013195 0.013045
0 0.135204 0.354195 0.012950 0.012789
0 0.592019 0.071834 0.013397 0.013211
0 0.017834 0.474618 0.012893 0.012885
0 0.780447 0.045888 0.014773 0.014786
0 0.657694 0.498461 0.012758 0.012675
0 0.457448 0.040525 0.012820 0.012792
0 0.665973 0.650622 0.012332 0.012607
0 0.564442 0.036656 0.012913 0.012804
0 0.624817 0.640704 0.013211 0.012934
0 0.139257 0.384938 0.012712 0.012793
0 0.301833 0.257808 0.013150 0.013214
0 0.689779 0.275290 0.012817 0.012735
0 0.665817 0.434427 0.012910 0.012931
0 0.310603 0.325393 0.013971 0.013957
0 0.862876 0.633425 0.013549 0.013565
0 0.051790 0.516101 0.012525 0.012709
0 0.028824 0.342373 0.013247 0.013124
0 0.155316 0.511480 0.012726 0.012445
0 0.220936 0.779102 0.011505 0.011537
0 0.433820 0.127163 0.013389 0.013475
0 0.583059 0.285782 0.013162 0.013265
0 0.178362 0.203105 0.012808 0.012495
0 0.153638 0.128432 0.013379 0.013444
0 0.008957 0.186573 0.010917 0.010689
0 0.584412 0.550621 0.013697 0.013614
0 0.536275 0.322734 0.013220 0.013113
0 0.574132 0.597505 0.011865 0.011883
0 0.955612 0.509197 0.015285 0.014875
0 0.299928 0.869830 0.010666 0.010676
0 0.765583 0.030898 0.013879 0.013841
0 0.521191 0.031169 0.013464 0.013635
0 0.584776 0.491363 0.013425 0.013569
0 0.011802 0.825630 0.012921 0.012753
0 0.047866 0.069814 0.013724 0.013595
0 0.993881 0.054187 0.012113 0.013167
0 0.531598 0.465281 0.013425 0.013249
0 0.492744 0.805799 0.013434 0.013245
0 0.880361 0.432466 0.011115 0.011122
0 0.007026 0.640992 0.012256 0.012215
0 0.821278 0.454152 0.012528 0.012564
0 0.735512 0.621031 0.014647 0.014677
0 0.125998 0.686954 0.012100 0.012044
0 0.422717 0.312162 0.013035 0.013105
0 0.712574 0.322757 0.012158 0.012276
0 0.278867 0.436334 0.012072 0.011935
0 0.734200 0.669795 0.012242 0.012296
0 0.750581 0.074091 0.013420 0.013055
0 0.995009 0.455670 0.009970 0.013522
0 0.781907 0.522874 0.012224 0.012113
0 0.149789 0.594001 0.013751 0.014054
0 0.957904 0.047601 0.013273 0.012887
0 0.816325 0.652363 0.013422 0.013786
0 0.675340 0.791212 0.012859 0.012717
0 0.410731 0.215998 0.013775 0.013471
0 0.441901 0.871701 0.012787 0.012817
0 0.110847 0.673770 0.013061 0.012909
0 0.629220 0.853950 0.012615 0.012608
0 0.509199 0.743645 0.012688 0.012810
0 0.636064 0.573027 0.012124 0.012138
0 0.997464 0.079099 0.004946 0.010287
0 0.825783 0.597707 0.014541 0.014345
0 0.728394 0.845152 0.012202 0.012109
0 0.836261 0.310334 0.012644 0.012691
0 0.787610 0.810623 0.012928 0.012862
0 0.441896 0.515191 0.012439 0.012302
0 0.103904 0.569689 0.011395 0.011273
0 0.039324 0.962405 0.013222 0.013108
0 0.074515 0.835254 0.012226 0.011962
0 0.681014 0.509402 0.014282 0.013685
0 0.482124 0.632522 0.014063 0.013917
0 0.240260 0.702483 0.013189 0.013052
0 0.926099 0.004526 0.011165 0.008996
0 0.816301 0.976896 0.011404 0.011263
0 0.588374 0.446896 0.014239 0.014347
0 0.249272 0.761005 0.011272 0.011567
0 0.024364 0.027559 0.014306 0.014014
0 0.018030 0.407072 0.012902 0.013016
0 0.347010 0.861987 0.012106 0.012070
0 0.950685 0.368331 0.013496 0.013531
0 0.005827 0.804382 0.011380 0.013634
0 0.118018 0.709137 0.011591 0.011424
0 0.714301 0.383555 0.013445 0.013338
0 0.799997 0.554516 0.012437 0.012479
0 0.419169 0.546855 0.012309 0.012469
0 0.247425 0.536527 0.013069 0.013003
0 0.664994 0.955342 0.012521 0.012540
0 0.325116 0.928986 0.014238 0.014373
0 0.468798 0.961793 0.011508 0.011227
0 0.792165 0.434972 0.014310 0.014045
0 0.791310 0.734149 0.013645 0.013458
0 0.394769 0.997624 0.014750 0.004706
0 0.129541 0.123315 0.011852 0.011738
0 0.824436 0.518218 0.014487 0.014415
0 0.577411 0.247240 0.012160 0.012083
0 0.777737 0.984688 0.011235 0.011556
0 0.410076 0.497514 0.012061 0.012074
0 0.998310 0.219300 0.003358 0.014545
0 0.823451 0.516467 0.013863 0.014412
0 0.901302 0.461945 0.013166 0.013616
0 0.165432 0.798291 0.011464 0.011799
0 0.555669 0.449458 0.014285 0.014523
0 0.954956 0.749341 0.013979 0.013858
0 0.972332 0.341460 0.012713 0.012938
0 0.824077 0.915376 0.011529 0.012107
0 0.923014 0.272907 0.013312 0.013045
0 0.229583 0.137261 0.015635 0.015465
