0 0.383712 0.442273 0.012843 0.012671
0 0.749528 0.616184 0.013250 0.013118
0 0.032954 0.903837 0.012756 0.012622
0 0.086432 0.813498 0.013568 0.013543
0 0.132800 0.665519 0.011629 0.011508
0 0.329388 0.064207 0.012245 0.012187
0 0.090885 0.946468 0.011845 0.012071
0 0.371674 0.188212 0.012789 0.012964
0 0.084131 0.113583 0.012305 0.012232
0 0.457835 0.957499 0.012194 0.012037
0 0.470904 0.718861 0.012101 0.012224
0 0.653911 0.950344 0.012834 0.012568
0 0.563331 0.594248 0.011883 0.011882
0 0.187174 0.889287 0.013401 0.013223
0 0.520449 0.944512 0.011892 0.011911
0 0.656344 0.375480 0.012738 0.012549
0 0.237121 0.669627 0.012243 0.012199
0 0.500630 0.599961 0.012966 0.013269
0 0.670050 0.665997 0.013126 0.012961
0 0.195280 0.641937 0.011826 0.011831
0 0.061348 0.253117 0.010899 0.010734
0 0.524580 0.531349 0.013300 0.013230
0 0.835234 0.667871 0.012006 0.011993
0 0.525168 0.346080 0.012870 0.012562
0 0.542064 0.973338 0.011583 0.011441
0 0.191265 0.163824 0.011385 0.011458
0 0.396377 0.178996 0.012087 0.012650
0 0.138349 0.603170 0.012612 0.012423
0 0.398032 0.570668 0.012872 0.012741
0 0.167645 0.983274 0.011339 0.011396
0 0.414156 0.399294 0.012445 0.012478
0 0.299435 0.967733 0.011910 0.011834
0 0.349882 0.432816 0.014449 0.014711
0 0.223132 0.466719 0.012371 0.012401
0 0.803358 0.371786 0.013129 0.013199
0 0.109225 0.979630 0.012991 0.012883
0 0.109611 0.897117 0.012365 0.012288
0 0.425463 0.729586 0.011897 0.011965
0 0.144910 0.338608 0.011105 0.010838
0 0.015337 0.240223 0.011996 0.011578
0 0.599203 0.801733 0.012173 0.012208
0 0.232675 0.827909 0.012912 0.012984
0 0.215095 0.127691 0.010874 0.010934
0 0.897358 0.391816 0.011375 0.011209
0 0.513920 0.890922 0.011078 0.011079
0 0.254398 0.709881 0.013231 0.012951
0 0.797244 0.646615 0.012400 0.012332
0 0.665402 0.249470 0.012480 0.012373
0 0.073778 0.504509 0.011997 0.011803
0 0.358461 0.113727 0.012671 0.012225
0 0.161483 0.626482 0.011212 0.010982
0 0.680215 0.788409 0.013285 0.013122
0 0.576514 0.274927 0.010901 0.011047
0 0.847654 0.717457 0.018766 0.018238
0 0.531224 0.635922 0.021452 0.021672
0 0.658993 0.992770 0.011851 0.011912
0 0.409293 0.885675 0.011219 0.011088
0 0.331505 0.517632 0.011917 0.011552
0 0.031428 0.516280 0.012755 0.012515
0 0.287243 0.754100 0.012217 0.012267
0 0.067096 0.454505 0.012069 0.012278
0 0.094470 0.047593 0.011052 0.011051
0 0.251736 0.407600 0.011559 0.011804
0 0.150188 0.486629 0.011461 0.011452
0 0.292609 0.660312 0.011775 0.011643
0 0.125166 0.016343 0.010648 0.010610
0 0.081641 0.245601 0.008670 0.008913
0 0.352897 0.262553 0.013212 0.013381
0 0.215326 0.633006 0.011633 0.011421
0 0.504572 0.996328 0.012507 0.007344
0 0.673297 0.393180 0.011213 0.011265
0 0.224850 0.650860 0.012974 0.012472
0 0.219273 0.988842 0.013872 0.014247
0 0.233093 0.392456 0.011307 0.011128
0 0.413551 0.187681 0.011054 0.010810
0 0.979886 0.223709 0.010804 0.010404
0 0.672825 0.135193 0.008949 0.009036
0 0.753624 0.331733 0.012503 0.012644
0 0.208257 0.808501 0.011503 0.011560
0 0.571697 0.823260 0.010192 0.009675
0 0.702346 0.820516 0.018037 0.017238
