0 0.794624 0.499588 0.014266 0.014235
0 0.687518 0.594842 0.017739 0.017416
0 0.726441 0.441790 0.015259 0.015039
0 0.712686 0.063893 0.016757 0.016514
0 0.799471 0.410327 0.014434 0.014254
0 0.824609 0.921118 0.014664 0.014569
0 0.033292 0.500075 0.014515 0.014313
0 0.349054 0.604942 0.014886 0.014942
0 0.087367 0.911193 0.014492 0.014591
0 0.942429 0.442310 0.014802 0.014516
0 0.676877 0.366503 0.016703 0.016819
0 0.784067 0.363058 0.014195 0.014188
0 0.277430 0.045682 0.014178 0.014048
0 0.446827 0.241041 0.015925 0.015921
0 0.179336 0.817157 0.014021 0.013879
0 0.238621 0.193423 0.015429 0.015303
0 0.942682 0.294957 0.015306 0.015226
0 0.931112 0.199241 0.014523 0.014582
0 0.711234 0.217623 0.014588 0.014607
0 0.352582 0.667080 0.014015 0.013916
0 0.575216 0.619103 0.014557 0.014408
0 0.136791 0.397739 0.015150 0.015124
0 0.360266 0.199064 0.013976 0.013945
0 0.469009 0.122534 0.015415 0.015301
0 0.963960 0.541304 0.014268 0.014360
0 0.601786 0.281286 0.014133 0.014230
0 0.215172 0.370092 0.014713 0.014784
0 0.757671 0.302848 0.015351 0.015268
0 0.090276 0.448073 0.014235 0.014185
0 0.347348 0.302758 0.020836 0.020774
0 0.499610 0.596070 0.013855 0.013888
0 0.311815 0.308307 0.015191 0.015106
0 0.412030 0.936196 0.015763 0.015627
0 0.883608 0.396795 0.014227 0.014222
0 0.556417 0.450405 0.013891 0.013895
0 0.086970 0.355751 0.014963 0.014924
0 0.842998 0.357717 0.014282 0.014097
0 0.722032 0.467400 0.014790 0.014589
0 0.471800 0.420429 0.014760 0.014734
0 0.242714 0.845411 0.014197 0.013959
0 0.143830 0.858344 0.014100 0.014072
0 0.347336 0.011007 0.014219 0.014248
0 0.668046 0.414806 0.015438 0.015424
0 0.831770 0.483609 0.014513 0.014653
0 0.123546 0.718797 0.013823 0.013625
0 0.669213 0.683540 0.018421 0.018247
0 0.696389 0.739532 0.014329 0.014627
0 0.961676 0.043837 0.014695 0.014636
0 0.176318 0.524144 0.015529 0.015667
0 0.290163 0.553671 0.015257 0.015096
0 0.381665 0.647474 0.014014 0.014130
0 0.025650 0.864307 0.014127 0.014400
0 0.261025 0.727936 0.013973 0.013831
0 0.223370 0.767533 0.014022 0.014114
0 0.709023 0.147296 0.015774 0.015427
0 0.729535 0.653041 0.014693 0.014500
0 0.976731 0.286026 0.014903 0.014734
0 0.631224 0.567812 0.015343 0.015419
0 0.121692 0.624934 0.014690 0.014470
0 0.118799 0.841056 0.014800 0.014635
0 0.309666 0.974789 0.015251 0.014938
0 0.760653 0.356841 0.014597 0.014601
0 0.189275 0.207390 0.016107 0.016242
0 0.641186 0.847381 0.014286 0.014180
0 0.739142 0.585616 0.014462 0.014433
0 0.533818 0.639939 0.023327 0.023035
0 0.246939 0.813012 0.015518 0.015205
0 0.401061 0.458378 0.015214 0.015245
0 0.535234 0.418583 0.014603 0.014614
0 0.783674 0.657137 0.014487 0.014536
0 0.684143 0.846899 0.013923 0.013683
0 0.123907 0.698510 0.013643 0.013592
0 0.298088 0.928358 0.014658 0.014478
0 0.743038 0.754259 0.013896 0.013770
0 0.747953 0.517986 0.013951 0.013878
0 0.638969 0.678825 0.014971 0.014935
0 0.493338 0.368531 0.014107 0.014090
0 0.058466 0.602326 0.013513 0.013538
0 0.054694 0.312208 0.014300 0.014220
0 0.238103 0.652817 0.013503 0.013421
0 0.547986 0.140865 0.015544 0.015486
0 0.093001 0.693055 0.014286 0.014090
0 0.574445 0.873060 0.014475 0.014315
0 0.985289 0.504866 0.016619 0.016616
0 0.072008 0.024202 0.014971 0.014852
0 0.280451 0.431607 0.014697 0.014311
0 0.263902 0.612692 0.014401 0.014561
0 0.710694 0.561229 0.014256 0.014116
0 0.658779 0.150749 0.014822 0.014738
0 0.290196 0.767064 0.014932 0.014750
0 0.129525 0.948402 0.014073 0.013869
0 0.594424 0.572743 0.015078 0.014727
0 0.934621 0.658853 0.015170 0.014934
0 0.624283 0.182958 0.016381 0.016457
0 0.835371 0.066499 0.014699 0.014675
0 0.849211 0.720526 0.023247 0.023709
0 0.007729 0.450927 0.014667 0.015596
0 0.952940 0.947569 0.014922 0.014800
0 0.841331 0.699042 0.014984 0.014752
0 0.599963 0.788481 0.016394 0.016538
0 0.022977 0.008174 0.015183 0.015262
0 0.036616 0.410992 0.017407 0.017733
0 0.921905 0.147307 0.020522 0.020351
0 0.499826 0.224341 0.015094 0.015347
0 0.014111 0.159871 0.013454 0.013804
0 0.282035 0.872910 0.013892 0.014153
0 0.007931 0.658664 0.013345 0.012896
0 0.645653 0.615677 0.014230 0.014496
0 0.743367 0.959140 0.014469 0.014501
0 0.483737 0.967582 0.017544 0.016980
0 0.068555 0.575968 0.021341 0.021413
0 0.879553 0.096730 0.013833 0.013738
0 0.643337 0.995107 0.014173 0.009787
0 0.994755 0.712494 0.010490 0.016393
0 0.909017 0.992201 0.018266 0.015598
0 0.615904 0.642911 0.013191 0.013133
0 0.637574 0.281856 0.014217 0.014091
0 0.756837 0.792487 0.015083 0.015360
0 0.912573 0.451200 0.015705 0.015713
0 0.928299 0.284834 0.015214 0.014771
0 0.376529 0.229770 0.019416 0.019130
0 0.690724 0.685109 0.014088 0.014245
0 0.004330 0.062051 0.008638 0.016369
0 0.651081 0.278009 0.014452 0.014459
0 0.745644 0.120521 0.015163 0.015250
0 0.044300 0.325472 0.015973 0.015538
0 0.636620 0.087911 0.022846 0.022752
0 0.582347 0.452456 0.014062 0.014026
0 0.377560 0.741626 0.023283 0.023045
0 0.464376 0.206692 0.014691 0.014217
0 0.832851 0.106373 0.015778 0.015629
0 0.525006 0.019380 0.018844 0.018525
0 0.661830 0.854440 0.012242 0.011650
0 0.859278 0.408062 0.016825 0.015696
0 0.874705 0.966119 0.014474 0.014552
0 0.263856 0.647929 0.017341 0.017521
0 0.790174 0.562328 0.015342 0.015445
0 0.879357 0.591278 0.023864 0.023753
0 0.201300 0.250996 0.017432 0.016714
0 0.737247 0.618171 0.014699 0.014942
0 0.772830 0.883761 0.015261 0.015140
0 0.801297 0.603827 0.015053 0.014626
0 0.683876 0.994213 0.014661 0.011508
0 0.523615 0.172796 0.016813 0.017014
0 0.298936 0.406125 0.014617 0.014495
0 0.254613 0.513489 0.015637 0.015739
0 0.119166 0.958921 0.014445 0.014069
0 0.472270 0.366862 0.015138 0.015429
0 0.127290 0.238094 0.017742 0.017299
0 0.627724 0.112100 0.013264 0.013266
0 0.888563 0.260132 0.020079 0.019803
0 0.997841 0.275674 0.004304 0.015615
0 0.997232 0.274579 0.005501 0.015136
0 0.178770 0.028362 0.017217 0.017102
0 0.254407 0.499818 0.015604 0.015941
0 0.835584 0.106432 0.015621 0.015912
0 0.639815 0.280304 0.013670 0.014377
0 0.648054 0.279251 0.015192 0.013990
0 0.702690 0.824305 0.021980 0.021906
0 0.484227 0.579279 0.019614 0.018692
0 0.540102 0.738372 0.022230 0.022474
0 0.685136 0.992923 0.014742 0.012891
0 0.197317 0.251362 0.017551 0.017278
