0 0.257733 0.838032 0.012560 0.012574
0 0.962152 0.759564 0.012506 0.012511
0 0.094708 0.782536 0.013347 0.013350
0 0.946426 0.672705 0.012880 0.012778
0 0.529730 0.930603 0.012121 0.012016
0 0.488970 0.080018 0.013826 0.013807
0 0.219762 0.718521 0.013431 0.013405
0 0.050546 0.951381 0.013161 0.013017
0 0.103365 0.033563 0.012966 0.012899
0 0.184137 0.891347 0.012535 0.012522
0 0.373604 0.585511 0.013787 0.013925
0 0.624395 0.924135 0.013351 0.013511
0 0.477400 0.291566 0.012519 0.012535
0 0.747914 0.618924 0.012970 0.012907
0 0.356417 0.515662 0.013018 0.013201
0 0.280896 0.165720 0.013510 0.013235
0 0.609858 0.287079 0.011221 0.011071
0 0.705047 0.415757 0.013766 0.013543
0 0.798285 0.508040 0.013049 0.013131
0 0.035412 0.699365 0.014215 0.014313
0 0.441206 0.059765 0.012380 0.012380
0 0.182945 0.532858 0.011678 0.011584
0 0.415729 0.019957 0.013354 0.013325
0 0.161201 0.568726 0.011190 0.011267
0 0.380248 0.211655 0.013447 0.013379
0 0.609472 0.701215 0.011623 0.011691
0 0.286834 0.047416 0.012973 0.012824
0 0.168425 0.043554 0.013846 0.013910
0 0.300808 0.667132 0.013734 0.013663
0 0.157159 0.605710 0.013782 0.013872
0 0.189900 0.725179 0.011744 0.011570
0 0.155563 0.488794 0.014414 0.014092
0 0.524362 0.349479 0.013649 0.013534
0 0.959828 0.595821 0.011555 0.011599
0 0.487264 0.899059 0.012989 0.012868
0 0.756565 0.492687 0.012735 0.012560
0 0.638491 0.228315 0.012045 0.012027
0 0.727999 0.835565 0.012491 0.012551
0 0.126592 0.627951 0.012704 0.012663
0 0.909079 0.068766 0.012914 0.013151
0 0.542366 0.976383 0.012956 0.012668
0 0.544262 0.338911 0.012477 0.012585
0 0.220965 0.469831 0.013303 0.013094
0 0.144791 0.944669 0.013530 0.013233
0 0.915267 0.567541 0.012692 0.012985
0 0.381065 0.510199 0.015209 0.015063
0 0.666658 0.957654 0.012091 0.011921
0 0.354338 0.564522 0.012457 0.012677
0 0.902821 0.711426 0.011311 0.011210
0 0.198632 0.256770 0.012291 0.012313
0 0.249061 0.620467 0.012825 0.012659
0 0.494138 0.544008 0.013526 0.013274
0 0.389855 0.312040 0.012964 0.013130
0 0.234272 0.766722 0.012865 0.012800
0 0.253648 0.125362 0.013917 0.013968
0 0.667235 0.917352 0.012902 0.012925
0 0.116139 0.227262 0.012358 0.012326
0 0.438201 0.137555 0.012308 0.012314
0 0.289238 0.133986 0.013556 0.013431
0 0.172316 0.318020 0.013933 0.013848
0 0.223636 0.649237 0.012264 0.012065
0 0.510983 0.608169 0.012994 0.013103
0 0.285556 0.203210 0.013938 0.013877
0 0.336519 0.821197 0.011475 0.011575
0 0.637347 0.582715 0.011467 0.011451
0 0.440987 0.970415 0.011328 0.011418
0 0.929016 0.429807 0.012722 0.012736
0 0.777339 0.133636 0.011614 0.011295
0 0.365591 0.152693 0.012308 0.012279
0 0.335407 0.217887 0.011623 0.011550
0 0.968508 0.918385 0.011562 0.011353
0 0.301620 0.423179 0.013054 0.012833
0 0.991888 0.076133 0.012474 0.012364
0 0.870197 0.142869 0.010899 0.010866
0 0.500523 0.170813 0.012251 0.012068
0 0.340485 0.689671 0.011386 0.011336
0 0.107803 0.980569 0.013077 0.013157
0 0.212387 0.395040 0.012903 0.012996
0 0.740822 0.761770 0.012247 0.012288
0 0.078986 0.355045 0.011988 0.012023
0 0.006424 0.142579 0.012018 0.012226
0 0.298187 0.002596 0.013657 0.005193
0 0.869465 0.298641 0.012761 0.012585
0 0.330872 0.518032 0.012756 0.012718
0 0.153683 0.448515 0.013518 0.013559
0 0.128397 0.468747 0.012537 0.012986
0 0.681325 0.672734 0.013685 0.013390
0 0.397250 0.943372 0.009556 0.009406
0 0.720473 0.159221 0.011429 0.011574
0 0.086730 0.132812 0.011624 0.011422
0 0.868285 0.788718 0.013093 0.012765
0 0.630137 0.546858 0.014318 0.014206
0 0.422133 0.670888 0.011064 0.010861
0 0.452956 0.251328 0.011510 0.011709
0 0.141184 0.932246 0.011322 0.010668
0 0.454796 0.162333 0.009069 0.009069
0 0.849887 0.710715 0.021829 0.021482
0 0.935550 0.622373 0.010752 0.010820
0 0.420176 0.555857 0.012012 0.011910
0 0.922255 0.290910 0.012013 0.011893
0 0.785374 0.005482 0.014901 0.010964
0 0.979496 0.219113 0.012430 0.012386
0 0.313452 0.436211 0.010713 0.010147
0 0.791919 0.245418 0.012477 0.011925
0 0.403961 0.572537 0.008468 0.009016
0 0.660565 0.780095 0.011760 0.011625
0 0.730003 0.046129 0.011965 0.011792
0 0.781111 0.005494 0.014977 0.010936
0 0.995777 0.424049 0.008447 0.010954
0 0.346831 0.290599 0.023987 0.024081
