0 0.177355 0.288457 0.012719 0.012333
0 0.813669 0.197128 0.012855 0.012532
0 0.468187 0.349718 0.013025 0.012997
0 0.066192 0.162803 0.013068 0.013093
0 0.038904 0.563738 0.011505 0.011306
0 0.750009 0.045066 0.013202 0.013358
0 0.260253 0.242078 0.014982 0.014885
0 0.192939 0.632089 0.011881 0.011752
0 0.538410 0.212562 0.013921 0.013929
0 0.047506 0.666112 0.013546 0.013424
0 0.285457 0.141541 0.012572 0.012640
0 0.623463 0.525236 0.013199 0.013223
0 0.197636 0.262864 0.013362 0.013221
0 0.276088 0.855419 0.013686 0.013518
0 0.128575 0.048990 0.012752 0.012855
0 0.848479 0.053377 0.011844 0.011650
0 0.281213 0.569694 0.013819 0.013847
0 0.181569 0.591736 0.011930 0.011769
0 0.014845 0.420895 0.011903 0.011887
0 0.441524 0.618090 0.013953 0.013823
0 0.868557 0.671598 0.012917 0.012825
0 0.017419 0.061755 0.014159 0.014137
0 0.071489 0.828675 0.011939 0.011716
0 0.140046 0.803578 0.012485 0.012467
0 0.314953 0.353477 0.012900 0.012786
0 0.589824 0.574634 0.013057 0.013038
0 0.518227 0.514101 0.013046 0.012906
0 0.368418 0.556490 0.012288 0.012139
0 0.756782 0.278514 0.012875 0.012795
0 0.045076 0.407051 0.013846 0.013745
0 0.354321 0.840950 0.013208 0.013146
0 0.901109 0.534435 0.013458 0.013357
0 0.924120 0.262744 0.013109 0.013126
0 0.671540 0.540889 0.013719 0.013442
0 0.647869 0.718742 0.012278 0.012403
0 0.626792 0.219791 0.012996 0.013027
0 0.762655 0.921691 0.011538 0.011590
0 0.279046 0.435859 0.012152 0.012071
0 0.430471 0.287221 0.013175 0.013170
0 0.550624 0.659640 0.012400 0.012423
0 0.737286 0.523671 0.013304 0.013327
0 0.617870 0.606487 0.012651 0.012681
0 0.181074 0.681457 0.012813 0.012618
0 0.424227 0.450648 0.013488 0.013800
0 0.222921 0.887117 0.013548 0.013454
0 0.808270 0.227159 0.012893 0.012675
0 0.736406 0.619231 0.014527 0.014567
0 0.766388 0.535422 0.013964 0.013798
0 0.006902 0.879714 0.013170 0.013991
0 0.984788 0.550705 0.013876 0.013944
0 0.814925 0.118649 0.012432 0.012398
0 0.949686 0.421834 0.013561 0.013262
0 0.385937 0.060411 0.013685 0.013566
0 0.619669 0.643257 0.013747 0.013838
0 0.973503 0.432425 0.014071 0.013935
0 0.680781 0.645382 0.012335 0.012497
0 0.855047 0.277316 0.013058 0.012840
0 0.537129 0.169964 0.013162 0.012863
0 0.385780 0.263641 0.012522 0.012290
0 0.573711 0.497115 0.014489 0.014432
0 0.353224 0.898405 0.011575 0.011625
0 0.786039 0.625979 0.012887 0.012814
0 0.050270 0.746540 0.012016 0.012190
0 0.878651 0.218752 0.014243 0.014085
0 0.323948 0.702462 0.012900 0.012716
0 0.036237 0.477016 0.013886 0.013790
0 0.636909 0.391217 0.013438 0.013262
0 0.738073 0.978745 0.012101 0.011953
0 0.512943 0.678010 0.012717 0.012707
0 0.843066 0.083579 0.011876 0.011662
0 0.817833 0.381307 0.010374 0.010141
0 0.707982 0.458291 0.012424 0.012376
0 0.969686 0.591055 0.011710 0.011420
0 0.243898 0.965318 0.012297 0.012357
0 0.983829 0.510812 0.015938 0.015011
0 0.550598 0.532560 0.013794 0.013771
0 0.103200 0.971787 0.012695 0.012471
0 0.630107 0.284180 0.013880 0.013827
0 0.160949 0.484333 0.012355 0.012366
0 0.516838 0.337207 0.014823 0.014642
0 0.439834 0.434915 0.012800 0.012576
0 0.681665 0.328360 0.011636 0.011738
0 0.434330 0.778961 0.013326 0.013280
0 0.673874 0.694615 0.012753 0.013000
0 0.787350 0.423480 0.013101 0.013143
0 0.322981 0.824614 0.011760 0.011784
0 0.464545 0.970114 0.013152 0.013348
0 0.900862 0.505502 0.012428 0.012315
0 0.918530 0.991347 0.012043 0.012078
0 0.532468 0.635745 0.022763 0.022623
0 0.993888 0.827798 0.012220 0.013277
0 0.092859 0.877810 0.009820 0.009557
0 0.965338 0.954074 0.012147 0.012294
0 0.987520 0.341482 0.012194 0.011881
0 0.788151 0.489279 0.013888 0.013494
0 0.889819 0.580275 0.013188 0.013033
0 0.446789 0.981758 0.012267 0.012414
0 0.757273 0.013570 0.013703 0.014043
0 0.353758 0.297611 0.020678 0.020328
0 0.647100 0.484051 0.012650 0.012540
0 0.547801 0.389751 0.013703 0.013848
0 0.830719 0.127584 0.010124 0.010302
0 0.711856 0.937290 0.012783 0.013116
0 0.660179 0.188136 0.013844 0.014394
0 0.791115 0.553828 0.012169 0.012260
0 0.959369 0.924794 0.013057 0.013206
0 0.087418 0.911780 0.012046 0.011576
0 0.849745 0.538265 0.013276 0.013101
0 0.956758 0.847077 0.012705 0.012211
0 0.990197 0.706444 0.011326 0.010956
0 0.771744 0.738031 0.014299 0.014281
0 0.850400 0.715961 0.022849 0.022697
0 0.522729 0.269370 0.012459 0.012161
0 0.732249 0.148253 0.011319 0.010739
0 0.967145 0.855689 0.010265 0.010163
0 0.922599 0.045926 0.010254 0.009823
0 0.902133 0.029690 0.011290 0.011440
0 0.703948 0.818931 0.022500 0.022859
0 0.383576 0.839089 0.010393 0.010425
0 0.730569 0.147579 0.010028 0.009738
0 0.634830 0.085609 0.022490 0.022627
0 0.340532 0.751375 0.010539 0.010399
0 0.998346 0.216963 0.003259 0.013429
0 0.775340 0.463329 0.010551 0.010274
0 0.342089 0.750535 0.010392 0.010122
0 0.813124 0.323725 0.010492 0.010635
0 0.102715 0.936951 0.013261 0.012984
0 0.799950 0.539042 0.013767 0.013652
0 0.940314 0.784584 0.011613 0.011648
