0 0.945420 0.077818 0.012313 0.012243
0 0.185983 0.139246 0.013048 0.012818
0 0.308507 0.314330 0.012827 0.012797
0 0.652736 0.478049 0.013037 0.012975
0 0.366464 0.416548 0.012891 0.012782
0 0.879881 0.443703 0.011784 0.011732
0 0.140132 0.125811 0.011840 0.011947
0 0.819353 0.456305 0.013242 0.013158
0 0.278304 0.436494 0.012029 0.011781
0 0.660750 0.431011 0.013167 0.013271
0 0.133351 0.339949 0.012887 0.012883
0 0.125954 0.470430 0.013235 0.013392
0 0.630164 0.665367 0.012545 0.012588
0 0.306017 0.249704 0.013053 0.012977
0 0.657132 0.496855 0.012819 0.012731
0 0.615665 0.475675 0.012462 0.012320
0 0.780156 0.523818 0.012403 0.012736
0 0.859748 0.635286 0.013683 0.013551
0 0.011851 0.181577 0.011451 0.011464
0 0.586063 0.036413 0.013203 0.013177
0 0.203440 0.174896 0.012906 0.012723
0 0.081227 0.396706 0.013038 0.012890
0 0.450379 0.349963 0.013604 0.013703
0 0.785210 0.057472 0.013767 0.013782
0 0.470514 0.528594 0.012802 0.013035
0 0.835591 0.318804 0.012778 0.012855
0 0.956483 0.509922 0.015503 0.015211
0 0.101983 0.558097 0.012411 0.011989
0 0.845368 0.008800 0.012532 0.012266
0 0.547711 0.859839 0.012819 0.012623
0 0.453844 0.028663 0.012793 0.012856
0 0.995014 0.455446 0.009936 0.013809
0 0.038986 0.581905 0.012772 0.012564
0 0.699226 0.741164 0.012932 0.012697
0 0.406986 0.257282 0.012848 0.012780
0 0.563833 0.019172 0.012416 0.012413
0 0.076580 0.963071 0.012745 0.012859
0 0.473855 0.901394 0.012733 0.012495
0 0.714204 0.321694 0.011634 0.011729
0 0.010928 0.105473 0.012125 0.011960
0 0.497531 0.280766 0.012365 0.012488
0 0.151852 0.214153 0.014088 0.014219
0 0.232386 0.909004 0.012632 0.012762
0 0.082056 0.659882 0.012117 0.012133
0 0.814321 0.653822 0.013508 0.013755
0 0.116505 0.116498 0.014162 0.014200
0 0.322892 0.383459 0.013286 0.013103
0 0.484060 0.625755 0.011790 0.011845
0 0.643827 0.512597 0.014919 0.014910
0 0.075729 0.832442 0.012585 0.012636
0 0.191258 0.553833 0.013728 0.013644
0 0.533040 0.477107 0.012102 0.011996
0 0.823840 0.599957 0.013566 0.013452
0 0.566219 0.154099 0.012989 0.013083
0 0.226527 0.552903 0.012636 0.012815
0 0.716538 0.633491 0.012072 0.012224
0 0.464510 0.800593 0.013134 0.013172
0 0.361738 0.595700 0.012199 0.012700
0 0.461374 0.965021 0.011297 0.011103
0 0.241684 0.835825 0.012505 0.012593
0 0.619080 0.965183 0.013081 0.013134
0 0.281416 0.740988 0.012745 0.012760
0 0.793772 0.269863 0.014474 0.014495
0 0.115602 0.025951 0.011905 0.011894
0 0.560887 0.303088 0.011865 0.011683
0 0.574180 0.570240 0.011130 0.010498
0 0.267512 0.503196 0.011937 0.011704
0 0.014236 0.788663 0.012921 0.013253
0 0.225369 0.719379 0.012792 0.012559
0 0.852964 0.415119 0.012769 0.012522
0 0.682618 0.302963 0.011600 0.011675
0 0.938193 0.377803 0.013502 0.013792
0 0.563859 0.127911 0.013066 0.013221
0 0.562888 0.812658 0.011438 0.011404
0 0.880553 0.762079 0.013547 0.013524
0 0.992389 0.313075 0.013399 0.013368
0 0.324018 0.783322 0.012389 0.012204
0 0.602895 0.034089 0.012019 0.011678
0 0.739410 0.347250 0.014115 0.013697
0 0.710918 0.382891 0.012873 0.012817
0 0.159450 0.951872 0.011839 0.011747
0 0.789203 0.731985 0.014114 0.014116
0 0.811987 0.976938 0.011720 0.011359
0 0.173027 0.801091 0.011592 0.012024
0 0.738514 0.844273 0.012129 0.012354
0 0.953362 0.055532 0.014271 0.014331
0 0.749281 0.078330 0.013266 0.012773
0 0.562758 0.578780 0.012824 0.012578
0 0.564916 0.481355 0.014659 0.014839
0 0.830303 0.784792 0.013103 0.012992
0 0.648837 0.891634 0.011188 0.011154
0 0.822124 0.520599 0.014634 0.014464
0 0.998175 0.218578 0.003626 0.015829
0 0.793649 0.977331 0.011531 0.011237
0 0.832134 0.987145 0.013681 0.013746
0 0.838301 0.494819 0.011123 0.011913
0 0.795710 0.754464 0.013321 0.013777
0 0.602668 0.823275 0.011356 0.011411
