0 0.169908 0.232132 0.012129 0.012024
0 0.171343 0.277574 0.012914 0.012825
0 0.136318 0.307443 0.011268 0.011033
0 0.768918 0.203606 0.012690 0.012396
0 0.672556 0.944777 0.012672 0.012592
0 0.926134 0.451515 0.013588 0.013429
0 0.140425 0.711538 0.012922 0.012785
0 0.229800 0.705646 0.013893 0.013842
0 0.471249 0.076909 0.011631 0.011385
0 0.748797 0.617195 0.013308 0.013374
0 0.880556 0.052164 0.011914 0.011680
0 0.169428 0.746222 0.012409 0.012276
0 0.661122 0.510389 0.013248 0.013385
0 0.911927 0.630548 0.012931 0.012734
0 0.525361 0.346836 0.013585 0.013414
0 0.081013 0.611869 0.014439 0.014544
0 0.093840 0.816249 0.014364 0.014206
0 0.026994 0.330248 0.012099 0.011927
0 0.803575 0.925406 0.012755 0.012678
0 0.592438 0.625315 0.013821 0.013819
0 0.208591 0.730473 0.012364 0.012280
0 0.264579 0.230604 0.014291 0.014080
0 0.566702 0.363573 0.013244 0.013275
0 0.601350 0.264169 0.013097 0.013293
0 0.364411 0.068425 0.012315 0.012111
0 0.221406 0.603199 0.012711 0.012387
0 0.104867 0.681982 0.013209 0.013041
0 0.778832 0.535921 0.011744 0.011507
0 0.765461 0.892967 0.012640 0.012621
0 0.841473 0.285215 0.011498 0.011351
0 0.506726 0.191401 0.011920 0.012159
0 0.550161 0.733254 0.013935 0.013837
0 0.508909 0.745072 0.013974 0.013964
0 0.053394 0.526809 0.013291 0.013224
0 0.715879 0.106143 0.012678 0.012682
0 0.801748 0.236869 0.013361 0.013153
0 0.053444 0.139497 0.011805 0.011704
0 0.410533 0.173194 0.013107 0.013050
0 0.198079 0.452129 0.013107 0.012980
0 0.345869 0.758889 0.013210 0.013208
0 0.789746 0.604335 0.011937 0.011895
0 0.257281 0.466660 0.012808 0.012735
0 0.819131 0.962875 0.011929 0.011872
0 0.615104 0.152960 0.011936 0.011714
0 0.546539 0.423660 0.014427 0.014276
0 0.150749 0.534304 0.013542 0.013629
0 0.477950 0.534841 0.013483 0.013387
0 0.442326 0.186376 0.012024 0.012373
0 0.432281 0.694400 0.013105 0.013342
0 0.546976 0.564180 0.014336 0.014513
0 0.965257 0.313176 0.011150 0.011161
0 0.515133 0.221455 0.013036 0.013187
0 0.630659 0.829583 0.010489 0.010394
0 0.482878 0.754724 0.013432 0.013662
0 0.557758 0.524038 0.013024 0.013117
0 0.430776 0.124770 0.015006 0.015126
0 0.352449 0.223790 0.011382 0.011591
0 0.796236 0.411325 0.011302 0.011371
0 0.544778 0.973671 0.013044 0.012753
0 0.462083 0.962474 0.012469 0.012345
0 0.328982 0.868694 0.012497 0.012418
0 0.008701 0.592767 0.013080 0.013041
0 0.331920 0.518209 0.011752 0.011596
0 0.275308 0.459143 0.012255 0.011787
0 0.468877 0.794809 0.013911 0.014156
0 0.222775 0.467932 0.012999 0.012876
0 0.480845 0.965605 0.011851 0.011626
0 0.671254 0.869383 0.012224 0.012464
0 0.861084 0.551227 0.013190 0.013395
0 0.227087 0.647760 0.011791 0.011681
0 0.433473 0.234193 0.012539 0.012766
0 0.181368 0.044447 0.013119 0.013211
0 0.163437 0.042101 0.011727 0.011443
0 0.948475 0.497470 0.012708 0.012296
0 0.212125 0.988270 0.011463 0.011468
0 0.565118 0.066196 0.012272 0.012523
0 0.443554 0.974121 0.012337 0.012240
0 0.650389 0.209673 0.011245 0.011561
0 0.198914 0.829267 0.014579 0.014513
0 0.996280 0.178718 0.007401 0.011305
0 0.833010 0.317354 0.012603 0.012533
0 0.110474 0.510999 0.012106 0.012023
0 0.167569 0.907632 0.014609 0.014491
0 0.429475 0.847143 0.009935 0.009906
0 0.309741 0.943839 0.012481 0.012454
0 0.506593 0.901464 0.011459 0.011246
0 0.370870 0.809073 0.010538 0.010517
0 0.187181 0.890566 0.013479 0.013411
0 0.498730 0.227568 0.011910 0.011827
0 0.844796 0.353222 0.012936 0.013122
0 0.786609 0.004790 0.012841 0.009479
0 0.128002 0.955937 0.011620 0.011513
0 0.733423 0.321072 0.010658 0.010562
0 0.109175 0.980220 0.014198 0.013938
0 0.438106 0.064480 0.011332 0.011323
0 0.002022 0.365123 0.003993 0.010839
0 0.631443 0.202563 0.011091 0.010871
0 0.751448 0.963770 0.012633 0.012732
0 0.170218 0.681840 0.010704 0.010211
0 0.316189 0.757572 0.011744 0.011612
0 0.308388 0.673405 0.009314 0.009462
0 0.497682 0.543592 0.012479 0.012152
