0 0.155936 0.164041 0.013248 0.013057
0 0.132986 0.804132 0.013186 0.013209
0 0.282881 0.223874 0.012654 0.012424
0 0.181359 0.805626 0.013891 0.013626
0 0.206958 0.869966 0.013220 0.012996
0 0.216359 0.493728 0.011854 0.011553
0 0.101589 0.832743 0.013391 0.013194
0 0.805417 0.575993 0.011171 0.010998
0 0.414362 0.100231 0.010988 0.011003
0 0.245068 0.392892 0.012257 0.012246
0 0.241802 0.759625 0.013459 0.013256
0 0.665760 0.347493 0.011360 0.011326
0 0.295865 0.141620 0.012276 0.012212
0 0.011299 0.913658 0.013173 0.012934
0 0.151136 0.042524 0.012086 0.012113
0 0.205063 0.123302 0.012489 0.012346
0 0.234960 0.177872 0.013762 0.013861
0 0.404286 0.017937 0.013433 0.013103
0 0.158797 0.944303 0.010631 0.010439
0 0.923633 0.452485 0.012735 0.012614
0 0.319001 0.532104 0.011688 0.011748
0 0.364282 0.115531 0.013185 0.013229
0 0.309156 0.205541 0.012010 0.012035
0 0.187264 0.889422 0.013162 0.013145
0 0.749460 0.614670 0.011453 0.011283
0 0.684476 0.777177 0.013244 0.013296
0 0.524593 0.346037 0.012337 0.012312
0 0.726982 0.820066 0.012988 0.012889
0 0.081808 0.520913 0.012689 0.012635
0 0.038970 0.574937 0.013158 0.013022
0 0.460009 0.957388 0.012225 0.012252
0 0.477639 0.769447 0.012276 0.012208
0 0.111478 0.122907 0.010806 0.010912
0 0.290955 0.565579 0.011270 0.011257
0 0.174983 0.496621 0.010959 0.010872
0 0.536547 0.223700 0.010470 0.010730
0 0.587794 0.428887 0.013014 0.012982
0 0.388950 0.191267 0.011988 0.011941
0 0.543135 0.973607 0.011280 0.011180
0 0.595241 0.513206 0.011683 0.011774
0 0.110547 0.979204 0.013282 0.013093
0 0.013415 0.553810 0.012151 0.012118
0 0.226914 0.649362 0.012382 0.011856
0 0.585849 0.323102 0.010079 0.010161
0 0.863808 0.295010 0.012164 0.012074
0 0.847537 0.719447 0.016425 0.016238
0 0.916430 0.627689 0.011404 0.011076
0 0.552804 0.899969 0.011611 0.011724
0 0.344920 0.297682 0.020609 0.020543
0 0.895498 0.801760 0.011044 0.011111
0 0.063950 0.454108 0.011371 0.011212
0 0.016920 0.314990 0.011418 0.011102
0 0.003526 0.874877 0.007032 0.012051
0 0.440337 0.867921 0.011309 0.010762
0 0.298594 0.353026 0.012716 0.012860
0 0.701000 0.822165 0.017573 0.016661
0 0.622209 0.781911 0.014462 0.014298
0 0.429449 0.336816 0.012075 0.012387
0 0.317807 0.952102 0.011313 0.011261
0 0.535309 0.541281 0.011099 0.011407
0 0.348327 0.031976 0.011612 0.011921
0 0.514700 0.020273 0.013231 0.013002
0 0.448689 0.212431 0.013964 0.013845
0 0.370896 0.704208 0.012538 0.012348
0 0.284894 0.523772 0.010904 0.010966
0 0.003522 0.345440 0.006947 0.011176
0 0.152538 0.495046 0.013174 0.012894
0 0.468414 0.231586 0.010947 0.010927
0 0.381765 0.988516 0.012738 0.012654
0 0.528700 0.828778 0.004652 0.008402
0 0.224654 0.466290 0.011928 0.011886
0 0.603851 0.348901 0.011130 0.010957
0 0.357519 0.526887 0.010912 0.011580
0 0.493299 0.274771 0.010193 0.010401
