0 0.108759 0.381725 0.012673 0.012463
0 0.972978 0.418524 0.011834 0.011835
0 0.055570 0.368929 0.012533 0.012560
0 0.534587 0.543719 0.012825 0.012821
0 0.658210 0.098661 0.012232 0.012219
0 0.631720 0.361811 0.013389 0.013269
0 0.916483 0.326681 0.013130 0.013034
0 0.917068 0.208663 0.012972 0.012904
0 0.651521 0.579714 0.012715 0.012770
0 0.906218 0.540618 0.013154 0.012680
0 0.539159 0.728977 0.012813 0.012703
0 0.903757 0.153061 0.012589 0.012503
0 0.382838 0.367408 0.013849 0.013907
0 0.734994 0.698251 0.013804 0.013776
0 0.463573 0.123538 0.012323 0.012309
0 0.694572 0.659312 0.013517 0.013288
0 0.090903 0.347208 0.014036 0.013950
0 0.486867 0.490671 0.013622 0.013300
0 0.630221 0.120257 0.012210 0.012394
0 0.580671 0.411879 0.012424 0.012416
0 0.397461 0.232272 0.012468 0.012418
0 0.909336 0.284283 0.013825 0.013629
0 0.578354 0.204798 0.013228 0.013260
0 0.785284 0.620659 0.012148 0.011907
0 0.700248 0.029023 0.012626 0.012562
0 0.739500 0.078486 0.012909 0.012860
0 0.156637 0.223388 0.013214 0.013273
0 0.495527 0.928621 0.014415 0.014276
0 0.869803 0.383113 0.013111 0.012966
0 0.077870 0.663715 0.012913 0.012819
0 0.278824 0.436382 0.012078 0.011940
0 0.557462 0.502541 0.013935 0.013867
0 0.399425 0.719048 0.011925 0.011810
0 0.557079 0.798357 0.013478 0.013491
0 0.342196 0.379872 0.013126 0.013081
0 0.469170 0.147865 0.013881 0.013712
0 0.734343 0.622142 0.013952 0.013852
0 0.368249 0.262892 0.012281 0.012305
0 0.736665 0.729040 0.012724 0.012627
0 0.022822 0.687048 0.013125 0.013346
0 0.927368 0.039074 0.012245 0.012445
0 0.161270 0.767479 0.012210 0.012149
0 0.733507 0.578292 0.011403 0.011283
0 0.775499 0.096578 0.013260 0.013357
0 0.436717 0.525661 0.012565 0.012501
0 0.677404 0.397188 0.012547 0.012416
0 0.471282 0.033921 0.013276 0.013206
0 0.850410 0.524998 0.014384 0.014404
0 0.714846 0.646043 0.014110 0.014313
0 0.687421 0.262419 0.012727 0.012749
0 0.401658 0.408891 0.013631 0.013560
0 0.634252 0.955709 0.014140 0.014131
0 0.664527 0.357320 0.012116 0.012311
0 0.321637 0.271176 0.012606 0.012635
0 0.005393 0.447921 0.010777 0.012784
0 0.139306 0.733778 0.012913 0.012738
0 0.361365 0.823704 0.011908 0.011967
0 0.893040 0.587681 0.012338 0.012450
0 0.509662 0.360720 0.012902 0.012841
0 0.668829 0.566973 0.012445 0.012163
0 0.087604 0.930178 0.011919 0.011764
0 0.261282 0.165108 0.012191 0.012199
0 0.657067 0.764392 0.012919 0.012856
0 0.461718 0.282853 0.010838 0.010421
0 0.366006 0.677842 0.012150 0.012233
0 0.433404 0.384597 0.013920 0.014037
0 0.458438 0.567105 0.014084 0.014063
0 0.889472 0.762814 0.013102 0.013239
0 0.816505 0.488880 0.011043 0.011001
0 0.016290 0.829784 0.012414 0.012171
0 0.455456 0.796952 0.013264 0.013036
0 0.665764 0.643073 0.014150 0.014253
0 0.826393 0.018160 0.013575 0.013757
0 0.021561 0.911572 0.011415 0.011826
0 0.200508 0.467479 0.013331 0.013182
0 0.882458 0.699391 0.012504 0.012585
0 0.285106 0.667822 0.013933 0.014071
0 0.777744 0.908089 0.012479 0.012684
0 0.445843 0.586975 0.012573 0.012527
0 0.930379 0.609976 0.012771 0.012690
0 0.939531 0.850341 0.014191 0.014175
0 0.194111 0.620818 0.012151 0.012145
0 0.375587 0.758990 0.011812 0.011757
0 0.108853 0.168424 0.012399 0.012314
0 0.870148 0.108255 0.011950 0.011673
0 0.087830 0.793910 0.009624 0.009510
0 0.369054 0.849534 0.013210 0.013179
0 0.771131 0.536342 0.013011 0.012872
0 0.007304 0.333740 0.013099 0.013238
0 0.270718 0.623135 0.012232 0.012239
0 0.217840 0.438994 0.014048 0.013977
0 0.971711 0.603001 0.011021 0.010598
0 0.901206 0.071551 0.011208 0.010873
0 0.805669 0.541953 0.011390 0.011314
0 0.160239 0.022011 0.011216 0.011478
0 0.497483 0.696400 0.011493 0.011972
0 0.285334 0.750810 0.011531 0.011567
0 0.884830 0.116951 0.009660 0.009506
0 0.737586 0.427718 0.013052 0.013263
0 0.370108 0.721368 0.011942 0.011949
0 0.234512 0.563509 0.012152 0.012243
0 0.349156 0.290515 0.024224 0.024636
0 0.383673 0.964577 0.013260 0.013273
0 0.995280 0.461678 0.009383 0.012566
0 0.983688 0.513440 0.013857 0.013108
0 0.838377 0.139876 0.012742 0.012382
0 0.279352 0.944547 0.012508 0.012376
0 0.747888 0.446149 0.011700 0.011773
0 0.854982 0.997983 0.012279 0.003983
0 0.048352 0.904501 0.010999 0.010758
0 0.658284 0.997782 0.013176 0.004385
0 0.911819 0.925515 0.011637 0.011545
0 0.907317 0.995887 0.013335 0.008226
0 0.124426 0.943324 0.011470 0.011399
0 0.534996 0.630473 0.023802 0.023226
0 0.420643 0.889558 0.012158 0.012243
0 0.765944 0.473396 0.013281 0.013187
0 0.880261 0.975679 0.014240 0.014180
0 0.850542 0.712413 0.020064 0.018713
0 0.968176 0.030678 0.010035 0.009436
0 0.657814 0.996836 0.013455 0.006263
0 0.919626 0.007371 0.010765 0.010609
0 0.871259 0.570998 0.011770 0.011683
0 0.854870 0.996839 0.011727 0.006243
0 0.957241 0.524971 0.011996 0.012182
0 0.751194 0.894940 0.012191 0.012492
0 0.222467 0.998075 0.011380 0.003845
0 0.847637 0.556104 0.011848 0.011604
