0 0.538970 0.396548 0.012704 0.012848
0 0.290408 0.202354 0.012956 0.013064
0 0.207397 0.363144 0.012909 0.012867
0 0.053949 0.841720 0.013326 0.013409
0 0.942327 0.845826 0.012995 0.013139
0 0.899012 0.384440 0.012906 0.012802
0 0.409004 0.171076 0.013688 0.013591
0 0.603626 0.899664 0.012656 0.012629
0 0.389464 0.374123 0.013912 0.013789
0 0.531431 0.434470 0.012747 0.012770
0 0.143315 0.744130 0.013269 0.013342
0 0.736764 0.506681 0.013238 0.013275
0 0.358984 0.402114 0.013421 0.013387
0 0.118881 0.266450 0.013445 0.013445
0 0.145163 0.348749 0.013172 0.013105
0 0.479752 0.321799 0.013625 0.013471
0 0.330783 0.913197 0.013470 0.013372
0 0.900146 0.217462 0.013170 0.013008
0 0.063509 0.475700 0.013987 0.014066
0 0.653175 0.322252 0.012882 0.012775
0 0.298390 0.531694 0.012979 0.012982
0 0.952750 0.618575 0.013322 0.013409
0 0.337915 0.134866 0.012824 0.012692
0 0.644881 0.936658 0.013936 0.013985
0 0.858276 0.840173 0.012098 0.011831
0 0.263218 0.071762 0.012339 0.012137
0 0.349249 0.942169 0.014082 0.013773
0 0.805223 0.024648 0.012804 0.012588
0 0.097945 0.024450 0.013197 0.013236
0 0.096214 0.627969 0.012680 0.012385
0 0.516380 0.334888 0.014869 0.014928
0 0.786967 0.140784 0.013648 0.013495
0 0.159825 0.791805 0.013012 0.013053
0 0.280714 0.035738 0.012811 0.012845
0 0.457868 0.576857 0.013015 0.013216
0 0.974571 0.927631 0.012781 0.012522
0 0.903332 0.694995 0.013929 0.013800
0 0.975599 0.827930 0.012922 0.012856
0 0.553847 0.475945 0.013556 0.013451
0 0.027972 0.686456 0.014204 0.014213
0 0.972348 0.535709 0.012865 0.012853
0 0.420914 0.385459 0.012355 0.012421
0 0.578689 0.262273 0.012482 0.012474
0 0.514906 0.595408 0.013353 0.013166
0 0.111571 0.820160 0.014162 0.013787
0 0.379524 0.553735 0.012277 0.012275
0 0.226590 0.593107 0.013370 0.013372
0 0.629697 0.237364 0.012206 0.012313
0 0.751509 0.353003 0.012932 0.013030
0 0.483014 0.651571 0.014192 0.014404
0 0.911280 0.093585 0.011906 0.011956
0 0.382505 0.869843 0.013273 0.013002
0 0.593439 0.161964 0.013646 0.013404
0 0.798229 0.534541 0.014731 0.014794
0 0.728156 0.130064 0.013080 0.013212
0 0.266922 0.331181 0.013165 0.013009
0 0.050364 0.419194 0.014030 0.013816
0 0.527154 0.218959 0.013806 0.013867
0 0.773721 0.076915 0.011039 0.010944
0 0.480242 0.108821 0.013600 0.013508
0 0.886910 0.919327 0.012607 0.012417
0 0.638797 0.629642 0.014110 0.014243
0 0.154182 0.238491 0.013193 0.013107
0 0.623397 0.283277 0.012552 0.012529
0 0.858955 0.071399 0.014022 0.014105
0 0.624979 0.500645 0.013791 0.013831
0 0.847704 0.599892 0.014935 0.014702
0 0.926045 0.642543 0.011949 0.011755
0 0.514860 0.518709 0.012926 0.012762
0 0.459817 0.781537 0.013653 0.013495
0 0.745306 0.406532 0.013432 0.013368
0 0.532529 0.300843 0.013152 0.013210
0 0.689064 0.533485 0.012840 0.013099
0 0.621216 0.175100 0.013052 0.012963
0 0.563744 0.198428 0.013195 0.013177
0 0.167107 0.941530 0.012679 0.012500
0 0.140939 0.843623 0.013158 0.013291
0 0.196713 0.495078 0.012945 0.012916
0 0.687207 0.641687 0.012096 0.012119
0 0.395186 0.326857 0.014284 0.014296
0 0.381141 0.660056 0.013176 0.013133
0 0.929645 0.229685 0.013801 0.013699
0 0.094191 0.097382 0.013890 0.013824
0 0.311392 0.315306 0.013279 0.013075
0 0.425912 0.685091 0.012591 0.012620
0 0.831870 0.138809 0.013498 0.013732
0 0.889589 0.442470 0.013284 0.013199
0 0.795958 0.476796 0.014791 0.014722
0 0.037867 0.467656 0.012546 0.012360
0 0.060452 0.956830 0.013260 0.013097
0 0.938691 0.653318 0.013321 0.013203
0 0.944803 0.017046 0.013015 0.012913
0 0.798564 0.963249 0.012135 0.012131
0 0.742671 0.746602 0.012786 0.012771
0 0.453457 0.755758 0.013111 0.013127
0 0.111321 0.391946 0.013222 0.013013
0 0.470816 0.253762 0.013260 0.013394
0 0.303533 0.676938 0.013139 0.013087
0 0.974997 0.174994 0.012679 0.012564
0 0.278863 0.497971 0.013334 0.013230
0 0.747570 0.797672 0.012045 0.012040
0 0.960764 0.574174 0.011845 0.011784
0 0.398822 0.658886 0.012671 0.012765
0 0.742353 0.882860 0.013056 0.013115
0 0.033541 0.327629 0.013801 0.013878
0 0.021712 0.382018 0.013708 0.013555
0 0.185129 0.527830 0.013385 0.013163
0 0.597603 0.643139 0.013783 0.013544
0 0.544671 0.700964 0.013598 0.013576
0 0.491840 0.456447 0.012853 0.012811
0 0.188331 0.197459 0.013589 0.013570
0 0.237864 0.110652 0.013085 0.013163
0 0.026817 0.887174 0.013076 0.013047
0 0.759495 0.151183 0.011974 0.012212
0 0.882904 0.880837 0.013362 0.013442
0 0.339829 0.084394 0.014230 0.014222
0 0.992237 0.436847 0.013217 0.012839
0 0.391590 0.458095 0.013215 0.012856
0 0.801309 0.995692 0.010202 0.008559
0 0.244750 0.218150 0.014390 0.014258
0 0.283065 0.655397 0.015075 0.014876
0 0.049876 0.232759 0.013799 0.013811
0 0.447395 0.906266 0.012991 0.013270
0 0.816885 0.966605 0.011727 0.012004
0 0.649504 0.846808 0.013049 0.012989
0 0.431606 0.846647 0.013618 0.013734
0 0.799679 0.392916 0.014638 0.014702
0 0.226264 0.679227 0.014804 0.014638
0 0.933596 0.955983 0.013574 0.013595
0 0.950210 0.891165 0.011741 0.011980
0 0.911011 0.112454 0.012454 0.012493
0 0.894435 0.989502 0.013379 0.013615
0 0.790097 0.187530 0.012459 0.011980
0 0.750891 0.278793 0.012857 0.012758
0 0.605504 0.680821 0.014269 0.014335
0 0.416419 0.441536 0.014339 0.014093
0 0.316746 0.936796 0.013461 0.013398
0 0.532394 0.513394 0.013791 0.013789
0 0.494642 0.185330 0.014066 0.014385
0 0.800488 0.219994 0.014565 0.014598
0 0.189737 0.007218 0.012968 0.013184
0 0.006361 0.131730 0.012455 0.013986
0 0.399746 0.214445 0.014032 0.014078
0 0.014232 0.447322 0.014449 0.014191
0 0.481151 0.267660 0.015128 0.015142
0 0.019058 0.959889 0.014800 0.014778
0 0.879971 0.171217 0.013549 0.013748
0 0.156723 0.703188 0.014534 0.014528
0 0.376818 0.003842 0.014304 0.007683
0 0.764975 0.004089 0.013574 0.008178
0 0.626484 0.693185 0.012622 0.012460
0 0.831095 0.752848 0.013792 0.013731
0 0.154601 0.431222 0.013310 0.013701
0 0.103450 0.870953 0.014799 0.014823
0 0.308678 0.898781 0.014928 0.014823
0 0.189132 0.237059 0.013454 0.013401
0 0.893961 0.796536 0.011353 0.011240
0 0.164741 0.562905 0.013662 0.013681
0 0.328604 0.763954 0.014401 0.014415
0 0.514207 0.184427 0.012720 0.012719
0 0.221074 0.059968 0.012372 0.012153
0 0.844302 0.184129 0.014627 0.014667
0 0.738370 0.319419 0.013834 0.014086
0 0.452934 0.013729 0.013388 0.013540
0 0.313536 0.983325 0.013010 0.013023
0 0.657552 0.074643 0.012365 0.012328
0 0.266489 0.718961 0.013859 0.013868
0 0.819876 0.749388 0.012323 0.012242
0 0.571328 0.034075 0.014583 0.014229
0 0.262731 0.651148 0.012303 0.012276
0 0.385153 0.972052 0.013490 0.013114
0 0.058663 0.010303 0.012364 0.012380
0 0.524240 0.023835 0.013697 0.013424
0 0.981476 0.192053 0.013066 0.012843
0 0.865401 0.012104 0.013247 0.013096
0 0.875523 0.595423 0.015654 0.015172
0 0.641230 0.253465 0.016435 0.016159
0 0.123552 0.236458 0.013599 0.013494
0 0.099575 0.792345 0.015027 0.014784
0 0.849103 0.711563 0.022944 0.022967
0 0.019003 0.043839 0.012613 0.012298
0 0.789998 0.106628 0.013974 0.014067
0 0.938237 0.872820 0.013840 0.013498
0 0.769980 0.600384 0.014385 0.014236
0 0.569272 0.035453 0.014025 0.014224
0 0.779173 0.631686 0.015941 0.016268
0 0.187024 0.551668 0.014812 0.015351
0 0.147677 0.439438 0.013367 0.013621
0 0.773337 0.187603 0.009306 0.009034
0 0.001630 0.627783 0.003260 0.015288
0 0.222307 0.746095 0.011322 0.011107
0 0.532191 0.630180 0.023974 0.023647
0 0.309133 0.046336 0.013409 0.013385
0 0.962497 0.878850 0.013696 0.013349
0 0.146740 0.681121 0.013514 0.012852
0 0.828273 0.752005 0.013971 0.013707
