0 0.659176 0.098238 0.012307 0.012398
0 0.057766 0.367425 0.012404 0.012427
0 0.540935 0.543450 0.012169 0.012018
0 0.834856 0.141714 0.012038 0.012059
0 0.880622 0.311252 0.013102 0.013037
0 0.111659 0.383264 0.012807 0.012601
0 0.337206 0.243078 0.012799 0.012753
0 0.073411 0.662888 0.012937 0.013023
0 0.704048 0.626251 0.012808 0.012660
0 0.279448 0.436739 0.012277 0.011997
0 0.976777 0.413925 0.013193 0.013142
0 0.842673 0.229792 0.013784 0.013693
0 0.301163 0.666561 0.013639 0.013681
0 0.629601 0.951897 0.014741 0.014746
0 0.184077 0.453897 0.012593 0.012613
0 0.362461 0.760251 0.012885 0.012603
0 0.699684 0.658672 0.013241 0.013109
0 0.923717 0.037583 0.012109 0.012244
0 0.547776 0.427089 0.012628 0.012604
0 0.904291 0.539059 0.013034 0.012777
0 0.569105 0.802621 0.013486 0.013358
0 0.862131 0.349958 0.013107 0.013189
0 0.132979 0.748506 0.012225 0.012113
0 0.537881 0.730013 0.012247 0.012199
0 0.225262 0.449871 0.013728 0.013809
0 0.320682 0.360534 0.012930 0.013030
0 0.985698 0.449126 0.012105 0.011913
0 0.734704 0.621799 0.014047 0.013830
0 0.084049 0.789297 0.009812 0.009753
0 0.588159 0.218502 0.012999 0.012937
0 0.382571 0.256663 0.011998 0.011974
0 0.403106 0.719867 0.013094 0.012943
0 0.236244 0.157848 0.012695 0.012804
0 0.619900 0.358957 0.013003 0.013046
0 0.432668 0.774517 0.014138 0.014186
0 0.087315 0.928846 0.011704 0.011553
0 0.776469 0.105081 0.014123 0.014185
0 0.648310 0.619839 0.014014 0.013950
0 0.893101 0.265281 0.014310 0.014510
0 0.669424 0.572464 0.011964 0.011720
0 0.890692 0.758517 0.012598 0.012885
0 0.397248 0.203030 0.011984 0.011909
0 0.454724 0.586281 0.012839 0.012739
0 0.495329 0.354146 0.014028 0.013880
0 0.175325 0.197741 0.012383 0.012328
0 0.227447 0.535958 0.013342 0.013321
0 0.055959 0.903809 0.011600 0.011430
0 0.490824 0.917125 0.014252 0.014459
0 0.281453 0.943118 0.010967 0.010963
0 0.091958 0.346048 0.014086 0.014041
0 0.430381 0.517477 0.011940 0.011883
0 0.480551 0.492238 0.014697 0.014587
0 0.017723 0.827898 0.012178 0.012035
0 0.938447 0.858555 0.013983 0.014108
0 0.272530 0.625418 0.013509 0.013371
0 0.375769 0.712669 0.012518 0.012551
0 0.467244 0.147504 0.013036 0.012684
0 0.936761 0.530279 0.012343 0.012470
0 0.453378 0.375524 0.014361 0.014308
0 0.739220 0.068144 0.012410 0.012462
0 0.643893 0.769643 0.012078 0.011971
0 0.364799 0.844492 0.012491 0.012466
0 0.479789 0.573257 0.012216 0.012338
0 0.153655 0.769350 0.011442 0.011168
0 0.971611 0.598728 0.011551 0.010942
0 0.363219 0.821466 0.012759 0.012446
0 0.565833 0.524180 0.013793 0.013835
0 0.892809 0.584862 0.012180 0.012145
0 0.232600 0.585567 0.014525 0.014403
0 0.400240 0.962379 0.013452 0.013400
0 0.741739 0.565741 0.012345 0.012035
0 0.382174 0.425573 0.012796 0.012946
0 0.192446 0.617757 0.012413 0.012344
0 0.499813 0.718988 0.012519 0.012555
0 0.278675 0.862030 0.013063 0.012936
0 0.687326 0.411950 0.012408 0.012249
0 0.884975 0.116897 0.009194 0.009248
0 0.423572 0.885683 0.013283 0.013160
0 0.389104 0.634719 0.012469 0.012648
0 0.640667 0.138466 0.012895 0.012990
0 0.211713 0.832162 0.012871 0.013068
0 0.653202 0.589362 0.011595 0.011507
0 0.687677 0.272014 0.012333 0.012212
0 0.744343 0.446283 0.011302 0.011388
0 0.846327 0.518008 0.012412 0.012383
0 0.869514 0.108291 0.011783 0.011547
0 0.022268 0.908759 0.011623 0.011737
0 0.882032 0.226082 0.012054 0.011975
0 0.439882 0.151029 0.012568 0.012628
0 0.824395 0.014240 0.013473 0.013622
0 0.015982 0.696892 0.012957 0.012827
0 0.829497 0.699930 0.013359 0.013553
0 0.803923 0.542147 0.011395 0.011273
0 0.171797 0.991112 0.011968 0.011785
0 0.774064 0.920070 0.012911 0.013156
0 0.109841 0.167024 0.012252 0.012171
0 0.475405 0.010451 0.014374 0.014532
0 0.749961 0.694747 0.013260 0.013490
0 0.222818 0.995695 0.010327 0.008611
0 0.393669 0.367397 0.013091 0.013192
0 0.159479 0.020599 0.011754 0.011937
0 0.871043 0.569039 0.011344 0.011093
0 0.996113 0.137771 0.007772 0.011347
0 0.855044 0.996695 0.011640 0.006494
0 0.349430 0.291401 0.024178 0.024748
0 0.984015 0.513187 0.014191 0.013519
0 0.879330 0.976345 0.013221 0.013299
0 0.899134 0.070455 0.011144 0.010584
0 0.123307 0.943684 0.011418 0.011313
0 0.936479 0.605103 0.011734 0.011831
0 0.788165 0.599573 0.011465 0.011450
0 0.898362 0.896352 0.012823 0.013135
0 0.728961 0.416519 0.011296 0.011517
0 0.768103 0.537593 0.012369 0.011933
0 0.917582 0.005620 0.011255 0.010586
0 0.534963 0.630023 0.024002 0.023624
0 0.967607 0.028344 0.010353 0.009965
0 0.650863 0.473241 0.010501 0.010071
0 0.912395 0.927316 0.011703 0.011797
0 0.826399 0.498951 0.008455 0.008866
0 0.907540 0.996417 0.011847 0.007079
0 0.948347 0.018458 0.010799 0.010885
0 0.995464 0.691998 0.009073 0.014860
0 0.002372 0.365754 0.004745 0.012888
0 0.848489 0.710042 0.014689 0.014299
0 0.924911 0.139862 0.022036 0.022772
0 0.724292 0.769105 0.013437 0.013629
0 0.466099 0.277601 0.010360 0.009811
