0 0.749305 0.617711 0.013363 0.013233
0 0.439441 0.076900 0.013390 0.013440
0 0.531472 0.540276 0.013027 0.012828
0 0.724862 0.619238 0.013044 0.013153
0 0.462584 0.019095 0.013851 0.013740
0 0.524756 0.349225 0.013210 0.013099
0 0.728644 0.391569 0.012058 0.012089
0 0.334527 0.570718 0.013118 0.013004
0 0.835388 0.481914 0.013694 0.013826
0 0.583196 0.215670 0.013287 0.013224
0 0.786655 0.125996 0.013629 0.013666
0 0.624019 0.716808 0.012035 0.011909
0 0.971014 0.397451 0.012177 0.012083
0 0.118799 0.820880 0.011917 0.011778
0 0.890821 0.486661 0.011820 0.011689
0 0.214435 0.963886 0.013121 0.013094
0 0.361226 0.087977 0.013692 0.013664
0 0.878289 0.515479 0.011367 0.011128
0 0.449219 0.050710 0.012770 0.012763
0 0.054308 0.456099 0.012745 0.012644
0 0.395377 0.521144 0.013939 0.013822
0 0.330921 0.518512 0.012338 0.012185
0 0.110820 0.392224 0.014175 0.013916
0 0.429248 0.439578 0.013295 0.013150
0 0.095316 0.967387 0.012270 0.012143
0 0.813757 0.851525 0.014031 0.013843
0 0.454564 0.689410 0.013043 0.013155
0 0.918951 0.135768 0.013844 0.013738
0 0.879280 0.734684 0.011945 0.011864
0 0.211244 0.103025 0.014230 0.014301
0 0.505447 0.083574 0.012941 0.012793
0 0.857817 0.285534 0.012828 0.012648
0 0.688211 0.816289 0.013177 0.013024
0 0.904626 0.663844 0.013800 0.013858
0 0.571366 0.082335 0.013441 0.013509
0 0.185141 0.891531 0.013167 0.013069
0 0.647361 0.959516 0.012818 0.012794
0 0.810270 0.023360 0.012297 0.012018
0 0.557436 0.741711 0.012161 0.011913
0 0.222673 0.469629 0.012182 0.012192
0 0.567800 0.334896 0.012407 0.012169
0 0.527018 0.590885 0.012839 0.012896
0 0.836903 0.221540 0.013372 0.013556
0 0.445122 0.311354 0.012836 0.012688
0 0.789239 0.325148 0.013819 0.013955
0 0.458426 0.961084 0.013008 0.013055
0 0.425293 0.548393 0.010385 0.010469
0 0.356177 0.122375 0.012333 0.012154
0 0.114048 0.757710 0.012710 0.012709
0 0.140403 0.491002 0.013169 0.013131
0 0.339071 0.617183 0.013072 0.013288
0 0.556093 0.425635 0.012257 0.012143
0 0.109544 0.981629 0.013804 0.013840
0 0.436381 0.591024 0.009728 0.009774
0 0.990805 0.626653 0.010641 0.010690
0 0.127662 0.352718 0.012220 0.012549
0 0.244806 0.156027 0.013024 0.013106
0 0.029083 0.283509 0.011260 0.011287
0 0.213897 0.692070 0.012723 0.012503
0 0.369494 0.226688 0.014716 0.015177
0 0.758945 0.062160 0.012425 0.012556
0 0.317902 0.323305 0.014118 0.013912
0 0.302025 0.385449 0.013891 0.013895
0 0.289527 0.185389 0.012178 0.012401
0 0.848307 0.711021 0.022577 0.022373
0 0.399048 0.570964 0.011471 0.011135
0 0.490630 0.264801 0.012838 0.012761
0 0.506588 0.799572 0.010723 0.010586
0 0.754102 0.024602 0.012546 0.012638
0 0.159169 0.318425 0.012346 0.012424
0 0.783811 0.513865 0.012744 0.012457
0 0.280785 0.083002 0.014978 0.015032
0 0.494563 0.544063 0.013767 0.014260
0 0.918810 0.983212 0.010879 0.010861
0 0.522085 0.620413 0.012662 0.012496
0 0.736314 0.886428 0.011524 0.011581
0 0.804201 0.051942 0.012888 0.012867
0 0.968865 0.021988 0.013051 0.012814
0 0.543001 0.976975 0.013495 0.013362
0 0.740594 0.697295 0.012340 0.012639
0 0.818029 0.055518 0.012163 0.012396
0 0.227189 0.652067 0.012831 0.012712
0 0.003796 0.350027 0.007584 0.012215
0 0.338887 0.322024 0.013896 0.013892
0 0.381499 0.154835 0.012837 0.012874
0 0.513814 0.481769 0.014601 0.015000
0 0.113622 0.548942 0.011574 0.011566
0 0.267275 0.106033 0.012779 0.012790
0 0.077507 0.154299 0.011697 0.011830
0 0.586027 0.002758 0.012616 0.005516
0 0.677211 0.290108 0.013165 0.013464
0 0.140778 0.600312 0.011314 0.010766
0 0.072768 0.550336 0.011440 0.011284
0 0.786514 0.005441 0.013564 0.010838
0 0.110757 0.231536 0.010918 0.010869
0 0.956275 0.888411 0.011119 0.010940
