0 0.862716 0.397654 0.015070 0.014921
0 0.713992 0.649932 0.012725 0.012947
0 0.131086 0.179305 0.013040 0.012914
0 0.963002 0.705594 0.012886 0.012673
0 0.680074 0.271432 0.012481 0.012450
0 0.160745 0.170159 0.012634 0.012538
0 0.952256 0.214792 0.012523 0.012563
0 0.278901 0.436501 0.011613 0.011543
0 0.859100 0.215328 0.012173 0.012464
0 0.601508 0.562267 0.012698 0.012891
0 0.479548 0.732672 0.010087 0.009805
0 0.726977 0.255836 0.012440 0.012541
0 0.657608 0.627648 0.014398 0.014698
0 0.416469 0.464067 0.012194 0.012286
0 0.306897 0.498284 0.012491 0.012339
0 0.296028 0.564846 0.012000 0.011934
0 0.849388 0.666561 0.012719 0.012617
0 0.759894 0.060969 0.012850 0.012861
0 0.929714 0.050564 0.011803 0.011800
0 0.912236 0.373427 0.010929 0.010857
0 0.973930 0.411055 0.012301 0.012191
0 0.190895 0.614422 0.012129 0.012034
0 0.924670 0.844547 0.014188 0.014146
0 0.967606 0.319966 0.012536 0.012441
0 0.902679 0.542653 0.012970 0.012805
0 0.216342 0.608927 0.012157 0.012094
0 0.906202 0.075483 0.011223 0.011168
0 0.732710 0.622947 0.014165 0.013963
0 0.660062 0.089450 0.011730 0.011636
0 0.868186 0.107583 0.011792 0.011677
0 0.127055 0.700186 0.012054 0.011815
0 0.786901 0.102826 0.013575 0.013633
0 0.516213 0.654760 0.012613 0.012619
0 0.477606 0.661344 0.012986 0.012824
0 0.065897 0.356174 0.012255 0.012188
0 0.510587 0.247949 0.011815 0.011971
0 0.084909 0.330846 0.011653 0.011654
0 0.885015 0.590603 0.012418 0.012343
0 0.145272 0.214877 0.011797 0.011762
0 0.753579 0.565008 0.011131 0.010961
0 0.824700 0.209645 0.012970 0.012827
0 0.246535 0.202473 0.012861 0.012874
0 0.386273 0.571437 0.013929 0.013614
0 0.976127 0.599210 0.012859 0.012695
0 0.822204 0.551349 0.011930 0.011747
0 0.750110 0.439682 0.012051 0.011916
0 0.883416 0.119563 0.009440 0.009342
0 0.062439 0.803979 0.012774 0.012602
0 0.140901 0.688916 0.013553 0.013822
0 0.215181 0.437212 0.012871 0.012631
0 0.768258 0.529386 0.012591 0.012354
0 0.032361 0.593107 0.013672 0.013613
0 0.442753 0.132974 0.012256 0.012217
0 0.054537 0.261035 0.011084 0.010814
0 0.805126 0.522913 0.011033 0.010751
0 0.495932 0.435126 0.013737 0.013648
0 0.344719 0.340963 0.012229 0.011920
0 0.641637 0.470985 0.011810 0.012002
0 0.437801 0.208207 0.013611 0.013570
0 0.940338 0.653932 0.013593 0.013343
0 0.590913 0.215644 0.013647 0.013666
0 0.523915 0.353107 0.012514 0.012517
0 0.381705 0.955724 0.011784 0.011814
0 0.544783 0.581627 0.011451 0.011400
0 0.447069 0.697150 0.011481 0.011525
0 0.530390 0.402372 0.013063 0.012755
0 0.669198 0.423137 0.012525 0.012471
0 0.135099 0.969455 0.011694 0.011866
0 0.564920 0.156816 0.015423 0.015222
0 0.366800 0.287071 0.013147 0.013722
0 0.238601 0.433015 0.013891 0.013741
0 0.714194 0.329348 0.012210 0.012245
0 0.759707 0.848586 0.013602 0.013626
0 0.959996 0.612909 0.012003 0.011557
0 0.064948 0.369726 0.012604 0.012499
0 0.348720 0.294477 0.018907 0.019161
0 0.553029 0.146268 0.013762 0.013685
0 0.576731 0.746973 0.011767 0.011800
0 0.638447 0.784061 0.013545 0.013591
0 0.650749 0.577638 0.011596 0.011375
0 0.417336 0.729426 0.013367 0.013440
0 0.980869 0.051774 0.010225 0.009600
0 0.366891 0.876763 0.011958 0.011849
0 0.266891 0.547822 0.013248 0.013284
0 0.817716 0.740330 0.014062 0.013898
0 0.865719 0.569939 0.011129 0.011291
0 0.851473 0.318758 0.011553 0.011612
0 0.462590 0.744181 0.013034 0.013226
0 0.878479 0.976774 0.012320 0.012256
0 0.760362 0.583221 0.010403 0.010851
0 0.603008 0.949761 0.014870 0.014681
0 0.469289 0.937703 0.013743 0.013778
0 0.094006 0.645673 0.010616 0.010380
0 0.048707 0.903066 0.011555 0.011869
0 0.276574 0.929375 0.011878 0.011883
0 0.269163 0.976844 0.011490 0.011162
0 0.983637 0.513176 0.014026 0.013310
0 0.270053 0.825549 0.012526 0.012650
0 0.285129 0.661110 0.013744 0.013802
0 0.910457 0.924555 0.011570 0.011457
0 0.704897 0.784984 0.012169 0.012304
0 0.514372 0.566250 0.012753 0.012854
0 0.840140 0.728203 0.010897 0.011047
0 0.941031 0.020066 0.010438 0.010604
0 0.370831 0.778857 0.011537 0.011549
0 0.390620 0.936907 0.011615 0.011123
0 0.034959 0.696768 0.012276 0.012486
0 0.105133 0.781604 0.010855 0.010857
0 0.445219 0.472551 0.012417 0.012241
0 0.854086 0.543013 0.010559 0.010435
0 0.434960 0.004203 0.013752 0.008405
0 0.848361 0.715580 0.018665 0.018853
0 0.838240 0.806268 0.012487 0.012683
0 0.900521 0.998261 0.011082 0.003453
0 0.085635 0.928654 0.011670 0.011904
0 0.540064 0.983807 0.013175 0.013127
0 0.533954 0.629796 0.021992 0.022202
0 0.995103 0.953798 0.009794 0.013948
0 0.127553 0.009271 0.011764 0.011845
0 0.938834 0.871267 0.012449 0.012210
0 0.436768 0.005244 0.012907 0.010366
0 0.898980 0.998064 0.011043 0.003868
