0 0.281773 0.433455 0.014263 0.014180
0 0.599228 0.525913 0.013883 0.013719
0 0.197513 0.619015 0.014016 0.014019
0 0.603732 0.899387 0.018043 0.017706
0 0.835310 0.983415 0.014122 0.014187
0 0.288112 0.502747 0.013841 0.013775
0 0.657191 0.490509 0.013910 0.013774
0 0.407023 0.268319 0.013828 0.013757
0 0.195169 0.711502 0.013787 0.013860
0 0.909449 0.314286 0.014172 0.014338
0 0.326347 0.028184 0.013564 0.013572
0 0.231553 0.783632 0.013984 0.014007
0 0.391713 0.551900 0.014916 0.014856
0 0.966891 0.883652 0.014579 0.014469
0 0.540330 0.539549 0.014294 0.014200
0 0.590427 0.426314 0.013888 0.013761
0 0.225381 0.036492 0.015552 0.015620
0 0.273660 0.090636 0.014234 0.014110
0 0.104158 0.287182 0.013652 0.013599
0 0.076081 0.487270 0.014118 0.014361
0 0.466811 0.177691 0.014059 0.013994
0 0.966249 0.729375 0.014648 0.014620
0 0.789432 0.868427 0.014014 0.014217
0 0.259108 0.247099 0.015358 0.015342
0 0.043215 0.087889 0.015115 0.015217
0 0.491572 0.625065 0.014357 0.014505
0 0.268349 0.593746 0.014357 0.014549
0 0.677879 0.405694 0.015022 0.015080
0 0.536880 0.372406 0.013885 0.013714
0 0.770786 0.280157 0.014097 0.014149
0 0.690013 0.055177 0.014399 0.014523
0 0.876812 0.789104 0.014580 0.014667
0 0.181768 0.475698 0.014182 0.014102
0 0.869838 0.354539 0.013835 0.013648
0 0.951082 0.939902 0.014245 0.014283
0 0.907693 0.981111 0.014603 0.014596
0 0.147063 0.490531 0.014210 0.014287
0 0.130651 0.840669 0.014104 0.014155
0 0.633148 0.965816 0.015097 0.015156
0 0.233061 0.321456 0.014315 0.014304
0 0.687480 0.513438 0.014082 0.014070
0 0.300992 0.225725 0.014631 0.014812
0 0.914047 0.478652 0.015412 0.015096
0 0.793684 0.557301 0.016072 0.015895
0 0.449963 0.323888 0.014789 0.014789
0 0.106460 0.062259 0.017554 0.017506
0 0.612537 0.384305 0.014531 0.014663
0 0.278290 0.809939 0.014110 0.014142
0 0.751164 0.347092 0.014318 0.014312
0 0.758057 0.546955 0.014769 0.014663
0 0.927277 0.670583 0.014430 0.014461
0 0.669133 0.269894 0.014000 0.014006
0 0.867066 0.824720 0.013757 0.013894
0 0.577307 0.631276 0.015068 0.015245
0 0.056302 0.825139 0.013941 0.014041
0 0.158921 0.113128 0.017037 0.017331
0 0.491162 0.703621 0.013622 0.013621
0 0.396375 0.695542 0.013075 0.013278
0 0.493729 0.651910 0.014619 0.014479
0 0.765441 0.681231 0.013795 0.013632
0 0.798378 0.164615 0.014737 0.014767
0 0.357357 0.124973 0.014791 0.015207
0 0.889009 0.398601 0.013584 0.013521
0 0.327555 0.516112 0.013962 0.013925
0 0.775549 0.083326 0.014158 0.014264
0 0.738108 0.616971 0.016022 0.016205
0 0.480505 0.893744 0.016436 0.016456
0 0.360445 0.604645 0.013663 0.013551
0 0.894796 0.581910 0.015491 0.014985
0 0.758619 0.496311 0.012248 0.012347
0 0.302047 0.751637 0.014554 0.014396
0 0.701875 0.115372 0.013894 0.013888
0 0.428304 0.701331 0.013451 0.013483
0 0.063401 0.549279 0.014190 0.014289
0 0.318696 0.393524 0.015832 0.015660
0 0.079613 0.748132 0.014643 0.014631
0 0.839867 0.573956 0.017022 0.016860
0 0.933215 0.391731 0.014037 0.014136
0 0.394474 0.318425 0.014562 0.014592
0 0.966584 0.073231 0.014723 0.014748
0 0.090241 0.431076 0.014278 0.014166
0 0.604149 0.077218 0.014744 0.014682
0 0.787483 0.461669 0.014748 0.014585
0 0.268469 0.764880 0.015218 0.015070
0 0.848105 0.719769 0.022851 0.022665
0 0.120537 0.902993 0.014594 0.014460
0 0.427798 0.757506 0.013220 0.013349
0 0.920609 0.145766 0.020146 0.019725
0 0.458172 0.673809 0.013217 0.013354
0 0.427916 0.842885 0.014209 0.014207
0 0.528439 0.272876 0.015710 0.015530
0 0.740926 0.006649 0.014868 0.013146
0 0.983179 0.634122 0.014886 0.014845
0 0.530029 0.638498 0.021876 0.021795
0 0.100152 0.008291 0.015151 0.015778
0 0.709250 0.398566 0.014487 0.014105
0 0.772682 0.847431 0.018508 0.018374
0 0.935419 0.644529 0.018018 0.017995
0 0.210978 0.533224 0.014601 0.014408
0 0.036210 0.262660 0.014419 0.014105
0 0.600374 0.171446 0.014551 0.014620
0 0.093416 0.907569 0.014957 0.014888
0 0.495520 0.238086 0.013691 0.013465
0 0.004652 0.944929 0.009057 0.012119
0 0.358303 0.329027 0.015738 0.015730
0 0.307649 0.296295 0.014599 0.014612
0 0.744924 0.099883 0.017258 0.017354
0 0.575519 0.021519 0.015267 0.015322
0 0.914905 0.007146 0.014383 0.013692
0 0.691554 0.626617 0.014114 0.014208
0 0.996760 0.264866 0.006430 0.015496
0 0.411718 0.332081 0.014508 0.014843
0 0.987220 0.506492 0.017138 0.016718
0 0.736100 0.233102 0.016051 0.015847
0 0.024428 0.297911 0.013989 0.013998
0 0.190060 0.577488 0.014738 0.014571
0 0.866997 0.615796 0.014801 0.014673
0 0.458088 0.138127 0.014509 0.014507
0 0.905658 0.253976 0.013109 0.013365
0 0.013505 0.912942 0.013699 0.013290
0 0.994073 0.899264 0.011829 0.014305
0 0.802934 0.962752 0.014232 0.014046
0 0.051180 0.579956 0.014076 0.014003
0 0.943654 0.831189 0.014750 0.014674
0 0.522922 0.018080 0.018699 0.018296
0 0.569143 0.207780 0.014071 0.014262
0 0.375580 0.228388 0.020287 0.020081
0 0.471258 0.753051 0.014653 0.014327
0 0.700568 0.822822 0.021500 0.021061
0 0.517147 0.128030 0.014216 0.014006
0 0.672971 0.535638 0.014054 0.013888
0 0.053617 0.039295 0.015718 0.016153
0 0.636130 0.090706 0.017845 0.017714
0 0.204040 0.595581 0.015477 0.015466
0 0.509852 0.471874 0.018231 0.017904
0 0.677794 0.307578 0.013340 0.013466
0 0.694146 0.213061 0.016746 0.016471
0 0.360557 0.366793 0.015820 0.015844
0 0.780713 0.961654 0.015018 0.014844
0 0.681395 0.336211 0.012513 0.012710
0 0.844348 0.152853 0.013266 0.013668
0 0.323649 0.298033 0.012176 0.012029
0 0.381049 0.954005 0.014364 0.014290
0 0.842006 0.135113 0.013846 0.013491
0 0.667339 0.175736 0.014577 0.014549
0 0.449357 0.214543 0.019017 0.018940
0 0.825722 0.661980 0.014976 0.015084
0 0.141979 0.358967 0.013250 0.013146
