0 0.416107 0.676884 0.013700 0.013577
0 0.898889 0.293208 0.013734 0.013828
0 0.950210 0.938545 0.014239 0.014157
0 0.203711 0.738000 0.013790 0.013725
0 0.048673 0.081690 0.014189 0.014074
0 0.389930 0.167349 0.014304 0.014189
0 0.715901 0.386243 0.013425 0.013252
0 0.586404 0.523394 0.014350 0.014407
0 0.276401 0.765905 0.014877 0.014687
0 0.846943 0.352383 0.014008 0.014043
0 0.683267 0.481124 0.014423 0.014445
0 0.429419 0.585714 0.013466 0.013230
0 0.793253 0.557207 0.016147 0.015931
0 0.174985 0.482973 0.014239 0.014135
0 0.759381 0.667812 0.014761 0.014763
0 0.205988 0.796719 0.013654 0.013724
0 0.188505 0.295895 0.014285 0.014266
0 0.361583 0.603722 0.013601 0.013545
0 0.551659 0.509279 0.014488 0.014711
0 0.598533 0.363047 0.014194 0.014054
0 0.459026 0.653470 0.013728 0.013707
0 0.275716 0.246266 0.015038 0.015237
0 0.517870 0.390819 0.014398 0.014329
0 0.391572 0.699451 0.013483 0.013540
0 0.411821 0.332903 0.014690 0.014804
0 0.673527 0.274832 0.014384 0.014267
0 0.311530 0.750828 0.014335 0.014344
0 0.069066 0.878638 0.013838 0.013697
0 0.608491 0.320644 0.014858 0.014814
0 0.616089 0.894594 0.017279 0.016916
0 0.481307 0.893588 0.015495 0.015604
0 0.569989 0.659732 0.014295 0.014060
0 0.019563 0.502920 0.014392 0.014433
0 0.233665 0.064548 0.013377 0.013458
0 0.133408 0.849753 0.014190 0.014187
0 0.957015 0.871448 0.014964 0.014975
0 0.308791 0.329438 0.015360 0.015272
0 0.869972 0.660115 0.013601 0.013593
0 0.938694 0.831154 0.015801 0.015805
0 0.435516 0.240343 0.014250 0.014099
0 0.282512 0.196226 0.014136 0.014082
0 0.791127 0.308295 0.014477 0.014570
0 0.265510 0.605151 0.014831 0.014868
0 0.606268 0.424292 0.013948 0.014133
0 0.781041 0.343584 0.014758 0.015062
0 0.628587 0.963042 0.014829 0.014774
0 0.969337 0.722356 0.014043 0.014326
0 0.165432 0.096125 0.015027 0.015077
0 0.785280 0.066534 0.014158 0.014208
0 0.083927 0.454281 0.014605 0.014575
0 0.205277 0.614730 0.013501 0.013530
0 0.103107 0.014396 0.015268 0.015427
0 0.964844 0.084030 0.014078 0.014159
0 0.836236 0.985946 0.015166 0.015390
0 0.521144 0.165937 0.013705 0.013600
0 0.700200 0.063144 0.013617 0.013392
0 0.758046 0.548159 0.014542 0.014604
0 0.906329 0.982495 0.015446 0.015608
0 0.270849 0.573335 0.014326 0.014178
0 0.082143 0.749071 0.014435 0.014877
0 0.129553 0.464329 0.015119 0.014931
0 0.672684 0.065089 0.014034 0.014098
0 0.427050 0.759558 0.013755 0.013600
0 0.888469 0.049290 0.014128 0.014301
0 0.321118 0.813997 0.013529 0.013662
0 0.319798 0.022500 0.014018 0.014162
0 0.806944 0.223626 0.015437 0.015575
0 0.493820 0.620986 0.014508 0.014276
0 0.113560 0.055007 0.017476 0.017454
0 0.236347 0.032701 0.014635 0.014763
0 0.775690 0.453441 0.014488 0.014627
0 0.035657 0.291139 0.014989 0.014927
0 0.789862 0.841882 0.013425 0.013434
0 0.927769 0.670113 0.013642 0.013534
0 0.848403 0.720164 0.022731 0.022599
0 0.781253 0.034449 0.013445 0.013382
0 0.339148 0.437863 0.012977 0.013149
0 0.557989 0.020050 0.015229 0.016030
0 0.425107 0.932007 0.014645 0.014999
0 0.756752 0.496820 0.012834 0.013179
0 0.339674 0.933258 0.013909 0.013666
0 0.609232 0.065157 0.014898 0.014792
0 0.835905 0.005604 0.013581 0.011208
0 0.051568 0.038210 0.015568 0.015487
0 0.994641 0.858987 0.010713 0.014530
0 0.692139 0.406954 0.013965 0.013806
0 0.847352 0.776272 0.013829 0.013918
0 0.898681 0.267734 0.014440 0.014592
0 0.450201 0.320801 0.014994 0.015356
0 0.222205 0.523747 0.015668 0.015502
0 0.380597 0.112283 0.015200 0.015340
0 0.769819 0.837735 0.016394 0.016509
0 0.986303 0.262604 0.014675 0.014636
0 0.920446 0.145563 0.019825 0.019396
0 0.840094 0.572008 0.017025 0.016879
0 0.573635 0.202461 0.013870 0.013911
0 0.895917 0.574443 0.015268 0.015109
0 0.520020 0.108490 0.016041 0.015959
0 0.043230 0.632667 0.014688 0.014587
0 0.479881 0.642752 0.013774 0.013685
0 0.933176 0.741034 0.014015 0.014287
0 0.987337 0.506636 0.016461 0.016107
0 0.042606 0.992119 0.014693 0.014540
0 0.902037 0.451350 0.013530 0.013316
0 0.741231 0.229471 0.015252 0.015470
0 0.752642 0.003112 0.013176 0.006224
0 0.663527 0.189420 0.015059 0.014967
0 0.985738 0.621572 0.015193 0.015046
0 0.489840 0.740355 0.014259 0.014248
0 0.011848 0.911224 0.013233 0.012914
0 0.224836 0.878623 0.014436 0.014148
0 0.695222 0.214345 0.016183 0.015922
0 0.915531 0.421642 0.013835 0.013720
0 0.735871 0.617764 0.014993 0.015074
0 0.868795 0.613373 0.015065 0.015057
0 0.939852 0.639707 0.016328 0.016303
0 0.605384 0.165968 0.014159 0.014600
0 0.070017 0.568915 0.014828 0.014579
0 0.497691 0.232742 0.013781 0.013513
0 0.870882 0.398474 0.014108 0.013960
0 0.085427 0.258526 0.015952 0.015791
0 0.558004 0.672143 0.013827 0.013566
0 0.997452 0.731268 0.005055 0.016203
0 0.119039 0.904252 0.014662 0.014525
0 0.531466 0.637779 0.022920 0.022811
0 0.359638 0.410957 0.015868 0.015460
0 0.196896 0.582857 0.014493 0.014336
0 0.929817 0.006072 0.016230 0.012144
0 0.634783 0.086408 0.021709 0.021403
0 0.522575 0.017758 0.017734 0.017141
0 0.885538 0.258998 0.014205 0.013931
0 0.450786 0.214619 0.019719 0.020309
0 0.692486 0.332106 0.012725 0.012594
0 0.093791 0.907875 0.014676 0.014595
0 0.376269 0.228637 0.020065 0.019983
0 0.363551 0.333305 0.014144 0.013853
0 0.842431 0.151657 0.014603 0.014577
0 0.776962 0.937790 0.015634 0.015626
0 0.356463 0.289261 0.015389 0.016309
0 0.355801 0.291598 0.016487 0.016005
0 0.998231 0.213134 0.003496 0.017058
0 0.284123 0.437234 0.015315 0.015318
0 0.486934 0.740628 0.015464 0.014954
0 0.701855 0.823236 0.022352 0.021915
0 0.188545 0.565796 0.015055 0.014625
0 0.754011 0.002386 0.013615 0.004754
0 0.683663 0.521089 0.014767 0.014642
0 0.557961 0.190064 0.014632 0.014561
