0 0.600100 0.392136 0.011852 0.011711
0 0.857372 0.680998 0.011726 0.011592
0 0.248463 0.846407 0.012592 0.012476
0 0.747549 0.619175 0.013148 0.013055
0 0.726288 0.448331 0.013287 0.013328
0 0.652677 0.482272 0.012821 0.012692
0 0.944059 0.698384 0.013172 0.013134
0 0.635231 0.960873 0.012558 0.012564
0 0.452624 0.503920 0.013803 0.013584
0 0.244075 0.125734 0.013180 0.013050
0 0.602725 0.888816 0.014059 0.014227
0 0.480090 0.118856 0.011811 0.011868
0 0.213361 0.866211 0.012576 0.012420
0 0.645672 0.817640 0.013377 0.013405
0 0.484174 0.482822 0.011934 0.011850
0 0.199683 0.086544 0.012934 0.012690
0 0.969033 0.483988 0.011617 0.011520
0 0.437216 0.096816 0.013506 0.013376
0 0.616142 0.466736 0.013182 0.013158
0 0.040182 0.637098 0.014275 0.014160
0 0.545232 0.184131 0.012286 0.012157
0 0.183557 0.797974 0.013729 0.013675
0 0.517897 0.040535 0.013633 0.013597
0 0.654927 0.350175 0.011576 0.011638
0 0.159983 0.369178 0.013902 0.013648
0 0.195915 0.457993 0.013412 0.013148
0 0.494833 0.201607 0.011809 0.011626
0 0.816717 0.025216 0.013161 0.013169
0 0.523621 0.349551 0.013311 0.013125
0 0.559304 0.409717 0.012257 0.012164
0 0.184058 0.891485 0.012595 0.012600
0 0.459968 0.029758 0.011954 0.012140
0 0.252176 0.044943 0.013063 0.013317
0 0.638756 0.565594 0.012755 0.012640
0 0.307312 0.865788 0.012951 0.012827
0 0.349524 0.363394 0.012650 0.012709
0 0.399217 0.194282 0.012905 0.012813
0 0.204012 0.227789 0.012803 0.012732
0 0.440858 0.059329 0.012122 0.012221
0 0.157080 0.063635 0.013698 0.013656
0 0.952482 0.299580 0.012737 0.012532
0 0.101106 0.686971 0.013059 0.013193
0 0.941748 0.569576 0.013087 0.013258
0 0.802805 0.205292 0.012588 0.012429
0 0.190855 0.019814 0.013326 0.013545
0 0.633694 0.179509 0.012145 0.012171
0 0.330817 0.518701 0.012292 0.011909
0 0.383188 0.902820 0.012692 0.012551
0 0.224885 0.336849 0.013697 0.013607
0 0.601086 0.314119 0.012995 0.012822
0 0.657145 0.123991 0.011877 0.011775
0 0.063436 0.058324 0.013478 0.013523
0 0.895096 0.469006 0.011910 0.011803
0 0.165577 0.813089 0.013877 0.013861
0 0.146567 0.180221 0.013666 0.013588
0 0.910606 0.084326 0.012825 0.012656
0 0.093163 0.648581 0.013641 0.013525
0 0.177444 0.619862 0.012542 0.012577
0 0.938369 0.778367 0.013063 0.013069
0 0.494054 0.544544 0.014165 0.013744
0 0.098700 0.311221 0.013181 0.013202
0 0.426582 0.009856 0.013226 0.013111
0 0.216525 0.672164 0.012767 0.012915
0 0.058800 0.540227 0.012854 0.012876
0 0.710730 0.114414 0.013538 0.013651
0 0.416221 0.918788 0.011779 0.011793
0 0.273816 0.680583 0.011735 0.011788
0 0.516983 0.656872 0.012189 0.012415
0 0.386395 0.328567 0.012791 0.012587
0 0.341958 0.166024 0.012838 0.012838
0 0.779840 0.731947 0.017625 0.017473
0 0.680603 0.169756 0.012443 0.012454
0 0.276008 0.410491 0.013019 0.012976
0 0.046354 0.019138 0.013688 0.013515
0 0.223481 0.648577 0.012206 0.012068
0 0.881539 0.622238 0.013511 0.013363
0 0.396326 0.454244 0.013419 0.013360
0 0.113826 0.977229 0.013103 0.013481
0 0.327461 0.305461 0.014051 0.013964
0 0.396573 0.943019 0.009382 0.009286
0 0.687619 0.259536 0.012852 0.012721
0 0.104162 0.595188 0.012790 0.012795
0 0.037594 0.873134 0.013401 0.013457
0 0.707131 0.273841 0.011520 0.011288
0 0.421990 0.772698 0.011477 0.011546
0 0.853440 0.711029 0.019249 0.018049
0 0.628422 0.711077 0.013311 0.013403
0 0.093736 0.420159 0.014058 0.013806
0 0.791427 0.853727 0.013653 0.013533
0 0.800270 0.543290 0.011087 0.011207
0 0.379712 0.623117 0.012668 0.012404
0 0.193889 0.740683 0.012236 0.012005
0 0.222233 0.470779 0.012736 0.012505
0 0.117832 0.187853 0.011778 0.011743
0 0.289185 0.559799 0.013235 0.013060
0 0.540261 0.733259 0.014916 0.014626
0 0.993404 0.423064 0.011948 0.011632
0 0.982121 0.140409 0.012371 0.011856
0 0.144277 0.735333 0.012742 0.012720
0 0.550315 0.636050 0.013060 0.012970
0 0.787079 0.005487 0.012949 0.010798
0 0.539739 0.810648 0.013059 0.013060
0 0.957243 0.224330 0.012573 0.012576
0 0.952793 0.607985 0.011169 0.010757
0 0.793649 0.021777 0.012645 0.012368
0 0.310173 0.795075 0.011358 0.011566
0 0.400361 0.571844 0.010333 0.010258
0 0.625606 0.799212 0.015050 0.014566
0 0.882603 0.407215 0.011444 0.011585
0 0.994912 0.918366 0.010176 0.015257
0 0.365239 0.231769 0.011705 0.012474
0 0.420822 0.556066 0.013426 0.013702
0 0.308583 0.819332 0.011526 0.011646
