0 0.275423 0.070689 0.014504 0.014460
0 0.281445 0.433319 0.014876 0.014736
0 0.227259 0.340976 0.015111 0.015027
0 0.813671 0.947754 0.014481 0.014474
0 0.634827 0.569531 0.013313 0.013311
0 0.060780 0.409038 0.014180 0.014080
0 0.949188 0.937747 0.014584 0.014545
0 0.415664 0.773006 0.014422 0.014293
0 0.908987 0.982639 0.017152 0.017274
0 0.733362 0.392574 0.014657 0.014544
0 0.607437 0.516211 0.013757 0.013754
0 0.133772 0.113278 0.014849 0.015143
0 0.038186 0.624813 0.013806 0.013604
0 0.623200 0.165680 0.013841 0.013676
0 0.247626 0.176729 0.014395 0.014406
0 0.204964 0.716114 0.014124 0.013938
0 0.774259 0.673072 0.014067 0.014182
0 0.483616 0.802545 0.019216 0.019249
0 0.042692 0.591278 0.013542 0.013520
0 0.899370 0.926565 0.013996 0.014071
0 0.173941 0.819324 0.014188 0.014420
0 0.272222 0.821382 0.014305 0.014383
0 0.847827 0.276088 0.014119 0.014060
0 0.224744 0.442139 0.014193 0.014129
0 0.903500 0.389313 0.012976 0.012907
0 0.172565 0.295287 0.013996 0.014222
0 0.120341 0.847548 0.013895 0.013925
0 0.219815 0.618788 0.013482 0.013576
0 0.728737 0.896515 0.013928 0.013693
0 0.625166 0.121034 0.014308 0.014518
0 0.024318 0.816489 0.013656 0.013621
0 0.478838 0.636877 0.014166 0.014187
0 0.045393 0.768813 0.014606 0.014401
0 0.540860 0.185529 0.013885 0.013725
0 0.196180 0.492968 0.014169 0.013773
0 0.434132 0.024213 0.014169 0.014466
0 0.761796 0.119359 0.013849 0.013697
0 0.615576 0.488032 0.013749 0.013762
0 0.307605 0.976747 0.014477 0.014534
0 0.665254 0.536484 0.015093 0.014974
0 0.957966 0.869952 0.015216 0.015557
0 0.468433 0.727796 0.013261 0.013535
0 0.035708 0.251916 0.015064 0.015261
0 0.437530 0.737134 0.013290 0.013245
0 0.427751 0.433402 0.013724 0.013723
0 0.758045 0.319226 0.013267 0.013036
0 0.707260 0.246503 0.013374 0.013275
0 0.611528 0.628980 0.013652 0.013536
0 0.369275 0.156889 0.013950 0.013965
0 0.840766 0.672950 0.013306 0.013226
0 0.442546 0.904651 0.017019 0.017023
0 0.286812 0.197731 0.015226 0.015102
0 0.826813 0.075526 0.016104 0.016127
0 0.801125 0.170615 0.015918 0.016224
0 0.121398 0.232447 0.015368 0.015854
0 0.576292 0.532163 0.014328 0.014383
0 0.684648 0.274232 0.013661 0.013957
0 0.177455 0.177829 0.013594 0.013511
0 0.758071 0.223924 0.015331 0.015443
0 0.352444 0.613777 0.014130 0.014117
0 0.259386 0.220498 0.013891 0.013923
0 0.268749 0.621344 0.014411 0.014141
0 0.665687 0.618171 0.013698 0.013513
0 0.511459 0.950469 0.015298 0.015257
0 0.782377 0.849919 0.014711 0.014755
0 0.956994 0.172368 0.014065 0.013920
0 0.877084 0.940162 0.014126 0.013834
0 0.388614 0.346970 0.013441 0.013480
0 0.698680 0.058726 0.014418 0.014581
0 0.760162 0.544182 0.014632 0.014576
0 0.623949 0.940156 0.015007 0.015161
0 0.839315 0.018129 0.013943 0.014024
0 0.494728 0.533668 0.014257 0.014519
0 0.262020 0.500554 0.013545 0.013466
0 0.660477 0.239735 0.013992 0.014135
0 0.769439 0.074205 0.013955 0.014130
0 0.802194 0.514993 0.015605 0.015553
0 0.863939 0.157228 0.013202 0.013129
0 0.316232 0.447277 0.015834 0.015556
0 0.393214 0.298681 0.015986 0.015763
0 0.345216 0.297445 0.024070 0.023597
0 0.510627 0.688354 0.013888 0.013757
0 0.077375 0.141576 0.015396 0.015605
0 0.805217 0.986137 0.014455 0.014428
0 0.792992 0.557493 0.016042 0.015681
0 0.484864 0.154261 0.014346 0.014255
0 0.531269 0.638283 0.022745 0.022688
0 0.744712 0.054543 0.012528 0.012438
0 0.901873 0.707808 0.014984 0.014625
0 0.929918 0.664772 0.017535 0.017025
0 0.326331 0.190264 0.013966 0.013821
0 0.508144 0.240433 0.014915 0.014899
0 0.313181 0.817727 0.015283 0.015116
0 0.230028 0.959986 0.014407 0.014456
0 0.422591 0.316774 0.014627 0.014354
0 0.811872 0.330970 0.013661 0.013713
0 0.737522 0.617532 0.015550 0.015857
0 0.764294 0.492072 0.013127 0.013213
0 0.987432 0.506460 0.017110 0.017141
0 0.030389 0.330475 0.012725 0.012842
0 0.589556 0.084435 0.014127 0.014191
0 0.486764 0.385224 0.014905 0.014842
0 0.319338 0.287426 0.015165 0.015130
0 0.343226 0.972543 0.015596 0.015571
0 0.923938 0.146710 0.018363 0.018020
0 0.354401 0.751504 0.013552 0.013635
0 0.987831 0.376324 0.014795 0.014606
0 0.747633 0.159753 0.013457 0.013224
0 0.849361 0.719138 0.021477 0.021178
0 0.836747 0.578193 0.016557 0.016499
0 0.990617 0.305520 0.016604 0.015955
0 0.779761 0.448995 0.013857 0.013972
0 0.190159 0.574425 0.014039 0.013937
0 0.793963 0.961183 0.014605 0.014522
0 0.862910 0.703011 0.014228 0.013999
0 0.696427 0.829747 0.016702 0.016546
0 0.236160 0.553325 0.013297 0.013297
0 0.875211 0.317642 0.015626 0.015920
0 0.216437 0.593120 0.014394 0.014487
0 0.024134 0.113867 0.015032 0.014915
0 0.120303 0.906977 0.013950 0.013771
0 0.319077 0.239930 0.014347 0.014263
0 0.543983 0.380043 0.013587 0.013496
0 0.987804 0.140383 0.015485 0.015549
0 0.069297 0.095327 0.018352 0.018205
0 0.672509 0.203132 0.014572 0.014404
0 0.080397 0.051195 0.015999 0.015988
0 0.010931 0.399040 0.013706 0.013465
0 0.799924 0.359367 0.013204 0.012990
0 0.479007 0.276892 0.016706 0.016460
0 0.899345 0.596452 0.015368 0.015345
0 0.535181 0.246622 0.014925 0.014258
0 0.799091 0.308161 0.013785 0.013875
0 0.858236 0.623560 0.014800 0.014542
0 0.492160 0.286802 0.013332 0.013151
0 0.010613 0.914668 0.013302 0.013357
0 0.446354 0.213567 0.018822 0.017906
0 0.616162 0.266281 0.014503 0.014432
0 0.767726 0.729970 0.016127 0.017001
0 0.088032 0.207624 0.015001 0.014832
0 0.327671 0.378582 0.016003 0.016833
0 0.600359 0.270816 0.014219 0.013779
0 0.375872 0.228086 0.020792 0.020229
0 0.003352 0.056215 0.006704 0.016318
0 0.634081 0.086639 0.022118 0.021558
0 0.326856 0.376252 0.016542 0.016560
0 0.090881 0.908239 0.014125 0.014175
0 0.068078 0.188769 0.014176 0.014001
0 0.090589 0.168273 0.014789 0.014637
0 0.308581 0.322718 0.015476 0.015632
0 0.619769 0.362307 0.011900 0.011552
0 0.884608 0.452883 0.012263 0.012062
0 0.887352 0.258201 0.017390 0.017384
0 0.332429 0.746742 0.014687 0.013774
