0 0.635876 0.881231 0.017078 0.017105
0 0.870548 0.275494 0.014286 0.014211
0 0.281842 0.433701 0.014631 0.014535
0 0.641943 0.962704 0.014941 0.015019
0 0.256894 0.574125 0.014858 0.014982
0 0.587208 0.428917 0.013265 0.013257
0 0.604352 0.507151 0.014745 0.014794
0 0.950317 0.938364 0.014718 0.014594
0 0.242398 0.797776 0.014278 0.013993
0 0.535662 0.543140 0.013731 0.013753
0 0.608463 0.398750 0.014048 0.013931
0 0.792908 0.557104 0.016606 0.016335
0 0.116831 0.573978 0.013951 0.013900
0 0.251862 0.029892 0.015452 0.015576
0 0.519492 0.343105 0.014405 0.014474
0 0.596670 0.731253 0.013948 0.014128
0 0.088856 0.275314 0.013730 0.013655
0 0.735296 0.493147 0.014534 0.014414
0 0.443993 0.596914 0.013627 0.013562
0 0.693739 0.059027 0.014583 0.014341
0 0.959673 0.869268 0.015149 0.015020
0 0.671456 0.089392 0.013671 0.013716
0 0.336981 0.939747 0.013852 0.013771
0 0.399540 0.088285 0.015617 0.015634
0 0.912189 0.443176 0.014268 0.014249
0 0.194046 0.713694 0.015246 0.015575
0 0.296874 0.809068 0.013570 0.013554
0 0.043475 0.216932 0.014010 0.013931
0 0.945324 0.018180 0.013299 0.013525
0 0.483768 0.893822 0.015243 0.015355
0 0.278400 0.482923 0.013288 0.013299
0 0.471398 0.656047 0.013853 0.014019
0 0.409428 0.342012 0.014812 0.015035
0 0.829398 0.149113 0.016143 0.015917
0 0.685077 0.264277 0.014419 0.014414
0 0.429981 0.670751 0.013313 0.013354
0 0.042463 0.491805 0.013502 0.013349
0 0.128580 0.858311 0.014350 0.014373
0 0.415393 0.167212 0.014536 0.014472
0 0.929101 0.730687 0.013714 0.013851
0 0.196865 0.622463 0.013612 0.013601
0 0.756234 0.678204 0.014495 0.014179
0 0.119668 0.413411 0.014486 0.014520
0 0.958144 0.752280 0.014500 0.014548
0 0.906771 0.981361 0.014982 0.015385
0 0.303430 0.217135 0.015657 0.015724
0 0.033035 0.826717 0.014679 0.014707
0 0.542989 0.108670 0.014232 0.013964
0 0.936589 0.391657 0.014253 0.014139
0 0.932025 0.241661 0.014152 0.014320
0 0.832238 0.819127 0.014477 0.014321
0 0.673466 0.526955 0.014353 0.014097
0 0.046738 0.281151 0.013858 0.013676
0 0.944565 0.634955 0.015379 0.015334
0 0.050885 0.085882 0.014143 0.014243
0 0.322733 0.348399 0.015164 0.015141
0 0.201267 0.053481 0.013707 0.013794
0 0.356159 0.392412 0.014773 0.014924
0 0.247646 0.219550 0.014877 0.014993
0 0.848541 0.720568 0.022574 0.022496
0 0.067397 0.036526 0.014975 0.015111
0 0.757223 0.549223 0.014800 0.014839
0 0.387344 0.010106 0.017368 0.017471
0 0.624402 0.058352 0.014656 0.014597
0 0.313848 0.276289 0.015466 0.015621
0 0.269843 0.354549 0.014476 0.014365
0 0.346447 0.297590 0.022508 0.022175
0 0.891243 0.249419 0.013639 0.013487
0 0.796023 0.886041 0.015022 0.014912
0 0.616015 0.157154 0.013836 0.014308
0 0.695102 0.516358 0.014909 0.014693
0 0.254458 0.617154 0.014559 0.014699
0 0.416286 0.760111 0.014410 0.014350
0 0.311760 0.736667 0.014382 0.014396
0 0.405887 0.368214 0.013815 0.013618
0 0.939886 0.661357 0.013672 0.013625
0 0.502704 0.195998 0.014029 0.014174
0 0.172771 0.087351 0.015069 0.015217
0 0.756825 0.496808 0.013221 0.013561
0 0.779025 0.086797 0.013692 0.013666
0 0.598350 0.645206 0.015904 0.015984
0 0.089283 0.745224 0.014617 0.014811
0 0.771366 0.836501 0.015231 0.015069
0 0.878310 0.399238 0.013473 0.013703
0 0.737195 0.617316 0.015512 0.015905
0 0.784407 0.458628 0.014681 0.014598
0 0.490884 0.225415 0.014284 0.014136
0 0.835334 0.228810 0.014663 0.014594
0 0.263362 0.305442 0.013864 0.014122
0 0.217717 0.518351 0.014399 0.014126
0 0.876015 0.647027 0.013926 0.013810
0 0.005465 0.073324 0.010860 0.015477
0 0.735931 0.981000 0.015330 0.015487
0 0.987377 0.506830 0.016847 0.016495
0 0.130643 0.054995 0.017730 0.017579
0 0.557169 0.243784 0.014873 0.014917
0 0.365146 0.314612 0.014599 0.014692
0 0.834088 0.111070 0.015178 0.014765
0 0.839739 0.570112 0.017301 0.017146
0 0.710230 0.292461 0.013695 0.013632
0 0.892906 0.573010 0.014281 0.014276
0 0.558085 0.096925 0.013290 0.012779
0 0.920156 0.145801 0.020163 0.019817
0 0.409458 0.676634 0.013321 0.013273
0 0.461618 0.368090 0.014462 0.014552
0 0.746799 0.219239 0.014766 0.014919
0 0.717476 0.386242 0.016867 0.016898
0 0.175530 0.577354 0.014433 0.014354
0 0.531949 0.638054 0.023220 0.023155
0 0.972613 0.094098 0.013437 0.013619
0 0.744352 0.662761 0.015445 0.015374
0 0.579774 0.188402 0.014100 0.013835
0 0.485698 0.591032 0.015323 0.015947
0 0.639644 0.084888 0.015642 0.015676
0 0.375999 0.228213 0.020642 0.020439
0 0.267283 0.755935 0.016026 0.016068
0 0.009509 0.572393 0.013743 0.013554
0 0.757642 0.339840 0.014882 0.014757
0 0.487925 0.738270 0.016225 0.016207
0 0.985410 0.852237 0.015385 0.015753
0 0.353201 0.597374 0.014146 0.014045
0 0.004517 0.937227 0.008942 0.013024
0 0.993425 0.604030 0.013150 0.016412
0 0.120784 0.041717 0.014390 0.014624
0 0.122122 0.004929 0.015020 0.009859
0 0.523354 0.017326 0.018201 0.018049
0 0.514491 0.208753 0.013746 0.013495
0 0.066448 0.922264 0.014811 0.014515
0 0.017851 0.333129 0.013374 0.013226
0 0.050302 0.002086 0.015808 0.004153
0 0.869382 0.609719 0.015060 0.014560
0 0.997046 0.687821 0.005900 0.015359
0 0.814477 0.952226 0.018439 0.017394
0 0.667708 0.182693 0.014990 0.014701
0 0.173658 0.866041 0.014576 0.014664
0 0.811627 0.952719 0.018484 0.018142
0 0.154870 0.484375 0.014359 0.014180
0 0.454135 0.993648 0.017503 0.012641
0 0.179244 0.030282 0.018826 0.019057
0 0.485169 0.738823 0.017288 0.017579
0 0.120967 0.006384 0.014977 0.012769
0 0.702471 0.822631 0.022542 0.021930
0 0.823160 0.328348 0.016104 0.015878
0 0.563976 0.174578 0.014306 0.014303
0 0.372631 0.276840 0.016675 0.017240
0 0.093403 0.910041 0.015207 0.015179
