0 0.066897 0.349140 0.012862 0.012801
0 0.760813 0.563720 0.012117 0.012023
0 0.484213 0.149338 0.012954 0.012877
0 0.499601 0.470985 0.013085 0.013038
0 0.405216 0.760898 0.012960 0.012876
0 0.523985 0.588576 0.012698 0.012631
0 0.701337 0.505337 0.012859 0.012637
0 0.144678 0.025024 0.012690 0.012584
0 0.429277 0.697952 0.013373 0.013312
0 0.293993 0.229176 0.012470 0.012276
0 0.427394 0.201736 0.013019 0.012891
0 0.280158 0.543308 0.012242 0.012338
0 0.666945 0.410462 0.012867 0.012833
0 0.320926 0.515511 0.013079 0.012866
0 0.825451 0.239352 0.012773 0.012853
0 0.940701 0.855199 0.013699 0.013511
0 0.176332 0.194237 0.012858 0.012881
0 0.964473 0.694746 0.012834 0.012852
0 0.586944 0.809057 0.013580 0.013480
0 0.772202 0.833741 0.014247 0.014148
0 0.111913 0.268133 0.012872 0.012876
0 0.917052 0.705992 0.012986 0.012839
0 0.762748 0.593076 0.013301 0.013270
0 0.838735 0.679060 0.011932 0.011715
0 0.734005 0.622159 0.013766 0.013801
0 0.680735 0.287617 0.012147 0.012208
0 0.522476 0.323660 0.013306 0.013301
0 0.987962 0.613256 0.012535 0.012662
0 0.174264 0.690100 0.011977 0.011814
0 0.903663 0.543178 0.013005 0.012985
0 0.927797 0.043797 0.011940 0.011943
0 0.589846 0.589134 0.013698 0.013928
0 0.747653 0.445454 0.012372 0.012322
0 0.490350 0.537581 0.012443 0.012651
0 0.401354 0.271343 0.014437 0.014342
0 0.601394 0.552735 0.012609 0.012854
0 0.948919 0.433725 0.012829 0.012968
0 0.888592 0.589254 0.012001 0.012041
0 0.531344 0.216242 0.012238 0.012384
0 0.564155 0.146159 0.013646 0.013602
0 0.401393 0.576543 0.013641 0.013575
0 0.904155 0.072769 0.011612 0.011428
0 0.185249 0.626249 0.011750 0.011824
0 0.875219 0.369320 0.012738 0.012825
0 0.127000 0.214609 0.012212 0.012435
0 0.139975 0.105606 0.012784 0.012457
0 0.339496 0.879153 0.011515 0.011631
0 0.078300 0.684534 0.013029 0.012955
0 0.764451 0.269743 0.012456 0.012377
0 0.273512 0.661182 0.012616 0.012736
0 0.278790 0.436440 0.012023 0.011933
0 0.210104 0.541268 0.012183 0.011999
0 0.768672 0.495901 0.012921 0.012800
0 0.971272 0.308757 0.013277 0.013127
0 0.894800 0.187547 0.012136 0.012036
0 0.945426 0.674843 0.011956 0.011951
0 0.111235 0.793218 0.013686 0.014114
0 0.519749 0.655591 0.013225 0.013331
0 0.966159 0.601355 0.011732 0.011157
0 0.631142 0.689447 0.013002 0.012948
0 0.615782 0.640726 0.012957 0.013067
0 0.815611 0.549656 0.012428 0.012353
0 0.880875 0.116236 0.009478 0.009531
0 0.059420 0.367366 0.013545 0.013625
0 0.880004 0.977150 0.013381 0.013334
0 0.497534 0.730078 0.013944 0.014068
0 0.967581 0.184615 0.011993 0.011846
0 0.850703 0.919136 0.013947 0.014058
0 0.278961 0.410185 0.011453 0.011477
0 0.523529 0.673131 0.012720 0.012686
0 0.078485 0.800025 0.011113 0.011028
0 0.705868 0.776543 0.011810 0.011803
0 0.464801 0.922093 0.013839 0.013716
0 0.296964 0.198524 0.011472 0.011007
0 0.272965 0.481054 0.013315 0.013271
0 0.787028 0.106991 0.012531 0.012568
0 0.307516 0.876087 0.012490 0.012559
0 0.030569 0.592182 0.014370 0.014200
0 0.053447 0.906139 0.012089 0.011999
0 0.373708 0.950250 0.012416 0.012050
0 0.983028 0.529841 0.011937 0.012308
0 0.631504 0.154755 0.011194 0.011097
0 0.596267 0.983343 0.014132 0.014081
0 0.867986 0.570426 0.011356 0.011521
0 0.734122 0.346838 0.012182 0.012050
0 0.828125 0.788348 0.013214 0.013195
0 0.654232 0.087095 0.012725 0.012590
0 0.261113 0.816430 0.012245 0.012662
0 0.114215 0.572442 0.010038 0.010291
0 0.769251 0.530622 0.012624 0.012428
0 0.221613 0.443067 0.012745 0.012529
0 0.911495 0.923255 0.011691 0.011678
0 0.004773 0.842544 0.009545 0.012049
0 0.802028 0.335408 0.012155 0.012238
0 0.525238 0.345727 0.013510 0.013751
0 0.889045 0.246019 0.012105 0.012369
0 0.940036 0.013891 0.011580 0.011436
0 0.866949 0.104756 0.010858 0.010825
0 0.655829 0.583379 0.010696 0.010570
0 0.660427 0.196902 0.009918 0.009699
0 0.805181 0.788409 0.012679 0.012872
0 0.249894 0.445647 0.013204 0.013107
0 0.189377 0.095237 0.012815 0.012695
0 0.146576 0.004351 0.013128 0.008702
0 0.489833 0.414377 0.015384 0.015486
0 0.275344 0.940978 0.012195 0.012637
0 0.455256 0.498250 0.013221 0.012858
0 0.854993 0.543004 0.010841 0.011010
0 0.614576 0.250136 0.010033 0.009800
0 0.325697 0.417828 0.011571 0.011034
0 0.344869 0.293487 0.021942 0.020884
0 0.979222 0.048923 0.011018 0.010829
0 0.727157 0.871482 0.012618 0.012600
0 0.791039 0.520685 0.011098 0.011015
0 0.304276 0.994852 0.012521 0.010201
0 0.974895 0.514724 0.011086 0.011336
0 0.004240 0.269962 0.008481 0.013989
0 0.989441 0.511630 0.012425 0.012373
0 0.366455 0.762579 0.013221 0.013285
0 0.805668 0.518359 0.010474 0.009948
0 0.457388 0.499335 0.013079 0.012404
0 0.335418 0.298613 0.012026 0.012794
0 0.849606 0.710156 0.021659 0.021123
0 0.132851 0.975038 0.011917 0.011357
0 0.178785 0.964491 0.013007 0.013175
0 0.338085 0.297357 0.015057 0.015143
