0 0.204881 0.073661 0.012637 0.012469
0 0.654766 0.498437 0.013120 0.013092
0 0.532284 0.058291 0.012537 0.012611
0 0.149541 0.162018 0.012701 0.012533
0 0.171035 0.319911 0.012854 0.012779
0 0.069376 0.695107 0.012963 0.012992
0 0.090655 0.563564 0.012318 0.012175
0 0.174746 0.794910 0.012217 0.011970
0 0.559389 0.228528 0.012501 0.012330
0 0.076461 0.174888 0.013388 0.013398
0 0.052780 0.017762 0.012689 0.012179
0 0.773818 0.027809 0.012738 0.012547
0 0.165894 0.725494 0.012895 0.012840
0 0.868222 0.628099 0.013494 0.013322
0 0.075640 0.459323 0.012674 0.012671
0 0.755970 0.008903 0.013228 0.013387
0 0.506065 0.117744 0.013596 0.013432
0 0.823114 0.651868 0.013219 0.013451
0 0.499049 0.080054 0.012844 0.012732
0 0.613149 0.444700 0.012673 0.012593
0 0.058510 0.516095 0.012170 0.012252
0 0.557581 0.096973 0.012358 0.012493
0 0.955605 0.509516 0.015332 0.014929
0 0.657224 0.570756 0.012762 0.012626
0 0.651036 0.418694 0.012879 0.012848
0 0.725446 0.318184 0.010863 0.010894
0 0.137330 0.526224 0.012808 0.012760
0 0.097134 0.028329 0.012613 0.012506
0 0.073495 0.844628 0.012256 0.012239
0 0.734653 0.621462 0.014250 0.014328
0 0.818216 0.441630 0.011978 0.011763
0 0.288157 0.340425 0.012567 0.012517
0 0.007693 0.181710 0.012489 0.012373
0 0.672024 0.594349 0.012814 0.012818
0 0.609113 0.342227 0.012654 0.012958
0 0.767778 0.688787 0.012411 0.013400
0 0.150971 0.061709 0.012915 0.012999
0 0.903984 0.019036 0.012374 0.012195
0 0.279887 0.436334 0.011858 0.011669
0 0.144559 0.112058 0.014169 0.014252
0 0.321313 0.313139 0.012249 0.012382
0 0.806950 0.742673 0.012056 0.011922
0 0.159098 0.278814 0.012177 0.011953
0 0.301543 0.237660 0.013044 0.013301
0 0.348626 0.647957 0.013303 0.012997
0 0.489859 0.622573 0.011705 0.011618
0 0.995284 0.457305 0.009431 0.012975
0 0.662901 0.537669 0.012799 0.012736
0 0.273332 0.670840 0.012188 0.012223
0 0.807300 0.457458 0.013489 0.013086
0 0.550422 0.682699 0.013434 0.013498
0 0.893120 0.786030 0.013106 0.013210
0 0.442207 0.188629 0.014343 0.014167
0 0.938304 0.080364 0.013070 0.013333
0 0.022393 0.806999 0.013800 0.014032
0 0.946186 0.051848 0.013568 0.013525
0 0.539452 0.427959 0.011902 0.011875
0 0.314947 0.900737 0.011937 0.011879
0 0.777683 0.524984 0.012116 0.012113
0 0.109365 0.677352 0.013402 0.013581
0 0.097031 0.701530 0.014333 0.014198
0 0.513716 0.550728 0.012726 0.012744
0 0.111062 0.361986 0.012946 0.012842
0 0.108862 0.157958 0.013318 0.013265
0 0.500000 0.968887 0.012193 0.012057
0 0.820233 0.516577 0.015737 0.015652
0 0.763230 0.479249 0.012440 0.012681
0 0.398471 0.773494 0.013187 0.013344
0 0.865841 0.524791 0.013687 0.013816
0 0.823004 0.752937 0.012776 0.012814
0 0.378293 0.814907 0.014693 0.014535
0 0.626387 0.658614 0.011683 0.011520
0 0.139251 0.721102 0.012703 0.012552
0 0.564124 0.578024 0.012103 0.011736
0 0.647000 0.649496 0.013707 0.014176
0 0.290283 0.539538 0.012388 0.012619
0 0.288935 0.770381 0.013287 0.013478
0 0.471048 0.838165 0.011629 0.011477
0 0.633311 0.791326 0.012293 0.011875
0 0.816038 0.727122 0.012815 0.012642
0 0.433794 0.232694 0.012793 0.013221
0 0.631560 0.309076 0.013215 0.012943
0 0.072812 0.975443 0.011463 0.011491
0 0.829402 0.597164 0.013562 0.013083
0 0.003562 0.407649 0.006939 0.013262
0 0.466485 0.612378 0.013310 0.013321
0 0.822191 0.975556 0.012349 0.012156
0 0.169911 0.142089 0.011997 0.011430
0 0.882476 0.501368 0.011549 0.011592
0 0.851609 0.361365 0.014768 0.014827
0 0.726993 0.870028 0.012409 0.012570
0 0.522462 0.978274 0.011357 0.011237
0 0.452783 0.446369 0.010292 0.010160
0 0.527761 0.897503 0.011428 0.011716
0 0.863738 0.315647 0.013409 0.013371
0 0.160950 0.951701 0.011483 0.011402
0 0.751566 0.064816 0.013130 0.013066
0 0.630452 0.027667 0.012860 0.012868
0 0.218440 0.237624 0.011922 0.011698
0 0.727542 0.269346 0.013525 0.012990
0 0.258478 0.913266 0.011799 0.012058
0 0.203876 0.991558 0.011301 0.011566
