0 0.749599 0.616276 0.012406 0.012150
0 0.155211 0.800465 0.013393 0.013227
0 0.061770 0.947788 0.011642 0.011396
0 0.145486 0.747789 0.013440 0.013385
0 0.751132 0.758333 0.014257 0.014385
0 0.187859 0.239832 0.012179 0.012145
0 0.154940 0.309477 0.013411 0.013361
0 0.440455 0.740794 0.012080 0.012092
0 0.053019 0.196165 0.012773 0.012819
0 0.810053 0.442673 0.012181 0.012033
0 0.515920 0.405968 0.013919 0.014034
0 0.503132 0.647587 0.013997 0.013973
0 0.197752 0.929248 0.011915 0.011903
0 0.083787 0.725302 0.014278 0.014389
0 0.244778 0.420723 0.012714 0.012586
0 0.035471 0.138058 0.011809 0.011636
0 0.245454 0.161058 0.011967 0.011810
0 0.033118 0.953217 0.013290 0.013036
0 0.461695 0.959777 0.011765 0.011727
0 0.673546 0.505452 0.012471 0.012531
0 0.317498 0.705789 0.011721 0.011648
0 0.172154 0.903948 0.011874 0.011798
0 0.146449 0.511525 0.012374 0.012447
0 0.187569 0.888628 0.013324 0.013336
0 0.524553 0.346201 0.013483 0.013225
0 0.023568 0.780886 0.011687 0.011578
0 0.061828 0.476680 0.012542 0.012732
0 0.034146 0.813676 0.011175 0.011105
0 0.484325 0.553780 0.012153 0.011985
0 0.281099 0.396556 0.013661 0.013448
0 0.026709 0.926680 0.012744 0.012636
0 0.046325 0.560497 0.012636 0.012899
0 0.308524 0.212101 0.012111 0.012052
0 0.385862 0.632556 0.011593 0.011375
0 0.498848 0.229925 0.013096 0.013084
0 0.462504 0.910657 0.013190 0.013109
0 0.636048 0.359381 0.011172 0.011068
0 0.812488 0.850194 0.011870 0.011627
0 0.959201 0.729409 0.011806 0.011966
0 0.222434 0.467867 0.013156 0.013084
0 0.563209 0.188396 0.012387 0.012267
0 0.111470 0.018631 0.012125 0.012215
0 0.004695 0.618089 0.009315 0.014551
0 0.226647 0.649117 0.012737 0.012485
0 0.846147 0.716438 0.016283 0.015800
0 0.101165 0.995363 0.013324 0.009273
0 0.543077 0.972811 0.011764 0.011581
0 0.205290 0.352119 0.010706 0.010867
0 0.503067 0.347394 0.010937 0.010744
0 0.329721 0.066128 0.011005 0.010969
0 0.409888 0.300493 0.011328 0.011352
0 0.701933 0.822551 0.018566 0.017469
0 0.640516 0.986266 0.011519 0.011945
0 0.693730 0.005663 0.013646 0.011326
0 0.942443 0.467326 0.011972 0.012063
0 0.529303 0.635767 0.019220 0.018674
0 0.005550 0.063738 0.010760 0.010922
0 0.395180 0.486771 0.012903 0.012621
0 0.344526 0.296929 0.022698 0.022378
0 0.561649 0.345886 0.011231 0.011249
0 0.773510 0.905087 0.010018 0.010123
0 0.574186 0.335446 0.012700 0.012663
0 0.109284 0.978742 0.013203 0.013329
0 0.369153 0.498151 0.011833 0.011754
0 0.375582 0.227261 0.018514 0.018967
0 0.409650 0.109975 0.010691 0.010784
