0 0.040189 0.377265 0.012631 0.012510
0 0.114352 0.385469 0.012385 0.012230
0 0.278961 0.436571 0.012162 0.012004
0 0.250210 0.068634 0.012204 0.012194
0 0.182249 0.448940 0.013003 0.012826
0 0.181226 0.613703 0.012436 0.012455
0 0.728802 0.704231 0.012379 0.012418
0 0.433823 0.458179 0.012047 0.011884
0 0.886285 0.276064 0.012540 0.012292
0 0.395532 0.543559 0.012978 0.012970
0 0.903091 0.541942 0.013247 0.013148
0 0.617856 0.243445 0.012334 0.012348
0 0.889474 0.248521 0.013926 0.013918
0 0.623240 0.529800 0.011921 0.011861
0 0.540355 0.383873 0.012445 0.012522
0 0.389715 0.682941 0.013598 0.013425
0 0.702536 0.549239 0.012211 0.012090
0 0.482337 0.724689 0.013638 0.013562
0 0.876550 0.799631 0.012034 0.011903
0 0.214018 0.139559 0.012711 0.012729
0 0.674432 0.625654 0.013211 0.013309
0 0.314350 0.947991 0.014219 0.014189
0 0.451672 0.632959 0.012539 0.012670
0 0.436090 0.910042 0.013857 0.013860
0 0.889392 0.588825 0.012450 0.012431
0 0.347333 0.722641 0.012556 0.012459
0 0.629881 0.689979 0.013770 0.013750
0 0.138814 0.391670 0.012768 0.012721
0 0.444458 0.140885 0.012735 0.012833
0 0.152694 0.216630 0.013061 0.013263
0 0.648422 0.577975 0.012222 0.012183
0 0.734558 0.623067 0.013641 0.013564
0 0.076639 0.188043 0.012458 0.012367
0 0.693175 0.964824 0.013045 0.013211
0 0.369103 0.332881 0.012432 0.012768
0 0.504648 0.454655 0.013452 0.013610
0 0.928160 0.844272 0.013522 0.013569
0 0.341450 0.386049 0.012431 0.012330
0 0.960651 0.620684 0.011194 0.010992
0 0.090044 0.349251 0.013643 0.013655
0 0.442043 0.335096 0.015019 0.014887
0 0.269905 0.790381 0.011541 0.011473
0 0.902502 0.074583 0.011676 0.011719
0 0.562981 0.182966 0.012718 0.012707
0 0.729567 0.351905 0.015600 0.015522
0 0.514696 0.742702 0.013267 0.013189
0 0.425014 0.190663 0.012603 0.012784
0 0.564246 0.553886 0.014251 0.014203
0 0.462552 0.372103 0.012738 0.012808
0 0.559371 0.816115 0.013532 0.013431
0 0.368369 0.415817 0.013389 0.013266
0 0.751927 0.691229 0.013300 0.013269
0 0.245399 0.626844 0.013472 0.013462
0 0.814104 0.050939 0.012918 0.012748
0 0.441459 0.118320 0.013712 0.013619
0 0.645479 0.976136 0.014631 0.014561
0 0.866470 0.109182 0.011743 0.011508
0 0.194709 0.566537 0.013610 0.013608
0 0.521101 0.560115 0.013618 0.013697
0 0.771411 0.353624 0.012511 0.012372
0 0.233895 0.455220 0.013938 0.013924
0 0.090583 0.654455 0.012051 0.011817
0 0.780704 0.789884 0.013391 0.013444
0 0.711186 0.428357 0.012170 0.012415
0 0.879423 0.228301 0.014166 0.014096
0 0.881834 0.119457 0.009131 0.009227
0 0.853626 0.711688 0.011928 0.011620
0 0.459877 0.844895 0.013017 0.012634
0 0.289443 0.264673 0.013389 0.013294
0 0.788580 0.862723 0.013385 0.013284
0 0.900782 0.995240 0.012428 0.009520
0 0.082380 0.735426 0.011984 0.011917
0 0.068225 0.772422 0.013283 0.013140
0 0.769048 0.111159 0.013944 0.014028
0 0.908810 0.927132 0.012245 0.012210
0 0.691796 0.275255 0.012511 0.012392
0 0.954228 0.794579 0.012012 0.011974
0 0.952292 0.699591 0.011560 0.011551
0 0.768096 0.534542 0.012893 0.012522
0 0.675330 0.276426 0.011405 0.011400
0 0.720270 0.082323 0.012016 0.011996
0 0.460057 0.077959 0.013661 0.013721
0 0.405812 0.969438 0.013103 0.013082
0 0.178651 0.752615 0.012801 0.012749
0 0.270090 0.966848 0.011330 0.011244
0 0.989219 0.317175 0.011713 0.011678
0 0.556400 0.977432 0.013339 0.013476
0 0.003828 0.847713 0.007633 0.010157
0 0.399975 0.003944 0.012313 0.007889
0 0.158426 0.882501 0.011642 0.011729
0 0.702908 0.866931 0.013393 0.013559
0 0.108319 0.929734 0.011300 0.011103
0 0.779932 0.421881 0.012396 0.012181
0 0.976242 0.461113 0.011227 0.011258
0 0.447802 0.315460 0.010883 0.010802
0 0.596586 0.134482 0.010414 0.010275
0 0.837030 0.386002 0.010293 0.009924
0 0.350482 0.290812 0.024319 0.024817
0 0.983789 0.512849 0.014166 0.013378
0 0.876639 0.976348 0.013829 0.014041
0 0.003535 0.928431 0.007002 0.011519
0 0.803445 0.540600 0.011272 0.011020
0 0.212591 0.810665 0.012604 0.012740
0 0.531983 0.628083 0.019957 0.019553
0 0.004298 0.912216 0.008529 0.010083
0 0.659517 0.092162 0.009763 0.009568
0 0.832089 0.037213 0.013307 0.013378
0 0.975316 0.042475 0.010181 0.009792
0 0.029153 0.815516 0.012873 0.013082
0 0.088344 0.928966 0.011322 0.011024
0 0.937081 0.051293 0.011546 0.011612
0 0.850740 0.545778 0.011518 0.011514
0 0.367672 0.894027 0.012780 0.012432
0 0.087267 0.782633 0.009703 0.009496
0 0.869535 0.571134 0.011505 0.011536
0 0.636596 0.080413 0.021650 0.021241
0 0.281075 0.895324 0.011138 0.011453
0 0.651162 0.473247 0.010873 0.010363
0 0.273893 0.815498 0.011868 0.011640
0 0.928931 0.020290 0.011647 0.011823
0 0.718351 0.650976 0.012071 0.012052
