0 0.365994 0.422930 0.013633 0.013588
0 0.524276 0.347083 0.013259 0.013007
0 0.186306 0.889367 0.012741 0.012542
0 0.799266 0.872713 0.013063 0.012952
0 0.117742 0.897523 0.012647 0.012372
0 0.216494 0.537011 0.012469 0.012562
0 0.462378 0.958500 0.012985 0.012883
0 0.068461 0.478693 0.013504 0.013278
0 0.599978 0.293179 0.012634 0.012809
0 0.893164 0.468357 0.010592 0.010608
0 0.232526 0.585569 0.013489 0.013428
0 0.186683 0.655954 0.012396 0.012271
0 0.310672 0.870750 0.012323 0.012093
0 0.241614 0.152666 0.012472 0.012446
0 0.940841 0.901358 0.011896 0.011736
0 0.107343 0.699428 0.013290 0.013447
0 0.253100 0.283283 0.012725 0.012825
0 0.461262 0.371306 0.012048 0.012007
0 0.226001 0.650122 0.012584 0.012476
0 0.558908 0.285509 0.012897 0.012725
0 0.088883 0.213744 0.011830 0.011397
0 0.105350 0.559145 0.012617 0.012719
0 0.053902 0.772384 0.013549 0.013378
0 0.226218 0.389216 0.013533 0.013424
0 0.467407 0.862697 0.012237 0.012245
0 0.421469 0.194977 0.013216 0.013286
0 0.307553 0.127327 0.012804 0.012781
0 0.636802 0.687508 0.011257 0.011177
0 0.064900 0.075126 0.011858 0.011629
0 0.263052 0.746585 0.011151 0.011123
0 0.704942 0.514196 0.011908 0.011864
0 0.179735 0.212872 0.012473 0.012511
0 0.847542 0.718741 0.018614 0.018191
0 0.240261 0.246293 0.012079 0.012133
0 0.312730 0.568332 0.012797 0.012883
0 0.476868 0.278342 0.012554 0.012439
0 0.085929 0.732360 0.011572 0.011747
0 0.185019 0.188097 0.012980 0.012879
0 0.109840 0.979614 0.013237 0.013337
0 0.379299 0.243829 0.012284 0.011959
0 0.752502 0.878732 0.011828 0.011770
0 0.628914 0.112418 0.013271 0.013384
0 0.433643 0.436448 0.011196 0.011444
0 0.730207 0.115664 0.011964 0.012131
0 0.572029 0.661778 0.012540 0.012616
0 0.344485 0.296349 0.022995 0.022931
0 0.596425 0.588309 0.012324 0.012279
0 0.195949 0.077806 0.012980 0.012810
0 0.646642 0.543435 0.010533 0.010416
0 0.508486 0.216134 0.012165 0.012331
0 0.373842 0.204808 0.012141 0.012390
0 0.870389 0.027644 0.012103 0.012046
0 0.544538 0.972834 0.012998 0.012784
0 0.522683 0.834124 0.012779 0.012742
0 0.682297 0.470949 0.011166 0.011178
0 0.699136 0.572449 0.012643 0.012427
0 0.649771 0.526992 0.011273 0.011394
0 0.665642 0.869051 0.012922 0.012824
0 0.715753 0.288466 0.011312 0.011425
0 0.530933 0.636223 0.023203 0.023482
0 0.361911 0.763959 0.012389 0.012705
0 0.749553 0.616516 0.012411 0.012540
0 0.690152 0.136270 0.011402 0.011454
0 0.633028 0.086203 0.017643 0.017321
0 0.641093 0.924725 0.012136 0.012288
0 0.995651 0.585367 0.008699 0.014516
0 0.500419 0.541708 0.011399 0.011463
0 0.588524 0.458159 0.011340 0.011850
0 0.331249 0.516896 0.012030 0.011518
0 0.234596 0.747920 0.013689 0.013615
0 0.785756 0.967187 0.010450 0.010456
0 0.927104 0.733966 0.011938 0.011905
0 0.789607 0.004507 0.012567 0.008953
0 0.351649 0.746007 0.012511 0.012294
0 0.608866 0.385244 0.011458 0.011628
0 0.585611 0.182778 0.011963 0.011864
0 0.139659 0.287446 0.011782 0.011278
0 0.455391 0.670450 0.011929 0.011808
0 0.226308 0.466882 0.013670 0.013998
0 0.358133 0.340651 0.010678 0.010722
0 0.517310 0.434813 0.010514 0.010724
0 0.337642 0.901429 0.012070 0.012044
0 0.700944 0.820810 0.020645 0.020432
0 0.030681 0.426319 0.011884 0.012020
0 0.015172 0.647425 0.010965 0.011152
0 0.741184 0.632303 0.012105 0.012339
0 0.581520 0.315197 0.012171 0.012352
0 0.142360 0.298611 0.011029 0.011120
0 0.371913 0.614179 0.014061 0.013652
0 0.037467 0.152486 0.011086 0.010740
0 0.525736 0.587380 0.010351 0.010375
