0 0.883188 0.459404 0.013181 0.013079
0 0.556759 0.165688 0.013161 0.012862
0 0.736608 0.874852 0.013466 0.013461
0 0.486822 0.257728 0.012302 0.012466
0 0.782139 0.610248 0.012757 0.012624
0 0.835846 0.840952 0.012082 0.012038
0 0.842961 0.457168 0.012702 0.012607
0 0.333733 0.567770 0.012713 0.012595
0 0.920042 0.736954 0.012758 0.012551
0 0.475364 0.870815 0.013487 0.013360
0 0.546125 0.900915 0.013101 0.012959
0 0.501415 0.173071 0.011252 0.011167
0 0.748324 0.618405 0.013568 0.013358
0 0.928226 0.912708 0.012585 0.012899
0 0.473775 0.430274 0.013636 0.013595
0 0.452584 0.327041 0.013616 0.013638
0 0.789175 0.303788 0.012752 0.012810
0 0.523418 0.809857 0.013691 0.013500
0 0.301238 0.446875 0.012839 0.012687
0 0.738758 0.715884 0.013275 0.013247
0 0.185261 0.892256 0.012952 0.012891
0 0.584701 0.348077 0.013676 0.013533
0 0.871836 0.017922 0.014137 0.014085
0 0.315606 0.133986 0.013276 0.013305
0 0.507964 0.319804 0.013190 0.013067
0 0.133395 0.260577 0.013968 0.013834
0 0.161603 0.263552 0.013084 0.013034
0 0.175811 0.511774 0.013433 0.013596
0 0.153071 0.852879 0.012855 0.012966
0 0.622863 0.849227 0.011497 0.011692
0 0.223356 0.468718 0.012497 0.012595
0 0.057654 0.786966 0.013771 0.013652
0 0.098441 0.391043 0.014757 0.014825
0 0.448481 0.539592 0.013312 0.013039
0 0.478211 0.517043 0.013014 0.012741
0 0.455235 0.958640 0.012420 0.012307
0 0.743281 0.212284 0.012372 0.012350
0 0.495053 0.544260 0.015139 0.015094
0 0.414328 0.207293 0.012689 0.012652
0 0.520089 0.673549 0.013936 0.013836
0 0.542948 0.975554 0.013097 0.012966
0 0.581699 0.932442 0.011005 0.010929
0 0.331679 0.518896 0.012083 0.011987
0 0.189742 0.351353 0.013137 0.013183
0 0.684864 0.279095 0.011221 0.011078
0 0.370065 0.466838 0.012040 0.011973
0 0.258701 0.437134 0.013561 0.013613
0 0.524289 0.350000 0.013251 0.013055
0 0.862109 0.387089 0.011886 0.011790
0 0.260049 0.697831 0.013220 0.013154
0 0.930973 0.418975 0.009848 0.009813
0 0.227144 0.209232 0.012476 0.012254
0 0.115477 0.541561 0.011007 0.011093
0 0.602780 0.531664 0.012792 0.012864
0 0.431796 0.693690 0.010773 0.010949
0 0.186357 0.439264 0.013121 0.013132
0 0.584667 0.009354 0.013966 0.013612
0 0.773784 0.133140 0.011546 0.011375
0 0.356275 0.691476 0.013184 0.012985
0 0.428918 0.574289 0.013454 0.013450
0 0.354619 0.205756 0.013338 0.013553
0 0.916426 0.847692 0.009801 0.009682
0 0.244590 0.492196 0.012221 0.011874
0 0.174811 0.650157 0.012862 0.013086
0 0.801404 0.374523 0.011446 0.011401
0 0.533880 0.696664 0.012558 0.012798
0 0.439209 0.130882 0.013611 0.013836
0 0.703645 0.095029 0.012589 0.012466
0 0.102100 0.200716 0.013438 0.013375
0 0.246441 0.286743 0.012732 0.012812
0 0.436258 0.589721 0.009808 0.009809
0 0.529940 0.034160 0.013651 0.013258
0 0.909097 0.244384 0.012361 0.012215
0 0.108912 0.981594 0.013157 0.013324
0 0.407497 0.538344 0.011453 0.011487
0 0.788129 0.005348 0.012530 0.010697
0 0.013616 0.546730 0.012494 0.012347
0 0.895208 0.049337 0.013901 0.013651
0 0.995691 0.015093 0.008578 0.013862
0 0.302829 0.613844 0.012366 0.012072
0 0.323054 0.308469 0.013995 0.013946
0 0.016627 0.240685 0.012591 0.012147
0 0.416032 0.073240 0.010725 0.010579
0 0.678100 0.668036 0.011271 0.010929
0 0.142961 0.491949 0.013268 0.012908
0 0.748150 0.384602 0.012569 0.012510
0 0.225536 0.649272 0.012080 0.011704
0 0.427491 0.114850 0.012868 0.012680
0 0.003571 0.937224 0.007140 0.012791
0 0.297699 0.106377 0.011224 0.011185
0 0.534407 0.833037 0.009989 0.010277
0 0.837573 0.690192 0.012391 0.012502
0 0.913985 0.270084 0.010922 0.010478
0 0.846936 0.709062 0.021564 0.020860
0 0.440218 0.059136 0.011979 0.011615
0 0.198092 0.220496 0.013141 0.013236
0 0.833455 0.584070 0.011842 0.011660
0 0.670772 0.651393 0.012680 0.012856
0 0.433760 0.981156 0.012187 0.012156
0 0.765515 0.005169 0.012714 0.010209
0 0.652089 0.074034 0.011615 0.011636
0 0.462986 0.063175 0.013059 0.013001
0 0.747595 0.304779 0.011674 0.011871
0 0.158224 0.451513 0.009606 0.009668
0 0.439249 0.001585 0.013696 0.003170
