0 0.794973 0.450826 0.011867 0.011838
0 0.104952 0.158455 0.013786 0.013643
0 0.562955 0.071702 0.012052 0.011879
0 0.197337 0.148113 0.012959 0.012937
0 0.614789 0.566772 0.013239 0.013228
0 0.535913 0.393739 0.013199 0.013168
0 0.846170 0.538122 0.012611 0.012657
0 0.573679 0.826440 0.012960 0.012820
0 0.525105 0.347122 0.013502 0.013260
0 0.913940 0.594198 0.012170 0.012304
0 0.585297 0.035878 0.012910 0.012889
0 0.423012 0.397662 0.013714 0.013461
0 0.502898 0.149457 0.012647 0.012828
0 0.748642 0.617312 0.013095 0.013177
0 0.217827 0.203870 0.013853 0.013875
0 0.145202 0.303306 0.012042 0.012188
0 0.768349 0.062642 0.012904 0.012908
0 0.155944 0.026334 0.011974 0.012692
0 0.600541 0.296128 0.013627 0.013640
0 0.207595 0.500301 0.012657 0.012484
0 0.041988 0.069941 0.013033 0.013050
0 0.454968 0.768095 0.013956 0.013865
0 0.448852 0.107207 0.014094 0.014301
0 0.398695 0.353269 0.014162 0.014071
0 0.725748 0.979487 0.013214 0.013227
0 0.108873 0.400456 0.012428 0.012432
0 0.902407 0.441971 0.013132 0.013133
0 0.333542 0.476508 0.011637 0.011629
0 0.891105 0.281160 0.012293 0.012349
0 0.544900 0.972993 0.013713 0.013481
0 0.546788 0.131653 0.012599 0.012638
0 0.645935 0.965520 0.013206 0.012899
0 0.777039 0.214986 0.013292 0.013210
0 0.455140 0.600669 0.013461 0.013346
0 0.551356 0.213230 0.014081 0.014350
0 0.479479 0.923723 0.013547 0.013335
0 0.421777 0.695878 0.014151 0.014020
0 0.902597 0.350968 0.013553 0.013550
0 0.976398 0.205974 0.013137 0.013272
0 0.802113 0.059531 0.013040 0.013147
0 0.459614 0.957190 0.013133 0.013297
0 0.699062 0.819284 0.014925 0.014388
0 0.918731 0.724638 0.011048 0.011096
0 0.823574 0.887085 0.012402 0.012503
0 0.695958 0.127338 0.014372 0.014711
0 0.954948 0.261518 0.013925 0.013497
0 0.760225 0.144382 0.014414 0.014347
0 0.222056 0.247578 0.013315 0.013303
0 0.450353 0.068214 0.011942 0.011942
0 0.417095 0.492524 0.013692 0.013670
0 0.131720 0.653402 0.012438 0.012252
0 0.069277 0.356572 0.012505 0.012237
0 0.185531 0.890258 0.012771 0.012708
0 0.069177 0.848089 0.013444 0.013443
0 0.041906 0.572071 0.011683 0.011418
0 0.486187 0.837103 0.012354 0.012216
0 0.255664 0.923820 0.013217 0.013326
0 0.733321 0.277709 0.012402 0.012445
0 0.613306 0.984034 0.011677 0.011476
0 0.549224 0.707537 0.010624 0.010504
0 0.636441 0.471756 0.010820 0.010834
0 0.441572 0.240628 0.013659 0.013682
0 0.303753 0.660401 0.013866 0.013729
0 0.128369 0.904305 0.012293 0.012313
0 0.804554 0.034046 0.014506 0.014242
0 0.225005 0.819533 0.011990 0.011938
0 0.436544 0.291473 0.012636 0.012832
0 0.275162 0.633412 0.011083 0.010925
0 0.874072 0.473089 0.011329 0.011100
0 0.109669 0.980287 0.013551 0.013587
0 0.036881 0.454543 0.012659 0.012383
0 0.332464 0.518171 0.011948 0.011893
0 0.384401 0.620922 0.014487 0.013948
0 0.226625 0.651155 0.012461 0.012065
0 0.822608 0.183581 0.012367 0.011980
0 0.422455 0.554597 0.013715 0.013513
0 0.799270 0.724254 0.013715 0.013667
0 0.960091 0.726909 0.009800 0.009530
0 0.619956 0.289544 0.012878 0.012817
0 0.162751 0.698793 0.013409 0.013499
0 0.504270 0.171586 0.012589 0.012457
0 0.061264 0.642053 0.010491 0.010398
0 0.372559 0.808418 0.010443 0.010313
0 0.981918 0.015520 0.012362 0.012136
0 0.088651 0.972993 0.012697 0.012248
0 0.858204 0.421552 0.012687 0.012269
0 0.225742 0.533582 0.012575 0.012538
0 0.789390 0.004257 0.012742 0.008515
0 0.672116 0.142184 0.011194 0.011187
0 0.101652 0.559547 0.010992 0.010956
0 0.003882 0.617629 0.007765 0.010338
0 0.795942 0.127700 0.008243 0.008489
0 0.425864 0.736214 0.010713 0.010499
0 0.620758 0.446588 0.013799 0.013365
0 0.861404 0.256011 0.010824 0.010639
0 0.787434 0.004777 0.014073 0.009484
