0 0.390881 0.494328 0.011942 0.011920
0 0.141592 0.271561 0.012987 0.012937
0 0.369967 0.090203 0.013153 0.012855
0 0.298355 0.318857 0.013586 0.013386
0 0.840042 0.294329 0.012752 0.012745
0 0.130191 0.866285 0.013204 0.013057
0 0.328630 0.095076 0.013179 0.013045
0 0.742489 0.137254 0.012654 0.012519
0 0.282311 0.205323 0.013157 0.012995
0 0.852317 0.655534 0.011935 0.011828
0 0.473478 0.365797 0.012197 0.012150
0 0.706685 0.712750 0.012084 0.011925
0 0.071998 0.301015 0.012878 0.012787
0 0.294716 0.875461 0.012837 0.012890
0 0.475213 0.706458 0.012387 0.012108
0 0.623391 0.717284 0.012853 0.013069
0 0.450560 0.474289 0.013071 0.013108
0 0.939036 0.596173 0.012200 0.011950
0 0.225034 0.737547 0.012985 0.012822
0 0.725374 0.648357 0.013446 0.013311
0 0.514203 0.573534 0.012864 0.012828
0 0.561012 0.545431 0.013369 0.013085
0 0.277682 0.148506 0.012573 0.012683
0 0.939068 0.698863 0.013286 0.013303
0 0.407881 0.060746 0.012080 0.011871
0 0.769962 0.927130 0.013029 0.013013
0 0.887840 0.825416 0.013115 0.012917
0 0.839212 0.888643 0.013092 0.012977
0 0.483061 0.812965 0.012684 0.012478
0 0.521258 0.122604 0.013376 0.013291
0 0.564446 0.425236 0.013212 0.012893
0 0.342974 0.959492 0.012842 0.012768
0 0.310298 0.563826 0.012244 0.012089
0 0.728579 0.829470 0.012761 0.012682
0 0.297312 0.285311 0.013655 0.013484
0 0.350253 0.791062 0.012314 0.012395
0 0.914014 0.248846 0.012671 0.012771
0 0.480456 0.238534 0.012119 0.012151
0 0.606343 0.482463 0.013533 0.013439
0 0.058138 0.343380 0.013011 0.012694
0 0.261380 0.893833 0.011290 0.011287
0 0.811228 0.467091 0.012952 0.012964
0 0.127909 0.309585 0.013822 0.013736
0 0.201050 0.728374 0.012785 0.012724
0 0.296895 0.644785 0.012580 0.012497
0 0.260485 0.270267 0.011947 0.011872
0 0.118018 0.517208 0.012637 0.012625
0 0.393513 0.436610 0.012848 0.012590
0 0.854690 0.464413 0.012165 0.012088
0 0.499687 0.518755 0.013409 0.013356
0 0.058052 0.095043 0.013426 0.013588
0 0.206923 0.592922 0.012005 0.012016
0 0.361213 0.333718 0.013075 0.013137
0 0.462216 0.273971 0.013289 0.013230
0 0.341539 0.134976 0.014164 0.013850
0 0.915446 0.309109 0.012400 0.012269
0 0.097808 0.743212 0.013317 0.013343
0 0.229254 0.422283 0.013854 0.013901
0 0.726771 0.473948 0.013712 0.013857
0 0.182383 0.200135 0.013569 0.013510
0 0.465209 0.109824 0.013330 0.013196
0 0.148063 0.087816 0.011685 0.011686
0 0.967521 0.403517 0.012537 0.012468
0 0.172633 0.822125 0.012637 0.012410
0 0.893433 0.351659 0.013606 0.013493
0 0.225814 0.507549 0.012476 0.012653
0 0.224269 0.254511 0.014685 0.014511
0 0.923630 0.622789 0.014811 0.014982
0 0.717971 0.367786 0.013621 0.013397
0 0.588323 0.356397 0.011911 0.011847
0 0.553656 0.029343 0.013574 0.013425
0 0.607568 0.870196 0.012363 0.012299
0 0.287108 0.530106 0.012635 0.012670
0 0.232905 0.110019 0.013284 0.013190
0 0.610005 0.329219 0.017395 0.017272
0 0.155882 0.473220 0.012409 0.012180
0 0.308434 0.679798 0.013596 0.013564
0 0.080268 0.497900 0.013738 0.013521
0 0.907081 0.536867 0.011043 0.011023
0 0.337188 0.638691 0.011815 0.011749
0 0.214220 0.021942 0.013540 0.013514
0 0.922537 0.748009 0.013129 0.013211
0 0.760304 0.480137 0.013093 0.013238
0 0.230244 0.884101 0.012091 0.011856
0 0.557487 0.691850 0.013581 0.013534
0 0.877301 0.382406 0.011700 0.011664
0 0.970182 0.554820 0.010797 0.010770
0 0.644156 0.498846 0.013556 0.013792
0 0.134773 0.433735 0.012619 0.012683
0 0.938101 0.579038 0.013552 0.013510
0 0.065715 0.857238 0.012831 0.012733
0 0.602273 0.921734 0.013794 0.013567
0 0.273410 0.946452 0.011928 0.012025
0 0.295603 0.767650 0.012914 0.012939
0 0.977243 0.305240 0.012037 0.011962
0 0.107887 0.244688 0.014652 0.014466
0 0.330447 0.610017 0.012042 0.011815
0 0.888499 0.599786 0.011945 0.011987
0 0.822905 0.370752 0.013189 0.013034
0 0.149009 0.729323 0.012183 0.012303
0 0.026064 0.952521 0.014148 0.014240
0 0.891668 0.492092 0.012407 0.012578
0 0.118326 0.415946 0.010785 0.010653
0 0.744969 0.245771 0.012767 0.012967
0 0.114828 0.926529 0.011891 0.011862
0 0.591337 0.745887 0.011965 0.012023
0 0.109191 0.947519 0.012729 0.012659
0 0.429448 0.695495 0.012477 0.012312
0 0.524867 0.750306 0.013686 0.013599
0 0.223827 0.573888 0.011324 0.011160
0 0.478241 0.014664 0.012499 0.012549
0 0.961730 0.176768 0.011165 0.011347
0 0.668804 0.394303 0.012099 0.012264
0 0.505425 0.647520 0.012060 0.012049
0 0.726577 0.770728 0.012895 0.012535
0 0.034510 0.135362 0.013815 0.013737
0 0.832245 0.732466 0.014725 0.014330
0 0.914211 0.150259 0.013884 0.013246
0 0.995293 0.574141 0.009375 0.014418
0 0.225828 0.357028 0.011542 0.011218
0 0.485470 0.328197 0.012406 0.012455
0 0.372986 0.380433 0.012923 0.013159
0 0.562799 0.951162 0.013095 0.012641
0 0.549804 0.215122 0.012776 0.012945
0 0.909351 0.517915 0.012934 0.013288
0 0.821137 0.013509 0.011799 0.012022
0 0.196224 0.759540 0.010402 0.010023
0 0.375500 0.802266 0.011903 0.011465
0 0.460756 0.055214 0.015350 0.014837
0 0.467862 0.135819 0.012027 0.011806
0 0.457258 0.718767 0.011779 0.011847
0 0.876683 0.933486 0.010185 0.010686
0 0.978479 0.884788 0.013762 0.013633
0 0.194676 0.355283 0.012410 0.012459
0 0.994208 0.248806 0.011460 0.012462
0 0.253846 0.367681 0.011217 0.011761
0 0.362332 0.615294 0.010697 0.010864
0 0.401727 0.938170 0.013446 0.012944
0 0.392248 0.616410 0.014447 0.014563
0 0.662278 0.318184 0.011558 0.011642
0 0.944118 0.962470 0.009380 0.009554
0 0.528660 0.631592 0.017108 0.018162
0 0.195348 0.909708 0.011921 0.011986
0 0.013413 0.778675 0.013141 0.013149
0 0.936135 0.532802 0.012839 0.012677
0 0.664180 0.217691 0.011489 0.011496
0 0.538135 0.851057 0.011155 0.010957
0 0.077055 0.638403 0.014625 0.015441
0 0.774048 0.099279 0.012064 0.012385
0 0.563711 0.472538 0.013928 0.013994
0 0.578888 0.265294 0.011660 0.011624
0 0.530891 0.247692 0.012425 0.011953
0 0.815492 0.576491 0.012163 0.012118
0 0.148857 0.648985 0.011649 0.011479
0 0.503694 0.464717 0.013635 0.013229
0 0.805874 0.012847 0.013320 0.013035
0 0.373454 0.428560 0.013516 0.013216
0 0.185159 0.389580 0.012787 0.012586
0 0.526259 0.632545 0.014499 0.015511
0 0.345337 0.291609 0.022764 0.022369
0 0.580964 0.223776 0.015150 0.014806
0 0.556623 0.054836 0.013834 0.014095
0 0.926577 0.275457 0.012398 0.012409
0 0.529437 0.724120 0.013151 0.012887
0 0.561344 0.204037 0.013503 0.013884
0 0.399437 0.937418 0.013164 0.012902
0 0.600522 0.238115 0.013955 0.013259
0 0.683508 0.258657 0.013037 0.012595
0 0.245330 0.990309 0.009839 0.009979
0 0.875482 0.699111 0.012724 0.012239
0 0.844851 0.861628 0.011799 0.011943
0 0.574717 0.853039 0.011161 0.010901
0 0.372209 0.431394 0.014708 0.015020
0 0.544348 0.051933 0.017611 0.017420
0 0.558736 0.760638 0.010993 0.011054
0 0.850601 0.709956 0.021589 0.021191
0 0.389928 0.616794 0.015265 0.015808
0 0.970815 0.238911 0.013384 0.013299
0 0.208756 0.777007 0.012717 0.012682
