0 0.740056 0.198118 0.012645 0.012807
0 0.048186 0.256753 0.013671 0.013566
0 0.164434 0.080788 0.013469 0.013504
0 0.757493 0.266996 0.013581 0.013602
0 0.694458 0.678986 0.013730 0.013552
0 0.067284 0.419760 0.012500 0.012385
0 0.895201 0.043138 0.012584 0.012500
0 0.229391 0.139933 0.013287 0.013173
0 0.308003 0.036537 0.012375 0.012329
0 0.257721 0.050726 0.013908 0.013847
0 0.889285 0.635777 0.011722 0.011658
0 0.749429 0.616471 0.013418 0.013561
0 0.021129 0.417329 0.013300 0.013118
0 0.979969 0.776159 0.012616 0.012388
0 0.831235 0.112777 0.012305 0.012475
0 0.902243 0.442183 0.013828 0.013619
0 0.939728 0.568783 0.012677 0.012607
0 0.656945 0.906170 0.012898 0.012847
0 0.112462 0.315632 0.013708 0.013446
0 0.653957 0.298774 0.012068 0.012071
0 0.778428 0.308808 0.012092 0.012068
0 0.523960 0.347679 0.013711 0.013490
0 0.866185 0.443009 0.012006 0.011827
0 0.922431 0.583556 0.013446 0.013489
0 0.604290 0.069461 0.012237 0.012344
0 0.835799 0.313877 0.012659 0.012518
0 0.447485 0.700786 0.013777 0.013903
0 0.745455 0.101754 0.013310 0.013274
0 0.515855 0.235160 0.013096 0.013332
0 0.277853 0.225757 0.015199 0.014920
0 0.227046 0.617684 0.013434 0.013410
0 0.772742 0.378647 0.012365 0.012142
0 0.575755 0.776161 0.013093 0.013023
0 0.708599 0.112610 0.012958 0.012994
0 0.338672 0.126748 0.012696 0.012953
0 0.043166 0.721961 0.012366 0.012218
0 0.057282 0.598920 0.013532 0.013570
0 0.133328 0.471341 0.012176 0.012116
0 0.408820 0.380725 0.010638 0.010644
0 0.544363 0.973436 0.013059 0.012743
0 0.361351 0.951359 0.012161 0.012087
0 0.899015 0.469581 0.012267 0.012472
0 0.525524 0.698163 0.013451 0.013355
0 0.462607 0.960062 0.013287 0.013297
0 0.340553 0.709398 0.014010 0.013844
0 0.086191 0.458034 0.012080 0.012055
0 0.385013 0.133298 0.012522 0.012542
0 0.377079 0.363364 0.012431 0.012421
0 0.277731 0.621367 0.012029 0.011970
0 0.211704 0.714184 0.012986 0.012955
0 0.004246 0.204538 0.008493 0.012795
0 0.623529 0.209141 0.011622 0.011577
0 0.603657 0.531859 0.011300 0.011213
0 0.571010 0.547538 0.013906 0.013801
0 0.378410 0.447183 0.012562 0.012326
0 0.147242 0.591065 0.012972 0.013298
0 0.226191 0.649508 0.012797 0.012278
0 0.606026 0.893787 0.011233 0.011095
0 0.127380 0.347242 0.012651 0.012628
0 0.760011 0.994575 0.012732 0.010851
0 0.717799 0.275113 0.012743 0.012513
0 0.348986 0.275354 0.013507 0.013262
0 0.559380 0.944169 0.014024 0.014449
0 0.198754 0.507466 0.011574 0.011685
0 0.495878 0.541516 0.012845 0.012517
0 0.332371 0.517573 0.011807 0.011702
0 0.110016 0.980276 0.013973 0.013808
0 0.634430 0.010038 0.011940 0.012097
0 0.215093 0.916354 0.013893 0.013865
0 0.362817 0.202896 0.013718 0.013605
0 0.223796 0.467656 0.012526 0.012503
0 0.509301 0.796047 0.012572 0.012498
0 0.279705 0.681728 0.011547 0.011587
0 0.459754 0.647945 0.012416 0.012472
0 0.191967 0.767711 0.012548 0.012316
0 0.440502 0.058905 0.013107 0.013433
0 0.206670 0.807421 0.011913 0.011843
0 0.950567 0.051943 0.010474 0.010429
0 0.163411 0.926622 0.013042 0.013030
0 0.823906 0.183031 0.013406 0.013246
0 0.778693 0.624626 0.014277 0.013589
0 0.637683 0.993431 0.014034 0.013009
0 0.036737 0.697778 0.014204 0.014056
0 0.542963 0.358079 0.012285 0.011981
0 0.091259 0.781774 0.011663 0.011568
0 0.989829 0.903527 0.011570 0.011210
0 0.848453 0.717252 0.021037 0.020807
0 0.187246 0.890505 0.013500 0.013430
0 0.750267 0.321783 0.012591 0.012492
0 0.415275 0.130337 0.011884 0.012853
0 0.370642 0.808851 0.010550 0.010389
0 0.785939 0.005009 0.013148 0.009882
0 0.405145 0.128658 0.012826 0.013138
0 0.622919 0.974700 0.011627 0.011006
0 0.357536 0.543031 0.011569 0.011708
0 0.407137 0.129448 0.014369 0.013799
0 0.595174 0.445341 0.010639 0.010665
0 0.780332 0.625732 0.013936 0.013486
0 0.426033 0.022218 0.013115 0.012873
0 0.774424 0.004797 0.011865 0.009594
0 0.546559 0.378437 0.010595 0.010731
0 0.321102 0.884771 0.008729 0.009066
0 0.504745 0.411723 0.009639 0.010187
0 0.422237 0.042106 0.011603 0.011560
