0 0.495518 0.136257 0.016842 0.016900
0 0.264061 0.064131 0.017796 0.017986
0 0.113018 0.323401 0.014347 0.014291
0 0.956886 0.551048 0.014407 0.014495
0 0.909640 0.329220 0.015771 0.015460
0 0.360261 0.662733 0.014422 0.014420
0 0.093381 0.692960 0.014360 0.014204
0 0.260642 0.696301 0.014913 0.015002
0 0.762756 0.491676 0.013758 0.013844
0 0.175143 0.529209 0.014804 0.014781
0 0.888885 0.380908 0.013665 0.013841
0 0.151005 0.590109 0.014566 0.014503
0 0.355475 0.605382 0.015003 0.014682
0 0.946784 0.431679 0.014733 0.014994
0 0.272998 0.315736 0.016277 0.016319
0 0.549933 0.838338 0.015245 0.015054
0 0.089977 0.406341 0.015068 0.015350
0 0.805830 0.441197 0.014175 0.014050
0 0.480339 0.073042 0.014092 0.014108
0 0.731855 0.436412 0.013873 0.013940
0 0.207206 0.387239 0.014317 0.014563
0 0.300482 0.687747 0.016464 0.016646
0 0.696996 0.755035 0.013710 0.013891
0 0.760232 0.163446 0.016669 0.016980
0 0.158496 0.741040 0.014753 0.014803
0 0.688369 0.618266 0.018147 0.017992
0 0.193019 0.195032 0.015495 0.015405
0 0.567739 0.315200 0.014114 0.014127
0 0.932296 0.065892 0.014491 0.014493
0 0.231991 0.185729 0.014421 0.014352
0 0.313178 0.337286 0.014423 0.014412
0 0.771311 0.878413 0.014707 0.014502
0 0.131679 0.824177 0.013524 0.013504
0 0.951496 0.945570 0.014612 0.014439
0 0.643179 0.737338 0.013732 0.013934
0 0.624258 0.187404 0.014273 0.014178
0 0.051915 0.299986 0.014330 0.014388
0 0.415488 0.253639 0.013652 0.013583
0 0.031481 0.636095 0.014818 0.014850
0 0.171082 0.823186 0.013855 0.013733
0 0.979788 0.022197 0.014077 0.013984
0 0.988354 0.375155 0.014729 0.014809
0 0.019576 0.911931 0.014955 0.015250
0 0.048833 0.681730 0.014918 0.014999
0 0.585716 0.592548 0.015489 0.015443
0 0.658359 0.445728 0.014375 0.014520
0 0.176690 0.933673 0.014613 0.014701
0 0.876865 0.727806 0.015474 0.015539
0 0.650476 0.535056 0.014056 0.014101
0 0.646903 0.141713 0.014048 0.013803
0 0.620693 0.570163 0.014014 0.014000
0 0.243585 0.514328 0.015684 0.015611
0 0.663845 0.239496 0.014709 0.014775
0 0.140377 0.703921 0.013800 0.013680
0 0.774600 0.283092 0.014817 0.014834
0 0.779609 0.562935 0.015662 0.015562
0 0.697135 0.239390 0.014342 0.014474
0 0.740507 0.650127 0.014533 0.014304
0 0.681295 0.560091 0.014589 0.014510
0 0.079529 0.356838 0.015351 0.015329
0 0.729251 0.974986 0.014528 0.014249
0 0.338705 0.221125 0.013943 0.014100
0 0.942602 0.655464 0.014803 0.014851
0 0.254773 0.868289 0.014206 0.013903
0 0.646180 0.399243 0.014193 0.014233
0 0.735615 0.123310 0.014699 0.014492
0 0.728405 0.697411 0.014638 0.014816
0 0.446698 0.241597 0.015511 0.015493
0 0.740858 0.567790 0.015217 0.015275
0 0.977090 0.474585 0.014213 0.014079
0 0.747399 0.824553 0.014458 0.014789
0 0.278982 0.822236 0.014843 0.014699
0 0.286197 0.870189 0.013798 0.013728
0 0.688691 0.675717 0.014801 0.014752
0 0.347835 0.299761 0.023021 0.022814
0 0.824817 0.277238 0.014489 0.014385
0 0.506459 0.358044 0.016157 0.016109
0 0.430798 0.362580 0.014686 0.014906
0 0.737232 0.367190 0.014721 0.014928
0 0.203432 0.244290 0.015554 0.015845
0 0.021778 0.559201 0.013683 0.013998
0 0.737932 0.618282 0.015059 0.015198
0 0.341393 0.963750 0.014793 0.014659
0 0.214397 0.761959 0.014716 0.015032
0 0.689503 0.537423 0.015009 0.014761
0 0.598729 0.706048 0.014455 0.014534
0 0.555697 0.535791 0.015204 0.015237
0 0.142536 0.853826 0.013711 0.013639
0 0.850164 0.720368 0.022740 0.022878
0 0.632263 0.447753 0.015447 0.015360
0 0.781164 0.116063 0.015088 0.015086
0 0.468568 0.421385 0.014827 0.014586
0 0.478477 0.242615 0.015594 0.015778
0 0.861865 0.067711 0.016332 0.016547
0 0.031676 0.130254 0.014755 0.014768
0 0.541258 0.062973 0.013187 0.013149
0 0.070363 0.026195 0.014514 0.014314
0 0.135891 0.639312 0.014410 0.014414
0 0.985212 0.505451 0.016430 0.016058
0 0.476594 0.556948 0.013924 0.013804
0 0.617837 0.666450 0.014082 0.013969
0 0.909325 0.990961 0.017973 0.017258
0 0.992804 0.883942 0.014271 0.014867
0 0.626750 0.888147 0.013842 0.013734
0 0.081506 0.820465 0.014594 0.014455
0 0.091171 0.985857 0.014305 0.014175
0 0.921790 0.147193 0.020723 0.021050
0 0.675257 0.133585 0.017170 0.016701
0 0.022443 0.007409 0.014745 0.014325
0 0.244389 0.552462 0.014266 0.014157
0 0.540627 0.736942 0.020643 0.020653
0 0.376090 0.229339 0.020206 0.020200
0 0.801301 0.115102 0.014156 0.013523
0 0.851577 0.155672 0.013807 0.013731
0 0.045411 0.608821 0.014122 0.013734
0 0.066761 0.575425 0.022009 0.021834
0 0.636430 0.088519 0.021437 0.021551
0 0.559672 0.660691 0.013998 0.013699
0 0.027951 0.464647 0.016272 0.015500
0 0.466089 0.374916 0.013778 0.013692
0 0.648727 0.706734 0.014933 0.015222
0 0.030769 0.408478 0.015956 0.016242
0 0.528561 0.640176 0.019371 0.019583
0 0.884864 0.763849 0.014501 0.014696
0 0.196686 0.631012 0.016041 0.015644
0 0.004043 0.062300 0.008066 0.016692
0 0.221332 0.974771 0.014544 0.014288
0 0.316759 0.003276 0.015855 0.006550
0 0.085804 0.916495 0.015208 0.015003
0 0.264485 0.246595 0.019359 0.018549
0 0.439515 0.211680 0.013795 0.013635
0 0.827960 0.973024 0.014499 0.014210
0 0.252641 0.533835 0.014496 0.014158
0 0.671221 0.192673 0.019930 0.019736
0 0.903202 0.606973 0.013956 0.014083
0 0.124928 0.237953 0.016133 0.016280
0 0.551761 0.913899 0.014417 0.014462
0 0.627870 0.705042 0.016594 0.016196
0 0.442229 0.403609 0.015857 0.016191
0 0.647960 0.286278 0.014168 0.014278
0 0.704090 0.823942 0.022602 0.022773
0 0.102436 0.030403 0.013493 0.013636
0 0.490243 0.436522 0.015348 0.015397
0 0.648909 0.362893 0.012983 0.012517
0 0.285407 0.430285 0.015483 0.014975
0 0.525796 0.019589 0.019736 0.019291
0 0.955026 0.229482 0.014176 0.013643
0 0.250903 0.002959 0.014686 0.005863
0 0.804183 0.601186 0.016390 0.016212
0 0.376684 0.742200 0.021925 0.021715
0 0.209208 0.448294 0.018715 0.018274
0 0.041794 0.340596 0.013290 0.013153
0 0.825070 0.107908 0.015526 0.015386
0 0.525934 0.639059 0.020083 0.018585
0 0.880663 0.593118 0.022624 0.021583
0 0.998228 0.283281 0.003537 0.014051
0 0.493039 0.477115 0.015247 0.015711
