0 0.258238 0.123904 0.014363 0.014471
0 0.620497 0.252992 0.012105 0.012146
0 0.593717 0.314721 0.014032 0.013822
0 0.210122 0.839962 0.014091 0.013925
0 0.596988 0.461363 0.013784 0.013678
0 0.606782 0.887592 0.013783 0.013696
0 0.363526 0.496605 0.012755 0.012752
0 0.929063 0.203263 0.012735 0.012522
0 0.580259 0.052254 0.013794 0.013829
0 0.469285 0.707549 0.013166 0.013344
0 0.286998 0.031100 0.013690 0.013891
0 0.463119 0.960294 0.013040 0.012926
0 0.629636 0.231036 0.012816 0.012749
0 0.524189 0.346476 0.013355 0.013218
0 0.093417 0.759953 0.014515 0.014310
0 0.653191 0.734875 0.012029 0.011776
0 0.171606 0.528910 0.012701 0.012306
0 0.449388 0.753428 0.013358 0.013312
0 0.810797 0.091227 0.013422 0.013309
0 0.653443 0.126305 0.012619 0.012216
0 0.732696 0.196816 0.012975 0.013084
0 0.391421 0.120262 0.013689 0.013483
0 0.256327 0.527896 0.011456 0.011304
0 0.117485 0.682336 0.013706 0.013672
0 0.748167 0.617300 0.013549 0.013593
0 0.422351 0.449665 0.012379 0.012474
0 0.613349 0.023065 0.013644 0.013881
0 0.457689 0.088371 0.013357 0.013472
0 0.441621 0.687505 0.011561 0.012000
0 0.544252 0.972672 0.013722 0.013521
0 0.836091 0.244104 0.010913 0.010901
0 0.863870 0.076460 0.012493 0.012397
0 0.283088 0.623285 0.011993 0.011897
0 0.267243 0.273190 0.011406 0.011418
0 0.375222 0.192048 0.012583 0.012428
0 0.302686 0.366151 0.013655 0.013593
0 0.340414 0.941192 0.013599 0.013387
0 0.359123 0.829403 0.014207 0.014220
0 0.262298 0.566357 0.012068 0.012299
0 0.633028 0.680302 0.013168 0.013520
0 0.534291 0.823878 0.012897 0.012933
0 0.777890 0.904036 0.012250 0.012228
0 0.670961 0.885725 0.012211 0.012331
0 0.697080 0.319267 0.011975 0.012116
0 0.363772 0.646594 0.012381 0.012686
0 0.621062 0.763103 0.011901 0.012141
0 0.225675 0.651514 0.013051 0.012766
0 0.818566 0.746162 0.012634 0.012534
0 0.212063 0.593475 0.012458 0.012467
0 0.757234 0.951454 0.013309 0.013195
0 0.152632 0.637916 0.011941 0.011965
0 0.316563 0.744507 0.012383 0.012225
0 0.478817 0.038725 0.012763 0.012679
0 0.898755 0.386362 0.013278 0.013226
0 0.299817 0.956242 0.012601 0.012372
0 0.372831 0.941990 0.011750 0.011777
0 0.939845 0.810043 0.011656 0.011651
0 0.191368 0.888654 0.013128 0.013034
0 0.499780 0.343361 0.013782 0.013684
0 0.222356 0.468138 0.012460 0.012552
0 0.904333 0.987536 0.012727 0.012787
0 0.147868 0.814556 0.013326 0.013262
0 0.372157 0.807733 0.010390 0.010522
0 0.787426 0.491519 0.013224 0.013181
0 0.059361 0.478720 0.011967 0.011926
0 0.616780 0.991410 0.012823 0.012671
0 0.144452 0.298816 0.012559 0.012713
0 0.117702 0.034424 0.012701 0.012890
0 0.082199 0.478911 0.013019 0.013198
0 0.987678 0.663106 0.012026 0.011962
0 0.520483 0.566758 0.010762 0.011023
0 0.066533 0.426237 0.012491 0.012973
0 0.788725 0.004587 0.012788 0.009175
0 0.863952 0.628571 0.012066 0.012547
0 0.996210 0.279781 0.007550 0.011670
0 0.879987 0.471572 0.011824 0.012248
0 0.319861 0.595781 0.014290 0.014066
0 0.786820 0.949084 0.011677 0.011652
0 0.392010 0.661547 0.009803 0.009892
0 0.597687 0.733860 0.011665 0.011961
0 0.423224 0.553456 0.014035 0.014034
0 0.203477 0.493500 0.013574 0.013411
0 0.928176 0.332765 0.012877 0.012887
0 0.396133 0.944950 0.009509 0.009122
0 0.108243 0.979185 0.014160 0.014193
0 0.177303 0.715167 0.010460 0.010347
0 0.114009 0.452640 0.010432 0.010461
0 0.949957 0.619762 0.011907 0.012028
0 0.259368 0.816232 0.013854 0.014142
0 0.164504 0.559180 0.014400 0.014350
0 0.472009 0.239535 0.007346 0.008479
0 0.774391 0.004485 0.012874 0.008969
0 0.294021 0.445830 0.010732 0.010961
0 0.951006 0.620971 0.011330 0.011545
