0 0.728071 0.570719 0.012849 0.012754
0 0.937401 0.381003 0.013456 0.013348
0 0.608768 0.303192 0.012964 0.012637
0 0.748164 0.618797 0.013440 0.013272
0 0.297028 0.118149 0.013450 0.013462
0 0.802519 0.655476 0.013859 0.013855
0 0.597736 0.519041 0.012743 0.012598
0 0.220753 0.215742 0.013081 0.012906
0 0.957277 0.278060 0.012876 0.012867
0 0.437025 0.038266 0.014187 0.014119
0 0.591194 0.285186 0.013575 0.013453
0 0.517883 0.316870 0.013481 0.013261
0 0.811953 0.464667 0.013654 0.013778
0 0.582959 0.611508 0.012886 0.013348
0 0.393478 0.473993 0.013828 0.013858
0 0.884780 0.211826 0.013492 0.013436
0 0.878296 0.757598 0.013060 0.013008
0 0.781009 0.126100 0.013996 0.014235
0 0.558405 0.496000 0.012302 0.012273
0 0.216984 0.135156 0.013500 0.013357
0 0.531993 0.604285 0.012435 0.012435
0 0.386010 0.332350 0.013935 0.013986
0 0.595613 0.710914 0.013344 0.013361
0 0.069286 0.466550 0.012203 0.011944
0 0.041803 0.444463 0.012417 0.012376
0 0.502359 0.266408 0.013276 0.013186
0 0.525646 0.554971 0.012904 0.012613
0 0.067402 0.398976 0.014539 0.014508
0 0.573246 0.389142 0.014349 0.014017
0 0.263452 0.103233 0.012747 0.012815
0 0.589408 0.134548 0.012071 0.012239
0 0.222223 0.469935 0.013102 0.013103
0 0.401389 0.296455 0.011325 0.011217
0 0.726494 0.667228 0.012564 0.012451
0 0.580956 0.470686 0.012902 0.012870
0 0.343511 0.053974 0.014270 0.014230
0 0.303399 0.367655 0.012977 0.012953
0 0.340179 0.157670 0.013946 0.013875
0 0.090452 0.470813 0.012539 0.012132
0 0.371330 0.098829 0.012173 0.012194
0 0.503245 0.432888 0.014161 0.014326
0 0.566740 0.426289 0.012918 0.012984
0 0.415708 0.791043 0.012820 0.012464
0 0.096059 0.802632 0.013685 0.013555
0 0.824709 0.016987 0.015849 0.015774
0 0.683437 0.232734 0.013546 0.013379
0 0.135246 0.149693 0.012853 0.012736
0 0.723322 0.823086 0.013189 0.013114
0 0.588815 0.048707 0.013002 0.013135
0 0.682394 0.979684 0.012603 0.012587
0 0.591314 0.010609 0.012810 0.012872
0 0.332434 0.573614 0.012671 0.012644
0 0.159124 0.168322 0.012843 0.012825
0 0.897849 0.644866 0.013120 0.013186
0 0.458143 0.961584 0.013706 0.013647
0 0.480628 0.034334 0.014597 0.014032
0 0.927661 0.088248 0.013411 0.013551
0 0.286834 0.781040 0.011179 0.010884
0 0.327480 0.704172 0.013247 0.013089
0 0.184955 0.891888 0.012765 0.012716
0 0.243187 0.939585 0.013601 0.013579
0 0.457214 0.077137 0.013539 0.013991
0 0.878417 0.985982 0.012901 0.013099
0 0.006074 0.745525 0.011960 0.013497
0 0.540315 0.010492 0.013031 0.013144
0 0.129628 0.005148 0.012916 0.010255
0 0.293962 0.238964 0.012608 0.012360
0 0.884093 0.887542 0.011815 0.011433
0 0.542922 0.975626 0.013711 0.013437
0 0.133187 0.347392 0.012700 0.012644
0 0.406773 0.407892 0.012207 0.012181
0 0.515180 0.479169 0.012705 0.012699
0 0.257160 0.153892 0.012738 0.012458
0 0.384237 0.207454 0.012577 0.012231
0 0.139951 0.490775 0.012847 0.012618
0 0.697977 0.260084 0.012845 0.012593
0 0.970733 0.090691 0.013733 0.013757
0 0.465075 0.489809 0.011152 0.011153
0 0.495575 0.543515 0.014074 0.014316
0 0.421281 0.556129 0.013877 0.013501
0 0.108827 0.981234 0.012750 0.012936
0 0.051027 0.798432 0.012590 0.012430
0 0.849062 0.710976 0.023046 0.022984
0 0.226115 0.652968 0.012758 0.012475
0 0.994567 0.308505 0.010793 0.013592
0 0.262432 0.652682 0.012669 0.012559
0 0.440990 0.059172 0.011795 0.011653
0 0.840014 0.095579 0.012573 0.012390
0 0.268083 0.153853 0.010234 0.010362
0 0.002835 0.374244 0.005628 0.012035
0 0.437350 0.590918 0.010222 0.010689
0 0.127398 0.642233 0.012277 0.012490
0 0.398195 0.665339 0.011337 0.011146
0 0.329803 0.519158 0.011760 0.011397
0 0.837145 0.878761 0.012430 0.012324
0 0.761585 0.351613 0.011888 0.012193
0 0.787201 0.005437 0.013177 0.010874
0 0.069616 0.540019 0.012161 0.011996
0 0.564774 0.924898 0.012310 0.012250
0 0.266531 0.153884 0.010308 0.011105
0 0.129588 0.945926 0.012002 0.011925
0 0.256701 0.007014 0.011382 0.011134
0 0.401144 0.571683 0.010108 0.010018
0 0.527123 0.346179 0.013248 0.013195
0 0.823670 0.185228 0.013783 0.013786
0 0.023190 0.215718 0.012524 0.012063
