0 0.950690 0.846860 0.012898 0.012861
0 0.859343 0.871527 0.013594 0.013599
0 0.903195 0.903865 0.011219 0.011081
0 0.629081 0.684569 0.014271 0.014092
0 0.547701 0.519429 0.012848 0.012780
0 0.512081 0.449305 0.012778 0.012695
0 0.871006 0.755687 0.013525 0.013325
0 0.523714 0.349513 0.013812 0.013565
0 0.748764 0.619278 0.013345 0.013165
0 0.787036 0.829365 0.013050 0.012907
0 0.024672 0.761114 0.013365 0.013341
0 0.553362 0.285560 0.012940 0.012870
0 0.755882 0.496333 0.012706 0.012659
0 0.169487 0.420721 0.013651 0.013554
0 0.184823 0.891717 0.013308 0.013227
0 0.186601 0.494275 0.012759 0.012556
0 0.356014 0.404276 0.013678 0.013421
0 0.615768 0.438047 0.012190 0.012016
0 0.402830 0.878326 0.013318 0.013335
0 0.330391 0.519015 0.012800 0.012794
0 0.879762 0.552753 0.012762 0.012622
0 0.593351 0.592134 0.013116 0.012950
0 0.362714 0.467255 0.013730 0.013541
0 0.440181 0.059898 0.012503 0.012578
0 0.623698 0.195052 0.012738 0.012798
0 0.522155 0.551976 0.012266 0.012357
0 0.457130 0.959080 0.012488 0.012900
0 0.147765 0.447357 0.012542 0.012267
0 0.178957 0.709868 0.013725 0.013501
0 0.288832 0.607340 0.013060 0.012839
0 0.297147 0.083661 0.013674 0.013420
0 0.036592 0.628799 0.011980 0.011960
0 0.481038 0.078353 0.013485 0.013346
0 0.066627 0.545298 0.013709 0.013499
0 0.075685 0.617925 0.012535 0.012526
0 0.922350 0.606617 0.012901 0.012892
0 0.698639 0.542282 0.012193 0.011968
0 0.114119 0.442544 0.012924 0.012978
0 0.575033 0.462338 0.011582 0.011862
0 0.340029 0.357180 0.013280 0.012814
0 0.451411 0.017873 0.012843 0.012723
0 0.221154 0.470128 0.013123 0.013008
0 0.211969 0.442509 0.015486 0.015480
0 0.756059 0.459994 0.012586 0.012521
0 0.108895 0.981199 0.013527 0.013676
0 0.049282 0.308124 0.011262 0.010849
0 0.380191 0.446361 0.012675 0.013040
0 0.552296 0.681926 0.014222 0.014044
0 0.709076 0.611208 0.011983 0.012214
0 0.653182 0.275097 0.012375 0.012242
0 0.091843 0.766622 0.011638 0.011484
0 0.132080 0.731114 0.012748 0.012570
0 0.268326 0.974069 0.014146 0.013770
0 0.166088 0.350878 0.012520 0.012704
0 0.276024 0.744015 0.012524 0.012334
0 0.544061 0.173510 0.012062 0.012163
0 0.838807 0.043347 0.013355 0.013625
0 0.251229 0.961332 0.012076 0.011795
0 0.507070 0.493345 0.012320 0.012231
0 0.497713 0.514821 0.012390 0.012419
0 0.132174 0.319053 0.013676 0.013724
0 0.491688 0.033909 0.013183 0.013139
0 0.383198 0.292189 0.014351 0.014399
0 0.697286 0.278947 0.012404 0.012602
0 0.446012 0.115381 0.012442 0.012380
0 0.994860 0.509292 0.010280 0.014190
0 0.864049 0.617449 0.011908 0.011684
0 0.878990 0.799204 0.011359 0.011689
0 0.083643 0.188654 0.013542 0.013350
0 0.356204 0.678560 0.013129 0.012829
0 0.014523 0.378158 0.011368 0.011444
0 0.162225 0.244434 0.012403 0.012668
0 0.596630 0.022526 0.014101 0.013916
0 0.492296 0.631129 0.013221 0.013331
0 0.614836 0.297607 0.012762 0.012819
0 0.435631 0.724983 0.013736 0.014012
0 0.676423 0.163394 0.013190 0.013115
0 0.361783 0.204346 0.014737 0.014940
0 0.044540 0.576400 0.012387 0.012564
0 0.007890 0.430546 0.014570 0.014818
0 0.539107 0.975717 0.011371 0.011021
0 0.383077 0.557396 0.012357 0.012338
0 0.804563 0.547227 0.012665 0.012752
0 0.048308 0.825990 0.012005 0.012217
0 0.594758 0.462162 0.013042 0.013045
0 0.223974 0.648394 0.012359 0.012168
0 0.778817 0.796846 0.012538 0.012064
0 0.636973 0.884578 0.013462 0.013365
0 0.387447 0.595592 0.010770 0.010568
0 0.786820 0.005968 0.013096 0.011936
0 0.300061 0.705472 0.012594 0.012277
0 0.145027 0.685370 0.013199 0.013028
0 0.495766 0.544232 0.014782 0.014922
0 0.495269 0.926778 0.012525 0.012799
0 0.118759 0.261262 0.013555 0.013302
0 0.123996 0.083919 0.013826 0.013930
0 0.105564 0.417391 0.014583 0.014409
0 0.127583 0.148176 0.011236 0.011570
0 0.221820 0.010633 0.012591 0.012607
0 0.948997 0.289299 0.012488 0.012505
0 0.850170 0.710764 0.023388 0.023326
0 0.421039 0.555849 0.013710 0.013331
0 0.188158 0.183029 0.014156 0.014190
0 0.909810 0.729694 0.010408 0.010381
0 0.579452 0.864665 0.011784 0.011688
0 0.992388 0.576321 0.014425 0.014986
0 0.819492 0.844189 0.012854 0.012685
0 0.466366 0.019181 0.012226 0.011559
0 0.532405 0.629301 0.023081 0.022890
0 0.688629 0.267144 0.011652 0.010702
0 0.506281 0.056460 0.010002 0.010324
0 0.839838 0.998291 0.012031 0.003370
0 0.720970 0.788485 0.011640 0.011710
0 0.396516 0.943923 0.009610 0.009462
0 0.062636 0.646106 0.011447 0.012113
0 0.356279 0.851588 0.013997 0.013902
0 0.746622 0.217818 0.012608 0.012771
0 0.347946 0.290802 0.023713 0.023985
