0 0.417191 0.767772 0.014248 0.014172
0 0.282599 0.432674 0.014597 0.014581
0 0.839182 0.874039 0.014687 0.014731
0 0.274103 0.819641 0.014496 0.014504
0 0.128014 0.849881 0.015446 0.015436
0 0.084851 0.439746 0.014781 0.014566
0 0.631052 0.118040 0.014847 0.015004
0 0.147902 0.110298 0.014870 0.014838
0 0.145356 0.331648 0.013553 0.013567
0 0.771792 0.852607 0.013825 0.013899
0 0.316231 0.811246 0.015197 0.015153
0 0.212359 0.633688 0.013622 0.013639
0 0.228568 0.332583 0.014677 0.014723
0 0.730604 0.378496 0.013427 0.013362
0 0.463980 0.721088 0.014008 0.014002
0 0.664269 0.619655 0.014302 0.014230
0 0.517621 0.579195 0.013579 0.013526
0 0.622830 0.538416 0.014200 0.014096
0 0.085454 0.190510 0.014998 0.015063
0 0.112712 0.224654 0.014986 0.014955
0 0.171076 0.825259 0.013813 0.013893
0 0.784727 0.289599 0.014774 0.014521
0 0.348734 0.415100 0.014267 0.014223
0 0.222727 0.599813 0.015281 0.015301
0 0.065050 0.141066 0.015233 0.015133
0 0.476565 0.639619 0.013883 0.013753
0 0.396232 0.345250 0.013534 0.013305
0 0.401410 0.117628 0.014016 0.014076
0 0.230463 0.444869 0.013801 0.013744
0 0.884813 0.394720 0.013361 0.013390
0 0.354883 0.611398 0.013983 0.013969
0 0.529590 0.210927 0.014278 0.014217
0 0.069858 0.107638 0.015526 0.015643
0 0.732685 0.209029 0.017083 0.017115
0 0.202214 0.130460 0.014468 0.014458
0 0.258372 0.510431 0.013471 0.013202
0 0.284712 0.079769 0.014557 0.014473
0 0.043297 0.764335 0.013943 0.013679
0 0.231743 0.217843 0.014111 0.014167
0 0.059693 0.602222 0.015044 0.014699
0 0.425830 0.425289 0.013497 0.013460
0 0.516904 0.241917 0.014467 0.014618
0 0.446848 0.901639 0.016090 0.016244
0 0.267675 0.183128 0.015628 0.015755
0 0.737934 0.617730 0.015354 0.015685
0 0.602297 0.505229 0.014690 0.014699
0 0.670071 0.549448 0.015558 0.015453
0 0.794496 0.949094 0.014215 0.014300
0 0.675352 0.846587 0.014726 0.014840
0 0.237139 0.896170 0.013937 0.013975
0 0.294179 0.192648 0.015461 0.015286
0 0.361517 0.956324 0.014910 0.014818
0 0.014120 0.803173 0.013797 0.013609
0 0.948530 0.886497 0.015608 0.015436
0 0.907749 0.982890 0.017225 0.017084
0 0.875183 0.691318 0.014497 0.014334
0 0.190086 0.715714 0.013968 0.014233
0 0.317407 0.373685 0.017061 0.017710
0 0.759341 0.544750 0.014624 0.014616
0 0.947438 0.937169 0.014687 0.014585
0 0.518879 0.944607 0.015337 0.015219
0 0.531728 0.389697 0.014462 0.014812
0 0.171473 0.628116 0.015184 0.015003
0 0.266378 0.643141 0.014690 0.014809
0 0.743609 0.909363 0.014046 0.013961
0 0.531142 0.321578 0.015253 0.015232
0 0.669872 0.237021 0.013835 0.013988
0 0.192429 0.489155 0.014273 0.014146
0 0.799639 0.167319 0.016129 0.016231
0 0.637344 0.953934 0.014387 0.014591
0 0.716723 0.107912 0.013791 0.014071
0 0.752660 0.041646 0.013482 0.013464
0 0.561676 0.257411 0.014201 0.014138
0 0.798567 0.058291 0.013498 0.013389
0 0.808538 0.513636 0.015201 0.015253
0 0.340899 0.768909 0.014918 0.014719
0 0.842355 0.006299 0.013458 0.012474
0 0.470577 0.423330 0.014505 0.014447
0 0.442263 0.016400 0.014565 0.014530
0 0.639526 0.165567 0.014088 0.014003
0 0.600758 0.112107 0.014701 0.014758
0 0.369093 0.259201 0.014571 0.014891
0 0.878724 0.311053 0.014654 0.014432
0 0.484815 0.793855 0.016720 0.017076
0 0.782974 0.454282 0.014277 0.014260
0 0.358072 0.163485 0.014657 0.014525
0 0.864074 0.149602 0.014277 0.014355
0 0.696975 0.058313 0.014186 0.014249
0 0.848951 0.719765 0.023178 0.022905
0 0.761090 0.679018 0.013541 0.013402
0 0.836982 0.578020 0.016598 0.016553
0 0.347906 0.740793 0.014428 0.014305
0 0.875752 0.275958 0.014269 0.014236
0 0.753759 0.722143 0.014645 0.014660
0 0.494445 0.147390 0.014936 0.014976
0 0.693278 0.208893 0.013508 0.013457
0 0.670998 0.190351 0.017159 0.016624
0 0.350784 0.297246 0.020150 0.020222
0 0.433646 0.309961 0.014048 0.013599
0 0.986327 0.506621 0.017052 0.016660
0 0.282524 0.452753 0.014550 0.014345
0 0.068907 0.061176 0.015409 0.015284
0 0.988922 0.313794 0.014408 0.014539
0 0.909444 0.704854 0.014099 0.014763
0 0.450818 0.208570 0.016399 0.016022
0 0.793193 0.557908 0.016047 0.015730
0 0.785722 0.687261 0.013405 0.013617
0 0.091854 0.907959 0.014098 0.014083
0 0.585823 0.513917 0.013940 0.013910
0 0.839095 0.329423 0.013943 0.013983
0 0.992228 0.127524 0.014566 0.014546
0 0.920605 0.146123 0.019484 0.019120
0 0.298080 0.604958 0.014677 0.014778
0 0.010548 0.913212 0.013217 0.013200
0 0.770377 0.084695 0.013516 0.013346
0 0.978240 0.185708 0.013906 0.013900
0 0.119443 0.907793 0.014296 0.014171
0 0.605171 0.268665 0.014122 0.013980
0 0.929020 0.662880 0.017499 0.017473
0 0.859561 0.623070 0.014977 0.014703
0 0.003855 0.943802 0.007293 0.012469
0 0.682750 0.274850 0.013266 0.013322
0 0.900617 0.597823 0.015440 0.015224
0 0.238242 0.539235 0.014706 0.014528
0 0.088779 0.151744 0.015423 0.014973
0 0.495435 0.281776 0.013834 0.013745
0 0.307204 0.302761 0.014409 0.014359
0 0.025221 0.208961 0.015408 0.015950
0 0.808901 0.324180 0.014258 0.013996
0 0.621040 0.264194 0.014476 0.014395
0 0.376492 0.228922 0.020188 0.020174
0 0.097509 0.130677 0.015094 0.015177
0 0.066032 0.582075 0.016557 0.016982
0 0.007745 0.445497 0.013742 0.014520
0 0.531088 0.638995 0.023078 0.023164
0 0.760958 0.497783 0.012546 0.012366
0 0.523760 0.017977 0.018219 0.017932
0 0.897725 0.960844 0.014774 0.014633
0 0.696275 0.172701 0.014373 0.014517
0 0.482666 0.272594 0.016186 0.015949
0 0.005046 0.113339 0.009987 0.016750
0 0.498759 0.803702 0.014047 0.013217
0 0.574138 0.373657 0.014518 0.013757
0 0.006144 0.111889 0.011941 0.015807
0 0.618946 0.677084 0.015553 0.015643
0 0.390067 0.300360 0.014390 0.014483
0 0.769286 0.113815 0.016738 0.016309
0 0.998061 0.416521 0.003878 0.012245
0 0.524120 0.666580 0.013441 0.013391
