0 0.885442 0.254877 0.014488 0.014324
0 0.154405 0.344448 0.014527 0.014503
0 0.116943 0.285704 0.017493 0.017308
0 0.616082 0.444585 0.014044 0.014010
0 0.760676 0.378891 0.015294 0.015191
0 0.373057 0.019060 0.013936 0.013748
0 0.947638 0.371629 0.014170 0.014293
0 0.085659 0.183178 0.014402 0.014488
0 0.185293 0.503692 0.015216 0.015001
0 0.783140 0.174319 0.013225 0.013268
0 0.759664 0.082565 0.014900 0.014770
0 0.661351 0.525370 0.014182 0.014057
0 0.680440 0.774600 0.015117 0.015133
0 0.171294 0.710212 0.015137 0.014879
0 0.684103 0.632019 0.013262 0.013290
0 0.943929 0.617523 0.014991 0.014915
0 0.884675 0.140898 0.014006 0.014038
0 0.376128 0.583966 0.013708 0.013775
0 0.487234 0.743181 0.014172 0.014139
0 0.452317 0.078520 0.014282 0.014286
0 0.333153 0.951883 0.014524 0.014757
0 0.871736 0.399975 0.015452 0.015273
0 0.170998 0.189579 0.014523 0.014469
0 0.791143 0.117136 0.012545 0.012575
0 0.708420 0.214438 0.014194 0.014067
0 0.691840 0.952317 0.013646 0.013523
0 0.811607 0.526608 0.014723 0.014581
0 0.230208 0.041192 0.014830 0.014744
0 0.068204 0.576224 0.019665 0.020040
0 0.622424 0.134151 0.014726 0.014934
0 0.566983 0.819114 0.015281 0.015235
0 0.331091 0.599820 0.014444 0.014391
0 0.712786 0.694143 0.014601 0.014644
0 0.227216 0.541378 0.015231 0.015060
0 0.743527 0.044341 0.012658 0.012438
0 0.806660 0.383736 0.014707 0.014754
0 0.439410 0.882961 0.014970 0.014964
0 0.953314 0.024049 0.014325 0.014049
0 0.657782 0.790089 0.014143 0.014110
0 0.105678 0.796908 0.014234 0.014046
0 0.253033 0.451015 0.015459 0.015448
0 0.631832 0.409101 0.014433 0.014489
0 0.967826 0.985621 0.014122 0.013787
0 0.512818 0.179436 0.014243 0.014173
0 0.854557 0.614029 0.015037 0.014938
0 0.591946 0.837327 0.014627 0.014470
0 0.318517 0.776128 0.015093 0.015183
0 0.728038 0.208959 0.014001 0.013769
0 0.076289 0.421165 0.014746 0.014738
0 0.597290 0.640711 0.015375 0.015099
0 0.413747 0.583248 0.014858 0.014866
0 0.225145 0.580927 0.014202 0.014271
0 0.265395 0.334321 0.014620 0.014525
0 0.715518 0.915320 0.013606 0.013473
0 0.402411 0.405846 0.014848 0.014844
0 0.669679 0.066789 0.014474 0.014310
0 0.402724 0.314273 0.015215 0.015307
0 0.466807 0.484458 0.014713 0.014688
0 0.475274 0.011136 0.015372 0.015408
0 0.049957 0.819934 0.013999 0.014085
0 0.835558 0.540018 0.015223 0.014808
0 0.730972 0.008864 0.013944 0.014309
0 0.316477 0.078271 0.015434 0.015710
0 0.730254 0.696759 0.014469 0.014819
0 0.473893 0.531910 0.013871 0.013837
0 0.558913 0.196792 0.013313 0.012822
0 0.849502 0.722353 0.021664 0.021460
0 0.646643 0.683287 0.014006 0.014156
0 0.282945 0.708518 0.014580 0.014517
0 0.527769 0.335581 0.015240 0.014896
0 0.524056 0.703927 0.015061 0.014850
0 0.451667 0.193203 0.014096 0.014125
0 0.904462 0.787837 0.014173 0.014196
0 0.799888 0.407944 0.014532 0.014503
0 0.067750 0.895361 0.013842 0.013564
0 0.608342 0.267334 0.013799 0.013873
0 0.607391 0.916162 0.016253 0.016310
0 0.174110 0.898738 0.015205 0.014943
0 0.196736 0.018016 0.014819 0.014560
0 0.148042 0.886160 0.015544 0.015051
0 0.984182 0.486096 0.015410 0.014962
0 0.741543 0.228934 0.014620 0.014484
0 0.498970 0.965244 0.014128 0.014306
0 0.120726 0.545365 0.014155 0.014305
0 0.183620 0.058282 0.014202 0.014235
0 0.012364 0.102672 0.014155 0.014340
0 0.243108 0.062980 0.015030 0.015468
0 0.151593 0.232587 0.015169 0.015040
0 0.534362 0.639838 0.020241 0.020121
0 0.348241 0.300396 0.022539 0.022509
0 0.367154 0.681997 0.015788 0.015626
0 0.046812 0.261743 0.015087 0.014996
0 0.593759 0.973490 0.014788 0.014613
0 0.726402 0.972153 0.014000 0.013960
0 0.889171 0.303615 0.013863 0.014175
0 0.364431 0.775975 0.014763 0.014782
0 0.920040 0.145843 0.018387 0.018353
0 0.553792 0.483427 0.015049 0.015065
0 0.703162 0.825858 0.020506 0.020136
0 0.004557 0.679307 0.008995 0.014533
0 0.524648 0.019558 0.018595 0.018285
0 0.011113 0.135157 0.013203 0.013383
0 0.048956 0.795589 0.013136 0.012980
0 0.003347 0.934908 0.006659 0.015753
0 0.054744 0.356164 0.014037 0.014020
0 0.670692 0.192189 0.018970 0.018612
0 0.830156 0.797209 0.014959 0.014700
0 0.297744 0.246182 0.015201 0.014674
0 0.675226 0.974078 0.013783 0.013876
0 0.100460 0.981889 0.013299 0.013725
0 0.084704 0.484680 0.013891 0.013626
0 0.451369 0.216095 0.019610 0.019737
0 0.265141 0.247067 0.019564 0.019258
0 0.638403 0.078943 0.016111 0.015018
0 0.994740 0.845371 0.010497 0.014745
0 0.086198 0.931103 0.013529 0.013713
0 0.417972 0.220168 0.015751 0.015729
0 0.539937 0.737803 0.019698 0.019373
0 0.066478 0.274788 0.014847 0.015004
0 0.637702 0.081252 0.016915 0.016485
0 0.002215 0.560029 0.004406 0.018370
0 0.545475 0.242142 0.013736 0.013826
0 0.370344 0.698472 0.014683 0.014869
0 0.115459 0.982073 0.011827 0.011701
0 0.565396 0.242532 0.013840 0.013673
0 0.378824 0.228183 0.017022 0.016685
