0 0.098817 0.708936 0.013650 0.013359
0 0.164525 0.106614 0.012266 0.012252
0 0.555277 0.290755 0.012533 0.012410
0 0.343156 0.129571 0.013166 0.013163
0 0.473171 0.412506 0.013034 0.012991
0 0.240867 0.883742 0.013270 0.013314
0 0.460029 0.957078 0.013450 0.013511
0 0.189639 0.437700 0.013484 0.013328
0 0.186529 0.889112 0.013101 0.013054
0 0.914489 0.554852 0.012350 0.012451
0 0.601611 0.279486 0.013387 0.013328
0 0.454679 0.136921 0.012638 0.012508
0 0.748995 0.615720 0.012794 0.012497
0 0.849945 0.718110 0.016892 0.016399
0 0.462582 0.860520 0.011882 0.011872
0 0.252845 0.175545 0.011809 0.011726
0 0.542581 0.972531 0.013348 0.013213
0 0.450124 0.447973 0.012727 0.012674
0 0.176117 0.970366 0.012801 0.012749
0 0.092698 0.508112 0.013517 0.013435
0 0.276359 0.273701 0.012171 0.012247
0 0.142194 0.726749 0.013026 0.013004
0 0.110082 0.979423 0.013870 0.013793
0 0.685741 0.020369 0.012854 0.012893
0 0.375440 0.875763 0.011254 0.011176
0 0.410955 0.772115 0.011920 0.011993
0 0.079144 0.798232 0.012184 0.012173
0 0.225309 0.650165 0.012396 0.011991
0 0.420246 0.536927 0.012462 0.012430
0 0.969308 0.364569 0.011646 0.011669
0 0.487155 0.447442 0.011884 0.011872
0 0.292926 0.420716 0.013020 0.013069
0 0.756487 0.050904 0.010729 0.010922
0 0.780964 0.125067 0.013397 0.013259
0 0.220182 0.984450 0.012327 0.012460
0 0.499738 0.540724 0.012813 0.012812
0 0.778619 0.806803 0.012168 0.011914
0 0.344104 0.608474 0.011384 0.011286
0 0.331967 0.517823 0.012257 0.012319
0 0.751526 0.349605 0.011621 0.011732
0 0.935026 0.958448 0.012086 0.012136
0 0.525631 0.346165 0.012702 0.012670
0 0.143836 0.590271 0.012079 0.012251
0 0.585081 0.933083 0.011604 0.011672
0 0.762731 0.920065 0.012232 0.012252
0 0.222125 0.467677 0.012783 0.012842
0 0.164722 0.692155 0.011373 0.011442
0 0.073416 0.359982 0.012010 0.011911
0 0.408998 0.023512 0.011346 0.011969
0 0.155900 0.193978 0.011846 0.011564
0 0.643486 0.975332 0.012875 0.012719
0 0.435529 0.306587 0.011752 0.011331
0 0.892976 0.730256 0.011412 0.011357
0 0.112263 0.725961 0.013234 0.013479
0 0.292766 0.640576 0.013518 0.013266
0 0.509590 0.982847 0.013001 0.012660
0 0.733388 0.396303 0.009821 0.009729
0 0.345466 0.296896 0.022728 0.022577
0 0.139429 0.298447 0.011390 0.011620
0 0.408439 0.361971 0.011585 0.011655
0 0.483955 0.185968 0.011310 0.011393
0 0.795977 0.776068 0.011290 0.011138
0 0.632117 0.085401 0.018440 0.018293
0 0.814233 0.254029 0.011467 0.011457
0 0.917890 0.063382 0.010208 0.010155
0 0.499637 0.700188 0.010884 0.010728
0 0.714656 0.244347 0.011303 0.011181
0 0.970825 0.037333 0.011747 0.011545
0 0.519847 0.325469 0.012540 0.012487
0 0.582308 0.079155 0.010796 0.011170
0 0.163966 0.501871 0.011683 0.011052
0 0.440917 0.059080 0.011373 0.011164
0 0.940029 0.387040 0.011842 0.011398
0 0.997296 0.349769 0.005316 0.010489
0 0.864479 0.006228 0.009986 0.009984
0 0.701401 0.822037 0.019733 0.019193
0 0.530332 0.636922 0.022138 0.022327
0 0.153724 0.427801 0.010956 0.011032
0 0.352706 0.333917 0.011305 0.011146
0 0.686835 0.491605 0.011838 0.011542
0 0.808093 0.655341 0.011551 0.011530
0 0.921367 0.145697 0.015535 0.015155
0 0.733047 0.995819 0.010944 0.008362
