0 0.866211 0.863123 0.014614 0.014499
0 0.785343 0.519635 0.017450 0.017381
0 0.319995 0.518408 0.015733 0.015848
0 0.274517 0.027422 0.014989 0.014980
0 0.309961 0.587406 0.014344 0.014297
0 0.780880 0.409856 0.013799 0.013708
0 0.167870 0.465036 0.014050 0.014010
0 0.573510 0.845867 0.016709 0.016357
0 0.314808 0.731237 0.014182 0.014060
0 0.680747 0.593373 0.013824 0.013814
0 0.259109 0.920681 0.014621 0.014492
0 0.750132 0.183532 0.014334 0.014287
0 0.070316 0.849078 0.013606 0.013653
0 0.713479 0.435495 0.014247 0.014254
0 0.689492 0.743575 0.014379 0.014402
0 0.629663 0.331847 0.014427 0.014294
0 0.321189 0.200982 0.014258 0.014038
0 0.819516 0.651327 0.014612 0.014507
0 0.593859 0.152744 0.013813 0.013721
0 0.487837 0.567072 0.014650 0.014770
0 0.448515 0.241214 0.015173 0.015197
0 0.541831 0.482207 0.018611 0.018884
0 0.029373 0.708623 0.014154 0.014009
0 0.799023 0.279937 0.014858 0.014836
0 0.416665 0.779103 0.014859 0.014909
0 0.176287 0.572599 0.015743 0.015648
0 0.187897 0.816030 0.013681 0.013610
0 0.792145 0.932207 0.015372 0.015633
0 0.749920 0.311427 0.016277 0.016177
0 0.840155 0.960668 0.014681 0.014393
0 0.112748 0.045414 0.015145 0.015380
0 0.895175 0.336847 0.013955 0.014071
0 0.733690 0.940003 0.014336 0.014304
0 0.892089 0.379176 0.013883 0.013845
0 0.547791 0.138596 0.014835 0.014929
0 0.165280 0.208300 0.015423 0.015411
0 0.079068 0.524046 0.014334 0.014339
0 0.955799 0.948275 0.014497 0.014169
0 0.493886 0.331260 0.015050 0.014983
0 0.439729 0.313751 0.015224 0.015388
0 0.684081 0.481555 0.013995 0.013914
0 0.944004 0.085965 0.014119 0.014129
0 0.660133 0.470691 0.015963 0.015898
0 0.631137 0.916560 0.014020 0.013832
0 0.570413 0.342104 0.014578 0.014562
0 0.623901 0.141824 0.013483 0.013383
0 0.932724 0.692827 0.014136 0.014208
0 0.089182 0.912097 0.014541 0.014481
0 0.734144 0.094135 0.014275 0.014224
0 0.771707 0.665731 0.013728 0.013847
0 0.137091 0.872613 0.014308 0.014133
0 0.878309 0.689661 0.014852 0.014804
0 0.851169 0.719935 0.021482 0.021574
0 0.055150 0.385043 0.014544 0.014457
0 0.773770 0.355109 0.015505 0.015483
0 0.120898 0.525840 0.015428 0.015514
0 0.206353 0.257517 0.018391 0.018318
0 0.487378 0.409074 0.014419 0.014380
0 0.778204 0.297888 0.014285 0.014062
0 0.473380 0.173965 0.015207 0.014932
0 0.342227 0.616841 0.015371 0.015037
0 0.032154 0.762208 0.013954 0.014206
0 0.911254 0.192440 0.013704 0.013553
0 0.745651 0.245290 0.014897 0.015370
0 0.884434 0.973562 0.013567 0.013524
0 0.802341 0.347148 0.014188 0.014158
0 0.124675 0.342727 0.015335 0.015291
0 0.266170 0.881347 0.013889 0.013842
0 0.155497 0.681545 0.013861 0.013730
0 0.214931 0.877420 0.014087 0.013929
0 0.189256 0.525863 0.014170 0.014023
0 0.245562 0.204320 0.014088 0.013940
0 0.036166 0.362570 0.014170 0.014342
0 0.156812 0.354926 0.015370 0.015310
0 0.340976 0.932164 0.015286 0.015032
0 0.037695 0.993028 0.013995 0.013642
0 0.285603 0.814614 0.015045 0.015130
0 0.886092 0.045728 0.016071 0.016145
0 0.964533 0.553866 0.014133 0.013953
0 0.555795 0.211132 0.014646 0.014793
0 0.166832 0.911918 0.014543 0.014448
0 0.755597 0.646901 0.016715 0.016670
0 0.186214 0.627874 0.014440 0.014206
0 0.162144 0.628709 0.013911 0.013785
0 0.862594 0.073631 0.014286 0.014245
0 0.212119 0.375715 0.014399 0.014667
0 0.476578 0.273418 0.014831 0.014785
0 0.366855 0.829359 0.015112 0.015380
0 0.347206 0.299821 0.022871 0.022504
0 0.024427 0.007281 0.015490 0.014472
0 0.985979 0.483120 0.014664 0.014402
0 0.305349 0.297451 0.013855 0.013914
0 0.567203 0.265404 0.014064 0.014234
0 0.578877 0.991067 0.014616 0.014584
0 0.605439 0.579111 0.014446 0.014416
0 0.533555 0.640456 0.022836 0.022631
0 0.976960 0.209594 0.014943 0.014711
0 0.235589 0.683122 0.015189 0.015142
0 0.787810 0.558289 0.015069 0.014923
0 0.674941 0.829482 0.014224 0.014250
0 0.085351 0.435162 0.016016 0.016059
0 0.893732 0.069804 0.014583 0.014750
0 0.197924 0.315174 0.015090 0.015101
0 0.424926 0.005437 0.013464 0.010875
0 0.922462 0.147738 0.020411 0.020406
0 0.803878 0.600095 0.016830 0.016649
0 0.912435 0.992074 0.016762 0.015628
0 0.067711 0.576494 0.021659 0.021592
0 0.691153 0.294753 0.015242 0.014952
0 0.738589 0.617197 0.013903 0.013552
0 0.150034 0.647712 0.015269 0.015283
0 0.213477 0.767628 0.016121 0.015757
0 0.672089 0.627683 0.014063 0.014053
0 0.014873 0.146203 0.015421 0.015166
0 0.056904 0.325489 0.015456 0.015207
0 0.671714 0.192684 0.019067 0.018757
0 0.377476 0.229156 0.019827 0.019397
0 0.474799 0.369525 0.013244 0.013410
0 0.645647 0.572597 0.014281 0.014296
0 0.732550 0.818191 0.016149 0.016118
0 0.524565 0.019441 0.018118 0.017743
0 0.450545 0.216140 0.017761 0.017681
0 0.694951 0.711542 0.014361 0.014585
0 0.682296 0.387926 0.014155 0.014086
0 0.869016 0.579544 0.015728 0.015396
0 0.281923 0.436734 0.015589 0.015619
0 0.004504 0.062545 0.008992 0.015420
0 0.996378 0.212942 0.007227 0.013689
0 0.372970 0.622709 0.015921 0.015719
0 0.996337 0.746730 0.007325 0.015956
0 0.876604 0.621937 0.014691 0.014495
0 0.280793 0.463029 0.014574 0.014412
0 0.359984 0.004072 0.012846 0.008145
0 0.783905 0.002451 0.014187 0.004903
0 0.558249 0.514853 0.014912 0.014694
0 0.473932 0.204891 0.014375 0.014735
0 0.919314 0.367078 0.014340 0.014261
0 0.307570 0.997438 0.016219 0.005124
0 0.868335 0.419341 0.014730 0.014339
0 0.615653 0.098748 0.014774 0.014450
0 0.127166 0.802567 0.014813 0.014720
0 0.761027 0.532313 0.014644 0.015053
0 0.634564 0.084052 0.013942 0.013642
0 0.986065 0.419037 0.015028 0.015035
0 0.792607 0.750253 0.015942 0.015481
0 0.817352 0.843274 0.014811 0.014869
0 0.516186 0.185191 0.013008 0.012830
0 0.347651 0.390969 0.014244 0.014262
0 0.888367 0.260140 0.018470 0.018105
0 0.575987 0.638499 0.017325 0.017308
0 0.102656 0.345709 0.015271 0.015718
0 0.349415 0.372402 0.014848 0.015170
0 0.985547 0.504817 0.015674 0.015540
0 0.459245 0.372584 0.015141 0.015036
0 0.129991 0.250567 0.016005 0.016556
0 0.263497 0.245963 0.018848 0.018814
0 0.702213 0.287490 0.015027 0.015420
0 0.102848 0.348277 0.015013 0.014223
0 0.791703 0.748123 0.016780 0.015489
0 0.377377 0.741073 0.022237 0.021978
0 0.692696 0.293371 0.016386 0.015313
