0 0.116713 0.385949 0.012366 0.012405
0 0.746459 0.027743 0.012560 0.012382
0 0.043432 0.375059 0.012569 0.012598
0 0.231305 0.186221 0.013159 0.012841
0 0.938679 0.852094 0.013587 0.013355
0 0.403104 0.108981 0.013023 0.012957
0 0.069166 0.722110 0.013381 0.013273
0 0.448825 0.492215 0.012016 0.011711
0 0.630103 0.606123 0.013940 0.013639
0 0.415751 0.263275 0.012859 0.012884
0 0.110535 0.685457 0.014708 0.014419
0 0.254578 0.724769 0.012474 0.012336
0 0.278342 0.436414 0.011928 0.011738
0 0.269661 0.264247 0.012954 0.013074
0 0.663875 0.082636 0.012908 0.012919
0 0.387367 0.362460 0.012265 0.012094
0 0.709107 0.711704 0.013260 0.013110
0 0.896033 0.772046 0.013073 0.012925
0 0.606819 0.691806 0.014215 0.014039
0 0.741368 0.700724 0.014163 0.013878
0 0.189449 0.419515 0.013356 0.013270
0 0.082406 0.183522 0.012403 0.012747
0 0.390704 0.252427 0.012784 0.012804
0 0.189986 0.849803 0.011362 0.011186
0 0.124050 0.022901 0.012523 0.012406
0 0.705567 0.572632 0.013681 0.013681
0 0.771882 0.796178 0.012618 0.012682
0 0.891169 0.291972 0.012591 0.012650
0 0.192796 0.613173 0.012080 0.012090
0 0.204641 0.355706 0.011761 0.011556
0 0.867520 0.107190 0.012111 0.011935
0 0.920220 0.761771 0.011304 0.010975
0 0.347547 0.708568 0.013273 0.013324
0 0.733190 0.620571 0.014069 0.013862
0 0.902336 0.542744 0.013262 0.013099
0 0.455679 0.126558 0.013648 0.013590
0 0.058319 0.899090 0.012421 0.012215
0 0.415613 0.819007 0.012557 0.012664
0 0.833966 0.032171 0.013697 0.013790
0 0.860379 0.216018 0.013440 0.013315
0 0.462344 0.884977 0.014504 0.014379
0 0.905080 0.921803 0.011823 0.012091
0 0.497873 0.357815 0.012265 0.011938
0 0.554004 0.201571 0.012947 0.012787
0 0.088182 0.928473 0.012144 0.011989
0 0.404712 0.862021 0.013458 0.013449
0 0.902286 0.070491 0.011759 0.011581
0 0.775658 0.113355 0.013561 0.013510
0 0.479892 0.353429 0.012953 0.012687
0 0.162685 0.186776 0.012868 0.012863
0 0.648992 0.574616 0.011804 0.011973
0 0.864243 0.071662 0.012954 0.012794
0 0.754918 0.812793 0.011792 0.011794
0 0.619638 0.533066 0.011607 0.011640
0 0.884634 0.116922 0.009340 0.009584
0 0.287394 0.889000 0.013316 0.013197
0 0.449910 0.695095 0.012846 0.012822
0 0.116751 0.925124 0.011780 0.011664
0 0.887499 0.590188 0.012147 0.012099
0 0.449444 0.299902 0.010915 0.010543
0 0.506030 0.609682 0.012184 0.011995
0 0.277882 0.915401 0.014437 0.014369
0 0.034918 0.333126 0.014004 0.013988
0 0.211347 0.052465 0.011444 0.011528
0 0.256611 0.853320 0.013219 0.013167
0 0.091565 0.707850 0.013188 0.013220
0 0.851895 0.903550 0.012419 0.012396
0 0.785229 0.421756 0.011471 0.011435
0 0.453889 0.622948 0.014083 0.013855
0 0.221279 0.551697 0.012568 0.012475
0 0.961227 0.615199 0.011465 0.011195
0 0.767419 0.532348 0.013054 0.012799
0 0.262451 0.795415 0.012500 0.012921
0 0.010622 0.766283 0.013744 0.013975
0 0.219518 0.439856 0.013512 0.013302
0 0.949880 0.678869 0.013056 0.013053
0 0.502042 0.474861 0.013289 0.013358
0 0.903009 0.993578 0.013416 0.012645
0 0.459607 0.552749 0.013443 0.013542
0 0.102619 0.356641 0.014550 0.014456
0 0.009928 0.922098 0.011678 0.011733
0 0.538631 0.963481 0.013551 0.013492
0 0.502764 0.049229 0.013629 0.013739
0 0.916768 0.505418 0.012980 0.013031
0 0.823118 0.649104 0.012209 0.012134
0 0.876890 0.973637 0.013444 0.013306
0 0.834388 0.385208 0.011114 0.011221
0 0.851008 0.855638 0.012126 0.012422
0 0.349905 0.291148 0.024171 0.024448
0 0.604229 0.829588 0.013164 0.013235
0 0.049815 0.718281 0.014678 0.014908
0 0.218661 0.826868 0.013195 0.012971
0 0.637320 0.299690 0.011738 0.011951
0 0.711285 0.425651 0.011266 0.011294
0 0.701733 0.004040 0.011088 0.008080
0 0.004225 0.456397 0.008370 0.012603
0 0.354086 0.731794 0.012902 0.012970
0 0.237701 0.833986 0.011386 0.011542
0 0.416275 0.415343 0.013622 0.013812
0 0.257250 0.629585 0.013503 0.013313
0 0.452613 0.371678 0.014068 0.014113
0 0.934385 0.045648 0.011512 0.011592
0 0.010886 0.842880 0.013038 0.012910
0 0.538806 0.731715 0.012764 0.012974
0 0.687098 0.276624 0.011033 0.011148
0 0.660673 0.910273 0.012360 0.012367
0 0.536080 0.509083 0.011390 0.011390
0 0.620303 0.111206 0.011421 0.011380
0 0.368009 0.851551 0.012842 0.013116
0 0.696833 0.322051 0.012268 0.012070
0 0.457292 0.412192 0.011681 0.011472
0 0.867920 0.570873 0.011354 0.011435
0 0.399857 0.966124 0.012835 0.012705
0 0.984243 0.512990 0.013980 0.013004
0 0.981401 0.513395 0.014008 0.013721
0 0.768338 0.659382 0.011936 0.011592
0 0.973320 0.035805 0.011042 0.010528
0 0.981949 0.448554 0.012046 0.011965
0 0.534698 0.630536 0.023991 0.023709
0 0.638877 0.077656 0.023565 0.024041
0 0.998200 0.218891 0.003574 0.013660
0 0.711545 0.815380 0.011287 0.011808
0 0.009852 0.906720 0.011782 0.011467
0 0.575534 0.273727 0.011130 0.010879
0 0.001852 0.975497 0.003642 0.011328
0 0.888254 0.240662 0.012441 0.012109
0 0.611003 0.972644 0.011612 0.011408
0 0.650964 0.473508 0.010621 0.009855
0 0.804640 0.540117 0.010461 0.010379
0 0.986556 0.512688 0.012192 0.012727
0 0.888261 0.218285 0.014177 0.014323
