0 0.518874 0.455534 0.013120 0.012954
0 0.239588 0.256328 0.011607 0.011628
0 0.416002 0.628699 0.011648 0.011603
0 0.517889 0.369012 0.013859 0.013779
0 0.279051 0.436370 0.012526 0.012440
0 0.463798 0.441872 0.012869 0.012700
0 0.344317 0.922497 0.012688 0.012613
0 0.163254 0.901424 0.013532 0.013377
0 0.272057 0.287827 0.014082 0.014121
0 0.924403 0.638767 0.012370 0.012319
0 0.963373 0.027253 0.013173 0.013057
0 0.077642 0.142711 0.013745 0.013678
0 0.052207 0.382060 0.014210 0.014117
0 0.193692 0.250594 0.013335 0.013647
0 0.177546 0.745555 0.012690 0.012823
0 0.273564 0.576947 0.013292 0.013081
0 0.118586 0.637444 0.012998 0.012895
0 0.362834 0.546461 0.012611 0.012659
0 0.098132 0.512839 0.011919 0.011964
0 0.610547 0.633202 0.013826 0.013845
0 0.441941 0.906914 0.012140 0.011869
0 0.132391 0.444561 0.014226 0.014223
0 0.285070 0.368187 0.012570 0.012552
0 0.766420 0.534994 0.013447 0.013275
0 0.560889 0.152768 0.011188 0.010866
0 0.075459 0.738661 0.012083 0.012208
0 0.006233 0.879655 0.012278 0.013748
0 0.198828 0.568742 0.013435 0.013112
0 0.764492 0.262563 0.013199 0.013267
0 0.597868 0.527301 0.013217 0.013210
0 0.434062 0.243246 0.012036 0.012018
0 0.496789 0.306158 0.013624 0.013587
0 0.655298 0.381030 0.013531 0.013409
0 0.355753 0.773629 0.012834 0.012581
0 0.072817 0.822018 0.012117 0.011806
0 0.736597 0.619412 0.014349 0.014491
0 0.548769 0.436453 0.012463 0.012519
0 0.794744 0.164433 0.012643 0.012848
0 0.943288 0.856257 0.015104 0.015042
0 0.108183 0.500230 0.013520 0.013585
0 0.149864 0.068583 0.012218 0.012011
0 0.462006 0.342539 0.012408 0.012327
0 0.560681 0.035533 0.013173 0.013112
0 0.892382 0.381280 0.014256 0.014093
0 0.665363 0.486500 0.013586 0.013601
0 0.399916 0.270691 0.012660 0.012756
0 0.389143 0.038679 0.013116 0.013193
0 0.957515 0.740321 0.013345 0.013143
0 0.969630 0.588842 0.012063 0.011716
0 0.654746 0.644283 0.012299 0.012121
0 0.598735 0.286663 0.012941 0.012898
0 0.884697 0.249863 0.013194 0.013176
0 0.390049 0.459962 0.014890 0.014830
0 0.819548 0.054551 0.012066 0.011923
0 0.448048 0.049307 0.012487 0.012257
0 0.700513 0.712453 0.012582 0.012457
0 0.284871 0.826300 0.013122 0.012985
0 0.830427 0.024800 0.011355 0.011679
0 0.533907 0.637189 0.020973 0.020999
0 0.176813 0.816807 0.012201 0.012053
0 0.704823 0.506709 0.012811 0.012883
0 0.263219 0.828365 0.013726 0.013598
0 0.735112 0.719689 0.012465 0.012271
0 0.777705 0.559352 0.013112 0.012707
0 0.958576 0.561649 0.012762 0.012814
0 0.901568 0.533562 0.013066 0.013135
0 0.663547 0.765513 0.012644 0.012553
0 0.202561 0.625040 0.011701 0.011656
0 0.428199 0.299813 0.014344 0.014274
0 0.107924 0.868722 0.010412 0.010096
0 0.499048 0.973652 0.013404 0.013420
0 0.098649 0.930505 0.011599 0.011721
0 0.853144 0.115451 0.012353 0.012153
0 0.793880 0.421263 0.012720 0.013116
0 0.007720 0.080459 0.013882 0.014131
0 0.339774 0.226570 0.012095 0.012373
0 0.304364 0.825108 0.013075 0.013086
0 0.254416 0.782484 0.012128 0.012071
0 0.804307 0.435990 0.011723 0.011554
0 0.376134 0.394677 0.012432 0.012576
0 0.762772 0.912228 0.012193 0.012473
0 0.904722 0.983076 0.013669 0.013617
0 0.622338 0.486147 0.012391 0.012301
0 0.656447 0.285774 0.014013 0.013910
0 0.552674 0.177386 0.012508 0.012297
0 0.479166 0.939461 0.013643 0.014017
0 0.881782 0.360910 0.012842 0.012881
0 0.088487 0.908599 0.012368 0.012122
0 0.713557 0.946880 0.011981 0.011889
0 0.467054 0.394285 0.010861 0.010763
0 0.600118 0.875258 0.012844 0.012869
0 0.984038 0.510855 0.015061 0.014171
0 0.393381 0.923290 0.012909 0.012952
0 0.530700 0.667978 0.012173 0.012102
0 0.778905 0.421998 0.012442 0.012323
0 0.005120 0.313687 0.010189 0.015328
0 0.889920 0.579453 0.013382 0.013333
0 0.348320 0.295136 0.024394 0.024537
0 0.753022 0.638135 0.012215 0.012348
0 0.870296 0.073995 0.011474 0.011509
0 0.950301 0.452142 0.012740 0.012501
0 0.803154 0.538706 0.012206 0.012393
0 0.988820 0.763110 0.012155 0.011941
0 0.525109 0.246373 0.011282 0.010946
0 0.950549 0.309480 0.012416 0.012279
0 0.316140 0.993379 0.013753 0.013010
0 0.738579 0.981660 0.011624 0.011539
0 0.267302 0.990378 0.012871 0.012584
0 0.994773 0.876856 0.010454 0.012234
0 0.829225 0.003624 0.011376 0.007121
0 0.514709 0.684461 0.015293 0.014994
0 0.965938 0.453895 0.011960 0.012148
0 0.793945 0.715255 0.012539 0.012409
0 0.717568 0.736029 0.014108 0.013777
0 0.849775 0.716222 0.022742 0.022287
0 0.945336 0.940755 0.011420 0.011330
0 0.973635 0.005343 0.011499 0.010439
0 0.944837 0.029254 0.011502 0.010794
0 0.068233 0.571723 0.022352 0.022731
0 0.639507 0.919139 0.010800 0.010817
0 0.878486 0.265315 0.013232 0.013182
0 0.868326 0.119947 0.009615 0.009966
0 0.789811 0.486151 0.013520 0.012992
0 0.849506 0.538166 0.013444 0.013342
0 0.893265 0.997756 0.009199 0.004488
0 0.868861 0.566065 0.012936 0.012690
0 0.998148 0.217848 0.003642 0.012601
0 0.377811 0.736734 0.023218 0.022943
0 0.004342 0.485903 0.008500 0.017401
0 0.792720 0.485536 0.013207 0.013214
