0 0.603780 0.325556 0.012239 0.012142
0 0.401163 0.305724 0.012961 0.012857
0 0.528528 0.253499 0.012125 0.011982
0 0.524880 0.347039 0.013183 0.012935
0 0.461666 0.089981 0.013364 0.013400
0 0.143552 0.599830 0.012407 0.012313
0 0.448587 0.365748 0.012392 0.012262
0 0.140738 0.292138 0.012247 0.012270
0 0.749584 0.616096 0.013709 0.013496
0 0.235985 0.356828 0.013191 0.012924
0 0.560140 0.270131 0.013099 0.013183
0 0.149141 0.458226 0.012655 0.012350
0 0.496123 0.214190 0.012145 0.012123
0 0.751815 0.531130 0.013159 0.013071
0 0.730655 0.490460 0.013803 0.013722
0 0.268513 0.071775 0.010824 0.010745
0 0.147533 0.261773 0.012590 0.012535
0 0.339136 0.408009 0.011449 0.011340
0 0.037342 0.397684 0.011657 0.011614
0 0.820327 0.292938 0.013091 0.013260
0 0.511515 0.186449 0.012989 0.012981
0 0.458694 0.957215 0.013530 0.013574
0 0.544008 0.972278 0.013879 0.013594
0 0.167775 0.680634 0.011998 0.012393
0 0.468545 0.434998 0.012230 0.011967
0 0.187195 0.889986 0.013143 0.013195
0 0.952982 0.133506 0.011865 0.011873
0 0.226321 0.648812 0.012876 0.012583
0 0.432774 0.192255 0.012916 0.012696
0 0.323298 0.117905 0.012511 0.012484
0 0.948154 0.422181 0.012302 0.012305
0 0.181774 0.477572 0.013225 0.013284
0 0.222626 0.222198 0.013272 0.013487
0 0.789001 0.114708 0.012368 0.012338
0 0.421858 0.728380 0.013094 0.013022
0 0.791057 0.811097 0.013001 0.012809
0 0.191161 0.514070 0.013535 0.013793
0 0.104072 0.711279 0.012740 0.012259
0 0.850875 0.200647 0.012232 0.012290
0 0.811076 0.769031 0.012700 0.012669
0 0.662896 0.033955 0.012723 0.012829
0 0.727477 0.384901 0.012048 0.011983
0 0.891977 0.092376 0.011990 0.012093
0 0.344604 0.295958 0.022537 0.022594
0 0.264687 0.383867 0.011140 0.011094
0 0.522772 0.860046 0.011518 0.011348
0 0.447870 0.942035 0.011862 0.011892
0 0.734388 0.421207 0.010548 0.010480
0 0.461778 0.407570 0.011329 0.011462
0 0.339276 0.512549 0.013226 0.013271
0 0.650947 0.724788 0.011741 0.012237
0 0.725361 0.827785 0.012541 0.012144
0 0.530578 0.637306 0.022792 0.023079
0 0.032073 0.602675 0.012204 0.011924
0 0.184878 0.862720 0.012040 0.011931
0 0.715728 0.281186 0.011306 0.011430
0 0.109212 0.979791 0.013655 0.013629
0 0.451677 0.500725 0.012185 0.012070
0 0.973351 0.216455 0.012382 0.012282
0 0.269728 0.544427 0.012979 0.012931
0 0.222808 0.467249 0.013192 0.013253
0 0.777902 0.584966 0.012124 0.012149
0 0.847974 0.718459 0.020616 0.019940
0 0.975088 0.367135 0.008659 0.008821
0 0.148171 0.745815 0.012494 0.012417
0 0.011427 0.692339 0.013141 0.013131
0 0.454321 0.836651 0.012195 0.011990
0 0.634327 0.084332 0.019406 0.019151
0 0.699029 0.837016 0.012079 0.011713
0 0.018126 0.535618 0.010758 0.010952
0 0.920529 0.145890 0.017260 0.016887
0 0.879651 0.455101 0.012104 0.012178
0 0.007719 0.225571 0.013159 0.013022
0 0.839612 0.786272 0.011650 0.011379
0 0.153006 0.063126 0.011607 0.011612
0 0.826225 0.132217 0.011385 0.011211
0 0.713128 0.404655 0.012793 0.012693
0 0.526412 0.529269 0.009967 0.010009
0 0.037734 0.486954 0.012215 0.012228
0 0.800723 0.967685 0.012501 0.012549
0 0.997021 0.581853 0.005937 0.013916
0 0.856055 0.005065 0.010638 0.009699
0 0.809980 0.750733 0.012875 0.012548
0 0.473542 0.998294 0.011209 0.003327
0 0.518347 0.549395 0.008287 0.008259
0 0.130045 0.531976 0.011604 0.011589
0 0.789222 0.004340 0.011923 0.008680
0 0.571359 0.964226 0.012484 0.012477
0 0.377129 0.398164 0.010696 0.010686
0 0.472167 0.149917 0.011457 0.011381
0 0.240474 0.285096 0.013172 0.012943
0 0.565447 0.596495 0.008921 0.008786
0 0.500576 0.542962 0.016077 0.016286
0 0.996754 0.493920 0.006462 0.010685
0 0.522278 0.016673 0.015949 0.015404
0 0.296833 0.678433 0.013392 0.013225
0 0.615314 0.852725 0.007654 0.007753
