0 0.200439 0.478819 0.012863 0.012784
0 0.878668 0.445540 0.011768 0.011554
0 0.554923 0.046097 0.012857 0.012740
0 0.075382 0.126432 0.012436 0.012541
0 0.155588 0.120520 0.012634 0.012364
0 0.124957 0.386381 0.013147 0.013039
0 0.129950 0.687439 0.012353 0.012200
0 0.012378 0.181256 0.011746 0.011650
0 0.278776 0.436526 0.011800 0.011691
0 0.857569 0.638056 0.013431 0.013391
0 0.051123 0.441694 0.013296 0.013184
0 0.584000 0.078825 0.013216 0.013042
0 0.080656 0.842612 0.012926 0.012672
0 0.806442 0.495316 0.010932 0.010799
0 0.116452 0.128209 0.012375 0.012540
0 0.651965 0.299031 0.011864 0.011955
0 0.659339 0.431600 0.012551 0.012573
0 0.113241 0.725519 0.012901 0.012689
0 0.659037 0.496416 0.012702 0.012622
0 0.114684 0.555140 0.012596 0.012667
0 0.955759 0.509811 0.015455 0.015078
0 0.633440 0.675894 0.012514 0.012471
0 0.544708 0.094441 0.013107 0.013077
0 0.021707 0.023791 0.014414 0.014292
0 0.044009 0.335932 0.012627 0.012576
0 0.446944 0.021567 0.012943 0.012894
0 0.286508 0.816882 0.013678 0.013573
0 0.797927 0.332980 0.012847 0.013026
0 0.782709 0.523783 0.012749 0.012855
0 0.825119 0.458052 0.012305 0.012457
0 0.234725 0.721606 0.013291 0.013162
0 0.105941 0.199833 0.014456 0.014490
0 0.884346 0.829639 0.010914 0.010760
0 0.312039 0.241260 0.013233 0.013346
0 0.551579 0.857772 0.012065 0.012104
0 0.238153 0.764156 0.012516 0.012499
0 0.225086 0.128604 0.012883 0.012724
0 0.711802 0.321675 0.011255 0.011393
0 0.538805 0.445981 0.012689 0.012564
0 0.901385 0.408877 0.012277 0.012580
0 0.668310 0.193429 0.013112 0.012687
0 0.377952 0.667422 0.012767 0.012790
0 0.665938 0.617578 0.012541 0.012579
0 0.269754 0.517603 0.012653 0.012482
0 0.491995 0.324125 0.012967 0.012832
0 0.583928 0.318752 0.011941 0.012022
0 0.748317 0.660925 0.012928 0.012581
0 0.005240 0.628908 0.010393 0.012959
0 0.136199 0.478882 0.013594 0.013229
0 0.785047 0.407383 0.014497 0.014854
0 0.516190 0.484059 0.012601 0.012557
0 0.265081 0.797191 0.012436 0.012359
0 0.783248 0.057743 0.013574 0.013369
0 0.409107 0.526138 0.012986 0.012978
0 0.533599 0.017359 0.013203 0.013241
0 0.591950 0.468507 0.011747 0.011747
0 0.995060 0.455368 0.009872 0.013429
0 0.929746 0.388293 0.013766 0.013662
0 0.210032 0.830129 0.013082 0.013328
0 0.046871 0.587737 0.012918 0.012850
0 0.177312 0.794331 0.012077 0.011724
0 0.823712 0.599383 0.012514 0.012310
0 0.506895 0.042974 0.013066 0.012984
0 0.317050 0.510612 0.012605 0.012540
0 0.323472 0.325950 0.012383 0.012408
0 0.467516 0.791209 0.012494 0.012483
0 0.139268 0.734896 0.012819 0.012879
0 0.407219 0.428409 0.012435 0.012589
0 0.701880 0.742133 0.013076 0.013157
0 0.964389 0.351372 0.011890 0.012158
0 0.735915 0.621097 0.014357 0.014433
0 0.111997 0.023357 0.011574 0.011505
0 0.788932 0.751830 0.012288 0.012487
0 0.017916 0.414136 0.013661 0.013902
0 0.811208 0.654182 0.013920 0.014171
0 0.653257 0.513142 0.013863 0.014026
0 0.479012 0.781249 0.014256 0.014086
0 0.608539 0.049591 0.014480 0.014472
0 0.410643 0.274881 0.013791 0.014096
0 0.391137 0.924571 0.011088 0.011266
0 0.051696 0.943976 0.012501 0.012638
0 0.879447 0.944682 0.011832 0.011628
0 0.568093 0.544107 0.011946 0.011863
0 0.818563 0.973930 0.011578 0.011584
0 0.484598 0.629025 0.012667 0.012559
0 0.709126 0.383472 0.012604 0.012617
0 0.807075 0.986256 0.011408 0.011646
0 0.474826 0.324264 0.011795 0.011415
0 0.676689 0.894069 0.011654 0.011907
0 0.180161 0.548864 0.013469 0.013507
0 0.456433 0.965831 0.011384 0.011345
0 0.781166 0.730473 0.013489 0.013457
0 0.586879 0.865355 0.012905 0.012985
0 0.019593 0.802702 0.013902 0.014074
0 0.935954 0.072008 0.012767 0.012796
0 0.829104 0.521264 0.014867 0.014810
0 0.580875 0.447644 0.012725 0.012213
0 0.826652 0.914669 0.012541 0.012757
0 0.911977 0.956548 0.012286 0.012323
0 0.676696 0.944856 0.012241 0.011831
0 0.805952 0.767650 0.012386 0.012798
0 0.911385 0.756796 0.015210 0.015381
0 0.733646 0.856380 0.012170 0.012381
0 0.075375 0.968046 0.013063 0.012866
0 0.473538 0.856276 0.012509 0.012656
0 0.747130 0.078582 0.013377 0.013224
0 0.831089 0.522576 0.014730 0.014793
0 0.839114 0.986877 0.013878 0.013896
0 0.649571 0.380067 0.011546 0.011214
0 0.874301 0.520095 0.014048 0.014635
0 0.608420 0.177652 0.011880 0.012179
0 0.503551 0.629507 0.012121 0.012258
0 0.812233 0.627684 0.012783 0.012982
