0 0.278479 0.547523 0.011859 0.011761
0 0.762664 0.562335 0.011988 0.012005
0 0.505508 0.729384 0.014210 0.014055
0 0.278332 0.436558 0.011925 0.011745
0 0.822217 0.249928 0.013066 0.012922
0 0.449244 0.509260 0.013467 0.013126
0 0.902900 0.542549 0.013173 0.013074
0 0.519031 0.535680 0.013057 0.013109
0 0.551394 0.204627 0.013181 0.013093
0 0.454279 0.688726 0.012845 0.012626
0 0.625242 0.251622 0.011300 0.011175
0 0.068748 0.351360 0.013078 0.012970
0 0.425138 0.200672 0.012503 0.012246
0 0.964740 0.697737 0.012718 0.012668
0 0.655405 0.587784 0.011957 0.012018
0 0.342191 0.415824 0.011753 0.011669
0 0.674889 0.283718 0.012569 0.012500
0 0.769708 0.595929 0.012382 0.012207
0 0.313495 0.390315 0.012654 0.012535
0 0.424931 0.760679 0.014106 0.014097
0 0.530679 0.593240 0.012477 0.012385
0 0.707960 0.507887 0.012419 0.012180
0 0.301501 0.238852 0.012265 0.012463
0 0.182220 0.150174 0.012791 0.012855
0 0.925574 0.042938 0.011825 0.011582
0 0.295371 0.323481 0.012886 0.012795
0 0.907070 0.157363 0.011760 0.011914
0 0.634866 0.172956 0.012438 0.012453
0 0.588832 0.129249 0.014227 0.014212
0 0.567229 0.574560 0.014013 0.013706
0 0.733787 0.622727 0.013853 0.013743
0 0.873404 0.365614 0.012882 0.012891
0 0.241827 0.428546 0.013237 0.013167
0 0.107408 0.568089 0.011776 0.011698
0 0.491809 0.405956 0.013770 0.013539
0 0.614934 0.559134 0.012463 0.012316
0 0.838409 0.678713 0.011620 0.011464
0 0.227322 0.522606 0.012048 0.011962
0 0.418114 0.792793 0.013152 0.013290
0 0.668273 0.689290 0.012179 0.012158
0 0.462195 0.137180 0.012097 0.012002
0 0.819327 0.408004 0.013683 0.013632
0 0.239321 0.466483 0.012302 0.012349
0 0.818675 0.553535 0.011932 0.011915
0 0.381738 0.267614 0.014203 0.014152
0 0.958324 0.643621 0.012204 0.011958
0 0.597463 0.820401 0.013357 0.013373
0 0.189640 0.619496 0.012476 0.012501
0 0.383929 0.607248 0.014045 0.013722
0 0.485527 0.685746 0.013436 0.013366
0 0.680563 0.742139 0.011770 0.011631
0 0.760863 0.215308 0.012927 0.013060
0 0.030420 0.591565 0.013607 0.013556
0 0.613804 0.648598 0.012420 0.012607
0 0.888724 0.588328 0.011672 0.011679
0 0.749368 0.347871 0.012946 0.012840
0 0.120310 0.269127 0.012807 0.012472
0 0.377236 0.351738 0.012216 0.012194
0 0.060408 0.368529 0.013433 0.013445
0 0.972684 0.442513 0.013052 0.012956
0 0.521584 0.342272 0.013546 0.013438
0 0.965743 0.598931 0.011992 0.011359
0 0.928367 0.714339 0.014005 0.014100
0 0.128510 0.213841 0.012297 0.012583
0 0.651561 0.085662 0.013240 0.013117
0 0.378557 0.967754 0.012976 0.012884
0 0.519709 0.656540 0.012873 0.013075
0 0.745157 0.446472 0.012341 0.012104
0 0.182652 0.708975 0.013127 0.013106
0 0.759598 0.095340 0.013135 0.013156
0 0.013482 0.423802 0.012729 0.013024
0 0.822254 0.787580 0.014350 0.014297
0 0.670810 0.434489 0.012192 0.012277
0 0.046938 0.669864 0.011281 0.011379
0 0.661513 0.189163 0.010406 0.010237
0 0.266562 0.670668 0.012435 0.012392
0 0.768193 0.530498 0.012604 0.012371
0 0.867076 0.765697 0.013245 0.013271
0 0.923873 0.849940 0.014871 0.015134
0 0.114024 0.846379 0.013520 0.013397
0 0.784641 0.518762 0.011564 0.011730
0 0.774776 0.111039 0.013428 0.013460
0 0.351625 0.289879 0.023913 0.024336
0 0.611147 0.971028 0.013872 0.014046
0 0.139708 0.010277 0.011638 0.011549
0 0.883456 0.119715 0.009557 0.009193
0 0.357663 0.904713 0.012742 0.012778
0 0.939461 0.014047 0.011394 0.011606
0 0.987290 0.512730 0.012077 0.011972
0 0.547454 0.288948 0.011946 0.011561
0 0.512420 0.413471 0.012310 0.012047
0 0.754889 0.842503 0.013815 0.013890
0 0.192537 0.533599 0.011484 0.011419
0 0.798423 0.454968 0.013918 0.013956
0 0.867154 0.569339 0.011409 0.011650
0 0.398093 0.740758 0.012636 0.011958
0 0.003840 0.289960 0.007648 0.014724
0 0.541284 0.979832 0.013749 0.013620
0 0.650890 0.472786 0.010544 0.010141
0 0.996692 0.323832 0.006581 0.012260
0 0.906117 0.076911 0.011069 0.010919
0 0.117325 0.992779 0.012688 0.012389
0 0.466399 0.943480 0.013130 0.013058
0 0.280963 0.934172 0.011674 0.011511
0 0.108309 0.026989 0.012638 0.012538
0 0.055089 0.904729 0.012332 0.012350
0 0.977892 0.047098 0.010251 0.010440
0 0.729787 0.878645 0.011461 0.011451
0 0.300300 0.516708 0.012058 0.011690
0 0.293779 0.888304 0.013000 0.012863
0 0.851750 0.543725 0.011162 0.011292
0 0.884389 0.240650 0.011768 0.011757
0 0.881672 0.975660 0.012920 0.012768
0 0.310247 0.524409 0.011095 0.011117
0 0.870750 0.109321 0.012080 0.011648
0 0.915147 0.922269 0.011354 0.011212
0 0.006434 0.840711 0.012244 0.012816
0 0.079844 0.801602 0.011213 0.011284
0 0.136709 0.976888 0.011833 0.011810
0 0.816950 0.487378 0.009822 0.009952
0 0.185473 0.018750 0.012850 0.012929
0 0.277727 0.796675 0.011433 0.011360
0 0.302154 0.517967 0.012136 0.011292
0 0.907750 0.998224 0.012042 0.003509
