0 0.279121 0.070105 0.014277 0.014289
0 0.281286 0.433714 0.014665 0.014586
0 0.627516 0.940009 0.014484 0.014472
0 0.161365 0.300385 0.013919 0.013945
0 0.272398 0.821574 0.014292 0.014154
0 0.419393 0.771568 0.014432 0.014402
0 0.135536 0.111722 0.014607 0.014781
0 0.947884 0.939326 0.014555 0.014745
0 0.476014 0.643383 0.013966 0.013984
0 0.187977 0.169893 0.013630 0.013699
0 0.908046 0.983713 0.017468 0.017677
0 0.611732 0.489659 0.014713 0.014717
0 0.024892 0.811020 0.014099 0.014054
0 0.744051 0.892264 0.014401 0.014406
0 0.203283 0.715347 0.013911 0.013773
0 0.227658 0.339588 0.014647 0.014532
0 0.042939 0.765537 0.014462 0.014293
0 0.123539 0.846979 0.014085 0.014085
0 0.124212 0.232113 0.015391 0.015522
0 0.806685 0.169835 0.013968 0.014055
0 0.774339 0.846012 0.013315 0.013420
0 0.223196 0.442232 0.014505 0.014570
0 0.483479 0.802271 0.019614 0.019666
0 0.469002 0.725625 0.013892 0.013927
0 0.172149 0.816881 0.014324 0.014409
0 0.255465 0.179393 0.015697 0.015806
0 0.628493 0.167313 0.014723 0.014629
0 0.803282 0.514433 0.015581 0.015539
0 0.980916 0.376729 0.014076 0.014084
0 0.668599 0.540511 0.015456 0.015528
0 0.540705 0.379356 0.014369 0.014222
0 0.882591 0.912200 0.014846 0.015096
0 0.029312 0.262080 0.014304 0.014088
0 0.683400 0.275102 0.013498 0.013462
0 0.443234 0.904241 0.016308 0.016265
0 0.612899 0.527125 0.014090 0.014324
0 0.627574 0.120976 0.014590 0.014607
0 0.034057 0.320309 0.013564 0.013665
0 0.428509 0.432541 0.013739 0.013838
0 0.478922 0.382496 0.014253 0.014195
0 0.268003 0.621901 0.014955 0.014802
0 0.350833 0.965868 0.014259 0.014289
0 0.194184 0.493384 0.014162 0.013827
0 0.593983 0.102338 0.013823 0.014029
0 0.796217 0.303764 0.014391 0.014286
0 0.513246 0.949289 0.015279 0.015275
0 0.699040 0.057586 0.014446 0.014607
0 0.096331 0.201883 0.014480 0.014532
0 0.390006 0.347565 0.013908 0.013746
0 0.660089 0.240872 0.013612 0.013766
0 0.773807 0.677622 0.013830 0.013798
0 0.762164 0.495217 0.013359 0.013607
0 0.824366 0.073154 0.013654 0.013749
0 0.388427 0.158421 0.014641 0.014433
0 0.759564 0.544129 0.014472 0.014402
0 0.904162 0.705791 0.015080 0.014881
0 0.763368 0.324968 0.013584 0.013646
0 0.896970 0.393078 0.014744 0.015045
0 0.256560 0.215727 0.014054 0.014126
0 0.040936 0.594836 0.013745 0.013822
0 0.056376 0.423891 0.014227 0.014120
0 0.961450 0.177638 0.013542 0.013730
0 0.067481 0.098550 0.017582 0.017665
0 0.308139 0.979003 0.014832 0.014730
0 0.494214 0.552365 0.014186 0.014381
0 0.259645 0.512035 0.013443 0.013492
0 0.780571 0.450699 0.014557 0.014615
0 0.531202 0.198324 0.015693 0.015594
0 0.484612 0.356728 0.015292 0.015155
0 0.852269 0.272822 0.013616 0.013505
0 0.868090 0.696922 0.014647 0.014393
0 0.289194 0.197313 0.014983 0.015007
0 0.250994 0.945154 0.014495 0.014523
0 0.652082 0.583598 0.014203 0.013912
0 0.073929 0.142196 0.015532 0.015748
0 0.864204 0.156569 0.013662 0.013499
0 0.323865 0.375835 0.014879 0.014923
0 0.962834 0.873373 0.015391 0.015466
0 0.734677 0.222285 0.016105 0.016391
0 0.313515 0.814431 0.015441 0.015421
0 0.792711 0.558100 0.016050 0.015699
0 0.848661 0.719022 0.022918 0.023026
0 0.435710 0.021865 0.014278 0.014403
0 0.737588 0.618017 0.015222 0.015582
0 0.811225 0.646943 0.013993 0.013966
0 0.337917 0.753826 0.013563 0.013301
0 0.987998 0.134401 0.014472 0.014304
0 0.726728 0.388378 0.014413 0.014228
0 0.197196 0.579773 0.013839 0.013683
0 0.333516 0.189035 0.013417 0.013494
0 0.921434 0.145715 0.020055 0.019479
0 0.059346 0.619303 0.013817 0.013764
0 0.511036 0.680478 0.014360 0.014267
0 0.424330 0.318556 0.014884 0.014750
0 0.351278 0.255246 0.018031 0.017983
0 0.840534 0.006365 0.014114 0.012533
0 0.019766 0.111248 0.015701 0.015803
0 0.541347 0.246596 0.014364 0.014169
0 0.819181 0.341211 0.014611 0.014687
0 0.877374 0.310780 0.014486 0.014521
0 0.509849 0.239748 0.014443 0.014521
0 0.315032 0.297650 0.016173 0.016241
0 0.233556 0.545702 0.015312 0.014913
0 0.836592 0.577933 0.016607 0.016617
0 0.345374 0.298374 0.023784 0.023329
0 0.987177 0.506680 0.016943 0.016574
0 0.071042 0.177351 0.014500 0.014434
0 0.988518 0.303760 0.014848 0.014746
0 0.877117 0.945643 0.013449 0.013570
0 0.768835 0.078467 0.014041 0.013998
0 0.485515 0.153641 0.014462 0.014380
0 0.385381 0.291376 0.014851 0.014690
0 0.074584 0.054952 0.016124 0.015740
0 0.694376 0.830066 0.016773 0.016894
0 0.353381 0.612209 0.014352 0.014602
0 0.859478 0.623854 0.014315 0.014187
0 0.796567 0.348124 0.014067 0.014018
0 0.576615 0.529011 0.014733 0.015029
0 0.897652 0.601668 0.014899 0.015024
0 0.750392 0.055142 0.012900 0.012823
0 0.649247 0.623926 0.013947 0.013966
0 0.309144 0.446452 0.016028 0.016046
0 0.928610 0.665074 0.016852 0.016831
0 0.492963 0.285619 0.013534 0.013469
0 0.672755 0.204924 0.014612 0.014344
0 0.600950 0.270221 0.013575 0.013363
0 0.702741 0.235190 0.013338 0.013354
0 0.011925 0.915599 0.014066 0.013777
0 0.120239 0.907556 0.014666 0.014289
0 0.531401 0.638289 0.023030 0.022890
0 0.323580 0.394602 0.013663 0.013413
0 0.575129 0.383643 0.013564 0.013414
0 0.616399 0.264053 0.014786 0.014637
0 0.480343 0.275348 0.016538 0.016367
0 0.090573 0.160094 0.014208 0.014246
0 0.763636 0.728141 0.015050 0.015286
0 0.092288 0.908738 0.014182 0.014254
0 0.310449 0.322785 0.014867 0.014670
0 0.524323 0.018436 0.017388 0.017008
0 0.620870 0.361633 0.012695 0.012140
0 0.511555 0.472264 0.018145 0.018122
0 0.003278 0.940820 0.006299 0.015381
0 0.124427 0.810153 0.015182 0.014794
0 0.633767 0.086999 0.022173 0.021904
0 0.221083 0.624745 0.017050 0.017094
0 0.763742 0.127048 0.013949 0.013930
