0 0.435854 0.131765 0.013878 0.013843
0 0.588209 0.663319 0.012589 0.012431
0 0.503793 0.135434 0.013671 0.013607
0 0.958057 0.714290 0.013729 0.013461
0 0.235626 0.190973 0.013670 0.013404
0 0.749000 0.618409 0.013407 0.013181
0 0.563455 0.580777 0.012238 0.012140
0 0.430338 0.308696 0.011175 0.011176
0 0.929916 0.508323 0.013181 0.013323
0 0.094112 0.342730 0.013757 0.013783
0 0.557027 0.109709 0.011852 0.011758
0 0.425245 0.492858 0.013870 0.013987
0 0.109918 0.981335 0.013600 0.013656
0 0.368999 0.790175 0.013790 0.013569
0 0.131942 0.294253 0.012979 0.012807
0 0.933805 0.628242 0.013397 0.013585
0 0.594226 0.498257 0.013626 0.013482
0 0.446692 0.470891 0.013327 0.013326
0 0.091250 0.161603 0.014058 0.014223
0 0.590236 0.349905 0.013398 0.013401
0 0.602730 0.605356 0.012451 0.012077
0 0.537729 0.478464 0.011914 0.011870
0 0.284919 0.807922 0.012929 0.012954
0 0.693064 0.644246 0.012327 0.012254
0 0.457394 0.960719 0.012575 0.012439
0 0.827423 0.609286 0.013276 0.013095
0 0.824456 0.780030 0.012092 0.011946
0 0.331531 0.518465 0.012130 0.012059
0 0.587264 0.728925 0.013474 0.013497
0 0.697058 0.504316 0.012859 0.013018
0 0.109382 0.400610 0.013963 0.013657
0 0.535535 0.089216 0.013247 0.013347
0 0.244655 0.424436 0.012654 0.012620
0 0.187393 0.653579 0.013245 0.013105
0 0.710161 0.030604 0.011903 0.011943
0 0.564054 0.340998 0.011731 0.011491
0 0.258273 0.341652 0.012922 0.012977
0 0.269270 0.117061 0.012450 0.012429
0 0.444183 0.669281 0.011344 0.011374
0 0.254109 0.533263 0.013578 0.013582
0 0.222567 0.469758 0.012716 0.012751
0 0.301756 0.254844 0.011848 0.011858
0 0.233597 0.139713 0.013773 0.013739
0 0.274415 0.260330 0.011526 0.011333
0 0.672277 0.062423 0.012481 0.012292
0 0.939983 0.805055 0.012629 0.012557
0 0.269652 0.041147 0.012723 0.012379
0 0.185239 0.891779 0.012585 0.012616
0 0.803979 0.036736 0.012560 0.012308
0 0.855004 0.650442 0.012099 0.012896
0 0.688384 0.227115 0.013067 0.013123
0 0.255919 0.219794 0.013115 0.013175
0 0.097439 0.933211 0.011976 0.012106
0 0.560412 0.046596 0.011974 0.012195
0 0.217076 0.028441 0.012542 0.012198
0 0.525725 0.349071 0.013011 0.012982
0 0.632928 0.124804 0.011465 0.011363
0 0.623528 0.702973 0.013820 0.013852
0 0.942143 0.771023 0.011984 0.011781
0 0.653184 0.866278 0.012749 0.012694
0 0.158898 0.237742 0.013486 0.013606
0 0.935949 0.345246 0.013079 0.013174
0 0.677990 0.095022 0.012731 0.012625
0 0.005758 0.238471 0.011413 0.012756
0 0.058947 0.714247 0.011373 0.011330
0 0.025160 0.698942 0.011838 0.012032
0 0.400447 0.837196 0.011979 0.011750
0 0.741669 0.956666 0.012722 0.012889
0 0.673735 0.768921 0.012792 0.012779
0 0.657853 0.360677 0.011991 0.012284
0 0.476488 0.785284 0.012805 0.012491
0 0.428228 0.470524 0.011690 0.011342
0 0.788513 0.005425 0.012440 0.010647
0 0.051030 0.701867 0.011164 0.011283
0 0.950754 0.228101 0.011558 0.011277
0 0.788993 0.978970 0.012315 0.012395
0 0.407503 0.996831 0.012562 0.006316
0 0.265075 0.991418 0.011512 0.011536
0 0.540227 0.973228 0.011486 0.011393
0 0.492414 0.978109 0.012898 0.012829
0 0.849672 0.711128 0.023100 0.023269
0 0.442341 0.059033 0.012537 0.012538
0 0.304875 0.066247 0.013918 0.013915
0 0.226803 0.651049 0.012621 0.012383
0 0.314556 0.825305 0.012417 0.012642
0 0.975713 0.344382 0.012739 0.012799
0 0.002343 0.109512 0.004596 0.010750
0 0.358032 0.617109 0.012477 0.012572
0 0.027449 0.967709 0.011503 0.011696
0 0.956697 0.357800 0.012736 0.012782
0 0.614260 0.040015 0.011590 0.011580
0 0.594151 0.973924 0.011684 0.011618
0 0.353072 0.756431 0.012149 0.012128
0 0.782362 0.249357 0.012710 0.012714
0 0.759755 0.982882 0.012727 0.012977
0 0.973397 0.612951 0.012438 0.012502
0 0.299253 0.726987 0.011733 0.011897
0 0.345569 0.277987 0.012866 0.012715
0 0.838448 0.242584 0.010638 0.010625
0 0.345714 0.281513 0.014376 0.016013
0 0.381315 0.003949 0.011891 0.007899
0 0.821103 0.658951 0.012852 0.012676
0 0.010567 0.593171 0.010948 0.011037
0 0.048262 0.772861 0.010298 0.010327
0 0.495459 0.543435 0.014068 0.014150
0 0.998290 0.940986 0.003420 0.011832
