0 0.947793 0.592608 0.012060 0.011851
0 0.788934 0.127499 0.012412 0.012059
0 0.742163 0.124729 0.014004 0.014125
0 0.624028 0.654066 0.013520 0.013532
0 0.585358 0.302664 0.011159 0.010967
0 0.488758 0.092899 0.013818 0.013882
0 0.419679 0.352755 0.013886 0.013527
0 0.334072 0.572175 0.012486 0.012404
0 0.277385 0.443304 0.013744 0.013797
0 0.266333 0.139819 0.013899 0.013640
0 0.714258 0.726313 0.013346 0.013294
0 0.864436 0.228516 0.012964 0.012987
0 0.430002 0.439830 0.013425 0.013156
0 0.847578 0.823446 0.012808 0.012699
0 0.851261 0.523974 0.012760 0.012814
0 0.192314 0.514847 0.014114 0.013841
0 0.158022 0.441498 0.012014 0.012074
0 0.198220 0.202134 0.012424 0.012379
0 0.567161 0.496122 0.012885 0.012703
0 0.366517 0.259543 0.014146 0.013988
0 0.523666 0.349830 0.013504 0.013311
0 0.712694 0.858840 0.011625 0.011864
0 0.120772 0.264510 0.013259 0.013374
0 0.677363 0.688715 0.011995 0.011888
0 0.682251 0.967601 0.011944 0.012023
0 0.168406 0.359675 0.013990 0.013743
0 0.099181 0.348367 0.014165 0.014005
0 0.870303 0.340229 0.012353 0.012329
0 0.402035 0.474127 0.011645 0.011569
0 0.908872 0.580871 0.012559 0.012119
0 0.639158 0.928295 0.011963 0.011970
0 0.192082 0.677224 0.012818 0.012433
0 0.176009 0.851581 0.012780 0.012599
0 0.748338 0.618608 0.013354 0.013226
0 0.544164 0.181062 0.013803 0.013830
0 0.269727 0.301295 0.013023 0.012913
0 0.746694 0.789379 0.013673 0.013660
0 0.627372 0.295191 0.013812 0.013756
0 0.885280 0.050342 0.011990 0.012115
0 0.483530 0.593234 0.012942 0.013110
0 0.141067 0.298891 0.012569 0.012640
0 0.331346 0.518932 0.012319 0.012316
0 0.751556 0.040149 0.011726 0.011513
0 0.597117 0.885589 0.012223 0.012289
0 0.660687 0.213290 0.013104 0.013061
0 0.111889 0.544051 0.011825 0.011853
0 0.460520 0.663026 0.011164 0.011219
0 0.263027 0.270148 0.013183 0.013423
0 0.740050 0.275219 0.013729 0.013940
0 0.981589 0.447815 0.013089 0.013471
0 0.443826 0.694706 0.014408 0.014029
0 0.534189 0.789795 0.011811 0.011644
0 0.184922 0.891608 0.013186 0.013157
0 0.812520 0.297567 0.011478 0.011569
0 0.474345 0.332677 0.012108 0.012261
0 0.860715 0.678300 0.011321 0.011517
0 0.970683 0.077374 0.011671 0.011433
0 0.410454 0.151221 0.013012 0.012989
0 0.798026 0.578042 0.011448 0.011569
0 0.900983 0.756096 0.012795 0.012923
0 0.233314 0.185334 0.012937 0.012872
0 0.148517 0.811209 0.013360 0.013246
0 0.261357 0.565059 0.012979 0.012991
0 0.505659 0.054818 0.011277 0.011335
0 0.789082 0.005841 0.012941 0.011682
0 0.222437 0.470158 0.012363 0.012539
0 0.058544 0.967838 0.012201 0.012379
0 0.829643 0.101928 0.010853 0.010915
0 0.783898 0.321959 0.012505 0.012536
0 0.379162 0.231767 0.013489 0.013437
0 0.304878 0.067639 0.013150 0.013097
0 0.111861 0.634349 0.012956 0.012871
0 0.798417 0.171426 0.011904 0.011761
0 0.543845 0.975245 0.012937 0.012705
0 0.145601 0.486701 0.012185 0.012182
0 0.102677 0.198699 0.013256 0.012812
0 0.753958 0.939501 0.012219 0.012062
0 0.393138 0.507397 0.012825 0.012638
0 0.822793 0.405640 0.011454 0.011176
0 0.466144 0.933864 0.012666 0.012560
0 0.438372 0.099143 0.012323 0.012350
0 0.225836 0.650402 0.012901 0.012605
0 0.460825 0.958352 0.012603 0.012888
0 0.970878 0.041252 0.011609 0.011366
0 0.538198 0.815288 0.009857 0.009708
0 0.088073 0.034303 0.011696 0.011771
0 0.584777 0.009444 0.014082 0.013883
0 0.453732 0.185655 0.012064 0.012105
0 0.442070 0.059901 0.012268 0.012340
0 0.697690 0.124661 0.013409 0.013606
0 0.969406 0.867922 0.012393 0.012249
0 0.339380 0.140119 0.014089 0.014046
0 0.301223 0.768334 0.012364 0.012512
0 0.010350 0.801478 0.013412 0.013083
0 0.358814 0.869769 0.011131 0.011063
0 0.903109 0.112574 0.012407 0.012753
0 0.906905 0.389679 0.012467 0.012734
0 0.495654 0.542480 0.014672 0.014643
0 0.420620 0.556865 0.013322 0.013055
0 0.019017 0.549995 0.011951 0.011830
0 0.898257 0.197631 0.012147 0.011262
0 0.107848 0.980990 0.012853 0.013090
0 0.848864 0.710073 0.022729 0.022707
0 0.493626 0.041736 0.013095 0.012765
0 0.473013 0.059798 0.011985 0.011910
0 0.948766 0.820821 0.011439 0.011353
0 0.443452 0.589884 0.012972 0.011795
0 0.026437 0.030687 0.012636 0.012490
0 0.769828 0.004821 0.014196 0.009631
0 0.401137 0.571369 0.010066 0.010365
0 0.530837 0.638615 0.016063 0.015978
0 0.530932 0.636012 0.018067 0.018263
0 0.438105 0.590638 0.009738 0.010244
0 0.935751 0.279418 0.009539 0.009777
0 0.431026 0.116634 0.010558 0.010447
0 0.371681 0.673902 0.012853 0.012982
0 0.767099 0.006086 0.011813 0.011253
0 0.494208 0.513173 0.012306 0.012386
0 0.471519 0.686919 0.010284 0.009964
0 0.399170 0.570542 0.011050 0.010548
0 0.439990 0.590433 0.010337 0.010734
