0 0.924030 0.917420 0.013942 0.014007
0 0.297944 0.318257 0.012968 0.012705
0 0.846547 0.920358 0.013327 0.013152
0 0.391390 0.493801 0.012035 0.012037
0 0.588403 0.365334 0.012562 0.012580
0 0.186052 0.362734 0.012408 0.012201
0 0.792734 0.405961 0.014140 0.014017
0 0.938838 0.698555 0.013179 0.013181
0 0.511719 0.428740 0.013404 0.013275
0 0.742280 0.633467 0.013365 0.013181
0 0.214553 0.701873 0.012909 0.012574
0 0.312390 0.116570 0.013110 0.013047
0 0.224775 0.735330 0.013086 0.012845
0 0.333818 0.899299 0.013358 0.013353
0 0.370208 0.089963 0.013105 0.012894
0 0.780039 0.608458 0.012852 0.012974
0 0.742798 0.677916 0.012289 0.012319
0 0.141236 0.271882 0.013117 0.013080
0 0.211741 0.863445 0.013328 0.013150
0 0.852186 0.655511 0.011898 0.011625
0 0.878011 0.332232 0.015204 0.015628
0 0.469643 0.444169 0.012514 0.012265
0 0.540475 0.665679 0.013558 0.013542
0 0.303191 0.494093 0.012708 0.012638
0 0.825235 0.281654 0.011967 0.011982
0 0.471411 0.081258 0.012854 0.012875
0 0.581299 0.432396 0.013786 0.013455
0 0.229095 0.231938 0.013216 0.013537
0 0.416065 0.720179 0.012600 0.012629
0 0.559349 0.833388 0.012424 0.012409
0 0.218142 0.301431 0.013146 0.012678
0 0.450046 0.474793 0.012820 0.012831
0 0.229618 0.884506 0.012279 0.012125
0 0.067443 0.506255 0.013249 0.013233
0 0.117978 0.517240 0.012756 0.012654
0 0.156032 0.473160 0.012153 0.012060
0 0.493109 0.697649 0.012976 0.012834
0 0.349424 0.791117 0.012325 0.012150
0 0.366926 0.439611 0.012025 0.012171
0 0.336500 0.638662 0.011697 0.011695
0 0.300472 0.228703 0.013202 0.013116
0 0.516764 0.816084 0.013125 0.013128
0 0.190829 0.161464 0.013456 0.013732
0 0.260790 0.270165 0.012132 0.012092
0 0.305109 0.043957 0.014974 0.014981
0 0.339860 0.061407 0.013694 0.013717
0 0.471200 0.279916 0.014188 0.014124
0 0.961481 0.514718 0.012719 0.012577
0 0.910291 0.518712 0.013418 0.013401
0 0.386874 0.944609 0.013036 0.013073
0 0.531346 0.545801 0.015365 0.014948
0 0.877995 0.516553 0.013858 0.013934
0 0.766671 0.025505 0.013781 0.013907
0 0.760068 0.480468 0.012588 0.012659
0 0.609968 0.329349 0.017180 0.017097
0 0.096911 0.569929 0.013303 0.013170
0 0.726278 0.523322 0.012602 0.012788
0 0.143641 0.103003 0.011635 0.011556
0 0.051396 0.165621 0.014285 0.014310
0 0.521148 0.122705 0.013349 0.013411
0 0.733117 0.495702 0.013901 0.013841
0 0.808295 0.619245 0.012766 0.012649
0 0.895300 0.580723 0.013688 0.013714
0 0.469394 0.679739 0.011812 0.011737
0 0.350761 0.692545 0.013433 0.013378
0 0.482141 0.237820 0.013041 0.013262
0 0.076142 0.215589 0.013418 0.013239
0 0.309202 0.563676 0.012700 0.012690
0 0.186753 0.805902 0.013516 0.013435
0 0.297083 0.613717 0.012989 0.012750
0 0.564385 0.510001 0.012400 0.012326
0 0.875854 0.698655 0.011963 0.011635
0 0.168054 0.842424 0.011480 0.011469
0 0.644865 0.155961 0.012936 0.012699
0 0.306496 0.603679 0.011765 0.011818
0 0.983495 0.846297 0.013588 0.013889
0 0.825560 0.347065 0.012467 0.012431
0 0.516060 0.573029 0.012355 0.012294
0 0.012736 0.600865 0.013179 0.013140
0 0.442194 0.416416 0.012083 0.012074
0 0.332592 0.975737 0.012337 0.012214
0 0.653728 0.343382 0.013818 0.013273
0 0.748588 0.208602 0.012335 0.012217
0 0.624357 0.716707 0.012528 0.012532
0 0.356912 0.410228 0.012578 0.012504
0 0.473782 0.120403 0.013625 0.013725
0 0.634323 0.489410 0.013634 0.013961
0 0.119420 0.415913 0.011296 0.011024
0 0.328237 0.595312 0.013258 0.013398
0 0.258910 0.114438 0.013837 0.013819
0 0.817158 0.097151 0.012907 0.012815
0 0.151892 0.729231 0.012728 0.012507
0 0.805255 0.173568 0.014139 0.014213
0 0.193139 0.195642 0.013882 0.013772
0 0.437113 0.348708 0.011916 0.011916
0 0.324981 0.418588 0.011206 0.011278
0 0.087538 0.711557 0.011514 0.011451
0 0.597346 0.703226 0.013317 0.013513
0 0.852565 0.440691 0.012243 0.012288
0 0.019143 0.963471 0.013617 0.013579
0 0.724523 0.150207 0.012896 0.012948
0 0.782458 0.179205 0.013254 0.013195
0 0.523426 0.751224 0.013857 0.014004
0 0.540082 0.511937 0.014752 0.014857
0 0.077421 0.961001 0.014194 0.014184
0 0.300821 0.583435 0.014260 0.014206
0 0.273644 0.342990 0.011093 0.010885
0 0.670906 0.330016 0.010935 0.010773
0 0.913262 0.144245 0.014052 0.013809
0 0.891731 0.754893 0.012743 0.012584
0 0.255903 0.437092 0.013908 0.013834
0 0.473683 0.365001 0.011146 0.011299
0 0.490065 0.542995 0.012604 0.012644
0 0.258459 0.500655 0.013165 0.012707
0 0.592319 0.745197 0.012243 0.011954
0 0.477530 0.705020 0.011969 0.012070
0 0.224489 0.046802 0.013873 0.013792
0 0.112494 0.932738 0.010989 0.011123
0 0.056555 0.122641 0.015591 0.015206
0 0.162435 0.165722 0.013160 0.013013
0 0.538848 0.838101 0.011062 0.010892
0 0.118843 0.740260 0.012801 0.013111
0 0.323453 0.694738 0.014026 0.013931
0 0.985107 0.568082 0.011903 0.012123
0 0.820840 0.015498 0.012241 0.012402
0 0.850819 0.709828 0.021881 0.021460
0 0.576158 0.263085 0.015331 0.015209
0 0.562769 0.951590 0.012714 0.012359
0 0.962022 0.176513 0.010913 0.011111
0 0.164998 0.786430 0.012418 0.012445
0 0.172603 0.120798 0.011419 0.011968
0 0.530494 0.626342 0.016657 0.016681
0 0.681090 0.983136 0.012201 0.012294
0 0.520901 0.039535 0.014146 0.014010
0 0.479245 0.014953 0.012044 0.012244
0 0.248754 0.465927 0.015157 0.015719
0 0.784999 0.782624 0.011848 0.011893
0 0.881424 0.539549 0.013594 0.013228
0 0.741755 0.337975 0.013393 0.012911
0 0.754709 0.348750 0.013063 0.012984
0 0.002848 0.388477 0.005612 0.009945
0 0.011425 0.523803 0.013746 0.013999
0 0.098543 0.616943 0.013673 0.013982
0 0.895579 0.718368 0.012324 0.012346
0 0.686641 0.363412 0.014836 0.015087
0 0.565239 0.472741 0.013159 0.013404
0 0.241844 0.595477 0.011019 0.010498
0 0.745652 0.925664 0.012180 0.012316
0 0.867437 0.597516 0.013415 0.013191
0 0.195031 0.908913 0.011169 0.011161
0 0.507937 0.469055 0.014902 0.014436
0 0.461471 0.996885 0.011960 0.006230
0 0.977773 0.382910 0.012119 0.012362
0 0.979427 0.409926 0.011590 0.011907
0 0.478124 0.954633 0.011362 0.011203
0 0.600450 0.411094 0.010338 0.009849
0 0.682517 0.251213 0.010553 0.010258
0 0.621510 0.566906 0.016602 0.016624
0 0.978547 0.304672 0.011154 0.011051
0 0.185270 0.392693 0.012723 0.012554
0 0.992620 0.243761 0.011927 0.012079
0 0.845846 0.496035 0.013652 0.013223
0 0.461044 0.054965 0.015258 0.015544
0 0.996430 0.749666 0.007141 0.012448
0 0.171739 0.302521 0.013369 0.013117
0 0.616396 0.206306 0.012000 0.012156
0 0.883663 0.005192 0.013965 0.010282
0 0.997741 0.456444 0.004463 0.012393
0 0.879595 0.015725 0.013032 0.012372
0 0.557176 0.054380 0.014212 0.014339
0 0.663850 0.216565 0.010644 0.011120
0 0.973402 0.270052 0.011785 0.011843
0 0.681509 0.252393 0.010785 0.009896
0 0.997832 0.110532 0.004337 0.011187
0 0.626835 0.209100 0.012803 0.012390
0 0.016645 0.778056 0.011574 0.011565
0 0.543790 0.051964 0.016955 0.016687
0 0.636437 0.296858 0.010945 0.010615
0 0.342050 0.420574 0.017195 0.017675
0 0.531471 0.724347 0.013317 0.013241
0 0.344831 0.289919 0.022952 0.022722
0 0.884291 0.914421 0.010504 0.010653
0 0.483150 0.370403 0.011657 0.011541
0 0.230589 0.498766 0.011656 0.011542
0 0.267350 0.968331 0.010258 0.010549
0 0.291550 0.642323 0.009134 0.008728
0 0.048472 0.744956 0.014691 0.015030
0 0.111341 0.849434 0.012510 0.011882
0 0.566672 0.233039 0.012671 0.011728
0 0.947250 0.241780 0.014075 0.014161
0 0.948865 0.956346 0.010436 0.010412
0 0.317652 0.184760 0.015748 0.015955
0 0.862843 0.492085 0.012025 0.011753
0 0.040579 0.320767 0.012581 0.012689
0 0.603462 0.236708 0.010238 0.009494
0 0.627449 0.210925 0.012019 0.012044
0 0.882082 0.006139 0.014047 0.011192
