0 0.575437 0.368957 0.012969 0.013071
0 0.672817 0.971667 0.013348 0.013219
0 0.225930 0.189785 0.013832 0.013779
0 0.748747 0.616920 0.013687 0.013636
0 0.734204 0.100055 0.013171 0.013185
0 0.769493 0.237729 0.011841 0.011869
0 0.520701 0.402879 0.012460 0.012593
0 0.429661 0.062634 0.011598 0.011581
0 0.842225 0.069951 0.011598 0.011549
0 0.810226 0.926774 0.013135 0.013050
0 0.769142 0.316853 0.012164 0.012317
0 0.940309 0.036936 0.013452 0.013500
0 0.706997 0.239217 0.011897 0.011705
0 0.475552 0.516716 0.012506 0.012501
0 0.365658 0.117584 0.012970 0.013077
0 0.189437 0.499746 0.012142 0.012027
0 0.543618 0.973141 0.012521 0.012334
0 0.315776 0.121351 0.012898 0.013149
0 0.921931 0.234733 0.012655 0.012756
0 0.462088 0.961483 0.013278 0.013172
0 0.450344 0.271755 0.011532 0.011745
0 0.210471 0.413140 0.012267 0.012187
0 0.322408 0.972672 0.013102 0.012913
0 0.239274 0.665229 0.012221 0.012553
0 0.283306 0.506186 0.011204 0.011489
0 0.589570 0.606034 0.014085 0.014200
0 0.753280 0.558435 0.011507 0.011337
0 0.769278 0.466763 0.014039 0.013783
0 0.195502 0.923590 0.012800 0.012915
0 0.404191 0.176536 0.012432 0.012227
0 0.471744 0.282416 0.011096 0.011227
0 0.321602 0.240117 0.011920 0.011973
0 0.564209 0.774881 0.013535 0.013593
0 0.128901 0.773360 0.013350 0.013278
0 0.371477 0.808983 0.011834 0.011716
0 0.469370 0.010035 0.013413 0.013349
0 0.616669 0.560280 0.013990 0.013761
0 0.225748 0.649867 0.012803 0.012106
0 0.133618 0.205178 0.013115 0.013106
0 0.374710 0.228397 0.013690 0.013432
0 0.454330 0.755518 0.014067 0.014043
0 0.754808 0.403783 0.012814 0.012867
0 0.907389 0.370226 0.011807 0.011658
0 0.108827 0.686403 0.013805 0.013758
0 0.431150 0.954001 0.012564 0.012382
0 0.137862 0.422803 0.011098 0.011116
0 0.617452 0.782174 0.011535 0.011378
0 0.223527 0.466717 0.012539 0.012461
0 0.419698 0.521586 0.012865 0.012414
0 0.129968 0.306955 0.011753 0.011598
0 0.327145 0.018523 0.012723 0.012764
0 0.878276 0.378664 0.011861 0.012017
0 0.207209 0.721189 0.013153 0.013022
0 0.091183 0.610661 0.014442 0.014179
0 0.887765 0.944360 0.012478 0.012358
0 0.587081 0.989077 0.012630 0.012650
0 0.957865 0.653338 0.013441 0.013690
0 0.240929 0.717520 0.012333 0.012181
0 0.679616 0.049128 0.011186 0.011000
0 0.919921 0.447111 0.013161 0.013004
0 0.383252 0.012364 0.012161 0.011734
0 0.165080 0.711980 0.013570 0.013413
0 0.431390 0.289931 0.013482 0.013312
0 0.186619 0.890409 0.014444 0.014389
0 0.234597 0.927056 0.012322 0.012436
0 0.081845 0.956264 0.013381 0.013002
0 0.006679 0.386294 0.012876 0.013107
0 0.764240 0.211921 0.012278 0.012316
0 0.331225 0.517506 0.012201 0.011830
0 0.285028 0.111655 0.011924 0.011913
0 0.211303 0.837624 0.015003 0.015338
0 0.800530 0.576122 0.011272 0.011419
0 0.494664 0.728992 0.015149 0.015321
0 0.109956 0.979902 0.013875 0.013721
0 0.607382 0.061400 0.012510 0.012678
0 0.342196 0.758140 0.012711 0.012991
0 0.815600 0.802681 0.011353 0.011360
0 0.787865 0.004974 0.013127 0.009826
0 0.670433 0.241485 0.011288 0.011218
0 0.125069 0.026870 0.014000 0.013985
0 0.927314 0.004540 0.012674 0.009080
0 0.129750 0.540171 0.011723 0.011498
0 0.396467 0.857509 0.010479 0.010305
0 0.295453 0.594895 0.011903 0.011856
0 0.584025 0.185634 0.012502 0.012342
0 0.726148 0.345267 0.009906 0.009845
0 0.726222 0.793201 0.013462 0.013051
0 0.508935 0.997270 0.012204 0.005461
0 0.123054 0.675036 0.013242 0.013314
0 0.515066 0.359961 0.013549 0.013189
0 0.033202 0.264295 0.010642 0.010677
0 0.421550 0.104792 0.012238 0.012553
0 0.525730 0.345986 0.013642 0.013150
0 0.496036 0.541986 0.013117 0.013125
0 0.843964 0.565680 0.015493 0.015452
0 0.395372 0.944937 0.009917 0.009718
0 0.182825 0.829497 0.011775 0.011643
0 0.803495 0.202516 0.011481 0.011341
0 0.219999 0.994631 0.011253 0.010192
0 0.450180 0.060842 0.012773 0.012711
0 0.530106 0.635954 0.023293 0.023714
0 0.718917 0.695013 0.007660 0.007511
0 0.774504 0.004762 0.013194 0.009523
