0 0.201502 0.427571 0.012253 0.012104
0 0.819322 0.911851 0.013261 0.013138
0 0.762220 0.548296 0.011104 0.011116
0 0.748976 0.617367 0.013700 0.013727
0 0.594498 0.729469 0.012359 0.012188
0 0.369757 0.175760 0.012484 0.012519
0 0.492049 0.744455 0.014404 0.014547
0 0.235174 0.238177 0.013663 0.013672
0 0.124223 0.169625 0.011806 0.011833
0 0.644546 0.917966 0.013079 0.012961
0 0.236953 0.156416 0.011572 0.011563
0 0.288611 0.207708 0.013027 0.012902
0 0.767692 0.191370 0.012646 0.012301
0 0.037587 0.350667 0.013064 0.012820
0 0.586815 0.609035 0.012866 0.012909
0 0.556911 0.301578 0.013359 0.013403
0 0.940941 0.050246 0.012815 0.012699
0 0.737996 0.100217 0.012658 0.012660
0 0.750790 0.456100 0.013603 0.013549
0 0.223268 0.467787 0.012932 0.012778
0 0.953075 0.663631 0.013131 0.013091
0 0.970248 0.106672 0.013020 0.013152
0 0.782683 0.362720 0.012990 0.012920
0 0.124546 0.068405 0.013576 0.013415
0 0.651690 0.947538 0.011224 0.011482
0 0.263549 0.668674 0.011897 0.011775
0 0.187793 0.501350 0.013323 0.013233
0 0.606888 0.547073 0.013883 0.013803
0 0.085162 0.607710 0.013216 0.013216
0 0.344148 0.765322 0.013767 0.013719
0 0.344134 0.095783 0.013046 0.012738
0 0.474779 0.793992 0.013695 0.013719
0 0.899500 0.398152 0.011277 0.011273
0 0.529025 0.783749 0.013368 0.013342
0 0.458499 0.100020 0.013914 0.013895
0 0.876008 0.957038 0.011670 0.011606
0 0.932990 0.206008 0.012523 0.012338
0 0.453511 0.530020 0.011777 0.011584
0 0.502662 0.015287 0.013257 0.013089
0 0.119012 0.777270 0.013586 0.013693
0 0.462669 0.960949 0.013506 0.013477
0 0.473357 0.524317 0.012378 0.012353
0 0.897480 0.450927 0.011827 0.011501
0 0.331739 0.518101 0.011512 0.011559
0 0.372001 0.085473 0.012533 0.012560
0 0.790479 0.298738 0.011935 0.011841
0 0.226327 0.647521 0.012037 0.011835
0 0.903567 0.110968 0.013563 0.013423
0 0.103344 0.941811 0.012540 0.012733
0 0.544366 0.972916 0.012720 0.012511
0 0.513628 0.383181 0.012593 0.012729
0 0.004932 0.379008 0.009814 0.012837
0 0.488744 0.940726 0.012477 0.012371
0 0.173994 0.441583 0.012260 0.012003
0 0.094248 0.648013 0.013618 0.013690
0 0.813650 0.564957 0.013132 0.013410
0 0.344860 0.689698 0.013228 0.013825
0 0.869006 0.383585 0.011592 0.011279
0 0.725220 0.836112 0.012281 0.012406
0 0.712536 0.003305 0.011146 0.006611
0 0.615399 0.945450 0.011695 0.011650
0 0.019742 0.451372 0.013070 0.013149
0 0.106293 0.728555 0.012705 0.012514
0 0.187942 0.930042 0.013537 0.013626
0 0.109199 0.979699 0.013741 0.013869
0 0.016589 0.746879 0.012124 0.011834
0 0.425518 0.128896 0.011997 0.011938
0 0.138305 0.295559 0.012554 0.012571
0 0.444722 0.205558 0.013906 0.013983
0 0.784209 0.128524 0.011306 0.011261
0 0.250658 0.558172 0.011179 0.011182
0 0.816839 0.250903 0.011126 0.011740
0 0.334609 0.992524 0.013704 0.013581
0 0.454265 0.079370 0.014336 0.014517
0 0.038365 0.693091 0.013428 0.013216
0 0.788384 0.005089 0.012737 0.010090
0 0.449276 0.268291 0.011940 0.011733
0 0.822621 0.183809 0.013185 0.013422
0 0.253219 0.697592 0.011999 0.012125
0 0.617181 0.004430 0.012485 0.008857
0 0.924958 0.445445 0.013075 0.013135
0 0.325373 0.013842 0.012842 0.012994
0 0.246242 0.494766 0.011937 0.011923
0 0.123659 0.712861 0.014363 0.014592
0 0.186061 0.891570 0.013845 0.014009
0 0.920115 0.002237 0.012492 0.004474
0 0.545396 0.354774 0.012623 0.012828
0 0.308532 0.996537 0.013814 0.006910
0 0.557473 0.996319 0.013225 0.007362
0 0.132789 0.311008 0.010975 0.010978
0 0.032837 0.309329 0.011996 0.012164
0 0.439150 0.061762 0.013213 0.012703
0 0.145023 0.685495 0.013221 0.013231
0 0.260489 0.972724 0.012066 0.012182
0 0.852482 0.191722 0.010680 0.010677
0 0.204479 0.848997 0.014689 0.014560
0 0.425593 0.600417 0.011412 0.012303
0 0.344654 0.294339 0.024241 0.024366
0 0.583891 0.176894 0.011669 0.011093
0 0.808864 0.222578 0.011417 0.011500
0 0.371841 0.809290 0.010571 0.010626
0 0.110318 0.550687 0.011080 0.011346
0 0.164869 0.846506 0.012538 0.012492
0 0.403183 0.855256 0.010849 0.010685
0 0.166347 0.929864 0.010491 0.010654
0 0.799999 0.523805 0.012281 0.011744
