0 0.739104 0.906769 0.013240 0.013177
0 0.267667 0.176403 0.013755 0.013562
0 0.385881 0.086216 0.012160 0.012250
0 0.458647 0.958224 0.012808 0.012704
0 0.019141 0.957640 0.012518 0.012346
0 0.155964 0.063997 0.012742 0.012662
0 0.912711 0.618220 0.011513 0.011243
0 0.141517 0.439716 0.011818 0.011701
0 0.177764 0.797602 0.014321 0.014284
0 0.307020 0.396860 0.014065 0.014046
0 0.099997 0.905441 0.013295 0.013362
0 0.585136 0.911263 0.011763 0.011712
0 0.186994 0.889306 0.013098 0.013100
0 0.749838 0.615023 0.013220 0.013054
0 0.240983 0.314079 0.012132 0.012153
0 0.542669 0.973953 0.011899 0.011688
0 0.546148 0.538252 0.011730 0.011674
0 0.394078 0.582286 0.012236 0.012222
0 0.231759 0.256570 0.011886 0.012096
0 0.487503 0.480141 0.012344 0.012213
0 0.410051 0.928417 0.012545 0.012502
0 0.110402 0.979340 0.013397 0.013358
0 0.343680 0.069806 0.013154 0.013061
0 0.193140 0.485218 0.013266 0.012759
0 0.258752 0.391810 0.012270 0.012359
0 0.357991 0.501498 0.012200 0.012224
0 0.982962 0.942560 0.011828 0.011852
0 0.193608 0.691134 0.012519 0.012617
0 0.034076 0.595103 0.013050 0.013207
0 0.274949 0.790209 0.012848 0.013050
0 0.524696 0.345644 0.012865 0.012672
0 0.295183 0.301367 0.011040 0.010844
0 0.227031 0.649043 0.012251 0.012139
0 0.539616 0.195041 0.011960 0.012061
0 0.847942 0.718929 0.020194 0.019709
0 0.397107 0.984630 0.012691 0.012837
0 0.117639 0.233766 0.011886 0.011490
0 0.098357 0.008919 0.013581 0.013852
0 0.014024 0.340960 0.012346 0.012484
0 0.069427 0.916752 0.012449 0.012225
0 0.596355 0.389366 0.012502 0.012497
0 0.060773 0.466120 0.012063 0.011897
0 0.486253 0.768834 0.011857 0.011705
0 0.531304 0.636442 0.021764 0.022012
0 0.343630 0.296362 0.022695 0.022733
0 0.986287 0.765496 0.011356 0.012165
0 0.376753 0.773336 0.012451 0.012389
0 0.306038 0.793737 0.011853 0.011829
0 0.586268 0.414728 0.012607 0.013030
0 0.333184 0.517511 0.011414 0.011410
0 0.470674 0.750756 0.010918 0.010823
0 0.565844 0.096175 0.012549 0.012656
0 0.161567 0.934970 0.011548 0.011414
0 0.370932 0.130250 0.011080 0.011035
0 0.996504 0.591284 0.006922 0.010903
0 0.222683 0.467403 0.012362 0.012526
0 0.014034 0.296413 0.011368 0.011287
0 0.123999 0.858299 0.012393 0.012743
0 0.469005 0.006243 0.012033 0.011934
0 0.150886 0.526284 0.011977 0.012092
0 0.645077 0.724557 0.010576 0.010574
0 0.937614 0.480709 0.011061 0.010882
0 0.374724 0.738050 0.016128 0.015497
0 0.451121 0.251573 0.012603 0.011738
0 0.447829 0.213066 0.014001 0.013883
0 0.144656 0.868095 0.011207 0.011292
0 0.442154 0.058559 0.011519 0.011520
0 0.448992 0.252978 0.010888 0.010963
