0 0.115960 0.384762 0.012321 0.012243
0 0.086271 0.670553 0.012735 0.012731
0 0.596164 0.765289 0.013327 0.013248
0 0.279300 0.436546 0.011937 0.011669
0 0.736264 0.695732 0.013657 0.013695
0 0.902773 0.542097 0.012963 0.012796
0 0.617647 0.645255 0.014689 0.014659
0 0.530530 0.542704 0.011717 0.011694
0 0.485163 0.613472 0.013559 0.013409
0 0.048465 0.899083 0.012673 0.012581
0 0.462547 0.136418 0.013591 0.013533
0 0.848095 0.758094 0.012982 0.012814
0 0.861065 0.227376 0.014454 0.014377
0 0.211505 0.548277 0.012901 0.012926
0 0.458505 0.582540 0.014271 0.014191
0 0.924691 0.844376 0.014037 0.014032
0 0.410475 0.136037 0.012565 0.012480
0 0.813669 0.739974 0.012337 0.012270
0 0.157291 0.425821 0.013073 0.013114
0 0.797430 0.089884 0.012501 0.012453
0 0.669056 0.678299 0.012192 0.012076
0 0.087885 0.927716 0.012145 0.011897
0 0.331839 0.336102 0.013135 0.013296
0 0.542579 0.379420 0.011935 0.011980
0 0.073750 0.714970 0.012734 0.012778
0 0.494235 0.487719 0.013038 0.013013
0 0.239079 0.431998 0.014178 0.014088
0 0.480233 0.531079 0.012872 0.012856
0 0.191292 0.610669 0.012360 0.012339
0 0.237433 0.174919 0.013054 0.012949
0 0.733016 0.620586 0.013789 0.013812
0 0.902570 0.303529 0.013148 0.013038
0 0.821101 0.377120 0.014554 0.014786
0 0.882010 0.208603 0.012598 0.012573
0 0.168254 0.645326 0.012610 0.012812
0 0.452085 0.287057 0.010765 0.010661
0 0.134280 0.197204 0.012562 0.012702
0 0.889482 0.588578 0.012158 0.012184
0 0.493141 0.343220 0.013073 0.013027
0 0.484747 0.906810 0.014529 0.014461
0 0.653464 0.092192 0.012621 0.012775
0 0.911578 0.927214 0.012525 0.012634
0 0.823402 0.601508 0.013201 0.012896
0 0.534171 0.723693 0.012761 0.012802
0 0.468039 0.737551 0.013142 0.013173
0 0.746245 0.449918 0.011066 0.010991
0 0.933264 0.044820 0.012596 0.012371
0 0.317778 0.369308 0.012564 0.012491
0 0.398950 0.977974 0.012973 0.012924
0 0.831946 0.023400 0.013588 0.013777
0 0.701315 0.418463 0.012570 0.012363
0 0.012792 0.914970 0.012116 0.012164
0 0.644191 0.570368 0.012945 0.012840
0 0.335198 0.919649 0.012130 0.012119
0 0.605635 0.099042 0.012567 0.012425
0 0.322945 0.258204 0.012150 0.012214
0 0.527888 0.521577 0.013291 0.013325
0 0.413381 0.317197 0.013147 0.013279
0 0.053643 0.367514 0.013451 0.013246
0 0.015447 0.709412 0.012946 0.012666
0 0.767968 0.535163 0.013087 0.012895
0 0.860258 0.667419 0.012495 0.012190
0 0.841094 0.513954 0.013357 0.013612
0 0.688796 0.272690 0.012310 0.012101
0 0.672125 0.768739 0.011232 0.011227
0 0.100099 0.171495 0.012081 0.012236
0 0.586996 0.212941 0.012358 0.012207
0 0.899857 0.066572 0.010187 0.010108
0 0.259714 0.686147 0.013188 0.013195
0 0.680913 0.890595 0.012008 0.012152
0 0.586975 0.270710 0.010522 0.010331
0 0.233922 0.836868 0.012931 0.012850
0 0.223231 0.985197 0.011945 0.011971
0 0.116960 0.934217 0.011753 0.011539
0 0.295081 0.682827 0.014049 0.013776
0 0.405432 0.190059 0.012310 0.012081
0 0.966382 0.607786 0.011663 0.011193
0 0.346300 0.695200 0.013205 0.013120
0 0.362443 0.823043 0.011371 0.011436
0 0.803216 0.541261 0.011408 0.011252
0 0.390668 0.860677 0.011914 0.011861
0 0.403601 0.828056 0.013542 0.013418
0 0.101512 0.345549 0.013449 0.013513
0 0.647161 0.580811 0.010482 0.010563
0 0.982833 0.513120 0.014137 0.013287
0 0.396391 0.681447 0.013625 0.013593
0 0.987600 0.457060 0.011624 0.011688
0 0.665090 0.342599 0.012008 0.012055
0 0.731866 0.428865 0.011833 0.011556
0 0.012845 0.900749 0.011844 0.011486
0 0.782664 0.893860 0.012511 0.012444
0 0.166263 0.789565 0.010247 0.010124
0 0.522131 0.977273 0.012847 0.013247
0 0.927995 0.656358 0.012899 0.013081
0 0.412401 0.450580 0.013490 0.013374
0 0.977165 0.471819 0.011568 0.011237
0 0.822297 0.782303 0.012083 0.011861
0 0.781652 0.108844 0.013469 0.013557
0 0.645441 0.311204 0.012630 0.012801
0 0.534239 0.630260 0.023184 0.022546
0 0.633986 0.994042 0.013985 0.011916
0 0.879130 0.114299 0.009387 0.009269
0 0.972224 0.037414 0.009813 0.009493
0 0.426941 0.009441 0.013233 0.013149
0 0.869535 0.570788 0.011079 0.011143
0 0.740996 0.007465 0.011634 0.011832
0 0.901703 0.814112 0.012050 0.011716
0 0.971169 0.640858 0.011997 0.011829
0 0.353843 0.718527 0.013543 0.013497
0 0.350009 0.291092 0.024368 0.024828
0 0.908835 0.996213 0.012987 0.007574
0 0.420322 0.202708 0.011882 0.011947
0 0.985578 0.151402 0.011971 0.011874
0 0.423903 0.428745 0.012713 0.012727
0 0.190839 0.022411 0.010072 0.010283
0 0.849537 0.546283 0.011578 0.011769
0 0.278194 0.799329 0.012342 0.012113
0 0.866846 0.102548 0.009727 0.009872
0 0.857832 0.998269 0.011236 0.003428
0 0.877776 0.977813 0.012350 0.012696
0 0.002041 0.834682 0.004040 0.013433
0 0.383700 0.715940 0.012200 0.011724
0 0.277650 0.954550 0.011669 0.011715
0 0.998347 0.411381 0.003296 0.013522
0 0.635991 0.993257 0.012761 0.012074
0 0.650973 0.473990 0.009944 0.009454
