0 0.687785 0.560802 0.013515 0.013427
0 0.486499 0.828357 0.012520 0.012294
0 0.547136 0.865766 0.012199 0.012157
0 0.786573 0.140198 0.013363 0.013331
0 0.540005 0.395748 0.012916 0.012946
0 0.939242 0.677515 0.012807 0.012691
0 0.644809 0.936317 0.012997 0.012961
0 0.937417 0.650804 0.011859 0.011809
0 0.235672 0.595427 0.012850 0.012702
0 0.494890 0.584101 0.012063 0.011971
0 0.699008 0.813914 0.012915 0.012582
0 0.303411 0.616833 0.013549 0.013415
0 0.942422 0.468747 0.012160 0.012236
0 0.766903 0.911901 0.013814 0.013732
0 0.495536 0.340275 0.013054 0.013099
0 0.816691 0.515531 0.012870 0.012797
0 0.880295 0.208844 0.012978 0.013083
0 0.290279 0.486792 0.013114 0.012963
0 0.315662 0.415243 0.012989 0.013013
0 0.941941 0.845483 0.012921 0.012856
0 0.290033 0.202145 0.012696 0.012807
0 0.542742 0.257934 0.012682 0.012716
0 0.778638 0.786835 0.011962 0.011969
0 0.593514 0.162699 0.013913 0.013646
0 0.110541 0.819782 0.014200 0.013976
0 0.638316 0.524500 0.014595 0.014593
0 0.971823 0.634919 0.013443 0.013513
0 0.685031 0.254305 0.013089 0.012830
0 0.169929 0.518676 0.013436 0.013477
0 0.076923 0.401608 0.012588 0.012593
0 0.450223 0.744221 0.013448 0.013444
0 0.504917 0.876025 0.012310 0.012180
0 0.385817 0.867377 0.013380 0.013320
0 0.938617 0.750209 0.013148 0.013058
0 0.557673 0.547849 0.012850 0.012792
0 0.723332 0.635800 0.015805 0.015604
0 0.414496 0.628757 0.013019 0.013121
0 0.120099 0.283435 0.013666 0.013602
0 0.122718 0.465373 0.013776 0.013815
0 0.815133 0.654208 0.013360 0.013346
0 0.154943 0.789621 0.012624 0.012700
0 0.089505 0.028611 0.012434 0.012400
0 0.111788 0.391790 0.013446 0.013336
0 0.263621 0.072591 0.012794 0.012574
0 0.051601 0.289198 0.013573 0.013447
0 0.200659 0.032386 0.013226 0.013113
0 0.159263 0.049064 0.012536 0.012306
0 0.045025 0.045706 0.013343 0.013302
0 0.710428 0.477574 0.012490 0.012670
0 0.348947 0.196901 0.013246 0.013245
0 0.213591 0.421756 0.013402 0.013353
0 0.657743 0.489544 0.013853 0.013876
0 0.649749 0.849715 0.013729 0.013936
0 0.962634 0.424402 0.013915 0.014330
0 0.908526 0.869411 0.013149 0.012997
0 0.824158 0.026797 0.012380 0.012243
0 0.029244 0.686315 0.013846 0.013815
0 0.605982 0.312631 0.012345 0.012526
0 0.244285 0.292848 0.014936 0.014973
0 0.379269 0.691146 0.013206 0.013170
0 0.137759 0.881667 0.012650 0.012726
0 0.135730 0.840620 0.013611 0.013536
0 0.040093 0.420431 0.013454 0.013387
0 0.832149 0.139580 0.013577 0.013810
0 0.186478 0.613764 0.013068 0.012946
0 0.670019 0.313652 0.013435 0.013369
0 0.825416 0.310836 0.013181 0.013303
0 0.961026 0.573572 0.012371 0.012315
0 0.455755 0.174761 0.012640 0.012787
0 0.470761 0.665378 0.014407 0.014280
0 0.383117 0.172270 0.014364 0.014278
0 0.525856 0.219406 0.013561 0.013644
0 0.058671 0.312247 0.012909 0.012982
0 0.864246 0.957700 0.013166 0.013077
0 0.338491 0.085365 0.014507 0.014355
0 0.458440 0.574847 0.011993 0.012054
0 0.362057 0.469520 0.013361 0.013422
0 0.765842 0.085028 0.012788 0.012863
0 0.127759 0.643108 0.012189 0.012219
0 0.553840 0.112125 0.014926 0.015044
0 0.121278 0.531315 0.012713 0.012583
0 0.398059 0.385012 0.015320 0.015178
0 0.165938 0.243714 0.014001 0.013983
0 0.241052 0.372688 0.012432 0.012382
0 0.154882 0.966176 0.014659 0.014657
0 0.776294 0.458497 0.014192 0.014345
0 0.961824 0.066226 0.011451 0.011721
0 0.890480 0.083876 0.013810 0.013651
0 0.363437 0.449322 0.011400 0.011404
0 0.861495 0.572405 0.014558 0.014375
0 0.492063 0.451400 0.013770 0.013818
0 0.738425 0.537320 0.013232 0.013365
0 0.788001 0.296085 0.012469 0.012932
0 0.878388 0.170194 0.013312 0.013373
0 0.285497 0.128086 0.013158 0.013061
0 0.939427 0.871455 0.013271 0.013144
0 0.057651 0.517269 0.013480 0.013428
0 0.818076 0.906679 0.014229 0.014156
0 0.809616 0.352457 0.014883 0.015107
0 0.603624 0.898762 0.011779 0.011552
0 0.370234 0.647887 0.012946 0.012978
0 0.536336 0.070418 0.012307 0.012040
0 0.984373 0.391300 0.012384 0.012319
0 0.738289 0.558744 0.015449 0.015070
0 0.200807 0.906841 0.012889 0.012586
0 0.413156 0.706856 0.013258 0.013182
0 0.023061 0.380841 0.013712 0.013531
0 0.498959 0.294867 0.012996 0.012855
0 0.804313 0.024625 0.012632 0.012485
0 0.816310 0.966489 0.012481 0.012503
0 0.712750 0.419030 0.013706 0.013638
0 0.641461 0.903526 0.013675 0.013176
0 0.219567 0.232166 0.014865 0.014749
0 0.711120 0.146104 0.013926 0.013887
0 0.064930 0.895359 0.013571 0.013315
0 0.100792 0.275444 0.014407 0.014306
0 0.479373 0.111008 0.012989 0.012745
0 0.813629 0.532370 0.012803 0.012521
0 0.801959 0.798579 0.012143 0.012234
0 0.233370 0.911812 0.014143 0.014163
0 0.069954 0.533208 0.013277 0.013285
0 0.518376 0.714708 0.015326 0.015364
0 0.142891 0.533961 0.013641 0.013635
0 0.297031 0.857344 0.013308 0.013501
0 0.049711 0.233099 0.013656 0.013534
0 0.184389 0.972437 0.015344 0.015087
0 0.029117 0.887062 0.012752 0.012662
0 0.963452 0.878635 0.013813 0.013818
0 0.790101 0.187537 0.012495 0.012088
0 0.066296 0.969792 0.013077 0.013497
0 0.152779 0.274305 0.014015 0.014203
0 0.854386 0.826679 0.011221 0.011324
0 0.390939 0.008622 0.014226 0.014075
0 0.060781 0.956373 0.012823 0.012569
0 0.838703 0.590771 0.012781 0.012645
0 0.394118 0.604614 0.012456 0.012440
0 0.975090 0.175226 0.012959 0.012882
0 0.309629 0.045587 0.013919 0.013842
0 0.454312 0.014481 0.013318 0.013262
0 0.211066 0.092981 0.013560 0.013485
0 0.259364 0.995117 0.012883 0.009765
0 0.864121 0.012207 0.012711 0.012695
0 0.445326 0.598242 0.014207 0.014040
0 0.533901 0.420881 0.014080 0.014243
0 0.806433 0.227646 0.013168 0.013024
0 0.947005 0.003324 0.012204 0.006648
0 0.201813 0.792163 0.012783 0.012661
0 0.640060 0.253830 0.015954 0.015749
0 0.041534 0.587389 0.014461 0.014355
0 0.225720 0.682344 0.015155 0.015085
0 0.619603 0.701163 0.015416 0.015439
0 0.386792 0.980956 0.013933 0.013640
0 0.720215 0.980684 0.012864 0.013086
0 0.054585 0.841166 0.012910 0.012668
0 0.879698 0.517935 0.012045 0.012090
0 0.522408 0.015186 0.013543 0.013700
0 0.111314 0.041509 0.013887 0.013876
0 0.330600 0.764549 0.013864 0.013862
0 0.770322 0.394064 0.013493 0.013598
0 0.480564 0.266795 0.014827 0.014823
0 0.744184 0.407062 0.014440 0.014290
0 0.163859 0.564512 0.013512 0.013484
0 0.535683 0.626226 0.021333 0.021295
0 0.270089 0.668314 0.013357 0.013484
0 0.527667 0.202165 0.013045 0.012491
0 0.849746 0.711192 0.022978 0.023091
0 0.234801 0.350045 0.011731 0.011803
0 0.015346 0.152372 0.014244 0.014042
0 0.845225 0.185070 0.014425 0.014769
0 0.737685 0.319568 0.013725 0.014014
0 0.419582 0.415616 0.014861 0.014511
0 0.994649 0.300556 0.010701 0.017303
0 0.870208 0.067621 0.015212 0.014105
0 0.724800 0.038555 0.013107 0.012976
0 0.770161 0.599459 0.014032 0.014133
0 0.578999 0.262888 0.011802 0.010910
0 0.983440 0.192697 0.013713 0.013497
0 0.004237 0.255312 0.008209 0.012691
0 0.187052 0.551754 0.012892 0.012929
0 0.004705 0.693312 0.009345 0.014940
0 0.267231 0.720975 0.014060 0.013910
0 0.013108 0.583860 0.013424 0.013661
0 0.008068 0.983646 0.013040 0.013088
0 0.345237 0.290367 0.024188 0.023803
0 0.456931 0.910736 0.014447 0.014044
0 0.603346 0.681855 0.014637 0.014370
0 0.512886 0.065936 0.013899 0.013981
0 0.823076 0.891115 0.011935 0.011929
0 0.580751 0.262583 0.010470 0.010325
0 0.058122 0.828872 0.012837 0.011898
0 0.351587 0.998356 0.013520 0.003288
0 0.554562 0.615713 0.012415 0.012366
0 0.002014 0.338302 0.004021 0.014046
0 0.438700 0.107622 0.015266 0.015146
0 0.744139 0.998306 0.011285 0.003388
0 0.244832 0.728748 0.013567 0.013698
0 0.017013 0.446313 0.014823 0.014621
0 0.223621 0.746165 0.011138 0.011183
0 0.868089 0.068505 0.015234 0.014611
0 0.213662 0.201996 0.015318 0.014832
