0 0.140801 0.917304 0.012398 0.012305
0 0.058444 0.674191 0.012868 0.012698
0 0.553898 0.159207 0.013601 0.013569
0 0.097107 0.189374 0.011158 0.010848
0 0.108609 0.981309 0.013210 0.013142
0 0.971481 0.818936 0.012261 0.012178
0 0.544722 0.327009 0.013911 0.014011
0 0.408424 0.245730 0.012596 0.012563
0 0.635344 0.037082 0.013693 0.013662
0 0.847943 0.777854 0.013941 0.013686
0 0.449750 0.477986 0.012190 0.011979
0 0.749740 0.048180 0.014251 0.014262
0 0.058270 0.313079 0.012790 0.012616
0 0.465405 0.065580 0.013175 0.012829
0 0.431406 0.673361 0.013885 0.013803
0 0.368061 0.105568 0.013126 0.013091
0 0.815776 0.069052 0.014060 0.014220
0 0.793771 0.276143 0.012808 0.012857
0 0.852859 0.673133 0.012585 0.012647
0 0.182807 0.572143 0.012214 0.012040
0 0.075423 0.849503 0.012952 0.012938
0 0.771395 0.481337 0.013531 0.013599
0 0.418317 0.468253 0.013908 0.013850
0 0.650101 0.159192 0.013936 0.014189
0 0.461341 0.959676 0.012372 0.012327
0 0.173538 0.359850 0.011918 0.011761
0 0.447791 0.616153 0.013401 0.013301
0 0.184006 0.891610 0.013589 0.013632
0 0.156688 0.567296 0.012907 0.012759
0 0.013974 0.841019 0.012486 0.012317
0 0.933928 0.549721 0.012829 0.012929
0 0.487314 0.453016 0.012914 0.012761
0 0.440750 0.742213 0.014318 0.014384
0 0.293054 0.867781 0.013654 0.013558
0 0.159387 0.304124 0.014687 0.014398
0 0.916693 0.892621 0.013338 0.013271
0 0.271066 0.528470 0.012927 0.012930
0 0.340937 0.370804 0.012872 0.013051
0 0.879736 0.242016 0.013203 0.013105
0 0.755547 0.322583 0.014087 0.014063
0 0.097654 0.218500 0.013074 0.013017
0 0.034802 0.645458 0.011251 0.011100
0 0.524398 0.349819 0.012999 0.012928
0 0.356161 0.579936 0.012899 0.012945
0 0.415455 0.351006 0.011588 0.011578
0 0.542972 0.974622 0.013157 0.012916
0 0.747563 0.619161 0.013153 0.013190
0 0.210029 0.389032 0.011989 0.011823
0 0.544784 0.029387 0.014106 0.014026
0 0.195010 0.154906 0.013983 0.013895
0 0.395617 0.820864 0.012216 0.012249
0 0.222798 0.469634 0.012765 0.012845
0 0.334370 0.162746 0.012403 0.012194
0 0.744642 0.547750 0.011977 0.011771
0 0.151205 0.669599 0.012337 0.012218
0 0.331264 0.518846 0.011945 0.011998
0 0.031842 0.395645 0.011554 0.011698
0 0.474569 0.178794 0.012564 0.012166
0 0.892207 0.027278 0.011555 0.011505
0 0.785496 0.177744 0.013270 0.013019
0 0.602269 0.222975 0.012104 0.012222
0 0.026889 0.496743 0.011857 0.011942
0 0.377489 0.966073 0.012658 0.012786
0 0.802833 0.470368 0.013006 0.013094
0 0.866987 0.628124 0.012610 0.012578
0 0.099891 0.484272 0.013284 0.012902
0 0.194693 0.058841 0.011831 0.011825
0 0.501392 0.688795 0.012194 0.012462
0 0.186920 0.735656 0.013184 0.013063
0 0.609909 0.188661 0.011735 0.011872
0 0.048440 0.632784 0.014384 0.014396
0 0.649364 0.287272 0.011571 0.011538
0 0.808241 0.386194 0.011993 0.012140
0 0.392730 0.604979 0.009487 0.009439
0 0.696131 0.261333 0.011869 0.011781
0 0.293352 0.232153 0.012491 0.012077
0 0.224808 0.652491 0.013268 0.012936
0 0.276670 0.712457 0.012196 0.012560
0 0.401840 0.174908 0.010739 0.010672
0 0.784987 0.235045 0.012616 0.012602
0 0.216752 0.758921 0.012153 0.012077
0 0.398065 0.570193 0.011638 0.011280
0 0.633808 0.827332 0.012195 0.012269
0 0.494990 0.544444 0.013379 0.013570
0 0.285072 0.633962 0.011145 0.011253
0 0.028340 0.281229 0.011948 0.011556
0 0.619744 0.550005 0.012312 0.012396
0 0.849607 0.710900 0.022960 0.023122
0 0.440990 0.060262 0.012544 0.012674
0 0.348461 0.234056 0.014051 0.013998
0 0.113564 0.703552 0.013054 0.013141
0 0.159828 0.120565 0.011601 0.011749
0 0.881640 0.097500 0.012720 0.012695
0 0.096500 0.054032 0.011955 0.012180
0 0.576851 0.742687 0.011199 0.011396
0 0.248118 0.278933 0.012364 0.012355
0 0.657475 0.631311 0.012041 0.012040
0 0.433018 0.922849 0.010827 0.010996
0 0.989179 0.028069 0.011958 0.011595
0 0.351492 0.245619 0.011083 0.010538
0 0.002382 0.479350 0.004763 0.011967
0 0.609801 0.674361 0.013442 0.013467
0 0.037404 0.173762 0.011509 0.010938
0 0.199050 0.037004 0.009818 0.009659
0 0.014186 0.483253 0.012716 0.012527
0 0.047662 0.269230 0.011607 0.011623
0 0.787445 0.005460 0.012818 0.010919
0 0.349665 0.237312 0.013129 0.016434
0 0.848737 0.485406 0.011507 0.011548
0 0.421474 0.557128 0.014230 0.014310
0 0.980777 0.137339 0.011352 0.011597
0 0.821850 0.184845 0.011948 0.011825
0 0.350305 0.242047 0.012570 0.011017
0 0.781177 0.005404 0.014513 0.010762
0 0.056073 0.210126 0.011711 0.011674
