0 0.812766 0.180068 0.012797 0.012583
0 0.056985 0.354574 0.012822 0.012840
0 0.523265 0.506505 0.013011 0.012808
0 0.960654 0.374952 0.012739 0.012809
0 0.572612 0.214687 0.013233 0.013166
0 0.897709 0.730737 0.013132 0.013016
0 0.463613 0.132690 0.012997 0.012782
0 0.928921 0.041715 0.011813 0.011824
0 0.877276 0.353336 0.012238 0.012075
0 0.690776 0.568331 0.012567 0.012531
0 0.930597 0.844650 0.013939 0.013983
0 0.286239 0.665877 0.012762 0.012671
0 0.229646 0.395780 0.013034 0.012830
0 0.511215 0.359700 0.012286 0.012180
0 0.727558 0.046086 0.013173 0.013248
0 0.689100 0.276704 0.011799 0.011456
0 0.278840 0.436517 0.012172 0.011923
0 0.511288 0.186127 0.012450 0.012428
0 0.835405 0.272204 0.012599 0.012469
0 0.573307 0.595844 0.014010 0.013830
0 0.581106 0.761468 0.012765 0.012697
0 0.462407 0.695208 0.013404 0.013569
0 0.395465 0.350713 0.014135 0.014288
0 0.265124 0.610266 0.011868 0.011757
0 0.585746 0.509799 0.013441 0.013504
0 0.753482 0.732726 0.014083 0.013869
0 0.238730 0.811847 0.012661 0.012493
0 0.665121 0.088653 0.013180 0.013037
0 0.734134 0.622194 0.013530 0.013350
0 0.022289 0.681620 0.012349 0.012269
0 0.348346 0.374392 0.012619 0.012533
0 0.467878 0.614198 0.013185 0.013297
0 0.370461 0.792020 0.012828 0.012724
0 0.853880 0.507928 0.013844 0.013697
0 0.223061 0.433732 0.014117 0.013889
0 0.020516 0.814580 0.012239 0.012135
0 0.291484 0.181194 0.013107 0.012930
0 0.407402 0.808628 0.013285 0.013125
0 0.889496 0.588962 0.012219 0.012204
0 0.183403 0.612711 0.012261 0.012073
0 0.216597 0.546658 0.013466 0.013072
0 0.733991 0.689101 0.013760 0.013625
0 0.307709 0.509240 0.011651 0.011717
0 0.538519 0.446252 0.012400 0.012395
0 0.487365 0.457085 0.012653 0.012895
0 0.095749 0.381174 0.012150 0.011710
0 0.880378 0.537685 0.012437 0.012984
0 0.645296 0.429465 0.012591 0.012611
0 0.120554 0.720497 0.012867 0.012807
0 0.812170 0.046514 0.011374 0.011492
0 0.344992 0.937808 0.013015 0.013006
0 0.490310 0.924273 0.014193 0.014046
0 0.160281 0.968576 0.010983 0.010875
0 0.337219 0.726450 0.012762 0.012693
0 0.316560 0.242712 0.012893 0.012781
0 0.637012 0.628184 0.013121 0.013159
0 0.465920 0.173631 0.013153 0.013130
0 0.054210 0.620563 0.012772 0.012728
0 0.675375 0.309690 0.012702 0.012643
0 0.595206 0.130487 0.013075 0.012968
0 0.135859 0.680276 0.011708 0.011456
0 0.753417 0.362381 0.013405 0.013201
0 0.975407 0.654733 0.010853 0.010658
0 0.884639 0.119507 0.009411 0.009333
0 0.476894 0.028809 0.014386 0.014349
0 0.841217 0.331291 0.012079 0.012139
0 0.270140 0.930409 0.010936 0.010708
0 0.902564 0.540767 0.013252 0.013184
0 0.965439 0.610103 0.011874 0.011684
0 0.904842 0.075149 0.009879 0.009955
0 0.743041 0.590834 0.012014 0.011793
0 0.652530 0.584903 0.011772 0.011808
0 0.492199 0.487014 0.011996 0.012162
0 0.548276 0.727760 0.012333 0.012378
0 0.086575 0.922615 0.012460 0.012138
0 0.963393 0.302151 0.012889 0.012560
0 0.116919 0.165806 0.012507 0.012466
0 0.168084 0.189029 0.013051 0.013083
0 0.036592 0.901386 0.011595 0.011501
0 0.802842 0.541808 0.011506 0.011248
0 0.875794 0.159894 0.012301 0.012491
0 0.768079 0.445158 0.013357 0.012883
0 0.210346 0.991859 0.010963 0.010752
0 0.832951 0.005046 0.012571 0.010093
0 0.429039 0.674055 0.012370 0.012361
0 0.460301 0.269816 0.013374 0.013604
0 0.398274 0.395529 0.012345 0.012399
0 0.608398 0.703051 0.011667 0.011731
0 0.033402 0.734808 0.013723 0.013757
0 0.101195 0.353660 0.013528 0.013132
0 0.767517 0.536444 0.012610 0.012283
0 0.913573 0.612749 0.010978 0.010992
0 0.870233 0.108711 0.012438 0.011928
0 0.457981 0.414903 0.010085 0.009882
0 0.805803 0.706279 0.012704 0.012683
0 0.350590 0.291318 0.024241 0.024491
0 0.618578 0.985189 0.014169 0.014344
0 0.803396 0.520191 0.010405 0.010337
0 0.981465 0.513372 0.015153 0.014707
0 0.974979 0.039566 0.010059 0.009587
0 0.131073 0.951742 0.012188 0.012154
0 0.869942 0.571216 0.011047 0.010980
0 0.772060 0.101955 0.015328 0.015613
0 0.386115 0.587869 0.012962 0.012949
0 0.703493 0.825061 0.012189 0.011647
0 0.394178 0.963139 0.014310 0.014124
0 0.493623 0.288691 0.011231 0.011055
0 0.927724 0.009266 0.010717 0.011065
0 0.832774 0.825238 0.012691 0.012921
0 0.267906 0.724615 0.011407 0.011453
0 0.840926 0.988987 0.013614 0.013433
0 0.629624 0.242187 0.009825 0.009560
0 0.914629 0.929290 0.012300 0.012428
0 0.418115 0.889665 0.013078 0.013242
0 0.090673 0.787035 0.010459 0.010344
0 0.002272 0.979898 0.004539 0.010556
0 0.067378 0.915174 0.010867 0.010826
0 0.731740 0.426114 0.009512 0.009229
0 0.895620 0.858870 0.012699 0.012582
0 0.850969 0.710918 0.021525 0.020681
0 0.880484 0.979929 0.014030 0.013931
0 0.849852 0.547594 0.011163 0.011579
0 0.001738 0.980665 0.003477 0.010672
0 0.900344 0.511846 0.011076 0.011030
0 0.651037 0.473631 0.011113 0.010486
0 0.901831 0.998313 0.011905 0.003341
0 0.534297 0.630777 0.024381 0.024194
