0 0.260470 0.863413 0.013048 0.012971
0 0.207872 0.092288 0.013866 0.013943
0 0.816115 0.162247 0.011189 0.011113
0 0.142151 0.126354 0.013806 0.013674
0 0.409530 0.870930 0.012266 0.012147
0 0.726942 0.504486 0.013248 0.013060
0 0.434235 0.507901 0.012525 0.012267
0 0.749554 0.618496 0.013482 0.013364
0 0.067341 0.448308 0.014044 0.013934
0 0.338679 0.486584 0.013738 0.013704
0 0.712658 0.263900 0.013424 0.013192
0 0.519112 0.542436 0.014215 0.014271
0 0.332468 0.045008 0.013280 0.013119
0 0.702454 0.527077 0.013960 0.013534
0 0.333036 0.837226 0.012033 0.011893
0 0.769917 0.965599 0.013466 0.013672
0 0.184137 0.891229 0.012727 0.012567
0 0.192566 0.234902 0.014050 0.013874
0 0.541535 0.974875 0.012001 0.011883
0 0.342813 0.368201 0.014260 0.014184
0 0.697195 0.562595 0.012386 0.012466
0 0.120938 0.057744 0.013046 0.013002
0 0.429200 0.572914 0.012050 0.012038
0 0.470696 0.349447 0.013608 0.013565
0 0.450063 0.959287 0.012474 0.012643
0 0.711685 0.136501 0.013249 0.013209
0 0.639572 0.484442 0.011578 0.011497
0 0.668867 0.285107 0.012014 0.012063
0 0.113203 0.273447 0.014042 0.013850
0 0.588158 0.607955 0.012792 0.013065
0 0.222136 0.470341 0.012764 0.012685
0 0.392308 0.784614 0.011356 0.011358
0 0.593326 0.188232 0.013294 0.013372
0 0.443305 0.406778 0.013381 0.013098
0 0.523989 0.349667 0.013287 0.013087
0 0.776333 0.879685 0.013623 0.013647
0 0.466496 0.079789 0.014063 0.013989
0 0.077788 0.725353 0.013770 0.013746
0 0.737320 0.128015 0.013606 0.013633
0 0.723097 0.370720 0.012110 0.012046
0 0.158250 0.480599 0.012127 0.012227
0 0.071978 0.483672 0.012730 0.012750
0 0.771060 0.311549 0.011779 0.011922
0 0.120544 0.549859 0.011946 0.011895
0 0.315209 0.345405 0.013476 0.013422
0 0.601295 0.749831 0.012318 0.012297
0 0.913089 0.603234 0.012971 0.012970
0 0.180414 0.306372 0.012913 0.013026
0 0.757592 0.783200 0.012364 0.012440
0 0.747539 0.654639 0.012413 0.012227
0 0.082809 0.547125 0.012897 0.012828
0 0.158379 0.634282 0.011937 0.011960
0 0.760251 0.181809 0.012365 0.012154
0 0.038173 0.096014 0.013206 0.012957
0 0.789751 0.153441 0.013286 0.013252
0 0.366267 0.081314 0.012952 0.012873
0 0.621647 0.632864 0.013329 0.013202
0 0.613770 0.777017 0.013409 0.013320
0 0.330289 0.519101 0.012097 0.012045
0 0.108441 0.980993 0.013687 0.013884
0 0.719993 0.993919 0.012787 0.012020
0 0.466886 0.280987 0.011351 0.011686
0 0.031152 0.695274 0.012071 0.012093
0 0.399729 0.586721 0.012754 0.013166
0 0.092481 0.204854 0.013038 0.012648
0 0.409651 0.336548 0.013903 0.014087
0 0.292602 0.623723 0.011419 0.011360
0 0.463692 0.498119 0.011986 0.012342
0 0.137630 0.373336 0.013115 0.013160
0 0.739251 0.376482 0.012153 0.011959
0 0.733955 0.662982 0.011704 0.011818
0 0.022602 0.545080 0.012788 0.012638
0 0.708854 0.715362 0.012584 0.012641
0 0.626868 0.288428 0.012943 0.013090
0 0.267243 0.140175 0.014645 0.014704
0 0.581512 0.991904 0.011642 0.011589
0 0.416009 0.261370 0.012050 0.012044
0 0.224000 0.648328 0.011686 0.011530
0 0.849529 0.708840 0.021687 0.021698
0 0.055766 0.282484 0.012435 0.012596
0 0.879440 0.290136 0.012226 0.011892
0 0.043838 0.677879 0.011349 0.011430
0 0.892562 0.172277 0.012345 0.012236
0 0.440464 0.060196 0.012206 0.012151
0 0.476887 0.959316 0.011124 0.011255
0 0.539917 0.488093 0.012108 0.011797
0 0.930844 0.042994 0.012922 0.012861
0 0.174805 0.658095 0.012017 0.012068
0 0.277017 0.376685 0.012706 0.012620
0 0.170415 0.278414 0.012457 0.011883
0 0.994662 0.425715 0.009264 0.009181
0 0.703612 0.425499 0.013267 0.013273
0 0.786435 0.005691 0.014010 0.011275
0 0.965074 0.920011 0.012489 0.012678
0 0.393644 0.945972 0.010322 0.010298
0 0.948881 0.686872 0.012353 0.011975
0 0.742318 0.573093 0.012519 0.012211
0 0.492523 0.018633 0.012854 0.012883
0 0.672885 0.198589 0.013261 0.013373
0 0.390387 0.351460 0.012757 0.012901
0 0.532782 0.630364 0.023923 0.023618
0 0.497958 0.543339 0.012524 0.013000
0 0.002791 0.923482 0.005573 0.012500
0 0.487204 0.958095 0.010148 0.010972
0 0.914220 0.817610 0.013685 0.013881
0 0.001601 0.476023 0.003201 0.012323
0 0.347692 0.290236 0.023861 0.024201
0 0.876380 0.290722 0.011810 0.011623
0 0.981791 0.559014 0.012803 0.012737
0 0.422026 0.555746 0.012599 0.012654
