0 0.313769 0.050849 0.012378 0.012220
0 0.516056 0.815204 0.012166 0.011945
0 0.749098 0.616490 0.012494 0.012393
0 0.590030 0.283312 0.011708 0.011588
0 0.580275 0.755572 0.012105 0.011977
0 0.265559 0.069131 0.012411 0.012307
0 0.052367 0.726830 0.012490 0.012250
0 0.095454 0.069474 0.011389 0.011388
0 0.429182 0.493733 0.012883 0.012756
0 0.196036 0.100851 0.011890 0.011922
0 0.456593 0.957132 0.012517 0.012631
0 0.365608 0.195068 0.012498 0.012468
0 0.373701 0.135529 0.011609 0.011576
0 0.453298 0.933109 0.011416 0.011276
0 0.597593 0.663545 0.013304 0.013510
0 0.187480 0.889810 0.013403 0.013419
0 0.121664 0.160979 0.011496 0.011455
0 0.673980 0.368416 0.010667 0.011279
0 0.697228 0.342388 0.011693 0.011585
0 0.792667 0.375438 0.012991 0.013173
0 0.650961 0.358530 0.011715 0.011725
0 0.629305 0.703526 0.012061 0.012101
0 0.696758 0.960268 0.013584 0.013648
0 0.478324 0.622985 0.012506 0.012478
0 0.352673 0.857026 0.012084 0.012016
0 0.237676 0.379984 0.010817 0.010694
0 0.635363 0.966723 0.012618 0.012415
0 0.542807 0.973559 0.011422 0.011388
0 0.217304 0.241035 0.011303 0.011342
0 0.579671 0.922692 0.011744 0.011723
0 0.523529 0.346795 0.012606 0.012517
0 0.432505 0.452656 0.013649 0.013802
0 0.040663 0.529819 0.012697 0.012728
0 0.230828 0.839457 0.011522 0.011607
0 0.656268 0.773206 0.011985 0.012261
0 0.374223 0.739249 0.012981 0.012792
0 0.895810 0.350623 0.011815 0.011789
0 0.037477 0.895646 0.012646 0.012510
0 0.225657 0.650708 0.012619 0.012373
0 0.251214 0.406469 0.012486 0.012599
0 0.132065 0.787960 0.013511 0.013810
0 0.180860 0.364678 0.010244 0.010059
0 0.436593 0.400251 0.011267 0.011359
0 0.531240 0.636163 0.021128 0.020509
0 0.126553 0.652793 0.012589 0.012604
0 0.155310 0.989070 0.012834 0.012885
0 0.149912 0.586786 0.011315 0.011527
0 0.848392 0.719752 0.020847 0.020559
0 0.092002 0.911055 0.012980 0.012933
0 0.116887 0.088530 0.010855 0.010754
0 0.449626 0.213587 0.017435 0.017468
0 0.351336 0.428704 0.011829 0.011861
0 0.222309 0.707043 0.013050 0.013059
0 0.268434 0.656937 0.011931 0.012045
0 0.873470 0.660310 0.011839 0.011559
0 0.222953 0.466719 0.012190 0.012325
0 0.408833 0.953315 0.010654 0.010345
0 0.205080 0.828902 0.012656 0.012718
0 0.960200 0.709723 0.012859 0.013036
0 0.730863 0.117356 0.011314 0.011444
0 0.301174 0.384179 0.013190 0.013626
0 0.195273 0.473072 0.009117 0.008942
0 0.380956 0.230778 0.013083 0.012960
0 0.219073 0.601452 0.011333 0.010947
0 0.382680 0.231930 0.013045 0.012796
0 0.012956 0.713659 0.012026 0.011983
0 0.553637 0.634947 0.012483 0.012308
0 0.088964 0.219034 0.011102 0.011292
0 0.790864 0.416795 0.010608 0.010598
0 0.344851 0.297011 0.022720 0.022675
0 0.067653 0.453426 0.011738 0.011867
0 0.118369 0.290236 0.010405 0.010423
0 0.033359 0.370135 0.009325 0.009047
0 0.677591 0.148928 0.009000 0.008995
0 0.268302 0.314149 0.015531 0.015833
0 0.082460 0.509796 0.011294 0.011236
0 0.914659 0.305828 0.010601 0.010518
