0 0.596272 0.553707 0.013433 0.013314
0 0.295533 0.544660 0.013641 0.013674
0 0.728860 0.571513 0.012402 0.012449
0 0.825219 0.681225 0.012729 0.012479
0 0.523311 0.374081 0.011849 0.011623
0 0.689474 0.411524 0.011828 0.011584
0 0.349415 0.057269 0.013487 0.013160
0 0.547762 0.679612 0.014061 0.013967
0 0.259358 0.544350 0.014100 0.014008
0 0.187481 0.381995 0.012997 0.012812
0 0.740478 0.395277 0.013454 0.013181
0 0.709648 0.954406 0.013716 0.013746
0 0.524256 0.350298 0.013241 0.013238
0 0.747792 0.618898 0.013325 0.013204
0 0.034402 0.383060 0.014546 0.014366
0 0.084461 0.840555 0.012534 0.012410
0 0.484233 0.053197 0.014020 0.013956
0 0.302962 0.618625 0.012059 0.011996
0 0.185467 0.892042 0.012619 0.012702
0 0.460026 0.960160 0.013301 0.013148
0 0.488295 0.742562 0.012731 0.012824
0 0.657923 0.407384 0.013194 0.013165
0 0.280789 0.600463 0.012688 0.012737
0 0.524609 0.260765 0.012791 0.012698
0 0.663885 0.469598 0.012971 0.012860
0 0.778334 0.485255 0.013061 0.012996
0 0.570259 0.545438 0.012931 0.012980
0 0.499036 0.574005 0.013051 0.012928
0 0.447748 0.501219 0.012924 0.012773
0 0.475943 0.609509 0.012134 0.012116
0 0.321032 0.058502 0.013447 0.013611
0 0.169413 0.551607 0.012603 0.012494
0 0.495217 0.543758 0.013968 0.013881
0 0.128741 0.412077 0.011121 0.011240
0 0.321197 0.811527 0.012469 0.012580
0 0.440576 0.059076 0.012390 0.012429
0 0.054700 0.966580 0.012693 0.012600
0 0.661636 0.920469 0.013055 0.012886
0 0.081361 0.704312 0.013611 0.013660
0 0.152199 0.678230 0.012418 0.012289
0 0.119777 0.118598 0.012461 0.012286
0 0.463072 0.494573 0.012177 0.012074
0 0.221783 0.470396 0.012430 0.012455
0 0.303247 0.829045 0.012952 0.013037
0 0.283984 0.489271 0.012715 0.012346
0 0.228501 0.433738 0.013644 0.013590
0 0.739877 0.721781 0.012904 0.013206
0 0.768568 0.250491 0.013052 0.012888
0 0.354759 0.699466 0.012289 0.012098
0 0.180689 0.707661 0.012128 0.012003
0 0.331854 0.517892 0.012316 0.012152
0 0.392988 0.194709 0.012523 0.012269
0 0.233982 0.007272 0.012344 0.012498
0 0.865876 0.321205 0.011140 0.011135
0 0.399078 0.651251 0.012108 0.012060
0 0.385476 0.580911 0.012033 0.012224
0 0.345580 0.549942 0.013828 0.013716
0 0.372606 0.349413 0.013195 0.012918
0 0.816021 0.703019 0.013476 0.013406
0 0.444472 0.097470 0.014489 0.014333
0 0.894473 0.384068 0.012881 0.013000
0 0.284957 0.318783 0.013920 0.013835
0 0.224031 0.648396 0.012164 0.011972
0 0.473620 0.876592 0.012368 0.012252
0 0.038913 0.210484 0.012162 0.012360
0 0.125204 0.053830 0.012331 0.012301
0 0.543339 0.975860 0.013586 0.013210
0 0.939062 0.825619 0.013055 0.013165
0 0.109129 0.981186 0.012520 0.012699
0 0.076884 0.461671 0.012456 0.012322
0 0.032682 0.020966 0.013136 0.013076
0 0.885472 0.050800 0.012988 0.012797
0 0.392272 0.346078 0.012440 0.012394
0 0.656411 0.198042 0.012767 0.012896
0 0.996198 0.231491 0.007570 0.011306
0 0.793910 0.554381 0.011974 0.011582
0 0.152329 0.250613 0.012047 0.012124
0 0.406664 0.093395 0.012251 0.012606
0 0.739265 0.776892 0.012358 0.012244
0 0.291372 0.982386 0.012584 0.012869
0 0.545324 0.403544 0.012693 0.012396
0 0.478814 0.106572 0.012129 0.012454
0 0.309307 0.737594 0.012306 0.012253
0 0.005238 0.471643 0.009896 0.010556
0 0.992726 0.533623 0.014111 0.015457
0 0.542041 0.070067 0.013074 0.013000
0 0.396631 0.942701 0.009011 0.008946
0 0.408337 0.899079 0.011995 0.012424
0 0.994777 0.426266 0.009455 0.009669
0 0.166971 0.855570 0.011846 0.011914
0 0.873746 0.149400 0.011307 0.011135
0 0.089280 0.759050 0.012239 0.012063
0 0.401801 0.262374 0.011889 0.011493
0 0.787238 0.005813 0.012797 0.011625
0 0.079293 0.088742 0.010305 0.009896
0 0.082499 0.425313 0.011288 0.011144
0 0.497273 0.991376 0.008574 0.008780
0 0.961010 0.008344 0.012275 0.012439
0 0.848590 0.708919 0.023378 0.023196
0 0.445229 0.828015 0.014330 0.014170
0 0.400660 0.261072 0.011523 0.011119
0 0.921691 0.596849 0.012789 0.012561
0 0.733439 0.071271 0.014200 0.014025
0 0.083262 0.905008 0.012178 0.012253
0 0.533899 0.630346 0.023956 0.023733
0 0.366603 0.933206 0.008971 0.009641
0 0.017995 0.419590 0.010215 0.010284
0 0.306982 0.147163 0.008244 0.008660
0 0.427456 0.215280 0.008946 0.008598
