0 0.924682 0.492905 0.013266 0.013177
0 0.434741 0.798256 0.012228 0.012178
0 0.697178 0.480201 0.012179 0.012223
0 0.442171 0.155151 0.014188 0.014181
0 0.581473 0.905161 0.013068 0.013033
0 0.819373 0.695303 0.013305 0.013413
0 0.615120 0.047358 0.013077 0.013110
0 0.589006 0.760405 0.013459 0.013472
0 0.858073 0.480254 0.012132 0.011991
0 0.796355 0.094926 0.011104 0.011067
0 0.313403 0.205440 0.013101 0.013061
0 0.524872 0.347738 0.013418 0.013296
0 0.749033 0.616884 0.013337 0.013087
0 0.274455 0.122075 0.012325 0.012369
0 0.204382 0.134077 0.013840 0.013613
0 0.322586 0.381611 0.012430 0.012316
0 0.320396 0.652686 0.014726 0.014305
0 0.893161 0.028357 0.011969 0.012308
0 0.616445 0.189065 0.011754 0.011620
0 0.835548 0.062973 0.012324 0.012376
0 0.053702 0.153101 0.012688 0.012568
0 0.918076 0.314158 0.012366 0.012187
0 0.903228 0.268255 0.014035 0.013795
0 0.233964 0.205346 0.012265 0.012190
0 0.068584 0.354557 0.013320 0.013401
0 0.771421 0.473440 0.013848 0.013711
0 0.444748 0.551221 0.013383 0.013318
0 0.717032 0.360727 0.013388 0.013546
0 0.627123 0.376846 0.012875 0.012890
0 0.461448 0.960294 0.013612 0.013420
0 0.718609 0.615120 0.013094 0.013383
0 0.588721 0.415286 0.011200 0.010884
0 0.627178 0.545191 0.013132 0.012979
0 0.722701 0.005767 0.013338 0.011534
0 0.766194 0.818778 0.012838 0.012718
0 0.226182 0.614884 0.011720 0.011584
0 0.412835 0.719295 0.013213 0.013160
0 0.318487 0.736370 0.012575 0.012587
0 0.049749 0.911540 0.012584 0.012490
0 0.312713 0.872309 0.013838 0.013858
0 0.477452 0.293707 0.012015 0.012133
0 0.316470 0.808702 0.014034 0.014030
0 0.683223 0.150583 0.012352 0.012224
0 0.459978 0.400820 0.011460 0.011410
0 0.963872 0.246401 0.012551 0.012282
0 0.109711 0.980479 0.013991 0.013896
0 0.085209 0.868987 0.012971 0.012957
0 0.420260 0.051074 0.012904 0.012905
0 0.543973 0.973202 0.013193 0.012917
0 0.524947 0.052132 0.012210 0.012087
0 0.388388 0.232836 0.013924 0.013978
0 0.004925 0.378742 0.009822 0.014030
0 0.123452 0.744473 0.011397 0.011437
0 0.938105 0.848557 0.011181 0.011227
0 0.026996 0.243794 0.012412 0.012542
0 0.120207 0.383681 0.011881 0.011717
0 0.112174 0.494378 0.011961 0.012039
0 0.745771 0.096783 0.012859 0.012653
0 0.829792 0.018282 0.011566 0.011624
0 0.751225 0.466485 0.011256 0.011001
0 0.154501 0.805053 0.013774 0.013947
0 0.226049 0.648238 0.012240 0.011998
0 0.104456 0.723393 0.014181 0.013775
0 0.677965 0.242545 0.011305 0.011304
0 0.381711 0.810545 0.012677 0.012526
0 0.506631 0.009498 0.012512 0.012318
0 0.222318 0.468211 0.012775 0.012865
0 0.187152 0.948899 0.014054 0.013800
0 0.186893 0.890818 0.013193 0.013245
0 0.229731 0.680654 0.012280 0.012119
0 0.369245 0.464352 0.011694 0.011537
0 0.517403 0.069918 0.012068 0.012011
0 0.441198 0.058610 0.012698 0.012721
0 0.148654 0.455192 0.012102 0.012235
0 0.421741 0.555198 0.013102 0.013104
0 0.248825 0.873124 0.012591 0.012300
0 0.076392 0.670428 0.012725 0.012770
0 0.222282 0.017873 0.010802 0.010878
0 0.054471 0.567773 0.013324 0.013349
0 0.300250 0.571844 0.011795 0.011778
0 0.136470 0.653934 0.011798 0.011667
0 0.759380 0.299073 0.012472 0.012490
0 0.495871 0.542571 0.013159 0.012624
0 0.277350 0.530494 0.011267 0.011134
0 0.788373 0.004677 0.012331 0.009354
0 0.289729 0.956367 0.008580 0.008713
0 0.329894 0.518340 0.012311 0.012326
0 0.328616 0.034925 0.011450 0.011614
0 0.353735 0.820401 0.009161 0.009210
0 0.622330 0.397394 0.010165 0.010944
0 0.599789 0.001632 0.010720 0.003264
0 0.998175 0.117891 0.003631 0.011146
0 0.127531 0.608576 0.011858 0.011620
0 0.773819 0.004771 0.013721 0.009532
0 0.155499 0.509093 0.010762 0.010532
0 0.322299 0.555025 0.012536 0.012726
0 0.528245 0.234795 0.010943 0.010962
0 0.329276 0.037063 0.010972 0.011537
0 0.487290 0.272828 0.011071 0.011393
0 0.387912 0.564069 0.011771 0.011780
