0 0.145194 0.293932 0.013625 0.013554
0 0.745087 0.450360 0.013834 0.013738
0 0.759984 0.549568 0.011310 0.011252
0 0.813258 0.317876 0.012983 0.012965
0 0.663586 0.031512 0.012366 0.012210
0 0.748676 0.617595 0.013697 0.013661
0 0.114925 0.936965 0.012695 0.012767
0 0.166549 0.770680 0.012971 0.012748
0 0.078909 0.271439 0.012081 0.011874
0 0.185429 0.890376 0.013245 0.013097
0 0.418514 0.133917 0.013053 0.012820
0 0.916242 0.036621 0.013055 0.012778
0 0.133084 0.309886 0.011699 0.011454
0 0.169580 0.064408 0.013114 0.013139
0 0.582755 0.168000 0.011617 0.011428
0 0.936729 0.664646 0.012393 0.012287
0 0.232367 0.853484 0.013722 0.013719
0 0.652585 0.622135 0.013776 0.013534
0 0.373821 0.068630 0.013018 0.013021
0 0.887576 0.068623 0.012951 0.013102
0 0.191667 0.500785 0.012323 0.012238
0 0.041163 0.742027 0.013364 0.013581
0 0.306763 0.940816 0.012955 0.012781
0 0.924146 0.445383 0.013830 0.013800
0 0.296558 0.172220 0.011909 0.012182
0 0.087543 0.607533 0.013288 0.013347
0 0.575993 0.798954 0.013803 0.014182
0 0.223728 0.495089 0.011817 0.011832
0 0.952274 0.088342 0.012908 0.012827
0 0.741236 0.098885 0.012115 0.011987
0 0.442552 0.084395 0.012201 0.011949
0 0.348308 0.774568 0.013223 0.013260
0 0.417502 0.211746 0.013696 0.013724
0 0.811307 0.351662 0.011899 0.012014
0 0.868530 0.960242 0.011752 0.011530
0 0.461076 0.100988 0.013948 0.014078
0 0.467329 0.524364 0.013586 0.013613
0 0.563334 0.741825 0.012208 0.012287
0 0.117657 0.733563 0.013965 0.013924
0 0.476813 0.727798 0.013696 0.013974
0 0.251956 0.204455 0.013170 0.013215
0 0.462827 0.962279 0.012905 0.012825
0 0.516714 0.412486 0.011807 0.011920
0 0.257576 0.248706 0.015196 0.015427
0 0.821749 0.909563 0.012315 0.012522
0 0.198176 0.428429 0.011861 0.011712
0 0.061817 0.308639 0.011083 0.010969
0 0.331471 0.517834 0.012537 0.012335
0 0.191415 0.701250 0.013445 0.013402
0 0.757195 0.206225 0.012797 0.012664
0 0.604993 0.228277 0.011732 0.011568
0 0.168388 0.934260 0.012800 0.012607
0 0.109818 0.980030 0.013799 0.013950
0 0.502871 0.835398 0.012986 0.012825
0 0.603752 0.165623 0.012732 0.012709
0 0.811287 0.255700 0.010619 0.010696
0 0.129901 0.675901 0.014061 0.013902
0 0.131509 0.134957 0.012631 0.012420
0 0.224983 0.569857 0.011906 0.011887
0 0.856753 0.399928 0.011801 0.011864
0 0.627543 0.873076 0.014014 0.013956
0 0.596954 0.535532 0.013418 0.013366
0 0.547446 0.014687 0.012133 0.012297
0 0.318275 0.672994 0.011978 0.011698
0 0.543266 0.973432 0.013077 0.012766
0 0.442866 0.057900 0.013513 0.013326
0 0.371442 0.808969 0.010832 0.010783
0 0.643474 0.225382 0.012557 0.012705
0 0.482557 0.957141 0.013012 0.013099
0 0.322311 0.005627 0.012622 0.011254
0 0.478319 0.490898 0.013049 0.012879
0 0.915718 0.005245 0.011729 0.010398
0 0.290300 0.731837 0.011514 0.011565
0 0.224052 0.466648 0.012691 0.012625
0 0.341425 0.992124 0.012250 0.012385
0 0.226474 0.648155 0.012160 0.011943
0 0.352090 0.096105 0.012847 0.013023
0 0.456996 0.260917 0.012528 0.012399
0 0.010762 0.675746 0.012678 0.012577
0 0.200640 0.441522 0.011517 0.010948
0 0.262129 0.627544 0.012055 0.012747
0 0.788123 0.005046 0.012431 0.010019
0 0.951577 0.346442 0.011688 0.011787
0 0.858918 0.541152 0.013587 0.013677
0 0.095280 0.649203 0.011706 0.011917
0 0.470233 0.826891 0.010919 0.010771
0 0.729441 0.841522 0.012850 0.013053
0 0.404353 0.695725 0.013026 0.013105
0 0.408623 0.850262 0.010359 0.010106
0 0.920315 0.238339 0.013012 0.013179
0 0.719026 0.337222 0.010164 0.010198
0 0.522384 0.347536 0.011321 0.011150
0 0.812414 0.223922 0.013280 0.013243
0 0.895620 0.449295 0.010285 0.010161
0 0.960449 0.053565 0.011189 0.010974
0 0.907163 0.372287 0.010306 0.010292
0 0.650609 0.922868 0.011456 0.011558
0 0.431242 0.570467 0.010749 0.010962
0 0.090836 0.559488 0.012524 0.012562
0 0.381665 0.220649 0.018205 0.018145
0 0.821860 0.184009 0.011534 0.011659
0 0.163106 0.691268 0.010828 0.010933
0 0.774738 0.004849 0.013481 0.009667
0 0.474937 0.278589 0.013118 0.013409
0 0.866289 0.543395 0.011475 0.011658
0 0.869095 0.544869 0.010361 0.010751
