0 0.244828 0.180720 0.012956 0.012762
0 0.122346 0.066309 0.012505 0.012392
0 0.596984 0.668350 0.012952 0.012894
0 0.249886 0.403242 0.012407 0.012153
0 0.099810 0.903342 0.012648 0.012465
0 0.214161 0.714238 0.012642 0.012627
0 0.132171 0.858273 0.012034 0.011758
0 0.204550 0.215007 0.012176 0.011924
0 0.678105 0.516260 0.013786 0.013687
0 0.476835 0.808665 0.012115 0.011759
0 0.172686 0.575700 0.012465 0.012443
0 0.230766 0.918143 0.013406 0.013496
0 0.459149 0.958987 0.011929 0.011917
0 0.331284 0.707740 0.013450 0.013321
0 0.198979 0.774840 0.012820 0.012839
0 0.379771 0.319972 0.012774 0.012860
0 0.523961 0.346809 0.013150 0.012855
0 0.767181 0.701830 0.011480 0.011599
0 0.390902 0.710000 0.012378 0.012247
0 0.528470 0.821001 0.013372 0.013778
0 0.187670 0.889055 0.012749 0.012671
0 0.405951 0.114097 0.011058 0.010934
0 0.808271 0.420136 0.010897 0.010898
0 0.495063 0.618760 0.012156 0.012333
0 0.234189 0.483395 0.013184 0.013138
0 0.295708 0.148925 0.012034 0.012025
0 0.542388 0.973788 0.011899 0.011668
0 0.748888 0.616543 0.012099 0.012041
0 0.337789 0.483602 0.011387 0.011198
0 0.110036 0.979333 0.013461 0.013456
0 0.832038 0.602284 0.011800 0.011575
0 0.071467 0.323413 0.012752 0.012853
0 0.539287 0.213189 0.010578 0.010242
0 0.029216 0.477935 0.012050 0.012000
0 0.016289 0.595703 0.012334 0.012579
0 0.153881 0.150891 0.012573 0.012445
0 0.227328 0.648652 0.012234 0.011855
0 0.705630 0.377200 0.011442 0.011845
0 0.571045 0.328480 0.012006 0.011846
0 0.474433 0.667732 0.011635 0.011602
0 0.983676 0.694114 0.011186 0.011095
0 0.476799 0.015993 0.011547 0.011584
0 0.109443 0.688719 0.012359 0.012150
0 0.973868 0.750295 0.011816 0.011691
0 0.744601 0.861956 0.012624 0.012573
0 0.382305 0.924694 0.011680 0.011704
0 0.461707 0.308110 0.010538 0.010275
0 0.591782 0.399870 0.010942 0.010846
0 0.344300 0.296690 0.022341 0.022239
0 0.899382 0.694582 0.010403 0.010456
0 0.869312 0.817412 0.010692 0.010695
0 0.196738 0.488627 0.012005 0.012174
0 0.222902 0.466335 0.012205 0.012289
0 0.809080 0.125518 0.011255 0.010925
0 0.683089 0.009330 0.012988 0.012994
0 0.375702 0.226994 0.018019 0.017885
0 0.731850 0.789801 0.012362 0.012589
0 0.336045 0.138210 0.011414 0.011746
0 0.009411 0.571289 0.013550 0.013099
0 0.449091 0.214703 0.016595 0.016579
0 0.530082 0.635639 0.021710 0.021847
0 0.063913 0.453482 0.011652 0.011687
0 0.397151 0.944987 0.008777 0.008886
0 0.608626 0.436852 0.011181 0.011080
0 0.001880 0.716766 0.003760 0.012827
0 0.976472 0.650042 0.012064 0.011943
0 0.870889 0.618998 0.010931 0.011192
0 0.508169 0.267243 0.013046 0.013296
0 0.422609 0.554480 0.013720 0.013441
0 0.621376 0.779066 0.013118 0.013196
0 0.669411 0.190302 0.014914 0.014912
0 0.254453 0.253580 0.012421 0.012872
0 0.416037 0.265702 0.012132 0.011881
