0 0.838470 0.364725 0.013767 0.013968
0 0.520558 0.289455 0.012628 0.012576
0 0.589226 0.222602 0.012547 0.012425
0 0.930148 0.306358 0.013181 0.012998
0 0.782329 0.399122 0.012823 0.012855
0 0.506339 0.665078 0.012961 0.013107
0 0.440814 0.512663 0.012505 0.012619
0 0.386770 0.951462 0.012471 0.012327
0 0.797429 0.512209 0.011704 0.011613
0 0.268519 0.650737 0.013990 0.013803
0 0.469555 0.960103 0.013654 0.013735
0 0.904582 0.073196 0.011387 0.011441
0 0.033276 0.593722 0.013677 0.013653
0 0.472515 0.653523 0.012716 0.012635
0 0.618661 0.538835 0.012798 0.012836
0 0.369155 0.878059 0.012034 0.012150
0 0.256435 0.172849 0.012616 0.012506
0 0.932562 0.042020 0.011826 0.011605
0 0.689526 0.283907 0.012564 0.012509
0 0.655754 0.439804 0.012565 0.012588
0 0.531865 0.578730 0.012142 0.011911
0 0.279063 0.436338 0.011976 0.011854
0 0.939067 0.855459 0.013766 0.013913
0 0.682207 0.414085 0.011910 0.012079
0 0.904231 0.540911 0.013146 0.012945
0 0.365320 0.470223 0.012396 0.012591
0 0.449998 0.797747 0.013261 0.013205
0 0.148983 0.174840 0.012746 0.012806
0 0.890846 0.588185 0.012168 0.012262
0 0.082771 0.866980 0.014020 0.013747
0 0.166653 0.052232 0.012134 0.012029
0 0.911228 0.370381 0.012392 0.012513
0 0.503909 0.272983 0.012172 0.012102
0 0.867324 0.107607 0.011681 0.011472
0 0.479295 0.765316 0.013235 0.013077
0 0.943892 0.554739 0.012929 0.012955
0 0.948575 0.705872 0.012782 0.012596
0 0.953449 0.312758 0.013902 0.013812
0 0.819419 0.465176 0.014066 0.013943
0 0.053278 0.816278 0.011546 0.011642
0 0.645700 0.570940 0.011945 0.011909
0 0.609767 0.757712 0.012286 0.012187
0 0.356268 0.809397 0.012769 0.012610
0 0.939104 0.335017 0.013701 0.013690
0 0.280671 0.945591 0.012215 0.012075
0 0.396848 0.377929 0.013664 0.013667
0 0.526786 0.361326 0.012611 0.012428
0 0.132666 0.200525 0.012539 0.012588
0 0.666319 0.672619 0.014501 0.014380
0 0.769145 0.533732 0.012896 0.012725
0 0.020056 0.650850 0.012463 0.012609
0 0.617285 0.867030 0.012972 0.012927
0 0.767657 0.273782 0.011956 0.011770
0 0.334589 0.394341 0.013198 0.013326
0 0.693319 0.682293 0.014162 0.014075
0 0.453497 0.196829 0.014155 0.013913
0 0.240545 0.429842 0.012128 0.012315
0 0.131180 0.703649 0.012855 0.012865
0 0.731972 0.607800 0.012302 0.012337
0 0.439454 0.114595 0.012702 0.012692
0 0.386868 0.319742 0.014487 0.014375
0 0.138442 0.748605 0.012956 0.013073
0 0.835936 0.212162 0.012523 0.012410
0 0.446816 0.695977 0.012273 0.012236
0 0.760181 0.597878 0.011446 0.011465
0 0.882931 0.118516 0.009418 0.009403
0 0.493129 0.417287 0.012142 0.012076
0 0.733338 0.622690 0.013620 0.013676
0 0.751031 0.437666 0.011781 0.011774
0 0.220926 0.442871 0.014573 0.014532
0 0.177942 0.615830 0.013262 0.013381
0 0.472884 0.444564 0.013096 0.012946
0 0.814951 0.195895 0.012527 0.012387
0 0.082566 0.353249 0.012206 0.012154
0 0.527550 0.974823 0.012869 0.013328
0 0.414913 0.886932 0.012679 0.013083
0 0.959216 0.622741 0.011880 0.011858
0 0.380846 0.568513 0.013861 0.013733
0 0.869594 0.569920 0.011094 0.011091
0 0.087244 0.927720 0.011856 0.011832
0 0.983211 0.512896 0.015162 0.014106
0 0.754252 0.010747 0.012301 0.012454
0 0.046684 0.902127 0.011538 0.011596
0 0.777634 0.108871 0.013430 0.013279
0 0.603108 0.993537 0.015756 0.012926
0 0.804829 0.540218 0.011129 0.011101
0 0.885433 0.680609 0.011357 0.011387
0 0.936486 0.009849 0.011323 0.011647
0 0.641300 0.221584 0.009952 0.009826
0 0.480082 0.005071 0.014093 0.010142
0 0.908295 0.675488 0.012011 0.012335
0 0.126807 0.883619 0.011081 0.010990
0 0.350179 0.290039 0.024822 0.024801
0 0.816667 0.771763 0.012415 0.012482
0 0.802326 0.807039 0.012566 0.012779
0 0.710422 0.783638 0.011421 0.011925
0 0.657749 0.094827 0.011581 0.011583
0 0.765081 0.885032 0.013708 0.013663
0 0.942565 0.827925 0.013581 0.013500
0 0.042120 0.344524 0.012388 0.012291
0 0.103367 0.786328 0.010509 0.010131
0 0.065835 0.022952 0.011504 0.011703
0 0.968677 0.607178 0.011501 0.011005
0 0.961514 0.029256 0.010367 0.010403
0 0.899210 0.344508 0.012481 0.012325
0 0.978970 0.046293 0.010301 0.009954
0 0.507290 0.577647 0.013572 0.013929
0 0.878288 0.977935 0.013136 0.013200
0 0.789823 0.921787 0.012905 0.012672
0 0.612148 0.159649 0.010435 0.010525
0 0.109603 0.001883 0.011895 0.003767
0 0.279447 0.545030 0.012336 0.012769
0 0.192178 0.781998 0.011110 0.011283
0 0.844748 0.553539 0.012560 0.012107
0 0.224292 0.823043 0.012365 0.012317
0 0.900847 0.998316 0.011839 0.003342
