0 0.749217 0.616849 0.013527 0.013462
0 0.372123 0.097853 0.013765 0.013792
0 0.293374 0.287269 0.011871 0.011910
0 0.209960 0.582692 0.013437 0.013373
0 0.246918 0.086063 0.012924 0.012778
0 0.288275 0.544121 0.011586 0.011541
0 0.466970 0.722174 0.013163 0.012897
0 0.645207 0.695339 0.013397 0.013389
0 0.944617 0.609414 0.011799 0.011827
0 0.485999 0.733674 0.014331 0.013875
0 0.189912 0.550885 0.013068 0.012891
0 0.655327 0.838507 0.013550 0.013697
0 0.171781 0.674941 0.013698 0.013784
0 0.525081 0.347057 0.013532 0.013403
0 0.663022 0.582421 0.013002 0.012918
0 0.741511 0.395034 0.013963 0.013872
0 0.867826 0.061829 0.013641 0.013479
0 0.544067 0.089412 0.013927 0.013922
0 0.943482 0.647262 0.012223 0.012530
0 0.026815 0.419581 0.012870 0.012720
0 0.459381 0.958173 0.012910 0.013006
0 0.266009 0.141412 0.014176 0.014187
0 0.096520 0.162464 0.011185 0.011035
0 0.268794 0.486792 0.013348 0.013161
0 0.697418 0.966716 0.012689 0.012690
0 0.552913 0.271286 0.014142 0.014022
0 0.148135 0.709095 0.013317 0.013074
0 0.590688 0.171282 0.012360 0.012248
0 0.530290 0.804593 0.013242 0.013287
0 0.445305 0.085700 0.013259 0.013371
0 0.127194 0.736534 0.013745 0.013765
0 0.143466 0.308059 0.012051 0.012308
0 0.861815 0.265414 0.011465 0.013151
0 0.625973 0.960931 0.012944 0.012740
0 0.826514 0.768351 0.012077 0.012071
0 0.386575 0.488084 0.012897 0.012991
0 0.405130 0.427452 0.013634 0.013413
0 0.425167 0.769879 0.013492 0.013428
0 0.338437 0.952395 0.012083 0.011829
0 0.992114 0.472523 0.011212 0.010824
0 0.075316 0.287099 0.012753 0.012928
0 0.668603 0.159840 0.012633 0.012734
0 0.623058 0.218552 0.012261 0.012199
0 0.080208 0.577925 0.014701 0.014349
0 0.363727 0.971848 0.011656 0.011459
0 0.169342 0.638614 0.012909 0.012882
0 0.752710 0.556528 0.010878 0.010972
0 0.452605 0.635760 0.011650 0.011714
0 0.893274 0.230356 0.011320 0.011326
0 0.372933 0.806035 0.010202 0.009995
0 0.378522 0.060238 0.013291 0.013031
0 0.940723 0.150137 0.012440 0.012342
0 0.226371 0.650232 0.012674 0.012086
0 0.495976 0.413036 0.012409 0.012220
0 0.952053 0.398206 0.011269 0.011442
0 0.223098 0.467185 0.012647 0.012690
0 0.136385 0.015229 0.012156 0.012248
0 0.422497 0.555718 0.014844 0.014480
0 0.293710 0.786270 0.012180 0.012177
0 0.349731 0.825083 0.013440 0.013419
0 0.951297 0.365817 0.013622 0.013734
0 0.124095 0.449922 0.011657 0.011816
0 0.334315 0.622459 0.012663 0.012541
0 0.994508 0.942567 0.010983 0.014921
0 0.569061 0.741636 0.013902 0.014157
0 0.086764 0.476807 0.012322 0.012490
0 0.046678 0.436779 0.011797 0.011602
0 0.272023 0.694219 0.011800 0.011727
0 0.434842 0.458983 0.011971 0.011936
0 0.498489 0.513368 0.012081 0.012368
0 0.563495 0.547492 0.012382 0.012506
0 0.703531 0.244406 0.012160 0.012161
0 0.845823 0.249960 0.012799 0.012317
0 0.003757 0.595689 0.007513 0.014917
0 0.670911 0.123107 0.011654 0.011529
0 0.477534 0.565314 0.013076 0.013327
0 0.547692 0.676195 0.012809 0.012813
0 0.187416 0.890952 0.013003 0.012875
0 0.331779 0.517453 0.011884 0.011631
0 0.879499 0.471144 0.011581 0.011759
0 0.087832 0.394138 0.014643 0.014588
0 0.882656 0.675762 0.013462 0.013918
0 0.442059 0.058415 0.012723 0.012619
0 0.325307 0.769380 0.014375 0.014347
0 0.540944 0.971119 0.012211 0.012282
0 0.788989 0.004735 0.012662 0.009471
0 0.291715 0.354447 0.011724 0.011963
0 0.004470 0.502626 0.008940 0.012332
0 0.567607 0.640557 0.011335 0.011889
0 0.086991 0.519940 0.013421 0.013387
0 0.396512 0.944605 0.010226 0.010114
0 0.555502 0.036769 0.012443 0.012021
0 0.108268 0.979498 0.013410 0.013553
0 0.773107 0.004396 0.012453 0.008792
0 0.755387 0.191786 0.010224 0.010713
0 0.424022 0.609751 0.009900 0.010142
0 0.453463 0.262395 0.011433 0.011040
0 0.668234 0.183687 0.016982 0.016415
