0 0.540085 0.291459 0.012959 0.012939
0 0.462169 0.958667 0.013313 0.013221
0 0.143402 0.303283 0.012007 0.012141
0 0.185191 0.738915 0.012033 0.011843
0 0.209568 0.548551 0.012163 0.012136
0 0.937095 0.635268 0.014146 0.014017
0 0.113216 0.575194 0.013266 0.013367
0 0.460933 0.590876 0.012457 0.012240
0 0.634092 0.540439 0.010238 0.010007
0 0.554158 0.329303 0.012581 0.012566
0 0.231638 0.743873 0.013005 0.012830
0 0.410820 0.810629 0.012617 0.012725
0 0.524295 0.414440 0.011636 0.011432
0 0.060260 0.418149 0.013373 0.013360
0 0.746715 0.633277 0.010802 0.010854
0 0.058603 0.835291 0.012660 0.012489
0 0.657982 0.729009 0.013082 0.013156
0 0.148550 0.625028 0.013044 0.013008
0 0.187502 0.889626 0.012751 0.012675
0 0.829526 0.898719 0.013745 0.013670
0 0.534080 0.448589 0.011594 0.011658
0 0.515057 0.305894 0.012488 0.012518
0 0.441164 0.059269 0.012640 0.012957
0 0.542823 0.972707 0.013600 0.013150
0 0.198184 0.199088 0.011613 0.011537
0 0.581268 0.578900 0.011201 0.011264
0 0.645394 0.482165 0.010816 0.011016
0 0.715007 0.590753 0.011656 0.011517
0 0.014864 0.164386 0.012835 0.012398
0 0.170670 0.452187 0.010708 0.010746
0 0.390137 0.893761 0.011870 0.011978
0 0.360451 0.427340 0.013587 0.013312
0 0.749893 0.614456 0.013528 0.013427
0 0.476909 0.342037 0.011485 0.011279
0 0.121286 0.755212 0.011350 0.011208
0 0.886646 0.160307 0.012012 0.011919
0 0.226813 0.650017 0.012199 0.011745
0 0.742404 0.853802 0.011853 0.011646
0 0.241906 0.116222 0.012678 0.012602
0 0.863059 0.036726 0.012593 0.012632
0 0.133299 0.220873 0.012801 0.012747
0 0.109371 0.979548 0.013170 0.013122
0 0.435684 0.669128 0.012796 0.012805
0 0.034412 0.930939 0.011504 0.011718
0 0.760071 0.983559 0.010889 0.010811
0 0.219734 0.092027 0.011650 0.011680
0 0.448598 0.191984 0.013575 0.013176
0 0.626510 0.113104 0.012590 0.012398
0 0.433693 0.732283 0.012229 0.012311
0 0.739382 0.511765 0.010834 0.010807
0 0.155740 0.371047 0.011700 0.011545
0 0.880995 0.471280 0.010155 0.010233
0 0.196469 0.391826 0.012534 0.012575
0 0.521504 0.844469 0.012753 0.012823
0 0.551750 0.573897 0.010720 0.010721
0 0.031616 0.413135 0.011891 0.011728
0 0.473767 0.260910 0.011878 0.012027
0 0.614969 0.380988 0.011232 0.011482
0 0.366212 0.524298 0.011954 0.011881
0 0.494568 0.642361 0.011677 0.011714
0 0.302067 0.588163 0.012088 0.012062
0 0.473425 0.003496 0.010366 0.006991
0 0.760701 0.047940 0.011428 0.011217
0 0.524514 0.345503 0.012800 0.012666
0 0.110455 0.315586 0.012759 0.012407
0 0.379752 0.244371 0.012598 0.012437
0 0.545938 0.475549 0.012314 0.012225
0 0.220042 0.268155 0.011841 0.011462
0 0.633212 0.086859 0.015671 0.015368
0 0.606450 0.218204 0.012843 0.012746
0 0.605892 0.576873 0.010901 0.011067
0 0.407255 0.569484 0.010236 0.009951
0 0.994461 0.585418 0.010981 0.012483
0 0.409684 0.229256 0.011743 0.012081
0 0.188433 0.277343 0.011974 0.012019
0 0.343167 0.297431 0.023095 0.022615
0 0.385436 0.753794 0.013658 0.013435
0 0.585912 0.227176 0.011487 0.011610
0 0.230550 0.287972 0.012531 0.012582
0 0.223045 0.467323 0.012840 0.012943
0 0.848245 0.717731 0.021571 0.020909
0 0.843999 0.003159 0.009329 0.006313
0 0.656135 0.536821 0.010470 0.010522
0 0.553431 0.252949 0.008223 0.008199
0 0.992604 0.625488 0.014129 0.014666
0 0.279766 0.436521 0.011116 0.010874
0 0.006957 0.653191 0.011354 0.011006
0 0.760453 0.388890 0.010180 0.010078
0 0.530187 0.636467 0.022450 0.022675
0 0.742890 0.072883 0.009907 0.009983
0 0.398115 0.226759 0.011131 0.011427
0 0.857055 0.836770 0.010930 0.010729
0 0.789597 0.004138 0.012110 0.008276
