0 0.748703 0.616424 0.013037 0.012803
0 0.775940 0.622090 0.011369 0.011572
0 0.449671 0.325898 0.012115 0.012146
0 0.305818 0.067587 0.012120 0.012102
0 0.524774 0.346660 0.013322 0.013022
0 0.689596 0.896405 0.013191 0.013138
0 0.058342 0.237290 0.011583 0.011450
0 0.766486 0.468373 0.011458 0.011244
0 0.490816 0.806990 0.011871 0.011809
0 0.433250 0.277324 0.012297 0.012209
0 0.561797 0.391648 0.011775 0.011577
0 0.663016 0.651848 0.013774 0.013746
0 0.457639 0.958094 0.012768 0.012733
0 0.359347 0.906856 0.012251 0.012170
0 0.187393 0.889270 0.013217 0.013231
0 0.248236 0.049274 0.012481 0.012429
0 0.357297 0.193606 0.012259 0.012280
0 0.349672 0.531607 0.013222 0.013047
0 0.479505 0.972870 0.012553 0.012252
0 0.363907 0.380974 0.012540 0.012551
0 0.224910 0.870138 0.012752 0.012891
0 0.005215 0.939819 0.010431 0.011956
0 0.530953 0.637252 0.021974 0.022007
0 0.460067 0.286458 0.011581 0.011447
0 0.576931 0.497943 0.012617 0.012475
0 0.059093 0.967744 0.013181 0.013278
0 0.373990 0.274944 0.013162 0.013108
0 0.632635 0.193255 0.008849 0.008784
0 0.153508 0.849404 0.013832 0.013745
0 0.072110 0.332980 0.011518 0.011424
0 0.847145 0.715843 0.016411 0.016499
0 0.011362 0.574149 0.011131 0.011295
0 0.129789 0.972006 0.012447 0.012395
0 0.230167 0.665030 0.013360 0.013479
0 0.545698 0.817127 0.012456 0.012279
0 0.855724 0.400771 0.011822 0.011715
0 0.942191 0.685881 0.011476 0.011514
0 0.794880 0.250327 0.011518 0.011565
0 0.244466 0.401928 0.012673 0.012965
0 0.295182 0.339011 0.011723 0.011720
0 0.449975 0.234522 0.013005 0.013142
0 0.701411 0.980714 0.012839 0.012893
0 0.183225 0.689192 0.011510 0.011758
0 0.543624 0.973541 0.011721 0.011636
0 0.994577 0.728208 0.010847 0.012770
0 0.275242 0.919837 0.011103 0.010971
0 0.383517 0.529946 0.012594 0.012825
0 0.684430 0.637217 0.011768 0.011820
0 0.021451 0.544148 0.011503 0.011569
0 0.245469 0.714710 0.010815 0.010859
0 0.215416 0.714688 0.011065 0.011072
0 0.560435 0.162219 0.010164 0.010012
0 0.345380 0.296342 0.021834 0.021483
0 0.290152 0.708681 0.012378 0.012226
0 0.591844 0.468217 0.011419 0.011434
0 0.769590 0.325675 0.011438 0.011386
0 0.222775 0.409279 0.011023 0.010938
0 0.065452 0.454797 0.011987 0.012030
0 0.925861 0.722033 0.010847 0.010852
0 0.232196 0.455115 0.011011 0.010744
0 0.155127 0.095975 0.011221 0.010904
0 0.845840 0.690584 0.012310 0.012275
0 0.111128 0.979019 0.013747 0.013632
0 0.676854 0.005158 0.012967 0.010292
0 0.163943 0.667436 0.010265 0.010243
0 0.282819 0.530228 0.010697 0.010752
0 0.368543 0.792150 0.010420 0.010323
