0 0.748572 0.616016 0.012769 0.012609
0 0.524379 0.346503 0.013384 0.013256
0 0.485284 0.387256 0.012471 0.012567
0 0.136252 0.589545 0.013874 0.013798
0 0.969223 0.531907 0.013112 0.012997
0 0.554738 0.271854 0.012250 0.012116
0 0.862195 0.750521 0.013098 0.013203
0 0.307725 0.881667 0.012324 0.012338
0 0.117597 0.551993 0.013038 0.012787
0 0.186870 0.889666 0.013242 0.013202
0 0.154155 0.242910 0.011864 0.011695
0 0.271477 0.173260 0.013182 0.013164
0 0.684558 0.017333 0.013186 0.013186
0 0.869720 0.363102 0.013493 0.013397
0 0.458489 0.373743 0.012269 0.012190
0 0.301073 0.209312 0.013327 0.013245
0 0.173913 0.180875 0.013088 0.013017
0 0.132505 0.652700 0.012751 0.012639
0 0.153262 0.729015 0.012264 0.012180
0 0.459667 0.957221 0.013041 0.013080
0 0.141519 0.429320 0.013412 0.013348
0 0.738749 0.389729 0.010068 0.010300
0 0.308198 0.419418 0.012985 0.012850
0 0.459813 0.155419 0.012073 0.012238
0 0.869730 0.963640 0.011904 0.012136
0 0.582614 0.179249 0.012281 0.012315
0 0.745185 0.969546 0.011992 0.012171
0 0.788067 0.115926 0.013495 0.013204
0 0.318397 0.384636 0.011334 0.011425
0 0.108680 0.671470 0.013586 0.013589
0 0.642807 0.173413 0.012521 0.012648
0 0.800782 0.243655 0.012851 0.012764
0 0.267395 0.877363 0.012401 0.012487
0 0.142068 0.296973 0.012038 0.011985
0 0.109753 0.979594 0.013894 0.014001
0 0.455839 0.467104 0.012005 0.011956
0 0.804246 0.738612 0.013517 0.013368
0 0.375986 0.118129 0.011251 0.011291
0 0.426932 0.831143 0.010749 0.010644
0 0.344121 0.295647 0.022068 0.022125
0 0.459444 0.341196 0.012645 0.012465
0 0.470276 0.211802 0.012969 0.012989
0 0.311618 0.612376 0.012689 0.012219
0 0.224273 0.354856 0.012268 0.012080
0 0.088828 0.768215 0.012627 0.012617
0 0.226973 0.650305 0.012611 0.012339
0 0.498864 0.749706 0.010657 0.010463
0 0.531618 0.636787 0.023208 0.024031
0 0.948509 0.422985 0.011574 0.011498
0 0.400168 0.015777 0.012475 0.012400
0 0.441704 0.759639 0.009779 0.009840
0 0.338217 0.260376 0.011827 0.011764
0 0.218166 0.470024 0.012446 0.012391
0 0.867415 0.006144 0.009554 0.009785
0 0.849740 0.718274 0.020022 0.019864
0 0.338794 0.961182 0.011085 0.011178
0 0.004120 0.746842 0.008240 0.011987
0 0.306098 0.792177 0.011131 0.010656
0 0.614511 0.984673 0.012874 0.012705
0 0.052345 0.366573 0.011028 0.011058
0 0.615147 0.046027 0.011641 0.011680
0 0.293717 0.316575 0.012722 0.012341
0 0.008403 0.667995 0.011604 0.011644
0 0.788050 0.004575 0.013069 0.009150
0 0.495687 0.523474 0.010877 0.011002
0 0.657618 0.254823 0.010882 0.010824
0 0.786285 0.731740 0.017873 0.017843
0 0.201185 0.398422 0.010956 0.010938
0 0.680859 0.035549 0.011961 0.011844
0 0.920282 0.145306 0.018024 0.017598
0 0.003821 0.484877 0.007451 0.013232
0 0.991277 0.396291 0.011401 0.011571
0 0.632076 0.085277 0.019777 0.020069
0 0.917402 0.773928 0.011103 0.011114
0 0.441115 0.058689 0.011812 0.011914
