0 0.512559 0.457127 0.018322 0.018304
0 0.280967 0.433296 0.014788 0.014679
0 0.040990 0.602833 0.014151 0.014171
0 0.872122 0.980249 0.013595 0.013840
0 0.912399 0.295546 0.013948 0.013926
0 0.241920 0.779428 0.014294 0.014283
0 0.127623 0.837855 0.014320 0.014634
0 0.626148 0.724241 0.013791 0.013877
0 0.787853 0.336188 0.014739 0.014654
0 0.416844 0.366876 0.014986 0.015092
0 0.952537 0.941627 0.014373 0.014238
0 0.408625 0.740941 0.015274 0.015395
0 0.086989 0.244602 0.014481 0.014628
0 0.669701 0.266978 0.014323 0.014478
0 0.327029 0.921923 0.013683 0.013596
0 0.408687 0.979386 0.013565 0.013649
0 0.587142 0.571352 0.014189 0.014140
0 0.793554 0.556621 0.016263 0.015972
0 0.793545 0.397605 0.014165 0.014096
0 0.228140 0.691220 0.013964 0.014036
0 0.238743 0.813520 0.014490 0.014237
0 0.482485 0.625155 0.014384 0.014368
0 0.680139 0.553180 0.014980 0.015072
0 0.329175 0.187103 0.015801 0.016031
0 0.716407 0.384359 0.014555 0.014127
0 0.617970 0.612573 0.015518 0.015552
0 0.621368 0.957245 0.014324 0.014300
0 0.099014 0.207531 0.013949 0.014100
0 0.444478 0.050760 0.014894 0.015082
0 0.767669 0.456004 0.014560 0.014728
0 0.728663 0.506309 0.014371 0.014147
0 0.853088 0.228772 0.014212 0.014312
0 0.974349 0.430374 0.013208 0.013323
0 0.311044 0.257506 0.014527 0.014425
0 0.337978 0.611658 0.014166 0.014265
0 0.286916 0.199294 0.014709 0.014590
0 0.316351 0.802613 0.014197 0.014206
0 0.759581 0.836636 0.014745 0.014775
0 0.616536 0.503810 0.015074 0.014914
0 0.128517 0.577797 0.013336 0.013237
0 0.355064 0.468443 0.014880 0.014987
0 0.251869 0.526652 0.014180 0.014067
0 0.631173 0.194761 0.013882 0.013740
0 0.646492 0.319062 0.015101 0.015540
0 0.436375 0.539902 0.014264 0.014272
0 0.465915 0.663784 0.014676 0.014482
0 0.159314 0.040793 0.015026 0.015073
0 0.296496 0.027572 0.014450 0.014432
0 0.907986 0.982342 0.014493 0.014512
0 0.957980 0.804959 0.014529 0.014562
0 0.196077 0.625567 0.013580 0.013659
0 0.960377 0.881278 0.013961 0.013890
0 0.102166 0.724773 0.014398 0.014395
0 0.058587 0.822359 0.014479 0.014473
0 0.650332 0.506248 0.014136 0.014462
0 0.781772 0.949756 0.015405 0.015557
0 0.164462 0.396112 0.015190 0.015265
0 0.074362 0.071272 0.014412 0.014471
0 0.183509 0.430015 0.014407 0.014609
0 0.762184 0.680327 0.013884 0.013728
0 0.398448 0.380710 0.013903 0.013763
0 0.389678 0.022161 0.015322 0.015431
0 0.954307 0.749193 0.014397 0.014424
0 0.403031 0.483334 0.014845 0.014634
0 0.041151 0.259102 0.015614 0.015329
0 0.423862 0.309913 0.014565 0.014565
0 0.894666 0.740945 0.014477 0.014325
0 0.758271 0.552162 0.014519 0.014601
0 0.892316 0.565354 0.015492 0.015305
0 0.486198 0.891474 0.015156 0.014981
0 0.526094 0.640537 0.020708 0.020292
0 0.972406 0.168112 0.014694 0.014918
0 0.958262 0.410740 0.013887 0.013473
0 0.704838 0.056951 0.013979 0.014084
0 0.375130 0.403270 0.014362 0.014444
0 0.300480 0.363795 0.015617 0.015883
0 0.895049 0.249379 0.014273 0.014555
0 0.755260 0.497882 0.013368 0.013342
0 0.742789 0.097090 0.013926 0.013843
0 0.848383 0.719970 0.022615 0.022343
0 0.346247 0.298853 0.023117 0.022847
0 0.738120 0.617403 0.015975 0.015838
0 0.979793 0.092421 0.012617 0.012706
0 0.877114 0.398789 0.012893 0.012687
0 0.185352 0.022067 0.014834 0.014884
0 0.095804 0.969884 0.014646 0.014146
0 0.604175 0.435438 0.014493 0.014207
0 0.468211 0.105349 0.014496 0.014473
0 0.234706 0.514269 0.015235 0.015202
0 0.986519 0.506705 0.016545 0.016166
0 0.314371 0.711113 0.015439 0.014890
0 0.004912 0.943621 0.009710 0.011798
0 0.954031 0.580250 0.015536 0.015552
0 0.161912 0.581132 0.014994 0.015134
0 0.119323 0.905541 0.015960 0.015849
0 0.667792 0.026275 0.014446 0.014296
0 0.188315 0.046552 0.015154 0.015186
0 0.839883 0.814552 0.014903 0.014905
0 0.403134 0.283710 0.015892 0.016158
0 0.764681 0.192253 0.014686 0.014703
0 0.841882 0.565460 0.016438 0.016480
0 0.268055 0.507149 0.015346 0.015102
0 0.920619 0.145347 0.020081 0.019596
0 0.253126 0.557677 0.014498 0.014510
0 0.012295 0.909766 0.014234 0.013859
0 0.216063 0.309776 0.014410 0.014192
0 0.765129 0.261199 0.013004 0.012390
0 0.790173 0.624636 0.014276 0.014087
0 0.849934 0.152883 0.012811 0.012928
0 0.106273 0.057986 0.015210 0.015063
0 0.631839 0.131426 0.014665 0.015491
0 0.693749 0.080870 0.014621 0.015084
0 0.544712 0.384882 0.014040 0.013850
0 0.555416 0.190270 0.015624 0.015893
0 0.883015 0.257569 0.012388 0.012331
0 0.595459 0.160455 0.013792 0.013758
0 0.376965 0.227089 0.019367 0.018896
0 0.698238 0.827321 0.019439 0.019471
0 0.523487 0.017856 0.018352 0.017947
0 0.998293 0.871330 0.003415 0.015426
0 0.603234 0.995672 0.015385 0.008656
0 0.619891 0.056976 0.012193 0.012821
0 0.460126 0.716932 0.014352 0.014083
0 0.450374 0.214276 0.020005 0.020152
0 0.491910 0.739943 0.013962 0.013929
0 0.940992 0.659344 0.013134 0.012940
0 0.489066 0.739777 0.015987 0.015787
0 0.540759 0.410817 0.014049 0.013864
0 0.092055 0.909252 0.014711 0.014876
0 0.071811 0.427229 0.015138 0.015195
0 0.630665 0.090064 0.015831 0.015602
0 0.941276 0.661489 0.012121 0.011564
0 0.401787 0.243206 0.016412 0.016135
0 0.724382 0.184739 0.014137 0.014131
0 0.579535 0.148190 0.013010 0.012939
0 0.006282 0.319941 0.012333 0.017578
0 0.872210 0.602882 0.015229 0.015262
0 0.696502 0.829435 0.019527 0.020341
