0 0.054373 0.353487 0.012998 0.012822
0 0.665309 0.096343 0.012988 0.012859
0 0.879860 0.355771 0.012593 0.012426
0 0.634421 0.317391 0.012504 0.012448
0 0.804372 0.339125 0.011818 0.011741
0 0.539516 0.514657 0.012227 0.012150
0 0.279246 0.436327 0.011912 0.011866
0 0.461677 0.095576 0.013043 0.012866
0 0.467539 0.497037 0.014855 0.014803
0 0.738553 0.576690 0.011865 0.011857
0 0.676882 0.404770 0.013009 0.012774
0 0.825427 0.160965 0.012759 0.012597
0 0.838251 0.262036 0.013123 0.012978
0 0.450731 0.423864 0.011851 0.011754
0 0.885126 0.737253 0.013070 0.012956
0 0.924977 0.035440 0.012220 0.012082
0 0.836122 0.501824 0.011740 0.011733
0 0.689581 0.564318 0.012874 0.012879
0 0.095788 0.380884 0.010915 0.010810
0 0.686958 0.266754 0.012761 0.012657
0 0.794556 0.058309 0.012560 0.012529
0 0.453187 0.322432 0.012155 0.012121
0 0.903153 0.540922 0.012996 0.012739
0 0.883148 0.150107 0.012921 0.012862
0 0.782212 0.094516 0.013551 0.013625
0 0.921623 0.311383 0.013064 0.012822
0 0.596044 0.163777 0.012847 0.012901
0 0.525240 0.411627 0.011814 0.011707
0 0.432435 0.619337 0.013008 0.012919
0 0.419768 0.411600 0.012474 0.012285
0 0.346430 0.373575 0.012600 0.012740
0 0.489934 0.199792 0.012562 0.012535
0 0.785325 0.354543 0.012968 0.012885
0 0.942278 0.416761 0.013200 0.013280
0 0.733694 0.622230 0.013661 0.013531
0 0.180443 0.620701 0.012396 0.012230
0 0.537778 0.195580 0.012940 0.013075
0 0.719783 0.056259 0.012709 0.012561
0 0.582311 0.519151 0.013668 0.013742
0 0.077067 0.618145 0.012791 0.012631
0 0.467450 0.166883 0.014136 0.013899
0 0.417733 0.302740 0.014330 0.014157
0 0.320482 0.873216 0.012757 0.012818
0 0.923534 0.847430 0.013717 0.013639
0 0.308397 0.501416 0.012306 0.012537
0 0.158365 0.186677 0.013357 0.013167
0 0.439929 0.744735 0.013382 0.013181
0 0.207903 0.536519 0.013299 0.013344
0 0.655147 0.588347 0.012396 0.012367
0 0.549631 0.568703 0.014310 0.014135
0 0.252829 0.171687 0.012901 0.013032
0 0.484441 0.571104 0.012833 0.012904
0 0.384562 0.693309 0.012226 0.012312
0 0.271734 0.579085 0.012134 0.012151
0 0.067734 0.857166 0.013052 0.013089
0 0.016656 0.365274 0.014676 0.014538
0 0.278887 0.931539 0.010958 0.011035
0 0.508679 0.357275 0.012793 0.012694
0 0.017621 0.816897 0.012552 0.012445
0 0.053503 0.658795 0.013256 0.013432
0 0.890594 0.588191 0.012071 0.012160
0 0.411250 0.902931 0.012519 0.012582
0 0.436954 0.572516 0.013185 0.013093
0 0.172681 0.964647 0.010964 0.010702
0 0.658935 0.608723 0.014425 0.014281
0 0.478315 0.968935 0.013781 0.013661
0 0.305694 0.761364 0.012023 0.011872
0 0.484535 0.281552 0.010456 0.010305
0 0.552619 0.732851 0.012055 0.012116
0 0.249104 0.436552 0.012538 0.012372
0 0.609616 0.778843 0.013860 0.013920
0 0.119390 0.167868 0.012296 0.012353
0 0.710497 0.672876 0.011004 0.011239
0 0.321225 0.283952 0.012387 0.012514
0 0.332760 0.787548 0.012682 0.012638
0 0.110341 0.697806 0.012714 0.012776
0 0.860983 0.609224 0.012163 0.012179
0 0.283895 0.669063 0.012608 0.012627
0 0.393363 0.952413 0.012741 0.012637
0 0.430076 0.017723 0.014659 0.014539
0 0.578032 0.957743 0.014909 0.014963
0 0.087361 0.926458 0.011937 0.011759
0 0.968203 0.031815 0.010084 0.009687
0 0.752834 0.436505 0.011121 0.011066
0 0.243909 0.817686 0.012967 0.013216
0 0.454392 0.866498 0.012704 0.012656
0 0.767215 0.536947 0.012899 0.012582
0 0.555195 0.695918 0.011741 0.011972
0 0.982911 0.074253 0.012220 0.012281
0 0.803362 0.542046 0.011471 0.011348
0 0.868884 0.570442 0.011144 0.011303
0 0.048984 0.784193 0.012467 0.012524
0 0.967735 0.605320 0.011300 0.010745
0 0.826237 0.007509 0.013466 0.013670
0 0.770777 0.496152 0.011750 0.011571
0 0.087385 0.724161 0.011535 0.011573
0 0.135403 0.944640 0.011308 0.011216
0 0.065744 0.918040 0.010636 0.010191
0 0.032587 0.903776 0.011125 0.011045
0 0.129680 0.008049 0.011837 0.012063
0 0.213468 0.991101 0.011925 0.011950
0 0.884896 0.117121 0.009702 0.009444
0 0.983692 0.651239 0.010563 0.010507
0 0.902877 0.072460 0.009892 0.009972
0 0.914260 0.325567 0.013085 0.013046
0 0.733992 0.421521 0.009049 0.008985
0 0.244249 0.453716 0.012319 0.012476
0 0.864766 0.870449 0.011189 0.011117
0 0.870295 0.108866 0.012109 0.011649
0 0.454498 0.458868 0.013432 0.013004
0 0.445179 0.700475 0.012487 0.012308
0 0.980759 0.513330 0.014047 0.013819
0 0.433966 0.694334 0.011499 0.011163
0 0.792257 0.913250 0.011637 0.011527
0 0.822352 0.743137 0.013141 0.013306
0 0.534594 0.630571 0.024179 0.023878
0 0.851727 0.995433 0.012089 0.009135
0 0.730175 0.886637 0.013158 0.013060
0 0.349449 0.290721 0.024638 0.024803
0 0.442685 0.457087 0.012819 0.012897
0 0.547514 0.956400 0.013134 0.013156
0 0.773977 0.849814 0.013152 0.012996
0 0.917744 0.646268 0.011295 0.011498
0 0.983373 0.512948 0.015063 0.013507
0 0.911955 0.926496 0.011799 0.011869
0 0.879933 0.977562 0.012988 0.012832
0 0.987895 0.512599 0.013359 0.013304
