0 0.704788 0.363552 0.016997 0.017047
0 0.713441 0.587379 0.017411 0.017234
0 0.448900 0.241906 0.015427 0.015562
0 0.961044 0.260462 0.016247 0.015947
0 0.094957 0.267555 0.015197 0.015245
0 0.114888 0.570177 0.016764 0.017012
0 0.892492 0.385086 0.014155 0.014171
0 0.806317 0.400316 0.014281 0.014261
0 0.230822 0.302840 0.013626 0.013668
0 0.243037 0.199438 0.015236 0.014882
0 0.531420 0.343602 0.014063 0.014090
0 0.623545 0.749832 0.015311 0.015311
0 0.730715 0.038928 0.016057 0.016016
0 0.694432 0.710495 0.014606 0.014591
0 0.958715 0.674818 0.014884 0.014923
0 0.472184 0.138517 0.014245 0.014299
0 0.075538 0.810460 0.014063 0.013939
0 0.483670 0.194032 0.014546 0.014466
0 0.665767 0.543553 0.015627 0.015722
0 0.280604 0.430900 0.015218 0.014965
0 0.084196 0.348795 0.014828 0.014727
0 0.207841 0.760901 0.014116 0.014005
0 0.095185 0.612231 0.015363 0.015604
0 0.586233 0.157486 0.015183 0.014887
0 0.958133 0.949489 0.014238 0.014058
0 0.953575 0.535744 0.014335 0.014286
0 0.097490 0.474522 0.014887 0.014891
0 0.765989 0.482355 0.016318 0.016357
0 0.303491 0.314652 0.014744 0.014550
0 0.901853 0.325221 0.015355 0.015478
0 0.596041 0.568539 0.014401 0.014287
0 0.369881 0.690866 0.013979 0.013830
0 0.117024 0.907887 0.015237 0.014962
0 0.254581 0.026140 0.014320 0.014191
0 0.476091 0.418497 0.014793 0.014719
0 0.053926 0.303022 0.014100 0.014273
0 0.801241 0.935753 0.013902 0.013707
0 0.371295 0.587846 0.014353 0.014353
0 0.238313 0.686412 0.014657 0.014702
0 0.862701 0.279768 0.014299 0.014198
0 0.327037 0.601072 0.017789 0.017649
0 0.352769 0.936100 0.014977 0.014654
0 0.541784 0.549468 0.015469 0.015324
0 0.722371 0.526020 0.014286 0.014253
0 0.152934 0.944574 0.014083 0.014021
0 0.441069 0.602228 0.015804 0.015716
0 0.664882 0.120323 0.014856 0.014853
0 0.170022 0.629964 0.014991 0.014922
0 0.313893 0.457006 0.014837 0.014738
0 0.803038 0.656191 0.014733 0.014552
0 0.103177 0.053832 0.014403 0.014152
0 0.582230 0.125766 0.014560 0.014645
0 0.636450 0.140810 0.014340 0.014336
0 0.350281 0.229402 0.014192 0.014231
0 0.052577 0.679286 0.013903 0.013634
0 0.205352 0.254299 0.016649 0.016448
0 0.135963 0.869434 0.014917 0.014902
0 0.739246 0.124004 0.014306 0.014042
0 0.287269 0.769788 0.014721 0.014679
0 0.299711 0.882507 0.014742 0.014360
0 0.661459 0.653943 0.014339 0.014486
0 0.396394 0.408552 0.017099 0.017053
0 0.959904 0.447421 0.015406 0.015429
0 0.872394 0.921158 0.013726 0.013899
0 0.155375 0.683026 0.013961 0.013948
0 0.789828 0.146833 0.014673 0.014706
0 0.717851 0.200927 0.015275 0.015163
0 0.307418 0.979758 0.014560 0.014436
0 0.721348 0.278081 0.014815 0.014699
0 0.750218 0.359566 0.013622 0.013890
0 0.324112 0.284854 0.015472 0.015304
0 0.686121 0.408665 0.016207 0.016224
0 0.274926 0.869400 0.014175 0.013996
0 0.215131 0.708493 0.014442 0.014626
0 0.497865 0.909222 0.014935 0.014754
0 0.709463 0.436592 0.014728 0.014415
0 0.068432 0.576875 0.020516 0.020461
0 0.784506 0.344538 0.014386 0.014375
0 0.692073 0.659259 0.018316 0.018118
0 0.771041 0.784535 0.014524 0.014818
0 0.509124 0.598738 0.013952 0.013900
0 0.972226 0.030566 0.014929 0.014675
0 0.880590 0.496955 0.014699 0.014843
0 0.651175 0.929846 0.014688 0.014679
0 0.302527 0.599902 0.014782 0.014624
0 0.204185 0.383065 0.014845 0.014704
0 0.942002 0.110872 0.013883 0.013922
0 0.644200 0.305719 0.016177 0.016038
0 0.806616 0.825484 0.014936 0.014854
0 0.515781 0.208037 0.014906 0.014944
0 0.164468 0.212554 0.015489 0.015521
0 0.613373 0.505144 0.014496 0.014602
0 0.474580 0.378157 0.014152 0.014274
0 0.278526 0.626757 0.015874 0.015627
0 0.633061 0.977326 0.013679 0.013630
0 0.206134 0.784554 0.014350 0.014118
0 0.376105 0.230100 0.019068 0.018901
0 0.347299 0.299213 0.023357 0.023068
0 0.023929 0.007804 0.015378 0.015115
0 0.753410 0.950884 0.014125 0.014369
0 0.533482 0.640271 0.023339 0.022989
0 0.762237 0.630831 0.014198 0.014135
0 0.282323 0.729046 0.014534 0.014310
0 0.767043 0.550284 0.013324 0.013193
0 0.986678 0.300128 0.014115 0.014161
0 0.788151 0.556899 0.015551 0.015869
0 0.356999 0.896835 0.013908 0.013675
0 0.965046 0.189267 0.013970 0.013720
0 0.989257 0.528563 0.014669 0.014833
0 0.773978 0.707159 0.014494 0.014481
0 0.636206 0.088444 0.021929 0.021851
0 0.837847 0.013978 0.015455 0.015341
0 0.089517 0.913659 0.015571 0.015581
0 0.710479 0.667719 0.013236 0.013176
0 0.048829 0.372505 0.014104 0.014106
0 0.922576 0.147754 0.020950 0.020685
0 0.004263 0.062585 0.008509 0.016055
0 0.398763 0.170411 0.017101 0.016909
0 0.145300 0.416066 0.014934 0.015006
0 0.069325 0.472155 0.014193 0.014104
0 0.985247 0.505038 0.017168 0.017127
0 0.879478 0.591820 0.023946 0.023649
0 0.266495 0.509320 0.014291 0.014255
0 0.788284 0.872817 0.015042 0.015331
0 0.913074 0.991934 0.018031 0.015984
0 0.526544 0.173324 0.016602 0.016470
0 0.600623 0.428655 0.014542 0.014168
0 0.015496 0.167042 0.013112 0.013108
0 0.266776 0.491011 0.014935 0.014822
0 0.647806 0.810573 0.013794 0.013680
0 0.174790 0.994682 0.014679 0.010636
0 0.131380 0.654848 0.014572 0.014643
0 0.181247 0.028962 0.015255 0.014943
0 0.803950 0.600351 0.017792 0.017741
0 0.524751 0.019666 0.019049 0.018694
0 0.601740 0.620257 0.014330 0.014870
0 0.670092 0.192676 0.019470 0.019858
0 0.003683 0.447968 0.007206 0.015665
0 0.705133 0.830291 0.017664 0.017195
0 0.197595 0.527447 0.014463 0.014406
0 0.851167 0.111642 0.015512 0.015273
0 0.750132 0.643357 0.014660 0.014247
0 0.629308 0.626445 0.014018 0.014091
0 0.848271 0.111699 0.015270 0.015096
0 0.312360 0.414716 0.015521 0.015329
0 0.176371 0.993731 0.014380 0.012204
0 0.046326 0.326254 0.017961 0.017776
0 0.850153 0.721981 0.020972 0.020825
0 0.910517 0.993344 0.018887 0.013268
0 0.951121 0.814085 0.018668 0.018731
