0 0.749190 0.616647 0.013539 0.013540
0 0.871866 0.882077 0.012472 0.012379
0 0.395143 0.696813 0.013005 0.012823
0 0.366091 0.389812 0.012711 0.012604
0 0.187435 0.889560 0.013205 0.013162
0 0.658006 0.482826 0.012689 0.012728
0 0.541880 0.551855 0.011331 0.011085
0 0.061595 0.613393 0.013540 0.013342
0 0.514350 0.562933 0.012864 0.013147
0 0.543763 0.972137 0.013683 0.013421
0 0.289196 0.066452 0.012281 0.012153
0 0.720370 0.731001 0.012848 0.012926
0 0.337482 0.658793 0.012873 0.012978
0 0.459344 0.956386 0.013921 0.013950
0 0.211392 0.568570 0.012573 0.012657
0 0.370111 0.082937 0.013534 0.013699
0 0.341523 0.169148 0.013539 0.013389
0 0.696642 0.390171 0.012289 0.011919
0 0.418150 0.392185 0.013228 0.013100
0 0.606463 0.391418 0.012741 0.012526
0 0.122259 0.714933 0.012099 0.012066
0 0.741642 0.455276 0.013700 0.013729
0 0.226275 0.649820 0.012482 0.012180
0 0.568382 0.237255 0.013612 0.013518
0 0.101837 0.780212 0.011724 0.011643
0 0.534976 0.676982 0.012561 0.012630
0 0.175234 0.394865 0.013659 0.013821
0 0.106365 0.623905 0.011759 0.011848
0 0.568051 0.788306 0.014189 0.014134
0 0.766375 0.150750 0.011322 0.011328
0 0.493994 0.366381 0.013094 0.013066
0 0.847673 0.129250 0.011389 0.011287
0 0.027972 0.405436 0.011332 0.011472
0 0.716422 0.464334 0.010908 0.010904
0 0.344881 0.296045 0.022668 0.023312
0 0.191548 0.950649 0.013446 0.013319
0 0.332875 0.516862 0.011974 0.011738
0 0.141698 0.295425 0.012973 0.012999
0 0.979134 0.673951 0.013334 0.013149
0 0.326249 0.272204 0.012359 0.012082
0 0.065291 0.273594 0.013739 0.013672
0 0.590927 0.305644 0.012054 0.011961
0 0.356554 0.715496 0.012826 0.012626
0 0.847643 0.719643 0.019250 0.018753
0 0.236916 0.476441 0.013353 0.013210
0 0.778098 0.566604 0.010798 0.011039
0 0.706782 0.009355 0.011606 0.011534
0 0.658963 0.333177 0.012253 0.012661
0 0.530351 0.635777 0.022734 0.022809
0 0.651296 0.909444 0.012660 0.012597
0 0.762392 0.047787 0.012381 0.012223
0 0.688153 0.106156 0.010875 0.010874
0 0.249047 0.008302 0.012611 0.012748
0 0.441987 0.585891 0.013016 0.013082
0 0.424386 0.765923 0.011482 0.011502
0 0.448754 0.215184 0.013387 0.013854
0 0.110067 0.979841 0.013381 0.013415
0 0.186301 0.042500 0.010873 0.011118
0 0.523973 0.348121 0.013395 0.013156
0 0.394252 0.436543 0.012472 0.012381
0 0.651215 0.821614 0.013559 0.013797
0 0.184009 0.106436 0.012119 0.011980
0 0.626875 0.115946 0.012139 0.012212
0 0.103891 0.490309 0.013871 0.014095
0 0.196516 0.476391 0.011580 0.011657
0 0.849653 0.021608 0.009947 0.009929
0 0.441216 0.058074 0.011547 0.011981
0 0.752044 0.714658 0.010953 0.010695
0 0.367959 0.281522 0.012331 0.012207
0 0.046458 0.762893 0.011900 0.011722
0 0.590362 0.006445 0.013311 0.012533
0 0.175599 0.688809 0.011595 0.011666
0 0.967089 0.365873 0.009793 0.009942
0 0.078593 0.567262 0.010950 0.010997
0 0.047713 0.519697 0.010958 0.010923
0 0.936061 0.018718 0.011115 0.010965
0 0.704152 0.552372 0.011690 0.011512
0 0.669074 0.190728 0.015783 0.015367
0 0.022657 0.145219 0.011336 0.011598
0 0.435844 0.209698 0.011076 0.011046
0 0.784372 0.728916 0.021183 0.021013
0 0.920542 0.144669 0.018241 0.018532
0 0.620252 0.780768 0.019736 0.019526
0 0.967410 0.367526 0.009786 0.009557
0 0.632832 0.085794 0.020814 0.020833
