0 0.831212 0.625757 0.013210 0.013204
0 0.469390 0.447540 0.011536 0.011454
0 0.413630 0.907713 0.011693 0.011557
0 0.706432 0.888854 0.012967 0.012791
0 0.137400 0.925848 0.012885 0.012663
0 0.770367 0.309033 0.013509 0.013408
0 0.457527 0.960966 0.012562 0.012465
0 0.956144 0.580131 0.013549 0.013546
0 0.185756 0.890801 0.012849 0.012674
0 0.920944 0.880557 0.013405 0.013345
0 0.132793 0.430328 0.011996 0.011962
0 0.110583 0.980607 0.013590 0.013617
0 0.520886 0.204051 0.013001 0.013015
0 0.291259 0.810093 0.013218 0.013166
0 0.332746 0.510671 0.013909 0.013816
0 0.437167 0.685145 0.013854 0.013837
0 0.748528 0.618906 0.013456 0.013300
0 0.927568 0.548758 0.013419 0.013326
0 0.043120 0.967318 0.013391 0.013268
0 0.926869 0.945636 0.012783 0.012683
0 0.504190 0.139866 0.013560 0.013774
0 0.172551 0.679104 0.012233 0.012176
0 0.182384 0.579965 0.012503 0.012425
0 0.162481 0.401453 0.013916 0.013968
0 0.067729 0.698386 0.013309 0.013265
0 0.754845 0.214921 0.013325 0.013133
0 0.791116 0.634719 0.012503 0.012359
0 0.276232 0.943797 0.012781 0.012891
0 0.208559 0.809456 0.013353 0.013140
0 0.091988 0.419633 0.011806 0.011502
0 0.254524 0.219480 0.014024 0.014137
0 0.358506 0.331556 0.012821 0.012737
0 0.218017 0.912901 0.013319 0.013393
0 0.817541 0.231207 0.011839 0.011904
0 0.801747 0.501239 0.011392 0.011765
0 0.553837 0.710727 0.012256 0.012129
0 0.282295 0.018545 0.012989 0.012894
0 0.778289 0.491249 0.013742 0.013759
0 0.650492 0.806445 0.011724 0.011593
0 0.118445 0.126271 0.014243 0.014271
0 0.730075 0.993756 0.012257 0.011766
0 0.044187 0.237094 0.011455 0.011470
0 0.060513 0.301731 0.012364 0.012011
0 0.462304 0.800529 0.012789 0.012627
0 0.387001 0.207121 0.012218 0.012298
0 0.280743 0.117578 0.013821 0.013852
0 0.501290 0.339815 0.013678 0.013851
0 0.525392 0.348702 0.013371 0.013224
0 0.551433 0.144924 0.013190 0.013111
0 0.717789 0.676240 0.013842 0.013652
0 0.409795 0.092932 0.012915 0.012958
0 0.541222 0.973784 0.011553 0.011333
0 0.607787 0.146480 0.013638 0.013783
0 0.227584 0.074153 0.013734 0.013522
0 0.222749 0.469441 0.012812 0.012792
0 0.902049 0.024406 0.013512 0.013442
0 0.452341 0.027338 0.011379 0.011333
0 0.350706 0.152444 0.012701 0.012578
0 0.145119 0.285258 0.013565 0.013590
0 0.915302 0.360262 0.011020 0.011026
0 0.476557 0.909591 0.011949 0.011727
0 0.305449 0.616035 0.012458 0.012232
0 0.496934 0.020202 0.011943 0.012011
0 0.434374 0.272605 0.011903 0.011977
0 0.563871 0.612948 0.012011 0.011877
0 0.870314 0.639801 0.013106 0.012867
0 0.968628 0.619604 0.011163 0.011195
0 0.602703 0.570868 0.012605 0.012641
0 0.805662 0.269998 0.011742 0.011853
0 0.641458 0.021947 0.013116 0.013102
0 0.240952 0.500571 0.011462 0.011528
0 0.652513 0.874616 0.011316 0.010997
0 0.172588 0.081836 0.012687 0.012367
0 0.280072 0.711738 0.012997 0.013069
0 0.884876 0.738233 0.012729 0.012663
0 0.881972 0.367396 0.010875 0.010522
0 0.032216 0.207574 0.011615 0.011694
0 0.956929 0.467007 0.012465 0.012260
0 0.716937 0.789663 0.012123 0.011806
0 0.092469 0.353934 0.012277 0.012244
0 0.009466 0.134350 0.012028 0.012116
0 0.379383 0.271626 0.012879 0.012845
0 0.848190 0.713670 0.021067 0.020424
0 0.773037 0.592478 0.012862 0.012976
0 0.362492 0.166731 0.013741 0.013697
0 0.491684 0.700009 0.012620 0.012633
0 0.297046 0.301367 0.012689 0.012994
0 0.416917 0.426570 0.011976 0.012272
0 0.004802 0.701967 0.009554 0.012696
0 0.423547 0.649397 0.012312 0.012512
0 0.191828 0.656389 0.011755 0.011884
0 0.224353 0.989432 0.013022 0.012744
0 0.225533 0.650868 0.012540 0.012323
0 0.440465 0.007734 0.011808 0.011854
0 0.666677 0.045256 0.013102 0.013261
0 0.847312 0.735442 0.012645 0.012766
0 0.489159 0.627730 0.012448 0.012339
0 0.441181 0.777818 0.012823 0.013111
0 0.096311 0.442908 0.012591 0.012367
0 0.013413 0.592642 0.011731 0.011789
0 0.943542 0.995837 0.011994 0.008304
0 0.421324 0.012435 0.012937 0.013104
0 0.300680 0.838296 0.011629 0.011812
0 0.537063 0.708800 0.012273 0.012470
0 0.697913 0.456286 0.011525 0.011903
0 0.442294 0.096934 0.012605 0.012672
0 0.845163 0.889529 0.013325 0.013486
0 0.082391 0.633531 0.011667 0.011750
0 0.985593 0.398151 0.011673 0.011710
0 0.971299 0.158464 0.011578 0.011772
0 0.421411 0.556248 0.013094 0.013072
0 0.776351 0.005618 0.013109 0.011203
0 0.950917 0.090633 0.011784 0.011579
0 0.794874 0.009312 0.011406 0.011335
0 0.759869 0.929215 0.012917 0.012919
0 0.726037 0.305367 0.013340 0.013219
0 0.822799 0.185787 0.012424 0.012494
0 0.912606 0.205265 0.013950 0.014014
0 0.466899 0.623193 0.011847 0.011663
0 0.560637 0.934880 0.011084 0.011257
0 0.400868 0.571145 0.011041 0.010995
0 0.937277 0.328770 0.010700 0.010906
