0 0.439397 0.515872 0.011653 0.011784
0 0.721979 0.087067 0.012171 0.012065
0 0.589319 0.063562 0.012707 0.012640
0 0.118618 0.346677 0.011647 0.011595
0 0.536628 0.069109 0.011580 0.011570
0 0.958866 0.454175 0.013334 0.013236
0 0.050770 0.265674 0.012142 0.012000
0 0.140764 0.300375 0.011058 0.010904
0 0.686795 0.074347 0.012025 0.011913
0 0.614407 0.133748 0.012229 0.012194
0 0.254186 0.203932 0.014322 0.014444
0 0.177903 0.039710 0.013359 0.013695
0 0.606851 0.587344 0.013915 0.013761
0 0.954739 0.209544 0.013472 0.013349
0 0.482101 0.043450 0.012826 0.013008
0 0.769441 0.081982 0.012376 0.012311
0 0.628277 0.320940 0.013340 0.013411
0 0.749053 0.616354 0.013512 0.013463
0 0.199934 0.144543 0.013334 0.013228
0 0.860388 0.322317 0.012473 0.012475
0 0.772892 0.200853 0.011992 0.011998
0 0.531521 0.509323 0.013650 0.013608
0 0.403585 0.418713 0.012255 0.012039
0 0.309708 0.456848 0.011584 0.011621
0 0.216552 0.437784 0.012171 0.012118
0 0.701940 0.961694 0.013075 0.012922
0 0.154637 0.710782 0.013343 0.013388
0 0.432679 0.778992 0.013185 0.013260
0 0.123012 0.652750 0.013743 0.013674
0 0.486108 0.766637 0.010619 0.010546
0 0.040120 0.152510 0.013516 0.013582
0 0.747194 0.977982 0.012453 0.012345
0 0.865132 0.007503 0.013083 0.013293
0 0.032930 0.210012 0.013029 0.012883
0 0.436342 0.293700 0.013080 0.013053
0 0.437088 0.564693 0.013252 0.013028
0 0.576493 0.274686 0.013245 0.012945
0 0.449235 0.811920 0.013631 0.013806
0 0.525378 0.346929 0.013383 0.013222
0 0.594861 0.538987 0.013470 0.013442
0 0.268495 0.348933 0.013147 0.013005
0 0.420735 0.627490 0.012626 0.012680
0 0.395906 0.562217 0.011021 0.010939
0 0.046551 0.071512 0.012702 0.012613
0 0.544813 0.208511 0.012568 0.012721
0 0.726912 0.581379 0.011685 0.011658
0 0.111355 0.664725 0.011803 0.011906
0 0.223725 0.467395 0.012452 0.012414
0 0.545381 0.973236 0.013214 0.012884
0 0.529497 0.696494 0.014263 0.014164
0 0.755591 0.032919 0.011278 0.011257
0 0.243663 0.528537 0.012331 0.012111
0 0.632768 0.216207 0.012110 0.011896
0 0.089347 0.315645 0.012479 0.012623
0 0.331885 0.518118 0.011501 0.011420
0 0.134024 0.962922 0.012918 0.013129
0 0.510221 0.339800 0.012257 0.012325
0 0.751199 0.736833 0.014375 0.014025
0 0.432989 0.085789 0.010696 0.010787
0 0.339238 0.007360 0.012608 0.012912
0 0.461186 0.962502 0.012700 0.012661
0 0.441291 0.058903 0.012552 0.012557
0 0.934473 0.843845 0.011580 0.011698
0 0.268044 0.012577 0.010957 0.011005
0 0.038790 0.563440 0.011535 0.011607
0 0.604883 0.186876 0.012576 0.012414
0 0.392785 0.763093 0.012980 0.013180
0 0.553169 0.986144 0.012862 0.013252
0 0.853383 0.493347 0.011366 0.011317
0 0.496267 0.542442 0.013154 0.012732
0 0.190783 0.601566 0.012232 0.012500
0 0.927652 0.112602 0.013690 0.013811
0 0.422440 0.556551 0.013738 0.013555
0 0.186535 0.890831 0.013246 0.013305
0 0.271071 0.972259 0.011945 0.011959
0 0.787690 0.142475 0.011932 0.012182
0 0.227180 0.648126 0.011580 0.011596
0 0.369816 0.884524 0.011781 0.011940
0 0.110538 0.980547 0.013620 0.013507
0 0.093730 0.925329 0.012554 0.012501
0 0.526823 0.744819 0.013343 0.012871
0 0.644615 0.888692 0.010654 0.010543
0 0.722396 0.254306 0.011587 0.011528
0 0.113365 0.506344 0.011159 0.010976
0 0.073168 0.659575 0.011701 0.011749
0 0.053703 0.988081 0.012001 0.011920
0 0.441664 0.220607 0.012999 0.012972
0 0.211790 0.552344 0.010436 0.010092
0 0.037411 0.875869 0.012754 0.012820
0 0.448789 0.093842 0.012791 0.012812
0 0.034565 0.648139 0.010861 0.010977
0 0.475906 0.960934 0.012963 0.012932
0 0.774566 0.004474 0.012556 0.008947
0 0.259343 0.742400 0.012596 0.012657
0 0.326442 0.366672 0.008034 0.007844
0 0.767382 0.125250 0.013953 0.013774
0 0.790454 0.003764 0.012976 0.007527
0 0.372424 0.809147 0.010454 0.010411
0 0.779913 0.921681 0.013060 0.013235
0 0.313075 0.853856 0.011496 0.011265
0 0.442786 0.219089 0.013986 0.013054
