0 0.690928 0.364442 0.017094 0.017009
0 0.213132 0.319134 0.013814 0.013684
0 0.959457 0.539608 0.014943 0.014928
0 0.036145 0.492789 0.013735 0.013663
0 0.187930 0.518309 0.014947 0.015152
0 0.756430 0.333944 0.013921 0.013924
0 0.259166 0.036984 0.014573 0.014565
0 0.703767 0.590983 0.017731 0.017559
0 0.881333 0.385485 0.013723 0.013803
0 0.542371 0.428634 0.014801 0.014520
0 0.329871 0.211548 0.014998 0.014740
0 0.090227 0.495363 0.015256 0.015323
0 0.652466 0.555977 0.015344 0.015529
0 0.561949 0.569989 0.015135 0.015330
0 0.241321 0.192628 0.015708 0.015390
0 0.575519 0.291489 0.013993 0.013996
0 0.735072 0.295534 0.015205 0.015070
0 0.681243 0.412247 0.015957 0.015830
0 0.598303 0.472444 0.014407 0.014301
0 0.803964 0.464494 0.014665 0.014684
0 0.219413 0.815917 0.014318 0.014259
0 0.422436 0.616554 0.014061 0.013822
0 0.088871 0.911146 0.015219 0.015297
0 0.216452 0.770098 0.013309 0.013099
0 0.720072 0.434048 0.014235 0.014188
0 0.286543 0.740896 0.014918 0.014826
0 0.215476 0.379360 0.014225 0.014202
0 0.589748 0.823465 0.014642 0.014578
0 0.075705 0.049253 0.014767 0.014801
0 0.473769 0.418668 0.015161 0.015035
0 0.233402 0.676395 0.014761 0.014769
0 0.431742 0.570865 0.014487 0.014623
0 0.285210 0.662327 0.015275 0.015216
0 0.447492 0.241204 0.015456 0.015541
0 0.045913 0.309130 0.014205 0.014178
0 0.139225 0.942671 0.014658 0.014577
0 0.347027 0.300025 0.022852 0.022107
0 0.789489 0.559193 0.015498 0.015792
0 0.609381 0.760175 0.017225 0.017060
0 0.954478 0.282726 0.015076 0.014745
0 0.955544 0.947781 0.014729 0.014492
0 0.945004 0.214548 0.014434 0.014561
0 0.924469 0.298824 0.015512 0.015608
0 0.721465 0.043763 0.017158 0.016957
0 0.433001 0.159783 0.014415 0.014485
0 0.877927 0.331102 0.014262 0.014183
0 0.905062 0.107716 0.014413 0.014368
0 0.282154 0.430973 0.015280 0.015171
0 0.665758 0.130810 0.014829 0.014927
0 0.709813 0.209912 0.015634 0.015442
0 0.702769 0.169398 0.014306 0.014282
0 0.394279 0.442577 0.014901 0.014886
0 0.559855 0.149337 0.014558 0.014561
0 0.702974 0.718873 0.014930 0.015378
0 0.349145 0.715883 0.015118 0.015334
0 0.654371 0.664892 0.015499 0.015526
0 0.472303 0.936701 0.015546 0.015586
0 0.382570 0.608289 0.014902 0.014821
0 0.476843 0.200626 0.013914 0.013712
0 0.162387 0.726447 0.015059 0.014644
0 0.618872 0.613152 0.014460 0.014515
0 0.887623 0.936520 0.013858 0.013982
0 0.739932 0.122555 0.014595 0.014444
0 0.533606 0.640932 0.022763 0.022263
0 0.765914 0.786829 0.014524 0.014931
0 0.130592 0.275158 0.014231 0.014532
0 0.113992 0.937095 0.015277 0.015282
0 0.373659 0.948235 0.015584 0.016081
0 0.806218 0.829531 0.014646 0.014661
0 0.252847 0.603337 0.015155 0.015154
0 0.597125 0.570468 0.014629 0.014375
0 0.344748 0.916649 0.014325 0.014389
0 0.766015 0.526496 0.014813 0.014860
0 0.176920 0.212655 0.015557 0.015510
0 0.689833 0.496699 0.013739 0.013713
0 0.986571 0.502829 0.016938 0.016814
0 0.509120 0.219346 0.014741 0.015062
0 0.945822 0.416490 0.015015 0.015075
0 0.758514 0.496109 0.017076 0.016964
0 0.509553 0.148849 0.014576 0.014330
0 0.053488 0.339760 0.014375 0.014300
0 0.463413 0.354670 0.018176 0.018063
0 0.849210 0.720916 0.022590 0.022543
0 0.684223 0.671499 0.016747 0.016680
0 0.772221 0.348565 0.014936 0.015063
0 0.834530 0.968795 0.014090 0.014349
0 0.204317 0.247858 0.016123 0.015978
0 0.005103 0.447886 0.010144 0.015657
0 0.790498 0.653585 0.014031 0.014203
0 0.144112 0.866929 0.014463 0.014309
0 0.118447 0.802805 0.014986 0.014748
0 0.744367 0.647194 0.015221 0.015046
0 0.585350 0.611904 0.015138 0.014846
0 0.023861 0.007577 0.015575 0.014937
0 0.005982 0.840650 0.011963 0.015411
0 0.720937 0.699775 0.014525 0.014423
0 0.705225 0.675455 0.014118 0.014444
0 0.748180 0.168977 0.014362 0.014303
0 0.749775 0.953308 0.014142 0.014452
0 0.618480 0.142226 0.014422 0.014377
0 0.635940 0.088367 0.021724 0.021749
0 0.964477 0.034471 0.014660 0.014479
0 0.722721 0.604757 0.015244 0.015053
0 0.644433 0.279697 0.015186 0.014937
0 0.526171 0.159630 0.015724 0.015219
0 0.986115 0.578367 0.013983 0.013664
0 0.910098 0.992501 0.017565 0.014997
0 0.263426 0.766871 0.014896 0.014814
0 0.925851 0.436964 0.016028 0.016118
0 0.994836 0.732875 0.010213 0.013960
0 0.868863 0.709620 0.015922 0.016187
0 0.829434 0.047468 0.014370 0.014357
0 0.055127 0.404280 0.014604 0.014601
0 0.922073 0.146982 0.021303 0.021096
0 0.376669 0.230485 0.019384 0.019110
0 0.004547 0.062999 0.009061 0.016003
0 0.524419 0.019405 0.019037 0.018628
0 0.641561 0.966380 0.014755 0.014455
0 0.319752 0.989301 0.015597 0.015615
0 0.322930 0.298899 0.012980 0.013333
0 0.309803 0.295501 0.014056 0.013870
0 0.878995 0.591453 0.024282 0.024022
0 0.275716 0.501524 0.015957 0.015962
0 0.802797 0.602485 0.017603 0.017611
0 0.067900 0.576039 0.021725 0.021952
0 0.376973 0.741247 0.022877 0.022692
0 0.276056 0.873055 0.013922 0.013773
0 0.542495 0.396446 0.014423 0.014407
0 0.471830 0.378934 0.014783 0.014840
0 0.540883 0.738426 0.021692 0.021983
0 0.262255 0.513251 0.014326 0.014272
0 0.902201 0.021525 0.012297 0.012169
0 0.263743 0.634618 0.014531 0.014473
0 0.862822 0.480958 0.014618 0.014252
0 0.128521 0.996758 0.012293 0.006485
0 0.591969 0.441133 0.014728 0.014290
0 0.626100 0.634059 0.014647 0.014424
0 0.267959 0.872799 0.012976 0.013351
0 0.997455 0.644853 0.005091 0.017571
0 0.702907 0.826840 0.020494 0.019816
0 0.144849 0.377640 0.015445 0.015646
0 0.834416 0.110171 0.014490 0.014594
0 0.670780 0.192223 0.020076 0.020009
0 0.205053 0.565858 0.014761 0.014824
0 0.081818 0.615856 0.014917 0.014735
0 0.302163 0.403302 0.015083 0.014359
0 0.845008 0.111853 0.015986 0.015568
0 0.862734 0.484007 0.015205 0.015193
0 0.302097 0.419273 0.015713 0.015114
0 0.264885 0.246830 0.020716 0.020521
0 0.094551 0.063760 0.013292 0.013221
0 0.159696 0.995989 0.013797 0.008021
