0 0.283284 0.153423 0.013332 0.013115
0 0.585539 0.541680 0.012346 0.012297
0 0.923257 0.372263 0.012815 0.012449
0 0.726180 0.563663 0.013053 0.013146
0 0.175281 0.921743 0.012020 0.011927
0 0.632024 0.509576 0.012143 0.012042
0 0.335139 0.095994 0.014331 0.014058
0 0.547395 0.221503 0.012676 0.012592
0 0.145192 0.804174 0.013272 0.013295
0 0.456927 0.962183 0.013446 0.013549
0 0.591126 0.052796 0.012762 0.012726
0 0.634544 0.460720 0.013278 0.013269
0 0.438506 0.358155 0.013887 0.014123
0 0.268986 0.330421 0.013897 0.014136
0 0.515349 0.558560 0.012510 0.012453
0 0.220655 0.253141 0.012445 0.012328
0 0.882583 0.972045 0.012502 0.012397
0 0.572249 0.373153 0.013654 0.013333
0 0.184868 0.891477 0.013329 0.013226
0 0.777375 0.127119 0.013876 0.013982
0 0.868283 0.438275 0.013281 0.013242
0 0.281565 0.068645 0.011782 0.011775
0 0.408368 0.589844 0.012366 0.012369
0 0.623151 0.259429 0.012879 0.012903
0 0.124349 0.538035 0.012734 0.012615
0 0.658215 0.028711 0.012865 0.012801
0 0.551290 0.469961 0.012761 0.012704
0 0.332233 0.573756 0.012637 0.012500
0 0.846667 0.272326 0.013922 0.014026
0 0.747743 0.619558 0.013780 0.013724
0 0.410847 0.107083 0.012041 0.012424
0 0.541250 0.692233 0.013635 0.013450
0 0.222177 0.470150 0.012092 0.012012
0 0.537997 0.423605 0.010905 0.010728
0 0.551398 0.026608 0.011937 0.012096
0 0.187751 0.263440 0.013566 0.013606
0 0.708592 0.227713 0.013458 0.013469
0 0.426015 0.048374 0.012611 0.012561
0 0.236341 0.603041 0.012759 0.012754
0 0.439254 0.091017 0.013102 0.012971
0 0.417420 0.824196 0.012653 0.012291
0 0.269069 0.140270 0.010053 0.009941
0 0.164893 0.065585 0.013070 0.013172
0 0.403870 0.054599 0.013997 0.013746
0 0.225560 0.652285 0.013229 0.013002
0 0.040433 0.363908 0.014012 0.014002
0 0.744100 0.154811 0.013405 0.013483
0 0.016938 0.720507 0.013033 0.012928
0 0.311264 0.971243 0.012403 0.012366
0 0.187850 0.151390 0.012521 0.012571
0 0.202087 0.753445 0.013053 0.013094
0 0.594889 0.005285 0.012048 0.010571
0 0.594804 0.677433 0.012188 0.011891
0 0.858071 0.576418 0.013810 0.013667
0 0.991701 0.272928 0.012938 0.012965
0 0.607868 0.501842 0.013664 0.013898
0 0.590863 0.902127 0.012950 0.012840
0 0.750981 0.771217 0.012810 0.012842
0 0.545445 0.974738 0.012987 0.012761
0 0.348226 0.678724 0.012619 0.012390
0 0.860517 0.781294 0.013326 0.013495
0 0.330897 0.268934 0.012506 0.012238
0 0.330564 0.518871 0.011175 0.011132
0 0.682683 0.977614 0.012691 0.012809
0 0.362886 0.220382 0.016721 0.016791
0 0.434140 0.589808 0.011213 0.010912
0 0.231846 0.284832 0.013075 0.013015
0 0.194091 0.420269 0.012346 0.012129
0 0.956498 0.341102 0.012848 0.012689
0 0.081569 0.078270 0.012045 0.012215
0 0.550143 0.289103 0.012776 0.012520
0 0.970331 0.175634 0.012926 0.012913
0 0.467159 0.075336 0.011427 0.011661
0 0.846666 0.717371 0.015420 0.015327
0 0.816662 0.231857 0.012580 0.012795
0 0.016220 0.994942 0.012533 0.010115
0 0.139960 0.490750 0.012291 0.012360
0 0.530725 0.360568 0.012684 0.012750
0 0.886135 0.472687 0.012828 0.012512
0 0.819550 0.030555 0.014007 0.013815
0 0.254023 0.150932 0.011358 0.011542
0 0.509192 0.502478 0.012643 0.012738
0 0.834042 0.040261 0.012949 0.012476
0 0.951569 0.124685 0.011547 0.011303
0 0.439700 0.477589 0.011873 0.012006
0 0.123448 0.110785 0.011156 0.011065
0 0.005708 0.309512 0.011384 0.012400
0 0.417393 0.273835 0.012519 0.012766
0 0.795143 0.304723 0.010823 0.011044
0 0.242595 0.942541 0.012758 0.012772
0 0.403632 0.639496 0.012729 0.012953
0 0.143234 0.293446 0.013225 0.013438
0 0.821799 0.185363 0.012637 0.012598
0 0.524358 0.349071 0.012803 0.012307
0 0.397824 0.570508 0.012072 0.011785
0 0.716498 0.533908 0.013161 0.013117
0 0.004892 0.250643 0.009683 0.012556
0 0.495399 0.543755 0.013574 0.013952
0 0.324536 0.369265 0.008437 0.008357
0 0.106334 0.766887 0.012493 0.012602
0 0.026721 0.442681 0.013007 0.013103
0 0.727850 0.105295 0.012033 0.012127
0 0.485043 0.067193 0.012121 0.012395
0 0.784733 0.005522 0.014604 0.011045
0 0.059501 0.161775 0.012606 0.012567
0 0.125648 0.983201 0.012411 0.012222
0 0.780920 0.005540 0.013961 0.011074
0 0.556168 0.275280 0.013115 0.013130
0 0.104338 0.550471 0.012650 0.012536
0 0.920456 0.139254 0.017558 0.016852
0 0.995491 0.881174 0.009019 0.010782
0 0.509919 0.319181 0.013293 0.013651
0 0.901164 0.732118 0.012873 0.013007
0 0.787213 0.005508 0.012492 0.011017
