0 0.283300 0.399277 0.014388 0.014360
0 0.200770 0.791129 0.013705 0.013637
0 0.090751 0.806909 0.012634 0.012604
0 0.037628 0.774986 0.012431 0.012266
0 0.172764 0.229055 0.011272 0.010996
0 0.685659 0.692812 0.013721 0.013543
0 0.819543 0.727549 0.012403 0.012286
0 0.118120 0.271638 0.011718 0.011946
0 0.031608 0.855517 0.012774 0.012695
0 0.155780 0.973224 0.013057 0.013169
0 0.458916 0.960176 0.011647 0.011630
0 0.540606 0.711550 0.011990 0.012030
0 0.495351 0.564653 0.013682 0.013842
0 0.730731 0.863925 0.013289 0.013222
0 0.226165 0.406467 0.012917 0.012956
0 0.508470 0.405896 0.012444 0.012468
0 0.026882 0.675442 0.013442 0.013398
0 0.187093 0.889387 0.013328 0.013344
0 0.030884 0.910987 0.013417 0.013576
0 0.719198 0.520034 0.012111 0.011569
0 0.217568 0.213095 0.011529 0.011583
0 0.348480 0.138706 0.013630 0.013838
0 0.909120 0.481601 0.012490 0.012189
0 0.555091 0.733207 0.012090 0.012120
0 0.542867 0.973749 0.011860 0.011778
0 0.032706 0.808089 0.011478 0.011490
0 0.475410 0.481429 0.012158 0.012274
0 0.110002 0.481671 0.012370 0.012456
0 0.719999 0.380898 0.011742 0.011779
0 0.094639 0.989521 0.013389 0.013044
0 0.004776 0.798849 0.009493 0.013033
0 0.847900 0.718366 0.018609 0.017958
0 0.269954 0.073528 0.010375 0.010384
0 0.460728 0.908381 0.012131 0.012172
0 0.528434 0.391711 0.012623 0.012684
0 0.237587 0.338635 0.011491 0.011523
0 0.224533 0.681935 0.012653 0.012808
0 0.069330 0.494890 0.011728 0.012063
0 0.060220 0.477024 0.013461 0.013780
0 0.564257 0.150953 0.011984 0.011727
0 0.464881 0.237962 0.013259 0.013313
0 0.108841 0.979017 0.013687 0.013623
0 0.531131 0.635661 0.020892 0.021231
0 0.265626 0.248062 0.010961 0.010882
0 0.226411 0.649186 0.012445 0.012025
0 0.002375 0.108182 0.004743 0.014148
0 0.162296 0.766596 0.012464 0.012411
0 0.402642 0.316906 0.012391 0.013039
0 0.344459 0.297246 0.021894 0.021414
0 0.526159 0.523152 0.011887 0.011789
0 0.701864 0.821686 0.018607 0.017632
0 0.491734 0.540059 0.009602 0.009989
0 0.748059 0.616753 0.012115 0.012194
0 0.997695 0.726274 0.004596 0.013938
0 0.103008 0.002609 0.012896 0.005219
0 0.356147 0.446235 0.011304 0.011508
0 0.420252 0.297915 0.009636 0.010641
0 0.413817 0.539234 0.012584 0.012919
