0 0.045405 0.349001 0.013869 0.013823
0 0.058384 0.842792 0.013798 0.013519
0 0.198673 0.748378 0.013829 0.013800
0 0.186390 0.888902 0.013081 0.012969
0 0.156880 0.898984 0.012041 0.012025
0 0.750095 0.615824 0.012780 0.012475
0 0.207226 0.798669 0.012853 0.012849
0 0.546259 0.491622 0.013486 0.013400
0 0.139280 0.048045 0.012532 0.012534
0 0.318389 0.772998 0.012383 0.012332
0 0.118694 0.209069 0.012108 0.012081
0 0.957845 0.600934 0.011282 0.011275
0 0.624737 0.526671 0.012605 0.012436
0 0.222210 0.155743 0.013559 0.013856
0 0.504249 0.874444 0.010185 0.009953
0 0.245344 0.400751 0.011167 0.011195
0 0.168540 0.012886 0.013027 0.013032
0 0.621452 0.726178 0.013404 0.013618
0 0.242388 0.828747 0.011794 0.011765
0 0.110370 0.979758 0.013957 0.014005
0 0.459901 0.960680 0.010835 0.010728
0 0.092101 0.944334 0.013240 0.013342
0 0.884093 0.822571 0.011686 0.011675
0 0.524445 0.346770 0.012518 0.012394
0 0.542903 0.973202 0.011448 0.011376
0 0.269406 0.232540 0.013196 0.013023
0 0.752533 0.685340 0.011515 0.011608
0 0.892612 0.369497 0.011168 0.010987
0 0.665843 0.447204 0.012317 0.012112
0 0.488770 0.224514 0.009357 0.009094
0 0.276294 0.178387 0.013260 0.013414
0 0.589137 0.965848 0.011010 0.011009
0 0.783238 0.345025 0.011211 0.011163
0 0.408693 0.098188 0.012463 0.012485
0 0.619387 0.150509 0.011991 0.011928
0 0.195004 0.921492 0.012004 0.011959
0 0.737481 0.839764 0.012134 0.011887
0 0.510180 0.046479 0.013156 0.013114
0 0.411319 0.291921 0.011483 0.011342
0 0.084407 0.995829 0.012897 0.008341
0 0.224084 0.005438 0.010340 0.010209
0 0.942866 0.422185 0.012913 0.012718
0 0.007345 0.566364 0.013544 0.013601
0 0.331437 0.517039 0.011334 0.011281
0 0.409691 0.731135 0.012079 0.012196
0 0.140618 0.551214 0.011402 0.011475
0 0.734191 0.936691 0.011993 0.011980
0 0.477043 0.749479 0.011907 0.011925
0 0.530991 0.637422 0.021089 0.021234
0 0.393334 0.994490 0.012601 0.011015
0 0.428364 0.276656 0.011819 0.011733
0 0.847477 0.717736 0.018987 0.018640
0 0.941882 0.264200 0.011692 0.011626
0 0.702138 0.821744 0.019010 0.018528
0 0.230846 0.551777 0.012975 0.012860
0 0.574051 0.238630 0.011782 0.011582
0 0.226676 0.650069 0.012342 0.012260
0 0.233498 0.934163 0.011545 0.011193
0 0.344572 0.296904 0.022481 0.022358
0 0.240721 0.508115 0.010491 0.010733
0 0.996734 0.864801 0.006448 0.012906
0 0.674650 0.011927 0.013041 0.012953
0 0.991622 0.766119 0.011841 0.012101
0 0.977954 0.675964 0.011421 0.011246
0 0.126675 0.150660 0.009906 0.009871
0 0.018941 0.784677 0.010405 0.010436
0 0.161763 0.555000 0.011291 0.011627
0 0.222378 0.467490 0.012525 0.012588
0 0.777545 0.026111 0.013546 0.013399
0 0.232840 0.130466 0.011777 0.011769
0 0.247091 0.489029 0.011685 0.012068
0 0.666732 0.822624 0.011509 0.011082
0 0.008315 0.352497 0.011232 0.011340
0 0.005802 0.546093 0.011248 0.011505
