0 0.607145 0.474520 0.012760 0.012665
0 0.565154 0.079038 0.012979 0.012882
0 0.578690 0.344897 0.013116 0.012982
0 0.879305 0.445366 0.011878 0.011817
0 0.581474 0.131099 0.013863 0.013609
0 0.100117 0.674300 0.013273 0.012959
0 0.107683 0.024612 0.011354 0.011423
0 0.545282 0.059198 0.013399 0.013293
0 0.660363 0.299018 0.011767 0.011721
0 0.082174 0.728127 0.012740 0.012723
0 0.009310 0.179186 0.011982 0.011900
0 0.920753 0.444538 0.012542 0.012480
0 0.569234 0.225916 0.013039 0.012874
0 0.030552 0.442296 0.014245 0.013696
0 0.448791 0.022803 0.012723 0.012509
0 0.167919 0.794206 0.013518 0.013166
0 0.077880 0.096952 0.011865 0.011855
0 0.039441 0.333508 0.012495 0.012556
0 0.658768 0.431773 0.013191 0.013234
0 0.182637 0.106091 0.012946 0.012916
0 0.518108 0.483046 0.012592 0.012448
0 0.103649 0.466566 0.012447 0.012354
0 0.802945 0.324037 0.012621 0.012823
0 0.784759 0.059601 0.013086 0.012980
0 0.955729 0.509767 0.015331 0.014872
0 0.018301 0.782280 0.013709 0.013734
0 0.820166 0.453725 0.012699 0.012541
0 0.077994 0.833808 0.012976 0.012939
0 0.110550 0.553564 0.012387 0.012211
0 0.861276 0.633471 0.013400 0.013366
0 0.738416 0.654656 0.012942 0.012885
0 0.075884 0.963684 0.013374 0.013379
0 0.458157 0.344408 0.012619 0.012721
0 0.282125 0.231374 0.012844 0.013047
0 0.475681 0.286744 0.012983 0.013151
0 0.135472 0.943769 0.013185 0.013012
0 0.121981 0.127118 0.013600 0.013672
0 0.550485 0.858985 0.011963 0.012112
0 0.691347 0.738760 0.012456 0.012578
0 0.194340 0.484825 0.012119 0.012069
0 0.279175 0.436475 0.011985 0.011826
0 0.389795 0.453040 0.012294 0.012304
0 0.515944 0.040014 0.013273 0.013431
0 0.141309 0.356231 0.012615 0.012559
0 0.679258 0.606418 0.012586 0.012599
0 0.489442 0.641026 0.012466 0.012382
0 0.656937 0.496895 0.012467 0.012569
0 0.640282 0.181992 0.013154 0.012958
0 0.633001 0.675678 0.012437 0.012345
0 0.940793 0.076134 0.012144 0.012085
0 0.251223 0.540355 0.013524 0.013494
0 0.506126 0.216316 0.014419 0.014269
0 0.225449 0.135526 0.012636 0.012630
0 0.220740 0.779077 0.012957 0.012906
0 0.045877 0.956835 0.012862 0.012700
0 0.317372 0.310254 0.012700 0.012434
0 0.557287 0.490662 0.014273 0.014256
0 0.565920 0.440869 0.013668 0.013711
0 0.009569 0.983696 0.011431 0.011500
0 0.411067 0.502500 0.012922 0.012894
0 0.832415 0.479566 0.012300 0.012330
0 0.561210 0.565690 0.011600 0.011346
0 0.735461 0.621435 0.014930 0.015157
0 0.822811 0.518144 0.014660 0.014421
0 0.393938 0.257842 0.013282 0.013118
0 0.004354 0.412371 0.008688 0.013642
0 0.050743 0.590371 0.012135 0.012115
0 0.779720 0.522725 0.012057 0.012115
0 0.708965 0.320833 0.011475 0.011587
0 0.804505 0.958829 0.011655 0.011657
0 0.815083 0.652304 0.013599 0.013819
0 0.794881 0.754055 0.011992 0.012323
0 0.865191 0.512951 0.014217 0.014426
0 0.209378 0.872958 0.012366 0.012276
0 0.995381 0.455009 0.009236 0.012710
0 0.124711 0.214512 0.014312 0.014614
0 0.892634 0.827164 0.011535 0.011735
0 0.538512 0.569164 0.012693 0.012736
0 0.964099 0.332474 0.013120 0.013742
0 0.257615 0.847127 0.013796 0.013482
0 0.823602 0.598004 0.013593 0.013640
0 0.228895 0.724783 0.012963 0.012833
0 0.925670 0.926411 0.011822 0.011828
0 0.141094 0.729442 0.013435 0.013800
0 0.251756 0.796376 0.011949 0.011979
0 0.607845 0.047836 0.014404 0.014202
0 0.842753 0.418252 0.014728 0.014703
0 0.829899 0.914602 0.012635 0.012637
0 0.357234 0.604292 0.012229 0.012167
0 0.821857 0.974642 0.010833 0.010637
0 0.652074 0.379513 0.012284 0.011928
0 0.751208 0.078860 0.012386 0.011574
0 0.393600 0.995956 0.015966 0.008087
0 0.458266 0.965582 0.010664 0.010657
0 0.257810 0.912968 0.011865 0.011934
0 0.909835 0.849577 0.011064 0.010736
0 0.382642 0.953681 0.012793 0.012564
0 0.540756 0.809060 0.013387 0.013307
0 0.931403 0.380696 0.013284 0.013606
0 0.707666 0.382084 0.012524 0.012769
0 0.004524 0.696630 0.009049 0.012951
0 0.785453 0.735089 0.011770 0.011873
