0 0.814056 0.109759 0.012369 0.012099
0 0.036003 0.380571 0.012804 0.012655
0 0.825488 0.041310 0.012556 0.012474
0 0.948184 0.822284 0.013280 0.013132
0 0.071409 0.760409 0.012710 0.012606
0 0.031993 0.653984 0.012957 0.013059
0 0.122099 0.338546 0.012445 0.012275
0 0.278830 0.436482 0.012051 0.011920
0 0.942380 0.852990 0.013380 0.013363
0 0.572467 0.235629 0.012720 0.012603
0 0.063471 0.205502 0.012745 0.012582
0 0.710726 0.217973 0.012691 0.012655
0 0.350934 0.534951 0.012575 0.012475
0 0.416173 0.117703 0.013537 0.013455
0 0.684214 0.279397 0.012704 0.012658
0 0.468902 0.120818 0.012417 0.012512
0 0.218506 0.319895 0.013102 0.013141
0 0.450179 0.608833 0.012319 0.012221
0 0.119441 0.185343 0.013307 0.013176
0 0.603283 0.545488 0.013032 0.013076
0 0.285578 0.081108 0.012741 0.012805
0 0.772966 0.101309 0.013266 0.013304
0 0.733897 0.622351 0.014592 0.014542
0 0.409563 0.711373 0.013519 0.013537
0 0.416517 0.748526 0.012498 0.012407
0 0.246200 0.825633 0.011892 0.011791
0 0.162706 0.521913 0.011768 0.011767
0 0.184193 0.622840 0.012131 0.011945
0 0.330795 0.448984 0.012851 0.012856
0 0.538770 0.393649 0.011658 0.011666
0 0.026526 0.814801 0.011661 0.012176
0 0.350580 0.404963 0.012480 0.012415
0 0.794271 0.047138 0.012671 0.012671
0 0.233483 0.453244 0.014030 0.014008
0 0.225928 0.793694 0.012178 0.012491
0 0.021203 0.472898 0.012729 0.012577
0 0.271880 0.113879 0.012726 0.012926
0 0.656616 0.189245 0.012421 0.012301
0 0.890292 0.589173 0.012214 0.012279
0 0.382176 0.278016 0.012836 0.012689
0 0.692384 0.530270 0.013270 0.013296
0 0.827296 0.379860 0.011709 0.011462
0 0.650989 0.584991 0.011599 0.011526
0 0.803460 0.020722 0.012637 0.012378
0 0.743758 0.361639 0.013861 0.013842
0 0.395225 0.769804 0.013441 0.013240
0 0.549613 0.152496 0.012309 0.012321
0 0.295136 0.322354 0.012675 0.012563
0 0.116476 0.801231 0.013595 0.013619
0 0.748601 0.701144 0.011543 0.011891
0 0.893735 0.218250 0.014491 0.014509
0 0.276293 0.719698 0.013097 0.012920
0 0.186327 0.813677 0.011462 0.011894
0 0.401743 0.955841 0.012669 0.012780
0 0.600134 0.656932 0.013844 0.013861
0 0.924609 0.236226 0.012151 0.012191
0 0.209307 0.940761 0.012752 0.012592
0 0.473377 0.769460 0.012412 0.012504
0 0.775474 0.393134 0.013293 0.012972
0 0.248149 0.584206 0.013756 0.013709
0 0.440704 0.818667 0.013259 0.013064
0 0.499631 0.458186 0.013524 0.013529
0 0.429889 0.351793 0.010732 0.010723
0 0.902820 0.542472 0.012890 0.012711
0 0.769912 0.427516 0.011375 0.011189
0 0.416828 0.914509 0.013321 0.013182
0 0.497842 0.585662 0.013163 0.012827
0 0.654651 0.078637 0.012557 0.012563
0 0.888055 0.697955 0.012766 0.012705
0 0.575043 0.643951 0.012418 0.012446
0 0.900944 0.924327 0.012137 0.012210
0 0.972610 0.327122 0.012845 0.012841
0 0.616654 0.958459 0.012373 0.012498
0 0.956375 0.216805 0.012399 0.012091
0 0.436364 0.326378 0.014702 0.014698
0 0.228983 0.906607 0.012240 0.012299
0 0.094810 0.357550 0.013186 0.012990
0 0.903187 0.869555 0.012481 0.012421
0 0.685878 0.841498 0.013172 0.013120
0 0.767639 0.536138 0.012917 0.012788
0 0.550696 0.655779 0.014606 0.014815
0 0.464411 0.082810 0.014052 0.013954
0 0.964945 0.613911 0.012269 0.011810
0 0.891339 0.082822 0.011535 0.011562
0 0.100082 0.935262 0.012929 0.012266
0 0.584703 0.845063 0.013057 0.013021
0 0.348999 0.871257 0.012926 0.012897
0 0.771798 0.632209 0.011761 0.011612
0 0.460930 0.969307 0.013776 0.013673
0 0.988194 0.534597 0.012144 0.012297
0 0.533825 0.297834 0.010513 0.010322
0 0.871509 0.975783 0.014022 0.014026
0 0.973533 0.725178 0.011376 0.011100
0 0.644736 0.415570 0.011750 0.011813
0 0.967424 0.005614 0.011169 0.010790
0 0.928032 0.063894 0.011371 0.011572
0 0.132782 0.015053 0.012877 0.013120
0 0.797204 0.950042 0.012834 0.012694
0 0.835381 0.898812 0.012498 0.012710
0 0.595981 0.971811 0.014486 0.014260
0 0.802967 0.541462 0.011702 0.011526
0 0.456349 0.414109 0.012487 0.012668
0 0.179006 0.548219 0.012174 0.012849
0 0.848997 0.108574 0.011843 0.011631
0 0.895856 0.994495 0.012439 0.010979
0 0.861951 0.121057 0.009853 0.009737
0 0.651087 0.941180 0.012511 0.012704
0 0.479206 0.979569 0.012549 0.012746
0 0.350541 0.291083 0.024486 0.024789
0 0.327106 0.360830 0.014378 0.013849
0 0.677354 0.910141 0.012710 0.012330
0 0.080970 0.785075 0.009755 0.009727
0 0.264194 0.995232 0.014323 0.009515
0 0.010283 0.706669 0.014204 0.013550
0 0.528319 0.740168 0.013223 0.013480
0 0.003429 0.227236 0.006857 0.011966
0 0.983313 0.512860 0.014159 0.013407
0 0.907321 0.008072 0.011625 0.011614
0 0.967283 0.062094 0.010250 0.009982
0 0.985574 0.473043 0.011068 0.010738
0 0.117077 0.645223 0.012239 0.012223
0 0.637288 0.080019 0.021101 0.021085
0 0.820224 0.863851 0.011559 0.011810
0 0.869948 0.571507 0.011564 0.011564
0 0.849056 0.546857 0.011552 0.011654
0 0.841170 0.998371 0.011042 0.003189
0 0.243118 0.961998 0.012065 0.012361
