0 0.878827 0.445301 0.012045 0.011939
0 0.072257 0.120316 0.012336 0.012307
0 0.040968 0.445602 0.013325 0.013368
0 0.112820 0.553555 0.012429 0.012336
0 0.859125 0.636120 0.013619 0.013498
0 0.162606 0.110219 0.012460 0.012397
0 0.200781 0.481469 0.012635 0.012492
0 0.798916 0.330394 0.013208 0.013038
0 0.748495 0.660992 0.013157 0.013130
0 0.550620 0.857718 0.011890 0.012004
0 0.116340 0.129540 0.012675 0.012781
0 0.127756 0.487466 0.013317 0.013257
0 0.448003 0.021712 0.013025 0.012890
0 0.661338 0.432503 0.013076 0.013126
0 0.122937 0.688675 0.012582 0.012433
0 0.008360 0.180088 0.011993 0.011959
0 0.227487 0.129802 0.014265 0.014265
0 0.561963 0.047224 0.012786 0.012472
0 0.956854 0.509697 0.015782 0.015399
0 0.025250 0.021725 0.011429 0.011496
0 0.104650 0.733124 0.013187 0.013036
0 0.303149 0.243045 0.013173 0.013224
0 0.601917 0.467232 0.011658 0.011658
0 0.127882 0.375437 0.012518 0.012769
0 0.580030 0.081258 0.013271 0.013310
0 0.826627 0.455336 0.013057 0.012969
0 0.658538 0.497059 0.013346 0.013220
0 0.633527 0.675966 0.012812 0.012687
0 0.043559 0.333997 0.012752 0.012771
0 0.516913 0.481808 0.012667 0.012604
0 0.281564 0.814925 0.013604 0.013384
0 0.809067 0.494386 0.012001 0.011768
0 0.870793 0.521941 0.014019 0.014048
0 0.668394 0.615088 0.013113 0.013064
0 0.781138 0.524745 0.012788 0.013227
0 0.400529 0.264825 0.013396 0.013351
0 0.652647 0.300040 0.011683 0.011718
0 0.791337 0.752309 0.012276 0.012314
0 0.579340 0.842914 0.013352 0.013122
0 0.279014 0.436191 0.012142 0.011922
0 0.529300 0.015339 0.014009 0.014003
0 0.882431 0.827620 0.010527 0.010516
0 0.473853 0.859369 0.012487 0.012503
0 0.735697 0.621117 0.014237 0.014256
0 0.575935 0.339174 0.012815 0.013070
0 0.812872 0.653863 0.013713 0.013930
0 0.822964 0.598760 0.013563 0.013352
0 0.369018 0.669635 0.013210 0.013053
0 0.580168 0.447540 0.012812 0.012609
0 0.511610 0.043157 0.013190 0.013260
0 0.044684 0.586869 0.013356 0.013315
0 0.798519 0.411337 0.014948 0.014835
0 0.932421 0.389102 0.013458 0.013259
0 0.994630 0.454298 0.010741 0.012629
0 0.840392 0.491190 0.009816 0.009748
0 0.456390 0.965268 0.011416 0.011271
0 0.609625 0.047654 0.014139 0.014197
0 0.564666 0.548286 0.011017 0.011071
0 0.079769 0.842806 0.012581 0.012388
0 0.239002 0.768506 0.013042 0.013149
0 0.277919 0.522525 0.012773 0.012527
0 0.327372 0.320551 0.013215 0.012984
0 0.490252 0.808803 0.013234 0.012949
0 0.823363 0.519142 0.013290 0.013377
0 0.169173 0.554898 0.013763 0.013725
0 0.485021 0.773262 0.012688 0.012657
0 0.111870 0.023849 0.011270 0.011250
0 0.563883 0.083681 0.011725 0.011814
0 0.398974 0.439158 0.012415 0.012509
0 0.233815 0.719976 0.014021 0.013832
0 0.608071 0.191259 0.012440 0.012634
0 0.406808 0.519538 0.013079 0.012966
0 0.394443 0.923961 0.011913 0.012119
0 0.783620 0.058100 0.013770 0.013530
0 0.174529 0.793916 0.012138 0.011756
0 0.807193 0.767128 0.012807 0.012865
0 0.016700 0.415662 0.013862 0.013698
0 0.710507 0.322555 0.011319 0.011432
0 0.007796 0.633034 0.013098 0.012890
0 0.735223 0.857352 0.012142 0.012263
0 0.904630 0.850902 0.012417 0.012522
0 0.662094 0.191336 0.013639 0.013585
0 0.677761 0.892911 0.011569 0.011320
0 0.259037 0.927264 0.011262 0.011453
0 0.109463 0.202557 0.013978 0.013957
0 0.641321 0.507379 0.014020 0.013996
0 0.821037 0.975957 0.011884 0.011879
0 0.692763 0.480691 0.015281 0.014982
0 0.842205 0.989398 0.014008 0.013692
0 0.049294 0.946214 0.012187 0.011984
0 0.710667 0.382940 0.012922 0.012797
0 0.196390 0.876309 0.013196 0.013126
0 0.909323 0.757207 0.013707 0.014085
0 0.830117 0.915585 0.013259 0.013294
0 0.783754 0.731771 0.012634 0.012735
0 0.885613 0.943856 0.012600 0.012457
0 0.747867 0.078841 0.013219 0.012854
0 0.813631 0.627450 0.012893 0.013045
0 0.479101 0.318914 0.011923 0.012055
0 0.685600 0.949298 0.012861 0.012654
0 0.935876 0.071864 0.012500 0.012657
0 0.075751 0.967277 0.013420 0.013268
0 0.009950 0.795624 0.012906 0.012755
0 0.147815 0.947493 0.012273 0.012265
0 0.800153 0.977334 0.013068 0.013015
0 0.652467 0.381358 0.012408 0.011831
0 0.481338 0.318988 0.011992 0.012103
0 0.468275 0.219833 0.013682 0.013984
0 0.724733 0.279997 0.014147 0.013812
0 0.701478 0.739737 0.012510 0.012532
