0 0.311191 0.129088 0.014603 0.014463
0 0.712433 0.627597 0.013314 0.013613
0 0.483350 0.430619 0.013671 0.013638
0 0.787595 0.126648 0.013667 0.013773
0 0.308608 0.415670 0.013873 0.013702
0 0.481432 0.156511 0.013683 0.013493
0 0.394473 0.526055 0.013919 0.013832
0 0.287895 0.218106 0.012971 0.013051
0 0.537550 0.220676 0.013252 0.013136
0 0.054045 0.455081 0.013118 0.013038
0 0.635098 0.713990 0.013729 0.013582
0 0.238497 0.161620 0.011857 0.011632
0 0.779470 0.302778 0.014300 0.014148
0 0.452193 0.543973 0.012694 0.012700
0 0.855871 0.299368 0.011303 0.011346
0 0.247672 0.076788 0.011483 0.011271
0 0.429593 0.579757 0.013578 0.013378
0 0.743927 0.709140 0.013881 0.013762
0 0.891959 0.367624 0.012799 0.012593
0 0.518510 0.456426 0.012570 0.012443
0 0.319512 0.209270 0.013522 0.013453
0 0.487095 0.120688 0.014427 0.014199
0 0.749087 0.618739 0.013268 0.013125
0 0.192678 0.962156 0.013467 0.013456
0 0.710138 0.462189 0.013390 0.013593
0 0.955175 0.545211 0.013523 0.013380
0 0.551660 0.596914 0.013440 0.013500
0 0.334099 0.571751 0.013214 0.013148
0 0.941167 0.615368 0.011058 0.010906
0 0.982309 0.680841 0.012987 0.012841
0 0.503371 0.079294 0.012535 0.012500
0 0.181940 0.842146 0.013633 0.013670
0 0.475946 0.249736 0.012206 0.012084
0 0.546894 0.323244 0.013696 0.013600
0 0.248897 0.303730 0.014506 0.014162
0 0.299019 0.102314 0.014006 0.014059
0 0.118954 0.393244 0.014067 0.014131
0 0.803984 0.406640 0.012718 0.012483
0 0.363767 0.077837 0.013081 0.013016
0 0.440771 0.060185 0.012293 0.012204
0 0.219195 0.720633 0.012356 0.012255
0 0.844255 0.481658 0.013358 0.013154
0 0.456650 0.959938 0.013780 0.013717
0 0.462476 0.295253 0.012655 0.012772
0 0.202971 0.193953 0.012799 0.012844
0 0.884335 0.154666 0.013278 0.013235
0 0.780781 0.343864 0.012152 0.012020
0 0.122080 0.527202 0.014745 0.014555
0 0.222129 0.469956 0.012462 0.012436
0 0.352118 0.346184 0.011657 0.011625
0 0.761811 0.152172 0.011549 0.011553
0 0.585844 0.082514 0.013263 0.013113
0 0.964013 0.192672 0.013256 0.013329
0 0.098168 0.555579 0.011375 0.011243
0 0.185248 0.891950 0.013032 0.012997
0 0.525260 0.349120 0.012602 0.012570
0 0.603297 0.506749 0.013877 0.013902
0 0.330054 0.518916 0.012516 0.012640
0 0.141156 0.487253 0.013424 0.013370
0 0.690052 0.276608 0.013623 0.013549
0 0.109090 0.981415 0.013721 0.013909
0 0.486314 0.034479 0.012969 0.013081
0 0.838899 0.051933 0.013264 0.013335
0 0.010254 0.975202 0.013829 0.013647
0 0.827962 0.808447 0.012195 0.012139
0 0.404246 0.349714 0.013843 0.013807
0 0.514280 0.619868 0.012850 0.012732
0 0.584522 0.008231 0.014728 0.014690
0 0.725067 0.832545 0.013405 0.013268
0 0.428713 0.736243 0.011578 0.011636
0 0.082288 0.315471 0.012940 0.012774
0 0.648689 0.977154 0.012820 0.012754
0 0.543292 0.976063 0.013150 0.012935
0 0.049517 0.996815 0.013257 0.006363
0 0.051981 0.778366 0.012281 0.012151
0 0.721979 0.038505 0.012557 0.012405
0 0.469979 0.944750 0.012089 0.012426
0 0.436469 0.591589 0.008926 0.009694
0 0.815427 0.863537 0.014324 0.014444
0 0.493442 0.463137 0.013931 0.013950
0 0.147941 0.446000 0.013596 0.013032
0 0.769841 0.080917 0.011856 0.011795
0 0.607388 0.287142 0.012061 0.012056
0 0.421820 0.553672 0.012319 0.011852
0 0.917662 0.006158 0.012123 0.011791
0 0.226498 0.653058 0.012823 0.012765
0 0.694732 0.878476 0.012756 0.012755
0 0.848880 0.711354 0.023125 0.023359
0 0.885055 0.601748 0.011612 0.011520
0 0.844954 0.013733 0.013185 0.012700
0 0.038177 0.769532 0.014192 0.014587
0 0.460425 0.709224 0.011692 0.011715
0 0.785852 0.005746 0.013287 0.011493
0 0.416731 0.423117 0.011881 0.011802
0 0.004174 0.647083 0.008035 0.010962
0 0.841465 0.002180 0.012812 0.004359
0 0.420154 0.554635 0.011333 0.010971
0 0.104111 0.189933 0.011512 0.011283
0 0.530594 0.628026 0.022318 0.022261
0 0.095948 0.061216 0.013050 0.013041
0 0.048427 0.590837 0.012147 0.011626
0 0.529119 0.543052 0.015487 0.014483
