0 0.889703 0.879798 0.013238 0.013198
0 0.856639 0.814461 0.013124 0.012947
0 0.944183 0.979246 0.012908 0.012907
0 0.683198 0.645647 0.012884 0.012666
0 0.827902 0.610278 0.013208 0.013199
0 0.579084 0.811657 0.012459 0.012524
0 0.450168 0.475822 0.013178 0.012971
0 0.553747 0.356221 0.013557 0.013470
0 0.963954 0.716051 0.011994 0.012145
0 0.766372 0.774382 0.012951 0.012901
0 0.923440 0.661877 0.012799 0.012661
0 0.664892 0.761926 0.011664 0.011619
0 0.195989 0.158854 0.013655 0.013506
0 0.486155 0.103824 0.012019 0.011937
0 0.390726 0.145708 0.012497 0.012623
0 0.467021 0.385034 0.013895 0.013793
0 0.068295 0.153559 0.013236 0.013124
0 0.749677 0.969561 0.013336 0.012977
0 0.042183 0.718055 0.012858 0.012876
0 0.801473 0.978002 0.012567 0.012599
0 0.457365 0.960022 0.012506 0.012250
0 0.518021 0.965658 0.012466 0.012278
0 0.545022 0.207681 0.013467 0.013484
0 0.588775 0.697842 0.013262 0.013264
0 0.830315 0.480467 0.012708 0.012844
0 0.792218 0.679940 0.012935 0.012808
0 0.091904 0.312472 0.013571 0.013333
0 0.156707 0.268407 0.013485 0.013298
0 0.083433 0.359576 0.013417 0.013240
0 0.558608 0.395002 0.013047 0.012894
0 0.303890 0.080180 0.013105 0.013115
0 0.690945 0.844928 0.012596 0.012630
0 0.410620 0.304728 0.012483 0.012331
0 0.334064 0.839857 0.011891 0.011730
0 0.253938 0.219369 0.013669 0.013913
0 0.509709 0.288866 0.013037 0.013314
0 0.285939 0.246112 0.012276 0.012382
0 0.598429 0.258979 0.012130 0.012218
0 0.144412 0.153899 0.012492 0.012511
0 0.542415 0.973315 0.012145 0.011976
0 0.025421 0.830194 0.012448 0.012334
0 0.426486 0.488841 0.013526 0.013582
0 0.486641 0.377340 0.011806 0.011979
0 0.731448 0.266915 0.013827 0.013599
0 0.817135 0.722097 0.013422 0.013216
0 0.456990 0.293990 0.012256 0.012232
0 0.483582 0.704998 0.011253 0.011001
0 0.524275 0.349312 0.013252 0.013000
0 0.542351 0.508403 0.013464 0.013629
0 0.738215 0.863060 0.011233 0.011214
0 0.242720 0.057151 0.011607 0.011160
0 0.503327 0.075965 0.013658 0.013551
0 0.101511 0.393963 0.012757 0.012710
0 0.143207 0.735604 0.011616 0.011645
0 0.268893 0.179505 0.013328 0.013319
0 0.393681 0.643742 0.012959 0.013005
0 0.188746 0.041051 0.013597 0.013519
0 0.294513 0.686599 0.012316 0.012149
0 0.274836 0.461739 0.012704 0.012626
0 0.506454 0.514360 0.012092 0.012334
0 0.596163 0.539029 0.012865 0.013129
0 0.384376 0.512468 0.011220 0.011320
0 0.423547 0.638932 0.012124 0.012145
0 0.073207 0.628855 0.011793 0.011911
0 0.231897 0.748203 0.011944 0.012023
0 0.615933 0.075179 0.012371 0.012342
0 0.712421 0.276931 0.012903 0.012759
0 0.088546 0.674602 0.010623 0.010542
0 0.087926 0.460040 0.012833 0.012631
0 0.006615 0.294213 0.012969 0.014145
0 0.436873 0.885281 0.011346 0.011503
0 0.219838 0.025508 0.012943 0.012954
0 0.185545 0.891921 0.012976 0.013049
0 0.440757 0.059366 0.013043 0.012960
0 0.821082 0.161537 0.012307 0.012115
0 0.996081 0.542979 0.007837 0.014794
0 0.848993 0.709983 0.021547 0.021327
0 0.058447 0.671469 0.011201 0.011077
0 0.738250 0.609955 0.013634 0.013417
0 0.278759 0.801479 0.013192 0.013882
0 0.330935 0.518785 0.011716 0.011584
0 0.136486 0.604509 0.011165 0.011326
0 0.176871 0.652442 0.012439 0.012781
0 0.384375 0.926648 0.009946 0.009714
0 0.469747 0.187348 0.009828 0.009556
0 0.422229 0.556353 0.012754 0.012862
0 0.033348 0.957214 0.013124 0.012970
0 0.823856 0.024756 0.012645 0.012591
0 0.108808 0.980908 0.013252 0.013445
0 0.306984 0.806590 0.011016 0.010929
0 0.878130 0.384328 0.011526 0.011497
0 0.633906 0.070567 0.013763 0.013372
0 0.233378 0.560210 0.010851 0.010985
0 0.898374 0.741972 0.011703 0.011858
0 0.771082 0.850253 0.011377 0.011677
0 0.788177 0.005412 0.012902 0.010642
0 0.552658 0.598573 0.012704 0.012574
0 0.225845 0.651646 0.012234 0.012012
0 0.216711 0.449222 0.014017 0.014117
0 0.580428 0.600280 0.012364 0.011944
0 0.964845 0.253278 0.010832 0.010859
0 0.531987 0.629077 0.023932 0.023897
0 0.991051 0.811589 0.011983 0.011728
0 0.458165 0.909535 0.011277 0.011217
0 0.278753 0.799073 0.013505 0.013779
0 0.968944 0.103312 0.009658 0.009861
0 0.882194 0.357353 0.013753 0.013558
