0 0.141169 0.294354 0.012976 0.013016
0 0.102004 0.648422 0.013259 0.013113
0 0.211911 0.570772 0.013509 0.013548
0 0.187267 0.889900 0.012976 0.012992
0 0.291593 0.669629 0.013320 0.013214
0 0.456012 0.366050 0.011612 0.011491
0 0.024441 0.410738 0.011922 0.011557
0 0.339389 0.398655 0.012472 0.012297
0 0.853252 0.890509 0.013523 0.013707
0 0.441382 0.186869 0.013540 0.013517
0 0.450704 0.956711 0.013565 0.013614
0 0.697353 0.453062 0.009783 0.009792
0 0.094960 0.486483 0.013308 0.013337
0 0.419865 0.336297 0.013985 0.014069
0 0.341806 0.029554 0.013367 0.013354
0 0.098099 0.565326 0.010450 0.010292
0 0.611262 0.346360 0.013158 0.012925
0 0.425684 0.441544 0.013676 0.013775
0 0.965992 0.369113 0.009193 0.009013
0 0.731803 0.888458 0.012180 0.012066
0 0.103940 0.701976 0.011145 0.010723
0 0.524742 0.347078 0.013550 0.013394
0 0.078186 0.314218 0.012629 0.012655
0 0.679811 0.789228 0.011918 0.011986
0 0.634324 0.444376 0.012545 0.012911
0 0.220120 0.063861 0.012704 0.012682
0 0.226495 0.649652 0.012699 0.012538
0 0.331331 0.518021 0.011817 0.011808
0 0.207984 0.482852 0.011826 0.012032
0 0.573573 0.223118 0.013099 0.013236
0 0.972991 0.408550 0.011250 0.011481
0 0.499332 0.118596 0.013161 0.013064
0 0.952338 0.037802 0.011516 0.011718
0 0.542897 0.970955 0.013244 0.012958
0 0.316152 0.198065 0.013268 0.013332
0 0.412728 0.738184 0.012522 0.012901
0 0.895928 0.140272 0.010616 0.010618
0 0.627188 0.115333 0.012509 0.012717
0 0.505431 0.721675 0.013116 0.013495
0 0.344933 0.295982 0.022905 0.022877
0 0.701030 0.513642 0.012654 0.012618
0 0.440278 0.415888 0.011382 0.011422
0 0.797038 0.449370 0.013219 0.013186
0 0.531336 0.636588 0.022963 0.023193
0 0.646039 0.281154 0.013841 0.013731
0 0.149384 0.962539 0.012175 0.012117
0 0.790728 0.066286 0.011757 0.011647
0 0.109328 0.979737 0.013501 0.013583
0 0.084093 0.762236 0.011778 0.011647
0 0.464391 0.599097 0.013759 0.013803
0 0.746854 0.648616 0.011509 0.011360
0 0.605185 0.835796 0.012379 0.012154
0 0.853888 0.291472 0.010235 0.010438
0 0.485449 0.577122 0.012901 0.013282
0 0.743463 0.111793 0.007588 0.007770
0 0.695674 0.063227 0.010467 0.010377
0 0.847795 0.719241 0.020765 0.020386
0 0.788077 0.004425 0.013030 0.008851
0 0.237935 0.471169 0.013186 0.012859
0 0.281070 0.009120 0.013824 0.014014
0 0.843601 0.012594 0.011345 0.011105
0 0.420241 0.403673 0.011087 0.010643
0 0.033145 0.489966 0.011467 0.011191
0 0.778890 0.152830 0.010491 0.010623
0 0.162425 0.686111 0.011775 0.011997
0 0.206796 0.385244 0.012621 0.012612
0 0.709495 0.158684 0.010096 0.010138
0 0.804428 0.570332 0.009525 0.009547
0 0.436891 0.295460 0.011943 0.011745
0 0.446675 0.213068 0.015622 0.016343
0 0.996058 0.152260 0.007861 0.011642
0 0.452163 0.839169 0.011254 0.010983
0 0.762792 0.651434 0.011240 0.011090
0 0.881422 0.109760 0.011718 0.011446
0 0.635328 0.386743 0.011949 0.011813
0 0.698495 0.821458 0.018413 0.018025
0 0.601356 0.589326 0.011467 0.011299
0 0.360094 0.740350 0.012518 0.012899
0 0.558181 0.491534 0.009510 0.011276
0 0.784206 0.729845 0.019027 0.018634
0 0.596328 0.727875 0.007602 0.007838
0 0.388098 0.020702 0.011223 0.010627
0 0.750374 0.615405 0.012196 0.012156
