0 0.524430 0.346913 0.013367 0.013127
0 0.057766 0.676453 0.013494 0.013393
0 0.782414 0.078334 0.012354 0.012153
0 0.548212 0.295276 0.012803 0.012599
0 0.255051 0.138826 0.012813 0.012762
0 0.814615 0.775378 0.013151 0.013070
0 0.785498 0.118675 0.012009 0.011995
0 0.143553 0.588793 0.012432 0.012530
0 0.300403 0.265757 0.011822 0.011828
0 0.139195 0.299437 0.012691 0.012548
0 0.953987 0.657645 0.011916 0.012192
0 0.187076 0.889895 0.012807 0.012792
0 0.357677 0.332919 0.011699 0.011673
0 0.087174 0.733343 0.012995 0.012805
0 0.100834 0.512696 0.013155 0.012998
0 0.686224 0.020549 0.012927 0.012803
0 0.542708 0.971951 0.013668 0.013417
0 0.878976 0.556248 0.012088 0.012134
0 0.226223 0.649820 0.013048 0.012861
0 0.125425 0.759554 0.013365 0.013461
0 0.393856 0.462401 0.012540 0.012425
0 0.067956 0.359261 0.011480 0.011452
0 0.343079 0.365951 0.013771 0.014030
0 0.749707 0.616794 0.013038 0.012912
0 0.453521 0.956038 0.013370 0.013508
0 0.757420 0.889804 0.013167 0.013046
0 0.183755 0.469189 0.013290 0.013341
0 0.610907 0.961612 0.012782 0.012880
0 0.395189 0.864944 0.011083 0.010868
0 0.489945 0.507958 0.013380 0.013255
0 0.391595 0.326406 0.011103 0.011243
0 0.735817 0.806975 0.012543 0.012415
0 0.109840 0.979822 0.013812 0.013824
0 0.795555 0.607662 0.012069 0.012119
0 0.223309 0.467084 0.012871 0.013013
0 0.153485 0.226337 0.012758 0.012718
0 0.418144 0.360621 0.012521 0.012605
0 0.022028 0.667553 0.012028 0.012018
0 0.464433 0.169102 0.012700 0.012615
0 0.482079 0.341243 0.010328 0.010392
0 0.344383 0.296081 0.022947 0.022728
0 0.455389 0.131522 0.012163 0.012329
0 0.954178 0.569169 0.012596 0.012594
0 0.602172 0.110732 0.010821 0.010895
0 0.660031 0.288148 0.011960 0.012286
0 0.481204 0.410516 0.013175 0.012802
0 0.883332 0.707551 0.012549 0.012716
0 0.734605 0.397744 0.010133 0.010192
0 0.104170 0.835854 0.013779 0.013591
0 0.287866 0.335162 0.012542 0.012518
0 0.410331 0.036690 0.011389 0.011349
0 0.399638 0.096207 0.012650 0.012994
0 0.241865 0.302588 0.011875 0.011861
0 0.532891 0.587685 0.012718 0.012631
0 0.331521 0.517056 0.011689 0.011562
0 0.897172 0.969667 0.012312 0.012517
0 0.958475 0.043847 0.011825 0.011758
0 0.186328 0.432966 0.011038 0.010916
0 0.379868 0.572679 0.011152 0.010913
0 0.746219 0.971596 0.011993 0.012178
0 0.530822 0.637305 0.022860 0.022845
0 0.856611 0.298273 0.012027 0.012184
0 0.439283 0.147781 0.011677 0.011589
0 0.214303 0.336678 0.009687 0.009381
0 0.484637 0.443529 0.012142 0.012235
0 0.692560 0.354583 0.008679 0.009049
0 0.003755 0.701146 0.007510 0.012556
0 0.198985 0.437924 0.011686 0.011894
0 0.815260 0.540498 0.010306 0.010443
0 0.404146 0.567939 0.011568 0.011448
0 0.443333 0.057608 0.010906 0.011077
0 0.701572 0.821123 0.020549 0.020505
0 0.835733 0.444430 0.010168 0.010108
0 0.848157 0.716642 0.020148 0.019832
0 0.508348 0.983259 0.011444 0.011182
0 0.105077 0.488886 0.011332 0.011676
0 0.653381 0.403813 0.011609 0.011791
0 0.225515 0.989170 0.012808 0.013276
0 0.375302 0.226425 0.019614 0.017959
0 0.088804 0.197146 0.009968 0.009607
0 0.990336 0.350400 0.010145 0.010394
0 0.463598 0.495083 0.009803 0.011675
0 0.542519 0.179318 0.010651 0.010589
0 0.645737 0.801235 0.011082 0.010830
0 0.004298 0.509453 0.008595 0.011861
0 0.787805 0.004210 0.012088 0.008421
0 0.496304 0.542842 0.014276 0.014752
