0 0.917450 0.621383 0.012393 0.012297
0 0.535607 0.575396 0.013710 0.013818
0 0.558813 0.848406 0.013593 0.013589
0 0.749791 0.618190 0.013095 0.012981
0 0.810554 0.533815 0.013089 0.013201
0 0.348335 0.150838 0.011608 0.011308
0 0.291427 0.808801 0.013141 0.013004
0 0.670069 0.312770 0.013385 0.013359
0 0.986306 0.834511 0.014072 0.013803
0 0.302237 0.854288 0.012864 0.012865
0 0.482896 0.689543 0.013185 0.013262
0 0.101210 0.419375 0.012553 0.012567
0 0.535242 0.917508 0.012919 0.012931
0 0.264972 0.135211 0.013425 0.013184
0 0.715145 0.369379 0.012818 0.012561
0 0.431728 0.584098 0.011742 0.011791
0 0.186629 0.891105 0.013324 0.013026
0 0.918000 0.753005 0.011467 0.011782
0 0.794141 0.368755 0.013815 0.013789
0 0.787762 0.786477 0.013007 0.013151
0 0.221756 0.733910 0.013225 0.013193
0 0.301260 0.659761 0.013229 0.013050
0 0.653099 0.712414 0.012021 0.011899
0 0.699165 0.599704 0.014400 0.014033
0 0.144124 0.421838 0.012122 0.012125
0 0.271074 0.165515 0.013875 0.013844
0 0.628097 0.944627 0.013257 0.013103
0 0.975992 0.927645 0.012782 0.012616
0 0.519364 0.200237 0.012089 0.012229
0 0.983899 0.729894 0.012998 0.012912
0 0.495512 0.176127 0.012941 0.013030
0 0.447169 0.175666 0.012842 0.012651
0 0.357015 0.127546 0.012589 0.012410
0 0.379663 0.448577 0.012351 0.012175
0 0.191410 0.656275 0.011260 0.011325
0 0.539264 0.103120 0.013459 0.013463
0 0.892240 0.796462 0.011969 0.011911
0 0.953137 0.098179 0.012874 0.012717
0 0.331741 0.517784 0.012145 0.012083
0 0.171080 0.538305 0.012666 0.012477
0 0.872310 0.275924 0.012566 0.012496
0 0.347877 0.697532 0.013449 0.013429
0 0.218924 0.162753 0.012085 0.011998
0 0.538188 0.361582 0.013561 0.013509
0 0.057201 0.099526 0.012934 0.013029
0 0.326207 0.546993 0.014197 0.014118
0 0.588202 0.073907 0.013615 0.013584
0 0.746382 0.420784 0.012038 0.012021
0 0.106759 0.778819 0.013394 0.013362
0 0.960584 0.541334 0.013262 0.013170
0 0.078704 0.701796 0.012709 0.012945
0 0.059866 0.496444 0.011293 0.011383
0 0.109561 0.980596 0.013381 0.013373
0 0.847374 0.632960 0.009871 0.010128
0 0.358260 0.539165 0.012873 0.012962
0 0.456434 0.960523 0.012648 0.012547
0 0.031096 0.974389 0.013367 0.013416
0 0.132291 0.353964 0.012112 0.012019
0 0.833209 0.622725 0.012719 0.012617
0 0.540338 0.972360 0.011951 0.011676
0 0.397149 0.216488 0.011452 0.011344
0 0.400187 0.470650 0.012046 0.012050
0 0.131513 0.437469 0.013557 0.013461
0 0.393730 0.610512 0.012020 0.012088
0 0.305822 0.259607 0.012754 0.012518
0 0.070622 0.669778 0.012103 0.012216
0 0.785099 0.764479 0.013041 0.012796
0 0.773608 0.052463 0.012002 0.012336
0 0.524333 0.349841 0.013237 0.013083
0 0.957619 0.325419 0.012929 0.012675
0 0.223102 0.469436 0.012760 0.012794
0 0.526355 0.085791 0.013167 0.013029
0 0.695202 0.030012 0.012337 0.012109
0 0.405112 0.294323 0.013089 0.013100
0 0.152703 0.952588 0.013417 0.013322
0 0.485775 0.606495 0.012055 0.012000
0 0.120510 0.739496 0.012182 0.012047
0 0.256752 0.221969 0.013128 0.013187
0 0.418466 0.523827 0.013449 0.013265
0 0.094143 0.328267 0.012534 0.012603
0 0.182746 0.043334 0.012779 0.012948
0 0.689056 0.875100 0.011792 0.011823
0 0.283811 0.315843 0.013720 0.013505
0 0.226798 0.127584 0.012562 0.012435
0 0.225323 0.651678 0.013326 0.012927
0 0.702424 0.344426 0.012737 0.012767
0 0.495508 0.542800 0.013673 0.013871
0 0.434104 0.822882 0.013412 0.013279
0 0.243731 0.403369 0.011938 0.011726
0 0.018522 0.682708 0.012882 0.012788
0 0.540673 0.697071 0.011885 0.012072
0 0.970040 0.045007 0.012459 0.012438
0 0.990257 0.169240 0.012763 0.012952
0 0.603916 0.729622 0.013268 0.013455
0 0.435444 0.029007 0.012351 0.012212
0 0.040339 0.378951 0.011721 0.011729
0 0.906180 0.597711 0.010389 0.010386
0 0.021149 0.159526 0.012492 0.012567
0 0.420778 0.766860 0.012171 0.011970
0 0.142011 0.099343 0.012108 0.012194
0 0.006850 0.335269 0.012047 0.012594
0 0.767532 0.026144 0.011597 0.012538
0 0.504025 0.985707 0.011963 0.011864
0 0.804083 0.504542 0.011096 0.011180
0 0.592989 0.766590 0.012112 0.011996
0 0.848693 0.711614 0.023230 0.023579
0 0.884756 0.133885 0.011642 0.011651
0 0.532414 0.630260 0.022722 0.022923
0 0.717401 0.043039 0.012609 0.012348
0 0.056266 0.244804 0.011776 0.012376
0 0.441635 0.060117 0.011846 0.011990
0 0.422106 0.555833 0.013590 0.013628
0 0.580842 0.735102 0.012518 0.012418
0 0.784939 0.005278 0.015142 0.010556
0 0.271822 0.735489 0.012389 0.011954
0 0.822730 0.185637 0.011904 0.012066
0 0.781196 0.005204 0.016019 0.010394
0 0.631979 0.059759 0.011764 0.011753
0 0.099160 0.740776 0.011460 0.011183
0 0.787374 0.005177 0.012580 0.010324
