0 0.404676 0.123257 0.014219 0.014316
0 0.525210 0.347337 0.013010 0.012899
0 0.415219 0.035169 0.013738 0.013900
0 0.464250 0.060516 0.012186 0.011899
0 0.035926 0.145123 0.012532 0.012520
0 0.979721 0.383985 0.013941 0.013574
0 0.253415 0.144009 0.012579 0.012690
0 0.655971 0.149348 0.013297 0.013202
0 0.288584 0.396350 0.012551 0.012624
0 0.898401 0.034912 0.012869 0.012721
0 0.846755 0.310058 0.012702 0.012668
0 0.610738 0.304475 0.013346 0.013319
0 0.879025 0.138778 0.012205 0.012386
0 0.942743 0.267671 0.011472 0.011589
0 0.664383 0.465801 0.012585 0.012521
0 0.181996 0.143754 0.013955 0.014051
0 0.368354 0.537938 0.012422 0.012241
0 0.716222 0.375055 0.012998 0.012892
0 0.558866 0.494498 0.011280 0.011039
0 0.328176 0.867127 0.013245 0.013296
0 0.546916 0.674472 0.010978 0.010910
0 0.200530 0.242922 0.012284 0.012118
0 0.462609 0.256424 0.012297 0.012258
0 0.765459 0.702593 0.011751 0.011338
0 0.764249 0.285424 0.013130 0.012954
0 0.838477 0.190221 0.012241 0.011756
0 0.503556 0.552036 0.012552 0.012905
0 0.836801 0.537343 0.013038 0.012923
0 0.458192 0.960655 0.013016 0.012869
0 0.325858 0.168175 0.013810 0.013929
0 0.054793 0.345045 0.013455 0.013381
0 0.750096 0.779162 0.013732 0.013964
0 0.566409 0.834920 0.013699 0.013634
0 0.930998 0.018871 0.011415 0.011522
0 0.385422 0.100341 0.012960 0.012810
0 0.021921 0.473970 0.013429 0.013379
0 0.694905 0.548356 0.014355 0.014127
0 0.676568 0.086994 0.013014 0.013069
0 0.316556 0.040409 0.011981 0.012430
0 0.074805 0.258372 0.012280 0.011974
0 0.266544 0.855186 0.012739 0.012531
0 0.590498 0.150534 0.012798 0.013134
0 0.585542 0.184503 0.011585 0.011728
0 0.722674 0.476769 0.011603 0.011373
0 0.834593 0.244229 0.011541 0.011246
0 0.803017 0.456526 0.011673 0.011671
0 0.501920 0.066509 0.011732 0.011584
0 0.191987 0.471201 0.012455 0.012292
0 0.511263 0.183110 0.011235 0.010782
0 0.399474 0.669620 0.012167 0.012183
0 0.545274 0.973152 0.013300 0.013063
0 0.406256 0.238821 0.013225 0.013255
0 0.757568 0.071873 0.012696 0.012720
0 0.115006 0.496683 0.011947 0.011842
0 0.206165 0.993716 0.013088 0.012444
0 0.422612 0.554486 0.014145 0.014112
0 0.516899 0.217882 0.011458 0.011346
0 0.482138 0.340468 0.010967 0.011093
0 0.997221 0.059323 0.005435 0.011039
0 0.822146 0.238783 0.012348 0.012748
0 0.743989 0.519013 0.013431 0.012952
0 0.786613 0.042494 0.011702 0.011842
0 0.203481 0.014143 0.011209 0.011095
0 0.002827 0.201700 0.005600 0.012629
0 0.351832 0.519545 0.010925 0.011064
0 0.474375 0.436709 0.011997 0.012280
0 0.602391 0.401502 0.010192 0.010519
0 0.186156 0.890825 0.012952 0.012983
0 0.488585 0.486865 0.011688 0.011711
0 0.042019 0.816952 0.012536 0.012703
0 0.382401 0.566223 0.010871 0.010749
0 0.340044 0.816738 0.012322 0.012277
0 0.744893 0.614567 0.012282 0.012002
0 0.108444 0.979660 0.012989 0.013204
0 0.107770 0.891896 0.012174 0.012186
0 0.037058 0.734992 0.013281 0.012971
0 0.380405 0.822558 0.014915 0.014604
0 0.441690 0.058657 0.012184 0.012333
0 0.133257 0.854379 0.013470 0.013503
0 0.382343 0.689677 0.013984 0.014152
0 0.145398 0.556258 0.011582 0.011532
0 0.021974 0.894844 0.011644 0.011670
0 0.662218 0.260449 0.012047 0.012031
0 0.743078 0.613900 0.011770 0.011854
0 0.786885 0.004961 0.013830 0.009825
0 0.823203 0.184332 0.013172 0.013238
0 0.238116 0.613640 0.012427 0.012219
0 0.222421 0.468821 0.012744 0.012754
0 0.126048 0.756466 0.011844 0.011658
0 0.226781 0.647781 0.011722 0.011720
