0 0.894367 0.457470 0.013291 0.013231
0 0.183952 0.090269 0.013267 0.013368
0 0.657590 0.496883 0.013062 0.012991
0 0.124069 0.334814 0.012814 0.012697
0 0.113250 0.726138 0.012898 0.012907
0 0.713730 0.321730 0.011553 0.011736
0 0.775088 0.494561 0.012636 0.012622
0 0.048221 0.419614 0.012549 0.012429
0 0.883208 0.432829 0.011740 0.011928
0 0.859583 0.635473 0.013499 0.013370
0 0.791641 0.343602 0.012561 0.012668
0 0.827641 0.450482 0.013218 0.013159
0 0.778521 0.042107 0.013470 0.013215
0 0.064844 0.086108 0.013952 0.013908
0 0.455388 0.036583 0.012512 0.012337
0 0.013960 0.189104 0.011797 0.011702
0 0.160373 0.521611 0.012760 0.012387
0 0.310788 0.322281 0.013326 0.013257
0 0.365901 0.439042 0.012603 0.012755
0 0.625399 0.649429 0.013055 0.013071
0 0.956398 0.509658 0.015613 0.015383
0 0.664462 0.433598 0.012646 0.012704
0 0.111622 0.660117 0.012719 0.012735
0 0.685902 0.538032 0.013209 0.013228
0 0.279084 0.436353 0.012023 0.011846
0 0.066905 0.834961 0.013793 0.013725
0 0.558018 0.327460 0.012100 0.012408
0 0.167956 0.787549 0.012704 0.012639
0 0.135221 0.693981 0.013346 0.013531
0 0.441808 0.307936 0.013145 0.013085
0 0.251930 0.512973 0.012932 0.012923
0 0.471019 0.888750 0.012956 0.012891
0 0.482500 0.093702 0.013008 0.013053
0 0.044382 0.851246 0.013041 0.013000
0 0.763792 0.027849 0.013379 0.013260
0 0.976394 0.078423 0.012440 0.012276
0 0.748545 0.072127 0.012396 0.012287
0 0.677635 0.281761 0.011384 0.011250
0 0.285494 0.720449 0.013313 0.013293
0 0.934039 0.381839 0.013810 0.013752
0 0.994875 0.456967 0.010250 0.014051
0 0.707787 0.671966 0.012038 0.011789
0 0.689876 0.739526 0.012401 0.012654
0 0.125898 0.124778 0.013504 0.013451
0 0.564058 0.586285 0.012705 0.012365
0 0.288291 0.221714 0.012980 0.013373
0 0.734967 0.621243 0.014609 0.014647
0 0.861278 0.521608 0.013708 0.013778
0 0.195046 0.346055 0.013632 0.013381
0 0.006237 0.634017 0.011279 0.011546
0 0.511808 0.333358 0.012588 0.012690
0 0.041081 0.320366 0.011757 0.012019
0 0.780185 0.524365 0.012371 0.012545
0 0.591350 0.049885 0.012505 0.012324
0 0.059450 0.131225 0.012525 0.012296
0 0.161204 0.592638 0.013186 0.013211
0 0.582693 0.216509 0.012367 0.012765
0 0.824117 0.519613 0.015046 0.014956
0 0.444083 0.213688 0.015056 0.015211
0 0.609151 0.834210 0.012105 0.012239
0 0.095295 0.584583 0.012028 0.011662
0 0.570289 0.741000 0.013839 0.013842
0 0.461578 0.790278 0.013286 0.013246
0 0.464424 0.963873 0.010817 0.010597
0 0.751503 0.646813 0.012674 0.012787
0 0.215212 0.887939 0.012164 0.012304
0 0.613723 0.476762 0.012529 0.012475
0 0.282531 0.740003 0.012397 0.012613
0 0.812996 0.653023 0.013882 0.014088
0 0.529099 0.476244 0.011154 0.011287
0 0.077667 0.123340 0.012343 0.012527
0 0.090530 0.134347 0.010742 0.010815
0 0.995829 0.063358 0.008343 0.013470
0 0.582607 0.450033 0.013254 0.013122
0 0.195872 0.183137 0.012978 0.013021
0 0.713177 0.382938 0.013266 0.013193
0 0.823500 0.598989 0.013233 0.013301
0 0.783300 0.732167 0.013957 0.013811
0 0.732914 0.278162 0.012029 0.011794
0 0.005029 0.462799 0.009993 0.012351
0 0.330025 0.951266 0.011232 0.011089
0 0.499395 0.973779 0.011400 0.011545
0 0.799385 0.967907 0.011749 0.011544
0 0.229839 0.705192 0.013612 0.013444
0 0.080826 0.950926 0.013188 0.013099
0 0.154864 0.962058 0.012088 0.011771
0 0.794119 0.753703 0.012192 0.012308
0 0.823896 0.304980 0.014574 0.014385
0 0.664167 0.905459 0.011794 0.011765
0 0.552800 0.553606 0.012465 0.012255
0 0.813567 0.976995 0.011298 0.011130
0 0.538155 0.865188 0.012481 0.012470
0 0.812769 0.821080 0.012237 0.012033
0 0.179271 0.187464 0.011492 0.011248
0 0.981502 0.001629 0.014299 0.003258
0 0.760123 0.005779 0.014165 0.011559
0 0.655519 0.381802 0.012027 0.011771
0 0.692344 0.383306 0.011706 0.011720
0 0.919592 0.722534 0.012702 0.012502
0 0.484471 0.624798 0.011648 0.011512
0 0.998295 0.219570 0.003368 0.015048
0 0.144765 0.511395 0.013521 0.013616
0 0.408634 0.997522 0.011006 0.004956
0 0.670994 0.371899 0.013492 0.013315
0 0.722953 0.851450 0.011546 0.011809
