0 0.879556 0.518705 0.012427 0.012177
0 0.592434 0.572776 0.014435 0.014374
0 0.298343 0.318343 0.013265 0.013035
0 0.588331 0.381040 0.013144 0.013138
0 0.227390 0.124889 0.011849 0.011639
0 0.369729 0.090239 0.013315 0.012996
0 0.851455 0.657864 0.012851 0.012952
0 0.938866 0.698800 0.013140 0.013116
0 0.117415 0.165729 0.012760 0.012683
0 0.186165 0.362896 0.012240 0.012245
0 0.211602 0.632034 0.012646 0.012576
0 0.138265 0.286057 0.013082 0.012858
0 0.350007 0.790928 0.012717 0.012779
0 0.466022 0.788543 0.012641 0.012460
0 0.391692 0.493520 0.012436 0.012472
0 0.949833 0.582417 0.014236 0.013973
0 0.446888 0.553381 0.013265 0.013368
0 0.414667 0.690655 0.012914 0.012703
0 0.141332 0.271379 0.012380 0.012432
0 0.296434 0.669105 0.013205 0.013184
0 0.503216 0.606322 0.012846 0.012915
0 0.596866 0.769409 0.011903 0.011780
0 0.366864 0.439423 0.012393 0.012530
0 0.117707 0.517068 0.012891 0.012868
0 0.155471 0.472995 0.012406 0.012286
0 0.331569 0.891550 0.013000 0.012980
0 0.596961 0.274034 0.010810 0.010599
0 0.473656 0.365917 0.012048 0.012111
0 0.166834 0.163440 0.011787 0.011621
0 0.470116 0.679986 0.012664 0.012755
0 0.099984 0.278011 0.012564 0.012624
0 0.469033 0.423882 0.013735 0.013708
0 0.036704 0.429092 0.012997 0.013308
0 0.653555 0.898731 0.012759 0.012925
0 0.602370 0.189119 0.012523 0.012510
0 0.984168 0.724328 0.011874 0.011780
0 0.136498 0.313823 0.011632 0.011671
0 0.909918 0.517939 0.013457 0.013427
0 0.849293 0.517004 0.013206 0.013195
0 0.124368 0.922389 0.014685 0.014363
0 0.343421 0.816159 0.013429 0.013231
0 0.436341 0.694297 0.012024 0.012248
0 0.505176 0.682201 0.012179 0.012081
0 0.895308 0.248487 0.013767 0.013600
0 0.797533 0.898849 0.012892 0.012915
0 0.800686 0.937774 0.014062 0.014141
0 0.798706 0.827431 0.012295 0.012108
0 0.315882 0.497364 0.013963 0.013793
0 0.418749 0.624901 0.012995 0.012943
0 0.975120 0.775880 0.013591 0.013530
0 0.610962 0.329392 0.017218 0.017156
0 0.441097 0.485453 0.012255 0.012377
0 0.261339 0.270155 0.011822 0.011678
0 0.527774 0.722751 0.013319 0.013307
0 0.759253 0.480353 0.012493 0.012407
0 0.521523 0.123099 0.013526 0.013537
0 0.309191 0.563683 0.013049 0.012970
0 0.256133 0.499920 0.014089 0.014107
0 0.256637 0.135887 0.011936 0.012008
0 0.227724 0.059291 0.013160 0.013283
0 0.917031 0.019477 0.013158 0.012982
0 0.733477 0.242993 0.012704 0.012554
0 0.561535 0.532623 0.013503 0.013464
0 0.018209 0.804955 0.013689 0.013680
0 0.745346 0.674318 0.012775 0.012884
0 0.292121 0.715208 0.013725 0.013871
0 0.728073 0.467861 0.014157 0.014014
0 0.800091 0.165509 0.013326 0.013460
0 0.219528 0.470471 0.013837 0.014024
0 0.138176 0.803839 0.014389 0.014346
0 0.229313 0.884895 0.012304 0.012152
0 0.807516 0.056046 0.012499 0.012378
0 0.326329 0.758433 0.012694 0.012850
0 0.478945 0.706482 0.011256 0.010920
0 0.983412 0.908902 0.013996 0.014113
0 0.896229 0.323919 0.012172 0.012009
0 0.329756 0.535623 0.014102 0.014060
0 0.820889 0.969997 0.010791 0.010858
0 0.324328 0.589258 0.012919 0.012923
0 0.585448 0.443450 0.014027 0.013916
0 0.227422 0.356495 0.011680 0.011786
0 0.708985 0.608269 0.012848 0.012751
0 0.795421 0.555814 0.013621 0.013459
0 0.820596 0.015584 0.012829 0.013117
0 0.631995 0.015874 0.013692 0.013841
0 0.822194 0.366613 0.012295 0.012497
0 0.119836 0.416142 0.011215 0.011093
0 0.391223 0.889968 0.012460 0.012199
0 0.685074 0.362780 0.012940 0.013106
0 0.394692 0.070176 0.011776 0.011593
0 0.370882 0.641740 0.012573 0.013025
0 0.911737 0.141444 0.013471 0.013213
0 0.519271 0.307743 0.014814 0.015081
0 0.204382 0.503707 0.012394 0.012301
0 0.924906 0.585764 0.014948 0.014936
0 0.526585 0.631977 0.013966 0.014019
0 0.200573 0.113178 0.013529 0.013440
0 0.162937 0.753925 0.012205 0.012356
0 0.851254 0.709421 0.021392 0.020862
0 0.211766 0.769908 0.013417 0.013348
0 0.688106 0.664390 0.013207 0.013143
0 0.845116 0.436899 0.012330 0.012468
0 0.988880 0.030723 0.013825 0.013660
0 0.996552 0.584938 0.006824 0.011700
0 0.424786 0.850476 0.010647 0.010501
0 0.790771 0.354134 0.013527 0.013114
0 0.851878 0.919754 0.014325 0.014304
0 0.622675 0.717284 0.012291 0.012271
0 0.075160 0.929888 0.013471 0.013216
0 0.476501 0.524278 0.013103 0.013268
0 0.821841 0.418588 0.013509 0.013451
0 0.143540 0.088783 0.012949 0.012842
0 0.796166 0.430893 0.013272 0.013306
0 0.669964 0.069814 0.013747 0.013761
0 0.263853 0.517419 0.013852 0.013868
0 0.589640 0.466453 0.011945 0.012193
0 0.461429 0.055656 0.015854 0.015614
0 0.716534 0.275938 0.012160 0.012152
0 0.917434 0.408219 0.013173 0.012825
0 0.560872 0.950168 0.011959 0.011792
0 0.598412 0.154411 0.013252 0.013314
0 0.185089 0.389360 0.012805 0.012659
0 0.775056 0.353494 0.010901 0.010718
0 0.535810 0.276139 0.012076 0.012168
0 0.480570 0.311822 0.013872 0.014096
0 0.195790 0.759196 0.012227 0.012286
0 0.469492 0.236267 0.011791 0.011689
0 0.511848 0.353121 0.015114 0.015479
0 0.376500 0.969729 0.013318 0.013371
0 0.152312 0.008806 0.012772 0.012992
0 0.046739 0.105464 0.014056 0.013457
0 0.556951 0.055068 0.014316 0.014953
0 0.566313 0.471741 0.013674 0.013601
0 0.571152 0.735917 0.011772 0.011838
0 0.556735 0.760417 0.011831 0.011441
0 0.139552 0.739902 0.011503 0.011320
0 0.195604 0.908632 0.011793 0.011789
0 0.862077 0.092355 0.012863 0.012710
0 0.624591 0.700755 0.011477 0.011299
0 0.478211 0.014178 0.012207 0.012119
0 0.543918 0.052229 0.019163 0.019088
0 0.367881 0.004347 0.013402 0.008682
0 0.663136 0.381113 0.012617 0.012352
0 0.231144 0.165283 0.010522 0.010752
0 0.977064 0.306867 0.012018 0.011740
0 0.664552 0.216623 0.011497 0.011528
0 0.039627 0.322041 0.012711 0.012829
0 0.335909 0.396805 0.014476 0.014678
0 0.874604 0.699248 0.013675 0.013030
0 0.997006 0.130884 0.005892 0.009633
0 0.522821 0.753691 0.013753 0.013641
0 0.574515 0.855705 0.010052 0.009897
0 0.346376 0.489222 0.012767 0.012636
0 0.553047 0.969534 0.012457 0.012332
0 0.319480 0.642687 0.013241 0.013566
0 0.698430 0.997483 0.012258 0.005033
0 0.003894 0.764822 0.007697 0.011411
0 0.539416 0.980241 0.011758 0.011857
0 0.591648 0.744950 0.012093 0.011767
0 0.125515 0.552001 0.013620 0.013536
0 0.333895 0.924636 0.009837 0.009707
0 0.384390 0.996508 0.012156 0.006934
0 0.604026 0.237307 0.011386 0.011268
0 0.425111 0.840840 0.012022 0.012395
0 0.508913 0.468456 0.016586 0.016038
0 0.003550 0.684338 0.007100 0.011234
0 0.985809 0.245677 0.012364 0.012324
0 0.932433 0.539279 0.013398 0.013133
0 0.343777 0.286617 0.022949 0.023507
0 0.547422 0.465914 0.009821 0.009450
0 0.565877 0.233538 0.012052 0.011567
0 0.331169 0.635149 0.013664 0.013423
