0 0.131262 0.929912 0.012615 0.012374
0 0.441578 0.479864 0.012642 0.012620
0 0.097245 0.188950 0.010910 0.010699
0 0.761709 0.287940 0.012779 0.012796
0 0.748648 0.619145 0.013055 0.012959
0 0.481666 0.457231 0.012163 0.012291
0 0.403182 0.755492 0.013485 0.013399
0 0.428822 0.655339 0.014348 0.014336
0 0.379147 0.161865 0.013956 0.014010
0 0.978725 0.653480 0.012645 0.012407
0 0.086765 0.681470 0.013292 0.013157
0 0.649659 0.811593 0.012507 0.012478
0 0.674650 0.817480 0.011839 0.011937
0 0.524412 0.349831 0.013289 0.013141
0 0.538326 0.142039 0.014081 0.014195
0 0.051936 0.849583 0.013100 0.013228
0 0.348339 0.586139 0.012789 0.012851
0 0.237573 0.602813 0.012772 0.012822
0 0.648227 0.243118 0.012894 0.012780
0 0.727392 0.587117 0.011826 0.011683
0 0.160013 0.284012 0.013884 0.013622
0 0.184475 0.891338 0.012626 0.012603
0 0.938323 0.804448 0.012267 0.012238
0 0.073070 0.263957 0.012954 0.012896
0 0.412429 0.499693 0.013933 0.013855
0 0.162686 0.605054 0.012347 0.012138
0 0.733099 0.164059 0.013588 0.013569
0 0.155873 0.567335 0.013346 0.013056
0 0.798097 0.222417 0.012103 0.011962
0 0.732770 0.124764 0.014110 0.014045
0 0.462599 0.062773 0.013008 0.012932
0 0.159110 0.313414 0.014449 0.014297
0 0.585191 0.540455 0.013701 0.013544
0 0.170178 0.155723 0.014163 0.014018
0 0.737499 0.269807 0.012800 0.013019
0 0.606112 0.208393 0.012148 0.012156
0 0.950183 0.030473 0.013819 0.013898
0 0.792452 0.553235 0.011595 0.012027
0 0.455298 0.961333 0.011848 0.011464
0 0.184321 0.947023 0.012342 0.012467
0 0.263519 0.208956 0.013334 0.013377
0 0.108190 0.981347 0.013057 0.013035
0 0.890158 0.732982 0.012654 0.012688
0 0.329399 0.530989 0.013764 0.013711
0 0.222360 0.469360 0.012804 0.012736
0 0.171768 0.114311 0.013256 0.013238
0 0.547872 0.322026 0.014244 0.014037
0 0.840607 0.648684 0.012549 0.012465
0 0.418680 0.392803 0.012936 0.012922
0 0.985471 0.253501 0.011332 0.011327
0 0.373152 0.583655 0.009357 0.009231
0 0.259858 0.336480 0.011930 0.011724
0 0.951271 0.887224 0.013384 0.013847
0 0.966147 0.291259 0.012257 0.012180
0 0.967027 0.511540 0.013221 0.013105
0 0.800672 0.049975 0.013839 0.013824
0 0.183171 0.452618 0.012848 0.013049
0 0.275232 0.277059 0.012288 0.012220
0 0.474106 0.293304 0.013293 0.013133
0 0.212017 0.687998 0.012334 0.012378
0 0.833496 0.384490 0.013041 0.012994
0 0.609899 0.041643 0.014200 0.014182
0 0.301349 0.166010 0.012835 0.012748
0 0.543245 0.974571 0.013247 0.013005
0 0.369680 0.884028 0.012360 0.012427
0 0.168146 0.580363 0.013678 0.013471
0 0.811236 0.103197 0.012627 0.012689
0 0.554442 0.543578 0.012343 0.012423
0 0.053227 0.162491 0.012203 0.012136
0 0.495968 0.544806 0.014143 0.014492
0 0.225821 0.652579 0.013321 0.013026
0 0.635110 0.660275 0.012461 0.012460
0 0.619440 0.146170 0.013667 0.013852
0 0.994226 0.142129 0.011549 0.013234
0 0.054403 0.671739 0.012619 0.012695
0 0.434901 0.141051 0.012292 0.012055
0 0.288524 0.749255 0.011663 0.011373
0 0.571228 0.703622 0.013379 0.013607
0 0.276515 0.922704 0.012514 0.012586
0 0.173879 0.097138 0.009998 0.010404
0 0.438719 0.994385 0.013941 0.011230
0 0.448220 0.398256 0.014043 0.013908
0 0.774347 0.048117 0.013529 0.013551
0 0.391076 0.135977 0.013107 0.012905
0 0.810271 0.791077 0.012355 0.012409
0 0.988899 0.591406 0.011666 0.011734
0 0.005399 0.503629 0.010522 0.011459
0 0.448579 0.265544 0.013796 0.013757
0 0.680093 0.328498 0.010508 0.010657
0 0.788225 0.005111 0.012543 0.010191
0 0.359251 0.224382 0.012409 0.012909
0 0.300298 0.298582 0.012991 0.013301
0 0.246448 0.690849 0.013536 0.013335
0 0.021851 0.441184 0.010758 0.010621
0 0.804793 0.469509 0.013123 0.012951
0 0.440629 0.059941 0.012137 0.012263
0 0.370341 0.224138 0.012676 0.013238
0 0.504962 0.697848 0.012842 0.012484
0 0.422812 0.556297 0.012653 0.012325
0 0.082576 0.089750 0.012384 0.012319
0 0.857921 0.016134 0.011630 0.011953
0 0.494903 0.690847 0.009247 0.009212
0 0.347863 0.771909 0.012222 0.011698
0 0.022583 0.489085 0.011886 0.011971
0 0.849205 0.711095 0.022652 0.022475
0 0.209837 0.090231 0.011852 0.011353
0 0.400828 0.570980 0.011273 0.011066
0 0.398471 0.569928 0.012141 0.011354
0 0.637684 0.407760 0.012570 0.012740
0 0.043503 0.277350 0.013694 0.012126
0 0.037011 0.277627 0.010824 0.011039
0 0.531453 0.630066 0.023341 0.023463
0 0.822508 0.184886 0.011706 0.011588
0 0.367558 0.224193 0.014667 0.013248
0 0.012409 0.586146 0.013066 0.013214
0 0.039831 0.277503 0.013086 0.011550
