0 0.666630 0.094274 0.012474 0.012459
0 0.684825 0.569543 0.012552 0.012460
0 0.733311 0.584108 0.011862 0.011790
0 0.583746 0.696689 0.012602 0.012533
0 0.456241 0.695302 0.012324 0.012389
0 0.733474 0.622412 0.013717 0.013565
0 0.055009 0.353409 0.012315 0.012307
0 0.539418 0.515286 0.012221 0.012239
0 0.501402 0.208785 0.011708 0.011707
0 0.820591 0.171366 0.013201 0.013218
0 0.473846 0.102812 0.012412 0.012522
0 0.902791 0.541246 0.013269 0.013113
0 0.465792 0.169166 0.013454 0.013418
0 0.836724 0.502429 0.012862 0.013063
0 0.685729 0.430422 0.012667 0.012717
0 0.567388 0.190237 0.012825 0.012862
0 0.926842 0.039206 0.012032 0.012174
0 0.304049 0.504215 0.012299 0.012318
0 0.697439 0.765936 0.012449 0.012349
0 0.904625 0.298472 0.013109 0.013114
0 0.550804 0.732285 0.012404 0.012706
0 0.830166 0.235649 0.012385 0.012238
0 0.496504 0.588945 0.012244 0.012177
0 0.264026 0.582957 0.013026 0.013132
0 0.068148 0.618864 0.012620 0.012352
0 0.833652 0.318534 0.013137 0.013026
0 0.602001 0.759835 0.013486 0.013318
0 0.461320 0.421435 0.012152 0.012068
0 0.888254 0.736429 0.013037 0.012927
0 0.293049 0.749983 0.012547 0.012618
0 0.191764 0.618862 0.012358 0.012256
0 0.457310 0.641707 0.012785 0.012885
0 0.651534 0.586043 0.011887 0.011944
0 0.515915 0.353938 0.012616 0.012521
0 0.970381 0.600630 0.011774 0.011400
0 0.803615 0.545381 0.011336 0.010878
0 0.113139 0.686075 0.012373 0.012302
0 0.278890 0.436421 0.012131 0.012031
0 0.647585 0.606079 0.012558 0.012493
0 0.592359 0.153914 0.012095 0.011998
0 0.869216 0.108176 0.012294 0.012032
0 0.249263 0.155817 0.012639 0.012606
0 0.807819 0.053092 0.011392 0.011333
0 0.779839 0.105670 0.013533 0.013371
0 0.019038 0.813195 0.011909 0.011901
0 0.547064 0.597491 0.013367 0.013354
0 0.445214 0.038551 0.014109 0.014062
0 0.494132 0.288299 0.011584 0.011714
0 0.353223 0.784007 0.012933 0.012591
0 0.561040 0.393784 0.011977 0.011880
0 0.101491 0.711001 0.013627 0.013588
0 0.493377 0.965287 0.013744 0.013934
0 0.045107 0.764520 0.012563 0.012635
0 0.067980 0.916453 0.010698 0.010658
0 0.094205 0.381034 0.011627 0.011355
0 0.846488 0.472332 0.012437 0.012506
0 0.036732 0.704573 0.012616 0.012564
0 0.861855 0.231344 0.013414 0.013548
0 0.276579 0.932106 0.010646 0.010745
0 0.759785 0.476362 0.011697 0.011823
0 0.397392 0.714714 0.011392 0.011542
0 0.310222 0.374230 0.012576 0.012570
0 0.884029 0.117768 0.009504 0.009326
0 0.361686 0.448896 0.012025 0.012091
0 0.765430 0.023133 0.012304 0.012213
0 0.687455 0.272017 0.011599 0.011703
0 0.767565 0.540353 0.012633 0.012225
0 0.307434 0.903381 0.013107 0.012929
0 0.751636 0.435827 0.012126 0.012225
0 0.246622 0.442432 0.013729 0.013718
0 0.411805 0.887637 0.012749 0.012762
0 0.203474 0.423254 0.012074 0.012059
0 0.434189 0.595927 0.013396 0.013293
0 0.393048 0.972829 0.012578 0.012550
0 0.783480 0.924509 0.011568 0.011395
0 0.878972 0.605659 0.011349 0.011294
0 0.733632 0.685787 0.011659 0.011830
0 0.292090 0.659975 0.013042 0.012789
0 0.881270 0.358961 0.011529 0.011344
0 0.648756 0.324403 0.012006 0.011818
0 0.891371 0.588631 0.011468 0.011687
0 0.800966 0.511865 0.010040 0.009533
0 0.828978 0.005662 0.013025 0.011283
0 0.763248 0.874322 0.012804 0.012595
0 0.740027 0.370015 0.012138 0.012382
0 0.970713 0.327577 0.014087 0.013960
0 0.471700 0.474121 0.013572 0.013533
0 0.852050 0.994352 0.012085 0.011069
0 0.118133 0.168698 0.012281 0.012013
0 0.916147 0.864816 0.013298 0.013282
0 0.087206 0.924071 0.013158 0.013064
0 0.941512 0.850623 0.013639 0.013690
0 0.389370 0.314376 0.014007 0.014202
0 0.758667 0.770448 0.013470 0.013512
0 0.143178 0.228366 0.012648 0.012789
0 0.985325 0.652266 0.011731 0.011719
0 0.582528 0.964957 0.014581 0.014338
0 0.877840 0.976889 0.011993 0.012084
0 0.945004 0.400487 0.011748 0.012028
0 0.393608 0.746610 0.011987 0.012131
0 0.325633 0.249755 0.012437 0.012362
0 0.534061 0.628693 0.022747 0.022981
0 0.986013 0.463869 0.012960 0.012453
0 0.971838 0.035777 0.010178 0.009847
0 0.035600 0.903335 0.011161 0.011230
0 0.911412 0.926089 0.011055 0.011013
0 0.630980 0.245519 0.009999 0.009962
0 0.003208 0.368671 0.006385 0.014249
0 0.167733 0.967771 0.010431 0.010306
0 0.901609 0.072538 0.011388 0.011324
0 0.349697 0.291182 0.024276 0.024633
0 0.980735 0.513163 0.014069 0.013767
0 0.025112 0.882682 0.012001 0.011898
0 0.097776 0.358169 0.014225 0.014006
0 0.870123 0.572462 0.010980 0.010875
0 0.894029 0.614497 0.011862 0.011621
0 0.117545 0.004123 0.013313 0.008228
0 0.616818 0.252937 0.009689 0.009616
0 0.219726 0.840190 0.012789 0.012482
0 0.802652 0.732674 0.012911 0.013004
0 0.264064 0.539270 0.013211 0.013195
0 0.211245 0.989287 0.012187 0.012039
0 0.135056 0.949914 0.011770 0.011566
0 0.983051 0.513015 0.014428 0.013261
0 0.924667 0.006401 0.010506 0.011062
0 0.571836 0.519154 0.014114 0.014084
0 0.851555 0.711682 0.021535 0.021077
0 0.637047 0.079885 0.022848 0.023772
0 0.852254 0.853605 0.011831 0.012005
0 0.001677 0.980150 0.003350 0.010410
0 0.748355 0.848530 0.013642 0.013867
0 0.900847 0.997818 0.010462 0.004363
