0 0.331719 0.141356 0.014144 0.014064
0 0.206816 0.423164 0.012346 0.012229
0 0.505889 0.448367 0.013895 0.013934
0 0.571033 0.195087 0.012736 0.012672
0 0.918601 0.923928 0.012834 0.012826
0 0.822335 0.122794 0.012900 0.012706
0 0.749577 0.616556 0.013581 0.013487
0 0.802579 0.238733 0.012568 0.012438
0 0.798206 0.387767 0.013259 0.013223
0 0.592607 0.042046 0.012748 0.012837
0 0.859861 0.243450 0.012083 0.011951
0 0.224700 0.244073 0.013665 0.013583
0 0.507839 0.334628 0.012542 0.012384
0 0.139479 0.486348 0.013006 0.012948
0 0.793952 0.473275 0.012871 0.012908
0 0.285749 0.343102 0.012026 0.011906
0 0.307341 0.051459 0.012216 0.012304
0 0.426399 0.085545 0.013221 0.013160
0 0.421660 0.287513 0.011455 0.011564
0 0.800381 0.678024 0.013795 0.013729
0 0.614115 0.586837 0.014358 0.014340
0 0.073837 0.283874 0.011977 0.012325
0 0.482166 0.742111 0.013612 0.013532
0 0.482771 0.791866 0.013995 0.014025
0 0.570588 0.868598 0.012603 0.012651
0 0.921684 0.455119 0.013220 0.013350
0 0.615694 0.177028 0.012365 0.012412
0 0.102558 0.303375 0.013297 0.013191
0 0.573115 0.364542 0.011791 0.011750
0 0.208313 0.061042 0.011381 0.011590
0 0.657036 0.073304 0.013624 0.013577
0 0.700323 0.115220 0.012792 0.012794
0 0.371330 0.152425 0.011735 0.011756
0 0.978376 0.606700 0.012901 0.012738
0 0.480318 0.514155 0.013359 0.013347
0 0.399064 0.249152 0.013794 0.013562
0 0.826609 0.575851 0.013489 0.013468
0 0.747381 0.254300 0.012526 0.012496
0 0.032939 0.414670 0.013444 0.013328
0 0.520748 0.374998 0.012627 0.012857
0 0.456300 0.106603 0.013310 0.013113
0 0.479460 0.263335 0.012892 0.013071
0 0.651600 0.271010 0.012319 0.012188
0 0.763533 0.213156 0.012792 0.012985
0 0.431955 0.143288 0.012918 0.012941
0 0.222071 0.467601 0.012801 0.012890
0 0.118059 0.602438 0.013457 0.013354
0 0.117191 0.074872 0.013656 0.013598
0 0.300611 0.538993 0.013422 0.013511
0 0.800655 0.947505 0.012595 0.012740
0 0.005509 0.270067 0.011018 0.012828
0 0.689929 0.146670 0.012375 0.012658
0 0.021554 0.362698 0.012128 0.011946
0 0.548399 0.767008 0.013095 0.013111
0 0.757352 0.643891 0.010867 0.010843
0 0.242951 0.725524 0.013243 0.013031
0 0.205229 0.874166 0.013450 0.013371
0 0.744287 0.569715 0.011553 0.011404
0 0.462272 0.960881 0.013161 0.013007
0 0.580395 0.663968 0.013994 0.013972
0 0.928452 0.334806 0.011126 0.011019
0 0.123795 0.332952 0.010980 0.011142
0 0.930644 0.026013 0.012885 0.013115
0 0.196670 0.818058 0.013733 0.013633
0 0.095347 0.957650 0.012540 0.012599
0 0.990148 0.469463 0.010951 0.010854
0 0.697265 0.772645 0.011812 0.011831
0 0.444141 0.602514 0.011847 0.011862
0 0.328267 0.562440 0.013244 0.013201
0 0.112065 0.489699 0.012062 0.012513
0 0.983487 0.107860 0.012824 0.013296
0 0.278755 0.861551 0.014586 0.014578
0 0.026697 0.379776 0.011365 0.011563
0 0.653269 0.994383 0.013309 0.011218
0 0.079376 0.680453 0.012617 0.012623
0 0.495895 0.542181 0.013240 0.013174
0 0.621564 0.885634 0.010097 0.010188
0 0.478354 0.916307 0.012852 0.012862
0 0.225752 0.650319 0.012865 0.012546
0 0.303092 0.776458 0.012972 0.012895
0 0.665090 0.861527 0.014574 0.014462
0 0.422886 0.554995 0.013314 0.013083
0 0.798292 0.324542 0.013475 0.013392
0 0.544580 0.973265 0.012846 0.012674
0 0.912910 0.792337 0.012261 0.012484
0 0.522122 0.326862 0.012309 0.012074
0 0.147412 0.356300 0.011558 0.011616
0 0.282151 0.947541 0.011206 0.011189
0 0.718439 0.355072 0.010483 0.010662
0 0.866435 0.002790 0.013034 0.005555
0 0.099553 0.649663 0.011831 0.011612
0 0.187558 0.890592 0.013538 0.013528
0 0.131491 0.945500 0.011634 0.011718
0 0.565248 0.912773 0.011535 0.011312
0 0.824111 0.358528 0.011252 0.011499
0 0.237549 0.607205 0.010004 0.009811
0 0.216338 0.728458 0.010283 0.010097
0 0.163272 0.644396 0.010637 0.010529
0 0.375490 0.223516 0.016463 0.016384
0 0.527822 0.345217 0.011903 0.011954
0 0.331171 0.517764 0.011866 0.011674
0 0.108610 0.979700 0.013218 0.012891
0 0.788434 0.004937 0.012794 0.009782
0 0.371565 0.808483 0.010216 0.010265
0 0.326738 0.365478 0.008455 0.008437
0 0.366210 0.855333 0.010164 0.010093
0 0.821684 0.184411 0.013821 0.013999
0 0.783263 0.150369 0.013719 0.013903
0 0.994061 0.088284 0.010789 0.011789
