0 0.101260 0.468462 0.012787 0.012794
0 0.279137 0.436032 0.012269 0.012239
0 0.532592 0.915372 0.013243 0.013096
0 0.380230 0.661082 0.012519 0.012476
0 0.087432 0.355893 0.012126 0.012005
0 0.542808 0.439667 0.012609 0.012440
0 0.484317 0.427154 0.012941 0.013028
0 0.285621 0.592331 0.013518 0.013312
0 0.191662 0.566956 0.012053 0.012069
0 0.683326 0.087086 0.012680 0.012520
0 0.132082 0.442898 0.014116 0.013992
0 0.425343 0.417276 0.012517 0.012536
0 0.181738 0.025133 0.013452 0.013455
0 0.714124 0.372729 0.012864 0.012828
0 0.868984 0.031842 0.011886 0.011958
0 0.190024 0.623799 0.012409 0.012398
0 0.043919 0.395736 0.014020 0.014110
0 0.439029 0.338799 0.013434 0.013377
0 0.399527 0.476005 0.014324 0.014369
0 0.358841 0.098227 0.012232 0.012125
0 0.285074 0.348025 0.012725 0.012701
0 0.569343 0.982438 0.014356 0.014488
0 0.621043 0.504257 0.012675 0.012658
0 0.670395 0.263246 0.013341 0.013217
0 0.260905 0.262569 0.012441 0.012606
0 0.144395 0.723040 0.012895 0.012849
0 0.873207 0.303152 0.012264 0.012120
0 0.579205 0.100216 0.014104 0.014021
0 0.020775 0.976596 0.012927 0.012728
0 0.608770 0.746344 0.012455 0.012189
0 0.970106 0.703710 0.012342 0.012097
0 0.021884 0.068496 0.013953 0.013676
0 0.481654 0.843843 0.014084 0.014392
0 0.322144 0.803021 0.012903 0.012685
0 0.809711 0.232921 0.013524 0.013490
0 0.643639 0.451710 0.012128 0.012004
0 0.624086 0.908497 0.013292 0.013144
0 0.560458 0.192840 0.013416 0.013474
0 0.742085 0.965566 0.013462 0.013480
0 0.629161 0.055283 0.012718 0.012492
0 0.290603 0.846227 0.013798 0.013862
0 0.096860 0.740945 0.012327 0.012480
0 0.560491 0.543993 0.012314 0.012172
0 0.751607 0.244862 0.013252 0.013280
0 0.114705 0.516236 0.012528 0.012876
0 0.573234 0.439469 0.013364 0.013403
0 0.185874 0.882017 0.012207 0.011747
0 0.518531 0.521331 0.014513 0.014311
0 0.065114 0.861435 0.014002 0.013858
0 0.691013 0.254731 0.013699 0.013436
0 0.377382 0.544870 0.013423 0.013324
0 0.433027 0.009393 0.013480 0.013183
0 0.717792 0.218692 0.012996 0.012869
0 0.085272 0.823674 0.012739 0.012529
0 0.096413 0.933575 0.012158 0.012453
0 0.030348 0.302295 0.013306 0.013017
0 0.160148 0.244020 0.012193 0.012232
0 0.149035 0.656276 0.013037 0.013058
0 0.953960 0.445284 0.012270 0.012154
0 0.300087 0.067800 0.013945 0.014019
0 0.079914 0.112942 0.012241 0.012000
0 0.414696 0.329682 0.013060 0.013037
0 0.397264 0.258995 0.012835 0.012862
0 0.617967 0.634298 0.013240 0.013352
0 0.726147 0.575046 0.012026 0.011769
0 0.769835 0.066612 0.012556 0.012626
0 0.147815 0.794497 0.011833 0.011862
0 0.008122 0.878270 0.014115 0.014081
0 0.711608 0.447722 0.013476 0.013284
0 0.800324 0.787544 0.013483 0.013686
0 0.901046 0.533460 0.013678 0.013784
0 0.816246 0.734099 0.014326 0.014363
0 0.653628 0.417669 0.011621 0.011526
0 0.735998 0.619528 0.014558 0.014460
0 0.513828 0.338919 0.013881 0.013979
0 0.233472 0.777639 0.011909 0.011917
0 0.819014 0.815022 0.011799 0.011732
0 0.558231 0.206990 0.009679 0.009691
0 0.344081 0.729084 0.012954 0.012791
0 0.570319 0.909651 0.014191 0.014064
0 0.812482 0.916555 0.011853 0.011634
0 0.969181 0.590352 0.012434 0.012115
0 0.650158 0.887835 0.013240 0.013347
0 0.863491 0.116599 0.012075 0.011960
0 0.479978 0.401618 0.011006 0.010568
0 0.324302 0.989947 0.014322 0.014182
0 0.574091 0.687200 0.010579 0.010320
0 0.450826 0.265858 0.012696 0.012691
0 0.331228 0.320592 0.012870 0.013036
0 0.959184 0.477244 0.012578 0.012548
0 0.952289 0.857539 0.014474 0.014185
0 0.949910 0.028992 0.011581 0.011477
0 0.984139 0.510951 0.015946 0.015052
0 0.819739 0.452772 0.013709 0.013625
0 0.119145 0.859018 0.009705 0.009690
0 0.784089 0.647954 0.012062 0.012018
0 0.776742 0.424509 0.012618 0.012927
0 0.319774 0.860093 0.012578 0.012470
0 0.471447 0.970023 0.013396 0.012780
0 0.889208 0.579233 0.013465 0.013380
0 0.358909 0.796958 0.012482 0.012491
0 0.447352 0.279050 0.011438 0.012117
0 0.715341 0.932720 0.013388 0.013427
0 0.948434 0.397021 0.013394 0.013543
0 0.874172 0.851875 0.012519 0.012668
0 0.428191 0.997150 0.012117 0.005656
0 0.347684 0.295399 0.024410 0.024093
0 0.804378 0.701850 0.013767 0.013925
0 0.755109 0.291050 0.012275 0.012239
0 0.882241 0.075780 0.012452 0.012337
0 0.766664 0.535189 0.013373 0.013027
0 0.088421 0.910957 0.011986 0.011925
0 0.986604 0.866218 0.012855 0.012618
0 0.535225 0.632090 0.021677 0.021727
0 0.017465 0.757374 0.011486 0.011414
0 0.959514 0.339471 0.012548 0.012705
0 0.002498 0.163011 0.004974 0.013052
0 0.870281 0.003731 0.010996 0.007463
0 0.628101 0.364828 0.012764 0.013032
0 0.123222 0.996133 0.010726 0.007734
0 0.801939 0.538059 0.012475 0.012325
0 0.878649 0.121510 0.010174 0.010353
0 0.953374 0.600907 0.011611 0.011215
0 0.805841 0.432866 0.011376 0.010843
0 0.786421 0.487196 0.014525 0.014573
0 0.849243 0.538108 0.013222 0.013192
0 0.903527 0.982856 0.011304 0.011356
0 0.997999 0.217567 0.003952 0.012442
0 0.705525 0.680825 0.011600 0.011440
0 0.992637 0.404318 0.012060 0.012530
0 0.002317 0.647360 0.004615 0.010788
0 0.849352 0.715901 0.023558 0.023456
0 0.704670 0.820361 0.022457 0.022489
0 0.760560 0.509807 0.010479 0.010910
0 0.776529 0.465788 0.012599 0.012736
0 0.720357 0.675272 0.010632 0.010153
0 0.997868 0.595281 0.004263 0.011331
0 0.351651 0.914595 0.012415 0.012585
0 0.003260 0.646759 0.006460 0.010284
0 0.537712 0.616864 0.013533 0.012914
0 0.226955 0.209594 0.010401 0.010341
0 0.958057 0.338601 0.012600 0.012254
0 0.067264 0.571742 0.022703 0.022980
