0 0.482787 0.740367 0.014065 0.014072
0 0.209910 0.583082 0.014353 0.014089
0 0.748635 0.617675 0.013361 0.013419
0 0.183235 0.545782 0.013770 0.013495
0 0.661303 0.579846 0.013525 0.013140
0 0.372383 0.098862 0.013531 0.013530
0 0.327143 0.769100 0.014080 0.013918
0 0.426903 0.667994 0.013058 0.013110
0 0.284886 0.551136 0.011430 0.011393
0 0.328822 0.836155 0.014162 0.014079
0 0.240429 0.102819 0.011542 0.011874
0 0.452429 0.100743 0.013700 0.013802
0 0.430227 0.265301 0.012593 0.012654
0 0.954325 0.605651 0.012983 0.012989
0 0.271645 0.123791 0.013856 0.013733
0 0.523967 0.348061 0.013568 0.013473
0 0.432209 0.698747 0.012801 0.012784
0 0.309266 0.731752 0.014144 0.014127
0 0.558204 0.266505 0.013559 0.013484
0 0.691151 0.849867 0.013253 0.013340
0 0.673701 0.186379 0.014602 0.014493
0 0.979965 0.920900 0.011492 0.011323
0 0.166214 0.681186 0.012384 0.012416
0 0.782449 0.422494 0.012791 0.013043
0 0.130355 0.694460 0.013541 0.013442
0 0.562194 0.827897 0.012860 0.012807
0 0.502654 0.504593 0.013674 0.013426
0 0.144796 0.305880 0.012216 0.012169
0 0.114898 0.144264 0.010871 0.010821
0 0.688018 0.258722 0.012504 0.012445
0 0.327196 0.930101 0.011979 0.011845
0 0.851268 0.285237 0.013269 0.013246
0 0.600288 0.707952 0.013430 0.013469
0 0.457493 0.957471 0.013076 0.013101
0 0.742590 0.227012 0.012566 0.012264
0 0.133118 0.017942 0.011172 0.011291
0 0.009852 0.192572 0.013097 0.013144
0 0.750738 0.561152 0.010834 0.011078
0 0.021852 0.486579 0.013343 0.013405
0 0.559053 0.677517 0.012948 0.012926
0 0.433494 0.036800 0.012602 0.012496
0 0.584342 0.767948 0.014042 0.013927
0 0.376700 0.658067 0.012789 0.012815
0 0.977691 0.389072 0.012855 0.012890
0 0.165732 0.636714 0.012361 0.012728
0 0.287175 0.771184 0.013778 0.013709
0 0.400242 0.754766 0.013326 0.013403
0 0.759702 0.176055 0.012582 0.012679
0 0.482654 0.420074 0.012281 0.012087
0 0.430473 0.435350 0.012308 0.012125
0 0.993438 0.468805 0.010804 0.010516
0 0.916335 0.137526 0.013667 0.013695
0 0.817709 0.276873 0.012617 0.012736
0 0.116063 0.765814 0.013508 0.013309
0 0.331649 0.517374 0.011266 0.011160
0 0.542330 0.970721 0.013038 0.012935
0 0.222873 0.467711 0.013106 0.013038
0 0.856591 0.066220 0.012446 0.012750
0 0.296883 0.297417 0.012111 0.011813
0 0.306147 0.274671 0.012086 0.012319
0 0.219011 0.882631 0.012507 0.012428
0 0.079126 0.450789 0.013216 0.013335
0 0.616034 0.990077 0.013265 0.012998
0 0.893906 0.227120 0.011941 0.012321
0 0.574430 0.110652 0.013429 0.013186
0 0.186711 0.890209 0.013487 0.013502
0 0.956385 0.380299 0.011040 0.011274
0 0.101508 0.280621 0.011603 0.011605
0 0.226341 0.650961 0.012783 0.012531
0 0.671323 0.005194 0.012835 0.010375
0 0.005658 0.509189 0.011206 0.014335
0 0.851615 0.788804 0.010647 0.010657
0 0.859553 0.532732 0.013418 0.013967
0 0.843793 0.639833 0.010563 0.010608
0 0.108886 0.979808 0.013847 0.013969
0 0.787964 0.004993 0.013029 0.009874
0 0.372584 0.807145 0.010357 0.010219
0 0.383861 0.004003 0.013101 0.008000
0 0.003548 0.603041 0.007026 0.012115
0 0.351031 0.448571 0.011187 0.010693
0 0.228885 0.497360 0.013484 0.013477
0 0.596624 0.169880 0.012341 0.012376
0 0.422489 0.554201 0.013423 0.013445
0 0.527133 0.668834 0.011638 0.011774
0 0.221358 0.936578 0.010807 0.010828
0 0.656414 0.981579 0.012275 0.012310
0 0.513230 0.535641 0.013130 0.013276
0 0.868521 0.061679 0.011351 0.011448
0 0.671446 0.123263 0.009820 0.009684
0 0.493241 0.542720 0.011888 0.011822
0 0.044214 0.577406 0.012457 0.012017
0 0.662655 0.939919 0.009284 0.009041
0 0.302618 0.908913 0.011206 0.011218
0 0.565490 0.026004 0.011255 0.010850
0 0.879815 0.471408 0.012266 0.012485
0 0.059012 0.484439 0.012916 0.012462
0 0.059930 0.401367 0.012227 0.011756
0 0.056345 0.402830 0.013149 0.013087
0 0.062132 0.400107 0.010363 0.010405
0 0.123116 0.472731 0.010892 0.010639
0 0.836163 0.668580 0.012125 0.012051
0 0.774227 0.004586 0.012868 0.009167
