0 0.581337 0.524018 0.012802 0.012771
0 0.749523 0.616072 0.012961 0.012669
0 0.682040 0.696805 0.011843 0.011719
0 0.627357 0.112791 0.013093 0.013163
0 0.186473 0.889479 0.013282 0.013348
0 0.524553 0.347199 0.013373 0.013265
0 0.014613 0.979624 0.013841 0.013703
0 0.262099 0.605068 0.013122 0.012900
0 0.663206 0.550977 0.010370 0.010183
0 0.851991 0.915727 0.013123 0.012942
0 0.225943 0.650544 0.012667 0.012480
0 0.227832 0.857998 0.013265 0.013198
0 0.222494 0.467477 0.012584 0.012645
0 0.854430 0.871828 0.012506 0.012596
0 0.693653 0.452245 0.012412 0.012351
0 0.715849 0.431225 0.012073 0.012015
0 0.231930 0.702261 0.011899 0.011547
0 0.557842 0.303658 0.012678 0.012845
0 0.430410 0.193725 0.013778 0.013639
0 0.552905 0.793036 0.013526 0.013354
0 0.463945 0.296814 0.011705 0.011780
0 0.097595 0.556731 0.013197 0.012910
0 0.458842 0.957541 0.012704 0.012761
0 0.604753 0.924233 0.013465 0.013473
0 0.225793 0.540796 0.013276 0.013137
0 0.141154 0.290368 0.011059 0.011042
0 0.518423 0.257721 0.011426 0.011359
0 0.204364 0.408894 0.010951 0.010942
0 0.331930 0.801125 0.014041 0.014044
0 0.348634 0.417480 0.013054 0.012973
0 0.900925 0.032047 0.011880 0.011701
0 0.290045 0.278300 0.012466 0.012613
0 0.136723 0.628666 0.012917 0.012852
0 0.187548 0.375934 0.010489 0.010680
0 0.712859 0.516583 0.012117 0.012217
0 0.495426 0.731101 0.011704 0.011511
0 0.902578 0.449847 0.009403 0.009399
0 0.277580 0.230891 0.011548 0.011518
0 0.544331 0.972757 0.013312 0.013068
0 0.506179 0.494040 0.012280 0.012350
0 0.718445 0.259014 0.009570 0.009705
0 0.109619 0.979851 0.013666 0.013740
0 0.203781 0.091296 0.013304 0.013524
0 0.167994 0.125714 0.011751 0.011772
0 0.124304 0.803374 0.013034 0.013094
0 0.888688 0.980414 0.011948 0.012042
0 0.331216 0.517466 0.011720 0.011614
0 0.730490 0.132215 0.011885 0.011949
0 0.198042 0.278718 0.011565 0.011434
0 0.343978 0.296313 0.022928 0.022867
0 0.251575 0.578191 0.013150 0.013111
0 0.380198 0.334710 0.011505 0.011317
0 0.377933 0.244223 0.011919 0.012059
0 0.461259 0.255221 0.010839 0.010776
0 0.327492 0.716449 0.012989 0.012834
0 0.600263 0.358834 0.009654 0.009709
0 0.035361 0.448272 0.013959 0.013467
0 0.435779 0.875836 0.011351 0.011201
0 0.627752 0.906751 0.011314 0.011519
0 0.777082 0.380995 0.010962 0.011024
0 0.803084 0.673934 0.011691 0.011816
0 0.530805 0.637144 0.022218 0.022631
0 0.996698 0.589052 0.006587 0.012665
0 0.560816 0.254310 0.012948 0.012853
0 0.848291 0.718149 0.021158 0.020806
0 0.184593 0.174990 0.012226 0.011818
0 0.787088 0.154598 0.011263 0.011319
0 0.453145 0.586621 0.011929 0.011825
0 0.497864 0.543225 0.014777 0.014902
0 0.694103 0.312532 0.010677 0.010356
0 0.628448 0.083657 0.015243 0.014947
0 0.424309 0.572216 0.010629 0.010536
0 0.281093 0.347899 0.010755 0.010851
0 0.389879 0.155755 0.011508 0.011821
0 0.003054 0.492065 0.006073 0.014385
0 0.651438 0.600561 0.011359 0.011466
0 0.717464 0.646042 0.010853 0.010451
0 0.019885 0.644717 0.010305 0.009914
0 0.571664 0.263357 0.009359 0.008594
0 0.494766 0.362964 0.010186 0.010044
0 0.494727 0.451748 0.010607 0.010693
0 0.183021 0.175965 0.012380 0.011872
