0 0.670375 0.124683 0.012971 0.013071
0 0.568035 0.220789 0.013298 0.013095
0 0.201741 0.211869 0.013657 0.013551
0 0.748773 0.617151 0.013421 0.013440
0 0.858064 0.890795 0.013113 0.012904
0 0.414299 0.055177 0.013961 0.013993
0 0.319223 0.085632 0.012649 0.012871
0 0.210209 0.329231 0.013091 0.012937
0 0.524594 0.347512 0.013370 0.013227
0 0.546442 0.061500 0.012362 0.012140
0 0.456237 0.066307 0.011991 0.011737
0 0.951690 0.455594 0.013501 0.013669
0 0.608442 0.195203 0.012264 0.012235
0 0.417600 0.119007 0.014012 0.013761
0 0.820553 0.511691 0.010973 0.010713
0 0.390392 0.427659 0.013073 0.012928
0 0.598763 0.284271 0.013557 0.013609
0 0.496158 0.824899 0.011905 0.011862
0 0.627949 0.425749 0.012803 0.012527
0 0.140269 0.308580 0.011836 0.011599
0 0.624137 0.389627 0.014740 0.014302
0 0.316619 0.755548 0.014548 0.014485
0 0.567727 0.251064 0.012871 0.013128
0 0.296990 0.606154 0.014246 0.014153
0 0.757437 0.058572 0.012330 0.012199
0 0.500361 0.072037 0.011283 0.011179
0 0.738988 0.085877 0.012810 0.012584
0 0.219206 0.558430 0.011886 0.011750
0 0.572285 0.963041 0.011717 0.011695
0 0.443032 0.682675 0.011585 0.011605
0 0.780108 0.975256 0.012742 0.012765
0 0.219708 0.266430 0.010994 0.011109
0 0.239962 0.252008 0.014323 0.014151
0 0.519107 0.262948 0.013950 0.013972
0 0.537548 0.592356 0.012503 0.012395
0 0.417279 0.539802 0.013858 0.013911
0 0.411590 0.805458 0.012998 0.012729
0 0.838535 0.021346 0.012911 0.013058
0 0.555699 0.737322 0.013490 0.013507
0 0.218170 0.440290 0.012998 0.012787
0 0.098932 0.670692 0.014269 0.014040
0 0.751621 0.214290 0.011504 0.011579
0 0.570995 0.571877 0.014523 0.014503
0 0.908834 0.295486 0.012461 0.012149
0 0.828352 0.340243 0.013222 0.013155
0 0.822618 0.549861 0.011777 0.011698
0 0.289183 0.485319 0.012559 0.012452
0 0.334282 0.778573 0.013482 0.013581
0 0.573947 0.621335 0.012938 0.013161
0 0.373256 0.247824 0.012124 0.012140
0 0.123890 0.067844 0.013742 0.013744
0 0.889149 0.076730 0.012243 0.011733
0 0.457107 0.806065 0.011588 0.011397
0 0.009012 0.447580 0.012863 0.012430
0 0.955299 0.081370 0.012066 0.012069
0 0.185623 0.889842 0.012903 0.012828
0 0.438061 0.147586 0.012853 0.012812
0 0.134444 0.926185 0.013974 0.013995
0 0.331001 0.518152 0.011595 0.011536
0 0.236298 0.976298 0.012433 0.012340
0 0.801043 0.072784 0.012199 0.012031
0 0.225666 0.649105 0.012764 0.012465
0 0.190662 0.697286 0.012889 0.012697
0 0.240498 0.866856 0.012429 0.012444
0 0.496218 0.543236 0.013458 0.013293
0 0.938994 0.994079 0.013274 0.011842
0 0.543915 0.974017 0.013221 0.013187
0 0.371743 0.807567 0.011204 0.011246
0 0.684637 0.239795 0.012315 0.012351
0 0.123469 0.696245 0.012612 0.012754
0 0.006299 0.377189 0.011657 0.012157
0 0.970423 0.796182 0.010506 0.010503
0 0.787827 0.004844 0.012523 0.009594
0 0.911990 0.504853 0.009772 0.009676
0 0.560296 0.024428 0.012265 0.012470
0 0.222572 0.467441 0.012233 0.012315
0 0.720856 0.377994 0.011642 0.012090
0 0.007402 0.600457 0.012904 0.012766
0 0.019345 0.084328 0.012264 0.012170
0 0.621480 0.370687 0.012562 0.012658
0 0.440798 0.057668 0.012704 0.012660
0 0.056669 0.724063 0.011680 0.011412
0 0.643415 0.855278 0.010726 0.010578
0 0.602119 0.001685 0.010459 0.003369
0 0.191243 0.662061 0.012368 0.012392
0 0.028968 0.607233 0.013023 0.012945
0 0.632504 0.082461 0.023499 0.023414
0 0.557205 0.489135 0.010885 0.011075
0 0.456491 0.969814 0.013506 0.013135
0 0.107962 0.978720 0.013099 0.013138
0 0.663043 0.021406 0.011878 0.011931
0 0.033427 0.107895 0.014041 0.014177
0 0.777554 0.850633 0.011161 0.011271
0 0.452374 0.777713 0.010892 0.011055
0 0.064471 0.828623 0.011376 0.011189
0 0.630693 0.004854 0.010679 0.009250
0 0.027314 0.662007 0.011478 0.011649
0 0.326185 0.366712 0.008222 0.008172
