0 0.769050 0.934516 0.013432 0.013270
0 0.555839 0.530526 0.012888 0.012877
0 0.716431 0.496182 0.013535 0.013446
0 0.441458 0.510627 0.013156 0.012876
0 0.258910 0.868027 0.012251 0.012220
0 0.748396 0.618667 0.013344 0.013271
0 0.350700 0.485490 0.013852 0.014005
0 0.616197 0.322192 0.012981 0.012859
0 0.031449 0.074794 0.012984 0.012955
0 0.134812 0.242917 0.012708 0.012755
0 0.711585 0.520312 0.014138 0.013638
0 0.651223 0.623327 0.013263 0.013216
0 0.931784 0.618718 0.012688 0.012839
0 0.223317 0.274363 0.013184 0.013344
0 0.176300 0.206557 0.013745 0.013544
0 0.291335 0.343902 0.013135 0.013261
0 0.695366 0.567016 0.011865 0.011873
0 0.649759 0.480513 0.012178 0.011950
0 0.065236 0.440556 0.013721 0.013516
0 0.320278 0.037214 0.013486 0.013447
0 0.659798 0.286515 0.012841 0.012662
0 0.439573 0.418839 0.013025 0.012997
0 0.723775 0.275256 0.013384 0.013224
0 0.795856 0.844814 0.013031 0.013000
0 0.590203 0.613670 0.012732 0.012539
0 0.437204 0.272733 0.012923 0.012781
0 0.382482 0.094810 0.013464 0.013554
0 0.668310 0.219575 0.013476 0.013582
0 0.160815 0.354704 0.013653 0.013503
0 0.221438 0.470547 0.013104 0.012933
0 0.217699 0.082843 0.014342 0.014466
0 0.345728 0.379548 0.013522 0.013536
0 0.331064 0.519428 0.012337 0.012428
0 0.328325 0.793904 0.012251 0.012257
0 0.742521 0.576675 0.012264 0.012325
0 0.525335 0.349398 0.013159 0.013041
0 0.298179 0.107322 0.013302 0.013263
0 0.479934 0.951879 0.012930 0.012862
0 0.895033 0.051591 0.012993 0.012854
0 0.459823 0.283087 0.013173 0.013107
0 0.476259 0.335235 0.013378 0.013325
0 0.749129 0.655337 0.012030 0.011907
0 0.845640 0.159799 0.012304 0.012177
0 0.144563 0.505274 0.011937 0.011796
0 0.466943 0.014057 0.013360 0.013569
0 0.286778 0.629018 0.010973 0.011138
0 0.160678 0.629534 0.012267 0.012212
0 0.134287 0.025697 0.014241 0.014295
0 0.184312 0.891758 0.012884 0.012866
0 0.429735 0.561786 0.011742 0.011513
0 0.169477 0.304117 0.012583 0.012470
0 0.935725 0.690135 0.011757 0.011844
0 0.405816 0.870117 0.012945 0.012735
0 0.859012 0.280035 0.012240 0.012193
0 0.748779 0.824113 0.012554 0.012503
0 0.082250 0.547989 0.013405 0.013317
0 0.181901 0.278297 0.010409 0.010485
0 0.070132 0.729609 0.013259 0.013264
0 0.137594 0.353711 0.014145 0.013985
0 0.481094 0.077202 0.014756 0.014832
0 0.495259 0.544198 0.012837 0.012850
0 0.469030 0.483218 0.011375 0.011547
0 0.108581 0.980901 0.013731 0.013720
0 0.366704 0.365843 0.013329 0.013119
0 0.541422 0.975724 0.012542 0.012356
0 0.733012 0.137251 0.012720 0.012567
0 0.496342 0.969553 0.012566 0.012764
0 0.135254 0.565814 0.011645 0.011735
0 0.931357 0.836165 0.012981 0.012832
0 0.722130 0.333152 0.012643 0.012636
0 0.990732 0.482622 0.013284 0.013449
0 0.918849 0.751174 0.010813 0.010927
0 0.399173 0.556553 0.013495 0.013347
0 0.441002 0.059735 0.012407 0.012399
0 0.850066 0.708124 0.021123 0.021130
0 0.091051 0.397051 0.012496 0.012447
0 0.602050 0.448903 0.012124 0.012476
0 0.448715 0.959674 0.012465 0.012588
0 0.610776 0.756527 0.012752 0.012687
0 0.690129 0.693520 0.013713 0.013826
0 0.391932 0.327816 0.013205 0.013061
0 0.059079 0.277462 0.010951 0.010810
0 0.617745 0.206623 0.013547 0.013760
0 0.728488 0.659203 0.011072 0.011077
0 0.223474 0.648485 0.012215 0.012062
0 0.029566 0.531726 0.013242 0.013522
0 0.307936 0.632183 0.012482 0.012609
0 0.426649 0.771382 0.012144 0.011912
0 0.748570 0.143703 0.013063 0.012438
0 0.347377 0.290436 0.024246 0.024296
0 0.518577 0.543533 0.012096 0.011781
0 0.787683 0.005521 0.012604 0.010845
0 0.185395 0.984031 0.012057 0.012067
0 0.127162 0.123627 0.013139 0.013196
0 0.958823 0.929018 0.012398 0.012354
0 0.577951 0.992320 0.013168 0.012902
0 0.015386 0.701012 0.012758 0.012536
0 0.602851 0.594340 0.011234 0.011101
0 0.295109 0.378105 0.013221 0.013175
0 0.081545 0.196970 0.010311 0.010400
0 0.284733 0.617280 0.012713 0.012418
0 0.896071 0.172084 0.012384 0.012177
0 0.609442 0.724071 0.012855 0.012700
0 0.704369 0.813534 0.023187 0.023458
0 0.533461 0.630056 0.024518 0.024410
0 0.576468 0.993465 0.013707 0.012608
