0 0.631415 0.149085 0.013360 0.013347
0 0.600965 0.342871 0.013335 0.013497
0 0.474879 0.074818 0.011333 0.011074
0 0.545288 0.092301 0.012550 0.012273
0 0.136700 0.307455 0.011119 0.010913
0 0.551825 0.184830 0.013540 0.013527
0 0.768813 0.230607 0.013165 0.013035
0 0.452330 0.505406 0.013126 0.012984
0 0.390321 0.182912 0.012753 0.012754
0 0.580607 0.293770 0.013638 0.013642
0 0.810841 0.406339 0.013765 0.013652
0 0.399914 0.056458 0.011887 0.011804
0 0.198050 0.456852 0.012703 0.012526
0 0.749050 0.617430 0.013312 0.013398
0 0.525299 0.347530 0.013401 0.013341
0 0.306465 0.494865 0.010841 0.010742
0 0.800287 0.241886 0.011982 0.011787
0 0.353139 0.666605 0.012476 0.012787
0 0.468098 0.174356 0.012695 0.012563
0 0.553625 0.594780 0.014496 0.014677
0 0.709403 0.103058 0.013097 0.013036
0 0.922964 0.450185 0.013316 0.013313
0 0.791010 0.935701 0.013061 0.013054
0 0.477141 0.794459 0.013865 0.013774
0 0.108378 0.760406 0.012527 0.012356
0 0.443469 0.779237 0.013019 0.013098
0 0.625342 0.209242 0.012989 0.013010
0 0.610680 0.636449 0.013767 0.014095
0 0.659959 0.893368 0.012796 0.012719
0 0.332060 0.517289 0.011924 0.011997
0 0.067670 0.675581 0.012645 0.012461
0 0.555876 0.909853 0.012296 0.012122
0 0.303750 0.450061 0.012250 0.012365
0 0.242803 0.785904 0.013152 0.012823
0 0.551844 0.768010 0.012929 0.013221
0 0.246278 0.916826 0.012735 0.012808
0 0.668132 0.005984 0.013973 0.011967
0 0.614282 0.043606 0.013043 0.013052
0 0.232630 0.486492 0.012875 0.012725
0 0.186771 0.579923 0.013592 0.013554
0 0.012175 0.346586 0.012411 0.012431
0 0.658089 0.459171 0.013947 0.014098
0 0.375053 0.110994 0.012804 0.012467
0 0.157667 0.866295 0.013239 0.013420
0 0.978728 0.648881 0.013103 0.012929
0 0.186290 0.890362 0.013045 0.013070
0 0.221045 0.236028 0.014782 0.014860
0 0.776751 0.395519 0.012972 0.012812
0 0.540543 0.475454 0.013344 0.013580
0 0.221582 0.807097 0.013353 0.013386
0 0.500175 0.222588 0.012464 0.012353
0 0.015819 0.134693 0.012361 0.012191
0 0.497141 0.492733 0.011939 0.011703
0 0.355637 0.117884 0.012525 0.012317
0 0.784946 0.605846 0.012524 0.012430
0 0.162501 0.691357 0.012290 0.012119
0 0.543774 0.973400 0.012720 0.012560
0 0.460470 0.738939 0.013247 0.013544
0 0.185376 0.720239 0.011512 0.011604
0 0.562028 0.935419 0.013439 0.013520
0 0.492038 0.198169 0.012776 0.012660
0 0.109145 0.980093 0.013454 0.013493
0 0.356696 0.781425 0.012467 0.012535
0 0.460593 0.959946 0.013747 0.013728
0 0.475159 0.702967 0.013421 0.013370
0 0.984940 0.058733 0.012717 0.012786
0 0.849297 0.134055 0.011896 0.011907
0 0.326594 0.263014 0.012507 0.012599
0 0.186908 0.265746 0.012802 0.012468
0 0.256972 0.653323 0.011927 0.012401
0 0.787318 0.529239 0.011291 0.011164
0 0.227157 0.649831 0.012424 0.012138
0 0.121844 0.049492 0.012574 0.012343
0 0.371525 0.808328 0.010470 0.010387
0 0.710058 0.220606 0.011875 0.011721
0 0.137424 0.032160 0.013185 0.013249
0 0.842732 0.974298 0.011917 0.012031
0 0.995447 0.287072 0.009099 0.012868
0 0.967476 0.486702 0.015315 0.015374
0 0.441748 0.972752 0.013397 0.013121
0 0.284610 0.494528 0.010779 0.010897
0 0.896419 0.551238 0.014869 0.014906
0 0.749595 0.315497 0.011116 0.011043
0 0.004825 0.517333 0.009649 0.013324
0 0.797607 0.145190 0.011678 0.011599
0 0.068046 0.587646 0.012666 0.012475
0 0.197799 0.957480 0.012239 0.012002
0 0.003712 0.694686 0.007339 0.012130
0 0.684817 0.993651 0.012682 0.012197
0 0.221966 0.467268 0.013332 0.013378
0 0.788539 0.005151 0.012951 0.010164
0 0.437074 0.084193 0.013589 0.013579
0 0.002142 0.375154 0.004246 0.013870
0 0.391115 0.567374 0.009729 0.009878
0 0.772554 0.914736 0.012432 0.013005
0 0.439423 0.838364 0.010903 0.010953
0 0.165143 0.932830 0.010652 0.010341
0 0.954434 0.539612 0.013203 0.013324
0 0.632858 0.859841 0.012909 0.012845
0 0.934540 0.001607 0.012426 0.003213
0 0.470919 0.248354 0.011613 0.011607
0 0.351077 0.834170 0.009972 0.009844
0 0.497025 0.236383 0.012059 0.012051
0 0.423233 0.554517 0.013698 0.013496
0 0.418274 0.857207 0.009678 0.009724
0 0.902147 0.003987 0.011015 0.007946
0 0.045802 0.958072 0.012603 0.012338
