0 0.470074 0.428726 0.012815 0.012620
0 0.421777 0.513925 0.013940 0.013973
0 0.786376 0.125849 0.013650 0.013735
0 0.372785 0.199969 0.012001 0.011903
0 0.737313 0.600301 0.013553 0.013565
0 0.558610 0.421728 0.011590 0.011555
0 0.561273 0.585529 0.013203 0.013244
0 0.335887 0.106135 0.012496 0.012511
0 0.355122 0.065195 0.014093 0.013815
0 0.945301 0.470745 0.012045 0.011767
0 0.198764 0.966920 0.013103 0.013069
0 0.097780 0.966517 0.012305 0.012150
0 0.442761 0.101237 0.012321 0.012385
0 0.549980 0.111585 0.013481 0.013541
0 0.274438 0.126809 0.011198 0.011395
0 0.835917 0.483028 0.013628 0.013832
0 0.130031 0.750804 0.013095 0.012777
0 0.547115 0.405224 0.014073 0.014036
0 0.445952 0.481652 0.012814 0.012890
0 0.461963 0.572712 0.011430 0.011362
0 0.570660 0.227781 0.012837 0.012846
0 0.229458 0.107164 0.013880 0.013651
0 0.184982 0.891637 0.013236 0.013235
0 0.333884 0.572176 0.012633 0.012445
0 0.054212 0.457196 0.012716 0.012613
0 0.440006 0.057335 0.013897 0.013825
0 0.324863 0.397604 0.014104 0.013935
0 0.524435 0.349165 0.013763 0.013721
0 0.681764 0.303473 0.013689 0.013635
0 0.652272 0.962360 0.012192 0.012262
0 0.614271 0.713396 0.013582 0.013304
0 0.741258 0.528559 0.012405 0.012394
0 0.222166 0.470052 0.012516 0.012557
0 0.535767 0.541972 0.013334 0.013245
0 0.568285 0.505464 0.011705 0.011375
0 0.749076 0.618978 0.013788 0.013809
0 0.883131 0.278674 0.012684 0.012665
0 0.338899 0.322266 0.013521 0.013569
0 0.377415 0.160306 0.011889 0.011811
0 0.344092 0.215440 0.013341 0.013323
0 0.769798 0.678787 0.013588 0.013528
0 0.468890 0.292597 0.012142 0.012050
0 0.501163 0.075712 0.012559 0.012403
0 0.461755 0.960705 0.012977 0.012851
0 0.219375 0.694869 0.012361 0.012199
0 0.553753 0.306117 0.013587 0.013512
0 0.535832 0.257533 0.012942 0.013025
0 0.494877 0.543455 0.013907 0.013997
0 0.331530 0.518678 0.011856 0.011902
0 0.781809 0.257224 0.012377 0.012330
0 0.246219 0.152104 0.011832 0.011755
0 0.466702 0.453958 0.014289 0.014467
0 0.994772 0.622092 0.010376 0.011411
0 0.456060 0.006457 0.011540 0.011455
0 0.008360 0.814093 0.012899 0.012692
0 0.803665 0.049057 0.011615 0.011688
0 0.092152 0.793156 0.012073 0.011974
0 0.727916 0.046182 0.013660 0.013732
0 0.595878 0.361990 0.014564 0.014409
0 0.097220 0.533434 0.012979 0.012844
0 0.321636 0.633030 0.012710 0.013002
0 0.844090 0.871787 0.012318 0.012479
0 0.620857 0.519409 0.012521 0.012889
0 0.535834 0.804142 0.012702 0.012587
0 0.139844 0.490786 0.013670 0.013522
0 0.739967 0.789571 0.013344 0.013471
0 0.544290 0.906545 0.013280 0.013049
0 0.350664 0.285003 0.013985 0.014090
0 0.850149 0.711299 0.022721 0.023064
0 0.741463 0.912508 0.012679 0.012610
0 0.544049 0.975442 0.013403 0.013198
0 0.710689 0.375645 0.012507 0.012710
0 0.005165 0.957590 0.010329 0.013297
0 0.109696 0.981867 0.013694 0.013769
0 0.840696 0.038286 0.013403 0.013229
0 0.125546 0.308987 0.012218 0.012216
0 0.861475 0.770972 0.012909 0.012406
0 0.395489 0.695094 0.011482 0.011551
0 0.437410 0.590571 0.008633 0.010126
0 0.276373 0.196975 0.010885 0.010931
0 0.736985 0.768826 0.013382 0.013309
0 0.525045 0.616840 0.012627 0.012590
0 0.123911 0.354607 0.011747 0.011605
0 0.816896 0.073344 0.012797 0.012748
0 0.836742 0.218237 0.013375 0.013637
0 0.150242 0.236762 0.010725 0.010645
0 0.398377 0.570568 0.011346 0.010814
0 0.399844 0.571317 0.010715 0.010438
0 0.255749 0.006517 0.012345 0.012364
0 0.421331 0.556485 0.012765 0.012584
0 0.005316 0.428917 0.010633 0.013144
0 0.464757 0.043584 0.012369 0.012462
0 0.910266 0.175618 0.014269 0.014272
0 0.226584 0.652771 0.013085 0.012991
0 0.787625 0.005032 0.012099 0.009925
0 0.516950 0.077151 0.013197 0.012657
0 0.071667 0.546860 0.012560 0.012483
0 0.094165 0.596138 0.010621 0.010614
0 0.783307 0.033016 0.012026 0.011993
0 0.531326 0.628695 0.018701 0.018091
0 0.884934 0.913447 0.011012 0.011010
0 0.998264 0.419291 0.003472 0.010481
0 0.587894 0.003079 0.012711 0.006158
0 0.812801 0.010431 0.011327 0.011725
