0 0.576263 0.482925 0.012093 0.011868
0 0.128838 0.443749 0.011617 0.011515
0 0.748708 0.616330 0.012960 0.012933
0 0.330533 0.412592 0.011688 0.011624
0 0.186365 0.888903 0.013373 0.013174
0 0.039203 0.403393 0.011553 0.011257
0 0.265946 0.504765 0.011933 0.012065
0 0.464167 0.091777 0.013648 0.013523
0 0.585993 0.057536 0.013374 0.013320
0 0.728751 0.423010 0.010809 0.010633
0 0.371033 0.690431 0.013060 0.013086
0 0.194012 0.919739 0.013298 0.013131
0 0.323337 0.091647 0.013567 0.013414
0 0.272774 0.625394 0.014767 0.014809
0 0.133911 0.535022 0.009322 0.009151
0 0.525615 0.346355 0.013037 0.012939
0 0.616351 0.330477 0.012888 0.012769
0 0.242321 0.183017 0.012891 0.012832
0 0.653818 0.582010 0.012629 0.012732
0 0.455974 0.446398 0.012786 0.012984
0 0.565600 0.319238 0.012367 0.012416
0 0.141630 0.294313 0.013017 0.013156
0 0.111492 0.639266 0.012602 0.012513
0 0.510388 0.817796 0.012768 0.012634
0 0.966007 0.368731 0.012483 0.012437
0 0.542990 0.972000 0.013699 0.013358
0 0.349186 0.495605 0.012001 0.011851
0 0.774714 0.766429 0.012640 0.012748
0 0.457991 0.956645 0.013178 0.013186
0 0.223967 0.805637 0.012676 0.012680
0 0.159528 0.407176 0.012282 0.012262
0 0.166378 0.433659 0.014309 0.014239
0 0.588361 0.225865 0.011305 0.011062
0 0.437651 0.171595 0.013079 0.012927
0 0.121728 0.222356 0.012671 0.012596
0 0.726369 0.464164 0.012905 0.012887
0 0.795193 0.141213 0.011184 0.011344
0 0.142109 0.572147 0.013117 0.012878
0 0.094672 0.745976 0.012986 0.012960
0 0.222672 0.467375 0.013236 0.013339
0 0.760165 0.879948 0.012182 0.012141
0 0.005604 0.675183 0.011170 0.013617
0 0.109941 0.979954 0.013852 0.014023
0 0.708166 0.573561 0.011490 0.011626
0 0.152363 0.737632 0.013050 0.013026
0 0.138443 0.603199 0.012687 0.012630
0 0.225684 0.649512 0.012870 0.012548
0 0.476783 0.383000 0.012785 0.012730
0 0.647509 0.195528 0.012071 0.012043
0 0.839425 0.414478 0.011249 0.011409
0 0.767471 0.840277 0.012391 0.012486
0 0.989284 0.619776 0.013416 0.013298
0 0.801283 0.058326 0.010706 0.010631
0 0.345471 0.296368 0.022653 0.022513
0 0.588218 0.258597 0.013335 0.013263
0 0.827368 0.796552 0.012220 0.012422
0 0.460677 0.548347 0.014020 0.013820
0 0.720659 0.810984 0.013460 0.013081
0 0.231925 0.785313 0.013334 0.013112
0 0.582014 0.517726 0.011110 0.011898
0 0.530855 0.636600 0.022928 0.023279
0 0.781466 0.952610 0.012850 0.012914
0 0.214919 0.776469 0.012581 0.012672
0 0.273710 0.004376 0.013124 0.008753
0 0.847735 0.717810 0.020580 0.019854
0 0.964778 0.054272 0.011284 0.011390
0 0.424586 0.310240 0.011358 0.011458
0 0.340123 0.980351 0.011714 0.011951
0 0.095252 0.627135 0.013908 0.014303
0 0.984224 0.369839 0.009921 0.010009
0 0.262739 0.662603 0.014260 0.013917
0 0.251713 0.345949 0.012059 0.011898
0 0.191196 0.421378 0.012142 0.012133
0 0.589602 0.872665 0.011599 0.011488
0 0.610976 0.946152 0.012731 0.012665
0 0.698808 0.009348 0.010913 0.011330
0 0.869396 0.407906 0.009742 0.010451
0 0.989977 0.574206 0.011467 0.011911
0 0.481905 0.002670 0.012106 0.005325
0 0.518209 0.566558 0.011625 0.011538
0 0.005639 0.193086 0.011238 0.012354
0 0.918522 0.426328 0.013661 0.013278
0 0.866745 0.338853 0.010639 0.011103
0 0.749560 0.788593 0.011974 0.011569
0 0.160096 0.773702 0.011007 0.010789
0 0.516579 0.248336 0.011401 0.011389
0 0.844278 0.610033 0.012705 0.012816
0 0.836158 0.097520 0.010090 0.010214
0 0.514302 0.214110 0.012710 0.012458
0 0.449291 0.211958 0.016862 0.016648
0 0.658528 0.843717 0.010261 0.009977
0 0.442478 0.422447 0.008912 0.008901
0 0.702279 0.821500 0.020511 0.020096
0 0.375561 0.226034 0.018704 0.019223
0 0.833690 0.004105 0.008465 0.008015
0 0.944873 0.265179 0.011106 0.011054
0 0.921823 0.145111 0.017019 0.016591
0 0.855033 0.004815 0.008899 0.008844
0 0.035384 0.511778 0.012443 0.012299
0 0.630886 0.081691 0.013248 0.012947
0 0.835519 0.099106 0.009822 0.009986
0 0.109589 0.002149 0.012990 0.004280
