0 0.970754 0.912776 0.013297 0.013130
0 0.253477 0.333427 0.012742 0.012602
0 0.893143 0.832899 0.012758 0.012770
0 0.635943 0.123083 0.013664 0.013612
0 0.506928 0.325087 0.012328 0.012171
0 0.815732 0.679490 0.013000 0.012931
0 0.182094 0.316952 0.012860 0.012684
0 0.161293 0.567532 0.013259 0.012869
0 0.209022 0.405058 0.012496 0.012231
0 0.747779 0.618721 0.013081 0.012961
0 0.608680 0.026235 0.013607 0.013585
0 0.770247 0.557730 0.012753 0.012614
0 0.733327 0.307202 0.013281 0.013231
0 0.570360 0.364738 0.014800 0.014610
0 0.666169 0.584826 0.012189 0.011983
0 0.381353 0.251001 0.013826 0.013863
0 0.443496 0.064335 0.013408 0.013367
0 0.525159 0.349228 0.013462 0.013352
0 0.551741 0.091884 0.014205 0.014043
0 0.875049 0.800585 0.012983 0.013034
0 0.439692 0.659659 0.013241 0.013112
0 0.801344 0.040730 0.012058 0.012159
0 0.867178 0.553631 0.013183 0.013088
0 0.379404 0.470712 0.013954 0.013681
0 0.100671 0.950103 0.012651 0.012681
0 0.615626 0.370177 0.013303 0.013271
0 0.209680 0.489754 0.013845 0.013705
0 0.738285 0.164069 0.013123 0.013304
0 0.317084 0.565099 0.013666 0.013698
0 0.184785 0.543188 0.014021 0.013921
0 0.752789 0.806565 0.012010 0.012186
0 0.474940 0.194457 0.012591 0.012666
0 0.109201 0.216874 0.012736 0.012761
0 0.556974 0.668769 0.011789 0.011501
0 0.374307 0.135897 0.013337 0.013259
0 0.892437 0.304247 0.012335 0.012431
0 0.988088 0.950612 0.013630 0.013794
0 0.341338 0.603128 0.012345 0.012243
0 0.724998 0.082343 0.012938 0.013101
0 0.261335 0.278393 0.012647 0.012700
0 0.417476 0.712409 0.013361 0.013408
0 0.828078 0.111446 0.012523 0.012593
0 0.069854 0.688416 0.012087 0.012156
0 0.399028 0.216786 0.011862 0.011698
0 0.816505 0.223306 0.011886 0.011704
0 0.542512 0.028053 0.013731 0.013435
0 0.962727 0.671365 0.011995 0.011957
0 0.538677 0.766794 0.012968 0.012842
0 0.950697 0.823610 0.011690 0.011500
0 0.222873 0.468905 0.012850 0.012889
0 0.305712 0.165626 0.011905 0.011957
0 0.222546 0.945306 0.012567 0.012569
0 0.884121 0.903890 0.012651 0.012627
0 0.431345 0.514369 0.011606 0.011594
0 0.672098 0.200102 0.012949 0.013043
0 0.542544 0.974729 0.013288 0.013029
0 0.763985 0.357465 0.011924 0.011909
0 0.934838 0.558211 0.012319 0.012225
0 0.405392 0.418828 0.011540 0.011431
0 0.304007 0.700857 0.012998 0.013035
0 0.043274 0.277724 0.013903 0.013182
0 0.406036 0.362903 0.011556 0.011434
0 0.960900 0.473874 0.013287 0.013288
0 0.428789 0.745716 0.013370 0.013307
0 0.330030 0.518460 0.012434 0.012233
0 0.740962 0.818249 0.013032 0.012912
0 0.185101 0.891717 0.013140 0.013066
0 0.907632 0.005265 0.014942 0.010451
0 0.586738 0.640666 0.010542 0.010596
0 0.221805 0.962132 0.012556 0.012899
0 0.577759 0.142094 0.012699 0.012960
0 0.203671 0.144134 0.013538 0.013160
0 0.398943 0.603243 0.013311 0.013528
0 0.014593 0.235993 0.012620 0.012820
0 0.634761 0.392506 0.012078 0.011938
0 0.610378 0.204560 0.010915 0.010808
0 0.107997 0.981478 0.012659 0.012729
0 0.726558 0.286203 0.012595 0.012626
0 0.848429 0.319899 0.011809 0.011810
0 0.458586 0.960506 0.011899 0.011895
0 0.959711 0.147125 0.012242 0.012023
0 0.606663 0.558066 0.012531 0.012378
0 0.004595 0.690871 0.009189 0.012219
0 0.849583 0.710699 0.021400 0.021433
0 0.184861 0.138439 0.013118 0.012953
0 0.328840 0.100854 0.011199 0.011161
0 0.803916 0.483118 0.012848 0.012909
0 0.146689 0.651035 0.012655 0.012671
0 0.788854 0.005498 0.013202 0.010995
0 0.018332 0.310797 0.012799 0.012750
0 0.201685 0.658745 0.011275 0.011004
0 0.078311 0.673067 0.012486 0.012644
0 0.813840 0.485851 0.013676 0.013285
0 0.106076 0.135743 0.012315 0.012122
0 0.337837 0.997849 0.010910 0.004240
0 0.707675 0.593439 0.010525 0.010704
0 0.980217 0.356605 0.013079 0.012918
0 0.095259 0.690997 0.014232 0.013826
0 0.007543 0.831469 0.012842 0.012794
0 0.841789 0.040765 0.012043 0.012191
0 0.357136 0.128828 0.012716 0.012326
0 0.933682 0.130363 0.011529 0.011405
0 0.375904 0.569101 0.011087 0.010912
0 0.307076 0.252093 0.010540 0.010258
0 0.806138 0.484194 0.013173 0.013067
0 0.843339 0.039254 0.011966 0.011877
0 0.235640 0.690829 0.010736 0.010912
0 0.229973 0.651334 0.010473 0.010191
0 0.931886 0.129506 0.012000 0.011270
0 0.236685 0.689876 0.010388 0.010423
0 0.175236 0.020640 0.012483 0.012490
0 0.626689 0.327726 0.011456 0.011522
0 0.205550 0.094891 0.011775 0.011608
