0 0.819059 0.616563 0.013191 0.013309
0 0.638384 0.654148 0.012086 0.011859
0 0.748659 0.618626 0.013423 0.013174
0 0.125846 0.199957 0.012955 0.012773
0 0.640527 0.478240 0.012777 0.012855
0 0.418886 0.636754 0.013490 0.013474
0 0.067108 0.206027 0.013936 0.013852
0 0.114263 0.335834 0.013308 0.013140
0 0.550928 0.522058 0.013747 0.013667
0 0.107611 0.385154 0.012803 0.012781
0 0.500518 0.341584 0.012282 0.012350
0 0.849889 0.796645 0.013664 0.013564
0 0.417293 0.604831 0.013060 0.013001
0 0.061692 0.133689 0.012190 0.012192
0 0.457806 0.962421 0.012969 0.012812
0 0.449589 0.157339 0.012157 0.011896
0 0.568622 0.350399 0.013863 0.013879
0 0.612279 0.900681 0.012592 0.012492
0 0.539125 0.760081 0.012453 0.012411
0 0.465935 0.559119 0.011336 0.011208
0 0.505630 0.585537 0.013759 0.013713
0 0.726585 0.710055 0.012804 0.012625
0 0.038564 0.972507 0.013353 0.013258
0 0.935427 0.759743 0.013146 0.013019
0 0.496159 0.283304 0.012630 0.012452
0 0.568972 0.610682 0.013380 0.013462
0 0.527786 0.850245 0.012285 0.012167
0 0.802821 0.063138 0.013815 0.013692
0 0.495612 0.598316 0.013346 0.013387
0 0.251333 0.311804 0.013291 0.013555
0 0.556352 0.483725 0.013343 0.013638
0 0.288403 0.525459 0.013245 0.013272
0 0.022947 0.549681 0.011652 0.011566
0 0.525846 0.349078 0.013019 0.013001
0 0.657442 0.458032 0.013652 0.013551
0 0.709758 0.922878 0.013338 0.013448
0 0.119495 0.416425 0.013984 0.013865
0 0.251347 0.618495 0.013464 0.013585
0 0.031460 0.613200 0.011495 0.011396
0 0.981546 0.520198 0.013973 0.013705
0 0.231892 0.222493 0.012051 0.011737
0 0.256011 0.921261 0.012595 0.012708
0 0.541219 0.973373 0.011707 0.011563
0 0.813736 0.529728 0.012983 0.012867
0 0.522947 0.164846 0.012810 0.012868
0 0.405246 0.099722 0.011866 0.011977
0 0.287386 0.808684 0.012535 0.012719
0 0.679109 0.450756 0.012955 0.013002
0 0.530509 0.710051 0.012323 0.012333
0 0.504466 0.129114 0.012719 0.012655
0 0.550692 0.091528 0.013305 0.013377
0 0.022268 0.689726 0.012335 0.012127
0 0.306242 0.392523 0.013040 0.012964
0 0.151147 0.580130 0.012381 0.012264
0 0.932111 0.182752 0.012672 0.012775
0 0.848841 0.711058 0.022542 0.022332
0 0.400696 0.486208 0.012243 0.012140
0 0.315710 0.803602 0.012528 0.012454
0 0.738578 0.466044 0.012392 0.011816
0 0.647205 0.026825 0.012419 0.012242
0 0.600615 0.054443 0.013488 0.013493
0 0.366384 0.062821 0.012252 0.012235
0 0.967334 0.420223 0.011380 0.011673
0 0.109499 0.980801 0.013617 0.013618
0 0.404211 0.878667 0.011417 0.011387
0 0.004091 0.797316 0.008026 0.013983
0 0.331241 0.518908 0.011838 0.011548
0 0.490367 0.966425 0.011585 0.011359
0 0.750912 0.909088 0.012465 0.012228
0 0.195903 0.202462 0.012498 0.012156
0 0.264790 0.998058 0.011713 0.003823
0 0.494228 0.543315 0.013460 0.013640
0 0.440821 0.060030 0.011950 0.011904
0 0.222120 0.470062 0.012735 0.012816
0 0.694086 0.553368 0.014471 0.013806
0 0.531702 0.004127 0.011272 0.008254
0 0.380582 0.146859 0.013940 0.013820
0 0.262307 0.149744 0.013568 0.013224
0 0.225187 0.651775 0.012476 0.012233
0 0.185160 0.891725 0.012498 0.012497
0 0.308455 0.482763 0.011697 0.011679
0 0.386265 0.845723 0.012276 0.012244
0 0.192610 0.139859 0.011515 0.011510
0 0.967603 0.747295 0.013194 0.012962
0 0.835518 0.662962 0.013172 0.013051
0 0.185939 0.196655 0.010959 0.010777
0 0.903661 0.260214 0.012737 0.012884
0 0.153977 0.810918 0.011946 0.012054
0 0.257135 0.745039 0.010832 0.010717
0 0.422369 0.555907 0.011995 0.011983
0 0.860970 0.339520 0.012068 0.011916
0 0.345754 0.290454 0.024354 0.024154
0 0.815059 0.355563 0.012843 0.012886
0 0.264843 0.996827 0.011502 0.006189
0 0.778342 0.005232 0.013686 0.010383
0 0.775706 0.005036 0.012933 0.010058
0 0.260503 0.211678 0.012716 0.012613
