0 0.749223 0.615726 0.013330 0.013041
0 0.028585 0.603725 0.013060 0.013033
0 0.209570 0.489170 0.013161 0.013589
0 0.268382 0.303692 0.013766 0.013577
0 0.629712 0.707752 0.012720 0.012408
0 0.158754 0.428910 0.011624 0.011561
0 0.173374 0.731276 0.013763 0.013654
0 0.672724 0.322965 0.011791 0.011888
0 0.118613 0.297417 0.012543 0.012477
0 0.523058 0.367037 0.013386 0.013332
0 0.761601 0.900082 0.012115 0.012156
0 0.166877 0.366526 0.013407 0.013369
0 0.713047 0.450461 0.010949 0.010801
0 0.444870 0.442482 0.012308 0.012233
0 0.170728 0.596494 0.012608 0.012564
0 0.336768 0.154490 0.012667 0.012610
0 0.221343 0.747037 0.012472 0.012477
0 0.226477 0.649276 0.012828 0.012453
0 0.833675 0.480495 0.013927 0.013891
0 0.021711 0.502932 0.012407 0.012513
0 0.713099 0.320518 0.012750 0.012531
0 0.181297 0.486264 0.012994 0.013128
0 0.419976 0.645460 0.012962 0.012960
0 0.187409 0.890223 0.013209 0.013165
0 0.490954 0.303448 0.011799 0.011722
0 0.524505 0.346991 0.013437 0.013044
0 0.965058 0.367258 0.009181 0.009101
0 0.331017 0.517148 0.011564 0.011413
0 0.922096 0.386489 0.011465 0.011544
0 0.130436 0.454457 0.012690 0.012539
0 0.743105 0.969883 0.010571 0.010690
0 0.264355 0.400068 0.012423 0.012478
0 0.013974 0.529513 0.011522 0.011637
0 0.025908 0.376508 0.010700 0.010325
0 0.138776 0.300478 0.012686 0.012604
0 0.917725 0.445944 0.012119 0.011981
0 0.425748 0.267681 0.011099 0.010986
0 0.118959 0.581866 0.012357 0.012589
0 0.843349 0.222278 0.011027 0.010749
0 0.089346 0.577938 0.013570 0.013649
0 0.447901 0.522275 0.011792 0.011707
0 0.681589 0.092631 0.010981 0.010865
0 0.175349 0.843970 0.011348 0.011346
0 0.452609 0.957537 0.012895 0.013059
0 0.844462 0.007818 0.012263 0.012133
0 0.344510 0.296094 0.022900 0.022811
0 0.542988 0.178134 0.011679 0.011932
0 0.434358 0.174819 0.012874 0.012943
0 0.797635 0.032771 0.010667 0.010621
0 0.489634 0.391452 0.012991 0.013110
0 0.552522 0.320139 0.013275 0.013671
0 0.369109 0.432731 0.012621 0.012708
0 0.238086 0.186444 0.012293 0.012265
0 0.528230 0.704500 0.011585 0.011625
0 0.620077 0.321740 0.010926 0.010614
0 0.848426 0.717619 0.020835 0.020241
0 0.064609 0.571841 0.013720 0.013173
0 0.420067 0.802009 0.013149 0.013342
0 0.967944 0.062134 0.010104 0.010165
0 0.011918 0.119479 0.013032 0.013316
0 0.152360 0.087801 0.011092 0.010957
0 0.761047 0.074453 0.008073 0.007981
0 0.625097 0.116040 0.011747 0.011986
0 0.974977 0.950292 0.012276 0.012041
0 0.048402 0.691515 0.012481 0.012303
0 0.694198 0.957210 0.011852 0.011761
0 0.530173 0.637299 0.022768 0.023243
0 0.109927 0.980149 0.013348 0.013552
0 0.682936 0.404065 0.010993 0.010930
0 0.824348 0.064755 0.012619 0.012500
0 0.996122 0.749352 0.007756 0.013132
0 0.895033 0.685807 0.010650 0.010908
0 0.903077 0.057299 0.012197 0.011085
0 0.449317 0.212777 0.017196 0.017456
0 0.004312 0.266726 0.008493 0.013125
0 0.584369 0.418206 0.011763 0.011714
0 0.918395 0.299501 0.010662 0.010689
0 0.080946 0.707274 0.010967 0.011014
0 0.440880 0.058321 0.012567 0.012508
0 0.574112 0.978504 0.010765 0.010780
0 0.780695 0.729185 0.016688 0.016461
0 0.222196 0.466516 0.012553 0.012732
0 0.921359 0.146246 0.017792 0.017426
0 0.437536 0.297316 0.012107 0.012107
0 0.485513 0.565348 0.012523 0.013007
0 0.155879 0.992307 0.012766 0.012855
0 0.621040 0.780306 0.017916 0.017831
0 0.701362 0.821884 0.020940 0.020916
0 0.791310 0.127440 0.009874 0.009915
0 0.789325 0.003851 0.013733 0.007703
0 0.894783 0.277724 0.010250 0.010105
