0 0.737077 0.395824 0.013613 0.013573
0 0.434581 0.757660 0.014572 0.014492
0 0.477543 0.631284 0.015450 0.015471
0 0.950109 0.939030 0.014474 0.014351
0 0.254655 0.648769 0.014018 0.014100
0 0.560329 0.527508 0.014170 0.014225
0 0.049989 0.762123 0.014731 0.014655
0 0.229287 0.271182 0.014562 0.014692
0 0.823368 0.506601 0.015222 0.015244
0 0.338617 0.408315 0.013868 0.013895
0 0.281037 0.433680 0.014783 0.014711
0 0.213250 0.618117 0.013225 0.013302
0 0.627447 0.943693 0.014626 0.014904
0 0.033854 0.258897 0.013941 0.013797
0 0.481741 0.416049 0.014611 0.014629
0 0.122001 0.206630 0.015406 0.015573
0 0.219920 0.816553 0.014317 0.014261
0 0.235163 0.319808 0.015353 0.015256
0 0.312559 0.102392 0.014391 0.014350
0 0.458650 0.443898 0.013901 0.013774
0 0.127973 0.856089 0.013959 0.013864
0 0.213511 0.737575 0.014400 0.014356
0 0.018102 0.203432 0.014024 0.013788
0 0.770743 0.665445 0.014369 0.014371
0 0.844241 0.361160 0.014055 0.014139
0 0.291004 0.208772 0.013819 0.013773
0 0.165055 0.158646 0.014045 0.014128
0 0.218858 0.359465 0.014215 0.014088
0 0.874029 0.390876 0.013302 0.013305
0 0.615016 0.599438 0.014787 0.014927
0 0.646856 0.517249 0.013874 0.013978
0 0.738848 0.617425 0.015591 0.016082
0 0.927497 0.914791 0.014714 0.014548
0 0.274901 0.809605 0.014017 0.014039
0 0.748002 0.871110 0.013953 0.014061
0 0.155167 0.084033 0.016604 0.016879
0 0.416553 0.332191 0.014107 0.014106
0 0.295907 0.893581 0.014185 0.014169
0 0.102783 0.592115 0.013888 0.013758
0 0.554866 0.230262 0.015009 0.015186
0 0.950822 0.865471 0.014870 0.015065
0 0.817198 0.327675 0.013881 0.013986
0 0.345887 0.777500 0.013875 0.013810
0 0.415598 0.165553 0.014115 0.014055
0 0.263258 0.508558 0.013978 0.014052
0 0.389006 0.106411 0.013527 0.013639
0 0.699739 0.870878 0.014168 0.014318
0 0.245899 0.534721 0.016290 0.016222
0 0.748183 0.283975 0.014190 0.014176
0 0.315040 0.374716 0.017681 0.017638
0 0.743388 0.180784 0.016864 0.016899
0 0.781455 0.453103 0.014466 0.014533
0 0.463687 0.725040 0.013303 0.013429
0 0.908924 0.983996 0.016923 0.016958
0 0.960134 0.646317 0.014119 0.013708
0 0.247861 0.410894 0.014701 0.014475
0 0.321623 0.706734 0.013937 0.014174
0 0.789847 0.157414 0.014205 0.014045
0 0.548169 0.689372 0.015473 0.015691
0 0.981355 0.385482 0.014719 0.014689
0 0.408857 0.018074 0.014586 0.014732
0 0.458887 0.695367 0.014501 0.014626
0 0.759467 0.545086 0.014490 0.014338
0 0.925302 0.695458 0.014663 0.015214
0 0.899002 0.681385 0.015198 0.014971
0 0.399203 0.946530 0.015195 0.015036
0 0.759704 0.496650 0.013505 0.013407
0 0.308755 0.183852 0.015677 0.015633
0 0.848463 0.720789 0.022325 0.022060
0 0.452924 0.006733 0.015161 0.013466
0 0.305695 0.978468 0.014796 0.014649
0 0.578570 0.488121 0.013401 0.013364
0 0.314487 0.613002 0.014350 0.014226
0 0.034080 0.086074 0.013781 0.013584
0 0.695086 0.057046 0.014523 0.014580
0 0.058677 0.375178 0.014270 0.014222
0 0.517841 0.138148 0.015003 0.014899
0 0.198583 0.485559 0.015844 0.015981
0 0.445854 0.903795 0.018173 0.018397
0 0.042167 0.829538 0.013342 0.013260
0 0.357221 0.609681 0.014293 0.014138
0 0.531190 0.934395 0.015202 0.015166
0 0.898621 0.271809 0.013734 0.013617
0 0.604486 0.241973 0.014897 0.014587
0 0.669248 0.652729 0.014448 0.014568
0 0.689302 0.090350 0.013927 0.013911
0 0.643706 0.108419 0.015143 0.015203
0 0.709004 0.190651 0.014894 0.014814
0 0.986950 0.506659 0.017006 0.016573
0 0.805096 0.376742 0.014968 0.015083
0 0.792841 0.557480 0.016325 0.015939
0 0.092625 0.102067 0.017529 0.017393
0 0.493248 0.792178 0.016854 0.016823
0 0.546217 0.402251 0.013755 0.013780
0 0.769334 0.922495 0.014931 0.014869
0 0.303729 0.771934 0.014149 0.013984
0 0.352056 0.334724 0.014056 0.014441
0 0.120441 0.907942 0.014928 0.014760
0 0.668546 0.572688 0.013938 0.014269
0 0.049190 0.040815 0.016022 0.015615
0 0.869095 0.151847 0.015162 0.015307
0 0.441590 0.296406 0.015122 0.014959
0 0.867056 0.934299 0.014877 0.014983
0 0.086173 0.415522 0.014186 0.014147
0 0.836902 0.577077 0.017303 0.016932
0 0.704510 0.236971 0.013724 0.013650
0 0.671643 0.277763 0.014342 0.014156
0 0.321184 0.801075 0.015081 0.014915
0 0.929879 0.661089 0.018599 0.018418
0 0.372513 0.277993 0.013794 0.013828
0 0.025464 0.154805 0.013659 0.013561
0 0.691719 0.538838 0.014344 0.014355
0 0.872490 0.313073 0.014847 0.015220
0 0.091610 0.908651 0.014902 0.014868
0 0.646132 0.139153 0.014010 0.014054
0 0.735517 0.994961 0.015458 0.010078
0 0.841228 0.008487 0.015096 0.014905
0 0.198667 0.455207 0.015736 0.015555
0 0.096840 0.147225 0.014925 0.014775
0 0.920638 0.145834 0.020906 0.020475
0 0.343080 0.295619 0.022273 0.021783
0 0.675698 0.552964 0.014178 0.013888
0 0.799886 0.853245 0.014571 0.015039
0 0.056035 0.572080 0.016164 0.016155
0 0.006870 0.100380 0.013548 0.014921
0 0.780694 0.086510 0.013686 0.013715
0 0.390029 0.278962 0.015906 0.015736
0 0.670227 0.191335 0.019077 0.018992
0 0.993374 0.115802 0.013252 0.016497
0 0.377810 0.230512 0.019539 0.019378
0 0.822932 0.660810 0.012333 0.012229
0 0.900758 0.595911 0.015293 0.015102
0 0.180340 0.652378 0.015282 0.015478
0 0.532123 0.638172 0.023290 0.023201
0 0.517902 0.416959 0.015516 0.015371
0 0.748201 0.706784 0.016234 0.016368
0 0.496861 0.247278 0.013151 0.012942
0 0.860609 0.620877 0.014864 0.015188
0 0.587368 0.352763 0.013809 0.013582
0 0.886995 0.258260 0.016877 0.016745
0 0.523406 0.262126 0.014697 0.014415
0 0.174190 0.606787 0.014348 0.014239
0 0.636468 0.088211 0.018275 0.017946
0 0.229053 0.541227 0.013783 0.013505
0 0.728971 0.059912 0.014039 0.014084
0 0.868972 0.259653 0.010217 0.010552
0 0.330136 0.327809 0.014053 0.013892
