0 0.110835 0.387732 0.012054 0.012165
0 0.400610 0.950951 0.011341 0.011262
0 0.035204 0.379924 0.012154 0.012034
0 0.278470 0.436787 0.012057 0.011913
0 0.833789 0.034138 0.012851 0.012835
0 0.902322 0.541796 0.013204 0.013032
0 0.934758 0.290726 0.013215 0.013260
0 0.451595 0.105400 0.012881 0.012919
0 0.372254 0.456591 0.011565 0.011519
0 0.334855 0.431193 0.013250 0.013327
0 0.466262 0.618019 0.013301 0.013098
0 0.095775 0.342917 0.013885 0.014014
0 0.959338 0.242009 0.012323 0.012352
0 0.796708 0.079287 0.012718 0.012667
0 0.170431 0.504804 0.012792 0.012726
0 0.527343 0.398608 0.012010 0.012039
0 0.185385 0.627102 0.011843 0.012146
0 0.840818 0.195715 0.014389 0.014304
0 0.256753 0.804126 0.010710 0.010656
0 0.231934 0.425249 0.013256 0.013394
0 0.517823 0.746493 0.013406 0.013376
0 0.117174 0.461913 0.011028 0.010670
0 0.068710 0.195051 0.012626 0.012774
0 0.345203 0.193181 0.012473 0.012415
0 0.825127 0.552102 0.012452 0.012427
0 0.297464 0.825983 0.011719 0.012020
0 0.682801 0.273775 0.012445 0.012464
0 0.699170 0.547990 0.013247 0.013043
0 0.617117 0.529786 0.011814 0.011884
0 0.666985 0.407746 0.012208 0.012191
0 0.399912 0.683744 0.013897 0.014139
0 0.978573 0.788678 0.012752 0.012695
0 0.561506 0.576239 0.013723 0.013848
0 0.333857 0.379526 0.012200 0.012214
0 0.674258 0.247448 0.012813 0.012773
0 0.983971 0.453423 0.012118 0.011976
0 0.320006 0.351007 0.012748 0.012906
0 0.629906 0.668342 0.014565 0.014538
0 0.210184 0.543845 0.012911 0.013017
0 0.561971 0.221903 0.012435 0.012392
0 0.766755 0.535321 0.012961 0.012738
0 0.400967 0.516838 0.013516 0.013518
0 0.656289 0.084781 0.011967 0.012492
0 0.106961 0.929757 0.013419 0.013027
0 0.220609 0.950906 0.011687 0.011498
0 0.174856 0.190903 0.012828 0.012807
0 0.490585 0.770699 0.013415 0.013390
0 0.961486 0.618943 0.011461 0.010902
0 0.648725 0.172877 0.011462 0.011368
0 0.663748 0.904803 0.012947 0.013122
0 0.889432 0.588014 0.012286 0.012292
0 0.434008 0.115829 0.014128 0.014147
0 0.335091 0.893424 0.012520 0.012357
0 0.247406 0.646678 0.014516 0.014483
0 0.234583 0.277723 0.012494 0.012575
0 0.212051 0.809406 0.012510 0.012342
0 0.970848 0.577427 0.012375 0.012339
0 0.258181 0.149670 0.012640 0.012902
0 0.512812 0.076579 0.014590 0.014961
0 0.333627 0.969411 0.013259 0.013379
0 0.440552 0.932686 0.013416 0.013542
0 0.901279 0.075070 0.012355 0.012094
0 0.089025 0.933471 0.011760 0.011260
0 0.842085 0.379996 0.011527 0.011297
0 0.892447 0.862177 0.011638 0.011399
0 0.732500 0.625118 0.012733 0.012591
0 0.937260 0.053956 0.011770 0.011711
0 0.110010 0.743578 0.012576 0.012831
0 0.678393 0.646965 0.013304 0.013299
0 0.533661 0.627535 0.019837 0.020058
0 0.962265 0.703786 0.012091 0.012064
0 0.865216 0.106572 0.012285 0.012099
0 0.409358 0.875365 0.013158 0.013366
0 0.570937 0.781521 0.013169 0.013233
0 0.308907 0.981111 0.012897 0.012973
0 0.877416 0.117608 0.009636 0.009618
0 0.278814 0.075035 0.012477 0.012418
0 0.614661 0.211819 0.011123 0.011359
0 0.977157 0.048507 0.010436 0.010141
0 0.645904 0.577583 0.011789 0.011723
0 0.327517 0.753414 0.012208 0.012300
0 0.062420 0.753509 0.011919 0.011887
0 0.349527 0.291173 0.024037 0.024220
0 0.506014 0.466259 0.011957 0.012080
0 0.324154 0.734162 0.012557 0.012476
0 0.020025 0.831961 0.012094 0.012012
0 0.828448 0.667390 0.011737 0.011498
0 0.767700 0.796033 0.011515 0.010907
0 0.983504 0.513064 0.013895 0.013212
0 0.932483 0.845814 0.013264 0.013124
0 0.462841 0.376574 0.014126 0.013958
0 0.177736 0.926307 0.010890 0.010905
0 0.695495 0.002855 0.010659 0.005694
0 0.914302 0.765344 0.011448 0.011612
0 0.774112 0.922027 0.010720 0.010945
0 0.995839 0.326026 0.008296 0.013727
0 0.069734 0.654040 0.011667 0.011341
0 0.693804 0.903831 0.012313 0.012028
0 0.915917 0.003736 0.011354 0.007459
0 0.376056 0.751425 0.013020 0.012910
0 0.742469 0.701243 0.012600 0.013092
0 0.747836 0.386860 0.011942 0.012305
0 0.781267 0.424141 0.012231 0.012553
0 0.004491 0.707584 0.008982 0.011817
0 0.443526 0.320094 0.010659 0.010313
0 0.868890 0.570384 0.011636 0.011891
0 0.694902 0.998243 0.013001 0.003514
0 0.897680 0.994827 0.011911 0.010345
0 0.759068 0.104411 0.012721 0.012650
0 0.775536 0.102329 0.013963 0.014038
0 0.735830 0.360477 0.013696 0.013552
0 0.875544 0.977143 0.013242 0.012991
0 0.880753 0.805621 0.012224 0.012088
0 0.638007 0.079074 0.023152 0.023445
0 0.904378 0.926618 0.011903 0.011884
0 0.650713 0.473880 0.010595 0.010119
0 0.827165 0.512039 0.010110 0.010132
0 0.850964 0.711613 0.022840 0.022350
0 0.802678 0.541053 0.011201 0.011397
