0 0.578913 0.396396 0.013319 0.013268
0 0.747977 0.618844 0.013187 0.013082
0 0.455694 0.465275 0.013283 0.013189
0 0.726228 0.513205 0.012781 0.012769
0 0.523740 0.349656 0.013404 0.013225
0 0.916537 0.813906 0.013773 0.013816
0 0.203909 0.709794 0.012699 0.012527
0 0.450636 0.959427 0.012791 0.012955
0 0.285425 0.607492 0.013354 0.013021
0 0.607850 0.325679 0.012762 0.012703
0 0.732410 0.708373 0.012696 0.012535
0 0.505623 0.032829 0.012839 0.012715
0 0.330360 0.518870 0.012635 0.012594
0 0.557272 0.851524 0.013580 0.013634
0 0.136232 0.712503 0.013857 0.013750
0 0.862888 0.533378 0.011878 0.011748
0 0.777573 0.406180 0.013986 0.013882
0 0.050078 0.339845 0.012492 0.012669
0 0.199193 0.979891 0.012216 0.012100
0 0.548295 0.444668 0.012139 0.011986
0 0.027986 0.338034 0.012542 0.012573
0 0.386814 0.487424 0.013694 0.013579
0 0.186867 0.460364 0.013902 0.013803
0 0.847067 0.631191 0.012675 0.012560
0 0.459507 0.501749 0.012610 0.012716
0 0.709928 0.555311 0.012172 0.012261
0 0.756308 0.770994 0.013006 0.012936
0 0.489479 0.619911 0.012712 0.013116
0 0.541798 0.977072 0.013103 0.012883
0 0.984274 0.663221 0.012451 0.012195
0 0.565262 0.235872 0.012964 0.012919
0 0.083662 0.371046 0.011198 0.011502
0 0.383312 0.139669 0.013605 0.013684
0 0.151575 0.402908 0.013170 0.013225
0 0.092852 0.517973 0.012343 0.012031
0 0.312255 0.941273 0.011526 0.011518
0 0.796353 0.392025 0.012176 0.012258
0 0.637049 0.859468 0.012879 0.012895
0 0.745293 0.309375 0.013975 0.013985
0 0.747622 0.674831 0.012307 0.012357
0 0.458473 0.080687 0.013867 0.013937
0 0.902899 0.366714 0.013101 0.013102
0 0.071113 0.252774 0.012135 0.012309
0 0.108518 0.981038 0.013350 0.013511
0 0.618606 0.482202 0.013174 0.013035
0 0.185036 0.891662 0.013224 0.013203
0 0.299399 0.491974 0.012210 0.012385
0 0.087939 0.796449 0.012267 0.012308
0 0.070546 0.570784 0.013845 0.013826
0 0.488768 0.111101 0.013697 0.013726
0 0.701807 0.623105 0.011686 0.011980
0 0.300356 0.074141 0.012921 0.012772
0 0.384726 0.346760 0.012621 0.012719
0 0.221512 0.470607 0.013236 0.013145
0 0.670258 0.597077 0.012545 0.012567
0 0.178054 0.294496 0.012847 0.012615
0 0.215835 0.675334 0.012116 0.012333
0 0.095047 0.072396 0.013333 0.013320
0 0.665597 0.735113 0.012236 0.012207
0 0.067359 0.297454 0.012209 0.012100
0 0.072754 0.172691 0.012549 0.012355
0 0.545647 0.281136 0.012722 0.012837
0 0.387259 0.883672 0.012984 0.012904
0 0.600731 0.366038 0.012144 0.012185
0 0.296464 0.351028 0.014339 0.014268
0 0.310153 0.758650 0.012858 0.013036
0 0.009370 0.422605 0.013424 0.013368
0 0.129172 0.376187 0.012719 0.012725
0 0.280025 0.394086 0.014115 0.014246
0 0.429815 0.732474 0.013341 0.013270
0 0.594567 0.928106 0.012963 0.013026
0 0.553921 0.485388 0.013927 0.013675
0 0.322346 0.015849 0.012760 0.012668
0 0.198005 0.200704 0.012962 0.012963
0 0.327572 0.645578 0.010515 0.010290
0 0.573922 0.084768 0.012353 0.012094
0 0.010800 0.200333 0.012415 0.012298
0 0.762808 0.115423 0.012809 0.012792
0 0.373824 0.266519 0.013908 0.013856
0 0.865781 0.065297 0.014254 0.014356
0 0.590366 0.023301 0.013970 0.013907
0 0.827404 0.271290 0.012765 0.012686
0 0.193716 0.004013 0.014451 0.008021
0 0.800694 0.878643 0.012447 0.012130
0 0.224144 0.648221 0.012303 0.012117
0 0.044042 0.538686 0.011940 0.012163
0 0.494885 0.545176 0.013834 0.013484
0 0.644989 0.995322 0.012138 0.009356
0 0.849497 0.710348 0.023585 0.023992
0 0.652116 0.265391 0.012840 0.012953
0 0.442452 0.060087 0.013276 0.013382
0 0.071481 0.730071 0.010890 0.010429
0 0.996080 0.426810 0.007813 0.009536
0 0.331541 0.477659 0.018146 0.016760
0 0.786633 0.005841 0.013950 0.011682
0 0.033193 0.539582 0.012555 0.012799
0 0.020615 0.464470 0.012000 0.011948
0 0.328570 0.478810 0.015332 0.015437
0 0.285633 0.742896 0.011969 0.011783
0 0.530362 0.634151 0.021268 0.021053
0 0.086420 0.012458 0.015685 0.015393
0 0.782848 0.005935 0.016217 0.011871
0 0.396124 0.943549 0.010038 0.009805
