0 0.393820 0.867057 0.012892 0.012958
0 0.535085 0.446868 0.013907 0.013524
0 0.781900 0.594942 0.013580 0.013585
0 0.582627 0.549851 0.013389 0.013450
0 0.590692 0.486854 0.012311 0.012059
0 0.038953 0.474918 0.010649 0.010580
0 0.037744 0.527500 0.012134 0.011976
0 0.510609 0.715883 0.012833 0.012785
0 0.747944 0.619166 0.013729 0.013634
0 0.093736 0.409753 0.012625 0.012643
0 0.511114 0.576426 0.013621 0.013491
0 0.500241 0.446641 0.011125 0.011459
0 0.213860 0.420116 0.014327 0.014193
0 0.074489 0.252978 0.012161 0.012235
0 0.029411 0.415333 0.011368 0.011646
0 0.552577 0.531444 0.013598 0.013526
0 0.446484 0.472681 0.013100 0.013050
0 0.423448 0.056961 0.012153 0.012101
0 0.140175 0.616474 0.013737 0.013799
0 0.436323 0.707543 0.012820 0.012826
0 0.718946 0.473482 0.013548 0.013739
0 0.483465 0.563189 0.013977 0.013859
0 0.358179 0.640095 0.011473 0.011250
0 0.138330 0.522332 0.012577 0.012423
0 0.060822 0.327404 0.012793 0.012443
0 0.595258 0.452279 0.012001 0.012025
0 0.248435 0.680953 0.012120 0.012147
0 0.963195 0.864497 0.012849 0.012918
0 0.523764 0.349582 0.013372 0.013208
0 0.950284 0.570302 0.012526 0.012327
0 0.347259 0.094829 0.012855 0.012675
0 0.655501 0.390462 0.012784 0.013062
0 0.181085 0.270258 0.013026 0.012926
0 0.221791 0.469314 0.012596 0.012505
0 0.289319 0.606846 0.013369 0.013272
0 0.488372 0.054176 0.013163 0.013134
0 0.267604 0.392260 0.013504 0.013340
0 0.445343 0.800408 0.013870 0.013961
0 0.012659 0.636395 0.012711 0.012602
0 0.086030 0.536265 0.012202 0.012203
0 0.026919 0.588714 0.013397 0.013392
0 0.794135 0.392224 0.012218 0.012325
0 0.432980 0.202275 0.012907 0.012798
0 0.358627 0.240209 0.013569 0.013488
0 0.467415 0.079675 0.013651 0.013842
0 0.573943 0.041915 0.013531 0.013576
0 0.296728 0.012145 0.013019 0.013065
0 0.344126 0.478908 0.013723 0.013952
0 0.868494 0.662316 0.012804 0.012672
0 0.023220 0.877478 0.013863 0.013714
0 0.420392 0.556644 0.013581 0.013622
0 0.465891 0.304187 0.011917 0.011861
0 0.716517 0.308303 0.013129 0.013127
0 0.640297 0.221911 0.013808 0.013883
0 0.549456 0.051730 0.013352 0.013234
0 0.636062 0.647983 0.012326 0.012171
0 0.570323 0.569635 0.012004 0.012107
0 0.851273 0.712700 0.022733 0.022494
0 0.242949 0.479767 0.013038 0.012732
0 0.541852 0.975778 0.011290 0.011258
0 0.223929 0.648441 0.012501 0.012295
0 0.108141 0.980648 0.013402 0.013639
0 0.491618 0.165969 0.012177 0.012133
0 0.124789 0.297264 0.012951 0.012555
0 0.799274 0.660278 0.013414 0.013069
0 0.954508 0.016884 0.012354 0.012390
0 0.234689 0.835683 0.013423 0.013353
0 0.525819 0.378047 0.011988 0.012098
0 0.841616 0.372797 0.012264 0.012344
0 0.366638 0.816368 0.012957 0.012796
0 0.622738 0.234220 0.011489 0.011663
0 0.587999 0.977892 0.013279 0.013320
0 0.326179 0.550235 0.012310 0.012253
0 0.075195 0.020138 0.013892 0.013854
0 0.004430 0.710219 0.008724 0.012598
0 0.003380 0.580615 0.006759 0.013207
0 0.098741 0.031294 0.014614 0.014431
0 0.100922 0.841360 0.013079 0.012971
0 0.304960 0.129376 0.012331 0.012315
0 0.832389 0.185668 0.011876 0.011833
0 0.126044 0.696549 0.013193 0.012953
0 0.837914 0.028642 0.012439 0.012348
0 0.396417 0.943331 0.009661 0.009600
0 0.018286 0.208805 0.011025 0.011472
0 0.185245 0.892146 0.013092 0.013192
0 0.496471 0.543270 0.014806 0.014435
0 0.356946 0.359141 0.013153 0.012949
0 0.749336 0.998229 0.012399 0.003476
0 0.707491 0.817705 0.014726 0.014396
0 0.495842 0.993036 0.009427 0.009657
0 0.905848 0.116692 0.012262 0.012082
0 0.264120 0.530711 0.012231 0.012100
0 0.445166 0.962125 0.012100 0.012117
0 0.442334 0.059316 0.013180 0.013256
0 0.401088 0.570987 0.010196 0.010235
0 0.385710 0.605566 0.012309 0.012502
0 0.542482 0.862165 0.013477 0.013468
0 0.236109 0.724811 0.011352 0.010982
0 0.805437 0.113893 0.012230 0.012320
0 0.885997 0.222878 0.012620 0.012399
0 0.443360 0.961349 0.012287 0.012145
0 0.996126 0.425136 0.007723 0.009630
0 0.662047 0.264817 0.011311 0.011334
0 0.339245 0.510727 0.011571 0.010674
0 0.532891 0.630089 0.023758 0.023412
