0 0.463323 0.961254 0.013403 0.013376
0 0.172294 0.164604 0.013168 0.013094
0 0.748813 0.616903 0.013219 0.013222
0 0.241571 0.506326 0.012875 0.012647
0 0.143541 0.293678 0.012875 0.012951
0 0.420679 0.374803 0.013099 0.013145
0 0.424299 0.489295 0.012801 0.012776
0 0.031476 0.420157 0.012330 0.012264
0 0.394366 0.924051 0.012004 0.011919
0 0.064103 0.261958 0.011185 0.011164
0 0.310475 0.026000 0.012117 0.012017
0 0.186551 0.889446 0.013375 0.013162
0 0.969598 0.383790 0.010000 0.010009
0 0.292784 0.477796 0.012476 0.012463
0 0.575472 0.357949 0.012681 0.012524
0 0.044708 0.461850 0.013068 0.013205
0 0.300922 0.458533 0.013048 0.012946
0 0.318277 0.286743 0.013482 0.013228
0 0.543161 0.972670 0.013457 0.013219
0 0.053449 0.615909 0.009554 0.009449
0 0.674778 0.577558 0.011192 0.011139
0 0.070286 0.404929 0.012247 0.012327
0 0.510274 0.656440 0.012646 0.012709
0 0.696748 0.213458 0.012142 0.012249
0 0.213402 0.633601 0.011992 0.011755
0 0.216932 0.963768 0.012779 0.012897
0 0.628401 0.116200 0.012814 0.013054
0 0.733427 0.028952 0.011915 0.011872
0 0.687027 0.657024 0.013074 0.013272
0 0.273017 0.049707 0.013200 0.013291
0 0.603101 0.976962 0.012076 0.012030
0 0.905396 0.951423 0.011748 0.012087
0 0.638428 0.519858 0.009915 0.010067
0 0.623391 0.822128 0.011663 0.011533
0 0.639887 0.500677 0.012159 0.012164
0 0.454879 0.881113 0.013343 0.013590
0 0.829464 0.802460 0.011082 0.011004
0 0.356102 0.256425 0.011392 0.011332
0 0.493817 0.290547 0.011653 0.011798
0 0.822353 0.361828 0.012549 0.012251
0 0.415273 0.242336 0.012689 0.012801
0 0.674291 0.871549 0.012589 0.012753
0 0.054109 0.534868 0.013230 0.013190
0 0.121503 0.346555 0.010541 0.010475
0 0.031461 0.920351 0.013324 0.013404
0 0.788304 0.433714 0.011672 0.011685
0 0.370458 0.780686 0.011692 0.011704
0 0.886366 0.817295 0.011041 0.011163
0 0.322490 0.554431 0.013638 0.013694
0 0.102982 0.394338 0.012742 0.012624
0 0.225309 0.649802 0.013214 0.012836
0 0.005956 0.573418 0.011660 0.012488
0 0.109877 0.979696 0.013014 0.013182
0 0.971727 0.695585 0.011251 0.010983
0 0.601704 0.814551 0.010479 0.010522
0 0.384802 0.418824 0.012392 0.012225
0 0.222527 0.466391 0.013111 0.013151
0 0.032762 0.617640 0.011746 0.011659
0 0.343554 0.296289 0.023279 0.023398
0 0.137719 0.553178 0.011990 0.012003
0 0.602916 0.608018 0.012867 0.012866
0 0.774834 0.053718 0.012373 0.012397
0 0.800107 0.161907 0.012480 0.012793
0 0.556230 0.333631 0.012499 0.012480
0 0.678119 0.094126 0.011955 0.012327
0 0.523155 0.555366 0.011665 0.011295
0 0.530303 0.711610 0.012960 0.012570
0 0.757639 0.402620 0.009801 0.009709
0 0.640622 0.535963 0.013091 0.013626
0 0.308622 0.074953 0.013096 0.012562
0 0.331693 0.517112 0.011772 0.011734
0 0.890705 0.041745 0.011217 0.011376
0 0.185482 0.123073 0.011003 0.011080
0 0.791684 0.093544 0.011072 0.011196
0 0.526058 0.345016 0.013417 0.013520
0 0.716395 0.146543 0.012052 0.011862
0 0.839402 0.443009 0.010634 0.010773
0 0.605617 0.298121 0.011837 0.011686
0 0.241659 0.743780 0.011557 0.011411
0 0.995431 0.078334 0.009100 0.011297
0 0.848141 0.717447 0.021269 0.021099
0 0.632239 0.085923 0.020886 0.020486
0 0.453414 0.592896 0.013406 0.013246
0 0.596129 0.307021 0.010726 0.010532
0 0.441908 0.219851 0.013204 0.013218
0 0.640233 0.210775 0.012758 0.012956
0 0.700490 0.820978 0.021777 0.021914
0 0.520440 0.015963 0.016288 0.015593
0 0.774319 0.910230 0.009208 0.009350
0 0.064365 0.851017 0.010663 0.010629
0 0.169678 0.771071 0.011411 0.011145
0 0.123442 0.841989 0.011950 0.011594
0 0.697404 0.719812 0.011682 0.011065
0 0.788837 0.004186 0.011742 0.008373
