0 0.926564 0.843150 0.013387 0.013398
0 0.256909 0.470379 0.013869 0.014032
0 0.686046 0.230639 0.011850 0.011780
0 0.934850 0.652348 0.013349 0.013237
0 0.088333 0.110849 0.011796 0.011737
0 0.451858 0.671037 0.013395 0.013364
0 0.588258 0.324890 0.012368 0.012297
0 0.932889 0.407067 0.013845 0.013748
0 0.329965 0.518805 0.013001 0.012648
0 0.721857 0.251159 0.012123 0.011924
0 0.916487 0.516515 0.012793 0.012771
0 0.739846 0.348807 0.014188 0.014282
0 0.303401 0.806526 0.012840 0.012740
0 0.539391 0.039711 0.012790 0.012620
0 0.145797 0.725816 0.012827 0.012881
0 0.959066 0.505166 0.014055 0.014131
0 0.672622 0.181275 0.013337 0.013406
0 0.069073 0.120396 0.011918 0.011604
0 0.695906 0.908861 0.012745 0.012745
0 0.782772 0.443243 0.012825 0.012838
0 0.221372 0.469946 0.012745 0.012704
0 0.350554 0.396081 0.012211 0.012410
0 0.272465 0.600400 0.013703 0.013377
0 0.406409 0.694489 0.011473 0.011507
0 0.523663 0.349625 0.013676 0.013615
0 0.184016 0.891215 0.012758 0.012691
0 0.819761 0.283156 0.013575 0.013475
0 0.440920 0.059551 0.012445 0.012548
0 0.747487 0.618570 0.013497 0.013419
0 0.138315 0.129001 0.012875 0.012676
0 0.224839 0.897028 0.013117 0.012857
0 0.014455 0.088807 0.012982 0.013238
0 0.820201 0.785706 0.013510 0.013557
0 0.311997 0.431422 0.011652 0.011512
0 0.423808 0.582343 0.012646 0.012585
0 0.279704 0.028718 0.013234 0.013211
0 0.631172 0.530572 0.013439 0.013281
0 0.261159 0.095077 0.013862 0.013785
0 0.494148 0.059452 0.013413 0.013260
0 0.450283 0.110630 0.012695 0.012652
0 0.843310 0.036471 0.012670 0.012701
0 0.723365 0.183690 0.012660 0.012799
0 0.334663 0.776282 0.013017 0.012896
0 0.399727 0.596505 0.014371 0.014170
0 0.203916 0.232298 0.013900 0.013766
0 0.584794 0.609752 0.012333 0.012125
0 0.464414 0.020466 0.012469 0.012630
0 0.434431 0.970448 0.012458 0.012600
0 0.254707 0.615080 0.013513 0.013597
0 0.108003 0.980889 0.013764 0.013908
0 0.031045 0.416629 0.012271 0.012403
0 0.861776 0.049828 0.011543 0.011773
0 0.711249 0.469641 0.011865 0.011770
0 0.541285 0.976193 0.013193 0.012994
0 0.547030 0.529480 0.012360 0.012272
0 0.805180 0.057134 0.011239 0.011171
0 0.426983 0.788157 0.012031 0.012532
0 0.649873 0.797140 0.012178 0.012096
0 0.795513 0.971737 0.013788 0.013553
0 0.454253 0.961813 0.012032 0.011847
0 0.638325 0.285637 0.012528 0.012674
0 0.103016 0.173932 0.012353 0.012206
0 0.231375 0.498801 0.014231 0.014186
0 0.283403 0.995068 0.010880 0.009705
0 0.043228 0.378993 0.011975 0.011759
0 0.222954 0.707489 0.012885 0.012669
0 0.478547 0.200868 0.010931 0.010828
0 0.005352 0.348861 0.010621 0.014839
0 0.105590 0.495728 0.013191 0.013161
0 0.038109 0.781263 0.013751 0.013729
0 0.023169 0.946807 0.013011 0.012712
0 0.172297 0.400237 0.011407 0.011498
0 0.277441 0.720356 0.012332 0.012552
0 0.417312 0.162722 0.013358 0.013440
0 0.529158 0.651588 0.013391 0.013162
0 0.017690 0.144223 0.010085 0.011028
0 0.151954 0.582685 0.012495 0.012445
0 0.440276 0.749247 0.013657 0.013807
0 0.356985 0.141953 0.011015 0.011055
0 0.517091 0.093945 0.010223 0.010256
0 0.510860 0.533826 0.012585 0.012712
0 0.509087 0.138053 0.013854 0.013663
0 0.006940 0.045611 0.013020 0.013368
0 0.683045 0.297261 0.013132 0.012835
0 0.900717 0.086540 0.011269 0.011390
0 0.559840 0.610767 0.014158 0.013984
0 0.398444 0.288459 0.011409 0.011536
0 0.396229 0.943198 0.009737 0.009638
0 0.786103 0.005264 0.013907 0.010528
0 0.103930 0.242767 0.011799 0.011617
0 0.222168 0.643050 0.011079 0.011195
0 0.433615 0.203034 0.013705 0.013925
0 0.313149 0.198164 0.012839 0.012514
0 0.494712 0.993671 0.010700 0.010663
0 0.850341 0.710932 0.023156 0.023562
0 0.995149 0.424738 0.009384 0.010228
0 0.789479 0.233795 0.011002 0.010773
0 0.495634 0.544235 0.013910 0.013943
0 0.939679 0.753407 0.011295 0.011835
0 0.700945 0.621477 0.012154 0.012263
0 0.573862 0.002294 0.010949 0.004579
0 0.783007 0.005243 0.014510 0.010415
0 0.703712 0.815055 0.021943 0.021984
0 0.236577 0.511690 0.011176 0.010718
0 0.498235 0.126657 0.008399 0.008564
0 0.401544 0.570951 0.009981 0.010057
0 0.821771 0.184899 0.012185 0.012204
0 0.905194 0.508859 0.011778 0.011580
