0 0.408731 0.154455 0.013340 0.013285
0 0.567932 0.103535 0.013381 0.013319
0 0.136624 0.447678 0.013319 0.013130
0 0.433129 0.683868 0.013338 0.013290
0 0.540044 0.395840 0.012615 0.012536
0 0.480379 0.320446 0.012988 0.012990
0 0.949971 0.538036 0.013108 0.012845
0 0.603613 0.899398 0.012605 0.012511
0 0.849623 0.652564 0.012857 0.013161
0 0.905527 0.402203 0.012825 0.012595
0 0.407626 0.401506 0.013428 0.013433
0 0.943238 0.453275 0.013029 0.012951
0 0.718523 0.536374 0.013267 0.013113
0 0.804987 0.024331 0.012739 0.012581
0 0.207170 0.820772 0.013618 0.013502
0 0.051723 0.355933 0.012418 0.012665
0 0.640961 0.529949 0.015229 0.015102
0 0.075116 0.274153 0.013953 0.013768
0 0.831886 0.925192 0.012212 0.012176
0 0.156324 0.794873 0.012804 0.012913
0 0.863500 0.561349 0.014479 0.014271
0 0.785587 0.140984 0.013217 0.013038
0 0.593179 0.162348 0.013463 0.013148
0 0.192283 0.497061 0.013284 0.013139
0 0.696895 0.631962 0.012923 0.012825
0 0.162049 0.304436 0.012765 0.012734
0 0.209737 0.371978 0.012656 0.012603
0 0.681242 0.664429 0.013238 0.013196
0 0.289843 0.202030 0.012759 0.012903
0 0.476752 0.116167 0.013000 0.012914
0 0.816522 0.966410 0.012130 0.012254
0 0.817548 0.735312 0.012339 0.012301
0 0.965174 0.618298 0.013536 0.013625
0 0.578678 0.262436 0.012300 0.012331
0 0.158631 0.848393 0.013282 0.013260
0 0.645249 0.936462 0.013953 0.013990
0 0.523132 0.561763 0.012847 0.012816
0 0.682825 0.705020 0.012978 0.012908
0 0.526683 0.218783 0.013619 0.013713
0 0.029470 0.686661 0.014020 0.014018
0 0.575265 0.532266 0.013742 0.013612
0 0.943379 0.726979 0.013570 0.013647
0 0.506079 0.407012 0.012741 0.012821
0 0.540888 0.557530 0.013638 0.013668
0 0.530615 0.434306 0.012832 0.012649
0 0.053396 0.839662 0.013069 0.013258
0 0.768383 0.034537 0.012689 0.012718
0 0.850501 0.956314 0.013333 0.013380
0 0.467872 0.196383 0.013627 0.013450
0 0.382772 0.390661 0.013268 0.013172
0 0.621515 0.574983 0.012628 0.012578
0 0.209719 0.351165 0.013578 0.013525
0 0.292134 0.011929 0.013096 0.013174
0 0.827213 0.463077 0.013962 0.013844
0 0.080305 0.316974 0.013462 0.013339
0 0.263243 0.072031 0.012753 0.012482
0 0.760610 0.894964 0.014766 0.014690
0 0.805581 0.573623 0.013084 0.013042
0 0.334710 0.192791 0.013290 0.013372
0 0.337577 0.889978 0.013484 0.013610
0 0.658257 0.794083 0.012612 0.012535
0 0.858741 0.070215 0.014708 0.014749
0 0.084149 0.076506 0.013332 0.013220
0 0.642554 0.327174 0.012879 0.012926
0 0.453560 0.795044 0.012700 0.012721
0 0.519859 0.467558 0.013304 0.013348
0 0.695534 0.376981 0.013573 0.013578
0 0.960628 0.573388 0.012126 0.012060
0 0.096992 0.469453 0.013518 0.013740
0 0.010704 0.324811 0.013522 0.013519
0 0.979446 0.663417 0.012752 0.012759
0 0.458111 0.575546 0.012777 0.013000
0 0.310868 0.334127 0.013610 0.013554
0 0.831767 0.139100 0.013788 0.013990
0 0.972320 0.765457 0.012203 0.012015
0 0.097407 0.918718 0.012815 0.012811
0 0.168134 0.986395 0.012192 0.012164
0 0.111351 0.817549 0.014330 0.013962
0 0.372714 0.958927 0.012625 0.012803
0 0.775411 0.458430 0.014120 0.013933
0 0.836698 0.365328 0.013470 0.013597
0 0.012264 0.852920 0.012444 0.012463
0 0.153618 0.095537 0.013799 0.013486
0 0.895286 0.206669 0.012929 0.012798
0 0.307340 0.046777 0.013246 0.012995
0 0.060909 0.874748 0.013715 0.013757
0 0.100125 0.650233 0.013393 0.013203
0 0.491910 0.751877 0.013547 0.013337
0 0.108862 0.272374 0.014145 0.014204
0 0.279538 0.553590 0.013810 0.013690
0 0.582475 0.240336 0.012769 0.012572
0 0.761355 0.282363 0.012344 0.012382
0 0.738079 0.986516 0.013656 0.013738
0 0.423914 0.589378 0.013897 0.013922
0 0.005657 0.536615 0.011313 0.014254
0 0.929596 0.399231 0.012864 0.012961
0 0.368041 0.648465 0.012866 0.012914
0 0.906175 0.061963 0.013923 0.013984
0 0.469275 0.930840 0.013272 0.013304
0 0.372847 0.889818 0.013008 0.013224
0 0.060102 0.956880 0.012835 0.012675
0 0.364827 0.576886 0.013915 0.013960
0 0.202242 0.235567 0.013567 0.013553
0 0.338504 0.085481 0.013776 0.013802
0 0.072594 0.853333 0.013147 0.013117
0 0.941508 0.044768 0.012756 0.012866
0 0.693681 0.907947 0.013313 0.013164
0 0.746515 0.406362 0.013614 0.013585
0 0.864522 0.096062 0.013267 0.013531
0 0.469180 0.459041 0.012668 0.012177
0 0.260908 0.887351 0.013316 0.013215
0 0.600961 0.229508 0.012688 0.012624
0 0.878108 0.170108 0.013377 0.013481
0 0.554228 0.692921 0.014769 0.014734
0 0.669539 0.314030 0.013161 0.013160
0 0.052112 0.197733 0.013913 0.014141
0 0.778409 0.323837 0.013452 0.013467
0 0.418855 0.636418 0.014684 0.014721
0 0.716922 0.161414 0.014051 0.013988
0 0.166702 0.134046 0.014705 0.014584
0 0.790141 0.187278 0.012870 0.012548
0 0.023126 0.381897 0.013487 0.013311
0 0.412130 0.011249 0.012809 0.013021
0 0.040923 0.142168 0.013074 0.013131
0 0.265092 0.610339 0.013128 0.013225
0 0.357812 0.890418 0.012945 0.012901
0 0.604785 0.680070 0.013393 0.013374
0 0.615940 0.713069 0.014160 0.014192
0 0.691309 0.120950 0.013738 0.013878
0 0.046492 0.420244 0.012842 0.012797
0 0.283523 0.134327 0.013534 0.013208
0 0.133631 0.841777 0.013153 0.012847
0 0.951890 0.131966 0.012998 0.013000
0 0.465083 0.430240 0.013515 0.013429
0 0.330791 0.763572 0.013077 0.013154
0 0.216672 0.069463 0.013281 0.013228
0 0.902364 0.879748 0.013829 0.013752
0 0.226305 0.679380 0.015181 0.014993
0 0.688583 0.576590 0.013987 0.013799
0 0.161311 0.232014 0.014227 0.014148
0 0.446622 0.608014 0.014133 0.013838
0 0.794892 0.328127 0.014119 0.014377
0 0.325482 0.983149 0.012416 0.011989
0 0.006306 0.554661 0.011740 0.012331
0 0.022184 0.259369 0.012267 0.012115
0 0.658871 0.839008 0.012857 0.012700
0 0.380195 0.226081 0.014547 0.014787
0 0.733928 0.144031 0.014005 0.013822
0 0.480008 0.270545 0.013860 0.013776
0 0.452895 0.839656 0.014147 0.014434
0 0.024216 0.977538 0.014162 0.014192
0 0.975532 0.174637 0.013180 0.013095
0 0.962809 0.878601 0.014400 0.014253
0 0.801077 0.220052 0.014566 0.014756
0 0.640675 0.253727 0.016319 0.016227
0 0.230699 0.145150 0.014202 0.014106
0 0.029462 0.567440 0.013349 0.013399
0 0.739111 0.318843 0.013682 0.013810
0 0.848505 0.710892 0.018928 0.018925
0 0.950056 0.012551 0.013451 0.013506
0 0.374340 0.353429 0.015254 0.015328
0 0.526419 0.023370 0.013281 0.013155
0 0.900972 0.368826 0.014851 0.014700
0 0.452642 0.013791 0.013580 0.013579
0 0.086876 0.131256 0.013424 0.013286
0 0.396142 0.555611 0.015265 0.014889
0 0.008819 0.751592 0.013166 0.013172
0 0.499797 0.109219 0.015075 0.015188
0 0.046183 0.238050 0.013443 0.013341
0 0.027916 0.886998 0.012501 0.012457
0 0.511927 0.576574 0.013732 0.013859
0 0.047386 0.033395 0.013453 0.013867
0 0.619751 0.740334 0.012543 0.012771
0 0.840996 0.605182 0.012802 0.012412
0 0.882402 0.835510 0.013087 0.012396
0 0.261264 0.947545 0.014489 0.014207
0 0.004141 0.645547 0.008259 0.014500
0 0.266234 0.719490 0.013981 0.013878
0 0.014705 0.447623 0.014167 0.014029
0 0.941753 0.850759 0.012198 0.012533
0 0.795918 0.402199 0.011872 0.012044
0 0.844466 0.184530 0.014185 0.014164
0 0.387753 0.975835 0.012968 0.012922
0 0.418601 0.429763 0.016096 0.015835
0 0.982620 0.191862 0.013121 0.012694
0 0.416068 0.430317 0.016206 0.015700
0 0.770651 0.599321 0.014488 0.014234
0 0.165073 0.563268 0.013495 0.013526
0 0.456118 0.556870 0.012402 0.012436
0 0.992632 0.209839 0.012728 0.012902
0 0.898944 0.129319 0.013688 0.014120
0 0.547546 0.791216 0.012663 0.012423
0 0.532051 0.629558 0.024046 0.023810
0 0.195884 0.002493 0.013108 0.004975
0 0.269030 0.634968 0.012253 0.011980
0 0.937868 0.871731 0.013863 0.013369
0 0.897820 0.993388 0.011729 0.011405
0 0.187476 0.551745 0.014853 0.015227
0 0.620245 0.377884 0.014658 0.014143
0 0.671261 0.844030 0.009852 0.009722
0 0.359398 0.612478 0.012182 0.011817
0 0.446187 0.905363 0.014369 0.014570
0 0.345608 0.290519 0.024225 0.023875
0 0.488108 0.432090 0.013056 0.013620
0 0.998011 0.092108 0.003944 0.014820
0 0.865346 0.011629 0.013285 0.013231
0 0.899070 0.992418 0.011446 0.011190
0 0.746196 0.383979 0.013706 0.013638
0 0.110963 0.394600 0.012699 0.012645
0 0.111243 0.397331 0.012588 0.012868
0 0.194450 0.003086 0.013316 0.006171
0 0.222353 0.746405 0.011760 0.011468
