0 0.041207 0.147015 0.012835 0.012720
0 0.525170 0.346912 0.013507 0.013350
0 0.749905 0.616183 0.013539 0.013334
0 0.467081 0.059769 0.012639 0.012387
0 0.782522 0.504705 0.013240 0.013067
0 0.566929 0.836356 0.013480 0.013271
0 0.843428 0.542871 0.013467 0.013459
0 0.898241 0.112249 0.012860 0.012697
0 0.640526 0.152421 0.013135 0.013036
0 0.626428 0.312600 0.014308 0.014331
0 0.943826 0.265273 0.012555 0.012206
0 0.291463 0.393566 0.012572 0.012472
0 0.171131 0.157994 0.013861 0.013886
0 0.203025 0.240899 0.012109 0.012098
0 0.414501 0.062644 0.013379 0.013189
0 0.400139 0.121204 0.013576 0.013760
0 0.504660 0.064552 0.012373 0.012349
0 0.046697 0.730213 0.014105 0.013726
0 0.668744 0.460989 0.012822 0.012756
0 0.817752 0.241784 0.011442 0.011208
0 0.334942 0.194288 0.013029 0.013213
0 0.043565 0.354056 0.013835 0.013941
0 0.100338 0.888793 0.012840 0.012628
0 0.713733 0.493936 0.012378 0.012234
0 0.114302 0.496189 0.011851 0.011612
0 0.388235 0.093695 0.012711 0.012683
0 0.416536 0.900440 0.012371 0.012094
0 0.484004 0.341699 0.011311 0.011309
0 0.845754 0.288449 0.013522 0.013504
0 0.261718 0.859466 0.012633 0.012509
0 0.679334 0.543972 0.014489 0.014530
0 0.473961 0.260660 0.012572 0.012472
0 0.750551 0.777786 0.013788 0.013878
0 0.723195 0.380761 0.012675 0.012783
0 0.458320 0.959875 0.013035 0.013032
0 0.561819 0.185358 0.012869 0.012867
0 0.023019 0.464130 0.013503 0.013503
0 0.480807 0.584279 0.013515 0.013317
0 0.902036 0.034154 0.012435 0.012317
0 0.543549 0.972890 0.013149 0.012879
0 0.772820 0.702583 0.012489 0.012720
0 0.653340 0.096332 0.013750 0.013754
0 0.398170 0.234992 0.013957 0.013950
0 0.382502 0.513713 0.011919 0.011756
0 0.756057 0.065425 0.011481 0.011321
0 0.612561 0.155560 0.011786 0.011732
0 0.789059 0.042597 0.012670 0.012638
0 0.222939 0.468198 0.012373 0.012521
0 0.320945 0.522883 0.011075 0.011211
0 0.318359 0.038366 0.010942 0.011151
0 0.185898 0.890306 0.013013 0.013050
0 0.805339 0.255091 0.013855 0.013875
0 0.143351 0.555587 0.011867 0.011663
0 0.369984 0.686139 0.013100 0.013162
0 0.923044 0.009904 0.012051 0.012070
0 0.360273 0.528589 0.011868 0.011704
0 0.110040 0.980131 0.014026 0.013960
0 0.087464 0.239904 0.011327 0.011203
0 0.008271 0.733353 0.013286 0.013248
0 0.375196 0.796780 0.012438 0.012519
0 0.473077 0.435868 0.012788 0.012587
0 0.133573 0.850874 0.013368 0.013539
0 0.753250 0.289841 0.013326 0.013315
0 0.634742 0.261146 0.012902 0.012979
0 0.388803 0.666262 0.013834 0.013762
0 0.557489 0.488405 0.010297 0.010185
0 0.321959 0.798631 0.013481 0.013417
0 0.924123 0.498629 0.010410 0.010309
0 0.126120 0.751011 0.010985 0.011171
0 0.550552 0.673200 0.011287 0.010979
0 0.404112 0.556269 0.012618 0.012620
0 0.339820 0.813008 0.009412 0.009296
0 0.813755 0.447361 0.012541 0.012415
0 0.043685 0.834270 0.012055 0.012041
0 0.236995 0.614677 0.012423 0.012327
0 0.118587 0.478938 0.011960 0.011892
0 0.195052 0.163555 0.012396 0.011947
0 0.422220 0.553618 0.014314 0.014335
0 0.279096 0.546723 0.011755 0.011981
0 0.325742 0.555583 0.012153 0.012159
0 0.157640 0.695729 0.012221 0.012102
0 0.871187 0.215211 0.011837 0.011657
0 0.250021 0.175967 0.010482 0.010513
0 0.526078 0.188614 0.014110 0.013975
0 0.606385 0.402007 0.010331 0.010508
0 0.226765 0.647965 0.012080 0.011890
0 0.506040 0.474562 0.018715 0.018748
0 0.788982 0.004920 0.012455 0.009840
0 0.002738 0.226137 0.005453 0.013308
0 0.196357 0.969025 0.013248 0.013222
0 0.751670 0.636298 0.013607 0.013745
0 0.453486 0.455947 0.014068 0.014644
0 0.179792 0.484811 0.011127 0.011236
0 0.441617 0.058226 0.013158 0.013025
0 0.541410 0.004521 0.010893 0.008785
0 0.521541 0.203500 0.010209 0.010207
0 0.519024 0.061190 0.011149 0.010504
0 0.329022 0.862149 0.012189 0.012292
0 0.344731 0.294687 0.024252 0.024817
0 0.137708 0.660932 0.010720 0.010711
0 0.184050 0.775999 0.012114 0.011862
