0 0.141356 0.586710 0.012313 0.012125
0 0.444956 0.823327 0.012412 0.012352
0 0.749263 0.615825 0.012946 0.012742
0 0.956676 0.589624 0.013073 0.013194
0 0.687598 0.862654 0.011662 0.011495
0 0.198834 0.447818 0.013107 0.012823
0 0.316005 0.474198 0.011993 0.011956
0 0.344838 0.299325 0.017275 0.017397
0 0.058425 0.726768 0.012286 0.012181
0 0.785754 0.119422 0.012919 0.012496
0 0.279823 0.195678 0.013985 0.013980
0 0.459333 0.956250 0.013118 0.013155
0 0.826851 0.630623 0.011882 0.011638
0 0.192998 0.190205 0.011996 0.011920
0 0.543924 0.971983 0.013440 0.013219
0 0.574891 0.282791 0.013219 0.013049
0 0.503674 0.441171 0.012875 0.012810
0 0.735324 0.403760 0.009872 0.009751
0 0.450115 0.136267 0.012052 0.011835
0 0.342567 0.639865 0.012381 0.012137
0 0.139999 0.290849 0.012892 0.012749
0 0.545956 0.291542 0.012533 0.012327
0 0.691101 0.441008 0.011491 0.011520
0 0.388284 0.113855 0.013155 0.013044
0 0.853512 0.522867 0.011373 0.011338
0 0.449850 0.341240 0.013602 0.013514
0 0.524960 0.346544 0.012972 0.012763
0 0.246779 0.263261 0.013449 0.013675
0 0.361248 0.485261 0.011698 0.011698
0 0.447482 0.106726 0.012755 0.012798
0 0.757752 0.314482 0.011964 0.011802
0 0.911256 0.543411 0.012673 0.012831
0 0.106531 0.495109 0.013031 0.013287
0 0.903041 0.412105 0.012599 0.012628
0 0.978537 0.593542 0.013232 0.013259
0 0.151231 0.700298 0.012167 0.012380
0 0.686277 0.020590 0.012938 0.012931
0 0.730493 0.783323 0.011159 0.010987
0 0.496424 0.803193 0.012232 0.012232
0 0.803983 0.923695 0.011497 0.011450
0 0.381156 0.647547 0.011313 0.011406
0 0.513431 0.099265 0.012514 0.012716
0 0.111318 0.648392 0.011850 0.011811
0 0.875286 0.728853 0.012164 0.012078
0 0.909482 0.478288 0.012682 0.012597
0 0.936040 0.062091 0.010240 0.010174
0 0.226173 0.649910 0.012287 0.011912
0 0.474262 0.187565 0.011492 0.011349
0 0.145740 0.523375 0.013384 0.013186
0 0.129955 0.839150 0.012601 0.012241
0 0.832585 0.141589 0.012227 0.012142
0 0.548514 0.147935 0.012158 0.012068
0 0.404185 0.285165 0.013885 0.013388
0 0.060255 0.358206 0.011714 0.011474
0 0.084080 0.708054 0.011696 0.011319
0 0.979037 0.369828 0.010028 0.010099
0 0.156269 0.725821 0.011954 0.012027
0 0.248744 0.903763 0.012974 0.012690
0 0.747041 0.992490 0.012063 0.011851
0 0.361304 0.361223 0.012613 0.012560
0 0.433026 0.364309 0.011687 0.011299
0 0.185746 0.889390 0.012646 0.012634
0 0.474053 0.448772 0.011812 0.011808
0 0.182874 0.050103 0.013026 0.013007
0 0.133562 0.804788 0.013383 0.013184
0 0.259426 0.304155 0.012622 0.012194
0 0.109021 0.979869 0.013544 0.013654
0 0.288086 0.626180 0.012980 0.013145
0 0.485262 0.536339 0.012955 0.013027
0 0.021826 0.499749 0.011904 0.011820
0 0.860220 0.005191 0.010490 0.009987
0 0.331981 0.419082 0.010973 0.011151
0 0.333250 0.517664 0.011267 0.011166
0 0.021877 0.282161 0.011928 0.011987
0 0.646586 0.984863 0.012544 0.012608
0 0.103992 0.702127 0.013046 0.012887
0 0.124999 0.512827 0.011816 0.011617
0 0.432947 0.198990 0.014386 0.014047
0 0.847277 0.717032 0.018475 0.017570
0 0.223242 0.466413 0.011835 0.011760
0 0.996666 0.158012 0.006668 0.011806
0 0.997312 0.297899 0.005305 0.011232
0 0.237235 0.416544 0.012488 0.012511
0 0.616770 0.369781 0.012079 0.012102
0 0.033645 0.691028 0.011842 0.011337
0 0.637859 0.612540 0.011465 0.011319
0 0.965461 0.484784 0.009328 0.009410
0 0.085586 0.162616 0.010879 0.011009
0 0.659851 0.782290 0.010105 0.009663
0 0.442490 0.057830 0.012479 0.012656
0 0.530187 0.636145 0.022206 0.022545
0 0.745801 0.332158 0.011825 0.011360
0 0.775218 0.004372 0.012316 0.008744
0 0.296758 0.784635 0.011045 0.010876
