0 0.168088 0.727580 0.014062 0.013831
0 0.558029 0.296458 0.013482 0.013416
0 0.786909 0.115899 0.012854 0.012651
0 0.162622 0.557128 0.013502 0.013370
0 0.513071 0.334852 0.012627 0.012329
0 0.948510 0.586799 0.013124 0.013315
0 0.593796 0.305692 0.012680 0.012659
0 0.461536 0.089476 0.013485 0.013547
0 0.508944 0.125802 0.012827 0.012700
0 0.238305 0.382245 0.010793 0.010825
0 0.139468 0.289623 0.013150 0.013080
0 0.194121 0.755799 0.012743 0.012766
0 0.156420 0.208194 0.013811 0.013692
0 0.145098 0.595665 0.012284 0.012113
0 0.408721 0.153046 0.013988 0.013940
0 0.448337 0.516836 0.013512 0.013605
0 0.440486 0.415255 0.012067 0.011829
0 0.502368 0.315633 0.012656 0.012555
0 0.038372 0.387142 0.011209 0.010999
0 0.459677 0.957505 0.013523 0.013462
0 0.749037 0.615349 0.013130 0.013126
0 0.938470 0.447351 0.011176 0.011134
0 0.071594 0.750263 0.012947 0.012991
0 0.256863 0.491544 0.011374 0.011331
0 0.164914 0.483134 0.012027 0.012099
0 0.334695 0.407774 0.011285 0.011179
0 0.036526 0.727065 0.013824 0.013748
0 0.375736 0.103714 0.013198 0.013171
0 0.518034 0.935266 0.012893 0.012740
0 0.845723 0.718084 0.017180 0.016538
0 0.287184 0.189267 0.013145 0.013121
0 0.501156 0.787520 0.012416 0.012356
0 0.751917 0.961386 0.012651 0.012722
0 0.488582 0.211865 0.012331 0.012396
0 0.678496 0.027933 0.012269 0.012212
0 0.311580 0.299763 0.013211 0.013206
0 0.770963 0.492775 0.012336 0.011886
0 0.772707 0.778640 0.012705 0.012579
0 0.525397 0.347267 0.012990 0.012989
0 0.137092 0.561329 0.010610 0.010541
0 0.502920 0.613599 0.013361 0.013403
0 0.983581 0.364226 0.009636 0.009456
0 0.344530 0.296876 0.021323 0.021316
0 0.855545 0.845966 0.010674 0.010558
0 0.405861 0.253643 0.012121 0.012203
0 0.670059 0.977731 0.012844 0.012727
0 0.252084 0.391578 0.012285 0.011847
0 0.797771 0.582675 0.012445 0.012612
0 0.128702 0.672152 0.011831 0.011315
0 0.785174 0.730779 0.018342 0.017771
0 0.592045 0.945617 0.013340 0.013396
0 0.227028 0.649164 0.012381 0.011891
0 0.223431 0.466446 0.012016 0.011940
0 0.543576 0.972564 0.013361 0.013039
0 0.190692 0.889990 0.012324 0.012635
0 0.146454 0.024091 0.011641 0.011743
0 0.713430 0.431455 0.011735 0.011637
0 0.147848 0.471802 0.013892 0.013481
0 0.474953 0.127797 0.011913 0.012461
0 0.240339 0.816409 0.012085 0.012213
0 0.633593 0.085305 0.016484 0.015937
0 0.804670 0.786418 0.013209 0.013391
0 0.332057 0.517368 0.011493 0.011349
0 0.318373 0.689152 0.012320 0.012178
0 0.731568 0.331798 0.011467 0.011646
0 0.525039 0.231827 0.012345 0.012153
0 0.854252 0.444818 0.012579 0.012741
0 0.892692 0.191976 0.010810 0.010733
0 0.316454 0.689469 0.011292 0.011338
0 0.036042 0.502047 0.011293 0.011355
0 0.740945 0.702414 0.007876 0.007912
0 0.109937 0.979458 0.013070 0.013324
0 0.530167 0.636897 0.022048 0.022267
0 0.701172 0.821511 0.018686 0.018296
0 0.736174 0.416118 0.010423 0.010775
0 0.134568 0.791407 0.011110 0.010863
0 0.450168 0.213067 0.017074 0.017076
0 0.924169 0.141139 0.014025 0.013488
0 0.503684 0.859364 0.010176 0.010070
