0 0.286983 0.151205 0.013581 0.013356
0 0.594803 0.537192 0.012643 0.012675
0 0.726887 0.563666 0.013161 0.013070
0 0.125082 0.539046 0.012366 0.012369
0 0.446767 0.357204 0.013809 0.013694
0 0.639287 0.242948 0.013187 0.013081
0 0.709491 0.499075 0.013434 0.013487
0 0.580224 0.366647 0.013132 0.013034
0 0.602095 0.066730 0.012387 0.012413
0 0.552909 0.027890 0.012965 0.012971
0 0.535521 0.092005 0.014001 0.013909
0 0.386529 0.055398 0.013706 0.013952
0 0.869908 0.281969 0.013462 0.013321
0 0.356882 0.099853 0.013946 0.013780
0 0.222139 0.470286 0.012345 0.012312
0 0.171379 0.032380 0.013397 0.013344
0 0.432419 0.266706 0.011736 0.011746
0 0.747587 0.619390 0.013494 0.013393
0 0.359558 0.206804 0.013490 0.013576
0 0.837971 0.040367 0.013265 0.013330
0 0.868199 0.440095 0.013872 0.013915
0 0.888556 0.720828 0.012497 0.012445
0 0.416647 0.487376 0.014189 0.014575
0 0.752976 0.162039 0.013659 0.013691
0 0.419162 0.043608 0.013789 0.013833
0 0.107134 0.059162 0.012141 0.012198
0 0.455350 0.962677 0.013846 0.013695
0 0.514388 0.557894 0.012172 0.012263
0 0.526308 0.212810 0.012227 0.012103
0 0.462144 0.047590 0.012329 0.012239
0 0.299085 0.337601 0.013297 0.013459
0 0.606667 0.507470 0.013323 0.013486
0 0.270172 0.053678 0.012053 0.011932
0 0.068701 0.368148 0.014334 0.014252
0 0.778414 0.126976 0.014035 0.014300
0 0.332417 0.573974 0.012579 0.012494
0 0.690049 0.972399 0.013515 0.013403
0 0.215776 0.596811 0.012667 0.012398
0 0.811651 0.019786 0.013491 0.013384
0 0.884845 0.575629 0.013565 0.013531
0 0.141594 0.490849 0.013166 0.013062
0 0.177269 0.920527 0.011841 0.011823
0 0.181933 0.318041 0.012288 0.012351
0 0.660030 0.031246 0.013763 0.013527
0 0.330935 0.519400 0.012506 0.012411
0 0.194171 0.165036 0.012972 0.013099
0 0.470758 0.449905 0.012156 0.011929
0 0.226139 0.651889 0.012860 0.012609
0 0.634226 0.511678 0.012931 0.012888
0 0.269138 0.141915 0.010747 0.010479
0 0.595332 0.005459 0.012314 0.010918
0 0.517646 0.370601 0.012270 0.012426
0 0.539541 0.688616 0.013331 0.013294
0 0.023349 0.417020 0.012745 0.012674
0 0.549495 0.452536 0.012551 0.012493
0 0.544741 0.974664 0.013206 0.012897
0 0.267249 0.586293 0.012361 0.012251
0 0.826601 0.704818 0.014246 0.014083
0 0.227045 0.252459 0.011985 0.012402
0 0.204396 0.748149 0.012734 0.012813
0 0.815944 0.252615 0.011954 0.012022
0 0.712612 0.233449 0.013777 0.013693
0 0.412593 0.645919 0.013437 0.013357
0 0.507296 0.391357 0.012133 0.012059
0 0.722765 0.133554 0.012144 0.012283
0 0.301069 0.976410 0.012732 0.012743
0 0.097823 0.559287 0.011764 0.011883
0 0.369350 0.668781 0.013412 0.013117
0 0.254332 0.150983 0.011407 0.011401
0 0.241763 0.931735 0.012763 0.012599
0 0.096965 0.135308 0.011587 0.011660
0 0.588181 0.679754 0.013053 0.012878
0 0.887503 0.963941 0.012460 0.012518
0 0.450727 0.112923 0.012164 0.012093
0 0.075763 0.250342 0.011589 0.011072
0 0.188132 0.428544 0.012548 0.012461
0 0.754592 0.800449 0.013403 0.013706
0 0.495048 0.544713 0.014055 0.014146
0 0.935572 0.358018 0.012858 0.012697
0 0.125247 0.957391 0.012369 0.012247
0 0.612443 0.922072 0.012101 0.012281
0 0.551275 0.288377 0.011516 0.011391
0 0.404104 0.579400 0.013235 0.013435
0 0.539458 0.280900 0.012087 0.012154
0 0.915390 0.903939 0.012408 0.012306
0 0.005421 0.717784 0.010841 0.013404
0 0.108162 0.981594 0.013110 0.013261
0 0.950795 0.339896 0.012761 0.012680
0 0.944183 0.109784 0.012731 0.012568
0 0.184711 0.891525 0.013023 0.012983
0 0.343794 0.288465 0.020046 0.020014
0 0.848003 0.711073 0.021879 0.021435
0 0.016396 0.236357 0.010952 0.010795
0 0.511271 0.511943 0.010873 0.010778
0 0.439389 0.818793 0.012700 0.012378
0 0.145231 0.819777 0.013318 0.013364
0 0.641037 0.439703 0.013816 0.013883
0 0.512076 0.331810 0.012796 0.013110
0 0.710437 0.726714 0.011963 0.011800
0 0.472684 0.060911 0.012706 0.013267
0 0.524750 0.348843 0.012333 0.012102
0 0.787644 0.005685 0.013033 0.011176
0 0.949130 0.188100 0.010963 0.011112
0 0.984484 0.292846 0.011361 0.011387
0 0.324862 0.368532 0.009564 0.009265
0 0.819340 0.321650 0.012762 0.012960
0 0.874739 0.798178 0.012145 0.012142
0 0.919632 0.137051 0.019767 0.018866
0 0.004031 0.865405 0.008018 0.012579
0 0.334892 0.273761 0.010817 0.010816
0 0.822285 0.185263 0.012340 0.012242
0 0.402901 0.965677 0.011602 0.011798
0 0.549014 0.286572 0.012943 0.011267
0 0.950277 0.186699 0.010863 0.010886
0 0.005232 0.317179 0.010298 0.011432
