0 0.572183 0.253504 0.012465 0.012299
0 0.647123 0.439571 0.012938 0.012814
0 0.524545 0.565034 0.013092 0.012935
0 0.648842 0.628806 0.013815 0.013636
0 0.417591 0.527461 0.012286 0.012212
0 0.260777 0.185635 0.012555 0.012490
0 0.653163 0.584573 0.012028 0.012136
0 0.462260 0.466921 0.012830 0.012713
0 0.525176 0.583568 0.012898 0.012666
0 0.575570 0.736240 0.012000 0.011744
0 0.507162 0.449982 0.011832 0.011641
0 0.347221 0.386047 0.012690 0.012685
0 0.278819 0.436392 0.012176 0.011987
0 0.758028 0.564246 0.012050 0.011964
0 0.857611 0.284011 0.013011 0.013034
0 0.905923 0.381939 0.012550 0.012410
0 0.503559 0.732961 0.013273 0.013247
0 0.812134 0.421784 0.013901 0.013543
0 0.511859 0.656721 0.012645 0.012683
0 0.818906 0.213810 0.013199 0.013174
0 0.395676 0.445718 0.014006 0.013877
0 0.624519 0.780770 0.013109 0.012949
0 0.132189 0.254756 0.012500 0.012415
0 0.067481 0.804177 0.012830 0.012753
0 0.033355 0.593338 0.013885 0.013831
0 0.097102 0.307735 0.012795 0.012988
0 0.854169 0.163697 0.011547 0.011546
0 0.587378 0.127035 0.012667 0.012576
0 0.785046 0.053484 0.012988 0.012760
0 0.173575 0.188166 0.012748 0.012825
0 0.314316 0.485986 0.012229 0.012296
0 0.295241 0.558947 0.012028 0.012015
0 0.188580 0.615349 0.011755 0.011979
0 0.979537 0.177193 0.013570 0.013514
0 0.929603 0.050310 0.011525 0.011562
0 0.034350 0.649152 0.012902 0.012843
0 0.757657 0.973928 0.013361 0.013285
0 0.775656 0.108427 0.013759 0.013567
0 0.148316 0.671638 0.012311 0.012302
0 0.952171 0.697946 0.012606 0.012679
0 0.539084 0.221870 0.011799 0.011791
0 0.560239 0.159186 0.013339 0.013320
0 0.532386 0.348038 0.013011 0.012847
0 0.463115 0.099708 0.012275 0.012434
0 0.365043 0.590470 0.014192 0.014063
0 0.471093 0.434490 0.014064 0.013837
0 0.904765 0.074736 0.012113 0.012050
0 0.494609 0.932261 0.014095 0.014089
0 0.617166 0.558931 0.012422 0.012331
0 0.659413 0.085638 0.012311 0.012226
0 0.128093 0.216205 0.011812 0.011641
0 0.437691 0.740523 0.012836 0.012809
0 0.430441 0.211080 0.013950 0.013818
0 0.778304 0.764426 0.013560 0.013546
0 0.890738 0.358454 0.013726 0.013928
0 0.878910 0.975516 0.013865 0.013866
0 0.030725 0.721650 0.013915 0.013815
0 0.740867 0.916442 0.012579 0.012623
0 0.903557 0.541719 0.013251 0.013238
0 0.867175 0.107182 0.011581 0.011350
0 0.251390 0.496801 0.012581 0.012463
0 0.953302 0.400233 0.013380 0.013300
0 0.121721 0.654402 0.011675 0.011685
0 0.469898 0.688795 0.012316 0.012792
0 0.652824 0.483027 0.011890 0.012148
0 0.017130 0.340322 0.014171 0.013982
0 0.371952 0.327946 0.013768 0.013807
0 0.361444 0.873746 0.012661 0.012594
0 0.818855 0.553222 0.012664 0.012584
0 0.882599 0.119322 0.009399 0.009480
0 0.686226 0.271543 0.012902 0.012712
0 0.877559 0.704693 0.012524 0.012552
0 0.010521 0.531358 0.012328 0.012324
0 0.146776 0.211793 0.013180 0.013347
0 0.936078 0.854090 0.013846 0.013979
0 0.751051 0.438574 0.011471 0.011445
0 0.767211 0.530354 0.012616 0.012523
0 0.716803 0.643158 0.011661 0.011601
0 0.758054 0.875141 0.012981 0.012870
0 0.318525 0.348320 0.012615 0.012680
0 0.296038 0.202514 0.012114 0.011790
0 0.048842 0.905347 0.011835 0.011966
0 0.888271 0.589145 0.012072 0.012028
0 0.708135 0.784973 0.012112 0.011969
0 0.922351 0.543625 0.012318 0.012388
0 0.733551 0.621763 0.013523 0.013421
0 0.584530 0.946217 0.014769 0.014720
0 0.838446 0.908408 0.013442 0.013546
0 0.965441 0.605123 0.011373 0.010842
0 0.421247 0.772050 0.014055 0.013491
0 0.220414 0.440128 0.014042 0.013806
0 0.994526 0.618098 0.010947 0.012717
0 0.981350 0.052105 0.010019 0.009801
0 0.840859 0.668818 0.011907 0.012101
0 0.667924 0.039578 0.010693 0.010603
0 0.982834 0.513362 0.014747 0.013904
0 0.941872 0.020743 0.010623 0.010801
0 0.269098 0.833496 0.012834 0.013026
0 0.096485 0.547974 0.011611 0.011689
0 0.780792 0.518172 0.010991 0.011176
0 0.349552 0.290854 0.024235 0.024653
0 0.536239 0.625567 0.021154 0.021136
0 0.519479 0.301128 0.012628 0.012294
0 0.201336 0.607167 0.012376 0.012181
0 0.273031 0.973529 0.012556 0.012574
0 0.673410 0.336972 0.012263 0.012524
0 0.209270 0.004501 0.011924 0.009002
0 0.185682 0.002334 0.011123 0.004667
0 0.106183 0.780206 0.010831 0.010682
0 0.063204 0.361957 0.013638 0.013559
0 0.960323 0.205782 0.012546 0.012744
0 0.807413 0.254941 0.012218 0.012155
0 0.267070 0.658873 0.013535 0.013606
0 0.365690 0.957707 0.014079 0.013988
0 0.909325 0.922909 0.011702 0.011740
0 0.001849 0.844438 0.003660 0.011780
0 0.997364 0.182585 0.005252 0.010505
0 0.867723 0.569835 0.011260 0.011621
0 0.851063 0.543751 0.011490 0.011468
0 0.062570 0.360181 0.012784 0.012714
0 0.271653 0.933055 0.011905 0.011951
0 0.817824 0.724093 0.011844 0.011563
0 0.210480 0.003449 0.012160 0.006868
0 0.075387 0.930056 0.011239 0.011556
0 0.350039 0.905630 0.012902 0.013023
0 0.207719 0.005086 0.011423 0.010098
0 0.230281 0.458710 0.011644 0.011717
0 0.900677 0.998220 0.010793 0.003516
0 0.185911 0.003199 0.012088 0.006321
0 0.221349 0.922603 0.012193 0.012065
0 0.817157 0.725659 0.012263 0.011929
0 0.061720 0.358233 0.012120 0.012407
0 0.542958 0.617329 0.011655 0.011331
