0 0.237535 0.060390 0.012827 0.012708
0 0.114739 0.387816 0.012248 0.012282
0 0.662207 0.090643 0.012487 0.012414
0 0.623986 0.536105 0.012481 0.012465
0 0.691805 0.433625 0.012710 0.012700
0 0.384513 0.282771 0.012696 0.012466
0 0.531752 0.386801 0.012438 0.012493
0 0.040016 0.376578 0.012495 0.012346
0 0.903258 0.541760 0.012863 0.012849
0 0.718360 0.713310 0.012356 0.012121
0 0.800974 0.424330 0.011752 0.011623
0 0.951520 0.244334 0.012724 0.012864
0 0.551302 0.525623 0.014430 0.014500
0 0.942648 0.848632 0.013056 0.013058
0 0.259110 0.768706 0.011501 0.011471
0 0.278857 0.436362 0.012220 0.012083
0 0.243465 0.444920 0.013825 0.013740
0 0.922944 0.790303 0.012523 0.012526
0 0.202032 0.475041 0.013065 0.012991
0 0.705788 0.555418 0.012519 0.012575
0 0.444682 0.120054 0.013623 0.013586
0 0.960960 0.621301 0.011738 0.011271
0 0.903537 0.073264 0.011490 0.011458
0 0.773328 0.102286 0.013406 0.013220
0 0.430814 0.211950 0.012678 0.012735
0 0.431380 0.146888 0.012962 0.012732
0 0.930345 0.240593 0.013236 0.013064
0 0.319229 0.936112 0.014128 0.014047
0 0.356652 0.360837 0.013039 0.013079
0 0.780850 0.791813 0.013049 0.013120
0 0.361946 0.426006 0.013743 0.013630
0 0.301744 0.952174 0.012467 0.012740
0 0.514060 0.741704 0.013642 0.013559
0 0.896736 0.474026 0.011889 0.011792
0 0.575856 0.199707 0.013198 0.013175
0 0.756012 0.695636 0.012539 0.012473
0 0.229601 0.133002 0.012639 0.012621
0 0.082795 0.730116 0.012805 0.012749
0 0.734859 0.622420 0.014322 0.014222
0 0.088573 0.929333 0.012054 0.011730
0 0.681171 0.959202 0.012870 0.012705
0 0.076999 0.187990 0.012587 0.012439
0 0.511743 0.465720 0.014228 0.013971
0 0.681348 0.307628 0.012494 0.012332
0 0.263542 0.275232 0.013304 0.013306
0 0.484561 0.727964 0.012485 0.012446
0 0.863598 0.225464 0.012911 0.013003
0 0.687652 0.266738 0.012457 0.012287
0 0.231636 0.549484 0.013261 0.013434
0 0.387576 0.973798 0.012958 0.012735
0 0.867509 0.108423 0.011861 0.011736
0 0.889169 0.587597 0.012405 0.012292
0 0.660841 0.608115 0.013303 0.013367
0 0.383882 0.678356 0.014263 0.014199
0 0.881637 0.819988 0.012004 0.012025
0 0.213106 0.610762 0.013735 0.013603
0 0.168450 0.197273 0.012179 0.012389
0 0.691604 0.015915 0.012931 0.012797
0 0.053841 0.768773 0.013024 0.013107
0 0.641282 0.671726 0.014163 0.014121
0 0.456365 0.605218 0.013248 0.013325
0 0.093305 0.354171 0.013946 0.013940
0 0.030501 0.812954 0.012214 0.012315
0 0.883596 0.118196 0.009505 0.009343
0 0.182019 0.620435 0.012706 0.012501
0 0.528006 0.580514 0.013824 0.013786
0 0.603309 0.128713 0.012232 0.012204
0 0.230568 0.813781 0.012832 0.013194
0 0.938067 0.048377 0.012577 0.012452
0 0.567560 0.822726 0.013541 0.013398
0 0.615746 0.254965 0.011744 0.011907
0 0.838715 0.386551 0.011407 0.011012
0 0.290053 0.786195 0.012620 0.012621
0 0.108360 0.927654 0.011774 0.011408
0 0.385905 0.522979 0.014445 0.014342
0 0.884252 0.246991 0.012637 0.012673
0 0.425714 0.344590 0.014334 0.014406
0 0.343123 0.894064 0.011750 0.011786
0 0.477514 0.104931 0.013293 0.013303
0 0.357404 0.752725 0.012885 0.012875
0 0.717903 0.070657 0.012611 0.012748
0 0.950136 0.698569 0.012759 0.012656
0 0.734983 0.346406 0.014421 0.014417
0 0.342938 0.730233 0.012735 0.012733
0 0.152987 0.390395 0.011944 0.012170
0 0.707383 0.861733 0.012612 0.012852
0 0.637045 0.973899 0.015141 0.014916
0 0.649925 0.580726 0.012268 0.012245
0 0.163915 0.867643 0.012512 0.012588
0 0.820007 0.047162 0.012636 0.012222
0 0.103667 0.647330 0.013094 0.012984
0 0.463103 0.365482 0.013532 0.013468
0 0.275460 0.995137 0.011085 0.009674
0 0.670114 0.904416 0.012395 0.012163
0 0.768102 0.533449 0.012826 0.012435
0 0.038642 0.850014 0.011400 0.011512
0 0.438553 0.922509 0.013673 0.013865
0 0.196379 0.742928 0.013025 0.012995
0 0.350274 0.291215 0.024210 0.024529
0 0.975777 0.039960 0.009627 0.009538
0 0.900651 0.994181 0.012302 0.011571
0 0.908676 0.926253 0.012084 0.012317
0 0.435847 0.454984 0.012801 0.012801
0 0.982786 0.512827 0.014429 0.013545
0 0.004719 0.848476 0.009168 0.010332
0 0.464468 0.846726 0.013133 0.013058
0 0.533652 0.629445 0.021807 0.021656
0 0.517737 0.616188 0.015123 0.015183
0 0.774706 0.424443 0.010131 0.009748
0 0.796648 0.881887 0.013000 0.013309
0 0.002932 0.927071 0.005806 0.011180
0 0.976708 0.466251 0.011400 0.011452
0 0.869458 0.570216 0.011620 0.011639
0 0.003664 0.911003 0.007327 0.010721
0 0.804300 0.539990 0.010628 0.010621
0 0.877994 0.975840 0.013448 0.013545
0 0.848359 0.705531 0.020778 0.020520
0 0.850497 0.543857 0.011530 0.011285
0 0.637492 0.079994 0.022798 0.023125
0 0.835167 0.518244 0.009460 0.008848
0 0.998216 0.218372 0.003562 0.013092
0 0.736918 0.853172 0.013352 0.013400
0 0.870036 0.709541 0.010121 0.010215
0 0.797715 0.487824 0.012070 0.012025
0 0.865134 0.541855 0.009760 0.009666
