0 0.202525 0.075527 0.012686 0.012453
0 0.220184 0.714860 0.013796 0.014165
0 0.735934 0.921146 0.013690 0.013526
0 0.196795 0.756938 0.012091 0.011981
0 0.500705 0.883579 0.012478 0.012119
0 0.339681 0.399720 0.012033 0.012061
0 0.559503 0.329585 0.014113 0.013928
0 0.303322 0.068381 0.012301 0.012225
0 0.497617 0.332060 0.011667 0.011637
0 0.026529 0.204668 0.011735 0.011686
0 0.155227 0.673140 0.012280 0.012260
0 0.363662 0.575183 0.012881 0.013249
0 0.267354 0.687232 0.012547 0.012704
0 0.034095 0.495633 0.013306 0.013396
0 0.051321 0.628186 0.011487 0.011446
0 0.141151 0.069851 0.011483 0.011368
0 0.410620 0.286359 0.012522 0.012339
0 0.407809 0.920055 0.011938 0.011954
0 0.183365 0.863101 0.012118 0.012099
0 0.034721 0.691022 0.011509 0.011435
0 0.871975 0.711843 0.011756 0.011467
0 0.457374 0.956451 0.012072 0.012201
0 0.518771 0.860855 0.012118 0.011956
0 0.753684 0.642366 0.012048 0.012183
0 0.046117 0.324970 0.011227 0.011039
0 0.227062 0.648689 0.012143 0.012040
0 0.690145 0.970653 0.013383 0.013556
0 0.468438 0.733618 0.012270 0.012646
0 0.404543 0.301881 0.013300 0.013372
0 0.229953 0.922040 0.011870 0.011922
0 0.627670 0.616253 0.013852 0.013675
0 0.339710 0.156461 0.011776 0.011923
0 0.541786 0.973556 0.011836 0.011541
0 0.581469 0.422291 0.011423 0.011154
0 0.102490 0.908922 0.011179 0.010962
0 0.490954 0.740477 0.012072 0.012012
0 0.711679 0.545831 0.011035 0.010789
0 0.779798 0.256947 0.012280 0.012088
0 0.484779 0.443719 0.010797 0.010867
0 0.800975 0.480816 0.010546 0.010386
0 0.347121 0.204712 0.013083 0.013218
0 0.117568 0.994773 0.013563 0.010421
0 0.207285 0.905421 0.011826 0.011917
0 0.105401 0.967620 0.012665 0.012671
0 0.247222 0.401572 0.011776 0.011696
0 0.307999 0.516343 0.012186 0.011845
0 0.566527 0.247786 0.010872 0.010841
0 0.822894 0.959765 0.013168 0.012918
0 0.938465 0.870191 0.011131 0.011340
0 0.376376 0.361341 0.012103 0.012172
0 0.446271 0.794567 0.011603 0.011633
0 0.805864 0.349426 0.013123 0.013260
0 0.523774 0.346385 0.012392 0.012395
0 0.691229 0.109045 0.011981 0.011843
0 0.011499 0.318532 0.011653 0.011722
0 0.066081 0.453341 0.011549 0.011637
0 0.184175 0.127379 0.011303 0.011532
0 0.845156 0.717200 0.017280 0.017087
0 0.531194 0.636056 0.020677 0.020873
0 0.602102 0.115052 0.011983 0.012317
0 0.344851 0.297467 0.022512 0.022245
0 0.681117 0.006699 0.012055 0.012229
0 0.450427 0.213044 0.016498 0.016173
0 0.761017 0.048090 0.012772 0.012522
0 0.662098 0.133652 0.012315 0.012323
0 0.117432 0.543968 0.011403 0.011404
0 0.784980 0.731743 0.015687 0.015544
0 0.739062 0.760918 0.010983 0.010819
0 0.009122 0.548306 0.010656 0.010570
0 0.748499 0.616392 0.011761 0.011427
