0 0.768487 0.065376 0.012550 0.012486
0 0.268891 0.237634 0.013068 0.013046
0 0.063727 0.353782 0.012726 0.012776
0 0.872621 0.355054 0.011712 0.011510
0 0.549339 0.172473 0.012970 0.012858
0 0.316104 0.393192 0.013156 0.013106
0 0.951725 0.376078 0.011143 0.010853
0 0.943636 0.306213 0.013605 0.013541
0 0.101200 0.369816 0.012093 0.012123
0 0.929496 0.041273 0.011677 0.011610
0 0.274836 0.580304 0.013037 0.012723
0 0.188878 0.621963 0.011942 0.012110
0 0.387113 0.965880 0.012475 0.012574
0 0.811937 0.186190 0.012867 0.012955
0 0.470477 0.755674 0.012738 0.012572
0 0.699699 0.578206 0.012560 0.012491
0 0.675576 0.273836 0.012949 0.012918
0 0.501770 0.420568 0.012309 0.012358
0 0.467282 0.101646 0.012725 0.012798
0 0.717962 0.699425 0.014311 0.014162
0 0.229060 0.524888 0.012936 0.012909
0 0.394523 0.877414 0.013170 0.013127
0 0.911951 0.713934 0.012882 0.012798
0 0.648745 0.578704 0.012147 0.012013
0 0.467298 0.683507 0.012952 0.012873
0 0.627507 0.130310 0.012819 0.012868
0 0.537717 0.728374 0.012646 0.012493
0 0.279476 0.437038 0.012275 0.011986
0 0.520366 0.360168 0.013304 0.013356
0 0.047455 0.613689 0.013153 0.013094
0 0.326402 0.240984 0.012785 0.012773
0 0.489622 0.604934 0.012730 0.012867
0 0.235255 0.460912 0.013161 0.013047
0 0.300492 0.557943 0.013412 0.013371
0 0.196254 0.708422 0.012544 0.012712
0 0.472477 0.821060 0.013219 0.013243
0 0.585319 0.519011 0.013634 0.013509
0 0.607755 0.948659 0.013534 0.013513
0 0.696188 0.839442 0.012605 0.012494
0 0.631904 0.672120 0.013723 0.013659
0 0.582019 0.170099 0.011846 0.011772
0 0.888830 0.588401 0.012248 0.012133
0 0.730845 0.445704 0.012490 0.012544
0 0.149070 0.188385 0.013066 0.013093
0 0.448946 0.282879 0.012785 0.012832
0 0.796508 0.401559 0.014057 0.013911
0 0.523721 0.558928 0.013235 0.013306
0 0.550610 0.832613 0.012329 0.012450
0 0.513345 0.960266 0.013984 0.014198
0 0.651867 0.435536 0.012770 0.012705
0 0.475733 0.521566 0.012517 0.012636
0 0.444868 0.689965 0.013113 0.013203
0 0.843972 0.202299 0.012466 0.012317
0 0.054876 0.701636 0.013425 0.013194
0 0.387838 0.589983 0.013513 0.013335
0 0.490004 0.371700 0.012827 0.012886
0 0.493568 0.468435 0.013939 0.013794
0 0.456920 0.190114 0.014322 0.014306
0 0.660085 0.082635 0.012769 0.012834
0 0.385284 0.369135 0.013212 0.013251
0 0.271879 0.655846 0.012104 0.012117
0 0.869312 0.108120 0.012434 0.012074
0 0.437972 0.417617 0.013263 0.013484
0 0.770006 0.254169 0.013139 0.013189
0 0.776287 0.104221 0.012882 0.012689
0 0.733883 0.622842 0.014542 0.014434
0 0.949094 0.637881 0.012521 0.012466
0 0.883708 0.118963 0.009563 0.009412
0 0.434475 0.301887 0.014944 0.015158
0 0.605678 0.748165 0.012119 0.012187
0 0.937176 0.846300 0.012949 0.013075
0 0.745657 0.600538 0.012721 0.012974
0 0.111945 0.190871 0.012460 0.012454
0 0.017039 0.745627 0.013725 0.013626
0 0.533169 0.601228 0.013954 0.013897
0 0.010509 0.409832 0.014632 0.014685
0 0.044432 0.813896 0.012588 0.012515
0 0.839985 0.808726 0.012671 0.012709
0 0.795260 0.767049 0.013720 0.013794
0 0.903528 0.074611 0.011453 0.011233
0 0.245854 0.448765 0.014287 0.014155
0 0.094125 0.345095 0.014638 0.014937
0 0.268729 0.939545 0.010352 0.010218
0 0.417658 0.906671 0.012297 0.012242
0 0.966095 0.609142 0.011431 0.010999
0 0.929449 0.658553 0.013075 0.013078
0 0.710016 0.882026 0.013335 0.013346
0 0.768113 0.533922 0.013274 0.012980
0 0.406546 0.714641 0.011583 0.011914
0 0.911980 0.550201 0.011527 0.011586
0 0.349863 0.291113 0.024123 0.024502
0 0.975057 0.042125 0.010099 0.009976
0 0.765623 0.854453 0.012506 0.012416
0 0.537824 0.952501 0.012676 0.012516
0 0.983227 0.513309 0.014316 0.013546
0 0.932783 0.009197 0.010876 0.010823
0 0.752326 0.435738 0.011476 0.011345
0 0.818698 0.960078 0.012197 0.012280
0 0.143726 0.948970 0.011473 0.011472
0 0.041414 0.905038 0.011943 0.011931
0 0.868900 0.570492 0.011239 0.011371
0 0.131988 0.770079 0.012956 0.012926
0 0.878464 0.977103 0.012624 0.012679
0 0.337372 0.825405 0.011956 0.012160
0 0.285231 0.665333 0.013529 0.013532
0 0.901293 0.997541 0.011245 0.004869
0 0.911580 0.925674 0.011589 0.011499
0 0.534756 0.628392 0.022232 0.022098
0 0.803801 0.539874 0.010686 0.010592
0 0.778725 0.387570 0.011333 0.011495
0 0.074330 0.917239 0.012098 0.011938
0 0.956811 0.985053 0.012832 0.012518
0 0.179776 0.990860 0.011369 0.011402
0 0.088257 0.927899 0.011249 0.011029
0 0.244566 0.450108 0.013938 0.014198
0 0.906648 0.217845 0.012762 0.012658
0 0.850281 0.544623 0.010761 0.010666
