0 0.042621 0.802635 0.012359 0.012066
0 0.125779 0.064364 0.012357 0.012240
0 0.186441 0.888902 0.013445 0.013316
0 0.070041 0.347350 0.012099 0.012116
0 0.087341 0.160438 0.010734 0.010755
0 0.394766 0.938644 0.013419 0.013470
0 0.926047 0.625397 0.012977 0.012782
0 0.231540 0.787321 0.013432 0.013244
0 0.132838 0.861694 0.012153 0.011896
0 0.706027 0.411983 0.012924 0.012884
0 0.205259 0.154446 0.012135 0.011981
0 0.158649 0.244026 0.011693 0.011814
0 0.110171 0.979700 0.013534 0.013464
0 0.216661 0.718923 0.013126 0.012917
0 0.509461 0.777086 0.012063 0.012014
0 0.434473 0.307497 0.011151 0.011095
0 0.062949 0.249104 0.010998 0.010795
0 0.521867 0.218065 0.008964 0.008633
0 0.673755 0.364090 0.011647 0.011952
0 0.896155 0.678823 0.011352 0.011337
0 0.473988 0.293389 0.012459 0.012784
0 0.065002 0.914380 0.013691 0.013831
0 0.172211 0.954561 0.013573 0.013580
0 0.305921 0.468061 0.011935 0.011850
0 0.166783 0.692759 0.012204 0.012153
0 0.749178 0.616260 0.012007 0.011876
0 0.708889 0.946331 0.012916 0.012873
0 0.261140 0.172714 0.012246 0.012087
0 0.453805 0.958439 0.011537 0.011476
0 0.246321 0.399306 0.012110 0.012369
0 0.619108 0.748501 0.012595 0.012698
0 0.070916 0.573487 0.014448 0.014233
0 0.870299 0.626557 0.011178 0.011315
0 0.304113 0.274932 0.012430 0.011958
0 0.225566 0.649332 0.012321 0.012175
0 0.460772 0.532292 0.013265 0.013031
0 0.350527 0.737054 0.012270 0.012328
0 0.017018 0.568603 0.013948 0.013969
0 0.524948 0.346439 0.012304 0.012087
0 0.848175 0.718245 0.018924 0.018477
0 0.543982 0.880330 0.010953 0.010770
0 0.408728 0.104509 0.011806 0.012054
0 0.530655 0.636552 0.021182 0.021512
0 0.266524 0.719808 0.012898 0.012820
0 0.468971 0.713047 0.010977 0.010952
0 0.003750 0.746413 0.007483 0.011650
0 0.065865 0.452971 0.011830 0.011964
0 0.594417 0.323124 0.012194 0.012538
0 0.542747 0.973667 0.011500 0.011420
0 0.165228 0.968336 0.012111 0.012167
0 0.556262 0.306201 0.010484 0.010392
0 0.593810 0.445179 0.012576 0.012379
0 0.680512 0.011933 0.012816 0.012775
0 0.955630 0.808213 0.011149 0.011175
0 0.702329 0.822439 0.019261 0.019162
0 0.223211 0.466935 0.011649 0.011911
0 0.344253 0.297341 0.021913 0.021669
0 0.634219 0.085297 0.015392 0.015126
0 0.454552 0.243721 0.012086 0.012386
0 0.178860 0.534208 0.012609 0.013005
0 0.781575 0.031524 0.011595 0.011658
0 0.007344 0.548170 0.011409 0.011474
0 0.133729 0.879771 0.011271 0.011404
0 0.252386 0.658717 0.010301 0.009848
0 0.801560 0.138820 0.010317 0.010343
0 0.658308 0.753403 0.011244 0.011298
0 0.209652 0.009639 0.010914 0.011734
0 0.793306 0.539023 0.011315 0.011010
