0 0.933772 0.354144 0.012415 0.012504
0 0.773461 0.323269 0.013066 0.013066
0 0.479936 0.758153 0.013217 0.013252
0 0.317478 0.115883 0.013006 0.012942
0 0.799981 0.542584 0.013000 0.012880
0 0.629024 0.497479 0.012538 0.012451
0 0.119822 0.256778 0.013257 0.013238
0 0.842283 0.810809 0.012216 0.012174
0 0.203421 0.395803 0.012731 0.012685
0 0.436683 0.868154 0.012990 0.012914
0 0.604146 0.899969 0.012526 0.012455
0 0.290781 0.202168 0.012896 0.013180
0 0.481914 0.658978 0.013914 0.013885
0 0.324244 0.322209 0.012982 0.012951
0 0.959225 0.464455 0.013566 0.013603
0 0.096856 0.621244 0.013146 0.012894
0 0.410787 0.172999 0.013759 0.013540
0 0.054645 0.842772 0.013312 0.013357
0 0.811825 0.398545 0.013383 0.013294
0 0.810271 0.330253 0.015454 0.015503
0 0.432628 0.504359 0.012204 0.012186
0 0.229731 0.335222 0.013505 0.013283
0 0.944396 0.390576 0.013317 0.013178
0 0.407977 0.365124 0.013348 0.013243
0 0.804713 0.024458 0.013016 0.012922
0 0.923004 0.659824 0.013506 0.013481
0 0.082815 0.494567 0.012947 0.012917
0 0.579253 0.262109 0.012350 0.012246
0 0.162434 0.353600 0.013341 0.013174
0 0.167116 0.774076 0.013286 0.013128
0 0.145872 0.235728 0.013696 0.013569
0 0.677372 0.331231 0.013502 0.013604
0 0.787383 0.140689 0.013559 0.013312
0 0.526648 0.580119 0.012880 0.012913
0 0.119158 0.228587 0.013504 0.013389
0 0.099764 0.016937 0.013268 0.013165
0 0.883091 0.915781 0.013164 0.013349
0 0.597358 0.659172 0.013733 0.013396
0 0.655280 0.565441 0.014178 0.013779
0 0.940345 0.722289 0.014237 0.014084
0 0.364657 0.876378 0.013038 0.013115
0 0.778423 0.681938 0.013019 0.012829
0 0.627636 0.227424 0.013405 0.013457
0 0.858443 0.071788 0.014039 0.013942
0 0.264039 0.071345 0.012204 0.011998
0 0.883036 0.233955 0.013402 0.013263
0 0.873009 0.758632 0.013407 0.013426
0 0.450607 0.361070 0.013740 0.013620
0 0.594049 0.161660 0.013223 0.012892
0 0.583877 0.695112 0.015037 0.015314
0 0.198277 0.494911 0.013187 0.013135
0 0.156613 0.947719 0.012539 0.012523
0 0.057109 0.417981 0.013110 0.013226
0 0.531880 0.433771 0.013021 0.012993
0 0.618748 0.624434 0.014037 0.013819
0 0.018917 0.016983 0.013038 0.013060
0 0.742928 0.860480 0.012098 0.012024
0 0.719122 0.122974 0.014034 0.013960
0 0.750490 0.183501 0.013266 0.013061
0 0.137918 0.838151 0.012952 0.012950
0 0.815676 0.966742 0.011876 0.011962
0 0.220382 0.709158 0.013145 0.012982
0 0.606388 0.214645 0.013037 0.013063
0 0.194666 0.162106 0.014175 0.014261
0 0.956314 0.662072 0.013871 0.013957
0 0.030620 0.686200 0.014050 0.013942
0 0.699272 0.181447 0.014263 0.014176
0 0.138574 0.134753 0.013151 0.012800
0 0.645187 0.937285 0.013424 0.013511
0 0.344604 0.928130 0.012007 0.012004
0 0.132164 0.181704 0.013537 0.013403
0 0.416218 0.722009 0.013274 0.013112
0 0.283313 0.988934 0.011898 0.011864
0 0.345426 0.564026 0.012373 0.012223
0 0.112543 0.390770 0.013151 0.013054
0 0.231023 0.603653 0.013336 0.013258
0 0.654545 0.240606 0.012314 0.012113
0 0.889010 0.799794 0.012297 0.012129
0 0.945214 0.627682 0.012879 0.012900
0 0.687642 0.672720 0.013291 0.013212
0 0.831954 0.138922 0.013197 0.013257
0 0.617740 0.045573 0.014269 0.014197
0 0.961501 0.573438 0.011863 0.011813
0 0.532698 0.519064 0.014793 0.014771
0 0.384582 0.372309 0.013100 0.012937
0 0.854565 0.603136 0.014212 0.014047
0 0.481159 0.108574 0.013461 0.013316
0 0.459009 0.576585 0.012790 0.013153
0 0.755236 0.796839 0.014189 0.014177
0 0.230232 0.546182 0.012825 0.012776
0 0.023102 0.380806 0.013807 0.013600
0 0.160862 0.791516 0.012966 0.012926
0 0.966038 0.855063 0.012119 0.012127
0 0.157433 0.817612 0.013911 0.014068
0 0.369699 0.649102 0.013161 0.013172
0 0.202392 0.246847 0.012781 0.012984
0 0.809712 0.522009 0.015158 0.015133
0 0.495071 0.280316 0.011993 0.012017
0 0.111999 0.822865 0.013394 0.013355
0 0.946126 0.016719 0.013312 0.013284
0 0.050667 0.232661 0.013582 0.013462
0 0.423142 0.242738 0.014145 0.014192
0 0.455204 0.753016 0.013500 0.013433
0 0.537492 0.652853 0.013170 0.013349
0 0.134832 0.754850 0.014901 0.014934
0 0.089936 0.305711 0.013283 0.013284
0 0.842026 0.995435 0.013633 0.009086
0 0.739727 0.319440 0.012638 0.012706
0 0.299230 0.021443 0.013932 0.013808
0 0.991060 0.878461 0.013293 0.013198
0 0.239513 0.116565 0.013744 0.013579
0 0.983237 0.190096 0.013554 0.013282
0 0.046259 0.957639 0.012521 0.012542
0 0.776828 0.458168 0.014086 0.013792
0 0.022660 0.577881 0.014450 0.014480
0 0.016198 0.447041 0.013693 0.013529
0 0.061006 0.955764 0.012493 0.012854
0 0.884273 0.615167 0.013856 0.013730
0 0.650224 0.847040 0.013424 0.013334
0 0.036958 0.989878 0.014238 0.014662
0 0.320463 0.967109 0.012086 0.012127
0 0.953149 0.118876 0.014904 0.014891
0 0.427378 0.318365 0.012618 0.012630
0 0.418976 0.305091 0.013260 0.013043
0 0.319679 0.980228 0.011931 0.011901
0 0.916763 0.119087 0.011674 0.011719
0 0.101151 0.691217 0.013786 0.013798
0 0.404172 0.670305 0.014393 0.014331
0 0.804201 0.233887 0.012108 0.012144
0 0.789928 0.187017 0.012374 0.012083
0 0.189494 0.007249 0.013110 0.013194
0 0.125336 0.888927 0.012146 0.011879
0 0.671544 0.696535 0.013415 0.013513
0 0.569249 0.654220 0.014411 0.014193
0 0.662047 0.625590 0.014859 0.014810
0 0.941576 0.845254 0.012676 0.012673
0 0.746820 0.406298 0.013544 0.013403
0 0.879327 0.171044 0.013614 0.013817
0 0.242473 0.195605 0.012907 0.012810
0 0.848839 0.710467 0.021508 0.021149
0 0.931134 0.105706 0.014310 0.013658
0 0.771801 0.597079 0.014150 0.013868
0 0.453400 0.013977 0.013347 0.013321
0 0.322321 0.508657 0.012938 0.012871
0 0.445910 0.906484 0.013214 0.013354
0 0.845076 0.184712 0.014521 0.014602
0 0.696369 0.641556 0.012196 0.012029
0 0.307000 0.505531 0.012758 0.012579
0 0.312236 0.907031 0.014299 0.014077
0 0.310268 0.046350 0.013321 0.013360
0 0.153607 0.433400 0.014358 0.014168
0 0.994503 0.827926 0.010927 0.013644
0 0.226322 0.679452 0.014886 0.014646
0 0.733869 0.434029 0.013253 0.013117
0 0.911872 0.097377 0.013017 0.012746
0 0.165618 0.564897 0.013119 0.013099
0 0.331964 0.763607 0.012787 0.012882
0 0.390390 0.202541 0.014180 0.014230
0 0.526091 0.021901 0.012351 0.012226
0 0.338523 0.085532 0.014090 0.014159
0 0.135334 0.156379 0.013652 0.013701
0 0.419563 0.425664 0.014302 0.014281
0 0.288761 0.737482 0.013369 0.012837
0 0.883734 0.776360 0.013003 0.013538
0 0.780390 0.623079 0.014826 0.014700
0 0.759537 0.040680 0.012689 0.012576
0 0.026724 0.887591 0.013541 0.013317
0 0.939034 0.871952 0.013215 0.012866
0 0.864791 0.012183 0.012629 0.012832
0 0.267292 0.719613 0.013887 0.013856
0 0.652775 0.642942 0.014706 0.015121
0 0.531482 0.209682 0.013113 0.012899
0 0.306647 0.674787 0.012102 0.011774
0 0.019625 0.044468 0.011845 0.011669
0 0.458927 0.197210 0.015420 0.015761
0 0.189197 0.550842 0.013936 0.014282
0 0.222492 0.063993 0.013863 0.014061
0 0.490265 0.450710 0.012520 0.012544
0 0.387858 0.972594 0.012327 0.012214
0 0.709914 0.997885 0.013599 0.004230
0 0.003284 0.347508 0.006467 0.011261
0 0.634516 0.003046 0.015169 0.006092
0 0.456469 0.557081 0.011872 0.012094
0 0.270799 0.668296 0.013116 0.013335
0 0.905843 0.973869 0.014125 0.013896
0 0.548575 0.485168 0.013516 0.013557
0 0.966233 0.517159 0.012503 0.012125
0 0.002731 0.528069 0.005385 0.012982
0 0.340325 0.646815 0.011566 0.011146
0 0.325563 0.676331 0.013273 0.012513
0 0.539239 0.491494 0.012396 0.011960
0 0.533224 0.631034 0.022840 0.022532
0 0.222879 0.746834 0.011484 0.011303
0 0.390888 0.660853 0.012791 0.012505
0 0.001817 0.155902 0.003634 0.015055
0 0.961455 0.879123 0.014409 0.013490
0 0.546806 0.486485 0.013930 0.013100
0 0.607476 0.680128 0.014638 0.014618
0 0.545186 0.389722 0.012870 0.013031
0 0.651664 0.848152 0.013439 0.013908
0 0.546347 0.190548 0.014726 0.014916
0 0.540545 0.490291 0.012172 0.012065
0 0.546564 0.387675 0.012178 0.012533
