0 0.833117 0.888423 0.012552 0.012509
0 0.654585 0.060595 0.013675 0.013707
0 0.321565 0.461642 0.012546 0.012268
0 0.891241 0.822280 0.012843 0.012938
0 0.765841 0.920222 0.013288 0.013316
0 0.542152 0.869298 0.012567 0.012737
0 0.708714 0.841707 0.013256 0.013200
0 0.714638 0.663975 0.012764 0.012505
0 0.371826 0.148609 0.013348 0.013379
0 0.809556 0.914149 0.012128 0.012064
0 0.186703 0.373926 0.013211 0.012999
0 0.738113 0.447747 0.012629 0.012432
0 0.725015 0.867707 0.012875 0.013148
0 0.455639 0.959937 0.013058 0.013038
0 0.343339 0.644572 0.013418 0.013351
0 0.947436 0.380540 0.012598 0.012596
0 0.967189 0.657244 0.012428 0.012555
0 0.418211 0.454137 0.013991 0.013764
0 0.464680 0.904803 0.012016 0.012003
0 0.077919 0.693111 0.012361 0.012238
0 0.416960 0.477948 0.011891 0.012370
0 0.815006 0.969141 0.012651 0.012683
0 0.212906 0.448324 0.012833 0.012490
0 0.590169 0.802212 0.012366 0.012485
0 0.485797 0.746333 0.011250 0.011039
0 0.016913 0.236366 0.014358 0.014054
0 0.600203 0.668934 0.012644 0.012601
0 0.447096 0.801620 0.012504 0.012578
0 0.045763 0.469219 0.013480 0.013382
0 0.973639 0.258784 0.012630 0.012679
0 0.567513 0.605701 0.013166 0.013189
0 0.938110 0.765925 0.013117 0.013174
0 0.729501 0.712021 0.013375 0.013350
0 0.222290 0.470250 0.013043 0.013099
0 0.507334 0.720704 0.013403 0.013674
0 0.126672 0.384719 0.012554 0.012500
0 0.414163 0.722409 0.012813 0.012893
0 0.389831 0.482755 0.011922 0.011906
0 0.604220 0.594594 0.011771 0.011956
0 0.099639 0.130336 0.013711 0.013674
0 0.433358 0.083861 0.011623 0.011789
0 0.185114 0.222186 0.013709 0.013672
0 0.548854 0.205538 0.013233 0.013159
0 0.542179 0.973651 0.011692 0.011524
0 0.462075 0.281316 0.013372 0.013525
0 0.431861 0.394696 0.012690 0.012632
0 0.125952 0.341093 0.013585 0.013632
0 0.202876 0.827622 0.011493 0.011291
0 0.880078 0.972435 0.010917 0.011289
0 0.602620 0.983199 0.011711 0.011729
0 0.699993 0.324488 0.013494 0.013295
0 0.712341 0.609094 0.013603 0.013831
0 0.824576 0.626937 0.013292 0.013181
0 0.185450 0.891399 0.012765 0.012629
0 0.516820 0.241932 0.013395 0.013197
0 0.237767 0.048856 0.012244 0.011908
0 0.566563 0.371907 0.012357 0.012264
0 0.144407 0.643771 0.012122 0.011930
0 0.105162 0.403743 0.012719 0.012482
0 0.387379 0.870622 0.012798 0.012794
0 0.330588 0.518652 0.012543 0.012379
0 0.432563 0.896329 0.011576 0.011737
0 0.603909 0.954077 0.012256 0.012383
0 0.150647 0.706779 0.011434 0.011238
0 0.328694 0.684711 0.010876 0.010736
0 0.471976 0.074144 0.013190 0.013467
0 0.594226 0.354423 0.011264 0.011094
0 0.732578 0.683050 0.012615 0.012714
0 0.995787 0.872048 0.008425 0.013797
0 0.316096 0.791542 0.011891 0.012103
0 0.749799 0.618606 0.013603 0.013538
0 0.452539 0.068813 0.012783 0.012785
0 0.539312 0.916549 0.011940 0.011927
0 0.296587 0.842386 0.011686 0.011530
0 0.941319 0.397164 0.011145 0.011509
0 0.253618 0.220655 0.014190 0.014459
0 0.277844 0.802601 0.012943 0.013160
0 0.627853 0.077503 0.013661 0.013687
0 0.788653 0.788022 0.013175 0.013333
0 0.305119 0.562060 0.012875 0.013025
0 0.769546 0.850832 0.012862 0.012996
0 0.164792 0.709488 0.012003 0.012042
0 0.236101 0.173386 0.013125 0.013305
0 0.026003 0.562001 0.011199 0.011139
0 0.770086 0.005245 0.015026 0.010490
0 0.327183 0.016341 0.012647 0.012492
0 0.996569 0.674153 0.006823 0.011852
0 0.465776 0.176525 0.013566 0.013702
0 0.883200 0.362839 0.013519 0.013587
0 0.995489 0.825644 0.009021 0.012495
0 0.848919 0.711128 0.022648 0.022580
0 0.225786 0.651245 0.012580 0.012056
0 0.568436 0.068506 0.013517 0.013271
0 0.378011 0.277085 0.011737 0.011880
0 0.495078 0.543226 0.013767 0.013794
0 0.059285 0.695366 0.011489 0.011707
0 0.986252 0.355582 0.010543 0.010417
0 0.919739 0.584744 0.012965 0.012726
0 0.246225 0.686733 0.011975 0.012430
0 0.033538 0.860833 0.011393 0.011573
0 0.835475 0.500795 0.012463 0.012539
0 0.813366 0.161555 0.013390 0.013315
0 0.108566 0.980494 0.012501 0.012845
0 0.079131 0.642276 0.011012 0.010910
0 0.032539 0.959258 0.012529 0.012524
0 0.531936 0.363321 0.011723 0.011633
0 0.171509 0.151903 0.014206 0.014110
0 0.764473 0.591600 0.013892 0.013889
