0 0.223805 0.736030 0.013089 0.012891
0 0.391074 0.494193 0.012270 0.012386
0 0.297548 0.204262 0.012983 0.013074
0 0.298520 0.319041 0.013423 0.013184
0 0.847633 0.273586 0.011582 0.011533
0 0.141285 0.271839 0.013036 0.012951
0 0.497770 0.801112 0.013271 0.013181
0 0.185660 0.695106 0.012380 0.012230
0 0.304090 0.619453 0.012858 0.012626
0 0.087305 0.294988 0.013514 0.013338
0 0.475748 0.707562 0.012504 0.011854
0 0.369994 0.090272 0.013372 0.013073
0 0.473466 0.365514 0.012476 0.012407
0 0.798924 0.365013 0.012982 0.012897
0 0.514356 0.573415 0.012797 0.012798
0 0.238639 0.527348 0.012341 0.012136
0 0.468522 0.137288 0.012758 0.012811
0 0.465141 0.312743 0.012405 0.012259
0 0.851827 0.655895 0.011988 0.011801
0 0.830328 0.476900 0.012291 0.012364
0 0.341549 0.096512 0.012815 0.012654
0 0.022436 0.283090 0.013314 0.013355
0 0.405765 0.607875 0.014126 0.013842
0 0.624646 0.716543 0.012632 0.012769
0 0.154024 0.496549 0.012870 0.012610
0 0.836589 0.437224 0.012854 0.012939
0 0.204357 0.753570 0.013220 0.012982
0 0.128754 0.865248 0.012897 0.012835
0 0.450800 0.474446 0.013244 0.013190
0 0.954915 0.584015 0.013618 0.013669
0 0.121664 0.239194 0.012902 0.012925
0 0.444863 0.281670 0.013122 0.013069
0 0.773628 0.217346 0.011606 0.011506
0 0.479799 0.238136 0.012317 0.012285
0 0.220792 0.039860 0.012969 0.013067
0 0.939132 0.698866 0.013526 0.013499
0 0.939423 0.748692 0.013026 0.012717
0 0.688520 0.274846 0.012927 0.012879
0 0.731623 0.659547 0.013419 0.013213
0 0.538877 0.526517 0.013572 0.013515
0 0.407162 0.062189 0.012169 0.011967
0 0.350480 0.791156 0.012895 0.012967
0 0.463760 0.100702 0.013098 0.013020
0 0.579469 0.417639 0.013160 0.013132
0 0.172688 0.155751 0.013201 0.013041
0 0.260021 0.377747 0.012294 0.012214
0 0.309906 0.563532 0.012669 0.012440
0 0.155500 0.473485 0.012073 0.011969
0 0.587906 0.353623 0.012506 0.012418
0 0.152121 0.096834 0.011840 0.011673
0 0.183299 0.252411 0.013175 0.013201
0 0.122235 0.330457 0.014126 0.013906
0 0.113717 0.930329 0.012195 0.012038
0 0.820641 0.014685 0.012961 0.013056
0 0.720618 0.164394 0.012320 0.012112
0 0.229977 0.884430 0.012766 0.012540
0 0.201923 0.595152 0.011821 0.011928
0 0.368749 0.345240 0.014449 0.014379
0 0.297090 0.537185 0.012518 0.012309
0 0.270127 0.623387 0.013165 0.013082
0 0.151495 0.729802 0.013074 0.012854
0 0.884317 0.337872 0.014177 0.014047
0 0.914049 0.829811 0.013549 0.013586
0 0.608582 0.892216 0.012909 0.012832
0 0.728497 0.829185 0.012139 0.012067
0 0.261034 0.270321 0.011850 0.011834
0 0.622236 0.477349 0.014392 0.014299
0 0.940575 0.596327 0.013215 0.013334
0 0.894525 0.460786 0.012946 0.013027
0 0.403399 0.422249 0.012129 0.012180
0 0.210656 0.437305 0.015178 0.015083
0 0.561548 0.687427 0.013551 0.013622
0 0.775656 0.524251 0.013404 0.013435
0 0.540950 0.608287 0.013456 0.013265
0 0.414982 0.704222 0.012666 0.012651
0 0.580860 0.879424 0.012055 0.011923
0 0.117699 0.518588 0.012587 0.012598
0 0.113232 0.499500 0.012077 0.012022
0 0.095421 0.943783 0.014227 0.014147
0 0.390281 0.457320 0.012683 0.012420
0 0.520572 0.123000 0.013296 0.013398
0 0.718562 0.478526 0.013901 0.013891
0 0.610163 0.329391 0.017481 0.017369
0 0.642079 0.519681 0.012920 0.012840
0 0.227343 0.097904 0.013184 0.012942
0 0.756097 0.102170 0.012648 0.012726
0 0.928863 0.259768 0.012595 0.012465
0 0.373340 0.380025 0.012154 0.012223
0 0.322827 0.430761 0.013582 0.013564
0 0.509727 0.509823 0.013896 0.013851
0 0.780825 0.558513 0.012675 0.012713
0 0.342714 0.962093 0.012434 0.012336
0 0.228079 0.357632 0.011903 0.011876
0 0.547221 0.202171 0.013833 0.013869
0 0.662322 0.318808 0.010970 0.010675
0 0.681457 0.432143 0.012366 0.012328
0 0.703655 0.712905 0.011038 0.010697
0 0.407305 0.956285 0.013802 0.013839
0 0.795922 0.012183 0.014066 0.014383
0 0.456187 0.713467 0.012802 0.013163
0 0.119225 0.416246 0.011140 0.010952
0 0.365769 0.439368 0.011938 0.011859
0 0.383847 0.957257 0.013061 0.013095
0 0.185156 0.816811 0.012423 0.012008
0 0.725301 0.793910 0.013225 0.013173
0 0.729578 0.345405 0.013597 0.013347
0 0.324970 0.151505 0.013304 0.013096
0 0.327216 0.651761 0.013782 0.013580
0 0.073186 0.346991 0.012696 0.012758
0 0.771092 0.273410 0.013406 0.013371
0 0.357881 0.139156 0.014825 0.015021
0 0.571785 0.219765 0.012976 0.012761
0 0.908740 0.519910 0.011782 0.011590
0 0.331220 0.862821 0.013888 0.013782
0 0.818091 0.380055 0.012221 0.012216
0 0.915933 0.311643 0.012310 0.012406
0 0.760929 0.479609 0.013117 0.013308
0 0.844996 0.383419 0.013662 0.013405
0 0.754251 0.119397 0.011910 0.012038
0 0.240282 0.463849 0.011753 0.011842
0 0.027676 0.953994 0.014173 0.014168
0 0.826150 0.726044 0.014177 0.013929
0 0.961886 0.176367 0.011161 0.011379
0 0.564422 0.472538 0.013857 0.013760
0 0.205278 0.178669 0.013558 0.014430
0 0.621672 0.281996 0.013714 0.013529
0 0.977286 0.305584 0.012058 0.012070
0 0.820460 0.883702 0.011525 0.011580
0 0.905802 0.556599 0.012734 0.012802
0 0.103767 0.603953 0.014265 0.014179
0 0.991217 0.880264 0.013488 0.013088
0 0.555863 0.625804 0.013012 0.012976
0 0.123585 0.736405 0.012821 0.012759
0 0.525673 0.744770 0.015383 0.015314
0 0.460095 0.055677 0.015779 0.015753
0 0.562829 0.950854 0.013046 0.012592
0 0.078427 0.830775 0.011064 0.011188
0 0.915483 0.149447 0.014087 0.013464
0 0.108799 0.636940 0.011222 0.011072
0 0.592205 0.746003 0.012035 0.011923
0 0.013741 0.758213 0.013616 0.013851
0 0.477249 0.013736 0.012895 0.012875
0 0.277671 0.974030 0.011340 0.011512
0 0.855099 0.369934 0.012508 0.012683
0 0.528319 0.633209 0.016683 0.016628
0 0.983998 0.409451 0.012560 0.012880
0 0.191631 0.355586 0.011969 0.012206
0 0.875453 0.699297 0.012438 0.012114
0 0.993679 0.246401 0.011797 0.012680
0 0.369032 0.827231 0.013127 0.013351
0 0.945815 0.961143 0.009827 0.009653
0 0.880870 0.127142 0.013610 0.013609
0 0.476087 0.512315 0.012630 0.012617
0 0.039560 0.322928 0.013123 0.013029
0 0.195925 0.909587 0.011481 0.011373
0 0.255714 0.899177 0.011576 0.011270
0 0.653093 0.343309 0.013949 0.013764
0 0.920545 0.617740 0.014735 0.014810
0 0.081422 0.086050 0.012346 0.012359
0 0.918241 0.616492 0.012792 0.013057
0 0.557914 0.760432 0.011860 0.011292
0 0.001593 0.600793 0.003186 0.010656
0 0.556448 0.055376 0.014106 0.014923
0 0.544441 0.052639 0.018685 0.018037
0 0.501482 0.482898 0.013878 0.013965
0 0.508494 0.231809 0.013074 0.012892
0 0.663644 0.217202 0.011868 0.011830
0 0.574574 0.852375 0.009933 0.009604
0 0.686423 0.252596 0.012682 0.012420
0 0.997217 0.560746 0.005512 0.014275
0 0.666398 0.345181 0.013051 0.013130
0 0.025409 0.682261 0.012312 0.012125
0 0.759091 0.966097 0.011736 0.011854
0 0.507846 0.470275 0.017321 0.017234
0 0.005187 0.138844 0.010324 0.015405
0 0.876273 0.935877 0.010554 0.010713
0 0.012181 0.824755 0.010428 0.010398
0 0.983921 0.167848 0.013977 0.013689
0 0.554134 0.054771 0.016112 0.015773
0 0.185285 0.389642 0.012566 0.012502
0 0.013451 0.826367 0.011557 0.011967
0 0.994561 0.900628 0.010693 0.012114
0 0.566694 0.238473 0.012296 0.012115
0 0.186410 0.362209 0.012022 0.011953
0 0.922197 0.618983 0.015463 0.015619
0 0.120155 0.634803 0.009973 0.010735
0 0.558840 0.666789 0.009813 0.009540
