0 0.539421 0.396471 0.012832 0.012973
0 0.269279 0.572147 0.013319 0.013209
0 0.172168 0.509319 0.014027 0.013938
0 0.106201 0.471930 0.012604 0.012556
0 0.593297 0.162300 0.013725 0.013517
0 0.076062 0.036578 0.013445 0.013419
0 0.290208 0.201928 0.013172 0.013203
0 0.527034 0.217860 0.013612 0.013772
0 0.864907 0.357820 0.012690 0.012525
0 0.395791 0.311929 0.013513 0.013519
0 0.849060 0.969574 0.013176 0.013029
0 0.906768 0.609196 0.012270 0.012367
0 0.785794 0.140714 0.013725 0.013569
0 0.879221 0.410993 0.013371 0.013230
0 0.124136 0.315112 0.013317 0.013164
0 0.941821 0.846021 0.012833 0.012981
0 0.578586 0.262673 0.012505 0.012519
0 0.809757 0.484761 0.014038 0.014053
0 0.037768 0.285252 0.013367 0.013289
0 0.298101 0.621086 0.013225 0.013081
0 0.330625 0.172153 0.013377 0.013253
0 0.429389 0.855122 0.012963 0.012746
0 0.531370 0.434376 0.013034 0.012901
0 0.168028 0.911202 0.013131 0.013215
0 0.158294 0.786295 0.012744 0.012685
0 0.813393 0.773398 0.012646 0.012594
0 0.379413 0.368458 0.013382 0.013300
0 0.044869 0.232093 0.013907 0.013998
0 0.083500 0.199889 0.012867 0.012875
0 0.058798 0.636521 0.013040 0.013038
0 0.937371 0.518967 0.013797 0.013942
0 0.881471 0.802701 0.012664 0.012731
0 0.479009 0.115718 0.013295 0.013053
0 0.622392 0.479398 0.013107 0.013169
0 0.438390 0.623415 0.013027 0.013140
0 0.902394 0.629715 0.012851 0.013093
0 0.363197 0.051953 0.013567 0.013731
0 0.327500 0.371524 0.013728 0.013620
0 0.782623 0.411802 0.013838 0.013885
0 0.603918 0.899232 0.012324 0.012157
0 0.935920 0.961416 0.012742 0.012709
0 0.568816 0.510914 0.013185 0.013173
0 0.264118 0.071564 0.012813 0.012695
0 0.124780 0.211167 0.013075 0.012943
0 0.816609 0.966813 0.012656 0.012769
0 0.910312 0.768083 0.012010 0.011853
0 0.403044 0.798600 0.012369 0.012266
0 0.055236 0.842647 0.013101 0.013106
0 0.735578 0.599346 0.012360 0.012424
0 0.680240 0.782896 0.012411 0.012289
0 0.168325 0.338528 0.013280 0.013451
0 0.857847 0.071342 0.014388 0.014337
0 0.651813 0.515938 0.013795 0.013666
0 0.561154 0.980227 0.012877 0.012821
0 0.380992 0.191645 0.013839 0.013790
0 0.692624 0.876569 0.013152 0.013097
0 0.609519 0.351523 0.014519 0.014693
0 0.616077 0.331943 0.012928 0.012813
0 0.187321 0.133747 0.013491 0.013499
0 0.832637 0.138462 0.013605 0.013748
0 0.735220 0.382444 0.014094 0.013946
0 0.058750 0.336516 0.013209 0.013136
0 0.961180 0.574056 0.012509 0.012490
0 0.518346 0.592842 0.013784 0.013764
0 0.357668 0.368193 0.013697 0.013594
0 0.206259 0.864559 0.013018 0.012886
0 0.111426 0.392630 0.012928 0.012790
0 0.090508 0.742291 0.013336 0.013409
0 0.347945 0.409754 0.013558 0.013249
0 0.696552 0.923850 0.014456 0.014338
0 0.502582 0.735621 0.012253 0.012147
0 0.019607 0.046340 0.012277 0.012179
0 0.508466 0.687180 0.011849 0.011817
0 0.397967 0.690188 0.012457 0.012340
0 0.813378 0.358930 0.013790 0.013824
0 0.059977 0.956301 0.013295 0.013205
0 0.268329 0.347638 0.014093 0.013931
0 0.540595 0.262685 0.013016 0.013041
0 0.472127 0.509651 0.012918 0.012834
0 0.044484 0.410222 0.013627 0.013614
0 0.123798 0.949040 0.012618 0.012660
0 0.521989 0.272021 0.012623 0.012589
0 0.165402 0.395261 0.013205 0.013099
0 0.698167 0.085546 0.014358 0.014295
0 0.026636 0.687020 0.014078 0.013897
0 0.333060 0.529496 0.013442 0.013502
0 0.126060 0.853976 0.013091 0.013211
0 0.632785 0.878123 0.013424 0.013333
0 0.132954 0.163248 0.014026 0.014154
0 0.745292 0.407199 0.013507 0.013329
0 0.140951 0.459757 0.013046 0.013217
0 0.775744 0.458069 0.013990 0.013919
0 0.681195 0.560452 0.013274 0.012913
0 0.157120 0.861963 0.013600 0.013546
0 0.674194 0.600531 0.013625 0.013428
0 0.025686 0.535499 0.013867 0.013668
0 0.949562 0.014074 0.012995 0.012827
0 0.751583 0.602072 0.013074 0.013240
0 0.638344 0.034229 0.013497 0.013516
0 0.605579 0.680484 0.013417 0.013623
0 0.369589 0.647648 0.013229 0.013218
0 0.609694 0.639298 0.012559 0.012729
0 0.891964 0.579257 0.014247 0.014030
0 0.089522 0.796553 0.013044 0.012961
0 0.877781 0.249732 0.013602 0.013808
0 0.434158 0.191490 0.013091 0.013008
0 0.681556 0.650539 0.013952 0.013794
0 0.853746 0.398113 0.013676 0.013702
0 0.650582 0.639051 0.012867 0.012689
0 0.162868 0.723844 0.014391 0.014590
0 0.457957 0.575912 0.012242 0.012263
0 0.865008 0.125901 0.013468 0.013242
0 0.029833 0.963231 0.013823 0.013839
0 0.641886 0.714432 0.014534 0.014627
0 0.492694 0.205257 0.012767 0.012444
0 0.974849 0.174827 0.013208 0.013196
0 0.490944 0.452641 0.013798 0.013614
0 0.740120 0.318796 0.013193 0.013101
0 0.451966 0.014970 0.013548 0.013271
0 0.491415 0.179974 0.013016 0.012936
0 0.809544 0.018226 0.013346 0.012931
0 0.222731 0.058714 0.012522 0.012258
0 0.901430 0.995426 0.012442 0.009148
0 0.253416 0.962538 0.014564 0.014503
0 0.164267 0.564757 0.013580 0.013639
0 0.640132 0.254011 0.015850 0.015932
0 0.850146 0.860030 0.012817 0.012759
0 0.313400 0.140950 0.014514 0.014116
0 0.981860 0.896819 0.012514 0.012662
0 0.050143 0.486127 0.013430 0.013399
0 0.419822 0.930154 0.012025 0.012215
0 0.895447 0.325464 0.013286 0.013194
0 0.545431 0.300982 0.014746 0.014770
0 0.789892 0.187347 0.012789 0.012434
0 0.497370 0.430103 0.013557 0.013694
0 0.207355 0.223518 0.013142 0.013176
0 0.330028 0.763713 0.013448 0.013430
0 0.030123 0.740582 0.010500 0.010399
0 0.152168 0.652819 0.014073 0.014224
0 0.189724 0.007567 0.012632 0.012724
0 0.061092 0.890952 0.014051 0.014035
0 0.076206 0.855929 0.012288 0.012735
0 0.404890 0.636310 0.013827 0.013649
0 0.768351 0.911118 0.012103 0.011945
0 0.475278 0.285209 0.014094 0.014271
0 0.269611 0.668249 0.014123 0.014015
0 0.877027 0.169184 0.014189 0.014302
0 0.662165 0.551072 0.014436 0.014487
0 0.260834 0.130887 0.013971 0.014158
0 0.856976 0.738103 0.013206 0.013208
0 0.185569 0.377314 0.013872 0.013805
0 0.447512 0.906561 0.013566 0.013722
0 0.859846 0.181893 0.012883 0.012796
0 0.449307 0.668948 0.011740 0.012111
0 0.379285 0.702732 0.013473 0.013605
0 0.496402 0.966575 0.012226 0.012018
0 0.005014 0.185684 0.009964 0.014295
0 0.029779 0.885178 0.012622 0.012287
0 0.982297 0.192352 0.013332 0.013366
0 0.383575 0.975702 0.012984 0.012691
0 0.939439 0.872031 0.013508 0.013302
0 0.822048 0.871924 0.013298 0.013390
0 0.959591 0.344179 0.014391 0.014287
0 0.990329 0.068513 0.012516 0.012703
0 0.225738 0.682208 0.015303 0.015241
0 0.779181 0.244934 0.014156 0.014032
0 0.188725 0.551186 0.014973 0.015341
0 0.525368 0.023454 0.012961 0.012782
0 0.824251 0.207329 0.011532 0.011446
0 0.023589 0.381304 0.013800 0.013662
0 0.862853 0.011332 0.013238 0.013316
0 0.014551 0.447297 0.014362 0.014122
0 0.846136 0.822517 0.013319 0.013002
0 0.158803 0.996897 0.014219 0.006193
0 0.887217 0.855632 0.012371 0.012132
0 0.812144 0.279357 0.015924 0.015750
0 0.815727 0.834266 0.012429 0.012392
0 0.121630 0.827890 0.011847 0.011638
0 0.940652 0.490925 0.013153 0.013060
0 0.920894 0.447375 0.012498 0.012769
0 0.197897 0.803652 0.012876 0.013075
0 0.338450 0.085131 0.014364 0.014343
0 0.997368 0.123295 0.005240 0.015095
0 0.311965 0.518353 0.012954 0.012934
0 0.309588 0.045280 0.013797 0.013889
0 0.844190 0.716822 0.016762 0.016265
0 0.779490 0.589961 0.015230 0.015090
0 0.842428 0.185007 0.015309 0.015238
0 0.419913 0.402740 0.015433 0.015383
0 0.110537 0.822188 0.012316 0.012061
0 0.289494 0.809375 0.014761 0.014791
0 0.035322 0.479789 0.012651 0.012717
0 0.456839 0.556474 0.012242 0.012343
0 0.477891 0.593892 0.012981 0.012637
0 0.002521 0.329505 0.005003 0.012271
0 0.849047 0.608177 0.012785 0.012980
0 0.977440 0.043599 0.012871 0.012174
0 0.830846 0.214271 0.012031 0.012076
0 0.462819 0.594132 0.011095 0.010893
0 0.998331 0.250012 0.003291 0.013246
0 0.639879 0.932372 0.014047 0.013984
0 0.636757 0.930529 0.013734 0.013608
0 0.489298 0.932819 0.010965 0.010707
