0 0.749564 0.615681 0.012585 0.012357
0 0.103565 0.259225 0.012711 0.012610
0 0.221037 0.246117 0.014036 0.013926
0 0.268669 0.174957 0.013617 0.013643
0 0.187210 0.888539 0.013044 0.012884
0 0.459862 0.957744 0.011746 0.011780
0 0.153233 0.061145 0.012466 0.012425
0 0.726671 0.899305 0.013590 0.013816
0 0.539845 0.945118 0.011928 0.011855
0 0.478843 0.477507 0.011903 0.011835
0 0.061661 0.468616 0.011273 0.011250
0 0.475543 0.192157 0.012184 0.011756
0 0.900482 0.740691 0.013283 0.013293
0 0.898871 0.634297 0.012156 0.012014
0 0.197817 0.473740 0.012780 0.012849
0 0.120461 0.231613 0.011259 0.011646
0 0.304837 0.843559 0.012214 0.012703
0 0.143505 0.426853 0.012674 0.012996
0 0.544095 0.537220 0.010256 0.010314
0 0.456940 0.788147 0.012053 0.011903
0 0.231968 0.219428 0.011547 0.011228
0 0.270637 0.787871 0.012886 0.013089
0 0.314252 0.391705 0.013112 0.013228
0 0.406925 0.973659 0.011125 0.011102
0 0.408368 0.588746 0.013108 0.013105
0 0.010948 0.584054 0.013768 0.013324
0 0.373078 0.898747 0.013002 0.013045
0 0.847202 0.717446 0.017975 0.017144
0 0.197679 0.287349 0.013348 0.013289
0 0.800397 0.602518 0.012384 0.012319
0 0.101775 0.916831 0.013385 0.013380
0 0.109853 0.978893 0.013186 0.013128
0 0.358349 0.517527 0.012392 0.012243
0 0.542115 0.972418 0.011184 0.011131
0 0.163224 0.932732 0.011456 0.011550
0 0.090596 0.813344 0.012706 0.012892
0 0.757007 0.260320 0.011487 0.011620
0 0.223840 0.467131 0.012289 0.012268
0 0.984559 0.936664 0.012813 0.012911
0 0.499202 0.669722 0.011480 0.011488
0 0.523407 0.346658 0.012498 0.012499
0 0.258549 0.396581 0.012053 0.011724
0 0.085949 0.002936 0.011171 0.005872
0 0.390537 0.127112 0.011751 0.011805
0 0.990941 0.888432 0.013054 0.013451
0 0.566068 0.406176 0.013607 0.014076
0 0.030599 0.544899 0.012087 0.011887
0 0.179504 0.731443 0.013345 0.013220
0 0.385189 0.077948 0.012283 0.012666
0 0.227941 0.649004 0.012223 0.011869
0 0.555811 0.425821 0.010668 0.010943
0 0.467570 0.267023 0.011845 0.012158
0 0.444970 0.013906 0.011411 0.011302
0 0.035426 0.325444 0.010386 0.010751
0 0.568738 0.059330 0.011765 0.012171
0 0.176842 0.810666 0.012151 0.011871
0 0.374439 0.739631 0.012483 0.012536
0 0.597968 0.113734 0.010157 0.010212
0 0.530627 0.636071 0.019582 0.019420
0 0.496618 0.756976 0.010704 0.010694
0 0.462993 0.247226 0.010674 0.010989
0 0.449232 0.213070 0.014539 0.014331
