0 0.298857 0.318859 0.013546 0.013283
0 0.924165 0.583119 0.014005 0.013841
0 0.971915 0.872243 0.012501 0.012379
0 0.868398 0.404580 0.014317 0.014411
0 0.865604 0.924199 0.013776 0.013647
0 0.365880 0.439464 0.012449 0.012278
0 0.391232 0.493772 0.012268 0.012248
0 0.477332 0.705597 0.012402 0.012227
0 0.909632 0.519047 0.012723 0.012719
0 0.836599 0.522424 0.013525 0.013433
0 0.222137 0.527941 0.012882 0.012811
0 0.936026 0.562617 0.012384 0.012325
0 0.567804 0.193567 0.012822 0.012740
0 0.852311 0.657105 0.013168 0.013084
0 0.587425 0.370996 0.013377 0.013375
0 0.369940 0.090313 0.013276 0.012941
0 0.468068 0.221881 0.012823 0.012757
0 0.473377 0.366057 0.012340 0.012300
0 0.194371 0.079153 0.013854 0.013908
0 0.156721 0.472220 0.011743 0.011695
0 0.612836 0.182694 0.013404 0.013253
0 0.521240 0.123065 0.013703 0.013646
0 0.909444 0.476653 0.010836 0.010667
0 0.260002 0.408292 0.012098 0.012034
0 0.231782 0.762068 0.013492 0.013556
0 0.479662 0.766750 0.012402 0.012042
0 0.293227 0.744860 0.012457 0.012399
0 0.062502 0.387440 0.012363 0.012517
0 0.140255 0.271695 0.012903 0.012923
0 0.556433 0.342263 0.013173 0.013150
0 0.867185 0.050450 0.010789 0.010784
0 0.350528 0.790892 0.012596 0.012631
0 0.504134 0.577275 0.012715 0.012920
0 0.399546 0.667476 0.013156 0.012918
0 0.542197 0.381295 0.013930 0.013831
0 0.898941 0.245441 0.013153 0.013109
0 0.390171 0.151272 0.012901 0.012756
0 0.215562 0.029189 0.013465 0.013302
0 0.441009 0.484819 0.012410 0.012484
0 0.037735 0.585351 0.013652 0.013519
0 0.185812 0.362932 0.012258 0.012362
0 0.161959 0.809088 0.013385 0.013210
0 0.624693 0.716707 0.012518 0.012608
0 0.514176 0.651896 0.012868 0.012731
0 0.207432 0.162716 0.012602 0.012648
0 0.610043 0.329666 0.017617 0.017536
0 0.753875 0.620116 0.012463 0.012305
0 0.788144 0.654675 0.012894 0.012962
0 0.815998 0.559009 0.013226 0.013329
0 0.306378 0.684011 0.013756 0.013547
0 0.815506 0.316749 0.013352 0.013188
0 0.537760 0.491808 0.013950 0.013909
0 0.570874 0.624783 0.014306 0.014051
0 0.605154 0.277344 0.010489 0.010223
0 0.791407 0.414126 0.013286 0.013378
0 0.977137 0.305500 0.012252 0.012211
0 0.960458 0.011841 0.012257 0.011835
0 0.694721 0.092671 0.013923 0.014027
0 0.085217 0.896301 0.012793 0.012616
0 0.073952 0.300331 0.013453 0.013537
0 0.123763 0.111093 0.013231 0.013178
0 0.118344 0.517316 0.012886 0.012854
0 0.170451 0.867992 0.013498 0.013758
0 0.768073 0.339965 0.013051 0.012830
0 0.595239 0.742441 0.013241 0.013246
0 0.608811 0.845294 0.012131 0.012107
0 0.751077 0.670946 0.012758 0.012869
0 0.836885 0.379094 0.013657 0.013560
0 0.789416 0.942466 0.013609 0.013613
0 0.706046 0.263652 0.013434 0.013111
0 0.329827 0.006896 0.013518 0.013029
0 0.621714 0.609275 0.012313 0.012010
0 0.119024 0.415987 0.010962 0.010861
0 0.109982 0.583210 0.013522 0.013286
0 0.282773 0.186967 0.013553 0.013450
0 0.385172 0.969010 0.013659 0.013714
0 0.664398 0.217100 0.011823 0.011804
0 0.728762 0.852706 0.011719 0.011646
0 0.066788 0.746000 0.012892 0.012531
0 0.742091 0.057030 0.012327 0.012089
0 0.245529 0.098547 0.012201 0.012154
0 0.095014 0.212562 0.013716 0.013915
0 0.335413 0.629196 0.011528 0.011497
0 0.820105 0.014868 0.012665 0.012965
0 0.988869 0.468768 0.011623 0.011956
0 0.116634 0.271971 0.013414 0.013427
0 0.356937 0.592723 0.013190 0.013293
0 0.595288 0.040482 0.013638 0.013603
0 0.761301 0.479700 0.013750 0.013698
0 0.153561 0.729205 0.013843 0.013493
0 0.831104 0.636181 0.011640 0.011654
0 0.972393 0.673527 0.013765 0.013673
0 0.889959 0.297164 0.013130 0.012863
0 0.485586 0.482700 0.013721 0.013584
0 0.184032 0.389031 0.012589 0.012381
0 0.325435 0.546634 0.014742 0.014672
0 0.472476 0.578414 0.013671 0.013608
0 0.995051 0.057323 0.009808 0.012492
0 0.299084 0.849779 0.014427 0.014290
0 0.182685 0.467046 0.010859 0.010672
0 0.790986 0.446103 0.013907 0.013948
0 0.275535 0.446431 0.011332 0.011552
0 0.988691 0.638664 0.012059 0.012050
0 0.658682 0.328555 0.011805 0.011656
0 0.434721 0.571292 0.013631 0.013691
0 0.799071 0.124897 0.011854 0.011716
0 0.260088 0.271313 0.012171 0.012019
0 0.654438 0.889007 0.013458 0.013594
0 0.801395 0.071275 0.014507 0.014222
0 0.227338 0.357716 0.011317 0.011372
0 0.503102 0.004828 0.012645 0.009655
0 0.490409 0.786788 0.011769 0.012103
0 0.524669 0.751652 0.014123 0.014152
0 0.014552 0.190591 0.014299 0.014097
0 0.912837 0.146969 0.012675 0.012422
0 0.393289 0.347805 0.013144 0.013119
0 0.962244 0.176032 0.011530 0.011434
0 0.192734 0.708365 0.014016 0.014191
0 0.942228 0.691038 0.012228 0.011923
0 0.190692 0.636139 0.013415 0.013330
0 0.406075 0.731079 0.011831 0.011517
0 0.334593 0.931334 0.012380 0.012438
0 0.423841 0.927356 0.012699 0.012813
0 0.886177 0.314138 0.012267 0.012327
0 0.668676 0.821131 0.010963 0.010609
0 0.481309 0.239946 0.012019 0.011993
0 0.217477 0.903428 0.013699 0.013633
0 0.876965 0.816054 0.011088 0.010988
0 0.297416 0.179530 0.010486 0.010592
0 0.850550 0.709356 0.022530 0.022241
0 0.745130 0.580545 0.012338 0.012156
0 0.731664 0.593023 0.012195 0.012046
0 0.734515 0.004003 0.012133 0.008006
0 0.551079 0.005582 0.012760 0.011082
0 0.929092 0.419713 0.012574 0.012672
0 0.127736 0.079849 0.014505 0.014049
0 0.144225 0.053530 0.013814 0.013891
0 0.168942 0.673656 0.010595 0.010756
0 0.204686 0.728217 0.013844 0.013707
0 0.434825 0.593154 0.013814 0.014374
0 0.713623 0.228028 0.010666 0.010240
0 0.234708 0.552769 0.012785 0.012655
0 0.528183 0.725989 0.012050 0.011855
0 0.602859 0.237695 0.011991 0.011902
0 0.652947 0.343377 0.013736 0.013693
0 0.060074 0.772546 0.014170 0.014381
0 0.557887 0.055137 0.014491 0.014644
0 0.542586 0.051955 0.018161 0.018231
0 0.564107 0.951226 0.012758 0.012284
0 0.841713 0.950200 0.010534 0.010412
0 0.086299 0.984125 0.012637 0.012486
0 0.553720 0.278325 0.013762 0.014027
0 0.461227 0.054562 0.014786 0.014721
0 0.176669 0.710402 0.012309 0.013120
0 0.558698 0.761225 0.010509 0.010419
0 0.388217 0.086098 0.011327 0.011127
0 0.875333 0.699177 0.013501 0.013068
0 0.632190 0.922593 0.010988 0.011050
0 0.016139 0.776770 0.013988 0.013807
0 0.323313 0.503900 0.014919 0.014597
0 0.310915 0.563862 0.012049 0.011552
0 0.506626 0.467650 0.015277 0.014524
0 0.543212 0.471896 0.016292 0.016525
0 0.060639 0.165663 0.013861 0.013586
0 0.598503 0.470844 0.014195 0.013952
0 0.518771 0.267853 0.013462 0.013846
0 0.599720 0.458312 0.013719 0.013477
0 0.194811 0.911824 0.013313 0.013148
0 0.566862 0.470718 0.013839 0.013778
0 0.357312 0.701361 0.014880 0.014533
0 0.757605 0.503555 0.014800 0.014198
0 0.735214 0.539023 0.013935 0.014313
0 0.258981 0.345959 0.010486 0.010767
0 0.477702 0.014145 0.012710 0.012553
0 0.400507 0.694942 0.013721 0.013780
0 0.359385 0.026837 0.014089 0.014260
0 0.789536 0.331063 0.014294 0.014197
0 0.531441 0.629209 0.023109 0.022981
0 0.613928 0.947939 0.011711 0.011615
0 0.412079 0.996359 0.011727 0.007283
0 0.211402 0.892990 0.012913 0.012891
0 0.997927 0.222571 0.004101 0.010739
0 0.566260 0.233248 0.012145 0.011514
0 0.052103 0.095016 0.012153 0.012399
0 0.751219 0.693704 0.011036 0.010510
0 0.458870 0.004358 0.011905 0.008685
0 0.346539 0.290945 0.024593 0.024438
0 0.057955 0.773367 0.013923 0.014503
0 0.039477 0.321068 0.012778 0.012871
