0 0.442460 0.021219 0.013528 0.013335
0 0.647111 0.176850 0.012836 0.012871
0 0.763273 0.279867 0.012190 0.012010
0 0.649418 0.502113 0.012654 0.012646
0 0.748977 0.617190 0.013402 0.013302
0 0.148431 0.972525 0.013420 0.013307
0 0.405031 0.717436 0.013613 0.013580
0 0.735619 0.584852 0.012151 0.011963
0 0.590189 0.308237 0.013784 0.013620
0 0.445435 0.158125 0.013897 0.013828
0 0.928754 0.273608 0.012259 0.012273
0 0.819570 0.532128 0.012757 0.012562
0 0.573495 0.913132 0.011955 0.011918
0 0.759674 0.076593 0.011497 0.011309
0 0.665847 0.074342 0.013344 0.013626
0 0.060909 0.952640 0.012444 0.012206
0 0.613570 0.364260 0.012598 0.012316
0 0.186625 0.890394 0.013006 0.013036
0 0.331464 0.820226 0.010110 0.010114
0 0.720867 0.348431 0.012874 0.012939
0 0.856583 0.223906 0.012781 0.012703
0 0.260134 0.847196 0.011364 0.011296
0 0.525031 0.347459 0.013581 0.013380
0 0.853290 0.057484 0.012501 0.012381
0 0.719961 0.559085 0.012572 0.012532
0 0.618482 0.122061 0.012420 0.012756
0 0.279402 0.401847 0.012764 0.012800
0 0.547244 0.253002 0.012289 0.012394
0 0.460137 0.959718 0.013625 0.013384
0 0.537308 0.676907 0.010568 0.010486
0 0.211945 0.164594 0.014256 0.014447
0 0.973543 0.357459 0.011674 0.011395
0 0.565248 0.175494 0.012657 0.012594
0 0.442612 0.058992 0.013052 0.012936
0 0.499466 0.969028 0.013634 0.013416
0 0.110094 0.979826 0.013828 0.013671
0 0.281231 0.849389 0.012422 0.012452
0 0.383636 0.132811 0.012147 0.012186
0 0.901774 0.022412 0.011169 0.011060
0 0.933689 0.164114 0.012011 0.011879
0 0.626203 0.245445 0.013085 0.013192
0 0.420167 0.669544 0.013094 0.013008
0 0.340682 0.765136 0.012339 0.012346
0 0.792293 0.322626 0.011737 0.011723
0 0.427845 0.261246 0.013682 0.013650
0 0.478339 0.434132 0.012651 0.012770
0 0.543953 0.827808 0.013580 0.013831
0 0.786004 0.465893 0.011175 0.011455
0 0.116210 0.497490 0.012372 0.012141
0 0.036447 0.995584 0.011092 0.008831
0 0.541864 0.972839 0.012563 0.012355
0 0.254852 0.622489 0.011934 0.011743
0 0.454367 0.509120 0.012318 0.012532
0 0.034805 0.145766 0.012088 0.012109
0 0.192170 0.252117 0.011648 0.011633
0 0.048346 0.273419 0.012078 0.011748
0 0.922119 0.403482 0.011904 0.011940
0 0.135198 0.865914 0.014030 0.014208
0 0.225693 0.649012 0.012645 0.012256
0 0.079286 0.358716 0.013977 0.013811
0 0.721981 0.733131 0.011513 0.011493
0 0.662264 0.547396 0.012886 0.012252
0 0.216484 0.140705 0.013102 0.012907
0 0.890495 0.311774 0.012091 0.012151
0 0.326224 0.608571 0.010343 0.010395
0 0.563062 0.005306 0.012594 0.010557
0 0.310277 0.046912 0.011448 0.011577
0 0.507371 0.435013 0.012760 0.012595
0 0.495909 0.542474 0.013118 0.012645
0 0.303771 0.502292 0.011880 0.011839
0 0.222825 0.468230 0.013176 0.013021
0 0.190288 0.659164 0.011292 0.011339
0 0.261112 0.188378 0.013400 0.013447
0 0.392590 0.603205 0.012682 0.012504
0 0.576186 0.509626 0.011097 0.011200
0 0.146341 0.908565 0.011540 0.011415
0 0.500461 0.053218 0.012872 0.012600
0 0.283617 0.608962 0.010919 0.010886
0 0.125219 0.188872 0.011603 0.011752
0 0.358666 0.468190 0.010363 0.010304
0 0.477266 0.056496 0.011048 0.010910
0 0.434903 0.205370 0.012541 0.013405
0 0.435432 0.232151 0.012427 0.012666
0 0.823481 0.183381 0.012715 0.012496
0 0.133361 0.767502 0.010757 0.010597
0 0.597031 0.406286 0.010578 0.010418
0 0.223415 0.520692 0.010132 0.010065
0 0.036645 0.795857 0.012787 0.012738
0 0.137081 0.659324 0.011377 0.011235
0 0.742914 0.430677 0.011660 0.011688
0 0.143430 0.557308 0.010164 0.010223
0 0.700235 0.685383 0.012054 0.011887
0 0.775023 0.004221 0.013303 0.008442
0 0.004038 0.038120 0.008075 0.012361
0 0.515600 0.052016 0.011416 0.011491
0 0.701806 0.686323 0.011558 0.011557
0 0.074352 0.639047 0.010483 0.010704
