0 0.025254 0.555731 0.012495 0.012545
0 0.657614 0.493199 0.012846 0.012907
0 0.536918 0.157914 0.012664 0.012627
0 0.635545 0.500167 0.013190 0.013114
0 0.644684 0.650634 0.012965 0.013108
0 0.473429 0.079416 0.012727 0.012345
0 0.618956 0.020823 0.013062 0.012943
0 0.063797 0.700726 0.011738 0.011480
0 0.649248 0.574362 0.013212 0.013332
0 0.512192 0.030949 0.013411 0.013238
0 0.331823 0.246858 0.013222 0.013099
0 0.172466 0.080743 0.013242 0.013290
0 0.640160 0.859622 0.011341 0.011168
0 0.759301 0.014661 0.013080 0.012971
0 0.865954 0.630294 0.013226 0.013261
0 0.811442 0.456607 0.013499 0.013258
0 0.172252 0.798315 0.012791 0.012887
0 0.175064 0.742529 0.013168 0.013047
0 0.029659 0.828059 0.011966 0.011795
0 0.306546 0.317936 0.013641 0.013499
0 0.820892 0.651983 0.013459 0.013731
0 0.082932 0.146717 0.012175 0.012170
0 0.460073 0.876806 0.012592 0.012766
0 0.657477 0.425426 0.012856 0.012948
0 0.130866 0.186064 0.012380 0.012118
0 0.436289 0.259003 0.013763 0.013700
0 0.318354 0.918107 0.011535 0.011643
0 0.727475 0.866886 0.011765 0.011538
0 0.839489 0.443533 0.012234 0.011963
0 0.133100 0.318101 0.012477 0.012599
0 0.278508 0.436225 0.011949 0.011792
0 0.735273 0.621190 0.014689 0.014761
0 0.767567 0.682141 0.012541 0.012812
0 0.641923 0.603241 0.013704 0.013753
0 0.155228 0.528827 0.011846 0.012081
0 0.775437 0.030241 0.012598 0.012275
0 0.086132 0.835592 0.012394 0.012450
0 0.567936 0.575856 0.012388 0.012356
0 0.006799 0.183959 0.012172 0.012146
0 0.261250 0.728924 0.012443 0.012276
0 0.833890 0.321403 0.012785 0.012585
0 0.528467 0.898202 0.012389 0.012561
0 0.076861 0.460742 0.012975 0.012929
0 0.955963 0.510238 0.015365 0.015021
0 0.004922 0.048156 0.009733 0.012193
0 0.910286 0.519464 0.013098 0.013282
0 0.457228 0.431041 0.011980 0.012058
0 0.148113 0.358896 0.013080 0.012987
0 0.779189 0.523086 0.011879 0.011725
0 0.532441 0.433343 0.012517 0.012722
0 0.515323 0.972760 0.011253 0.011348
0 0.698564 0.571564 0.015122 0.015035
0 0.623198 0.454205 0.015022 0.015109
0 0.480949 0.525227 0.012203 0.012134
0 0.083165 0.561557 0.011730 0.011895
0 0.995365 0.456214 0.009269 0.012890
0 0.944786 0.049414 0.013869 0.014047
0 0.272307 0.662602 0.013322 0.013264
0 0.126910 0.110258 0.013183 0.013094
0 0.802210 0.742794 0.011166 0.011205
0 0.485912 0.623278 0.012817 0.012646
0 0.588916 0.314207 0.012398 0.012559
0 0.613781 0.783712 0.013033 0.012853
0 0.424857 0.847568 0.014221 0.014276
0 0.207822 0.878727 0.012656 0.012755
0 0.328924 0.383688 0.013919 0.014016
0 0.826421 0.973692 0.012447 0.012437
0 0.629222 0.669741 0.012791 0.013216
0 0.902466 0.463858 0.012745 0.013220
0 0.399302 0.512384 0.013117 0.012940
0 0.821380 0.517621 0.014258 0.014183
0 0.015743 0.412155 0.013204 0.013466
0 0.837486 0.913391 0.012823 0.012787
0 0.417489 0.817381 0.012698 0.012509
0 0.820443 0.752928 0.013419 0.013421
0 0.274920 0.916363 0.011588 0.011475
0 0.751777 0.497906 0.014586 0.014519
0 0.910320 0.802439 0.014416 0.014681
0 0.372002 0.645274 0.013138 0.013235
0 0.324072 0.546195 0.013027 0.012968
0 0.940465 0.075998 0.013217 0.013382
0 0.560669 0.074253 0.011761 0.011619
0 0.749622 0.065180 0.012648 0.012518
0 0.805933 0.831921 0.012848 0.013019
0 0.528806 0.961897 0.012642 0.012228
0 0.846874 0.986263 0.011449 0.011627
0 0.806011 0.963796 0.012751 0.012956
0 0.490860 0.961818 0.012146 0.011982
0 0.072939 0.975349 0.011294 0.011029
0 0.827841 0.597398 0.013781 0.013485
0 0.132718 0.940854 0.012873 0.012509
0 0.013886 0.809292 0.014497 0.014168
0 0.850538 0.499551 0.012854 0.012600
0 0.820397 0.416873 0.013210 0.013222
0 0.098057 0.690539 0.014423 0.014612
0 0.664791 0.871150 0.011747 0.011571
0 0.812009 0.727494 0.012467 0.012328
0 0.547278 0.071417 0.011923 0.012207
0 0.109668 0.670767 0.013608 0.013714
0 0.952663 0.373233 0.012879 0.013143
0 0.529996 0.960067 0.012810 0.012944
0 0.200155 0.002940 0.011146 0.005880
0 0.394925 0.998309 0.012160 0.003368
0 0.489172 0.960579 0.011751 0.011394
0 0.480163 0.578511 0.012634 0.012501
0 0.876082 0.856715 0.012125 0.012143
