0 0.055322 0.950574 0.013137 0.013107
0 0.749302 0.616059 0.012175 0.011994
0 0.686959 0.658174 0.013009 0.012960
0 0.068901 0.261323 0.012595 0.012700
0 0.367898 0.070932 0.012265 0.012207
0 0.525099 0.346893 0.012887 0.012593
0 0.362002 0.447280 0.012764 0.012728
0 0.733578 0.973933 0.013484 0.013362
0 0.449483 0.958534 0.012595 0.012445
0 0.286360 0.096416 0.013116 0.013016
0 0.510585 0.605509 0.014669 0.014645
0 0.251457 0.758986 0.012213 0.012018
0 0.328565 0.841535 0.012118 0.012004
0 0.684852 0.359737 0.010915 0.010962
0 0.182046 0.953290 0.013105 0.013055
0 0.017481 0.304103 0.011988 0.011808
0 0.023832 0.468193 0.012979 0.013105
0 0.518300 0.930670 0.012358 0.012409
0 0.617559 0.606131 0.013401 0.013323
0 0.900686 0.883964 0.011369 0.011352
0 0.789415 0.548184 0.011968 0.012049
0 0.615941 0.301640 0.011849 0.011631
0 0.146095 0.257595 0.011098 0.011099
0 0.267498 0.799695 0.011322 0.011397
0 0.585301 0.832426 0.012065 0.012008
0 0.100618 0.221650 0.011706 0.011803
0 0.279691 0.681296 0.013860 0.013926
0 0.247720 0.408162 0.011730 0.011597
0 0.532135 0.638471 0.013379 0.013145
0 0.109412 0.979285 0.013348 0.013345
0 0.131831 0.079800 0.012032 0.011820
0 0.428374 0.290498 0.012071 0.012126
0 0.680598 0.241146 0.012989 0.012935
0 0.684086 0.402897 0.011790 0.011791
0 0.542187 0.973988 0.012153 0.011954
0 0.025732 0.058410 0.012622 0.012465
0 0.138480 0.504368 0.012116 0.012221
0 0.006719 0.665951 0.013183 0.013844
0 0.045222 0.222831 0.013207 0.013208
0 0.134483 0.396351 0.011700 0.011479
0 0.910416 0.783392 0.012820 0.012865
0 0.471501 0.742399 0.011730 0.011884
0 0.031959 0.575793 0.012012 0.011956
0 0.878223 0.393952 0.010321 0.010323
0 0.188144 0.879944 0.011590 0.011412
0 0.152562 0.024451 0.011488 0.011616
0 0.331427 0.516988 0.011561 0.011573
0 0.499618 0.891698 0.011257 0.011157
0 0.620007 0.184880 0.011443 0.011357
0 0.434226 0.161002 0.010979 0.011055
0 0.401393 0.181672 0.013003 0.012981
0 0.801222 0.362726 0.012423 0.012518
0 0.658540 0.806852 0.011626 0.011883
0 0.009671 0.833773 0.013588 0.013474
0 0.848522 0.719660 0.019405 0.019253
0 0.340981 0.590465 0.011743 0.011833
0 0.208973 0.483058 0.013175 0.013251
0 0.433442 0.854507 0.011029 0.010918
0 0.447082 0.145149 0.011094 0.011478
0 0.641944 0.894209 0.013306 0.013307
0 0.002722 0.886378 0.005445 0.010637
0 0.700574 0.821469 0.016641 0.016104
0 0.396537 0.199926 0.012909 0.012898
0 0.227735 0.650169 0.011952 0.011758
0 0.683090 0.011599 0.012543 0.012539
0 0.589652 0.767872 0.011577 0.010826
0 0.223639 0.465829 0.011908 0.011983
0 0.062873 0.574122 0.017040 0.016082
0 0.343806 0.296551 0.022753 0.022520
0 0.227787 0.442285 0.012393 0.012344
0 0.658707 0.777923 0.011632 0.011786
0 0.448375 0.756792 0.010070 0.010183
0 0.424323 0.995696 0.010975 0.008608
0 0.076170 0.781560 0.011867 0.012040
0 0.745794 0.130019 0.008802 0.009108
0 0.191764 0.492310 0.010950 0.010428
