0 0.102130 0.337552 0.012430 0.012408
0 0.280182 0.524645 0.012994 0.012959
0 0.450660 0.099550 0.013341 0.013345
0 0.952005 0.706116 0.012885 0.013000
0 0.278627 0.436430 0.011933 0.011713
0 0.432073 0.494745 0.012443 0.012424
0 0.676964 0.289573 0.012723 0.012598
0 0.794090 0.748487 0.013212 0.013170
0 0.530727 0.580494 0.012640 0.012352
0 0.816409 0.200017 0.012377 0.012312
0 0.872668 0.313010 0.014031 0.013909
0 0.118300 0.188849 0.013018 0.012839
0 0.958861 0.297320 0.013258 0.013029
0 0.034262 0.339041 0.013144 0.013103
0 0.287413 0.565340 0.011670 0.011650
0 0.134549 0.203543 0.012633 0.012747
0 0.445968 0.690618 0.012102 0.012300
0 0.904990 0.074281 0.011720 0.011665
0 0.904563 0.540979 0.013282 0.013140
0 0.566108 0.228362 0.011769 0.011880
0 0.890338 0.588072 0.011946 0.011932
0 0.125801 0.029513 0.011632 0.011435
0 0.700749 0.276482 0.012249 0.012333
0 0.032987 0.593917 0.013623 0.013592
0 0.267863 0.174811 0.012880 0.013000
0 0.324876 0.361463 0.012314 0.012500
0 0.485920 0.953129 0.013576 0.013371
0 0.033038 0.645026 0.013081 0.013143
0 0.740820 0.595145 0.012614 0.012495
0 0.848615 0.188770 0.012675 0.012635
0 0.504237 0.607390 0.012303 0.012580
0 0.450420 0.198818 0.013850 0.013725
0 0.501783 0.806494 0.012776 0.012703
0 0.523795 0.361348 0.012332 0.012015
0 0.052977 0.817010 0.012835 0.012864
0 0.606897 0.760922 0.012261 0.012476
0 0.615262 0.169236 0.012639 0.012560
0 0.403123 0.326570 0.014032 0.013751
0 0.186208 0.619907 0.011902 0.011835
0 0.882791 0.118951 0.009396 0.009435
0 0.867275 0.107473 0.011533 0.011272
0 0.733270 0.622717 0.013790 0.013831
0 0.669078 0.665417 0.014393 0.014442
0 0.912561 0.368391 0.011576 0.011613
0 0.358297 0.782506 0.012351 0.012387
0 0.837812 0.365169 0.012737 0.013145
0 0.447979 0.741447 0.013400 0.013186
0 0.146979 0.745867 0.011002 0.011093
0 0.317942 0.316923 0.013404 0.013022
0 0.786590 0.022116 0.012331 0.012255
0 0.958049 0.619179 0.010897 0.010898
0 0.222417 0.454557 0.013050 0.012964
0 0.301391 0.548961 0.012549 0.012669
0 0.504991 0.276245 0.011598 0.011481
0 0.851893 0.482149 0.013599 0.013677
0 0.950622 0.426976 0.012058 0.012123
0 0.600239 0.546245 0.011881 0.011648
0 0.126596 0.739317 0.012822 0.013042
0 0.059572 0.352098 0.012583 0.012397
0 0.925468 0.855237 0.013832 0.013821
0 0.793737 0.511271 0.011251 0.011131
0 0.165466 0.686365 0.011538 0.011838
0 0.671491 0.442041 0.012689 0.012757
0 0.469200 0.689843 0.012901 0.013092
0 0.868981 0.569889 0.011320 0.011300
0 0.932385 0.537491 0.012195 0.012505
0 0.794976 0.917618 0.012955 0.012899
0 0.878755 0.676844 0.010845 0.011005
0 0.691408 0.683080 0.013428 0.013511
0 0.645234 0.568343 0.012068 0.011931
0 0.078262 0.352244 0.012192 0.011813
0 0.564552 0.211381 0.012354 0.012461
0 0.927504 0.047538 0.011132 0.011230
0 0.773959 0.105673 0.013484 0.013135
0 0.768739 0.533440 0.012836 0.012540
0 0.766341 0.886924 0.013709 0.013858
0 0.370708 0.869933 0.013657 0.013614
0 0.651752 0.425738 0.012026 0.012121
0 0.995547 0.686158 0.008885 0.013153
0 0.817585 0.760800 0.012863 0.012768
0 0.705909 0.779444 0.012259 0.012233
0 0.513272 0.394708 0.011924 0.011876
0 0.657047 0.094692 0.012502 0.012834
0 0.049182 0.897324 0.011552 0.011557
0 0.761356 0.593347 0.011170 0.011077
0 0.237090 0.452339 0.011886 0.012346
0 0.331625 0.833419 0.012321 0.012303
0 0.751200 0.437994 0.011706 0.011836
0 0.373025 0.593592 0.013165 0.013427
0 0.137855 0.966807 0.012004 0.011982
0 0.968181 0.607314 0.011459 0.010772
0 0.938535 0.014782 0.010866 0.010715
0 0.350003 0.290961 0.024107 0.024504
0 0.978338 0.048480 0.010633 0.010494
0 0.433205 0.450135 0.013836 0.014013
0 0.981248 0.513841 0.014582 0.014036
0 0.624863 0.989335 0.013917 0.013935
0 0.121595 0.984831 0.013167 0.013100
0 0.994535 0.321104 0.010931 0.012643
0 0.284640 0.942685 0.011739 0.011519
0 0.983709 0.513437 0.014552 0.013502
0 0.650940 0.474336 0.010139 0.009616
0 0.425501 0.899222 0.012217 0.011927
0 0.507351 0.665240 0.011865 0.011698
0 0.462974 0.437317 0.015651 0.016072
0 0.878650 0.977287 0.012775 0.012837
0 0.776567 0.351473 0.012338 0.012481
0 0.161052 0.876133 0.011626 0.011891
0 0.074896 0.012520 0.011931 0.011943
0 0.900230 0.997666 0.010701 0.004620
0 0.086941 0.926067 0.012026 0.012000
0 0.220837 0.995391 0.010821 0.009219
0 0.104629 0.784319 0.010058 0.009902
0 0.273681 0.646072 0.011996 0.011661
0 0.911069 0.924166 0.011626 0.011538
0 0.272884 0.643852 0.011919 0.012094
0 0.384651 0.970388 0.012425 0.012682
0 0.804678 0.540036 0.010828 0.010774
0 0.850917 0.544561 0.011139 0.010993
0 0.962466 0.032503 0.009905 0.010018
0 0.234860 0.804880 0.012111 0.012096
0 0.794693 0.797844 0.012962 0.013122
0 0.850836 0.711568 0.022316 0.021737
0 0.909953 0.658869 0.010897 0.010892
0 0.490456 0.384119 0.009023 0.008788
0 0.120111 0.986231 0.012460 0.012595
0 0.869098 0.540874 0.010534 0.010377
0 0.088491 0.926924 0.011764 0.011799
