0 0.821749 0.525318 0.012655 0.012437
0 0.951493 0.815040 0.012697 0.012734
0 0.977071 0.671985 0.012935 0.013042
0 0.748412 0.618122 0.013237 0.013180
0 0.606761 0.877740 0.013197 0.013346
0 0.544402 0.743923 0.012703 0.012725
0 0.394733 0.439809 0.013564 0.013402
0 0.063110 0.246295 0.011424 0.011356
0 0.524955 0.349710 0.013176 0.013080
0 0.183310 0.359690 0.012114 0.011820
0 0.814226 0.552883 0.012160 0.012124
0 0.803126 0.485608 0.013442 0.013440
0 0.633652 0.685539 0.012210 0.012275
0 0.842570 0.669580 0.013284 0.013405
0 0.973084 0.851090 0.012662 0.012572
0 0.328182 0.170991 0.013146 0.012923
0 0.411303 0.143253 0.014208 0.014275
0 0.801814 0.322416 0.012126 0.012172
0 0.562825 0.351922 0.014502 0.014417
0 0.200871 0.368780 0.013587 0.013376
0 0.406306 0.760998 0.013159 0.013192
0 0.207416 0.746313 0.012319 0.012270
0 0.087230 0.308438 0.011293 0.011076
0 0.151000 0.446176 0.014206 0.014358
0 0.105353 0.740008 0.012957 0.012736
0 0.683876 0.373368 0.011836 0.011675
0 0.649341 0.365100 0.012560 0.012790
0 0.413228 0.389135 0.012714 0.012511
0 0.833381 0.018178 0.013644 0.013519
0 0.543381 0.971766 0.013637 0.013222
0 0.571714 0.606844 0.012575 0.012570
0 0.383553 0.271054 0.013408 0.013405
0 0.948941 0.259482 0.013876 0.013864
0 0.511049 0.583537 0.013393 0.013035
0 0.628072 0.195747 0.011439 0.011272
0 0.385029 0.335339 0.012451 0.012453
0 0.382441 0.566248 0.012655 0.012573
0 0.617440 0.106956 0.013375 0.013376
0 0.703143 0.331532 0.011751 0.011588
0 0.222619 0.469944 0.012636 0.012671
0 0.974063 0.574754 0.011909 0.011956
0 0.456471 0.961196 0.011805 0.011559
0 0.283575 0.186062 0.012196 0.012440
0 0.537309 0.176651 0.012593 0.012737
0 0.787935 0.731486 0.013828 0.013706
0 0.123573 0.677882 0.012816 0.012744
0 0.597044 0.756964 0.013540 0.013575
0 0.113526 0.334191 0.013542 0.013401
0 0.657250 0.478186 0.012051 0.011872
0 0.891214 0.784962 0.012640 0.012645
0 0.356812 0.407105 0.013263 0.013408
0 0.766256 0.043076 0.011720 0.011255
0 0.412155 0.732675 0.014281 0.014196
0 0.495040 0.544265 0.014242 0.014248
0 0.730090 0.594192 0.011059 0.011217
0 0.854389 0.468966 0.013284 0.013218
0 0.778832 0.877749 0.012462 0.012433
0 0.285473 0.229834 0.013525 0.013379
0 0.005448 0.263543 0.010822 0.012345
0 0.397082 0.057301 0.013416 0.013324
0 0.848897 0.713070 0.016435 0.016269
0 0.066452 0.083922 0.014180 0.013658
0 0.972311 0.995074 0.012383 0.009827
0 0.185065 0.891840 0.013063 0.013066
0 0.878212 0.171967 0.012807 0.012674
0 0.704752 0.268090 0.012812 0.012931
0 0.776669 0.026308 0.013968 0.013757
0 0.216230 0.541537 0.012531 0.012620
0 0.330941 0.518991 0.012478 0.012349
0 0.050344 0.283256 0.010185 0.009994
0 0.416380 0.530345 0.012348 0.012219
0 0.109563 0.981486 0.013468 0.013451
0 0.606252 0.633425 0.011850 0.011862
0 0.160586 0.566805 0.012391 0.012167
0 0.236268 0.243266 0.012644 0.012650
0 0.082230 0.180099 0.012031 0.011957
0 0.067235 0.665352 0.014094 0.014238
0 0.644699 0.192685 0.013078 0.013246
0 0.087875 0.670680 0.013171 0.013383
0 0.020403 0.377516 0.014075 0.014020
0 0.515784 0.967410 0.012680 0.012630
0 0.616546 0.169090 0.012666 0.012546
0 0.584748 0.407526 0.012961 0.013206
0 0.767501 0.364976 0.011753 0.011909
0 0.094811 0.952752 0.012998 0.012621
0 0.184836 0.700760 0.011734 0.011997
0 0.589585 0.522874 0.012575 0.012501
0 0.420579 0.557197 0.013266 0.013380
0 0.670810 0.194896 0.013088 0.013088
0 0.366255 0.187232 0.012054 0.011942
0 0.210517 0.100684 0.013705 0.013877
0 0.440891 0.059042 0.012022 0.012017
0 0.741828 0.008844 0.009523 0.009453
0 0.583612 0.067931 0.012901 0.012834
0 0.988230 0.308650 0.012374 0.012603
0 0.859093 0.485211 0.012737 0.013310
0 0.914678 0.590550 0.012805 0.013284
0 0.097521 0.106561 0.012154 0.012109
0 0.883804 0.369479 0.013378 0.013109
0 0.020590 0.732386 0.011955 0.011964
0 0.825317 0.093119 0.011802 0.011657
0 0.064916 0.984091 0.011560 0.011573
0 0.149848 0.577616 0.012194 0.012200
0 0.874526 0.018875 0.010740 0.010750
0 0.873087 0.019491 0.010179 0.010089
0 0.255646 0.535360 0.012091 0.011855
0 0.860687 0.939161 0.012334 0.012462
0 0.066562 0.047858 0.011564 0.011442
0 0.787124 0.005279 0.012499 0.010393
0 0.223639 0.648034 0.011640 0.011631
0 0.402320 0.598443 0.012822 0.012860
0 0.051913 0.282292 0.010299 0.010046
0 0.913200 0.592616 0.011651 0.011593
0 0.509022 0.738306 0.013107 0.013192
0 0.821591 0.185628 0.011774 0.011649
0 0.216578 0.116983 0.011399 0.011615
