0 0.215654 0.572069 0.012181 0.012193
0 0.363286 0.551676 0.012504 0.012361
0 0.191164 0.626854 0.012523 0.012499
0 0.150208 0.911827 0.013892 0.013838
0 0.454479 0.243101 0.013265 0.013118
0 0.104032 0.427074 0.013121 0.013080
0 0.229333 0.267760 0.012322 0.012250
0 0.141121 0.721928 0.012616 0.012479
0 0.279603 0.436160 0.012206 0.012110
0 0.077187 0.147039 0.013687 0.013432
0 0.025736 0.948675 0.013841 0.013720
0 0.801994 0.049886 0.012590 0.012580
0 0.647424 0.642869 0.011974 0.011852
0 0.434167 0.619730 0.012305 0.012096
0 0.639007 0.438788 0.012482 0.012453
0 0.272765 0.567416 0.013440 0.013420
0 0.795865 0.249405 0.011983 0.012143
0 0.070282 0.744600 0.013617 0.013706
0 0.073534 0.611426 0.014171 0.014263
0 0.465224 0.348011 0.013411 0.013373
0 0.065195 0.394196 0.013986 0.013860
0 0.385779 0.469788 0.012991 0.012945
0 0.168699 0.770475 0.012105 0.011985
0 0.423432 0.305874 0.014071 0.014058
0 0.545267 0.671863 0.012530 0.012487
0 0.336758 0.722589 0.012620 0.012470
0 0.763570 0.907108 0.012509 0.012529
0 0.308375 0.171403 0.012383 0.012321
0 0.551801 0.185780 0.013499 0.013529
0 0.457723 0.024686 0.013736 0.013910
0 0.326526 0.390856 0.012434 0.012457
0 0.543706 0.439231 0.012403 0.012259
0 0.841477 0.107659 0.012369 0.012173
0 0.200474 0.871696 0.013458 0.013322
0 0.276925 0.835538 0.012646 0.012715
0 0.438995 0.431890 0.012223 0.012325
0 0.019693 0.410407 0.011874 0.011826
0 0.734122 0.978362 0.013076 0.012943
0 0.150153 0.231055 0.012752 0.012547
0 0.107193 0.510185 0.012627 0.012576
0 0.006770 0.879434 0.013057 0.014175
0 0.909073 0.648882 0.012960 0.012793
0 0.736339 0.619498 0.014414 0.014377
0 0.404877 0.238389 0.012457 0.012426
0 0.587903 0.266048 0.012687 0.012719
0 0.766179 0.533030 0.013337 0.013274
0 0.600642 0.637498 0.013723 0.013835
0 0.500499 0.671807 0.012562 0.012605
0 0.741529 0.469299 0.013243 0.013252
0 0.704903 0.816977 0.017178 0.016952
0 0.640268 0.373919 0.013719 0.013659
0 0.607842 0.898771 0.012162 0.012065
0 0.558758 0.142352 0.013458 0.013116
0 0.709117 0.552679 0.011830 0.011368
0 0.967318 0.591741 0.012013 0.011706
0 0.623564 0.503902 0.012773 0.012660
0 0.351674 0.921690 0.012559 0.012538
0 0.950390 0.449007 0.012383 0.012256
0 0.545455 0.919918 0.013138 0.013095
0 0.943169 0.851349 0.015092 0.014884
0 0.744961 0.722325 0.014190 0.014193
0 0.937252 0.264046 0.012726 0.012455
0 0.718307 0.711352 0.014031 0.013940
0 0.004997 0.081501 0.009959 0.012737
0 0.098632 0.935389 0.011916 0.012081
0 0.709355 0.479427 0.013290 0.013413
0 0.370143 0.974996 0.013738 0.013839
0 0.625290 0.274318 0.014179 0.014052
0 0.988306 0.949958 0.013525 0.013519
0 0.775217 0.202866 0.012800 0.012763
0 0.828692 0.553296 0.012740 0.012610
0 0.865745 0.070603 0.011592 0.011738
0 0.808539 0.018375 0.012309 0.012439
0 0.596858 0.542971 0.012293 0.012429
0 0.983739 0.745534 0.012995 0.013109
0 0.110862 0.524862 0.013079 0.013027
0 0.077719 0.825846 0.013153 0.012986
0 0.278870 0.285099 0.014418 0.014056
0 0.088093 0.912316 0.012137 0.012007
0 0.259914 0.734528 0.012433 0.012365
0 0.639966 0.469103 0.012177 0.012263
0 0.686741 0.657825 0.011963 0.011991
0 0.536125 0.494099 0.013675 0.013749
0 0.911184 0.987695 0.014076 0.014072
0 0.348263 0.295641 0.024006 0.023773
0 0.191492 0.044822 0.012641 0.012694
0 0.901398 0.533873 0.012793 0.012779
0 0.413136 0.996107 0.012875 0.007786
0 0.956025 0.946134 0.011885 0.011646
0 0.769130 0.279686 0.012937 0.012710
0 0.356913 0.729682 0.013209 0.013184
0 0.695322 0.626193 0.011341 0.011127
0 0.983572 0.510250 0.015130 0.014519
0 0.626568 0.790129 0.015210 0.014859
0 0.855315 0.115933 0.009791 0.010051
0 0.914303 0.822488 0.012622 0.012772
0 0.318940 0.823813 0.012821 0.012788
0 0.744002 0.103910 0.012225 0.011987
0 0.532479 0.635920 0.023715 0.023760
0 0.795251 0.419987 0.011230 0.011185
0 0.511679 0.940641 0.014279 0.014145
0 0.472019 0.367696 0.013702 0.014468
0 0.897629 0.248183 0.014488 0.014572
0 0.229326 0.961485 0.012379 0.012377
0 0.884656 0.258191 0.012317 0.012341
0 0.517006 0.249266 0.011287 0.011178
0 0.850018 0.715709 0.022717 0.022404
0 0.610552 0.998284 0.011275 0.003365
0 0.943044 0.024256 0.012017 0.011778
0 0.608077 0.520091 0.013431 0.013444
0 0.829025 0.259896 0.012384 0.012209
0 0.450590 0.984947 0.013661 0.013613
0 0.780461 0.422579 0.011543 0.011203
0 0.802054 0.536228 0.012104 0.012005
0 0.513137 0.989348 0.013936 0.013692
0 0.889258 0.579638 0.013045 0.012760
0 0.790831 0.485553 0.013038 0.012699
0 0.848975 0.537017 0.013041 0.012822
0 0.778333 0.462122 0.011654 0.011774
0 0.937576 0.038709 0.009415 0.009103
0 0.869127 0.409771 0.011427 0.011572
0 0.471132 0.382629 0.011294 0.011400
0 0.998069 0.217690 0.003839 0.012838
0 0.705225 0.949042 0.011687 0.011779
0 0.102590 0.869815 0.010173 0.009772
0 0.826828 0.280276 0.012089 0.011823
0 0.867032 0.564952 0.012252 0.012156
