0 0.226334 0.849144 0.013793 0.013829
0 0.901604 0.811903 0.013414 0.013435
0 0.911269 0.639068 0.014102 0.014217
0 0.254511 0.851282 0.012792 0.012701
0 0.562794 0.867613 0.013831 0.013895
0 0.850438 0.621904 0.012861 0.012957
0 0.098696 0.961000 0.013564 0.013514
0 0.370694 0.154975 0.013525 0.013396
0 0.182898 0.890688 0.013230 0.012995
0 0.198625 0.842196 0.013139 0.013059
0 0.331501 0.518781 0.012967 0.012953
0 0.979834 0.691087 0.013362 0.013212
0 0.342155 0.430308 0.012127 0.012051
0 0.909012 0.013480 0.012418 0.012386
0 0.669498 0.649264 0.012703 0.012630
0 0.108106 0.393311 0.014346 0.014534
0 0.173056 0.198206 0.012997 0.012844
0 0.079862 0.737316 0.013314 0.013448
0 0.264985 0.287638 0.012971 0.012910
0 0.831941 0.801587 0.012593 0.012663
0 0.355074 0.953887 0.013043 0.012998
0 0.748003 0.619230 0.013390 0.013329
0 0.340732 0.395424 0.013397 0.013493
0 0.687441 0.464644 0.013916 0.013857
0 0.466904 0.891068 0.012850 0.012732
0 0.393337 0.116515 0.014505 0.014509
0 0.077540 0.668887 0.013056 0.013087
0 0.321720 0.224476 0.013817 0.013700
0 0.120564 0.304714 0.012885 0.012896
0 0.524423 0.349488 0.013381 0.013061
0 0.532144 0.062972 0.013493 0.013264
0 0.108378 0.981521 0.013580 0.013639
0 0.468391 0.062330 0.012894 0.012940
0 0.678532 0.325155 0.012746 0.012739
0 0.766257 0.867766 0.012949 0.012712
0 0.605068 0.315937 0.012845 0.012562
0 0.479886 0.524543 0.014078 0.014180
0 0.147722 0.168892 0.014404 0.014821
0 0.989775 0.511091 0.013257 0.013383
0 0.195455 0.359973 0.013505 0.013458
0 0.106487 0.830513 0.012603 0.012583
0 0.216060 0.442719 0.013707 0.013631
0 0.161025 0.634219 0.012655 0.012468
0 0.028994 0.184870 0.012900 0.012891
0 0.191753 0.725692 0.010447 0.011088
0 0.301136 0.461935 0.011322 0.011295
0 0.217215 0.957878 0.014763 0.014791
0 0.045209 0.424324 0.014330 0.014339
0 0.553130 0.527004 0.012259 0.012374
0 0.314498 0.875620 0.012301 0.012576
0 0.615784 0.283673 0.012442 0.012306
0 0.172760 0.570298 0.011358 0.011559
0 0.725587 0.105345 0.013606 0.013698
0 0.060477 0.110851 0.013455 0.013202
0 0.519768 0.176828 0.013841 0.013913
0 0.148358 0.032897 0.013848 0.013632
0 0.976857 0.994930 0.013521 0.010113
0 0.702121 0.711209 0.012369 0.012302
0 0.508396 0.656384 0.012503 0.012634
0 0.542226 0.977924 0.013142 0.013067
0 0.221873 0.469402 0.012492 0.012495
0 0.635104 0.205779 0.011563 0.011541
0 0.340066 0.246219 0.012011 0.012063
0 0.510718 0.632080 0.013976 0.014380
0 0.775319 0.222862 0.011296 0.011048
0 0.586260 0.346090 0.011792 0.011749
0 0.866607 0.522333 0.011429 0.011535
0 0.380271 0.352253 0.011040 0.011098
0 0.141054 0.103844 0.011619 0.011787
0 0.516006 0.201939 0.012111 0.012109
0 0.692001 0.854325 0.013182 0.013203
0 0.812717 0.008593 0.013303 0.013470
0 0.004921 0.650866 0.009815 0.012364
0 0.976860 0.155802 0.012435 0.012418
0 0.526722 0.777397 0.012161 0.012247
0 0.849899 0.710906 0.023286 0.023290
0 0.654928 0.496380 0.013078 0.012762
0 0.440395 0.059775 0.012339 0.012346
0 0.395661 0.944040 0.009414 0.009246
0 0.380731 0.097375 0.015150 0.015061
0 0.508238 0.797535 0.012688 0.012738
0 0.235840 0.103148 0.013293 0.013182
0 0.253340 0.518352 0.011742 0.011728
0 0.166026 0.053037 0.013199 0.013256
0 0.026267 0.022652 0.012685 0.012467
0 0.837517 0.081515 0.011133 0.010835
0 0.146945 0.743521 0.011625 0.011678
0 0.421171 0.555868 0.012756 0.012657
0 0.643231 0.520399 0.012760 0.012729
0 0.015065 0.721765 0.012234 0.012239
0 0.495060 0.543719 0.014555 0.014782
0 0.750972 0.434164 0.012301 0.012444
0 0.420737 0.950599 0.012720 0.012971
0 0.790936 0.067587 0.014197 0.013769
0 0.606336 0.717223 0.012397 0.012251
0 0.898583 0.105957 0.013282 0.013233
0 0.068646 0.571434 0.015530 0.015493
0 0.597932 0.346205 0.012787 0.013161
0 0.347020 0.288841 0.021356 0.021101
0 0.736135 0.465613 0.014075 0.014291
0 0.789082 0.905127 0.009573 0.009286
0 0.327974 0.910445 0.012268 0.012266
0 0.224348 0.648159 0.011959 0.011886
0 0.785993 0.005925 0.015132 0.011849
0 0.323584 0.625199 0.012597 0.012262
0 0.115752 0.160659 0.012548 0.012463
0 0.194814 0.498131 0.010418 0.009997
0 0.782855 0.005879 0.016359 0.011759
0 0.401536 0.571327 0.010296 0.010315
0 0.495460 0.994045 0.010819 0.010471
0 0.996787 0.422223 0.006426 0.012402
