0 0.656329 0.497736 0.012857 0.012966
0 0.033766 0.504319 0.012185 0.012078
0 0.102820 0.152834 0.013040 0.012919
0 0.174451 0.201531 0.013040 0.012902
0 0.781012 0.044993 0.013872 0.013847
0 0.865275 0.629805 0.013295 0.013298
0 0.097034 0.567257 0.012531 0.012555
0 0.624784 0.634929 0.013391 0.013331
0 0.695333 0.272021 0.012859 0.012516
0 0.456364 0.039956 0.012917 0.012983
0 0.819628 0.651209 0.013679 0.013918
0 0.749658 0.073460 0.012734 0.012708
0 0.665034 0.754766 0.013450 0.013542
0 0.509577 0.331776 0.013034 0.012972
0 0.842471 0.339463 0.012297 0.012072
0 0.967186 0.590473 0.013551 0.013386
0 0.882836 0.431304 0.011934 0.011857
0 0.956231 0.509297 0.015114 0.014691
0 0.893249 0.848226 0.012883 0.012732
0 0.286293 0.251302 0.012761 0.012930
0 0.009504 0.186689 0.010793 0.010691
0 0.042198 0.054442 0.011331 0.011008
0 0.665607 0.434537 0.013074 0.013005
0 0.437071 0.316923 0.013437 0.013382
0 0.044292 0.358058 0.013295 0.013169
0 0.621720 0.065609 0.012251 0.012265
0 0.026534 0.480957 0.012353 0.012353
0 0.238728 0.709781 0.012409 0.012199
0 0.581005 0.043125 0.012648 0.012660
0 0.712264 0.321722 0.011929 0.012180
0 0.821398 0.447842 0.012885 0.012744
0 0.070670 0.842820 0.013354 0.013136
0 0.022084 0.818163 0.012500 0.012523
0 0.722276 0.668934 0.013036 0.013033
0 0.091212 0.722457 0.012362 0.012094
0 0.766587 0.030382 0.014151 0.014049
0 0.653451 0.628628 0.012943 0.013120
0 0.317495 0.330251 0.012673 0.012587
0 0.603996 0.277520 0.011847 0.011956
0 0.540758 0.244307 0.012236 0.012549
0 0.961507 0.756790 0.013692 0.013799
0 0.735064 0.620821 0.014539 0.014625
0 0.993914 0.455581 0.012051 0.013507
0 0.131376 0.340767 0.012121 0.012245
0 0.109084 0.670950 0.013649 0.013475
0 0.945666 0.379787 0.013295 0.013180
0 0.902472 0.462105 0.011984 0.012264
0 0.256507 0.715506 0.012876 0.013156
0 0.695300 0.510247 0.013556 0.013144
0 0.779643 0.522410 0.011675 0.011682
0 0.093768 0.378631 0.012069 0.011932
0 0.579305 0.599220 0.011992 0.011729
0 0.167017 0.796304 0.011590 0.011992
0 0.798943 0.745809 0.011325 0.011254
0 0.438331 0.206723 0.012886 0.013042
0 0.782560 0.804853 0.012438 0.012225
0 0.141190 0.109232 0.011365 0.010832
0 0.546841 0.016591 0.011470 0.011259
0 0.257980 0.511778 0.013113 0.013162
0 0.608904 0.846953 0.011980 0.012075
0 0.071000 0.976825 0.011581 0.011903
0 0.289620 0.862432 0.011547 0.011725
0 0.828497 0.596577 0.014223 0.013847
0 0.222332 0.748704 0.012300 0.012503
0 0.798909 0.553785 0.012027 0.012103
0 0.404728 0.293763 0.013568 0.013764
0 0.816252 0.975217 0.012470 0.012439
0 0.608825 0.567237 0.011299 0.011481
0 0.812811 0.752838 0.013493 0.013369
0 0.601521 0.491266 0.012749 0.013047
0 0.461730 0.513465 0.012946 0.013088
0 0.822704 0.913840 0.011759 0.012176
0 0.406008 0.187422 0.014405 0.014810
0 0.472288 0.959818 0.011224 0.011147
0 0.392738 0.502932 0.013346 0.013308
0 0.817806 0.624823 0.013086 0.013087
0 0.496155 0.628739 0.012537 0.012847
0 0.726813 0.841216 0.011494 0.011403
0 0.043000 0.977680 0.012158 0.012135
0 0.804746 0.394013 0.013235 0.013621
0 0.395630 0.986125 0.014586 0.014778
0 0.121137 0.694261 0.011126 0.011281
0 0.279742 0.436477 0.012395 0.012113
0 0.712933 0.383032 0.013244 0.013079
0 0.115774 0.625102 0.013721 0.013775
0 0.437785 0.498231 0.012071 0.012151
0 0.808887 0.726677 0.014080 0.013962
0 0.816080 0.531330 0.010851 0.010849
0 0.353026 0.858737 0.012109 0.012150
0 0.141895 0.107606 0.011690 0.011735
0 0.993535 0.052638 0.012882 0.015188
0 0.921239 0.808267 0.013328 0.013357
0 0.998250 0.219305 0.003495 0.015983
0 0.971402 0.312067 0.013106 0.013163
0 0.444316 0.849682 0.010850 0.010790
0 0.822065 0.517639 0.016572 0.015812
0 0.244231 0.889463 0.011883 0.011957
0 0.222015 0.125199 0.014296 0.014625
0 0.532411 0.876295 0.012292 0.012364
0 0.012856 0.417689 0.012532 0.012525
0 0.726926 0.279809 0.013729 0.013411
0 0.035420 0.075365 0.013620 0.013511
0 0.655905 0.958606 0.011873 0.011833
0 0.041319 0.004996 0.012237 0.009810
0 0.835354 0.985253 0.012348 0.012457
