0 0.808475 0.517862 0.018392 0.017870
0 0.336847 0.186028 0.014461 0.014451
0 0.403682 0.069122 0.013928 0.013907
0 0.449908 0.241114 0.016107 0.016167
0 0.955376 0.210958 0.014568 0.014564
0 0.509235 0.168051 0.015825 0.015577
0 0.294721 0.054624 0.015169 0.015063
0 0.835526 0.256064 0.014693 0.014628
0 0.057352 0.457193 0.017644 0.017516
0 0.816662 0.443899 0.013718 0.013508
0 0.200488 0.627841 0.013925 0.013710
0 0.215825 0.755541 0.013386 0.013334
0 0.186821 0.688809 0.013508 0.013453
0 0.622824 0.518507 0.014078 0.014198
0 0.974946 0.719722 0.014411 0.014348
0 0.055600 0.683113 0.014566 0.014260
0 0.666171 0.593133 0.015229 0.015237
0 0.208390 0.363871 0.013410 0.013545
0 0.390574 0.589833 0.014532 0.014720
0 0.580140 0.337738 0.014801 0.014795
0 0.870446 0.669450 0.014861 0.014803
0 0.957623 0.949166 0.014169 0.014087
0 0.646317 0.316677 0.014744 0.014480
0 0.115398 0.527761 0.015227 0.015358
0 0.735999 0.093790 0.014638 0.014881
0 0.207213 0.261619 0.017930 0.018402
0 0.896627 0.843917 0.015389 0.015519
0 0.412739 0.159795 0.014378 0.014232
0 0.914468 0.191354 0.013988 0.014111
0 0.882382 0.943459 0.014328 0.014389
0 0.687403 0.494527 0.013942 0.013693
0 0.783964 0.467259 0.014823 0.014923
0 0.283305 0.916873 0.015170 0.014986
0 0.134097 0.892828 0.014276 0.014045
0 0.594673 0.978654 0.014493 0.014591
0 0.430111 0.389733 0.014707 0.014639
0 0.035677 0.178425 0.015067 0.015029
0 0.367591 0.698856 0.014061 0.014214
0 0.558274 0.506903 0.013497 0.013511
0 0.168805 0.819966 0.014064 0.014094
0 0.831862 0.644793 0.014430 0.014222
0 0.459183 0.749843 0.015196 0.015216
0 0.658120 0.502573 0.015485 0.015725
0 0.127450 0.483969 0.014299 0.014285
0 0.379698 0.934876 0.015821 0.015823
0 0.951553 0.394849 0.015260 0.015369
0 0.635827 0.089979 0.015446 0.015475
0 0.707817 0.980032 0.014107 0.014289
0 0.731804 0.225981 0.015421 0.015436
0 0.197721 0.565862 0.015597 0.015605
0 0.820771 0.148523 0.014300 0.014378
0 0.095166 0.795091 0.014467 0.014733
0 0.251611 0.213663 0.014167 0.013822
0 0.461561 0.116354 0.014535 0.014407
0 0.143237 0.039886 0.015107 0.015144
0 0.141161 0.669769 0.015941 0.015748
0 0.597615 0.832199 0.015895 0.016234
0 0.347957 0.299811 0.023022 0.022961
0 0.074823 0.286812 0.015014 0.015030
0 0.178284 0.467794 0.015826 0.016178
0 0.268724 0.874014 0.013458 0.013557
0 0.567860 0.210510 0.014997 0.014967
0 0.885831 0.037595 0.014642 0.014805
0 0.787447 0.558572 0.015330 0.015406
0 0.087920 0.917109 0.014144 0.013994
0 0.175734 0.208376 0.014654 0.014763
0 0.160593 0.539914 0.015673 0.015414
0 0.137318 0.865231 0.015430 0.015245
0 0.766067 0.534254 0.014786 0.014680
0 0.320576 0.463853 0.015329 0.015490
0 0.920640 0.936265 0.013998 0.013871
0 0.227694 0.983447 0.014467 0.014620
0 0.800145 0.598777 0.015952 0.016309
0 0.850052 0.720384 0.022994 0.023271
0 0.447725 0.191268 0.014655 0.014740
0 0.813097 0.353597 0.014375 0.014480
0 0.719299 0.745201 0.014144 0.013727
0 0.807641 0.922659 0.014814 0.015063
0 0.592397 0.152915 0.015025 0.015089
0 0.993110 0.681807 0.013367 0.013475
0 0.533965 0.640405 0.022390 0.021869
0 0.722816 0.421473 0.014444 0.014410
0 0.205574 0.799758 0.015423 0.015136
0 0.269713 0.409739 0.015061 0.014999
0 0.456846 0.525625 0.012955 0.012778
0 0.040589 0.224078 0.013831 0.013697
0 0.922342 0.146889 0.020694 0.020408
0 0.563724 0.442947 0.016096 0.015986
0 0.522919 0.181605 0.014383 0.014334
0 0.540418 0.437073 0.014720 0.014698
0 0.784262 0.663850 0.013745 0.014083
0 0.046563 0.992551 0.014718 0.014287
0 0.788677 0.372996 0.015753 0.015795
0 0.803687 0.747908 0.014478 0.014616
0 0.646769 0.853993 0.013991 0.013982
0 0.068332 0.576403 0.021115 0.021124
0 0.645600 0.563032 0.014458 0.014297
0 0.910004 0.050432 0.014006 0.013841
0 0.371716 0.670377 0.015385 0.015109
0 0.067222 0.387933 0.013639 0.013834
0 0.476702 0.138043 0.015229 0.015270
0 0.022577 0.008846 0.015239 0.015577
0 0.260298 0.270352 0.014048 0.014140
0 0.986391 0.505075 0.016581 0.016322
0 0.627734 0.950837 0.013954 0.014013
0 0.779001 0.324631 0.017459 0.017389
0 0.204881 0.534027 0.016135 0.016192
0 0.461315 0.265271 0.016566 0.016947
0 0.891176 0.384909 0.016182 0.016319
0 0.670496 0.191776 0.019018 0.018704
0 0.665211 0.804744 0.013018 0.013228
0 0.282442 0.434645 0.015278 0.015310
0 0.888352 0.600661 0.014241 0.014847
0 0.912227 0.993284 0.018270 0.013341
0 0.050933 0.336720 0.015219 0.015140
0 0.874269 0.263493 0.014630 0.014448
0 0.278465 0.458826 0.014960 0.014862
0 0.239135 0.854135 0.014523 0.014223
0 0.992088 0.420157 0.015294 0.015352
0 0.996028 0.093744 0.007924 0.013604
0 0.752443 0.287146 0.014598 0.014371
0 0.131579 0.233859 0.016266 0.016625
0 0.825605 0.320904 0.013885 0.013842
0 0.594502 0.650018 0.013162 0.012877
0 0.887918 0.409915 0.015624 0.015486
0 0.377726 0.229253 0.020353 0.020726
0 0.720149 0.722729 0.017197 0.016635
0 0.245167 0.716246 0.015393 0.015246
0 0.873295 0.065657 0.013375 0.013355
0 0.322668 0.599909 0.014679 0.014656
0 0.689978 0.289425 0.017039 0.016848
0 0.376678 0.626775 0.020240 0.020087
0 0.233813 0.673309 0.014553 0.014525
0 0.339364 0.840901 0.014947 0.014764
0 0.813700 0.838996 0.015109 0.014961
0 0.052512 0.389931 0.012975 0.012972
0 0.003793 0.063313 0.007551 0.015440
0 0.481270 0.360085 0.015621 0.015417
0 0.894264 0.004272 0.012624 0.008544
0 0.698783 0.360352 0.014392 0.013884
0 0.985028 0.393587 0.015289 0.015147
0 0.769971 0.640819 0.014731 0.014736
0 0.376571 0.740876 0.021120 0.021011
0 0.163549 0.267013 0.017540 0.017231
0 0.737655 0.804724 0.014975 0.014886
0 0.997878 0.547329 0.004216 0.016215
0 0.704031 0.824466 0.021892 0.022161
0 0.359250 0.391629 0.014939 0.014596
0 0.525493 0.019504 0.019138 0.018661
0 0.623293 0.135167 0.012960 0.012907
0 0.601757 0.570825 0.016356 0.016053
0 0.484236 0.405331 0.015413 0.014767
0 0.167638 0.327948 0.014931 0.014866
0 0.299450 0.987030 0.014972 0.015147
0 0.738143 0.621047 0.016366 0.016800
0 0.361114 0.376182 0.016005 0.015923
