0 0.162167 0.484901 0.010666 0.010617
0 0.401323 0.879915 0.012897 0.012778
0 0.891045 0.922331 0.012022 0.011853
0 0.397706 0.169914 0.012905 0.012848
0 0.722421 0.266452 0.013401 0.013297
0 0.811918 0.884233 0.013114 0.012853
0 0.174949 0.444429 0.011927 0.011950
0 0.827260 0.755861 0.012880 0.012910
0 0.059060 0.476887 0.011431 0.011359
0 0.519816 0.160988 0.013012 0.012980
0 0.934550 0.842170 0.012720 0.012659
0 0.084634 0.405927 0.012318 0.012055
0 0.029926 0.487644 0.013202 0.013044
0 0.649167 0.686159 0.012621 0.012537
0 0.746086 0.811510 0.013436 0.013414
0 0.747744 0.619444 0.013313 0.013269
0 0.205584 0.401544 0.013001 0.013100
0 0.470775 0.111983 0.014103 0.014074
0 0.572405 0.425889 0.012792 0.012967
0 0.523792 0.349701 0.013848 0.013637
0 0.583961 0.525526 0.013351 0.013297
0 0.222052 0.469322 0.012431 0.012425
0 0.836917 0.552189 0.012139 0.012113
0 0.718315 0.430863 0.012790 0.012533
0 0.359136 0.854831 0.012759 0.012702
0 0.880368 0.646001 0.014256 0.014171
0 0.441393 0.059399 0.013306 0.013083
0 0.683677 0.534062 0.013106 0.013018
0 0.346705 0.495387 0.013794 0.013866
0 0.856372 0.608907 0.013575 0.013673
0 0.509241 0.611906 0.014319 0.014249
0 0.647566 0.295823 0.011408 0.011541
0 0.609773 0.820559 0.012881 0.012957
0 0.169213 0.679655 0.013467 0.013452
0 0.603798 0.274405 0.013680 0.013696
0 0.761371 0.255863 0.012729 0.012381
0 0.450424 0.957027 0.013549 0.013665
0 0.482425 0.062047 0.012644 0.012421
0 0.049777 0.305767 0.011847 0.011553
0 0.461535 0.011478 0.014088 0.013956
0 0.066909 0.544692 0.012317 0.012047
0 0.536356 0.488997 0.013347 0.013212
0 0.552843 0.730836 0.012943 0.012604
0 0.583401 0.597997 0.013108 0.012971
0 0.052878 0.610071 0.013064 0.012924
0 0.380580 0.440913 0.012334 0.012117
0 0.184248 0.891622 0.012929 0.012927
0 0.300038 0.052695 0.014246 0.014468
0 0.850962 0.764686 0.012231 0.012025
0 0.152372 0.340543 0.012984 0.012865
0 0.072906 0.750033 0.011344 0.011345
0 0.288764 0.607352 0.013620 0.013537
0 0.764750 0.587027 0.013612 0.013819
0 0.652574 0.486220 0.013564 0.013616
0 0.430448 0.034117 0.013011 0.013051
0 0.715565 0.607892 0.011364 0.011394
0 0.669650 0.339211 0.012715 0.012692
0 0.554436 0.086212 0.012506 0.012317
0 0.120800 0.392862 0.013387 0.013555
0 0.101025 0.367875 0.013202 0.013352
0 0.608687 0.858155 0.012487 0.012621
0 0.330531 0.518062 0.012025 0.012019
0 0.320100 0.722535 0.013372 0.013375
0 0.461051 0.711440 0.013065 0.012941
0 0.243564 0.965315 0.012339 0.012238
0 0.010772 0.770914 0.013080 0.013139
0 0.538106 0.978830 0.011082 0.010834
0 0.592088 0.301138 0.012884 0.012793
0 0.108611 0.735302 0.012342 0.012432
0 0.399543 0.539037 0.012746 0.012843
0 0.352799 0.334059 0.013774 0.013695
0 0.144394 0.228909 0.012490 0.012537
0 0.237497 0.201430 0.014112 0.014250
0 0.291556 0.734988 0.012809 0.012733
0 0.125199 0.430617 0.012507 0.012679
0 0.749418 0.238194 0.011366 0.011428
0 0.850081 0.153177 0.013208 0.013124
0 0.544454 0.917255 0.011923 0.011948
0 0.091353 0.068970 0.014126 0.014156
0 0.757296 0.857667 0.012688 0.012444
0 0.590421 0.022666 0.013619 0.013349
0 0.396147 0.942518 0.009253 0.009146
0 0.136187 0.455733 0.013250 0.012988
0 0.282308 0.708574 0.013055 0.012970
0 0.518710 0.005306 0.014775 0.010613
0 0.072283 0.229562 0.012944 0.013097
0 0.025633 0.647215 0.011811 0.011584
0 0.841639 0.038254 0.013065 0.012994
0 0.107819 0.981512 0.013491 0.013840
0 0.531666 0.629507 0.023038 0.022871
0 0.294922 0.374676 0.014710 0.014108
0 0.223816 0.648326 0.012218 0.011982
0 0.368781 0.227925 0.015182 0.015361
0 0.507310 0.531916 0.015208 0.015493
0 0.123568 0.159012 0.012939 0.012989
0 0.422600 0.555890 0.013083 0.013113
0 0.339098 0.954592 0.012113 0.012346
0 0.849647 0.711051 0.021951 0.021704
0 0.707808 0.574666 0.012669 0.012603
0 0.060700 0.670799 0.012534 0.012299
0 0.493703 0.543999 0.013458 0.013589
0 0.989069 0.320150 0.013361 0.013551
0 0.996197 0.423822 0.007606 0.010236
0 0.058414 0.433887 0.010066 0.009569
0 0.974719 0.564315 0.011493 0.011716
0 0.954311 0.201836 0.012165 0.012270
0 0.083034 0.160518 0.012760 0.012846
0 0.875734 0.424083 0.013089 0.013404
0 0.785816 0.005482 0.013326 0.010886
0 0.495208 0.508428 0.013567 0.013152
0 0.188877 0.017638 0.011691 0.011669
