0 0.042170 0.088360 0.012602 0.012584
0 0.102091 0.165008 0.012874 0.012921
0 0.041672 0.340436 0.012351 0.012463
0 0.659250 0.496131 0.012983 0.012943
0 0.218424 0.722087 0.012301 0.012246
0 0.141454 0.379430 0.012933 0.012902
0 0.081453 0.692644 0.012337 0.012281
0 0.080206 0.057845 0.012188 0.011991
0 0.958020 0.081805 0.012678 0.012526
0 0.456208 0.031190 0.012938 0.012913
0 0.908222 0.455030 0.011875 0.011645
0 0.174578 0.791564 0.011889 0.011718
0 0.037977 0.572817 0.012232 0.012231
0 0.133664 0.513929 0.013605 0.013444
0 0.860761 0.634928 0.013429 0.013374
0 0.662666 0.433258 0.012892 0.013130
0 0.817393 0.456149 0.013060 0.012781
0 0.094093 0.655346 0.011773 0.011921
0 0.014722 0.185284 0.011960 0.011938
0 0.064035 0.809530 0.012417 0.012500
0 0.034139 0.952618 0.013262 0.012838
0 0.630418 0.659726 0.013198 0.013153
0 0.462183 0.966046 0.010953 0.010964
0 0.201823 0.856189 0.012138 0.012194
0 0.263179 0.500112 0.012883 0.013067
0 0.541738 0.076401 0.012695 0.012598
0 0.780342 0.522993 0.012191 0.012327
0 0.881926 0.438904 0.011421 0.011130
0 0.750990 0.638505 0.012899 0.012779
0 0.955851 0.509204 0.015106 0.014634
0 0.811425 0.366738 0.012504 0.012354
0 0.683909 0.493196 0.012743 0.013003
0 0.162764 0.952121 0.012698 0.012804
0 0.282077 0.828259 0.012280 0.012197
0 0.547181 0.862282 0.013551 0.013396
0 0.857222 0.569981 0.015059 0.015104
0 0.092123 0.569016 0.010813 0.011096
0 0.227197 0.772649 0.012291 0.012200
0 0.591993 0.356048 0.012799 0.012669
0 0.220914 0.572212 0.012657 0.012718
0 0.247574 0.781319 0.012131 0.012124
0 0.993420 0.066365 0.013060 0.014402
0 0.148187 0.096236 0.012856 0.012972
0 0.556809 0.064191 0.012616 0.012774
0 0.614875 0.465722 0.012532 0.012602
0 0.313153 0.311287 0.012258 0.012194
0 0.710196 0.320780 0.011528 0.011604
0 0.735522 0.621303 0.014597 0.014787
0 0.078593 0.960851 0.013194 0.013183
0 0.076089 0.845220 0.011692 0.011627
0 0.995504 0.456242 0.008977 0.013330
0 0.439987 0.847008 0.011768 0.011633
0 0.279334 0.436398 0.011667 0.011437
0 0.750757 0.536824 0.011777 0.012054
0 0.478586 0.292994 0.011926 0.012051
0 0.723390 0.673429 0.012214 0.012285
0 0.538164 0.481836 0.012060 0.012270
0 0.020534 0.802535 0.014653 0.014780
0 0.530591 0.126895 0.013083 0.013164
0 0.814224 0.653097 0.013800 0.013917
0 0.785907 0.061440 0.014138 0.014172
0 0.576450 0.591440 0.011506 0.011467
0 0.951098 0.380915 0.013361 0.013439
0 0.181674 0.173902 0.011890 0.012030
0 0.247991 0.330027 0.013493 0.013498
0 0.240276 0.924300 0.012111 0.011486
0 0.824086 0.598651 0.013606 0.013452
0 0.495803 0.624679 0.011960 0.012099
0 0.117643 0.112861 0.014836 0.015026
0 0.718365 0.535184 0.014381 0.014067
0 0.142405 0.715928 0.014482 0.014419
0 0.553115 0.571646 0.012247 0.012280
0 0.452298 0.332723 0.011328 0.011096
0 0.544504 0.784519 0.012939 0.012638
0 0.653752 0.900716 0.011371 0.011348
0 0.452510 0.738380 0.011837 0.011875
0 0.471555 0.225631 0.014201 0.014236
0 0.401628 0.443929 0.012467 0.012561
0 0.795510 0.752578 0.012846 0.013223
0 0.160688 0.578238 0.013706 0.013601
0 0.654606 0.380990 0.012114 0.011888
0 0.822126 0.317807 0.013086 0.013386
0 0.812913 0.975989 0.011287 0.011241
0 0.010410 0.417486 0.012893 0.012949
0 0.822601 0.518952 0.014639 0.014549
0 0.784853 0.059815 0.014322 0.014470
0 0.637579 0.820951 0.012394 0.012561
0 0.322003 0.226240 0.012040 0.012308
0 0.227893 0.911579 0.013303 0.012860
0 0.599706 0.053991 0.012318 0.012398
0 0.388758 0.265573 0.014519 0.014503
0 0.438703 0.558497 0.013318 0.013361
0 0.890951 0.739113 0.014404 0.014455
0 0.814685 0.626947 0.012447 0.012722
0 0.690944 0.750638 0.011519 0.011744
0 0.796793 0.964057 0.010401 0.010385
0 0.749733 0.079105 0.013669 0.013315
0 0.728096 0.278732 0.012741 0.012515
0 0.689156 0.384038 0.011979 0.011761
0 0.727313 0.850154 0.011061 0.011077
0 0.711549 0.382812 0.012733 0.012483
0 0.567247 0.412170 0.013832 0.014005
0 0.833767 0.985602 0.011941 0.012060
