0 0.119192 0.074291 0.014591 0.014465
0 0.195595 0.068160 0.012540 0.012642
0 0.356745 0.540733 0.012565 0.012433
0 0.285011 0.069496 0.012270 0.012152
0 0.393271 0.943851 0.013132 0.013022
0 0.748686 0.616432 0.012899 0.012705
0 0.627241 0.707925 0.013543 0.013330
0 0.187290 0.888973 0.012966 0.012879
0 0.500680 0.844291 0.012342 0.012276
0 0.458536 0.956975 0.012153 0.012150
0 0.040014 0.713908 0.013355 0.013397
0 0.349636 0.447436 0.012528 0.012505
0 0.179527 0.640997 0.011958 0.011789
0 0.253329 0.483975 0.011906 0.011784
0 0.407288 0.263258 0.012644 0.012588
0 0.300407 0.660468 0.011927 0.012166
0 0.249314 0.404009 0.012837 0.012608
0 0.713891 0.649154 0.012845 0.012705
0 0.023949 0.683414 0.010951 0.010774
0 0.524296 0.347269 0.012194 0.011901
0 0.372272 0.798615 0.011671 0.011727
0 0.463960 0.739742 0.011934 0.011834
0 0.554018 0.470239 0.011663 0.011723
0 0.355145 0.369308 0.011430 0.011715
0 0.546693 0.409573 0.012113 0.012161
0 0.066756 0.455033 0.011967 0.012074
0 0.021863 0.124975 0.011612 0.011768
0 0.730378 0.682951 0.012328 0.012055
0 0.317601 0.213853 0.011964 0.011826
0 0.018702 0.551317 0.011828 0.011862
0 0.130882 0.854378 0.012461 0.012469
0 0.141479 0.919181 0.013180 0.013034
0 0.088852 0.502836 0.012144 0.012062
0 0.135630 0.523647 0.013902 0.014023
0 0.868306 0.747612 0.009947 0.010179
0 0.686265 0.982279 0.012282 0.012462
0 0.226338 0.649930 0.011778 0.011397
0 0.542698 0.973004 0.011579 0.011397
0 0.223995 0.467094 0.011889 0.011849
0 0.425503 0.696195 0.009359 0.009418
0 0.963531 0.744475 0.010328 0.010032
0 0.192686 0.461990 0.011389 0.011132
0 0.410216 0.914137 0.010701 0.010537
0 0.530788 0.636630 0.022299 0.022529
0 0.331374 0.734641 0.010982 0.011520
0 0.124493 0.994123 0.012800 0.011570
0 0.661533 0.891473 0.011955 0.011732
0 0.847820 0.718146 0.019989 0.019357
0 0.343851 0.296465 0.022090 0.021813
0 0.607571 0.192432 0.009461 0.010192
0 0.930834 0.462129 0.010075 0.009985
0 0.816744 0.136447 0.013030 0.012633
0 0.861004 0.381282 0.011470 0.011609
0 0.146938 0.685062 0.009688 0.009803
0 0.076570 0.821549 0.011363 0.011326
0 0.803330 0.346273 0.010799 0.010823
0 0.593292 0.309557 0.010963 0.011218
0 0.098112 0.332132 0.009819 0.010788
0 0.702241 0.820491 0.014649 0.014124
0 0.450325 0.220223 0.012312 0.012073
0 0.402989 0.848086 0.010307 0.009877
0 0.427654 0.245151 0.012336 0.012086
0 0.582200 0.272519 0.009140 0.009413
0 0.062406 0.620467 0.011386 0.011465
0 0.602756 0.137116 0.010952 0.010754
0 0.313175 0.298310 0.011849 0.011551
0 0.640943 0.370874 0.010135 0.010478
0 0.526404 0.045655 0.011277 0.011412
0 0.421468 0.532991 0.007769 0.007815
0 0.815916 0.582061 0.010890 0.010663
0 0.669056 0.190062 0.016693 0.016647
