0 0.786619 0.141193 0.013544 0.013421
0 0.724044 0.970798 0.012843 0.012841
0 0.942334 0.845827 0.013094 0.013226
0 0.604038 0.899315 0.012458 0.012364
0 0.314900 0.414691 0.013449 0.013494
0 0.645490 0.936452 0.012681 0.012614
0 0.226724 0.368417 0.013097 0.013153
0 0.221945 0.588869 0.013450 0.013370
0 0.701069 0.226667 0.013272 0.013127
0 0.639986 0.661850 0.013707 0.013653
0 0.477107 0.296947 0.013161 0.013020
0 0.818817 0.535569 0.013107 0.012925
0 0.617792 0.040532 0.013788 0.013785
0 0.818829 0.646705 0.012960 0.013087
0 0.758881 0.487469 0.014338 0.014152
0 0.539469 0.396523 0.012985 0.013091
0 0.952863 0.404693 0.013019 0.013115
0 0.714901 0.411814 0.014247 0.014097
0 0.294896 0.351197 0.012225 0.012122
0 0.348639 0.578218 0.015818 0.015825
0 0.869470 0.948973 0.013488 0.013511
0 0.859638 0.072228 0.014497 0.014531
0 0.943635 0.581613 0.013541 0.013484
0 0.720365 0.568031 0.013365 0.013527
0 0.509885 0.525654 0.012477 0.012379
0 0.926921 0.601522 0.012549 0.012427
0 0.884589 0.500611 0.012918 0.012918
0 0.574982 0.354065 0.013497 0.013197
0 0.764648 0.903389 0.013462 0.013356
0 0.593812 0.162220 0.013610 0.013418
0 0.169184 0.392748 0.013711 0.013713
0 0.325614 0.472797 0.012685 0.012596
0 0.884491 0.466445 0.013367 0.013273
0 0.290101 0.201864 0.012865 0.012937
0 0.054534 0.844235 0.012978 0.013108
0 0.347869 0.137701 0.013006 0.013063
0 0.730047 0.938818 0.011699 0.011728
0 0.868405 0.272114 0.012667 0.012662
0 0.494420 0.791963 0.013285 0.013379
0 0.948803 0.907838 0.012911 0.012862
0 0.914521 0.679830 0.012756 0.012821
0 0.251345 0.511453 0.013079 0.013000
0 0.034316 0.584472 0.013421 0.013160
0 0.093429 0.523057 0.013906 0.013779
0 0.263711 0.072119 0.012791 0.012554
0 0.457734 0.860003 0.012954 0.012923
0 0.754610 0.014295 0.012647 0.012452
0 0.090062 0.420561 0.012788 0.012660
0 0.683679 0.091620 0.012910 0.012998
0 0.410159 0.927181 0.012783 0.012773
0 0.042069 0.528632 0.013871 0.013706
0 0.563328 0.568630 0.013535 0.013486
0 0.283923 0.146359 0.013620 0.013395
0 0.558064 0.053186 0.012671 0.012727
0 0.364748 0.349070 0.015098 0.015042
0 0.078085 0.233059 0.012761 0.012804
0 0.402979 0.815003 0.013530 0.013469
0 0.558172 0.083556 0.015085 0.014833
0 0.879187 0.207060 0.012199 0.012290
0 0.810625 0.262479 0.012554 0.012656
0 0.835699 0.844309 0.012043 0.012225
0 0.810986 0.351385 0.014296 0.014357
0 0.855398 0.783844 0.012471 0.012255
0 0.544479 0.188102 0.012805 0.012706
0 0.479638 0.112581 0.014365 0.013938
0 0.237745 0.219623 0.013150 0.013042
0 0.029394 0.687052 0.014166 0.014035
0 0.032378 0.303775 0.013007 0.012932
0 0.455322 0.594721 0.013168 0.013118
0 0.892314 0.110707 0.013168 0.013212
0 0.196707 0.230105 0.013449 0.013293
0 0.032461 0.608706 0.013823 0.013694
0 0.053554 0.334527 0.013381 0.013358
0 0.060000 0.986831 0.013085 0.013030
0 0.111621 0.391108 0.013331 0.013239
0 0.499210 0.012659 0.013185 0.013163
0 0.085454 0.086111 0.013024 0.013061
0 0.689879 0.333906 0.014235 0.014301
0 0.166143 0.530596 0.014479 0.014358
0 0.906876 0.398303 0.014799 0.015006
0 0.429878 0.726220 0.013589 0.013455
0 0.154105 0.492339 0.013104 0.013064
0 0.776089 0.458122 0.014436 0.014532
0 0.818582 0.126275 0.013388 0.013752
0 0.354598 0.799401 0.013374 0.013318
0 0.816188 0.967084 0.012287 0.012402
0 0.606329 0.680574 0.013853 0.013978
0 0.527431 0.219179 0.013712 0.013764
0 0.525942 0.413695 0.013728 0.013794
0 0.846386 0.592377 0.013590 0.013520
0 0.379080 0.945950 0.012682 0.012895
0 0.391187 0.692817 0.012693 0.012573
0 0.209898 0.626639 0.014583 0.014437
0 0.796783 0.862748 0.012478 0.012558
0 0.242907 0.932624 0.013670 0.013420
0 0.164341 0.358725 0.011845 0.011792
0 0.339524 0.085461 0.014333 0.014206
0 0.648327 0.906346 0.013905 0.013766
0 0.369467 0.648306 0.012736 0.012707
0 0.354146 0.162451 0.014153 0.014021
0 0.877714 0.170011 0.013329 0.013350
0 0.212214 0.090121 0.014068 0.014028
0 0.742208 0.410152 0.015616 0.015564
0 0.331842 0.764059 0.013674 0.013800
0 0.133917 0.410052 0.013998 0.013906
0 0.481189 0.266645 0.014856 0.014826
0 0.838685 0.923927 0.014009 0.014129
0 0.028153 0.887517 0.012825 0.013076
0 0.336122 0.651165 0.013457 0.013537
0 0.064849 0.949039 0.013229 0.013120
0 0.491695 0.451519 0.013584 0.013634
0 0.229564 0.173969 0.014090 0.014026
0 0.045741 0.422192 0.013192 0.013013
0 0.378166 0.204785 0.013778 0.013913
0 0.832703 0.139400 0.013619 0.013829
0 0.419864 0.415168 0.015078 0.014626
0 0.546922 0.745751 0.014697 0.014649
0 0.640903 0.253890 0.015797 0.015722
0 0.309346 0.045397 0.013696 0.013586
0 0.155328 0.787802 0.012147 0.011895
0 0.022986 0.381478 0.013379 0.013268
0 0.264843 0.141355 0.013072 0.012634
0 0.390646 0.547127 0.013643 0.013640
0 0.433518 0.630477 0.013144 0.013296
0 0.122847 0.978784 0.013039 0.013058
0 0.578960 0.262354 0.012718 0.012688
0 0.713438 0.823690 0.013453 0.013404
0 0.975126 0.175464 0.013069 0.012978
0 0.670158 0.052663 0.012601 0.012423
0 0.938502 0.872202 0.013588 0.013321
0 0.010324 0.534030 0.013573 0.013506
0 0.102758 0.192526 0.014201 0.014369
0 0.051565 0.232991 0.013107 0.012746
0 0.020464 0.125176 0.013915 0.013904
0 0.525305 0.297954 0.012917 0.012972
0 0.952020 0.006414 0.012607 0.012542
0 0.800383 0.220628 0.015532 0.015530
0 0.230438 0.683303 0.014860 0.014737
0 0.447739 0.906736 0.013433 0.013843
0 0.012560 0.221455 0.013128 0.013173
0 0.790006 0.187306 0.012687 0.012307
0 0.164993 0.564198 0.013510 0.013624
0 0.850665 0.711873 0.022010 0.022094
0 0.607141 0.193574 0.015154 0.014890
0 0.961394 0.879002 0.014237 0.013908
0 0.737524 0.319874 0.013404 0.014126
0 0.133979 0.260706 0.012110 0.012126
0 0.741703 0.346914 0.013322 0.013047
0 0.982727 0.192544 0.013299 0.013418
0 0.817466 0.391717 0.014390 0.014441
0 0.014367 0.447646 0.014146 0.014074
0 0.525238 0.023249 0.012716 0.012501
0 0.969239 0.933592 0.011784 0.011983
0 0.268707 0.991324 0.012578 0.012464
0 0.736479 0.605866 0.014278 0.014579
0 0.006722 0.684147 0.012704 0.013543
0 0.960790 0.572848 0.013099 0.013195
0 0.995133 0.438554 0.009734 0.013691
0 0.135742 0.853581 0.013207 0.012861
0 0.656022 0.617522 0.013260 0.013046
0 0.771037 0.600132 0.014126 0.014081
0 0.198945 0.017573 0.013402 0.013552
0 0.403825 0.996430 0.015735 0.007100
0 0.453852 0.014243 0.013421 0.013292
0 0.532755 0.433372 0.012717 0.012958
0 0.448312 0.668135 0.013052 0.013120
0 0.820553 0.003110 0.013433 0.006215
0 0.270527 0.668232 0.013269 0.013441
0 0.845066 0.184553 0.014818 0.014669
0 0.146899 0.062989 0.012507 0.012367
0 0.514027 0.837114 0.012970 0.012921
0 0.989559 0.654112 0.012329 0.011903
0 0.386047 0.980079 0.013573 0.012926
0 0.544790 0.997821 0.013269 0.004355
0 0.112372 0.826456 0.013327 0.012480
0 0.267436 0.720307 0.014102 0.014070
0 0.076408 0.367427 0.014295 0.014558
0 0.804791 0.023824 0.012493 0.012374
0 0.723600 0.656527 0.014227 0.014076
0 0.022613 0.358569 0.012290 0.012342
0 0.346208 0.290283 0.024486 0.024366
0 0.650247 0.591850 0.013344 0.013282
0 0.661288 0.907616 0.009090 0.009711
0 0.257982 0.806748 0.013636 0.013427
0 0.222845 0.746940 0.011236 0.011313
0 0.110920 0.828238 0.013097 0.012899
0 0.444213 0.684008 0.012845 0.012823
0 0.198389 0.538501 0.014272 0.014047
0 0.208099 0.986375 0.012547 0.012381
0 0.634469 0.585309 0.014492 0.014400
0 0.144627 0.062210 0.012390 0.011966
0 0.134955 0.248203 0.013593 0.013500
0 0.860723 0.010523 0.012775 0.012764
