0 0.678951 0.614753 0.016410 0.016217
0 0.299726 0.686688 0.014991 0.015001
0 0.210670 0.386940 0.014830 0.014653
0 0.881940 0.323266 0.015386 0.015278
0 0.206513 0.762483 0.014184 0.014225
0 0.958089 0.628975 0.015073 0.014974
0 0.137620 0.587527 0.014702 0.014231
0 0.955805 0.553118 0.014621 0.014590
0 0.490915 0.139387 0.016736 0.016543
0 0.344195 0.607310 0.014034 0.013955
0 0.258150 0.696400 0.013977 0.013817
0 0.567957 0.305331 0.013775 0.013666
0 0.545414 0.497293 0.013618 0.013443
0 0.154812 0.717452 0.013764 0.013765
0 0.386089 0.672023 0.014268 0.014334
0 0.832200 0.274668 0.014541 0.014520
0 0.748857 0.490767 0.015998 0.016042
0 0.033004 0.640591 0.014535 0.014622
0 0.355821 0.231111 0.013277 0.013301
0 0.304257 0.331756 0.015548 0.015576
0 0.022982 0.567761 0.013712 0.013663
0 0.813281 0.941441 0.013880 0.013831
0 0.736362 0.369191 0.015096 0.015204
0 0.793197 0.451472 0.014544 0.014527
0 0.123222 0.827201 0.013862 0.013703
0 0.539780 0.061148 0.014242 0.014168
0 0.721454 0.433147 0.015241 0.014950
0 0.531163 0.869869 0.013865 0.013772
0 0.951422 0.946630 0.014675 0.014538
0 0.549826 0.844186 0.015832 0.015906
0 0.027123 0.910870 0.014679 0.014466
0 0.287185 0.868646 0.013460 0.013608
0 0.659485 0.453016 0.014029 0.014159
0 0.582173 0.595576 0.014806 0.014889
0 0.182375 0.531835 0.014682 0.014928
0 0.162002 0.617612 0.015544 0.015762
0 0.563442 0.543853 0.014820 0.014905
0 0.643774 0.398180 0.014595 0.014573
0 0.880293 0.381226 0.014309 0.014120
0 0.740116 0.565053 0.014444 0.014174
0 0.788016 0.282630 0.014188 0.014173
0 0.700693 0.768569 0.014086 0.014127
0 0.935231 0.081112 0.014589 0.014416
0 0.621532 0.570637 0.014283 0.014334
0 0.697192 0.236114 0.014756 0.014584
0 0.259039 0.064428 0.014316 0.014778
0 0.276443 0.827595 0.014173 0.014381
0 0.624199 0.153199 0.014248 0.014269
0 0.240759 0.857979 0.015097 0.015321
0 0.669577 0.137401 0.017152 0.016845
0 0.145659 0.859170 0.013857 0.013842
0 0.487698 0.469909 0.015207 0.015121
0 0.666931 0.247295 0.015030 0.015080
0 0.448463 0.243348 0.014863 0.015011
0 0.867152 0.057982 0.015457 0.015378
0 0.723492 0.702754 0.014666 0.014817
0 0.949606 0.409736 0.014863 0.015023
0 0.203901 0.243045 0.016085 0.016396
0 0.609061 0.668529 0.014454 0.014372
0 0.474755 0.065556 0.014587 0.014737
0 0.194257 0.196632 0.014699 0.015333
0 0.230769 0.184070 0.014711 0.014322
0 0.620405 0.191118 0.014318 0.014368
0 0.501891 0.358078 0.015619 0.015602
0 0.239454 0.512821 0.015136 0.015152
0 0.094000 0.382193 0.015472 0.015564
0 0.347771 0.299172 0.022899 0.022876
0 0.147718 0.821996 0.014100 0.013976
0 0.067783 0.575846 0.020965 0.020678
0 0.636637 0.088441 0.021345 0.021090
0 0.130948 0.717549 0.014005 0.013973
0 0.497658 0.605525 0.014268 0.014224
0 0.243178 0.555449 0.015188 0.015134
0 0.626507 0.898259 0.014030 0.013978
0 0.476753 0.244443 0.016523 0.016364
0 0.725575 0.975241 0.014797 0.015134
0 0.280409 0.308499 0.016398 0.016561
0 0.719044 0.669765 0.016118 0.016327
0 0.765540 0.161630 0.016508 0.016433
0 0.979209 0.316781 0.014280 0.014131
0 0.989626 0.348671 0.015012 0.014656
0 0.846383 0.969744 0.013836 0.013727
0 0.748758 0.825683 0.014214 0.014547
0 0.629112 0.446591 0.015311 0.015354
0 0.939933 0.214688 0.013222 0.013153
0 0.358349 0.971031 0.014810 0.014554
0 0.737889 0.618292 0.015209 0.015258
0 0.026971 0.314059 0.014658 0.014452
0 0.087078 0.902965 0.014410 0.014727
0 0.086479 0.991360 0.014850 0.014751
0 0.088965 0.038865 0.014232 0.014359
0 0.411798 0.256211 0.015626 0.015257
0 0.436826 0.398311 0.015852 0.015686
0 0.594847 0.708719 0.014399 0.014578
0 0.641309 0.730052 0.014077 0.014170
0 0.090059 0.698579 0.014919 0.014668
0 0.556617 0.668786 0.013890 0.013327
0 0.034199 0.151861 0.014618 0.014613
0 0.022301 0.007079 0.015084 0.013933
0 0.647190 0.362931 0.013324 0.013241
0 0.909787 0.990925 0.017680 0.017158
0 0.163358 0.928122 0.015196 0.015185
0 0.921706 0.146055 0.020639 0.020873
0 0.025158 0.480510 0.015954 0.016196
0 0.684640 0.679621 0.014451 0.014545
0 0.624275 0.709536 0.017461 0.017579
0 0.465342 0.373724 0.014427 0.014278
0 0.448971 0.348026 0.015911 0.016046
0 0.667151 0.562934 0.014648 0.014578
0 0.883290 0.587788 0.013606 0.013379
0 0.769869 0.926001 0.014783 0.015036
0 0.793850 0.159698 0.014223 0.014102
0 0.080652 0.332381 0.015145 0.015482
0 0.527199 0.641161 0.019306 0.018694
0 0.008146 0.098806 0.014363 0.014514
0 0.124151 0.240981 0.015722 0.015748
0 0.994390 0.884160 0.011220 0.015049
0 0.096173 0.854196 0.015356 0.015303
0 0.377117 0.229862 0.020766 0.020429
0 0.439090 0.213360 0.014092 0.014013
0 0.285412 0.430418 0.015193 0.014771
0 0.188781 0.636398 0.015973 0.015974
0 0.781463 0.562282 0.015401 0.015517
0 0.943550 0.238983 0.013677 0.013891
0 0.852521 0.720743 0.020494 0.019982
0 0.525080 0.020151 0.018533 0.018383
0 0.003814 0.062226 0.007604 0.016115
0 0.740865 0.915953 0.014659 0.014654
0 0.801819 0.601658 0.015901 0.015726
0 0.700836 0.545907 0.014569 0.014500
0 0.712159 0.558428 0.014968 0.014937
0 0.541123 0.736534 0.021126 0.020797
0 0.021813 0.400975 0.016097 0.016251
0 0.377436 0.740783 0.023669 0.023724
0 0.044186 0.346008 0.013771 0.013104
0 0.342160 0.004340 0.013118 0.008612
0 0.265399 0.246245 0.020391 0.020330
0 0.979799 0.003313 0.016552 0.006543
0 0.560485 0.979035 0.015510 0.015340
0 0.469736 0.421543 0.014629 0.014261
0 0.884067 0.720745 0.015937 0.016116
0 0.994189 0.072408 0.011255 0.012988
0 0.985382 0.021050 0.014039 0.014193
0 0.671051 0.192763 0.019832 0.019566
0 0.247580 0.530215 0.015141 0.014842
0 0.703687 0.823152 0.022598 0.022623
0 0.819033 0.109808 0.014427 0.014429
0 0.100058 0.034475 0.012831 0.012893
0 0.189975 0.634214 0.016801 0.016456
0 0.985378 0.502750 0.016173 0.016067
0 0.710104 0.557462 0.016103 0.014882
0 0.147715 0.259250 0.014746 0.014762
0 0.812560 0.069079 0.012770 0.012418
0 0.192972 0.980747 0.015860 0.015993
0 0.378006 0.626683 0.021684 0.021763
