0 0.116402 0.565338 0.013245 0.013183
0 0.748491 0.615389 0.012640 0.012409
0 0.210260 0.546782 0.012787 0.012685
0 0.433837 0.253051 0.011936 0.011883
0 0.193036 0.308730 0.012264 0.012064
0 0.218128 0.026213 0.012590 0.012319
0 0.112482 0.835179 0.013214 0.013207
0 0.331303 0.516841 0.011736 0.011651
0 0.465592 0.067874 0.014347 0.014148
0 0.462610 0.959392 0.013103 0.012922
0 0.270588 0.314920 0.012226 0.012201
0 0.134738 0.185947 0.012311 0.012242
0 0.668929 0.397272 0.011799 0.011801
0 0.522209 0.303549 0.012646 0.012686
0 0.586293 0.587220 0.010670 0.010634
0 0.287052 0.095877 0.013924 0.013943
0 0.135110 0.681106 0.013488 0.013546
0 0.637603 0.682269 0.014152 0.014185
0 0.708331 0.599489 0.012647 0.012578
0 0.353125 0.427999 0.014300 0.014255
0 0.774419 0.842551 0.013252 0.013282
0 0.426796 0.154866 0.013562 0.013537
0 0.488695 0.666021 0.011849 0.011895
0 0.619128 0.407135 0.012448 0.012273
0 0.549194 0.534184 0.011571 0.011901
0 0.861583 0.020544 0.011965 0.012027
0 0.056207 0.430809 0.011587 0.011623
0 0.627416 0.112928 0.012547 0.012519
0 0.389365 0.803334 0.013975 0.013620
0 0.065725 0.479083 0.014443 0.014270
0 0.343025 0.828448 0.012257 0.012140
0 0.109638 0.979754 0.013717 0.013775
0 0.225848 0.650249 0.012959 0.012641
0 0.144547 0.303375 0.012180 0.011905
0 0.416024 0.816803 0.012543 0.012593
0 0.621305 0.632291 0.011782 0.011809
0 0.543292 0.972626 0.013130 0.012957
0 0.848037 0.672835 0.012960 0.012852
0 0.786200 0.639737 0.009922 0.010471
0 0.975310 0.035719 0.012001 0.012239
0 0.640662 0.893321 0.011371 0.011298
0 0.529968 0.637974 0.018408 0.019028
0 0.397680 0.553326 0.013034 0.012830
0 0.550781 0.341673 0.012932 0.013138
0 0.283136 0.613589 0.012700 0.012365
0 0.035341 0.994862 0.013541 0.010265
0 0.213589 0.483921 0.012535 0.012316
0 0.994999 0.587708 0.009953 0.011994
0 0.647297 0.129026 0.010625 0.010637
0 0.345491 0.296030 0.022751 0.022540
0 0.884545 0.473586 0.010415 0.010850
0 0.655443 0.520780 0.011186 0.011094
0 0.360739 0.244191 0.012145 0.012139
0 0.574546 0.853369 0.010907 0.011053
0 0.320074 0.552139 0.012733 0.012788
0 0.623390 0.582174 0.012229 0.012470
0 0.555029 0.469273 0.011424 0.011411
0 0.222604 0.466670 0.012788 0.012785
0 0.729002 0.415730 0.012315 0.012577
0 0.523654 0.347218 0.012823 0.012722
0 0.367227 0.986469 0.014000 0.014050
0 0.614793 0.738382 0.011797 0.011753
0 0.723561 0.144559 0.010373 0.010462
0 0.668053 0.127072 0.011933 0.012059
0 0.635556 0.085901 0.015108 0.014836
0 0.627399 0.545716 0.010962 0.011184
0 0.182399 0.882896 0.013444 0.013333
0 0.684293 0.877408 0.010598 0.010808
0 0.447642 0.212632 0.015324 0.015830
0 0.469152 0.583149 0.012730 0.012671
0 0.847673 0.717040 0.021000 0.021039
0 0.005352 0.128826 0.010043 0.011521
0 0.758875 0.073305 0.009975 0.009931
0 0.817134 0.009453 0.010833 0.010981
0 0.211298 0.229756 0.012292 0.012536
0 0.074503 0.321562 0.010955 0.012270
0 0.784379 0.865305 0.012346 0.011915
0 0.790170 0.094693 0.009949 0.010033
0 0.760505 0.522541 0.011011 0.011094
0 0.039334 0.410534 0.012880 0.012881
0 0.790473 0.003975 0.012705 0.007854
0 0.358232 0.962978 0.011821 0.011599
0 0.700955 0.821516 0.020889 0.020461
0 0.378135 0.266148 0.013276 0.013303
0 0.028647 0.003734 0.012153 0.007468
0 0.152547 0.315151 0.008266 0.008979
0 0.499414 0.889599 0.010037 0.010061
0 0.773730 0.004096 0.011670 0.008192
0 0.120681 0.781218 0.011161 0.011347
0 0.820293 0.641295 0.012520 0.012135
