0 0.925753 0.546667 0.012272 0.012268
0 0.316643 0.412240 0.013790 0.013599
0 0.942302 0.845442 0.012523 0.012501
0 0.788231 0.759588 0.012360 0.012509
0 0.473267 0.404914 0.012979 0.012897
0 0.579575 0.581098 0.012208 0.011984
0 0.191638 0.674193 0.013206 0.012903
0 0.539632 0.396210 0.012590 0.012623
0 0.872770 0.951154 0.013804 0.013643
0 0.043338 0.119938 0.013532 0.013391
0 0.110477 0.738118 0.014661 0.014520
0 0.883741 0.540697 0.013581 0.013279
0 0.925338 0.718109 0.011990 0.011831
0 0.482146 0.300606 0.012741 0.012743
0 0.054174 0.844686 0.013119 0.013261
0 0.786583 0.140304 0.013614 0.013488
0 0.593456 0.162275 0.013473 0.013252
0 0.384623 0.180247 0.013139 0.013013
0 0.261079 0.487470 0.013382 0.013344
0 0.159047 0.510996 0.012836 0.012894
0 0.132397 0.199643 0.012896 0.012776
0 0.372228 0.451565 0.013505 0.013395
0 0.060345 0.516372 0.013778 0.013766
0 0.411935 0.480263 0.013342 0.013385
0 0.584547 0.204622 0.013406 0.013127
0 0.374190 0.114886 0.012244 0.012078
0 0.360626 0.084870 0.012918 0.012601
0 0.130540 0.891121 0.013046 0.012822
0 0.661602 0.253133 0.012538 0.012472
0 0.886091 0.041374 0.014047 0.013684
0 0.815895 0.966331 0.012181 0.012307
0 0.812479 0.644265 0.013200 0.013161
0 0.222067 0.913560 0.012396 0.012418
0 0.604798 0.899834 0.011904 0.011872
0 0.709351 0.522800 0.014049 0.013926
0 0.526546 0.217930 0.013774 0.013996
0 0.890343 0.801837 0.012176 0.012191
0 0.804770 0.024354 0.013210 0.012962
0 0.133433 0.659788 0.013413 0.013203
0 0.921427 0.689001 0.012093 0.011828
0 0.089461 0.583559 0.013760 0.014148
0 0.450719 0.382091 0.012947 0.012954
0 0.556501 0.977184 0.013822 0.014028
0 0.578356 0.262309 0.012253 0.012320
0 0.516304 0.812641 0.013432 0.013396
0 0.235687 0.363762 0.013053 0.012961
0 0.477635 0.112568 0.012753 0.012757
0 0.528700 0.064701 0.012632 0.012628
0 0.028261 0.686285 0.013925 0.013939
0 0.035417 0.354297 0.012943 0.012724
0 0.465968 0.639672 0.013083 0.013185
0 0.636921 0.541641 0.013404 0.013417
0 0.529657 0.865290 0.012526 0.012429
0 0.543107 0.430211 0.013444 0.013476
0 0.263658 0.071473 0.012766 0.012500
0 0.423977 0.025704 0.013598 0.013681
0 0.202901 0.825301 0.012166 0.012103
0 0.774807 0.458457 0.014497 0.014392
0 0.145900 0.316493 0.014084 0.013852
0 0.705303 0.971273 0.013117 0.013034
0 0.132582 0.524877 0.014018 0.014027
0 0.591682 0.818610 0.012277 0.012314
0 0.089374 0.399542 0.012858 0.012915
0 0.435448 0.163863 0.012540 0.012513
0 0.509637 0.142489 0.012329 0.012497
0 0.302709 0.545396 0.013736 0.013781
0 0.070973 0.430055 0.012697 0.012738
0 0.190351 0.201983 0.013098 0.013245
0 0.283654 0.647532 0.013587 0.013621
0 0.376450 0.856400 0.013263 0.013476
0 0.421695 0.636418 0.013566 0.013493
0 0.523639 0.752367 0.014684 0.014612
0 0.645304 0.936714 0.012596 0.012231
0 0.437989 0.748732 0.013787 0.013642
0 0.206274 0.140844 0.013025 0.013101
0 0.431328 0.537068 0.013859 0.013860
0 0.036070 0.417664 0.013768 0.013711
0 0.728212 0.470934 0.013938 0.013896
0 0.155637 0.194596 0.013803 0.013833
0 0.744947 0.406438 0.013756 0.013702
0 0.087086 0.669205 0.012928 0.012742
0 0.458357 0.575609 0.012714 0.012858
0 0.800039 0.540150 0.013733 0.013474
0 0.100159 0.812773 0.013337 0.013154
0 0.832000 0.138390 0.013568 0.013766
0 0.279587 0.132334 0.013473 0.013485
0 0.469868 0.927248 0.013683 0.013756
0 0.766989 0.355483 0.012931 0.012635
0 0.405005 0.140913 0.014095 0.014080
0 0.399724 0.824648 0.012966 0.012869
0 0.111218 0.391261 0.013454 0.013314
0 0.704832 0.392206 0.015118 0.015036
0 0.630981 0.951102 0.012339 0.012272
0 0.573075 0.927664 0.014188 0.013907
0 0.492205 0.451036 0.013937 0.014058
0 0.602757 0.471239 0.013231 0.013257
0 0.177725 0.385674 0.014979 0.014967
0 0.457311 0.672218 0.014638 0.014523
0 0.802279 0.861071 0.013080 0.012932
0 0.008797 0.305768 0.013187 0.013015
0 0.806467 0.305261 0.014402 0.014436
0 0.247848 0.020075 0.013216 0.013169
0 0.134931 0.834986 0.013848 0.013526
0 0.752767 0.954106 0.013839 0.013971
0 0.044238 0.718937 0.013939 0.013855
0 0.749806 0.028082 0.013871 0.013707
0 0.947964 0.096707 0.012415 0.012404
0 0.230586 0.971559 0.015014 0.014703
0 0.706514 0.602672 0.013913 0.013990
0 0.722829 0.990449 0.012657 0.012202
0 0.448879 0.907100 0.014037 0.014131
0 0.950921 0.005737 0.012459 0.011475
0 0.214797 0.026093 0.013412 0.013430
0 0.808020 0.416916 0.013671 0.013616
0 0.788205 0.715275 0.016082 0.015877
0 0.776524 0.791796 0.011961 0.011830
0 0.026675 0.887320 0.013005 0.013001
0 0.672902 0.435846 0.013948 0.013867
0 0.525411 0.095853 0.014202 0.014368
0 0.368021 0.648991 0.013552 0.013434
0 0.224383 0.681252 0.015647 0.015622
0 0.336212 0.795777 0.013813 0.013433
0 0.314739 0.985513 0.014781 0.014791
0 0.385567 0.980790 0.015057 0.014521
0 0.170805 0.949178 0.012979 0.012959
0 0.818278 0.402701 0.013912 0.013630
0 0.976281 0.174650 0.013314 0.013142
0 0.067359 0.386123 0.013481 0.013734
0 0.306099 0.290883 0.015353 0.015468
0 0.212054 0.092107 0.013691 0.013640
0 0.961000 0.574203 0.012311 0.012346
0 0.775438 0.009306 0.013168 0.013211
0 0.174280 0.215993 0.015250 0.015302
0 0.453842 0.014461 0.013248 0.013286
0 0.738461 0.318933 0.013690 0.013978
0 0.790417 0.187731 0.012532 0.012136
0 0.908737 0.180093 0.012254 0.012393
0 0.702933 0.346327 0.013726 0.013925
0 0.213815 0.286140 0.013447 0.013350
0 0.877854 0.169742 0.013154 0.013301
0 0.699052 0.071145 0.013529 0.013433
0 0.889474 0.981188 0.012586 0.012612
0 0.938987 0.871456 0.012865 0.012778
0 0.480638 0.266794 0.014567 0.014565
0 0.962221 0.878820 0.014173 0.013870
0 0.005614 0.619446 0.011142 0.013795
0 0.970752 0.308504 0.014727 0.014668
0 0.632435 0.671784 0.013498 0.013338
0 0.020901 0.382117 0.013793 0.013535
0 0.172549 0.266213 0.012359 0.012280
0 0.446370 0.593315 0.014106 0.014333
0 0.329823 0.764726 0.013524 0.013480
0 0.071866 0.004167 0.012722 0.008334
0 0.417135 0.683612 0.014213 0.014286
0 0.165016 0.135059 0.015011 0.014818
0 0.163936 0.563265 0.013550 0.013485
0 0.800555 0.058076 0.013468 0.013443
0 0.770495 0.598614 0.014335 0.014383
0 0.638719 0.253804 0.016556 0.016411
0 0.384096 0.347818 0.014501 0.014558
0 0.840325 0.585964 0.012305 0.011993
0 0.005597 0.482249 0.011155 0.013283
0 0.629690 0.493969 0.014673 0.014741
0 0.633239 0.812193 0.012559 0.012787
0 0.715024 0.205799 0.013907 0.014045
0 0.153619 0.792477 0.012438 0.012536
0 0.808649 0.205930 0.013163 0.013000
0 0.055770 0.957280 0.013906 0.014253
0 0.366944 0.707040 0.013637 0.013571
0 0.518547 0.013201 0.014847 0.014878
0 0.020142 0.044759 0.011463 0.011206
0 0.770278 0.305961 0.013337 0.013219
0 0.864243 0.011648 0.012645 0.012773
0 0.309455 0.044866 0.013349 0.013380
0 0.007098 0.346118 0.012809 0.012799
0 0.844617 0.184387 0.013916 0.013831
0 0.419663 0.415176 0.015774 0.015269
0 0.639083 0.900105 0.009364 0.009481
0 0.281372 0.165804 0.013207 0.013126
0 0.816323 0.588141 0.014118 0.014258
0 0.179391 0.777699 0.013923 0.013982
0 0.015292 0.446742 0.014295 0.014189
0 0.340137 0.083806 0.013845 0.014015
0 0.624349 0.077630 0.016804 0.015921
0 0.216628 0.007809 0.014017 0.013951
0 0.611349 0.884890 0.012961 0.012435
0 0.807936 0.559274 0.012429 0.012335
0 0.187115 0.552061 0.014978 0.015088
0 0.629642 0.895313 0.014328 0.013641
0 0.114958 0.825551 0.011828 0.011639
0 0.861354 0.073735 0.013326 0.012533
0 0.265271 0.721032 0.014123 0.013876
0 0.801423 0.221082 0.014378 0.014415
0 0.849306 0.710788 0.023041 0.023159
0 0.222560 0.746604 0.010989 0.010983
0 0.289468 0.200670 0.012641 0.012087
0 0.973929 0.960105 0.011624 0.011476
0 0.860382 0.071691 0.013667 0.013114
0 0.621477 0.077996 0.014823 0.014394
0 0.531308 0.630049 0.023991 0.023646
0 0.267835 0.667739 0.013961 0.014064
0 0.536555 0.731150 0.016577 0.018649
0 0.707210 0.744808 0.010384 0.010096
0 0.042807 0.240696 0.014760 0.014647
0 0.190293 0.007292 0.013196 0.013448
0 0.618187 0.308378 0.011389 0.011740
0 0.974574 0.961751 0.012135 0.012152
