0 0.030490 0.771012 0.013075 0.012748
0 0.183395 0.962519 0.013277 0.013210
0 0.749515 0.615818 0.012321 0.012097
0 0.077853 0.210139 0.012916 0.012948
0 0.370479 0.069398 0.012277 0.012218
0 0.600991 0.631726 0.013264 0.013245
0 0.342369 0.040744 0.013055 0.012906
0 0.732722 0.728643 0.012156 0.012090
0 0.524526 0.347183 0.012210 0.012025
0 0.177956 0.052243 0.010845 0.010901
0 0.628740 0.897231 0.010579 0.010567
0 0.005932 0.029188 0.011864 0.014510
0 0.110777 0.979723 0.013795 0.013849
0 0.332066 0.438807 0.013678 0.013476
0 0.910194 0.913941 0.011580 0.011539
0 0.055161 0.987861 0.013296 0.013036
0 0.782083 0.488388 0.012798 0.012669
0 0.105443 0.511024 0.011619 0.011476
0 0.101211 0.211600 0.012832 0.012989
0 0.182890 0.485361 0.012088 0.012036
0 0.457840 0.959351 0.012113 0.011985
0 0.187542 0.889953 0.013947 0.013990
0 0.143804 0.151729 0.011242 0.011280
0 0.968041 0.397611 0.012506 0.012308
0 0.787445 0.963306 0.012282 0.012472
0 0.318345 0.630119 0.011924 0.012001
0 0.920069 0.224333 0.010029 0.010003
0 0.515718 0.850598 0.012025 0.011913
0 0.916735 0.797455 0.013189 0.013136
0 0.577263 0.664474 0.010561 0.010749
0 0.629187 0.388698 0.012344 0.012265
0 0.332720 0.517508 0.010949 0.010992
0 0.820000 0.528100 0.011639 0.011745
0 0.472844 0.315819 0.011785 0.011682
0 0.499171 0.530532 0.010994 0.010832
0 0.270137 0.799462 0.010838 0.010570
0 0.413485 0.213738 0.012798 0.012821
0 0.383961 0.805558 0.011016 0.011000
0 0.244364 0.409302 0.011963 0.011962
0 0.341090 0.810663 0.012627 0.012596
0 0.531668 0.636078 0.021591 0.021926
0 0.286987 0.238105 0.011707 0.011630
0 0.036963 0.480758 0.009370 0.009417
0 0.176341 0.740738 0.012916 0.012412
0 0.848265 0.718032 0.020374 0.020100
0 0.275951 0.668866 0.012938 0.012809
0 0.004441 0.214791 0.008873 0.012896
0 0.180111 0.451895 0.010813 0.010567
0 0.003767 0.819305 0.007532 0.014466
0 0.616568 0.165704 0.012528 0.012355
0 0.918608 0.363526 0.010971 0.010764
0 0.245914 0.448051 0.010824 0.010543
0 0.961415 0.888180 0.009615 0.009604
0 0.223355 0.466989 0.012141 0.012135
0 0.701717 0.822207 0.017660 0.016882
0 0.707237 0.178270 0.010382 0.010771
0 0.207069 0.878357 0.010551 0.010671
0 0.652049 0.659237 0.012210 0.012249
0 0.838924 0.369283 0.011582 0.011633
0 0.098442 0.330537 0.012379 0.012226
0 0.114639 0.379417 0.011170 0.011039
0 0.172735 0.587049 0.010298 0.010133
0 0.384850 0.229023 0.013572 0.013879
0 0.679463 0.890949 0.011431 0.011633
0 0.513414 0.796420 0.010400 0.010584
0 0.257031 0.733404 0.009253 0.009316
0 0.467043 0.809949 0.011305 0.011346
0 0.224499 0.650623 0.011730 0.011830
0 0.343576 0.298082 0.022431 0.022112
0 0.776330 0.061152 0.011149 0.010973
0 0.064816 0.457695 0.011506 0.012363
0 0.680604 0.889735 0.011319 0.011868
0 0.256238 0.581166 0.010535 0.010187
0 0.744222 0.676943 0.011165 0.011021
0 0.237220 0.612218 0.010721 0.010687
