0 0.560488 0.310872 0.012765 0.012757
0 0.446269 0.827915 0.012626 0.012542
0 0.826853 0.631859 0.012294 0.012210
0 0.455577 0.096237 0.011345 0.011300
0 0.524818 0.346472 0.013046 0.012809
0 0.738919 0.406181 0.010509 0.010465
0 0.548346 0.290637 0.013078 0.012896
0 0.459669 0.957929 0.013317 0.013329
0 0.686184 0.432976 0.012379 0.012215
0 0.146732 0.591144 0.012432 0.012433
0 0.162387 0.526841 0.013317 0.013120
0 0.060739 0.366172 0.011957 0.012050
0 0.749394 0.615923 0.012465 0.012207
0 0.846241 0.491567 0.011090 0.010959
0 0.059408 0.728227 0.012659 0.012613
0 0.112329 0.693018 0.013681 0.013592
0 0.958278 0.588499 0.012968 0.012867
0 0.923854 0.370644 0.012061 0.012179
0 0.386759 0.099478 0.013868 0.013868
0 0.325947 0.644422 0.012128 0.011976
0 0.558311 0.343232 0.010744 0.010363
0 0.226283 0.650037 0.012862 0.012630
0 0.983413 0.578224 0.012365 0.012240
0 0.543703 0.972359 0.014262 0.013932
0 0.481104 0.813944 0.012274 0.012124
0 0.786133 0.118344 0.012441 0.012213
0 0.425732 0.340658 0.012783 0.012835
0 0.750552 0.560942 0.011498 0.011500
0 0.529311 0.090672 0.012536 0.012609
0 0.130702 0.805634 0.011889 0.011691
0 0.661309 0.747861 0.011493 0.011343
0 0.903189 0.416208 0.012068 0.011826
0 0.186067 0.889633 0.013463 0.013516
0 0.267671 0.251408 0.011844 0.011857
0 0.168599 0.205995 0.012864 0.012881
0 0.093117 0.719816 0.013319 0.013504
0 0.797607 0.906820 0.012033 0.012095
0 0.425455 0.285299 0.014359 0.014204
0 0.979628 0.160867 0.012867 0.012662
0 0.070519 0.180676 0.012805 0.012865
0 0.111246 0.498144 0.009518 0.009543
0 0.263221 0.199551 0.013729 0.013754
0 0.388140 0.660725 0.011766 0.011569
0 0.262312 0.903743 0.013504 0.013486
0 0.732762 0.969650 0.012027 0.012036
0 0.553560 0.163549 0.012717 0.012717
0 0.726083 0.817886 0.012183 0.012133
0 0.441425 0.673004 0.012422 0.012247
0 0.435707 0.200064 0.013118 0.013198
0 0.916353 0.517608 0.010805 0.010864
0 0.872040 0.731499 0.013594 0.013300
0 0.107876 0.646027 0.011534 0.011344
0 0.504126 0.445401 0.012345 0.012304
0 0.761056 0.323624 0.011160 0.010992
0 0.806205 0.291748 0.011897 0.011921
0 0.109419 0.979857 0.013438 0.013535
0 0.130784 0.839907 0.012783 0.012603
0 0.288815 0.501876 0.012924 0.013030
0 0.430343 0.797886 0.012356 0.012382
0 0.484326 0.184542 0.010709 0.010700
0 0.686913 0.021183 0.012521 0.012555
0 0.848245 0.716853 0.020424 0.019945
0 0.433057 0.364428 0.012061 0.011777
0 0.345784 0.295536 0.013002 0.012708
0 0.665882 0.862785 0.011574 0.011421
0 0.367861 0.960699 0.013299 0.013332
0 0.354432 0.360179 0.012762 0.012612
0 0.036103 0.694415 0.011561 0.011471
0 0.530002 0.637163 0.022762 0.023104
0 0.833640 0.140088 0.010529 0.010523
0 0.977011 0.372258 0.010078 0.010433
0 0.275311 0.781249 0.011857 0.012203
0 0.140554 0.293338 0.012672 0.012690
0 0.921723 0.145799 0.013972 0.013815
0 0.625171 0.989259 0.013078 0.013121
0 0.702591 0.821228 0.020448 0.020083
0 0.470177 0.539708 0.011774 0.011555
0 0.145771 0.486475 0.011652 0.011721
0 0.634327 0.085424 0.020934 0.020487
0 0.449287 0.211954 0.016467 0.016059
0 0.331449 0.517385 0.011201 0.011035
0 0.932829 0.060246 0.011098 0.011162
0 0.013224 0.498504 0.012216 0.012126
0 0.859869 0.005148 0.010824 0.009829
0 0.373955 0.226368 0.019871 0.019590
0 0.331942 0.415425 0.011497 0.011690
0 0.305879 0.634260 0.010805 0.010366
0 0.480208 0.518666 0.012024 0.012196
0 0.788697 0.003948 0.012568 0.007897
0 0.250833 0.425739 0.011068 0.011012
0 0.775167 0.004583 0.010715 0.009133
