0 0.749055 0.697426 0.012832 0.012693
0 0.674570 0.339943 0.012328 0.012307
0 0.578426 0.221792 0.012707 0.012622
0 0.051509 0.369561 0.012484 0.012485
0 0.852121 0.758893 0.012725 0.012824
0 0.109438 0.381685 0.012428 0.012240
0 0.902326 0.541925 0.013460 0.013328
0 0.466483 0.140894 0.013631 0.013430
0 0.396704 0.685403 0.013359 0.013202
0 0.160228 0.420643 0.013097 0.012839
0 0.278443 0.436297 0.012076 0.011965
0 0.608116 0.099208 0.011895 0.011839
0 0.662052 0.299904 0.012864 0.012871
0 0.518193 0.523983 0.012132 0.011945
0 0.169042 0.777728 0.011426 0.011562
0 0.978256 0.461553 0.012528 0.012473
0 0.461792 0.731391 0.013010 0.013069
0 0.475910 0.536369 0.012967 0.012817
0 0.505106 0.402302 0.012240 0.012255
0 0.932887 0.838999 0.013654 0.014008
0 0.047207 0.896776 0.012223 0.012157
0 0.613125 0.649743 0.014029 0.013875
0 0.531595 0.724810 0.012951 0.012872
0 0.495443 0.340059 0.013149 0.013185
0 0.225301 0.158467 0.012444 0.012583
0 0.154146 0.206028 0.013092 0.012959
0 0.668750 0.759222 0.012672 0.012795
0 0.404575 0.124507 0.012126 0.011893
0 0.397410 0.864817 0.011976 0.011996
0 0.775550 0.595051 0.012449 0.012368
0 0.186062 0.021700 0.012512 0.012267
0 0.345979 0.342591 0.013616 0.013466
0 0.653539 0.092386 0.012853 0.012872
0 0.408789 0.336495 0.014465 0.014396
0 0.483021 0.910666 0.013735 0.013567
0 0.286093 0.675750 0.012599 0.012413
0 0.177641 0.646533 0.011823 0.011740
0 0.929342 0.670320 0.012943 0.013048
0 0.254996 0.671007 0.012931 0.012890
0 0.823095 0.371965 0.013427 0.013342
0 0.690254 0.273586 0.012119 0.012044
0 0.846059 0.667590 0.012430 0.012162
0 0.906334 0.277064 0.012852 0.012795
0 0.585667 0.270078 0.010559 0.010404
0 0.993463 0.404641 0.012681 0.012918
0 0.885727 0.176495 0.011977 0.012056
0 0.236816 0.430861 0.014372 0.014216
0 0.733863 0.621653 0.013713 0.013713
0 0.303448 0.789939 0.012443 0.012456
0 0.918611 0.822234 0.012570 0.012631
0 0.865369 0.128015 0.013481 0.013729
0 0.811403 0.731024 0.013137 0.013076
0 0.586864 0.763839 0.013233 0.013015
0 0.813823 0.783153 0.012534 0.012727
0 0.964963 0.607611 0.011805 0.011127
0 0.911702 0.926235 0.012460 0.012379
0 0.448777 0.798124 0.013461 0.013358
0 0.081512 0.706418 0.012685 0.012630
0 0.050050 0.344897 0.014908 0.015284
0 0.094009 0.655234 0.013565 0.013549
0 0.830697 0.024383 0.013731 0.013769
0 0.699818 0.428817 0.012387 0.012324
0 0.332280 0.357894 0.013341 0.013195
0 0.488724 0.498665 0.013847 0.013844
0 0.888542 0.587915 0.011787 0.011862
0 0.100526 0.170853 0.011919 0.012065
0 0.899721 0.070078 0.011930 0.011818
0 0.945200 0.133196 0.012610 0.012482
0 0.931751 0.044354 0.012076 0.011825
0 0.425711 0.195399 0.011599 0.011562
0 0.768282 0.531879 0.013253 0.013035
0 0.358832 0.821413 0.011719 0.011774
0 0.746560 0.443061 0.011170 0.011003
0 0.882901 0.116432 0.009107 0.009370
0 0.534081 0.542372 0.011633 0.011879
0 0.851651 0.509731 0.013800 0.013816
0 0.013697 0.914115 0.011898 0.011954
0 0.708848 0.017486 0.011944 0.011891
0 0.444080 0.593065 0.013487 0.013438
0 0.709566 0.865989 0.012799 0.012806
0 0.685213 0.679520 0.012108 0.011820
0 0.088646 0.928069 0.011756 0.011500
0 0.346696 0.223763 0.012461 0.012316
0 0.423849 0.019761 0.014266 0.014326
0 0.990531 0.644733 0.014331 0.014738
0 0.736269 0.422157 0.011405 0.011224
0 0.866686 0.106799 0.011564 0.011462
0 0.785461 0.094092 0.012695 0.012672
0 0.101052 0.344850 0.013338 0.013556
0 0.241351 0.556198 0.011901 0.011625
0 0.455215 0.288152 0.010745 0.010285
0 0.878634 0.976204 0.012852 0.013149
0 0.343144 0.911934 0.012768 0.012745
0 0.188670 0.610384 0.012093 0.012071
0 0.793804 0.528687 0.013774 0.013961
0 0.847086 0.230307 0.014479 0.014449
0 0.488409 0.612180 0.011907 0.012153
0 0.350262 0.291162 0.024334 0.024595
0 0.982618 0.512565 0.015189 0.013912
0 0.777250 0.111544 0.012636 0.012765
0 0.117368 0.935220 0.011365 0.011226
0 0.774623 0.889282 0.012442 0.012497
0 0.451008 0.434646 0.013458 0.013076
0 0.972027 0.035181 0.010382 0.010080
0 0.003994 0.837728 0.007987 0.011486
0 0.645527 0.570025 0.012657 0.012564
0 0.013833 0.899811 0.011363 0.010892
0 0.848937 0.544897 0.011690 0.011739
0 0.482850 0.414785 0.012556 0.012568
0 0.363020 0.686914 0.014938 0.015120
0 0.909475 0.995596 0.013449 0.008809
0 0.648010 0.578915 0.010973 0.010493
0 0.275703 0.952687 0.012951 0.013173
0 0.388422 0.977428 0.013190 0.013232
0 0.868736 0.570323 0.011301 0.011465
0 0.859702 0.997005 0.011524 0.005991
0 0.783593 0.821220 0.012253 0.012233
0 0.643035 0.994198 0.014506 0.011520
0 0.387009 0.710364 0.012859 0.013101
0 0.924503 0.013477 0.011230 0.010900
0 0.380741 0.728683 0.020697 0.020368
0 0.861362 0.997291 0.012003 0.005371
0 0.927093 0.139997 0.019398 0.019676
0 0.646584 0.571740 0.012211 0.013069
0 0.525706 0.971677 0.012095 0.011749
0 0.838426 0.980587 0.012720 0.013619
0 0.535107 0.630297 0.023852 0.023670
