0 0.628460 0.316247 0.012959 0.012837
0 0.752925 0.072075 0.012138 0.012018
0 0.663030 0.096329 0.012563 0.012708
0 0.662003 0.397276 0.013163 0.013016
0 0.689626 0.566567 0.012941 0.012894
0 0.603419 0.160463 0.012745 0.012827
0 0.055574 0.354629 0.012906 0.012951
0 0.905051 0.541124 0.013307 0.012844
0 0.448333 0.093245 0.013029 0.013140
0 0.076143 0.621502 0.013554 0.013588
0 0.447052 0.466473 0.012769 0.012765
0 0.780832 0.097582 0.012917 0.012640
0 0.826879 0.155563 0.012851 0.012842
0 0.542472 0.530724 0.013221 0.013024
0 0.343702 0.352346 0.012932 0.013112
0 0.255758 0.426633 0.012539 0.012530
0 0.171232 0.189554 0.013239 0.013085
0 0.311415 0.507230 0.012228 0.012207
0 0.941677 0.319676 0.012515 0.012493
0 0.923818 0.035073 0.011915 0.011967
0 0.439184 0.402361 0.014140 0.014095
0 0.887876 0.739148 0.013186 0.013186
0 0.568247 0.564554 0.014623 0.014448
0 0.279089 0.436329 0.012394 0.012284
0 0.534815 0.426960 0.012994 0.012926
0 0.267347 0.180164 0.012978 0.013003
0 0.850433 0.618994 0.012346 0.012033
0 0.656061 0.586026 0.012160 0.012097
0 0.406715 0.397833 0.013209 0.013288
0 0.502848 0.344127 0.013254 0.013088
0 0.734310 0.621957 0.013818 0.013731
0 0.608397 0.787296 0.013711 0.013832
0 0.693774 0.264415 0.012468 0.012443
0 0.439322 0.704888 0.012824 0.012801
0 0.168718 0.962868 0.011819 0.011679
0 0.533172 0.213917 0.012312 0.012321
0 0.710163 0.670638 0.011801 0.012088
0 0.801278 0.337567 0.012045 0.011812
0 0.356703 0.707484 0.013091 0.013119
0 0.467755 0.165734 0.013825 0.013699
0 0.429803 0.304079 0.014323 0.014060
0 0.488414 0.495928 0.013528 0.013608
0 0.836995 0.503830 0.012418 0.012419
0 0.270011 0.578560 0.012605 0.012723
0 0.942791 0.420849 0.012584 0.012643
0 0.921510 0.305012 0.013015 0.012999
0 0.087614 0.927213 0.011739 0.011644
0 0.892474 0.588628 0.012233 0.012326
0 0.016648 0.818913 0.012801 0.012803
0 0.849715 0.234623 0.011927 0.012171
0 0.413811 0.418959 0.013011 0.012919
0 0.095045 0.383418 0.011744 0.011548
0 0.981604 0.653260 0.011677 0.011609
0 0.085352 0.741622 0.012799 0.012630
0 0.877961 0.356812 0.011669 0.011059
0 0.213877 0.567956 0.013355 0.013522
0 0.914549 0.224166 0.013398 0.013705
0 0.239011 0.453170 0.014097 0.014038
0 0.106334 0.155284 0.012120 0.012011
0 0.667544 0.606384 0.014041 0.013826
0 0.326754 0.802083 0.012908 0.012919
0 0.456930 0.583942 0.012298 0.012259
0 0.493684 0.196227 0.012090 0.012102
0 0.079554 0.831954 0.013451 0.013293
0 0.327342 0.297892 0.012769 0.012617
0 0.427634 0.559026 0.013162 0.013058
0 0.020712 0.365229 0.014447 0.014598
0 0.108128 0.707020 0.012676 0.012741
0 0.315111 0.866198 0.012868 0.012729
0 0.925110 0.856590 0.013827 0.013547
0 0.316579 0.765120 0.013361 0.013583
0 0.784786 0.046102 0.012585 0.012675
0 0.097898 0.358542 0.015066 0.014981
0 0.419238 0.634214 0.012596 0.012707
0 0.823943 0.007623 0.012708 0.013129
0 0.483447 0.280140 0.010239 0.010092
0 0.740732 0.578483 0.011897 0.011917
0 0.279738 0.932315 0.010661 0.010718
0 0.764556 0.467286 0.012881 0.012820
0 0.455012 0.764368 0.013398 0.013556
0 0.181552 0.618799 0.013371 0.013161
0 0.975370 0.101181 0.012426 0.012773
0 0.971602 0.604194 0.011734 0.011140
0 0.029865 0.905373 0.011630 0.011835
0 0.548829 0.713486 0.011683 0.011660
0 0.032715 0.640918 0.012449 0.012651
0 0.716619 0.761613 0.013780 0.013548
0 0.753308 0.438884 0.011040 0.011155
0 0.803742 0.543547 0.011453 0.011229
0 0.902878 0.072526 0.009393 0.009643
0 0.769278 0.538561 0.012724 0.012429
0 0.584847 0.948770 0.014399 0.014343
0 0.429613 0.007473 0.013303 0.013129
0 0.291329 0.675605 0.013615 0.013540
0 0.871145 0.571434 0.011340 0.011283
0 0.437279 0.816158 0.011656 0.011690
0 0.871567 0.109076 0.011650 0.011384
0 0.535184 0.630451 0.023687 0.023215
0 0.885227 0.117266 0.009573 0.009548
0 0.727661 0.788374 0.012642 0.012748
0 0.041632 0.792095 0.013322 0.013524
0 0.983913 0.512974 0.013898 0.013026
0 0.839617 0.740822 0.011816 0.011646
0 0.216248 0.992649 0.011896 0.011924
0 0.134815 0.013308 0.012346 0.012214
0 0.967274 0.029458 0.010732 0.010220
0 0.231105 0.810469 0.012729 0.012860
0 0.971189 0.617917 0.011709 0.011901
0 0.349857 0.290126 0.024222 0.024384
0 0.599671 0.259455 0.009739 0.009485
0 0.464729 0.312990 0.013373 0.013780
0 0.066079 0.912146 0.011501 0.011709
0 0.869388 0.875577 0.011152 0.010933
0 0.132926 0.945597 0.011356 0.011556
0 0.381771 0.958219 0.013862 0.013916
0 0.919085 0.004307 0.011856 0.008614
0 0.577497 0.508456 0.014085 0.013867
0 0.735719 0.423007 0.009082 0.009073
0 0.132754 0.013701 0.012509 0.012615
0 0.466936 0.957246 0.013182 0.013229
0 0.852088 0.996714 0.011686 0.006573
0 0.880742 0.978720 0.012143 0.011907
0 0.123446 0.014634 0.013011 0.013239
0 0.548868 0.738961 0.012208 0.012309
0 0.962131 0.509958 0.012084 0.011848
