0 0.068142 0.537388 0.014265 0.014368
0 0.072482 0.263033 0.012090 0.011956
0 0.142459 0.299344 0.012613 0.012594
0 0.066166 0.769203 0.013206 0.013207
0 0.083781 0.410671 0.013290 0.013192
0 0.045390 0.663318 0.012356 0.012365
0 0.189038 0.282627 0.012194 0.012096
0 0.633745 0.855790 0.012837 0.012790
0 0.223112 0.466957 0.013603 0.013502
0 0.257651 0.467794 0.013235 0.013191
0 0.051333 0.624761 0.009604 0.009473
0 0.544789 0.973021 0.013732 0.013470
0 0.126965 0.604708 0.011564 0.011544
0 0.697270 0.580858 0.013284 0.013458
0 0.623822 0.531001 0.012662 0.012694
0 0.364793 0.418079 0.013391 0.013426
0 0.481985 0.200735 0.013446 0.013464
0 0.749412 0.442287 0.012586 0.012453
0 0.372478 0.388957 0.013339 0.013288
0 0.773777 0.136876 0.012232 0.012095
0 0.485359 0.041946 0.013535 0.013512
0 0.683646 0.485560 0.011469 0.011518
0 0.621848 0.930798 0.011991 0.011829
0 0.246737 0.511969 0.012540 0.012605
0 0.506336 0.210974 0.011152 0.011060
0 0.365113 0.806490 0.013005 0.012934
0 0.017745 0.428148 0.011821 0.011840
0 0.226350 0.649476 0.012820 0.012380
0 0.218137 0.188191 0.012202 0.012124
0 0.389109 0.868589 0.014288 0.014333
0 0.433447 0.229001 0.011729 0.011748
0 0.331651 0.517258 0.011984 0.012023
0 0.721975 0.334133 0.013035 0.013096
0 0.594165 0.226853 0.013346 0.013374
0 0.749959 0.615508 0.012008 0.011874
0 0.677917 0.882935 0.011963 0.012029
0 0.654711 0.226311 0.011839 0.011954
0 0.850387 0.263436 0.012103 0.012587
0 0.509928 0.741852 0.012556 0.012421
0 0.699670 0.120002 0.012294 0.012360
0 0.274359 0.503058 0.013714 0.013432
0 0.340401 0.296821 0.017407 0.017225
0 0.537676 0.332089 0.013126 0.013047
0 0.885784 0.020812 0.012453 0.012277
0 0.652140 0.259087 0.013633 0.013527
0 0.657615 0.554789 0.009858 0.009868
0 0.449717 0.452671 0.011951 0.012343
0 0.853817 0.785318 0.011629 0.011725
0 0.728110 0.120342 0.011371 0.011480
0 0.182935 0.885609 0.013089 0.013001
0 0.109720 0.979962 0.013784 0.013935
0 0.135889 0.089153 0.011130 0.010877
0 0.694222 0.075472 0.012338 0.012353
0 0.661001 0.646058 0.011988 0.012012
0 0.281736 0.038467 0.011839 0.011653
0 0.092526 0.245307 0.010103 0.010175
0 0.627859 0.112911 0.012738 0.012670
0 0.848430 0.718356 0.021872 0.022004
0 0.224270 0.809610 0.012313 0.012053
0 0.002884 0.571175 0.005736 0.011777
0 0.460101 0.959704 0.013153 0.012998
0 0.534123 0.638113 0.016560 0.015863
0 0.949812 0.399721 0.010646 0.010697
0 0.970756 0.274853 0.011835 0.011928
0 0.658428 0.765900 0.012659 0.012971
0 0.277069 0.390626 0.011072 0.010760
0 0.608697 0.580589 0.010783 0.010707
0 0.196099 0.995082 0.012257 0.009836
0 0.897449 0.884445 0.011574 0.011475
0 0.900102 0.763290 0.011254 0.011357
0 0.177672 0.760310 0.011029 0.010954
0 0.582255 0.817470 0.010815 0.010550
0 0.768810 0.021827 0.011434 0.010714
0 0.119975 0.398794 0.011505 0.011751
0 0.445999 0.337278 0.010709 0.010758
0 0.701207 0.821597 0.021451 0.021324
0 0.788861 0.004506 0.011852 0.009013
0 0.534537 0.311586 0.010842 0.011037
0 0.632563 0.085310 0.020550 0.020418
0 0.375284 0.226302 0.018693 0.019308
