0 0.806413 0.527277 0.018624 0.018512
0 0.909301 0.186764 0.013466 0.013434
0 0.449989 0.241525 0.015539 0.015391
0 0.796709 0.418075 0.014375 0.014279
0 0.293071 0.911770 0.015018 0.014872
0 0.135029 0.031071 0.014195 0.014293
0 0.344148 0.182975 0.014734 0.014797
0 0.064516 0.678832 0.014324 0.014119
0 0.732245 0.093219 0.013980 0.013890
0 0.966615 0.548576 0.014061 0.013948
0 0.207605 0.360035 0.014615 0.014537
0 0.912645 0.848957 0.014763 0.014739
0 0.507279 0.159833 0.014427 0.014332
0 0.173340 0.683492 0.014205 0.014033
0 0.336002 0.854947 0.015230 0.015121
0 0.843453 0.250908 0.014569 0.014505
0 0.089100 0.912079 0.014558 0.014414
0 0.436695 0.050182 0.013745 0.013536
0 0.943401 0.682871 0.014388 0.014404
0 0.593958 0.579019 0.015056 0.014950
0 0.062121 0.392900 0.015138 0.015068
0 0.038799 0.206376 0.014182 0.014222
0 0.376851 0.948921 0.015446 0.015651
0 0.252116 0.747238 0.015334 0.015403
0 0.486270 0.406745 0.015007 0.015011
0 0.352461 0.687407 0.014068 0.013984
0 0.299676 0.061698 0.015212 0.014933
0 0.123465 0.463735 0.014497 0.014447
0 0.480120 0.718199 0.014345 0.014225
0 0.813779 0.299038 0.013514 0.013596
0 0.804590 0.131673 0.014331 0.014321
0 0.602937 0.828372 0.016387 0.016093
0 0.551385 0.499609 0.014418 0.014495
0 0.809630 0.919641 0.015288 0.015462
0 0.716019 0.722776 0.015255 0.015096
0 0.903334 0.669562 0.015062 0.014997
0 0.298256 0.592912 0.014537 0.014169
0 0.580596 0.337759 0.014820 0.014928
0 0.261538 0.870334 0.013860 0.013741
0 0.595642 0.440325 0.015079 0.015023
0 0.416178 0.145565 0.013600 0.013579
0 0.111931 0.525722 0.014788 0.014843
0 0.349443 0.468000 0.014461 0.014817
0 0.916041 0.386764 0.015486 0.015480
0 0.221001 0.754248 0.014411 0.014331
0 0.202148 0.308699 0.015189 0.014967
0 0.322811 0.587434 0.014277 0.014174
0 0.378989 0.589046 0.014846 0.014922
0 0.627155 0.131031 0.014652 0.014613
0 0.520360 0.183296 0.013611 0.013374
0 0.418533 0.359092 0.014874 0.014786
0 0.617069 0.571615 0.016062 0.015799
0 0.957278 0.950299 0.014830 0.014607
0 0.880052 0.962779 0.014198 0.013971
0 0.831759 0.643627 0.014528 0.014412
0 0.768975 0.529614 0.014802 0.015005
0 0.179954 0.469720 0.015133 0.014842
0 0.969377 0.081292 0.014307 0.014281
0 0.385418 0.658177 0.014853 0.014755
0 0.664865 0.587581 0.015879 0.015949
0 0.977002 0.218675 0.014196 0.014078
0 0.456812 0.201791 0.014617 0.014686
0 0.324981 0.788797 0.014392 0.014166
0 0.764324 0.727348 0.013524 0.013566
0 0.252401 0.211734 0.014903 0.014615
0 0.348078 0.299708 0.022801 0.022704
0 0.813410 0.352480 0.013988 0.014336
0 0.745763 0.376425 0.016026 0.016127
0 0.650551 0.867652 0.014652 0.014785
0 0.171418 0.207288 0.014869 0.014685
0 0.208735 0.563095 0.015700 0.015428
0 0.600476 0.145024 0.013886 0.013656
0 0.089780 0.783188 0.013812 0.013809
0 0.802180 0.460709 0.015546 0.015478
0 0.637299 0.090506 0.015388 0.015437
0 0.199895 0.535946 0.015127 0.015297
0 0.883012 0.037966 0.014617 0.014572
0 0.655645 0.551326 0.014753 0.014539
0 0.455032 0.401954 0.014893 0.014487
0 0.789711 0.320393 0.017069 0.017268
0 0.565221 0.213220 0.015832 0.015695
0 0.788133 0.557903 0.015028 0.015417
0 0.595404 0.973587 0.014626 0.014722
0 0.050093 0.989627 0.014847 0.014632
0 0.651031 0.311190 0.014394 0.014323
0 0.910969 0.933021 0.014235 0.014228
0 0.452621 0.268495 0.014939 0.014795
0 0.544735 0.423655 0.014889 0.014903
0 0.616445 0.545579 0.014985 0.015000
0 0.630162 0.957602 0.015100 0.015013
0 0.257163 0.276125 0.015172 0.015819
0 0.129435 0.230409 0.017230 0.016795
0 0.653696 0.484890 0.015024 0.015112
0 0.849404 0.721435 0.023153 0.023115
0 0.068148 0.576595 0.021479 0.021647
0 0.477412 0.366298 0.014331 0.014306
0 0.995193 0.386389 0.009572 0.016592
0 0.533413 0.640216 0.022759 0.022629
0 0.050023 0.470211 0.017222 0.017134
0 0.025672 0.007224 0.015254 0.014319
0 0.618495 0.151456 0.015122 0.014849
0 0.238276 0.672185 0.014827 0.014980
0 0.191753 0.756619 0.014902 0.015068
0 0.305750 0.993724 0.015379 0.012552
0 0.804715 0.747942 0.015067 0.015326
0 0.078147 0.414304 0.014777 0.014771
0 0.726173 0.428500 0.015223 0.014726
0 0.985686 0.504738 0.016617 0.016453
0 0.875815 0.262240 0.016445 0.016312
0 0.993883 0.413316 0.012235 0.016897
0 0.583441 0.520892 0.015032 0.015183
0 0.199832 0.658952 0.014660 0.014488
0 0.911642 0.047659 0.014461 0.014466
0 0.283657 0.432346 0.015519 0.015563
0 0.266234 0.397409 0.014925 0.014765
0 0.524964 0.019172 0.019006 0.018586
0 0.282045 0.453379 0.015312 0.015501
0 0.726570 0.743338 0.013457 0.013241
0 0.665054 0.508835 0.015525 0.015789
0 0.465246 0.539040 0.013421 0.013450
0 0.911432 0.993497 0.018358 0.013005
0 0.377250 0.229325 0.019538 0.019230
0 0.759811 0.283336 0.015080 0.015086
0 0.202866 0.257945 0.016699 0.016965
0 0.732953 0.967522 0.014000 0.013930
0 0.241625 0.847535 0.015279 0.015136
0 0.922112 0.147018 0.021169 0.020887
0 0.135306 0.865638 0.015172 0.015292
0 0.169474 0.301384 0.014740 0.014583
0 0.601132 0.626362 0.012340 0.012197
0 0.783665 0.658904 0.013918 0.014169
0 0.158124 0.570559 0.013815 0.013471
0 0.004237 0.064172 0.008457 0.014320
0 0.798717 0.599351 0.016500 0.016201
0 0.689642 0.289731 0.018249 0.018185
0 0.732042 0.224900 0.015256 0.015180
0 0.817996 0.839037 0.014604 0.014638
0 0.877048 0.064615 0.014129 0.013721
0 0.152546 0.327284 0.016624 0.016665
0 0.771411 0.637194 0.014549 0.014451
0 0.670786 0.192400 0.019719 0.019511
0 0.889291 0.393882 0.015560 0.015487
0 0.375586 0.742897 0.020768 0.019913
0 0.704669 0.824668 0.021690 0.021860
0 0.282088 0.484643 0.014278 0.013736
0 0.890828 0.592224 0.015391 0.015430
0 0.540570 0.738036 0.022011 0.022236
0 0.363167 0.390143 0.014278 0.014432
0 0.365041 0.374110 0.015641 0.015592
0 0.741737 0.617989 0.015292 0.015267
0 0.046197 0.301760 0.015399 0.015505
0 0.054513 0.281129 0.014574 0.014309
0 0.471715 0.114720 0.014726 0.015402
0 0.998063 0.214160 0.003772 0.016316
0 0.262740 0.248658 0.015053 0.015061
0 0.739624 0.803154 0.015277 0.015204
0 0.240449 0.849244 0.014914 0.015104
