0 0.545626 0.374501 0.013459 0.013445
0 0.748904 0.618857 0.013015 0.012867
0 0.764627 0.969259 0.013324 0.013147
0 0.605222 0.582534 0.012216 0.012015
0 0.575693 0.319255 0.012977 0.013047
0 0.880861 0.812464 0.013543 0.013518
0 0.731056 0.847697 0.013129 0.013161
0 0.640194 0.641888 0.013129 0.013051
0 0.921327 0.643453 0.013255 0.013201
0 0.589073 0.659962 0.012313 0.012252
0 0.321928 0.477934 0.012381 0.012354
0 0.455992 0.361968 0.012705 0.012565
0 0.372986 0.505748 0.014610 0.014667
0 0.305685 0.049533 0.012599 0.012721
0 0.373671 0.157847 0.012355 0.012236
0 0.681708 0.906357 0.012310 0.012140
0 0.568423 0.751328 0.013120 0.013218
0 0.795513 0.784887 0.012829 0.012879
0 0.542018 0.538358 0.012466 0.012484
0 0.173982 0.441845 0.012189 0.011893
0 0.524718 0.349373 0.013113 0.012910
0 0.598717 0.044217 0.012383 0.012404
0 0.822652 0.623331 0.012540 0.012613
0 0.431470 0.666776 0.013525 0.013456
0 0.072794 0.697778 0.011638 0.011370
0 0.084555 0.418630 0.013254 0.013357
0 0.588926 0.107208 0.013091 0.013079
0 0.356371 0.247751 0.013867 0.013628
0 0.359287 0.451367 0.013373 0.013351
0 0.536987 0.740305 0.013117 0.012870
0 0.655198 0.930781 0.011227 0.011425
0 0.683568 0.278770 0.012470 0.012349
0 0.448392 0.407768 0.011773 0.011773
0 0.957912 0.859315 0.012921 0.012904
0 0.763118 0.757018 0.012137 0.012112
0 0.188460 0.476994 0.012346 0.012538
0 0.700123 0.317811 0.013864 0.013837
0 0.456702 0.960954 0.012923 0.012825
0 0.478840 0.438738 0.013218 0.013412
0 0.558982 0.126419 0.013491 0.013483
0 0.849409 0.521245 0.013102 0.013115
0 0.116499 0.682283 0.013392 0.013340
0 0.785989 0.445974 0.012039 0.012045
0 0.723487 0.573460 0.011817 0.011807
0 0.121406 0.395567 0.011979 0.011929
0 0.223134 0.470322 0.012246 0.012243
0 0.976160 0.674387 0.012548 0.012282
0 0.184865 0.270132 0.012740 0.012936
0 0.782799 0.727596 0.012199 0.012235
0 0.883742 0.358950 0.013461 0.013418
0 0.256399 0.218867 0.013549 0.013658
0 0.389152 0.829205 0.013036 0.013133
0 0.627468 0.716207 0.012547 0.012359
0 0.882075 0.850221 0.012170 0.012152
0 0.968801 0.234829 0.013577 0.013399
0 0.181499 0.077486 0.013187 0.013087
0 0.085992 0.653442 0.011903 0.011851
0 0.452434 0.113427 0.012596 0.012539
0 0.046376 0.328569 0.013674 0.013542
0 0.493687 0.172959 0.014358 0.014394
0 0.746737 0.007520 0.013665 0.013618
0 0.418852 0.866240 0.012227 0.012167
0 0.031900 0.957976 0.012819 0.012724
0 0.208090 0.057627 0.013193 0.013028
0 0.663285 0.017774 0.013096 0.013065
0 0.858144 0.494897 0.011509 0.011627
0 0.887349 0.454835 0.013788 0.013528
0 0.016245 0.545711 0.011966 0.012088
0 0.079416 0.518849 0.013348 0.013258
0 0.099433 0.157862 0.013426 0.013622
0 0.503620 0.918698 0.012302 0.012172
0 0.129737 0.062283 0.013586 0.013442
0 0.291163 0.812826 0.013372 0.013328
0 0.441678 0.059506 0.012009 0.012085
0 0.331778 0.518686 0.011087 0.011034
0 0.590268 0.273101 0.012409 0.012281
0 0.422231 0.556045 0.012582 0.012581
0 0.896532 0.735656 0.012136 0.011812
0 0.389337 0.807029 0.013332 0.013110
0 0.102724 0.271034 0.012569 0.012559
0 0.332827 0.261210 0.012100 0.012132
0 0.484766 0.759128 0.013358 0.013060
0 0.108645 0.979946 0.013362 0.013404
0 0.292467 0.672195 0.012364 0.012362
0 0.398762 0.491137 0.011873 0.012039
0 0.040933 0.146575 0.012490 0.012337
0 0.071707 0.369569 0.012539 0.012702
0 0.685038 0.826696 0.013082 0.012817
0 0.994455 0.230256 0.010686 0.011110
0 0.996144 0.766913 0.007700 0.012721
0 0.847159 0.164037 0.013421 0.013471
0 0.421460 0.945494 0.012660 0.012345
0 0.547377 0.579966 0.013689 0.013670
0 0.571050 0.010739 0.012176 0.012369
0 0.032268 0.673950 0.010771 0.010652
0 0.471569 0.087925 0.013167 0.013597
0 0.695758 0.342549 0.013772 0.013655
0 0.165438 0.610394 0.009719 0.009610
0 0.185490 0.891756 0.012702 0.012741
0 0.555552 0.694380 0.011815 0.011749
0 0.314554 0.171188 0.011644 0.011413
0 0.171218 0.821087 0.012430 0.012387
0 0.046275 0.923968 0.011427 0.011200
0 0.227148 0.651200 0.012458 0.012329
0 0.127330 0.584961 0.011619 0.011622
0 0.847538 0.712062 0.022887 0.022791
0 0.229838 0.073431 0.013277 0.013225
0 0.519025 0.752873 0.012358 0.011852
0 0.874446 0.663170 0.013464 0.013436
0 0.182959 0.783541 0.011549 0.011443
0 0.788857 0.005477 0.012704 0.010953
0 0.547307 0.965423 0.011227 0.011802
0 0.169708 0.273734 0.011088 0.010913
0 0.697946 0.817990 0.016376 0.016810
0 0.002439 0.015364 0.004809 0.013526
0 0.218520 0.804517 0.011920 0.011595
