0 0.261955 0.109824 0.011613 0.011569
0 0.729508 0.568962 0.012993 0.012986
0 0.567477 0.427912 0.012241 0.012050
0 0.476214 0.447154 0.013764 0.013816
0 0.599196 0.367722 0.013568 0.013507
0 0.370737 0.496189 0.013834 0.013683
0 0.472991 0.379014 0.012643 0.012386
0 0.694323 0.192906 0.013771 0.013805
0 0.534623 0.590628 0.012554 0.012561
0 0.678866 0.789061 0.012482 0.012488
0 0.525882 0.551954 0.012504 0.012210
0 0.583739 0.270082 0.013189 0.013218
0 0.611448 0.609563 0.012741 0.012508
0 0.411864 0.349312 0.013421 0.013332
0 0.581059 0.518196 0.013929 0.013846
0 0.686251 0.979094 0.012545 0.012468
0 0.339336 0.080360 0.014004 0.014104
0 0.452430 0.040467 0.013757 0.013590
0 0.490542 0.121967 0.012254 0.012189
0 0.748084 0.618549 0.013224 0.012979
0 0.410325 0.130068 0.012984 0.012794
0 0.525063 0.348395 0.013405 0.013186
0 0.887651 0.885628 0.011488 0.011389
0 0.549462 0.386608 0.012102 0.012139
0 0.620565 0.333698 0.012160 0.012066
0 0.346900 0.205104 0.014320 0.014144
0 0.229687 0.202693 0.012982 0.013088
0 0.781625 0.130882 0.013787 0.013776
0 0.280632 0.127118 0.013759 0.013627
0 0.585849 0.142584 0.012486 0.012325
0 0.195048 0.131726 0.013905 0.013932
0 0.541542 0.532576 0.013644 0.013798
0 0.870821 0.751983 0.012799 0.012782
0 0.592893 0.713276 0.012903 0.012690
0 0.964462 0.424331 0.013405 0.013368
0 0.222138 0.469935 0.012664 0.012614
0 0.813488 0.459304 0.013268 0.013264
0 0.807227 0.841101 0.013350 0.013314
0 0.045809 0.366976 0.011877 0.011807
0 0.583694 0.044588 0.012866 0.012759
0 0.610622 0.910404 0.011886 0.012008
0 0.332006 0.572278 0.012580 0.012514
0 0.356304 0.146403 0.013869 0.013623
0 0.715318 0.797156 0.013549 0.013242
0 0.306433 0.041855 0.012269 0.012242
0 0.591870 0.010579 0.012135 0.012108
0 0.275343 0.243523 0.012400 0.012059
0 0.580925 0.469296 0.011924 0.012229
0 0.543569 0.975858 0.013589 0.013358
0 0.471175 0.106242 0.012560 0.012523
0 0.407687 0.263504 0.011852 0.011815
0 0.138335 0.130079 0.013344 0.013562
0 0.707771 0.250752 0.013640 0.013349
0 0.878618 0.649106 0.012897 0.012876
0 0.370715 0.023851 0.011675 0.011893
0 0.509477 0.268267 0.012534 0.012760
0 0.826253 0.685456 0.014087 0.013964
0 0.474811 0.029177 0.014779 0.014102
0 0.876476 0.951584 0.012366 0.012508
0 0.943745 0.311777 0.012453 0.012525
0 0.131793 0.215583 0.012421 0.012500
0 0.459586 0.962883 0.013376 0.013317
0 0.498360 0.509507 0.012372 0.012358
0 0.971226 0.116177 0.013360 0.013179
0 0.451455 0.493311 0.011347 0.011135
0 0.169811 0.356285 0.013377 0.013280
0 0.840093 0.210199 0.014047 0.013980
0 0.431951 0.781848 0.011894 0.011886
0 0.703224 0.666887 0.011441 0.011282
0 0.985180 0.400150 0.012918 0.012656
0 0.081409 0.404748 0.013938 0.013794
0 0.436326 0.592483 0.010356 0.010456
0 0.417587 0.685037 0.012836 0.012721
0 0.422012 0.556423 0.013260 0.013230
0 0.793363 0.287741 0.013258 0.013518
0 0.512614 0.286140 0.012784 0.012672
0 0.134168 0.944515 0.011745 0.011530
0 0.076644 0.548858 0.011254 0.011312
0 0.333527 0.517627 0.009835 0.009612
0 0.322926 0.371792 0.008772 0.008814
0 0.140140 0.491259 0.012626 0.012644
0 0.008374 0.881472 0.013114 0.012995
0 0.503554 0.343633 0.013509 0.013291
0 0.021354 0.364910 0.011505 0.011270
0 0.109312 0.981533 0.013029 0.013121
0 0.099287 0.802058 0.011980 0.012095
0 0.372236 0.266591 0.012033 0.011986
0 0.301222 0.338542 0.012823 0.012794
0 0.289995 0.793561 0.011193 0.011225
0 0.098225 0.109124 0.012957 0.012871
0 0.848879 0.710594 0.022250 0.022233
0 0.835472 0.014331 0.011545 0.011614
0 0.081440 0.461064 0.012636 0.012831
0 0.823424 0.009320 0.012683 0.013053
0 0.010360 0.408915 0.011253 0.011326
0 0.259861 0.148964 0.013468 0.013420
0 0.423933 0.174291 0.011993 0.011846
0 0.789720 0.005937 0.012962 0.011674
0 0.235961 0.971940 0.012665 0.012383
0 0.185687 0.892338 0.012318 0.012342
0 0.371278 0.710781 0.012814 0.012718
0 0.400939 0.572095 0.009842 0.009741
0 0.398194 0.570863 0.011222 0.010545
0 0.219104 0.642347 0.011534 0.011369
0 0.938606 0.286083 0.012935 0.012866
0 0.075350 0.468131 0.012056 0.011691
0 0.439352 0.060816 0.011817 0.011625
0 0.263222 0.147521 0.012618 0.012007
0 0.257725 0.149593 0.013209 0.013373
0 0.078640 0.464412 0.012437 0.012479
0 0.141497 0.492345 0.012428 0.012424
