0 0.824429 0.461139 0.014003 0.013829
0 0.455728 0.041534 0.013007 0.013036
0 0.367739 0.093389 0.013756 0.013687
0 0.731319 0.566656 0.012992 0.012875
0 0.241102 0.195482 0.013323 0.013307
0 0.838900 0.804000 0.012803 0.012769
0 0.556746 0.280339 0.013145 0.013175
0 0.926854 0.319292 0.011654 0.011709
0 0.582062 0.043129 0.013491 0.013629
0 0.539193 0.582507 0.012540 0.012706
0 0.526672 0.494126 0.012366 0.012359
0 0.747823 0.619387 0.013429 0.013335
0 0.717689 0.186437 0.013777 0.013766
0 0.580829 0.467309 0.012998 0.012934
0 0.360223 0.517775 0.012922 0.012960
0 0.578385 0.540822 0.013670 0.013520
0 0.508630 0.093490 0.012725 0.012783
0 0.593436 0.010284 0.012812 0.012700
0 0.704590 0.770370 0.013217 0.013021
0 0.277051 0.114349 0.013170 0.013003
0 0.603509 0.329150 0.012065 0.011871
0 0.684381 0.978571 0.012491 0.012513
0 0.092963 0.372841 0.014289 0.013947
0 0.822350 0.704224 0.014425 0.014279
0 0.333511 0.573267 0.012783 0.012918
0 0.525293 0.546612 0.012425 0.012346
0 0.900383 0.908253 0.011516 0.011607
0 0.903882 0.781658 0.012937 0.012926
0 0.582164 0.714836 0.012131 0.011992
0 0.575784 0.581890 0.012686 0.012919
0 0.463731 0.526215 0.013195 0.013166
0 0.499738 0.450532 0.013654 0.013815
0 0.505720 0.278205 0.013427 0.013195
0 0.354730 0.189769 0.014275 0.014159
0 0.566413 0.429746 0.012442 0.012365
0 0.401621 0.236667 0.011576 0.011680
0 0.780327 0.128944 0.013879 0.013819
0 0.277447 0.339561 0.013703 0.013478
0 0.410169 0.354855 0.012477 0.012599
0 0.566004 0.136493 0.012583 0.012568
0 0.499835 0.381155 0.011538 0.011587
0 0.027509 0.401808 0.012370 0.012386
0 0.460781 0.503719 0.013198 0.013017
0 0.523112 0.349483 0.013165 0.013012
0 0.222883 0.469922 0.012769 0.012786
0 0.374431 0.172944 0.013893 0.013758
0 0.497883 0.015771 0.012044 0.012014
0 0.059522 0.346521 0.012481 0.012424
0 0.813888 0.232988 0.013060 0.012964
0 0.482035 0.293836 0.013226 0.013041
0 0.595991 0.352839 0.013642 0.013590
0 0.175937 0.106079 0.013228 0.013155
0 0.140186 0.491424 0.012923 0.012746
0 0.438253 0.844550 0.012774 0.012655
0 0.398389 0.570238 0.012348 0.012052
0 0.216486 0.958560 0.012453 0.012411
0 0.460330 0.962496 0.013810 0.013589
0 0.139441 0.940705 0.011845 0.011819
0 0.076680 0.472838 0.012626 0.012209
0 0.051736 0.434608 0.012072 0.012173
0 0.975080 0.294357 0.011634 0.011553
0 0.444789 0.126550 0.011764 0.011797
0 0.016019 0.360372 0.012489 0.012385
0 0.880646 0.619536 0.013585 0.013672
0 0.830851 0.013476 0.012551 0.012353
0 0.236411 0.117071 0.012064 0.012107
0 0.687556 0.670973 0.013405 0.013189
0 0.407001 0.143178 0.012314 0.011854
0 0.543146 0.975979 0.013527 0.013363
0 0.151851 0.148857 0.013856 0.013542
0 0.107912 0.981255 0.012906 0.013113
0 0.995141 0.423562 0.009719 0.015208
0 0.323934 0.371462 0.009367 0.009256
0 0.252407 0.254193 0.010955 0.011156
0 0.789275 0.005587 0.013312 0.011174
0 0.577863 0.945635 0.013490 0.013691
0 0.258646 0.155015 0.012782 0.012653
0 0.884144 0.134912 0.012872 0.012530
0 0.495588 0.544156 0.014076 0.014304
0 0.185428 0.892478 0.012659 0.012735
0 0.822491 0.184951 0.012356 0.012162
0 0.077577 0.548066 0.011834 0.011967
0 0.816508 0.003327 0.012752 0.006648
0 0.110162 0.161104 0.012656 0.012615
0 0.847783 0.711079 0.023132 0.022710
0 0.496624 0.320954 0.012426 0.013342
0 0.473213 0.021603 0.013264 0.012834
0 0.036370 0.904620 0.013141 0.012911
0 0.210066 0.639127 0.012249 0.011890
0 0.103749 0.796430 0.012378 0.012492
0 0.435039 0.593348 0.011057 0.010864
0 0.891770 0.881135 0.012436 0.012614
0 0.135755 0.213674 0.012138 0.012124
0 0.713676 0.278662 0.012800 0.012760
0 0.276858 0.818550 0.011644 0.011505
0 0.742376 0.695914 0.010662 0.010552
0 0.981534 0.144438 0.013122 0.013366
0 0.752976 0.784143 0.013373 0.013401
0 0.002834 0.401087 0.005580 0.012871
0 0.270451 0.154887 0.009456 0.010072
0 0.332686 0.517864 0.013118 0.012184
0 0.978660 0.131717 0.012115 0.011024
0 0.223028 0.653286 0.012126 0.012014
0 0.077322 0.095425 0.011523 0.011900
