0 0.640738 0.959165 0.012393 0.012520
0 0.387068 0.125107 0.013661 0.013655
0 0.481323 0.713886 0.014488 0.014404
0 0.696957 0.883865 0.013198 0.013379
0 0.275767 0.170017 0.014038 0.014015
0 0.462402 0.960025 0.013269 0.013055
0 0.749641 0.617381 0.013371 0.013400
0 0.192693 0.607992 0.012476 0.012331
0 0.135790 0.549375 0.013520 0.013697
0 0.172728 0.530124 0.012492 0.012339
0 0.613778 0.186085 0.013163 0.013117
0 0.849656 0.061154 0.013060 0.013014
0 0.444373 0.120990 0.012666 0.012551
0 0.603658 0.953907 0.013201 0.013109
0 0.301044 0.653980 0.011262 0.011116
0 0.328253 0.743115 0.013030 0.012842
0 0.645124 0.769109 0.013190 0.013114
0 0.794089 0.211315 0.013460 0.013440
0 0.026523 0.480847 0.011604 0.011575
0 0.451998 0.062472 0.014041 0.014039
0 0.338618 0.982947 0.012433 0.012737
0 0.675993 0.027482 0.012327 0.012318
0 0.532344 0.385162 0.013506 0.013565
0 0.592147 0.707928 0.013045 0.012969
0 0.895275 0.565163 0.013522 0.013374
0 0.074802 0.443777 0.011167 0.011202
0 0.694702 0.599303 0.010576 0.010173
0 0.892543 0.980033 0.011518 0.011452
0 0.798307 0.859475 0.011865 0.011727
0 0.544854 0.974076 0.012671 0.012349
0 0.071647 0.468742 0.013084 0.012944
0 0.225168 0.651734 0.012984 0.012538
0 0.486581 0.828792 0.013242 0.013371
0 0.805788 0.741462 0.013368 0.013194
0 0.159493 0.059372 0.012756 0.012665
0 0.462092 0.425709 0.013504 0.013415
0 0.601267 0.203366 0.013416 0.013138
0 0.324498 0.600355 0.012943 0.012828
0 0.622447 0.041328 0.013147 0.013086
0 0.161369 0.698949 0.013600 0.013478
0 0.014350 0.425634 0.012013 0.011927
0 0.804319 0.068181 0.013118 0.012992
0 0.110183 0.033725 0.011875 0.012120
0 0.391724 0.696739 0.011922 0.011721
0 0.144125 0.297899 0.012358 0.012380
0 0.547400 0.419364 0.013097 0.013053
0 0.374944 0.495338 0.012501 0.012535
0 0.133009 0.846067 0.013496 0.013601
0 0.541825 0.352666 0.013369 0.013306
0 0.257812 0.637395 0.012003 0.011758
0 0.406297 0.890099 0.012245 0.012147
0 0.304601 0.230788 0.011522 0.011391
0 0.528808 0.217265 0.011751 0.011714
0 0.371292 0.808292 0.010308 0.010074
0 0.109341 0.979814 0.013566 0.013667
0 0.129074 0.008785 0.012948 0.013116
0 0.875036 0.166424 0.011933 0.012177
0 0.222700 0.467758 0.012722 0.012821
0 0.347758 0.404645 0.012234 0.011970
0 0.755021 0.050427 0.012359 0.012491
0 0.330159 0.960243 0.011351 0.011388
0 0.269615 0.506638 0.011302 0.011208
0 0.330947 0.517032 0.011438 0.011360
0 0.880619 0.472348 0.011602 0.011738
0 0.121416 0.779363 0.013830 0.013690
0 0.877797 0.434401 0.011434 0.011366
0 0.453012 0.722459 0.013752 0.013900
0 0.359785 0.877225 0.012083 0.012145
0 0.962824 0.332181 0.013248 0.013361
0 0.069027 0.487580 0.010499 0.010270
0 0.186949 0.890672 0.012835 0.012759
0 0.667702 0.122154 0.012402 0.012111
0 0.139610 0.638505 0.013063 0.012887
0 0.521663 0.577709 0.012201 0.012380
0 0.020217 0.323034 0.011647 0.011656
0 0.342159 0.155588 0.012267 0.012386
0 0.877805 0.608698 0.013588 0.013507
0 0.182417 0.702604 0.010749 0.010381
0 0.824961 0.247861 0.011270 0.011350
0 0.909157 0.276268 0.011904 0.011984
0 0.693596 0.215432 0.012284 0.012128
0 0.997550 0.070045 0.004862 0.011392
0 0.611608 0.642953 0.013197 0.012909
0 0.386075 0.944694 0.010129 0.010144
0 0.112354 0.806312 0.011466 0.011258
0 0.703238 0.310271 0.011655 0.011353
0 0.952453 0.434508 0.012320 0.012104
0 0.912127 0.362479 0.011038 0.010890
0 0.822833 0.184456 0.012597 0.012483
0 0.788953 0.004636 0.012751 0.009273
0 0.774237 0.004705 0.012536 0.009410
0 0.608775 0.798446 0.012096 0.011807
0 0.719771 0.399326 0.011934 0.011862
0 0.608304 0.814220 0.013226 0.013401
0 0.423858 0.554937 0.013738 0.013611
