0 0.756588 0.054476 0.013539 0.013314
0 0.816562 0.173907 0.012898 0.012900
0 0.055677 0.354619 0.012638 0.012624
0 0.463464 0.693956 0.013531 0.013488
0 0.664238 0.089585 0.012685 0.012564
0 0.663488 0.450107 0.012531 0.012588
0 0.805325 0.051519 0.012058 0.012015
0 0.929184 0.040588 0.011798 0.011924
0 0.468693 0.126350 0.012782 0.012591
0 0.095233 0.379970 0.011618 0.011358
0 0.652490 0.585259 0.011902 0.011974
0 0.464431 0.416109 0.011451 0.011558
0 0.382174 0.958432 0.013386 0.013359
0 0.577938 0.208351 0.012813 0.012891
0 0.951719 0.290225 0.012977 0.012877
0 0.357119 0.749043 0.012040 0.011888
0 0.689876 0.568961 0.012361 0.012248
0 0.229735 0.567433 0.013468 0.013448
0 0.482570 0.620698 0.013497 0.013398
0 0.467525 0.170460 0.013438 0.013308
0 0.511357 0.352639 0.013034 0.013010
0 0.019901 0.814967 0.012051 0.011983
0 0.211566 0.403213 0.013430 0.013230
0 0.847016 0.263311 0.012225 0.012330
0 0.687630 0.280940 0.012893 0.012839
0 0.569382 0.607344 0.013617 0.013734
0 0.503439 0.198909 0.012018 0.012120
0 0.734534 0.622385 0.014134 0.013831
0 0.268225 0.599052 0.012369 0.012060
0 0.970217 0.300185 0.014151 0.014210
0 0.306493 0.505279 0.011807 0.011642
0 0.068155 0.916478 0.011509 0.011395
0 0.879221 0.352270 0.012397 0.012254
0 0.505349 0.931286 0.014317 0.014302
0 0.770327 0.104469 0.013345 0.013296
0 0.192810 0.612495 0.012610 0.012695
0 0.467282 0.033952 0.013931 0.013964
0 0.279537 0.436369 0.012337 0.012195
0 0.173382 0.210823 0.012433 0.012417
0 0.643876 0.617237 0.013104 0.013166
0 0.892531 0.734301 0.012897 0.013045
0 0.843790 0.327177 0.013991 0.013812
0 0.317442 0.924043 0.013088 0.013067
0 0.566049 0.445603 0.011418 0.011301
0 0.044092 0.749310 0.013740 0.013818
0 0.384813 0.343070 0.014405 0.014248
0 0.589328 0.754884 0.013309 0.013300
0 0.656714 0.315777 0.011970 0.011964
0 0.739073 0.589160 0.012520 0.012656
0 0.529599 0.503517 0.013248 0.013259
0 0.366595 0.788053 0.012517 0.012671
0 0.113519 0.714907 0.013009 0.013032
0 0.916947 0.166800 0.013959 0.013862
0 0.602058 0.700622 0.012606 0.012793
0 0.295901 0.670436 0.013749 0.013456
0 0.269218 0.929406 0.011576 0.011407
0 0.162652 0.969380 0.011264 0.011061
0 0.341115 0.359043 0.012894 0.012944
0 0.210716 0.989460 0.011431 0.011155
0 0.955074 0.381199 0.012259 0.011903
0 0.087473 0.923331 0.012202 0.011997
0 0.577314 0.506086 0.013926 0.014141
0 0.399661 0.596978 0.014345 0.014295
0 0.778308 0.366520 0.012340 0.012219
0 0.272522 0.159292 0.012929 0.012719
0 0.600293 0.983297 0.014293 0.014431
0 0.020409 0.686161 0.012969 0.012959
0 0.236055 0.432546 0.013709 0.013630
0 0.392277 0.783355 0.013569 0.013663
0 0.772585 0.457495 0.012978 0.012826
0 0.761268 0.729191 0.013907 0.013847
0 0.130924 0.680059 0.011810 0.011418
0 0.117726 0.167415 0.012168 0.012168
0 0.753979 0.905010 0.013682 0.013655
0 0.549305 0.728906 0.012047 0.011976
0 0.037575 0.902518 0.011753 0.011815
0 0.438305 0.673053 0.012555 0.012502
0 0.062943 0.617925 0.012884 0.012787
0 0.844222 0.990212 0.012506 0.012486
0 0.832549 0.005687 0.012482 0.011374
0 0.594779 0.135907 0.012372 0.012502
0 0.904465 0.541303 0.013325 0.013061
0 0.803346 0.543815 0.011313 0.011007
0 0.276246 0.734606 0.012749 0.012739
0 0.884320 0.119158 0.009354 0.009213
0 0.768784 0.538441 0.013085 0.012600
0 0.904626 0.075057 0.010415 0.010527
0 0.803176 0.518560 0.010520 0.010389
0 0.927180 0.851140 0.014209 0.014230
0 0.427244 0.459462 0.014157 0.013890
0 0.379867 0.873876 0.012737 0.012881
0 0.350293 0.290829 0.024230 0.024480
0 0.974215 0.039369 0.009732 0.009680
0 0.696911 0.794343 0.011630 0.011707
0 0.228373 0.810339 0.012158 0.012061
0 0.325856 0.239964 0.011897 0.011712
0 0.490354 0.287865 0.011977 0.011478
0 0.534948 0.630377 0.024046 0.023706
0 0.927083 0.008349 0.011062 0.011246
0 0.100067 0.357926 0.014641 0.014767
0 0.494774 0.475715 0.014009 0.013712
0 0.870494 0.109173 0.012547 0.012044
0 0.968913 0.608245 0.011023 0.010835
0 0.737392 0.689087 0.011969 0.011927
0 0.904151 0.860332 0.013699 0.013732
0 0.878645 0.977436 0.012682 0.012753
0 0.651401 0.473626 0.010103 0.009424
0 0.912111 0.927052 0.011433 0.011474
0 0.003306 0.374429 0.006564 0.013549
0 0.751938 0.439577 0.010752 0.010629
0 0.090916 0.785200 0.009929 0.009881
0 0.767857 0.886328 0.011877 0.011822
0 0.001715 0.979317 0.003412 0.010563
0 0.842514 0.821565 0.011981 0.012307
0 0.899893 0.998178 0.010038 0.003594
0 0.418776 0.997608 0.013159 0.004784
0 0.871180 0.572535 0.010908 0.011178
0 0.637113 0.079337 0.023066 0.023593
0 0.488653 0.288461 0.012013 0.011677
0 0.978928 0.660781 0.012139 0.012244
0 0.984111 0.513385 0.014121 0.013851
0 0.629291 0.243060 0.009900 0.009476
0 0.980862 0.513825 0.014038 0.014035
