0 0.522810 0.137373 0.013191 0.013206
0 0.103710 0.084659 0.012870 0.012703
0 0.171988 0.216898 0.012086 0.012151
0 0.226873 0.894300 0.014069 0.014141
0 0.070596 0.669301 0.012726 0.012753
0 0.131070 0.527805 0.012816 0.012903
0 0.808280 0.455515 0.013353 0.013036
0 0.322012 0.172864 0.013622 0.013486
0 0.496742 0.079320 0.012370 0.012303
0 0.080699 0.439858 0.013246 0.012828
0 0.169290 0.791261 0.011913 0.011741
0 0.298551 0.859507 0.011790 0.011802
0 0.312778 0.313819 0.013533 0.013585
0 0.157970 0.397090 0.013032 0.013076
0 0.007461 0.180006 0.012715 0.012689
0 0.866813 0.359141 0.012555 0.012442
0 0.557946 0.153960 0.012551 0.012549
0 0.956537 0.509069 0.014812 0.014621
0 0.028160 0.366626 0.013280 0.013135
0 0.941744 0.381215 0.012528 0.012439
0 0.654511 0.498763 0.012667 0.012611
0 0.097005 0.188763 0.012982 0.013141
0 0.204736 0.048325 0.011993 0.012568
0 0.215743 0.970653 0.011886 0.011814
0 0.790901 0.432662 0.011870 0.011994
0 0.658275 0.008560 0.012579 0.012640
0 0.868690 0.626442 0.013332 0.013266
0 0.621327 0.529594 0.012968 0.012795
0 0.891724 0.508394 0.013029 0.012637
0 0.821123 0.729141 0.013694 0.013698
0 0.466011 0.242009 0.014043 0.014173
0 0.567967 0.016032 0.012463 0.012811
0 0.557563 0.572089 0.012349 0.012256
0 0.773803 0.029200 0.012745 0.012596
0 0.169285 0.964342 0.012898 0.012821
0 0.995698 0.462336 0.008582 0.012802
0 0.109567 0.449091 0.013125 0.013384
0 0.099443 0.030892 0.013111 0.013339
0 0.760887 0.010989 0.013036 0.013092
0 0.526004 0.086864 0.012482 0.012674
0 0.181208 0.148431 0.011311 0.011439
0 0.663955 0.573721 0.012782 0.012608
0 0.154671 0.742376 0.012739 0.012674
0 0.206735 0.331954 0.012763 0.012627
0 0.279701 0.436741 0.012057 0.011796
0 0.735398 0.620817 0.014564 0.014586
0 0.646618 0.632701 0.012732 0.012669
0 0.778008 0.523304 0.011673 0.011588
0 0.106173 0.555412 0.011819 0.011910
0 0.276890 0.560308 0.012362 0.012397
0 0.543502 0.058911 0.012732 0.012513
0 0.127543 0.187730 0.013868 0.013937
0 0.756666 0.430936 0.012721 0.012635
0 0.695135 0.644924 0.014559 0.014501
0 0.744556 0.059903 0.012439 0.012290
0 0.284210 0.782122 0.011604 0.011481
0 0.193725 0.003900 0.011014 0.007799
0 0.436878 0.584083 0.012766 0.012791
0 0.071784 0.977201 0.010953 0.011245
0 0.450304 0.207036 0.016295 0.016764
0 0.173508 0.305942 0.012537 0.012601
0 0.633232 0.054125 0.013204 0.013198
0 0.304362 0.688491 0.013380 0.013341
0 0.005769 0.797676 0.011218 0.012178
0 0.154185 0.110757 0.012787 0.012675
0 0.546062 0.418609 0.011629 0.011582
0 0.082657 0.841410 0.013137 0.012870
0 0.109448 0.704585 0.013516 0.013420
0 0.935997 0.091097 0.013017 0.013059
0 0.649291 0.416173 0.012162 0.012099
0 0.820477 0.515866 0.014302 0.014040
0 0.985744 0.360490 0.012402 0.012714
0 0.825047 0.650221 0.013775 0.013987
0 0.928108 0.510949 0.013805 0.013293
0 0.477632 0.634193 0.013195 0.013392
0 0.876529 0.843875 0.011280 0.010833
0 0.577526 0.004702 0.011470 0.009112
0 0.825266 0.975309 0.011726 0.011745
0 0.573832 0.352922 0.011605 0.011553
0 0.486513 0.129191 0.014851 0.014954
0 0.708880 0.309613 0.010385 0.010485
0 0.810446 0.925601 0.011960 0.012111
0 0.831651 0.595739 0.013471 0.012904
0 0.521580 0.900396 0.011350 0.011757
0 0.341064 0.609965 0.011963 0.011721
0 0.799638 0.553714 0.012234 0.012243
0 0.470898 0.417889 0.012500 0.012394
0 0.563013 0.479276 0.014548 0.014637
0 0.765422 0.701358 0.011289 0.011636
0 0.620319 0.266794 0.012225 0.012463
0 0.822241 0.623964 0.012550 0.012808
0 0.194903 0.004693 0.010819 0.009385
0 0.882328 0.766711 0.012910 0.012864
0 0.607947 0.659271 0.014081 0.013963
0 0.007950 0.633696 0.011443 0.010947
0 0.823684 0.517138 0.014425 0.014541
0 0.833810 0.913862 0.010580 0.010851
0 0.510393 0.985947 0.011150 0.011413
