0 0.660934 0.572498 0.012718 0.012622
0 0.170398 0.173583 0.012176 0.012329
0 0.086173 0.830071 0.012870 0.012844
0 0.158322 0.041852 0.013331 0.013249
0 0.171943 0.790289 0.011824 0.011825
0 0.143864 0.342032 0.013198 0.013012
0 0.150449 0.076330 0.012537 0.012582
0 0.493708 0.080355 0.012515 0.012450
0 0.653495 0.500450 0.012498 0.012563
0 0.870153 0.626395 0.013535 0.013537
0 0.544066 0.116917 0.013227 0.013193
0 0.160711 0.728235 0.012215 0.012113
0 0.766791 0.025579 0.012079 0.011800
0 0.749534 0.006275 0.012643 0.012431
0 0.158358 0.545648 0.012843 0.012794
0 0.258612 0.336402 0.013407 0.013226
0 0.709212 0.310417 0.011646 0.011731
0 0.806477 0.456731 0.013508 0.013249
0 0.085745 0.191539 0.015072 0.015065
0 0.316020 0.326062 0.012138 0.012360
0 0.060625 0.682717 0.012529 0.012590
0 0.619804 0.644946 0.012508 0.012376
0 0.291709 0.212687 0.013009 0.013173
0 0.554256 0.073170 0.012308 0.012379
0 0.006820 0.181057 0.012282 0.012337
0 0.486175 0.459405 0.011784 0.011764
0 0.081227 0.452844 0.012651 0.012373
0 0.955925 0.509900 0.015700 0.015321
0 0.647840 0.417370 0.012691 0.012865
0 0.597535 0.366691 0.012904 0.012549
0 0.232206 0.904258 0.013637 0.013553
0 0.492113 0.631430 0.012633 0.012708
0 0.096096 0.560391 0.012138 0.012314
0 0.885632 0.506027 0.012961 0.012848
0 0.801141 0.437458 0.013506 0.013716
0 0.632420 0.568297 0.013428 0.013229
0 0.734984 0.621304 0.014507 0.014592
0 0.278747 0.436490 0.011922 0.011758
0 0.549133 0.423308 0.011734 0.011664
0 0.056906 0.006064 0.012539 0.011762
0 0.539475 0.070429 0.012634 0.012351
0 0.095925 0.045653 0.012358 0.012393
0 0.020561 0.796618 0.012849 0.012922
0 0.497607 0.207844 0.011820 0.011991
0 0.014812 0.391046 0.013532 0.013367
0 0.446800 0.615887 0.012632 0.012608
0 0.146502 0.950158 0.013012 0.013012
0 0.086125 0.482601 0.012535 0.012763
0 0.299749 0.622530 0.012369 0.012306
0 0.437153 0.219085 0.014441 0.014610
0 0.104954 0.396880 0.013865 0.013776
0 0.563325 0.582172 0.011708 0.011493
0 0.210376 0.981714 0.012040 0.012161
0 0.109754 0.683633 0.013370 0.013153
0 0.628742 0.055451 0.013571 0.013817
0 0.765947 0.695004 0.011881 0.012432
0 0.825402 0.650536 0.013406 0.013527
0 0.995276 0.458826 0.009423 0.013843
0 0.313083 0.640042 0.012764 0.012891
0 0.623597 0.783018 0.012427 0.012328
0 0.761548 0.459456 0.013288 0.013306
0 0.265372 0.872313 0.012091 0.012059
0 0.823510 0.331329 0.014035 0.014184
0 0.818335 0.728509 0.013974 0.013785
0 0.265459 0.906341 0.011147 0.011158
0 0.069605 0.977621 0.011745 0.011878
0 0.112213 0.164007 0.013941 0.013820
0 0.777685 0.523122 0.012035 0.012043
0 0.528205 0.900837 0.011487 0.011781
0 0.320024 0.553849 0.012767 0.012627
0 0.416106 0.462105 0.012991 0.012988
0 0.583782 0.447558 0.013206 0.012988
0 0.153513 0.294101 0.013803 0.014492
0 0.145121 0.108320 0.013168 0.013047
0 0.397086 0.991936 0.012003 0.012151
0 0.799431 0.553572 0.012798 0.012852
0 0.473461 0.558625 0.013307 0.013257
0 0.459441 0.234781 0.014471 0.014641
0 0.133186 0.742103 0.012445 0.012215
0 0.952343 0.374857 0.013648 0.013698
0 0.683605 0.658027 0.014792 0.014869
0 0.821714 0.515468 0.016010 0.015577
0 0.747344 0.063758 0.012575 0.012465
0 0.101019 0.706915 0.014331 0.014130
0 0.394062 0.749232 0.013658 0.013820
0 0.830244 0.595126 0.014254 0.013688
0 0.643447 0.362282 0.011614 0.011226
0 0.002120 0.355874 0.004221 0.010842
0 0.606149 0.278466 0.011360 0.011594
0 0.820588 0.974347 0.011464 0.011381
0 0.172859 0.141124 0.012752 0.012197
0 0.504353 0.976598 0.012052 0.012082
0 0.822267 0.623704 0.012487 0.012706
0 0.500473 0.845510 0.011683 0.011690
0 0.945321 0.051805 0.013770 0.013941
0 0.705262 0.371193 0.011960 0.011935
0 0.408183 0.812130 0.011870 0.011692
0 0.019688 0.408966 0.012859 0.012743
0 0.810027 0.934068 0.011050 0.011191
0 0.838250 0.987049 0.010897 0.010530
0 0.778877 0.524622 0.012523 0.012822
0 0.539228 0.646987 0.011929 0.011881
0 0.279100 0.788848 0.010998 0.011261
0 0.897822 0.530794 0.012077 0.011961
0 0.684199 0.369067 0.011366 0.010998
0 0.935570 0.084942 0.012695 0.012523
0 0.824656 0.751084 0.012920 0.013039
0 0.732160 0.268237 0.012722 0.012346
0 0.880616 0.849371 0.011522 0.011302
