0 0.748918 0.617021 0.013584 0.013549
0 0.917307 0.281194 0.012508 0.012487
0 0.259960 0.410651 0.012943 0.013017
0 0.547861 0.193138 0.012788 0.012571
0 0.859653 0.064689 0.012833 0.012719
0 0.754423 0.527426 0.012862 0.012775
0 0.963119 0.070729 0.012292 0.012490
0 0.776793 0.472325 0.013330 0.013572
0 0.372342 0.549339 0.011453 0.011310
0 0.287894 0.462390 0.012786 0.012766
0 0.915475 0.352039 0.012492 0.012481
0 0.792051 0.019890 0.012933 0.013043
0 0.728821 0.687647 0.012739 0.012585
0 0.754586 0.257183 0.013357 0.013198
0 0.663361 0.429793 0.011713 0.011746
0 0.912420 0.088800 0.012859 0.012801
0 0.695108 0.708855 0.013502 0.013716
0 0.486831 0.435175 0.011882 0.011879
0 0.162974 0.259857 0.012306 0.012267
0 0.614445 0.479817 0.012072 0.012007
0 0.031954 0.634256 0.012902 0.012804
0 0.586986 0.808023 0.013248 0.013187
0 0.821119 0.192394 0.011716 0.011547
0 0.823458 0.268477 0.013851 0.013808
0 0.507332 0.685812 0.011634 0.011504
0 0.399703 0.285721 0.013943 0.013857
0 0.659423 0.221883 0.012552 0.012737
0 0.800286 0.124765 0.011745 0.011700
0 0.185205 0.153688 0.014134 0.014092
0 0.750439 0.440116 0.012841 0.012934
0 0.837893 0.311160 0.012373 0.012544
0 0.117458 0.499714 0.012261 0.012043
0 0.391784 0.093240 0.013226 0.012978
0 0.460091 0.204633 0.014164 0.014008
0 0.402893 0.186431 0.013565 0.013509
0 0.606455 0.974504 0.013948 0.014064
0 0.161100 0.548291 0.011677 0.011676
0 0.305295 0.572764 0.011436 0.011305
0 0.334409 0.855832 0.012318 0.012238
0 0.678931 0.381863 0.013658 0.013820
0 0.635070 0.081555 0.015792 0.015755
0 0.424772 0.320251 0.012177 0.012142
0 0.048658 0.347254 0.013337 0.013259
0 0.647077 0.159386 0.012528 0.012540
0 0.324768 0.805974 0.013101 0.013269
0 0.403928 0.688787 0.013594 0.013395
0 0.459361 0.959681 0.013519 0.013398
0 0.422973 0.175863 0.012823 0.012714
0 0.406494 0.046488 0.013730 0.013657
0 0.303198 0.056052 0.012055 0.012072
0 0.265497 0.226950 0.012579 0.012716
0 0.322535 0.826459 0.010113 0.009974
0 0.429238 0.693824 0.012456 0.012170
0 0.331731 0.517907 0.011973 0.011993
0 0.135060 0.652194 0.012879 0.012961
0 0.187399 0.698042 0.011934 0.011947
0 0.663560 0.510957 0.011652 0.011533
0 0.993079 0.581165 0.012847 0.012982
0 0.139973 0.896697 0.013568 0.013376
0 0.040019 0.139573 0.012323 0.012173
0 0.144646 0.842915 0.012768 0.012726
0 0.109707 0.980049 0.013738 0.013647
0 0.278822 0.836660 0.013003 0.013011
0 0.841576 0.327661 0.010844 0.010771
0 0.141955 0.486698 0.012186 0.012455
0 0.504061 0.561014 0.012112 0.012315
0 0.544392 0.972746 0.012324 0.012173
0 0.185699 0.889191 0.013090 0.012988
0 0.266823 0.638180 0.011825 0.011558
0 0.381548 0.463943 0.012404 0.012287
0 0.719212 0.813003 0.012376 0.012355
0 0.008029 0.497032 0.013741 0.013677
0 0.141650 0.242169 0.011943 0.011924
0 0.223336 0.467896 0.012195 0.012368
0 0.044272 0.784285 0.014430 0.014416
0 0.106040 0.477890 0.013830 0.013479
0 0.422698 0.555271 0.013630 0.013385
0 0.535771 0.334764 0.014746 0.014474
0 0.273416 0.896495 0.011322 0.011376
0 0.441362 0.059263 0.012536 0.012752
0 0.461514 0.024598 0.012204 0.012301
0 0.325292 0.642147 0.010685 0.010440
0 0.020857 0.300403 0.011885 0.011909
0 0.496793 0.982092 0.010784 0.010702
0 0.496077 0.038822 0.011543 0.011954
0 0.224294 0.647884 0.011735 0.011626
0 0.787634 0.463563 0.012055 0.011926
0 0.050389 0.946248 0.012624 0.012508
0 0.527035 0.003647 0.012082 0.007294
0 0.484280 0.038083 0.012843 0.012573
0 0.436995 0.461052 0.013452 0.013367
0 0.928880 0.742253 0.011481 0.011465
0 0.244261 0.146476 0.011438 0.011639
0 0.395480 0.944663 0.010530 0.010234
0 0.078799 0.584552 0.012266 0.012178
0 0.512920 0.206112 0.010622 0.010524
0 0.494202 0.542245 0.011125 0.010879
0 0.788163 0.003858 0.014582 0.007673
0 0.261593 0.553779 0.010059 0.010185
