0 0.467015 0.611941 0.012138 0.012142
0 0.766893 0.535778 0.013602 0.013510
0 0.166702 0.305278 0.013768 0.013925
0 0.709901 0.403055 0.013301 0.013111
0 0.167292 0.598832 0.013437 0.013602
0 0.644630 0.223241 0.013518 0.013404
0 0.049340 0.153721 0.013470 0.013238
0 0.644417 0.589013 0.013552 0.013438
0 0.625992 0.533459 0.013111 0.012898
0 0.844721 0.262035 0.012756 0.012834
0 0.279203 0.436469 0.012251 0.012211
0 0.855913 0.677325 0.012989 0.013278
0 0.170138 0.284648 0.012753 0.012461
0 0.257908 0.232484 0.014882 0.015096
0 0.240035 0.171312 0.012611 0.012495
0 0.109639 0.822255 0.011869 0.011773
0 0.075305 0.391341 0.014393 0.014403
0 0.187399 0.623738 0.012305 0.012266
0 0.694394 0.655642 0.012585 0.012499
0 0.358954 0.546988 0.013290 0.013130
0 0.371940 0.229823 0.014416 0.014429
0 0.609917 0.517811 0.014616 0.014429
0 0.979426 0.347461 0.015192 0.015161
0 0.014064 0.439311 0.012836 0.012744
0 0.760171 0.291499 0.012948 0.013019
0 0.313177 0.371476 0.013281 0.013277
0 0.681938 0.171721 0.013461 0.013489
0 0.012657 0.066901 0.014162 0.014314
0 0.801336 0.217375 0.013255 0.013183
0 0.092118 0.642320 0.012987 0.012879
0 0.356732 0.435204 0.011914 0.011888
0 0.193924 0.768545 0.013308 0.013178
0 0.065160 0.829552 0.011976 0.011922
0 0.583570 0.583081 0.012705 0.012774
0 0.534098 0.215398 0.013905 0.013944
0 0.534693 0.392294 0.013087 0.012911
0 0.173633 0.021520 0.012603 0.012689
0 0.345583 0.901806 0.012359 0.012366
0 0.039335 0.748972 0.012393 0.012222
0 0.901254 0.535656 0.013615 0.013460
0 0.167961 0.483109 0.012480 0.012317
0 0.746786 0.059733 0.012877 0.012931
0 0.661032 0.686906 0.012348 0.012433
0 0.695455 0.329082 0.012833 0.012819
0 0.308006 0.718192 0.012515 0.012278
0 0.911385 0.941466 0.012737 0.012620
0 0.408661 0.286467 0.013907 0.013997
0 0.007020 0.880119 0.013467 0.014254
0 0.472213 0.340192 0.012836 0.012876
0 0.737281 0.535441 0.013828 0.013758
0 0.023932 0.539696 0.011332 0.011072
0 0.807089 0.130137 0.012664 0.012554
0 0.529630 0.305927 0.014506 0.014524
0 0.247170 0.848004 0.012518 0.012209
0 0.430146 0.757654 0.013619 0.013705
0 0.388212 0.446183 0.013893 0.013860
0 0.934287 0.254552 0.012821 0.012964
0 0.736379 0.619403 0.014637 0.014692
0 0.282359 0.573847 0.013663 0.013716
0 0.982190 0.554999 0.014590 0.014666
0 0.392171 0.018914 0.014184 0.014052
0 0.733821 0.966908 0.013466 0.013303
0 0.439447 0.443612 0.012927 0.012853
0 0.966963 0.438639 0.011445 0.011771
0 0.397769 0.857290 0.013722 0.013564
0 0.846860 0.195067 0.013263 0.013233
0 0.605451 0.652758 0.014294 0.014092
0 0.812237 0.008656 0.013429 0.013870
0 0.907019 0.500658 0.012284 0.012255
0 0.931221 0.449276 0.014793 0.014703
0 0.561909 0.190589 0.012588 0.012622
0 0.824952 0.383865 0.012097 0.012290
0 0.249927 0.724475 0.012383 0.012369
0 0.101826 0.932202 0.012956 0.013222
0 0.589843 0.344936 0.013802 0.013725
0 0.573681 0.880841 0.012967 0.012943
0 0.647578 0.405026 0.013645 0.013391
0 0.559647 0.713245 0.012499 0.012641
0 0.710153 0.722428 0.013277 0.013340
0 0.030899 0.488478 0.013778 0.013841
0 0.417979 0.271518 0.012355 0.012091
0 0.966641 0.953602 0.012772 0.012687
0 0.836466 0.090840 0.012681 0.012684
0 0.516367 0.482914 0.012176 0.012160
0 0.776661 0.424299 0.012206 0.012244
0 0.970181 0.589690 0.012094 0.011802
0 0.983375 0.510840 0.015837 0.014977
0 0.331615 0.800394 0.013139 0.013047
0 0.188907 0.844382 0.012368 0.012387
0 0.810001 0.612883 0.011733 0.011608
0 0.824016 0.137684 0.009685 0.009604
0 0.088777 0.910917 0.012263 0.012166
0 0.537131 0.635418 0.018979 0.018715
0 0.767491 0.622988 0.012022 0.012231
0 0.759591 0.916263 0.012076 0.012118
0 0.504809 0.290688 0.012683 0.012706
0 0.667779 0.758499 0.012721 0.012504
0 0.890667 0.580899 0.013285 0.013353
0 0.402908 0.389461 0.011783 0.011630
0 0.785909 0.490601 0.015226 0.015451
0 0.916028 0.228684 0.013995 0.014114
0 0.299485 0.825311 0.012152 0.012107
0 0.347814 0.295414 0.024331 0.024304
0 0.920890 0.992584 0.012491 0.012337
0 0.802076 0.539243 0.012220 0.012317
0 0.608361 0.995739 0.011948 0.008521
0 0.068461 0.570898 0.021992 0.022214
0 0.775294 0.466432 0.011511 0.011577
0 0.957940 0.847274 0.012642 0.012516
0 0.095344 0.953462 0.012378 0.012116
0 0.995538 0.694256 0.008925 0.011338
0 0.897126 0.831259 0.012666 0.012844
0 0.558463 0.613826 0.013932 0.013929
0 0.996396 0.868748 0.007198 0.016216
0 0.003546 0.991558 0.007054 0.012026
0 0.718722 0.937248 0.012746 0.012694
0 0.888223 0.042420 0.011094 0.011090
0 0.247318 0.995932 0.011764 0.008137
0 0.869271 0.566721 0.012785 0.012598
0 0.849651 0.539139 0.013338 0.013174
0 0.970650 0.898203 0.012502 0.012568
0 0.661507 0.522220 0.011598 0.011105
0 0.540533 0.733278 0.020675 0.020409
0 0.652317 0.470660 0.010313 0.010198
0 0.998235 0.217612 0.003469 0.013737
0 0.704467 0.818583 0.021993 0.021972
0 0.918509 0.047859 0.009536 0.009377
0 0.843911 0.287502 0.010382 0.011346
0 0.757692 0.005749 0.011901 0.011192
0 0.623555 0.779092 0.019905 0.020479
0 0.756097 0.006512 0.012408 0.012337
