0 0.531512 0.329053 0.014522 0.014546
0 0.969320 0.208767 0.013294 0.013456
0 0.760620 0.317425 0.013952 0.013748
0 0.500499 0.610106 0.013876 0.013885
0 0.908339 0.654967 0.012877 0.012737
0 0.056999 0.428273 0.011457 0.011476
0 0.577533 0.333754 0.013505 0.013484
0 0.403887 0.358237 0.012926 0.012810
0 0.248139 0.403244 0.012939 0.012737
0 0.353311 0.531372 0.013123 0.013157
0 0.243501 0.572191 0.013087 0.012987
0 0.341087 0.510263 0.013626 0.013663
0 0.786750 0.853252 0.012890 0.012939
0 0.614802 0.874186 0.012169 0.012205
0 0.638576 0.233387 0.013102 0.012985
0 0.899912 0.044277 0.013935 0.013992
0 0.110897 0.424061 0.013840 0.013927
0 0.114725 0.545591 0.012755 0.012686
0 0.458231 0.730251 0.013302 0.013294
0 0.524452 0.350032 0.013320 0.013233
0 0.461060 0.703078 0.013049 0.013098
0 0.123246 0.453417 0.012024 0.011947
0 0.800973 0.532847 0.012975 0.012690
0 0.575670 0.609166 0.012315 0.012363
0 0.423304 0.733538 0.012817 0.012947
0 0.835327 0.549539 0.011557 0.011627
0 0.175920 0.525101 0.010444 0.010382
0 0.339153 0.181993 0.013833 0.013902
0 0.222490 0.469444 0.012922 0.012980
0 0.634416 0.868873 0.012553 0.012650
0 0.326646 0.563973 0.011482 0.011364
0 0.662325 0.057823 0.013113 0.012879
0 0.264896 0.502920 0.013917 0.013957
0 0.708609 0.079010 0.012759 0.012607
0 0.482334 0.511614 0.013569 0.013409
0 0.982672 0.150630 0.010034 0.009993
0 0.030676 0.378188 0.014470 0.014282
0 0.748222 0.619339 0.013352 0.013333
0 0.873475 0.023725 0.013334 0.013236
0 0.780868 0.700757 0.012208 0.012036
0 0.060044 0.598527 0.012492 0.012449
0 0.478718 0.082173 0.013965 0.013818
0 0.584387 0.010376 0.013929 0.013755
0 0.339524 0.428576 0.012469 0.012232
0 0.568746 0.099844 0.014037 0.013948
0 0.150644 0.318425 0.011395 0.011352
0 0.669908 0.100569 0.012827 0.012801
0 0.880375 0.463961 0.013463 0.013302
0 0.527218 0.543904 0.013041 0.013021
0 0.436284 0.589795 0.010747 0.010530
0 0.557643 0.517180 0.012324 0.012479
0 0.772616 0.086806 0.012535 0.012316
0 0.382770 0.714793 0.012552 0.012472
0 0.244947 0.286997 0.012073 0.011775
0 0.815970 0.363345 0.011774 0.011334
0 0.789331 0.353048 0.012177 0.012089
0 0.104530 0.398671 0.010961 0.010822
0 0.137989 0.714143 0.012566 0.012663
0 0.638431 0.471087 0.012778 0.012589
0 0.521148 0.157075 0.013307 0.013254
0 0.600049 0.073646 0.012737 0.012865
0 0.108133 0.196955 0.012879 0.012873
0 0.311074 0.031435 0.011523 0.011600
0 0.154208 0.252579 0.012833 0.013000
0 0.693602 0.117754 0.012840 0.012883
0 0.996926 0.105214 0.006094 0.009813
0 0.394202 0.059533 0.011848 0.011893
0 0.656521 0.369401 0.012466 0.012348
0 0.362909 0.269861 0.012322 0.012401
0 0.281485 0.517801 0.013448 0.013643
0 0.275066 0.952759 0.011050 0.011429
0 0.552854 0.466142 0.012627 0.012567
0 0.541572 0.975478 0.013066 0.012815
0 0.788099 0.005520 0.012379 0.011040
0 0.326887 0.273876 0.012165 0.012213
0 0.184670 0.892148 0.012696 0.012804
0 0.258592 0.006125 0.014014 0.012215
0 0.898223 0.443978 0.011862 0.012029
0 0.041779 0.828380 0.012171 0.012187
0 0.135523 0.493532 0.010332 0.010446
0 0.108062 0.981620 0.013544 0.013673
0 0.695670 0.431283 0.012710 0.012463
0 0.507759 0.864977 0.011683 0.011725
0 0.547333 0.949000 0.012723 0.012634
0 0.749117 0.031492 0.013339 0.013520
0 0.881338 0.578126 0.011815 0.011790
0 0.460022 0.960605 0.011527 0.011556
0 0.292732 0.807772 0.011320 0.010974
0 0.284278 0.209528 0.011569 0.011471
0 0.223989 0.650078 0.011896 0.011892
0 0.400509 0.571236 0.011141 0.011090
0 0.237031 0.074174 0.012443 0.012514
0 0.124488 0.770169 0.012881 0.012501
0 0.848748 0.710977 0.023425 0.023573
0 0.495155 0.543728 0.014137 0.013968
0 0.009288 0.995934 0.011178 0.008053
0 0.574084 0.672672 0.011246 0.011471
0 0.452965 0.047070 0.013118 0.012916
0 0.332739 0.130222 0.011800 0.011682
0 0.321187 0.691572 0.012897 0.012040
0 0.201626 0.756701 0.011701 0.011552
0 0.398558 0.570395 0.012038 0.011554
0 0.233306 0.273428 0.012479 0.012468
0 0.787592 0.442662 0.012045 0.011909
0 0.840366 0.189237 0.013678 0.013796
0 0.988141 0.993445 0.013326 0.012394
0 0.907458 0.025305 0.011113 0.010989
0 0.073342 0.623840 0.012541 0.012574
0 0.179796 0.054950 0.012629 0.012594
0 0.110925 0.274011 0.010179 0.009655
0 0.319719 0.692572 0.012698 0.011980
