0 0.178762 0.610204 0.013749 0.013621
0 0.663762 0.626945 0.014548 0.014366
0 0.818583 0.615443 0.013315 0.013207
0 0.953254 0.764786 0.013185 0.013155
0 0.812175 0.780307 0.013592 0.013464
0 0.950569 0.571924 0.012869 0.012615
0 0.942489 0.523477 0.012701 0.012502
0 0.686832 0.598111 0.012989 0.012813
0 0.154772 0.245091 0.012152 0.012165
0 0.613811 0.902178 0.013267 0.013367
0 0.512849 0.578801 0.013401 0.013320
0 0.178662 0.260289 0.012608 0.012531
0 0.599363 0.584613 0.013469 0.013487
0 0.363427 0.441413 0.012553 0.012826
0 0.667677 0.749761 0.012631 0.012512
0 0.216288 0.225042 0.012412 0.012490
0 0.109593 0.320251 0.013051 0.012967
0 0.458511 0.202680 0.012837 0.012870
0 0.123183 0.127847 0.013723 0.013637
0 0.388857 0.125315 0.011626 0.011823
0 0.064481 0.382532 0.011717 0.011762
0 0.109326 0.391674 0.012137 0.012122
0 0.222793 0.469222 0.012649 0.012598
0 0.574924 0.041058 0.011287 0.011194
0 0.099562 0.475604 0.012854 0.012554
0 0.198947 0.319017 0.012488 0.012530
0 0.482194 0.797072 0.013178 0.013120
0 0.950071 0.879565 0.011428 0.011435
0 0.658701 0.033077 0.011884 0.011721
0 0.551310 0.607844 0.012343 0.012364
0 0.108010 0.226536 0.013838 0.014049
0 0.449992 0.722429 0.011481 0.011456
0 0.798794 0.680401 0.013322 0.013399
0 0.749544 0.618210 0.013615 0.013411
0 0.483622 0.547220 0.012022 0.012024
0 0.506559 0.173554 0.013855 0.013843
0 0.332175 0.518687 0.011912 0.011792
0 0.521243 0.127853 0.013445 0.013248
0 0.385829 0.384782 0.012078 0.011935
0 0.256183 0.220227 0.013738 0.013786
0 0.563639 0.322515 0.014180 0.014307
0 0.287470 0.807796 0.012815 0.012909
0 0.586876 0.689489 0.012960 0.012888
0 0.586411 0.663089 0.012340 0.012321
0 0.540259 0.973369 0.011870 0.011832
0 0.582931 0.102062 0.013001 0.013017
0 0.055083 0.187033 0.013702 0.013608
0 0.410014 0.644655 0.012774 0.012664
0 0.787430 0.546422 0.013782 0.013980
0 0.287464 0.736005 0.011306 0.011349
0 0.855362 0.805152 0.012831 0.012525
0 0.394687 0.510036 0.011882 0.011727
0 0.134254 0.569303 0.011700 0.011554
0 0.992603 0.946800 0.012097 0.012151
0 0.457988 0.961583 0.012761 0.012723
0 0.541601 0.118465 0.012195 0.012253
0 0.538181 0.522900 0.013017 0.012956
0 0.524187 0.347566 0.013701 0.013544
0 0.226157 0.650973 0.012314 0.012205
0 0.670570 0.419554 0.013264 0.013076
0 0.556309 0.797754 0.011743 0.011581
0 0.284658 0.213450 0.011588 0.011681
0 0.265211 0.901252 0.012650 0.012572
0 0.730782 0.950176 0.013215 0.013379
0 0.901020 0.349695 0.012395 0.012535
0 0.928009 0.193757 0.012139 0.012166
0 0.159003 0.031650 0.012055 0.012134
0 0.848927 0.711922 0.022213 0.022042
0 0.725039 0.430147 0.012286 0.012063
0 0.315202 0.996893 0.010459 0.006214
0 0.743875 0.424661 0.011967 0.011749
0 0.031894 0.958797 0.012319 0.012191
0 0.670685 0.797499 0.011323 0.011201
0 0.109090 0.981091 0.013479 0.013493
0 0.381002 0.733761 0.012695 0.012612
0 0.820944 0.054151 0.013246 0.013170
0 0.595976 0.003849 0.012269 0.007697
0 0.402029 0.572002 0.010034 0.009947
0 0.228694 0.822582 0.011165 0.011176
0 0.441098 0.059373 0.012250 0.012312
0 0.185914 0.891752 0.012300 0.012342
0 0.235655 0.047787 0.010899 0.010930
0 0.864612 0.967509 0.010330 0.010294
0 0.379165 0.733538 0.014865 0.013938
0 0.492098 0.833438 0.011569 0.011505
0 0.146484 0.946548 0.011476 0.011461
0 0.918974 0.998387 0.009647 0.003226
0 0.345447 0.290393 0.024257 0.023961
0 0.356597 0.068819 0.013754 0.013585
0 0.997527 0.828918 0.004892 0.010511
0 0.004977 0.706277 0.009906 0.012378
0 0.786406 0.005257 0.013178 0.010515
0 0.703474 0.004169 0.012436 0.008338
0 0.400696 0.571132 0.010542 0.010729
0 0.601760 0.262182 0.013603 0.013652
