0 0.040132 0.600171 0.012243 0.012272
0 0.324402 0.736247 0.013748 0.013649
0 0.437132 0.021435 0.013675 0.013706
0 0.633997 0.228671 0.013019 0.012879
0 0.906393 0.699520 0.013275 0.013166
0 0.446032 0.407680 0.013793 0.013713
0 0.567632 0.686625 0.012361 0.012137
0 0.417358 0.513223 0.012464 0.012459
0 0.596467 0.889267 0.011344 0.011154
0 0.201821 0.301373 0.014590 0.014734
0 0.748561 0.618855 0.013556 0.013430
0 0.151179 0.633209 0.012808 0.012862
0 0.279587 0.823193 0.010914 0.010688
0 0.557624 0.080016 0.013747 0.013646
0 0.460001 0.749235 0.013589 0.013770
0 0.469731 0.135181 0.014025 0.014036
0 0.555349 0.311490 0.014330 0.014303
0 0.978560 0.406765 0.012386 0.012363
0 0.487470 0.606851 0.013762 0.013711
0 0.546325 0.369520 0.011685 0.011657
0 0.448429 0.686198 0.014571 0.014473
0 0.160530 0.670928 0.012020 0.012105
0 0.576199 0.657292 0.013876 0.013827
0 0.530573 0.074351 0.013088 0.013163
0 0.302821 0.555278 0.013310 0.013073
0 0.121464 0.792011 0.013106 0.012920
0 0.592527 0.517330 0.013729 0.013748
0 0.561344 0.918863 0.012714 0.012869
0 0.246609 0.491621 0.013716 0.013610
0 0.012657 0.293458 0.011700 0.011493
0 0.185730 0.891777 0.012642 0.012595
0 0.937304 0.224657 0.013596 0.013404
0 0.802243 0.498052 0.012421 0.012056
0 0.523857 0.349026 0.012904 0.012775
0 0.542249 0.974884 0.012264 0.012059
0 0.113127 0.637069 0.011513 0.011705
0 0.330711 0.518820 0.012480 0.012181
0 0.803516 0.361636 0.011773 0.011709
0 0.677357 0.455995 0.011497 0.011624
0 0.170270 0.374392 0.011509 0.011212
0 0.030819 0.407333 0.014187 0.014373
0 0.473109 0.035242 0.012612 0.012555
0 0.961850 0.377633 0.012505 0.012470
0 0.291299 0.453776 0.013433 0.013619
0 0.370282 0.493738 0.013338 0.013297
0 0.353607 0.216275 0.013784 0.013654
0 0.099403 0.432537 0.014555 0.014477
0 0.794977 0.703957 0.013223 0.013201
0 0.153617 0.325480 0.012367 0.012528
0 0.855382 0.448142 0.012543 0.012882
0 0.467413 0.529182 0.011311 0.011320
0 0.593667 0.141335 0.013103 0.013104
0 0.819672 0.277421 0.013548 0.013599
0 0.911968 0.019188 0.014643 0.014751
0 0.495803 0.542292 0.013737 0.013815
0 0.872009 0.060893 0.012685 0.012497
0 0.106798 0.196332 0.012408 0.012193
0 0.273936 0.179298 0.014134 0.014051
0 0.088027 0.814905 0.013159 0.013242
0 0.440629 0.059885 0.011835 0.011848
0 0.453491 0.959923 0.011546 0.011548
0 0.223457 0.468781 0.012468 0.012549
0 0.420195 0.644789 0.013663 0.013316
0 0.315612 0.210439 0.011725 0.011784
0 0.694677 0.073647 0.013388 0.013306
0 0.152335 0.563585 0.014265 0.014305
0 0.247981 0.126759 0.013220 0.013242
0 0.344461 0.115559 0.011466 0.011357
0 0.210713 0.369319 0.012436 0.012458
0 0.272429 0.281652 0.011685 0.011577
0 0.011146 0.214284 0.012001 0.011445
0 0.612311 0.959751 0.012754 0.012891
0 0.186288 0.239704 0.012270 0.012705
0 0.542241 0.570170 0.013861 0.013833
0 0.854745 0.030309 0.013986 0.014016
0 0.158985 0.259721 0.011584 0.011884
0 0.816371 0.373518 0.011447 0.011715
0 0.269649 0.500098 0.013831 0.013988
0 0.707489 0.059953 0.013365 0.013461
0 0.593845 0.016663 0.013601 0.013528
0 0.140068 0.588491 0.012052 0.012155
0 0.224916 0.650384 0.012338 0.012234
0 0.262936 0.006715 0.013201 0.013136
0 0.634198 0.527597 0.012221 0.012379
0 0.765043 0.397216 0.012241 0.012249
0 0.987443 0.842110 0.012107 0.011909
0 0.122590 0.426342 0.011725 0.012038
0 0.673911 0.395898 0.012297 0.011976
0 0.106756 0.227471 0.011395 0.011793
0 0.283126 0.020212 0.012507 0.012448
0 0.211119 0.075115 0.011975 0.012113
0 0.270772 0.529060 0.012546 0.012498
0 0.102785 0.259667 0.011168 0.011196
0 0.815582 0.548554 0.013873 0.013581
0 0.278518 0.681830 0.011094 0.011273
0 0.493207 0.001925 0.011674 0.003849
0 0.422230 0.555490 0.013080 0.013126
0 0.133375 0.498031 0.010733 0.010799
0 0.436951 0.590783 0.010427 0.010517
0 0.345227 0.294973 0.020268 0.020282
0 0.848974 0.710664 0.022613 0.022480
0 0.398886 0.571049 0.012001 0.011590
0 0.002940 0.856711 0.005826 0.014558
0 0.023737 0.552302 0.011012 0.011239
0 0.062580 0.044022 0.012281 0.012308
0 0.994753 0.124543 0.009141 0.008564
0 0.108755 0.981584 0.012467 0.012811
0 0.068783 0.491624 0.015544 0.015765
0 0.733834 0.086324 0.013087 0.013397
0 0.007725 0.972677 0.012135 0.011831
0 0.898553 0.780956 0.011967 0.011973
0 0.779946 0.005455 0.014158 0.010901
