0 0.639513 0.906927 0.011963 0.011692
0 0.054443 0.841775 0.012940 0.013078
0 0.036483 0.917527 0.013188 0.013273
0 0.592949 0.161983 0.013510 0.013248
0 0.603847 0.899228 0.012186 0.012049
0 0.312922 0.513149 0.013079 0.012989
0 0.531199 0.434175 0.012741 0.012664
0 0.305273 0.567596 0.013302 0.013220
0 0.804674 0.024389 0.012827 0.012556
0 0.627987 0.610595 0.012175 0.012107
0 0.391192 0.368143 0.014112 0.013899
0 0.332828 0.190247 0.012919 0.012786
0 0.578636 0.262558 0.012467 0.012451
0 0.634332 0.339455 0.013555 0.013574
0 0.899281 0.875738 0.012862 0.012702
0 0.816232 0.966459 0.011866 0.011983
0 0.030566 0.686005 0.013764 0.013931
0 0.159668 0.788213 0.012456 0.012415
0 0.921949 0.377263 0.013013 0.012924
0 0.154452 0.336337 0.012793 0.012817
0 0.263467 0.071281 0.012464 0.012262
0 0.672051 0.519895 0.013774 0.013772
0 0.131311 0.234256 0.013149 0.013200
0 0.834690 0.544814 0.013928 0.013887
0 0.730541 0.488717 0.012991 0.012882
0 0.111370 0.820678 0.014039 0.013739
0 0.559260 0.170434 0.012850 0.012831
0 0.199951 0.494601 0.013118 0.013153
0 0.324153 0.355007 0.013340 0.013254
0 0.771216 0.356985 0.013220 0.013206
0 0.148886 0.856544 0.013426 0.013542
0 0.238114 0.594540 0.012811 0.012922
0 0.111328 0.391962 0.012971 0.012816
0 0.906796 0.399653 0.012702 0.012616
0 0.942482 0.845303 0.012490 0.012674
0 0.785093 0.083005 0.014405 0.014270
0 0.480191 0.108623 0.013687 0.013568
0 0.644474 0.935935 0.013268 0.013140
0 0.574240 0.736953 0.013765 0.013901
0 0.750628 0.953336 0.012621 0.012606
0 0.965701 0.628060 0.013453 0.013397
0 0.873096 0.477389 0.013583 0.013543
0 0.797729 0.368333 0.012888 0.012986
0 0.807680 0.906434 0.014389 0.014344
0 0.041973 0.330472 0.013072 0.012946
0 0.216314 0.262942 0.014035 0.013921
0 0.387142 0.670830 0.012992 0.012782
0 0.289730 0.201704 0.012768 0.012643
0 0.051738 0.420214 0.013136 0.013008
0 0.109527 0.607661 0.012604 0.012738
0 0.559651 0.599399 0.013306 0.013222
0 0.745516 0.406665 0.013332 0.013208
0 0.197641 0.375774 0.012602 0.012520
0 0.478378 0.396988 0.013668 0.013581
0 0.580392 0.448019 0.013711 0.013608
0 0.787567 0.839707 0.012999 0.013258
0 0.444724 0.789127 0.012623 0.012560
0 0.857316 0.070492 0.014482 0.014494
0 0.775853 0.458335 0.013871 0.013820
0 0.230127 0.904923 0.012147 0.011981
0 0.316972 0.022160 0.013503 0.013335
0 0.203886 0.147068 0.013553 0.013698
0 0.511569 0.525305 0.013646 0.013492
0 0.243452 0.044555 0.014339 0.014351
0 0.537457 0.396521 0.012652 0.012596
0 0.250188 0.385420 0.013616 0.013520
0 0.881517 0.656470 0.013733 0.014197
0 0.096520 0.119276 0.014245 0.014275
0 0.598417 0.400638 0.013787 0.013846
0 0.852750 0.600773 0.014627 0.014785
0 0.123722 0.942172 0.015020 0.015184
0 0.435067 0.235351 0.013882 0.013868
0 0.109396 0.526180 0.013392 0.013409
0 0.329245 0.146530 0.014983 0.014946
0 0.407634 0.690273 0.014874 0.014923
0 0.512145 0.763537 0.013832 0.013901
0 0.735602 0.765265 0.013050 0.012991
0 0.224883 0.987809 0.013175 0.013080
0 0.491487 0.450819 0.013512 0.013676
0 0.927404 0.620859 0.013841 0.013968
0 0.678810 0.599606 0.012986 0.013317
0 0.449013 0.674319 0.012706 0.012599
0 0.666870 0.185267 0.013553 0.013472
0 0.901653 0.108364 0.012558 0.012612
0 0.932696 0.948957 0.014476 0.014527
0 0.015306 0.863686 0.013037 0.012842
0 0.831430 0.138873 0.013343 0.013607
0 0.674290 0.955273 0.012772 0.012528
0 0.361070 0.179439 0.014092 0.014038
0 0.180865 0.784877 0.013232 0.013177
0 0.207494 0.620592 0.013203 0.013122
0 0.584562 0.591633 0.013237 0.013199
0 0.961577 0.573418 0.013038 0.012943
0 0.370418 0.647919 0.013261 0.013172
0 0.139489 0.831143 0.013140 0.013142
0 0.678786 0.747053 0.014152 0.013878
0 0.359840 0.315607 0.013824 0.013707
0 0.141876 0.687585 0.012875 0.012664
0 0.822808 0.316267 0.013612 0.013665
0 0.060886 0.229032 0.013533 0.013472
0 0.060926 0.956338 0.013265 0.013333
0 0.678525 0.766747 0.012228 0.012235
0 0.279119 0.976944 0.012214 0.012463
0 0.046682 0.746601 0.014330 0.013952
0 0.564660 0.349927 0.012068 0.012154
0 0.477315 0.619100 0.012573 0.012703
0 0.232288 0.384810 0.014284 0.014221
0 0.040527 0.506630 0.013185 0.013702
0 0.034589 0.562735 0.013352 0.013371
0 0.321313 0.235253 0.013236 0.013375
0 0.094249 0.947631 0.011830 0.011755
0 0.648021 0.842760 0.013505 0.013297
0 0.935224 0.014335 0.013208 0.013029
0 0.333625 0.683992 0.013948 0.014088
0 0.618549 0.566978 0.013117 0.013411
0 0.256093 0.194974 0.012328 0.012258
0 0.964528 0.402471 0.013759 0.013707
0 0.461985 0.475540 0.015000 0.015030
0 0.225832 0.681170 0.015170 0.015321
0 0.555600 0.525966 0.013918 0.014005
0 0.447952 0.906920 0.013237 0.013417
0 0.152634 0.421120 0.013495 0.013380
0 0.975217 0.174469 0.013097 0.013000
0 0.224382 0.104884 0.013015 0.013020
0 0.957271 0.809875 0.012978 0.013068
0 0.373270 0.076129 0.015106 0.015209
0 0.563376 0.671482 0.013704 0.013679
0 0.952162 0.940181 0.014698 0.014812
0 0.582457 0.553865 0.012254 0.012101
0 0.064120 0.043214 0.013132 0.013425
0 0.952922 0.968910 0.014436 0.014327
0 0.330854 0.763420 0.013411 0.013323
0 0.828935 0.827309 0.012546 0.012529
0 0.640426 0.253681 0.015520 0.015500
0 0.022122 0.381823 0.013364 0.013370
0 0.977487 0.577498 0.012845 0.012943
0 0.712552 0.996825 0.011137 0.006262
0 0.313172 0.586502 0.013348 0.013295
0 0.604912 0.680279 0.012902 0.013075
0 0.072451 0.026463 0.012537 0.012630
0 0.338883 0.084527 0.014489 0.014298
0 0.862401 0.931923 0.012646 0.012405
0 0.503386 0.882703 0.013322 0.013678
0 0.127408 0.282973 0.013394 0.013445
0 0.028065 0.886777 0.012560 0.012635
0 0.534910 0.514739 0.013854 0.013750
0 0.790035 0.187044 0.012666 0.012320
0 0.581986 0.224178 0.013486 0.013549
0 0.745728 0.317558 0.014693 0.014299
0 0.098543 0.289864 0.014433 0.014627
0 0.189244 0.007022 0.012995 0.013185
0 0.799362 0.219678 0.015091 0.015005
0 0.877773 0.170114 0.013458 0.013546
0 0.579879 0.639316 0.012604 0.012364
0 0.387253 0.970593 0.012752 0.012429
0 0.079920 0.985758 0.014678 0.014552
0 0.962798 0.877978 0.014174 0.014097
0 0.453437 0.013962 0.013302 0.013399
0 0.700349 0.112775 0.013888 0.013972
0 0.479894 0.267816 0.014424 0.014313
0 0.254853 0.251542 0.014923 0.014581
0 0.022279 0.042521 0.012414 0.012053
0 0.885083 0.126173 0.014905 0.014766
0 0.311002 0.045674 0.013388 0.013140
0 0.652149 0.206475 0.013747 0.013834
0 0.945681 0.411201 0.011797 0.011540
0 0.164025 0.564153 0.013303 0.013231
0 0.169154 0.867832 0.012048 0.012030
0 0.996800 0.825388 0.006363 0.013787
0 0.008583 0.965168 0.014876 0.014967
0 0.849498 0.710656 0.022073 0.021797
0 0.410700 0.453132 0.014052 0.013802
0 0.622758 0.002867 0.012785 0.005734
0 0.982163 0.192492 0.013221 0.013275
0 0.937778 0.871013 0.013888 0.013718
0 0.307947 0.861701 0.015059 0.014849
0 0.013566 0.447887 0.014031 0.013671
0 0.724093 0.222125 0.014280 0.014543
0 0.005491 0.590229 0.010768 0.012294
0 0.339635 0.646700 0.012270 0.012162
0 0.705450 0.695950 0.010620 0.010429
0 0.844451 0.184412 0.014646 0.014562
0 0.769781 0.596632 0.014003 0.013964
0 0.525753 0.023330 0.013472 0.013426
0 0.187630 0.551381 0.014760 0.015443
0 0.267290 0.719507 0.014531 0.014257
0 0.520741 0.235161 0.013282 0.013284
0 0.523787 0.218563 0.013494 0.013409
0 0.458029 0.577119 0.011959 0.012452
0 0.388370 0.005085 0.013674 0.010169
0 0.891203 0.201373 0.013876 0.014131
0 0.454511 0.558274 0.012064 0.011966
0 0.675487 0.660976 0.012897 0.012718
0 0.787499 0.139616 0.013500 0.013696
0 0.432359 0.602475 0.014071 0.013857
0 0.441101 0.272278 0.013483 0.013239
0 0.222711 0.746052 0.011262 0.011202
0 0.271966 0.668238 0.013635 0.013797
0 0.245050 0.728341 0.013795 0.013798
0 0.015931 0.545826 0.012522 0.012641
0 0.532941 0.629967 0.023878 0.023657
0 0.663751 0.655400 0.015376 0.014621
0 0.788942 0.138446 0.014012 0.013529
0 0.943620 0.065049 0.010936 0.011179
0 0.673160 0.659459 0.012472 0.013121
