0 0.606440 0.925595 0.017057 0.016828
0 0.742760 0.037473 0.015869 0.015709
0 0.805140 0.530869 0.014775 0.014758
0 0.930982 0.337763 0.015052 0.015094
0 0.461923 0.380057 0.015416 0.015333
0 0.696851 0.504303 0.014392 0.014232
0 0.205627 0.582490 0.014680 0.014807
0 0.949677 0.779166 0.014329 0.014121
0 0.324873 0.735235 0.014812 0.014536
0 0.738456 0.615204 0.013689 0.013637
0 0.574271 0.240251 0.013706 0.013838
0 0.865212 0.399645 0.014674 0.014375
0 0.475794 0.835876 0.013870 0.013932
0 0.892838 0.259866 0.014589 0.014607
0 0.231165 0.095664 0.014657 0.014707
0 0.433789 0.585125 0.013970 0.014134
0 0.493890 0.724907 0.014289 0.014430
0 0.129774 0.185947 0.016471 0.016161
0 0.836496 0.584146 0.014759 0.014808
0 0.175587 0.900815 0.015575 0.015286
0 0.812805 0.366759 0.013972 0.014032
0 0.570279 0.467889 0.014090 0.014307
0 0.968129 0.543464 0.014040 0.014233
0 0.418011 0.027490 0.014267 0.014330
0 0.199406 0.194962 0.015156 0.014861
0 0.375935 0.860286 0.014310 0.014417
0 0.614197 0.447729 0.014882 0.014692
0 0.707665 0.826070 0.013899 0.013882
0 0.119604 0.331093 0.017160 0.017204
0 0.044105 0.277643 0.013444 0.013341
0 0.487839 0.453869 0.014339 0.014220
0 0.099372 0.526995 0.013547 0.013415
0 0.153106 0.363077 0.014780 0.014923
0 0.754800 0.724806 0.015150 0.015257
0 0.147684 0.886015 0.015680 0.015170
0 0.874137 0.258245 0.014496 0.014192
0 0.898772 0.665164 0.014102 0.014115
0 0.387720 0.463672 0.014396 0.014229
0 0.653244 0.776000 0.014117 0.014231
0 0.136240 0.389855 0.017569 0.017564
0 0.453471 0.139063 0.014610 0.014518
0 0.936641 0.490001 0.015378 0.015510
0 0.294709 0.733809 0.014139 0.014235
0 0.407028 0.710451 0.016472 0.016302
0 0.070261 0.899217 0.013699 0.013539
0 0.818295 0.102516 0.014088 0.014146
0 0.518665 0.184750 0.016731 0.016621
0 0.379398 0.732067 0.016025 0.015746
0 0.779693 0.058806 0.013236 0.013125
0 0.601198 0.212566 0.014760 0.014834
0 0.600309 0.599999 0.015267 0.015434
0 0.881122 0.175522 0.014654 0.014756
0 0.532060 0.712975 0.015385 0.015403
0 0.052678 0.246398 0.014769 0.014660
0 0.188694 0.075231 0.014298 0.014394
0 0.533357 0.808656 0.014328 0.014351
0 0.716195 0.952764 0.013237 0.013221
0 0.347338 0.300443 0.023171 0.022825
0 0.119554 0.017759 0.015408 0.015619
0 0.546398 0.577330 0.016013 0.015690
0 0.075225 0.678332 0.013844 0.013838
0 0.711093 0.282896 0.014492 0.014484
0 0.701133 0.909013 0.014654 0.014653
0 0.284378 0.471695 0.014290 0.014091
0 0.104319 0.452712 0.016054 0.016028
0 0.922115 0.146643 0.019981 0.019514
0 0.262927 0.083953 0.014741 0.014723
0 0.489470 0.254978 0.014292 0.014052
0 0.533405 0.640748 0.022605 0.022202
0 0.848248 0.726330 0.018393 0.018145
0 0.298824 0.014389 0.014536 0.014642
0 0.153362 0.453163 0.014605 0.014456
0 0.946128 0.610855 0.014018 0.013883
0 0.857070 0.817160 0.013932 0.013943
0 0.010724 0.185234 0.014041 0.014122
0 0.479667 0.015763 0.014164 0.013895
0 0.377036 0.229162 0.019689 0.019551
0 0.676000 0.832870 0.013812 0.014079
0 0.051083 0.967440 0.014913 0.015295
0 0.558652 0.196362 0.014499 0.014019
0 0.144140 0.239729 0.015443 0.015416
0 0.120870 0.458141 0.013383 0.012628
0 0.067908 0.576596 0.021122 0.021206
0 0.836515 0.310572 0.014752 0.014676
0 0.668006 0.026398 0.015427 0.015570
0 0.663226 0.123160 0.014055 0.014027
0 0.227147 0.019002 0.013880 0.013739
0 0.942896 0.123802 0.015525 0.015387
0 0.291514 0.337001 0.014936 0.014428
0 0.552033 0.601847 0.014815 0.014616
0 0.337697 0.580290 0.014381 0.014469
0 0.955543 0.992841 0.014693 0.013883
0 0.269370 0.226033 0.015824 0.015849
0 0.634825 0.088343 0.023017 0.022457
0 0.444036 0.199184 0.016678 0.016551
0 0.742429 0.003514 0.013647 0.007028
0 0.455509 0.979952 0.013756 0.014069
0 0.671115 0.192760 0.019696 0.019077
0 0.106810 0.794158 0.015157 0.015171
0 0.356094 0.555064 0.014643 0.014262
0 0.997650 0.844909 0.004670 0.014758
0 0.761482 0.283352 0.014155 0.014020
0 0.119944 0.984091 0.012317 0.012099
0 0.789356 0.003232 0.014995 0.006408
0 0.734918 0.385219 0.014885 0.014637
0 0.322230 0.160328 0.014276 0.014059
0 0.089145 0.934980 0.013606 0.013459
0 0.670886 0.074416 0.014437 0.014167
0 0.105528 0.984948 0.013994 0.014028
0 0.524098 0.019744 0.018512 0.018187
0 0.540098 0.738608 0.021317 0.021589
0 0.089254 0.799060 0.013347 0.012709
0 0.604820 0.272167 0.012104 0.011766
0 0.047172 0.360721 0.014811 0.014762
0 0.739144 0.385536 0.015332 0.015112
0 0.004709 0.265778 0.009418 0.019587
0 0.937087 0.853474 0.014353 0.014044
0 0.730794 0.385270 0.014388 0.014325
0 0.528764 0.997390 0.013362 0.005219
