0 0.713441 0.968276 0.013511 0.013421
0 0.669427 0.331404 0.014249 0.014246
0 0.460294 0.369928 0.014008 0.013974
0 0.386794 0.547206 0.013523 0.013246
0 0.357643 0.427469 0.014005 0.013928
0 0.628638 0.721811 0.012817 0.012580
0 0.959557 0.207390 0.014151 0.013746
0 0.075526 0.729763 0.013703 0.013648
0 0.751918 0.514940 0.012930 0.013103
0 0.535460 0.431601 0.012335 0.012344
0 0.495351 0.928865 0.013243 0.013219
0 0.011952 0.902648 0.012669 0.012831
0 0.431053 0.444672 0.011932 0.012060
0 0.384268 0.270203 0.014913 0.014821
0 0.039092 0.683129 0.012581 0.012439
0 0.592765 0.940074 0.012379 0.012255
0 0.747892 0.619320 0.013655 0.013529
0 0.326968 0.338673 0.010601 0.010299
0 0.479747 0.330246 0.012894 0.012757
0 0.040637 0.228348 0.012268 0.012097
0 0.417908 0.096924 0.012582 0.012450
0 0.067435 0.502792 0.011449 0.011317
0 0.716923 0.537577 0.012902 0.012720
0 0.625920 0.616669 0.013375 0.013227
0 0.523707 0.350305 0.013585 0.013342
0 0.089876 0.312874 0.011739 0.011785
0 0.541331 0.533099 0.013039 0.013220
0 0.685647 0.787900 0.012077 0.012024
0 0.330656 0.519034 0.012855 0.012753
0 0.156569 0.312787 0.015375 0.015665
0 0.305635 0.144125 0.013214 0.013134
0 0.038146 0.473246 0.013965 0.013929
0 0.987658 0.763823 0.013221 0.013029
0 0.787647 0.249223 0.013695 0.013635
0 0.873821 0.120291 0.013987 0.013499
0 0.330466 0.065375 0.013254 0.013084
0 0.796675 0.536043 0.013457 0.013580
0 0.222321 0.469680 0.012483 0.012483
0 0.087430 0.548290 0.013484 0.013355
0 0.646404 0.470879 0.012198 0.012127
0 0.920440 0.170550 0.012385 0.012428
0 0.167882 0.084699 0.014699 0.014521
0 0.431460 0.175985 0.011697 0.011921
0 0.896140 0.578230 0.013443 0.013592
0 0.369852 0.861153 0.013121 0.013189
0 0.065649 0.399987 0.012848 0.012942
0 0.428077 0.524314 0.014097 0.014162
0 0.452508 0.543915 0.011533 0.011303
0 0.693580 0.050828 0.013152 0.012784
0 0.631748 0.508193 0.013158 0.013053
0 0.721128 0.652255 0.012985 0.012944
0 0.764622 0.350279 0.013333 0.013333
0 0.113769 0.181614 0.013372 0.013524
0 0.450068 0.960329 0.012811 0.012759
0 0.535629 0.717725 0.011799 0.012763
0 0.177034 0.631671 0.011372 0.011630
0 0.740081 0.224998 0.014063 0.013895
0 0.666109 0.280929 0.012886 0.012800
0 0.019337 0.183624 0.012313 0.011996
0 0.559391 0.574835 0.012792 0.013008
0 0.917656 0.795716 0.012581 0.012716
0 0.749852 0.500429 0.013022 0.012368
0 0.940788 0.822591 0.011806 0.011717
0 0.205003 0.290108 0.013560 0.013808
0 0.047744 0.505543 0.012443 0.012354
0 0.782897 0.804808 0.012366 0.012440
0 0.189304 0.245843 0.015329 0.015338
0 0.963419 0.095383 0.013087 0.013152
0 0.905181 0.742195 0.011713 0.011810
0 0.289091 0.614791 0.013488 0.013603
0 0.108299 0.980726 0.013206 0.013290
0 0.848279 0.363231 0.012780 0.013003
0 0.439694 0.059321 0.014602 0.014428
0 0.777216 0.193075 0.012609 0.012760
0 0.455884 0.995953 0.011508 0.008094
0 0.202158 0.358059 0.011856 0.011644
0 0.090203 0.080865 0.013092 0.013103
0 0.182822 0.104311 0.012490 0.012478
0 0.252799 0.562977 0.012479 0.012396
0 0.796026 0.187653 0.013379 0.013659
0 0.850100 0.708126 0.022939 0.023507
0 0.206836 0.317819 0.012694 0.012137
0 0.681316 0.090715 0.013436 0.013442
0 0.842932 0.986980 0.014152 0.014461
0 0.011350 0.784964 0.012936 0.012719
0 0.760818 0.564462 0.011791 0.011712
0 0.503923 0.994868 0.010469 0.009549
0 0.347226 0.341421 0.012884 0.012905
0 0.224035 0.648403 0.011899 0.011778
0 0.533206 0.630104 0.023931 0.023462
0 0.396480 0.728770 0.012817 0.012378
0 0.063465 0.275436 0.011588 0.011404
0 0.534536 0.975333 0.010818 0.010643
0 0.756376 0.182965 0.011807 0.011959
0 0.172278 0.563510 0.014073 0.014146
0 0.490882 0.528421 0.011843 0.011719
0 0.185216 0.892860 0.013236 0.013053
0 0.979615 0.490750 0.013264 0.013266
0 0.194581 0.093564 0.011656 0.011566
0 0.003182 0.459744 0.006277 0.012044
0 0.996969 0.423829 0.006036 0.011564
0 0.786815 0.005772 0.013578 0.011543
0 0.739861 0.384817 0.013509 0.013528
0 0.193543 0.095167 0.011820 0.011363
0 0.002478 0.461671 0.004928 0.012440
0 0.056421 0.283446 0.010764 0.010417
0 0.103719 0.825474 0.012617 0.012928
0 0.777207 0.005684 0.015431 0.011367
0 0.359341 0.296712 0.014884 0.014367
0 0.616890 0.170278 0.013543 0.013444
0 0.356571 0.295625 0.016070 0.015915
0 0.003646 0.552178 0.007276 0.011136
