0 0.877410 0.356433 0.011822 0.011661
0 0.745306 0.584916 0.012432 0.012276
0 0.555862 0.537959 0.011699 0.011667
0 0.611070 0.165836 0.013347 0.013089
0 0.904300 0.540807 0.013055 0.012648
0 0.687804 0.566827 0.012480 0.012419
0 0.662952 0.096159 0.012635 0.012640
0 0.887969 0.738809 0.013368 0.013267
0 0.444047 0.469896 0.012710 0.012627
0 0.498277 0.487836 0.013682 0.013527
0 0.016937 0.821901 0.012590 0.012342
0 0.061271 0.914186 0.010822 0.010765
0 0.040060 0.792311 0.013013 0.012989
0 0.846516 0.223320 0.012550 0.012457
0 0.608007 0.792133 0.013868 0.013868
0 0.341086 0.347544 0.012801 0.012808
0 0.279358 0.437104 0.012096 0.011858
0 0.491279 0.192900 0.012787 0.012906
0 0.733169 0.622181 0.013917 0.013830
0 0.830878 0.155456 0.012785 0.012743
0 0.055002 0.637847 0.012393 0.012222
0 0.779863 0.095667 0.012984 0.012903
0 0.576374 0.507070 0.014083 0.014366
0 0.762834 0.373686 0.012698 0.012627
0 0.558866 0.432279 0.011784 0.011631
0 0.982525 0.652296 0.011272 0.011294
0 0.916562 0.310445 0.012652 0.012664
0 0.626812 0.318217 0.012704 0.012613
0 0.083039 0.821258 0.013345 0.013234
0 0.087552 0.927404 0.011549 0.011317
0 0.470029 0.164989 0.013247 0.013313
0 0.798621 0.339862 0.012219 0.012407
0 0.837762 0.505989 0.012751 0.012784
0 0.654785 0.587021 0.011958 0.012206
0 0.431816 0.706026 0.012749 0.012653
0 0.400439 0.402202 0.012659 0.012549
0 0.532074 0.221041 0.012663 0.012775
0 0.381231 0.967999 0.012411 0.012134
0 0.269603 0.580746 0.012527 0.012638
0 0.944631 0.317723 0.012888 0.012878
0 0.122371 0.022753 0.012493 0.012546
0 0.694230 0.267371 0.012176 0.012160
0 0.658881 0.394342 0.012278 0.012505
0 0.425227 0.552031 0.012824 0.012761
0 0.923520 0.035197 0.012118 0.012143
0 0.710008 0.670236 0.011642 0.012102
0 0.447428 0.097002 0.012753 0.012625
0 0.668698 0.606063 0.014116 0.013958
0 0.313531 0.511701 0.012186 0.012106
0 0.352552 0.712438 0.013398 0.013463
0 0.169216 0.962859 0.011473 0.011415
0 0.892736 0.587137 0.011937 0.012090
0 0.946477 0.414482 0.012972 0.013096
0 0.279693 0.935030 0.010591 0.010692
0 0.429518 0.897163 0.012000 0.012048
0 0.507736 0.349727 0.013260 0.013153
0 0.910903 0.244609 0.012191 0.012260
0 0.108313 0.713394 0.012818 0.012768
0 0.259386 0.418612 0.013060 0.013394
0 0.327110 0.302151 0.013183 0.012946
0 0.317960 0.862342 0.012149 0.011777
0 0.084085 0.745360 0.012661 0.012679
0 0.464676 0.599554 0.011777 0.011901
0 0.272483 0.179248 0.012988 0.013130
0 0.055409 0.354466 0.012353 0.012478
0 0.317907 0.765340 0.012927 0.012943
0 0.436660 0.305776 0.014161 0.013964
0 0.485166 0.277651 0.010813 0.010491
0 0.403352 0.813362 0.012592 0.012395
0 0.238817 0.456075 0.013728 0.013730
0 0.545820 0.718857 0.011984 0.011529
0 0.545611 0.748369 0.011328 0.011377
0 0.326793 0.806897 0.012694 0.012908
0 0.229450 0.562018 0.013376 0.013401
0 0.029887 0.905703 0.011953 0.011839
0 0.470083 0.290877 0.012235 0.012073
0 0.409611 0.647543 0.012360 0.012251
0 0.456870 0.774344 0.013074 0.013148
0 0.969937 0.604792 0.011800 0.011108
0 0.110003 0.166093 0.012198 0.012033
0 0.574040 0.565147 0.013962 0.013743
0 0.926244 0.854417 0.013037 0.012965
0 0.455355 0.944599 0.013226 0.013366
0 0.803628 0.541970 0.011633 0.011426
0 0.592877 0.941029 0.014097 0.014410
0 0.735997 0.792317 0.012838 0.012926
0 0.025713 0.368807 0.014208 0.014173
0 0.780964 0.045641 0.011814 0.011794
0 0.824931 0.009143 0.013086 0.013041
0 0.903688 0.072845 0.009066 0.008872
0 0.292827 0.672967 0.013527 0.013492
0 0.751287 0.436759 0.010933 0.010942
0 0.169401 0.195043 0.012472 0.012391
0 0.022963 0.635130 0.012262 0.012316
0 0.847474 0.619619 0.012659 0.012331
0 0.886058 0.117507 0.009582 0.009517
0 0.096170 0.382572 0.010696 0.010813
0 0.140771 0.012422 0.011431 0.011252
0 0.870442 0.569537 0.011079 0.010946
0 0.769344 0.054478 0.012534 0.012470
0 0.768106 0.535351 0.012746 0.013030
0 0.535371 0.956841 0.012831 0.012775
0 0.874568 0.880318 0.010899 0.010834
0 0.872023 0.108795 0.011161 0.010964
0 0.984298 0.513225 0.013549 0.012926
0 0.217489 0.812390 0.012688 0.012806
0 0.097418 0.358008 0.014932 0.014657
0 0.811772 0.480744 0.010356 0.010252
0 0.419360 0.392097 0.012651 0.012673
0 0.730592 0.746154 0.012818 0.012715
0 0.216893 0.993234 0.011523 0.011387
0 0.535113 0.629991 0.023860 0.023601
0 0.349380 0.290495 0.024212 0.024724
0 0.131687 0.946209 0.012429 0.012399
0 0.981991 0.513568 0.013817 0.013500
0 0.183110 0.620344 0.013715 0.013487
0 0.967140 0.029487 0.010381 0.009864
0 0.840949 0.741425 0.013337 0.013128
0 0.852150 0.996701 0.011786 0.006598
0 0.430399 0.005948 0.012372 0.011223
0 0.637941 0.079940 0.022954 0.023260
0 0.733224 0.421582 0.008961 0.008930
0 0.600123 0.259380 0.009709 0.009673
0 0.881100 0.979148 0.012807 0.012672
0 0.431592 0.004880 0.013240 0.009694
0 0.918226 0.004191 0.011587 0.008382
0 0.998323 0.221399 0.003353 0.012298
0 0.651338 0.473494 0.011001 0.010408
0 0.914003 0.928930 0.011395 0.011456
