0 0.727793 0.571866 0.013475 0.013371
0 0.941220 0.265013 0.012598 0.012449
0 0.483295 0.286812 0.013204 0.013226
0 0.524814 0.471746 0.012192 0.012058
0 0.954155 0.371187 0.011854 0.011836
0 0.425256 0.041350 0.013722 0.013626
0 0.581521 0.455030 0.012903 0.012822
0 0.816579 0.470351 0.013933 0.014136
0 0.387404 0.300111 0.012633 0.012677
0 0.780950 0.126676 0.013856 0.013992
0 0.708780 0.281025 0.013317 0.013241
0 0.035645 0.446832 0.013340 0.013026
0 0.606226 0.524210 0.013621 0.013523
0 0.526374 0.348711 0.012955 0.012855
0 0.221712 0.470684 0.012988 0.012899
0 0.406291 0.484263 0.013606 0.013606
0 0.375330 0.402717 0.013385 0.013459
0 0.492184 0.335874 0.013426 0.013325
0 0.748249 0.619121 0.013491 0.013289
0 0.220627 0.215050 0.013029 0.012949
0 0.228877 0.126957 0.013473 0.013385
0 0.892109 0.225081 0.013202 0.013197
0 0.787066 0.664470 0.013762 0.013780
0 0.597430 0.716067 0.013203 0.013132
0 0.587895 0.127744 0.012781 0.012860
0 0.978757 0.085988 0.013107 0.013022
0 0.409125 0.306288 0.012468 0.012245
0 0.352661 0.036048 0.013913 0.013842
0 0.727392 0.825709 0.013595 0.013535
0 0.067402 0.465934 0.011719 0.011634
0 0.565372 0.420518 0.011834 0.012062
0 0.278905 0.640493 0.012666 0.012275
0 0.300568 0.374489 0.014016 0.014016
0 0.778653 0.239890 0.012589 0.012554
0 0.587035 0.049693 0.013371 0.013320
0 0.312127 0.120288 0.013101 0.012866
0 0.016409 0.434199 0.012384 0.012264
0 0.257604 0.107419 0.012576 0.012388
0 0.887188 0.888849 0.011779 0.011584
0 0.591307 0.011132 0.012576 0.012627
0 0.736731 0.670946 0.013785 0.013978
0 0.457290 0.962275 0.013793 0.013866
0 0.530481 0.556247 0.012172 0.012030
0 0.222774 0.934523 0.013271 0.013000
0 0.482480 0.037248 0.013380 0.013250
0 0.082995 0.466769 0.013062 0.012926
0 0.052859 0.389414 0.014149 0.014405
0 0.333212 0.572257 0.012840 0.012701
0 0.340920 0.166458 0.013649 0.013769
0 0.126349 0.328427 0.013012 0.012823
0 0.140143 0.491446 0.013215 0.013069
0 0.288091 0.253191 0.014116 0.014253
0 0.374130 0.662873 0.012691 0.012529
0 0.560380 0.389330 0.013521 0.013572
0 0.679191 0.970721 0.011825 0.011664
0 0.543482 0.975651 0.013621 0.013418
0 0.067619 0.539264 0.012073 0.012129
0 0.497283 0.439662 0.013163 0.013181
0 0.100670 0.610452 0.012173 0.012172
0 0.225778 0.653641 0.013168 0.013038
0 0.316201 0.700970 0.012087 0.012209
0 0.357804 0.207550 0.012743 0.012839
0 0.536296 0.006691 0.012985 0.013105
0 0.823087 0.184738 0.012686 0.012524
0 0.535836 0.606575 0.011863 0.011980
0 0.109242 0.981577 0.013435 0.013579
0 0.330614 0.519221 0.012440 0.012039
0 0.361140 0.119395 0.012240 0.012439
0 0.280653 0.782165 0.011828 0.011778
0 0.827190 0.037200 0.013239 0.013126
0 0.882566 0.995255 0.013279 0.009464
0 0.093957 0.807417 0.013455 0.013253
0 0.547828 0.333099 0.012774 0.012756
0 0.394429 0.783443 0.012668 0.012652
0 0.940380 0.122753 0.012921 0.013092
0 0.572646 0.942050 0.013983 0.013929
0 0.185304 0.892144 0.012962 0.012975
0 0.703326 0.244071 0.013015 0.013248
0 0.493676 0.543397 0.012952 0.012872
0 0.404104 0.267561 0.011131 0.011134
0 0.849428 0.711163 0.022466 0.022421
0 0.436874 0.591103 0.010377 0.010902
0 0.399720 0.571337 0.011189 0.010764
0 0.014694 0.751512 0.013072 0.013001
0 0.896537 0.752336 0.012851 0.012745
0 0.165469 0.166386 0.013262 0.013034
0 0.257876 0.159531 0.013769 0.013200
0 0.715625 0.707440 0.010719 0.010333
0 0.864101 0.864145 0.014158 0.014403
0 0.161296 0.258242 0.011486 0.011565
0 0.392949 0.124415 0.014613 0.014569
0 0.745287 0.001989 0.013362 0.003958
0 0.544287 0.654720 0.012823 0.012936
0 0.821153 0.015777 0.013405 0.013398
0 0.599421 0.296214 0.013290 0.013246
0 0.501670 0.453706 0.013430 0.013642
0 0.457505 0.060684 0.013759 0.013943
0 0.108630 0.003671 0.013819 0.007343
0 0.041027 0.848396 0.010356 0.010433
0 0.126699 0.949464 0.012403 0.012191
0 0.788022 0.005565 0.012769 0.011131
0 0.593342 0.830487 0.010148 0.009884
0 0.260191 0.160146 0.013093 0.013117
0 0.532632 0.625845 0.020909 0.020952
0 0.421245 0.556225 0.013434 0.013391
0 0.998217 0.515788 0.003522 0.012564
