0 0.698809 0.469188 0.012602 0.012601
0 0.733169 0.224660 0.012192 0.012257
0 0.616798 0.892210 0.013555 0.013465
0 0.734538 0.947088 0.013289 0.012994
0 0.533614 0.492559 0.012822 0.012690
0 0.461591 0.149860 0.013532 0.013306
0 0.352384 0.461789 0.013926 0.013844
0 0.723852 0.150634 0.012089 0.012011
0 0.567395 0.772077 0.012491 0.012367
0 0.692406 0.680167 0.013084 0.013055
0 0.740816 0.469605 0.012687 0.012662
0 0.613000 0.736377 0.011803 0.011637
0 0.591684 0.486058 0.011909 0.011879
0 0.902526 0.610571 0.013663 0.013598
0 0.188481 0.612646 0.011848 0.011888
0 0.295701 0.094028 0.013379 0.013298
0 0.632303 0.179947 0.013053 0.013239
0 0.054522 0.908683 0.012782 0.012771
0 0.776247 0.548370 0.013805 0.013876
0 0.752148 0.982891 0.012954 0.012977
0 0.736061 0.671416 0.013570 0.013592
0 0.330652 0.519138 0.012010 0.012057
0 0.074416 0.739241 0.014424 0.014327
0 0.473319 0.119213 0.013853 0.013859
0 0.748750 0.515654 0.013927 0.013768
0 0.719631 0.298993 0.012527 0.012287
0 0.060160 0.626747 0.012762 0.012578
0 0.346806 0.325285 0.011855 0.011580
0 0.225049 0.266917 0.013398 0.013348
0 0.568976 0.482178 0.012916 0.012767
0 0.085037 0.193687 0.012453 0.012538
0 0.501722 0.928038 0.013596 0.013528
0 0.884748 0.876921 0.010966 0.010882
0 0.185436 0.037245 0.014657 0.014630
0 0.627894 0.290597 0.013613 0.013637
0 0.710706 0.422028 0.012582 0.012553
0 0.087701 0.543187 0.012882 0.012867
0 0.765712 0.787337 0.013502 0.013653
0 0.037546 0.733683 0.012047 0.011970
0 0.748925 0.618683 0.013301 0.013146
0 0.448968 0.958633 0.013486 0.013613
0 0.527096 0.434461 0.013079 0.012899
0 0.250730 0.539907 0.013210 0.013237
0 0.486554 0.436428 0.012907 0.012796
0 0.123344 0.235239 0.014273 0.014285
0 0.440594 0.059036 0.012689 0.012947
0 0.744460 0.494355 0.013466 0.013276
0 0.292796 0.613784 0.013269 0.013327
0 0.170898 0.242378 0.012555 0.012596
0 0.830931 0.392946 0.012198 0.012148
0 0.683508 0.607180 0.012085 0.012287
0 0.706147 0.936024 0.011476 0.011526
0 0.515133 0.339034 0.013404 0.013108
0 0.080264 0.259849 0.013508 0.013784
0 0.216752 0.146988 0.013195 0.013209
0 0.528766 0.268394 0.013263 0.013212
0 0.909630 0.751155 0.012383 0.012620
0 0.053836 0.110269 0.012290 0.012427
0 0.490532 0.520784 0.012595 0.012696
0 0.801861 0.808016 0.013121 0.012966
0 0.091409 0.481543 0.012394 0.012436
0 0.347746 0.079172 0.013364 0.013544
0 0.155935 0.458454 0.011711 0.011591
0 0.532667 0.627038 0.018889 0.019297
0 0.271524 0.966921 0.012439 0.012398
0 0.254149 0.335685 0.013696 0.013699
0 0.098331 0.400971 0.011965 0.011936
0 0.208016 0.316131 0.013484 0.013639
0 0.184174 0.891771 0.012542 0.012608
0 0.805661 0.204350 0.010718 0.010760
0 0.952574 0.046796 0.011821 0.011890
0 0.538716 0.975251 0.011966 0.011455
0 0.061467 0.507218 0.012424 0.012337
0 0.081969 0.440881 0.013912 0.013811
0 0.139621 0.285921 0.013795 0.013739
0 0.646204 0.621211 0.013747 0.013317
0 0.221624 0.469914 0.012414 0.012343
0 0.884104 0.957242 0.013911 0.013899
0 0.122027 0.313295 0.012953 0.012844
0 0.407146 0.830118 0.013156 0.013083
0 0.525774 0.348650 0.012498 0.012772
0 0.872217 0.084597 0.011276 0.011313
0 0.879460 0.756612 0.013243 0.013408
0 0.316483 0.161841 0.012787 0.012821
0 0.064289 0.272819 0.010037 0.010665
0 0.673824 0.775245 0.012763 0.012349
0 0.952447 0.227640 0.011321 0.011248
0 0.229210 0.391693 0.012170 0.013080
0 0.008214 0.025531 0.012838 0.012695
0 0.594437 0.452151 0.011412 0.011045
0 0.893524 0.193620 0.011073 0.011002
0 0.997270 0.413393 0.005460 0.010296
0 0.871573 0.476210 0.012504 0.012542
0 0.063829 0.205181 0.012850 0.012572
0 0.407121 0.471122 0.012827 0.012277
0 0.435835 0.737258 0.012930 0.012848
0 0.481671 0.701042 0.010247 0.010452
0 0.158619 0.602317 0.014007 0.014184
0 0.341076 0.296504 0.016544 0.016912
0 0.403743 0.516888 0.012631 0.012689
0 0.405243 0.472135 0.011047 0.010703
0 0.531599 0.608744 0.011513 0.011297
0 0.225938 0.647863 0.010526 0.010382
0 0.342259 0.294357 0.016119 0.016280
0 0.925442 0.452354 0.012761 0.012743
0 0.827856 0.169677 0.011197 0.010417
