0 0.619289 0.491631 0.012953 0.013157
0 0.255360 0.659167 0.012748 0.012539
0 0.944906 0.659285 0.012299 0.012383
0 0.622745 0.439878 0.012130 0.011859
0 0.502927 0.169900 0.012768 0.012832
0 0.471215 0.118926 0.012839 0.012798
0 0.108627 0.746168 0.013145 0.013260
0 0.765111 0.532971 0.013778 0.013631
0 0.702573 0.230384 0.012250 0.011903
0 0.187300 0.625804 0.013140 0.013011
0 0.381615 0.530642 0.013098 0.013058
0 0.339778 0.666946 0.012422 0.012449
0 0.935489 0.452112 0.012763 0.012569
0 0.727345 0.547336 0.013615 0.013634
0 0.148998 0.733851 0.013205 0.012944
0 0.926390 0.375629 0.013861 0.013687
0 0.563244 0.079175 0.014332 0.014387
0 0.305995 0.766986 0.012599 0.012636
0 0.484093 0.818360 0.013000 0.012857
0 0.262977 0.842595 0.013324 0.013399
0 0.945009 0.838214 0.014031 0.014306
0 0.279411 0.435732 0.012452 0.012302
0 0.406706 0.729905 0.013232 0.013056
0 0.843489 0.246877 0.013682 0.013391
0 0.411569 0.308294 0.013719 0.013502
0 0.473275 0.852603 0.013852 0.013841
0 0.389563 0.762014 0.013086 0.012919
0 0.169409 0.236362 0.012918 0.012774
0 0.234368 0.495955 0.013520 0.013701
0 0.295040 0.604286 0.012837 0.012964
0 0.575027 0.464830 0.012710 0.012613
0 0.584879 0.503646 0.011587 0.011310
0 0.225483 0.860408 0.013161 0.012970
0 0.533459 0.568112 0.014433 0.014491
0 0.617445 0.628069 0.013546 0.013489
0 0.668642 0.599389 0.012902 0.012789
0 0.338516 0.352536 0.013400 0.013464
0 0.032675 0.279226 0.013569 0.013378
0 0.622324 0.393939 0.011969 0.012020
0 0.447456 0.914724 0.012898 0.013109
0 0.735198 0.619045 0.014371 0.014468
0 0.658868 0.862088 0.013308 0.013223
0 0.285769 0.245754 0.013338 0.013393
0 0.598994 0.706791 0.013109 0.013138
0 0.933717 0.907146 0.012427 0.012348
0 0.605965 0.855650 0.013839 0.013862
0 0.603235 0.189766 0.010423 0.010204
0 0.069570 0.111036 0.013112 0.013142
0 0.741556 0.517239 0.012583 0.012596
0 0.576618 0.161391 0.012951 0.013077
0 0.530749 0.456764 0.011763 0.011881
0 0.301269 0.304774 0.014388 0.014297
0 0.006964 0.879224 0.013444 0.014310
0 0.368862 0.810113 0.012899 0.012642
0 0.881927 0.384666 0.013467 0.013460
0 0.088169 0.369682 0.014079 0.014274
0 0.113536 0.530499 0.012591 0.012587
0 0.801510 0.520043 0.011374 0.011242
0 0.085421 0.828069 0.013434 0.013152
0 0.095569 0.937944 0.012369 0.012501
0 0.146036 0.461324 0.012250 0.012563
0 0.213334 0.217559 0.014527 0.014654
0 0.796532 0.649599 0.013519 0.013435
0 0.856186 0.347888 0.012197 0.012288
0 0.703658 0.432803 0.013336 0.013264
0 0.162211 0.822342 0.012363 0.012231
0 0.485043 0.659438 0.013419 0.013421
0 0.488170 0.941703 0.014031 0.013920
0 0.133079 0.418406 0.013808 0.013881
0 0.346857 0.295048 0.023349 0.022779
0 0.078444 0.804117 0.013431 0.013561
0 0.901200 0.982451 0.013910 0.013764
0 0.889643 0.578039 0.013645 0.013414
0 0.900225 0.531432 0.013840 0.013773
0 0.133370 0.585349 0.012794 0.012877
0 0.602906 0.280005 0.012848 0.012940
0 0.508539 0.321104 0.015024 0.014853
0 0.307133 0.864424 0.011722 0.011501
0 0.667821 0.091654 0.013043 0.013129
0 0.700796 0.252098 0.013553 0.013958
0 0.856783 0.680694 0.014085 0.013839
0 0.073004 0.961663 0.013704 0.013417
0 0.771327 0.420818 0.011987 0.012216
0 0.350765 0.920612 0.013889 0.014043
0 0.968594 0.593864 0.011935 0.011659
0 0.367222 0.924656 0.011797 0.011457
0 0.406647 0.124563 0.011571 0.011574
0 0.746111 0.703499 0.013390 0.013455
0 0.102362 0.828734 0.013096 0.013105
0 0.744028 0.965662 0.013623 0.013879
0 0.176560 0.049528 0.012166 0.012040
0 0.743213 0.728581 0.013432 0.013057
0 0.617698 0.699436 0.012260 0.012626
0 0.531120 0.365123 0.012976 0.012649
0 0.729581 0.148524 0.012464 0.012308
0 0.392843 0.458234 0.014317 0.014174
0 0.088881 0.914244 0.012980 0.012774
0 0.533911 0.636571 0.023656 0.023326
0 0.984207 0.510871 0.016088 0.015061
0 0.557515 0.376607 0.011960 0.012069
0 0.995228 0.420343 0.009326 0.010843
0 0.590015 0.795775 0.010990 0.011110
0 0.667060 0.408823 0.012773 0.012572
0 0.991393 0.257376 0.012988 0.012722
0 0.858704 0.971090 0.011980 0.012080
0 0.825521 0.640975 0.010872 0.011151
0 0.896020 0.048296 0.013113 0.013019
0 0.867458 0.117358 0.011058 0.010826
0 0.600933 0.235301 0.011997 0.012062
0 0.786608 0.485051 0.013485 0.013535
0 0.822100 0.827906 0.012275 0.012195
0 0.665148 0.898833 0.013102 0.012665
0 0.833942 0.208966 0.012716 0.012767
0 0.015805 0.270513 0.012707 0.012543
0 0.869150 0.564827 0.013156 0.012893
0 0.250339 0.192222 0.010251 0.009863
0 0.470583 0.318301 0.011750 0.011555
0 0.767513 0.288060 0.012812 0.012684
0 0.197082 0.997090 0.011691 0.005819
0 0.715468 0.629351 0.010684 0.010259
0 0.847754 0.537192 0.013112 0.012791
0 0.068207 0.571466 0.022326 0.022474
0 0.775265 0.462934 0.010972 0.011050
0 0.591599 0.811209 0.012567 0.013075
0 0.799918 0.536498 0.014113 0.013645
0 0.954680 0.582618 0.012290 0.012534
0 0.766293 0.286961 0.012101 0.012427
0 0.995698 0.268966 0.008549 0.013965
0 0.608824 0.380857 0.009175 0.008763
0 0.993082 0.571123 0.011881 0.012725
0 0.726084 0.913271 0.012262 0.012809
0 0.964414 0.034522 0.008961 0.009234
0 0.489549 0.361956 0.010397 0.010226
0 0.998206 0.216522 0.003530 0.012212
0 0.975066 0.031808 0.009287 0.008973
0 0.881174 0.124135 0.009807 0.010214
0 0.725073 0.911364 0.012782 0.012939
0 0.861211 0.535229 0.010294 0.010716
0 0.540707 0.732459 0.022138 0.021586
