0 0.619934 0.846520 0.013552 0.013346
0 0.522236 0.865635 0.011881 0.011942
0 0.749277 0.616848 0.013456 0.013515
0 0.165014 0.073436 0.011470 0.011310
0 0.504946 0.337962 0.013643 0.013619
0 0.171426 0.528392 0.012702 0.012574
0 0.580823 0.746670 0.013334 0.013523
0 0.130897 0.553269 0.012463 0.012226
0 0.894487 0.221631 0.013365 0.013233
0 0.430680 0.298598 0.013575 0.013474
0 0.746452 0.257468 0.012475 0.012311
0 0.524492 0.346922 0.014057 0.013848
0 0.188153 0.615920 0.012483 0.012534
0 0.307977 0.162276 0.014105 0.014128
0 0.959711 0.523731 0.012467 0.012510
0 0.497216 0.845989 0.013269 0.013268
0 0.554193 0.407024 0.011889 0.011869
0 0.007796 0.207800 0.013409 0.013024
0 0.791762 0.064384 0.013653 0.013794
0 0.374046 0.134270 0.013887 0.013779
0 0.474105 0.079684 0.014355 0.014328
0 0.726408 0.932987 0.013155 0.013394
0 0.762911 0.056076 0.012349 0.012482
0 0.271063 0.681568 0.013117 0.012996
0 0.819376 0.809918 0.013129 0.013179
0 0.496794 0.710871 0.013545 0.013598
0 0.454696 0.098512 0.014129 0.013906
0 0.453003 0.785221 0.011972 0.011770
0 0.331097 0.517835 0.012743 0.012542
0 0.865231 0.300613 0.011402 0.011245
0 0.681428 0.607887 0.010750 0.010478
0 0.386518 0.601183 0.013216 0.013131
0 0.841314 0.087398 0.012914 0.012960
0 0.263761 0.029877 0.013492 0.013288
0 0.946846 0.152099 0.012275 0.012024
0 0.105535 0.034017 0.011715 0.012077
0 0.905914 0.638128 0.013163 0.013132
0 0.222418 0.467746 0.012831 0.012778
0 0.440778 0.058657 0.012530 0.012564
0 0.015978 0.045426 0.011529 0.011335
0 0.145797 0.303155 0.012892 0.012918
0 0.318531 0.888196 0.014218 0.014157
0 0.651139 0.789625 0.012766 0.012870
0 0.030646 0.477817 0.012425 0.012331
0 0.460228 0.958952 0.013291 0.013227
0 0.545139 0.974644 0.012955 0.012519
0 0.662604 0.118256 0.013148 0.013237
0 0.568128 0.667637 0.013994 0.013995
0 0.355831 0.203635 0.012405 0.012583
0 0.880377 0.473014 0.012008 0.012130
0 0.810144 0.631502 0.013279 0.013317
0 0.488995 0.427158 0.013060 0.013204
0 0.138031 0.640836 0.012260 0.012341
0 0.585213 0.152985 0.012348 0.012279
0 0.591902 0.672717 0.013933 0.013473
0 0.466434 0.424955 0.011624 0.011767
0 0.161758 0.667488 0.013637 0.013383
0 0.567646 0.006172 0.015436 0.012343
0 0.905503 0.447021 0.012384 0.012595
0 0.792354 0.705619 0.013490 0.013456
0 0.288547 0.369943 0.011695 0.011694
0 0.532906 0.222464 0.011570 0.011342
0 0.582809 0.022585 0.013323 0.013442
0 0.691366 0.269155 0.012961 0.013001
0 0.945722 0.963569 0.013215 0.013272
0 0.739782 0.451018 0.012333 0.012636
0 0.334062 0.747026 0.013318 0.013353
0 0.963526 0.372912 0.012427 0.012484
0 0.619796 0.994267 0.012619 0.011250
0 0.670255 0.012212 0.012024 0.012523
0 0.276173 0.617959 0.010597 0.010339
0 0.990508 0.779502 0.013689 0.013184
0 0.454591 0.693354 0.013547 0.013404
0 0.089779 0.490336 0.011712 0.011708
0 0.221550 0.558140 0.012307 0.012101
0 0.115035 0.876527 0.012709 0.012025
0 0.541205 0.559011 0.013016 0.013189
0 0.614558 0.968582 0.013165 0.013296
0 0.112927 0.766738 0.014237 0.014031
0 0.227521 0.648774 0.012149 0.011748
0 0.637863 0.032518 0.010183 0.010127
0 0.289614 0.112995 0.012339 0.012389
0 0.294643 0.534498 0.012277 0.012080
0 0.009191 0.931786 0.010332 0.010168
0 0.371980 0.905814 0.011453 0.011556
0 0.371371 0.810020 0.010402 0.010357
0 0.421699 0.554876 0.014362 0.014243
0 0.187967 0.890974 0.012909 0.012885
0 0.110555 0.979805 0.012980 0.013178
0 0.478714 0.060003 0.012134 0.012790
0 0.662928 0.217227 0.012100 0.012077
0 0.211473 0.929580 0.011264 0.011145
0 0.022759 0.387969 0.013913 0.014545
0 0.787768 0.004507 0.012335 0.009013
0 0.791719 0.823230 0.011759 0.011964
0 0.219765 0.557473 0.012249 0.011982
0 0.275451 0.026257 0.010279 0.010317
0 0.810322 0.268634 0.012407 0.012631
0 0.012160 0.376063 0.011504 0.011581
