0 0.495392 0.741826 0.012932 0.012875
0 0.373349 0.344835 0.012552 0.012365
0 0.360244 0.484173 0.014307 0.014405
0 0.626377 0.286297 0.012805 0.012918
0 0.326661 0.165962 0.013545 0.013493
0 0.672274 0.969109 0.012793 0.012827
0 0.321706 0.240039 0.013616 0.013420
0 0.748942 0.617945 0.013202 0.013095
0 0.884468 0.488218 0.014538 0.014432
0 0.914662 0.663461 0.012778 0.012677
0 0.671868 0.826595 0.012649 0.012807
0 0.760373 0.313872 0.014175 0.014118
0 0.885038 0.016849 0.014044 0.013958
0 0.943548 0.485171 0.012396 0.012407
0 0.396000 0.315001 0.014032 0.014009
0 0.399421 0.620458 0.012587 0.012347
0 0.095157 0.153431 0.011666 0.011531
0 0.905963 0.637007 0.012688 0.012523
0 0.230711 0.438404 0.014432 0.014066
0 0.884508 0.734168 0.012944 0.012981
0 0.840072 0.497331 0.012012 0.012148
0 0.461573 0.959750 0.012088 0.012033
0 0.583031 0.126658 0.012884 0.012957
0 0.385984 0.187293 0.011655 0.011798
0 0.188381 0.277731 0.012207 0.011850
0 0.530238 0.551895 0.012614 0.012772
0 0.134170 0.559003 0.011988 0.012055
0 0.920470 0.413919 0.013085 0.013081
0 0.429064 0.324143 0.012270 0.012187
0 0.532759 0.939364 0.012299 0.012153
0 0.397906 0.046147 0.012854 0.012770
0 0.264166 0.485190 0.013178 0.013157
0 0.221713 0.470392 0.012723 0.012573
0 0.472368 0.106360 0.012996 0.012857
0 0.108857 0.196535 0.012069 0.011998
0 0.617447 0.820451 0.011188 0.010851
0 0.131722 0.489122 0.011407 0.011716
0 0.724698 0.150738 0.011581 0.011494
0 0.773825 0.694504 0.013416 0.013615
0 0.227980 0.515980 0.012588 0.012515
0 0.542806 0.974890 0.012970 0.012812
0 0.061947 0.478920 0.012136 0.012160
0 0.077477 0.409111 0.014430 0.014263
0 0.076022 0.500784 0.014461 0.014420
0 0.495871 0.543679 0.013943 0.014089
0 0.440370 0.489531 0.014469 0.014638
0 0.284696 0.451485 0.012776 0.012780
0 0.943907 0.668079 0.012850 0.012910
0 0.813341 0.118989 0.012175 0.012182
0 0.323252 0.791410 0.011129 0.011075
0 0.345814 0.516434 0.012237 0.011944
0 0.464141 0.672241 0.011904 0.011994
0 0.330761 0.562957 0.012235 0.012435
0 0.116328 0.792720 0.011334 0.011269
0 0.421558 0.556471 0.014185 0.014046
0 0.114287 0.071684 0.012967 0.012948
0 0.140595 0.316144 0.011373 0.011315
0 0.215859 0.624439 0.012079 0.012199
0 0.164193 0.313574 0.013200 0.013134
0 0.806640 0.086160 0.011498 0.011498
0 0.585267 0.010139 0.014008 0.013782
0 0.665424 0.506405 0.012161 0.012412
0 0.680521 0.113144 0.012584 0.012665
0 0.052436 0.284505 0.011912 0.011933
0 0.957541 0.056285 0.012273 0.012275
0 0.737227 0.005971 0.013019 0.011873
0 0.398069 0.570312 0.011089 0.010880
0 0.391583 0.661266 0.011161 0.010987
0 0.031712 0.827707 0.013394 0.013347
0 0.297587 0.068206 0.010770 0.010811
0 0.116160 0.400956 0.012028 0.012108
0 0.684939 0.372147 0.012198 0.012039
0 0.670458 0.096229 0.013729 0.013264
0 0.436380 0.589581 0.010296 0.010185
0 0.403099 0.811526 0.011810 0.011769
0 0.139384 0.224496 0.011495 0.011150
0 0.214144 0.315304 0.012357 0.012764
0 0.038452 0.564892 0.012087 0.012020
0 0.848189 0.710279 0.022633 0.022737
0 0.185549 0.891910 0.012609 0.012692
0 0.267300 0.004501 0.014279 0.009001
0 0.989570 0.107770 0.012786 0.013243
0 0.521063 0.355398 0.012903 0.012718
0 0.450973 0.006484 0.011288 0.011163
0 0.257788 0.686217 0.011662 0.010901
0 0.441207 0.060272 0.012620 0.012716
0 0.649686 0.481461 0.012793 0.012849
0 0.998187 0.410660 0.003480 0.011219
0 0.842567 0.367459 0.011680 0.011752
0 0.407403 0.974561 0.008826 0.008930
0 0.049060 0.162244 0.010874 0.010807
0 0.259029 0.687697 0.011938 0.011745
0 0.579401 0.674161 0.011660 0.011332
0 0.281723 0.028953 0.012204 0.012071
0 0.453134 0.026818 0.012473 0.012531
0 0.572438 0.109953 0.012025 0.012300
0 0.573355 0.504343 0.013449 0.013377
0 0.106841 0.979652 0.012344 0.012667
0 0.519584 0.356795 0.013308 0.013250
0 0.670401 0.174915 0.013500 0.013470
0 0.216354 0.714314 0.010359 0.010754
0 0.796870 0.014048 0.012114 0.011344
0 0.773272 0.005598 0.014976 0.011142
0 0.315644 0.881746 0.010972 0.010817
0 0.341031 0.073545 0.014045 0.013276
0 0.568466 0.518865 0.013354 0.013275
0 0.997760 0.273758 0.004430 0.014284
0 0.330511 0.696617 0.011460 0.011235
0 0.928242 0.375649 0.012280 0.012448
0 0.572152 0.505754 0.013777 0.013991
0 0.225619 0.649930 0.011032 0.010886
0 0.280208 0.202483 0.011918 0.011757
0 0.082153 0.621879 0.011260 0.010943
