0 0.611709 0.185117 0.012425 0.012352
0 0.318045 0.106540 0.013235 0.013119
0 0.818843 0.913452 0.013131 0.012991
0 0.540597 0.292316 0.012890 0.013022
0 0.377337 0.110632 0.012671 0.012538
0 0.583205 0.175748 0.013478 0.013263
0 0.208922 0.415050 0.012391 0.012337
0 0.776133 0.198127 0.012688 0.012544
0 0.311256 0.218847 0.012927 0.012917
0 0.324919 0.024174 0.013033 0.012788
0 0.748248 0.617805 0.013715 0.013715
0 0.933024 0.212679 0.013138 0.013152
0 0.440301 0.187829 0.012431 0.012233
0 0.117995 0.703309 0.011797 0.011696
0 0.137599 0.187421 0.012020 0.011967
0 0.877120 0.129628 0.012741 0.012667
0 0.214719 0.221596 0.013551 0.013512
0 0.253489 0.155653 0.012983 0.013021
0 0.580947 0.980292 0.012207 0.012199
0 0.503682 0.338533 0.012672 0.012526
0 0.187779 0.498953 0.012925 0.012887
0 0.981297 0.107671 0.013285 0.013248
0 0.149235 0.693547 0.012225 0.011982
0 0.027486 0.301769 0.012107 0.012046
0 0.757026 0.460699 0.013746 0.013602
0 0.085387 0.604676 0.013153 0.013182
0 0.885081 0.414499 0.012644 0.012449
0 0.737515 0.099698 0.012757 0.012651
0 0.816922 0.553202 0.013891 0.013712
0 0.548935 0.362975 0.013537 0.013510
0 0.587040 0.605192 0.013496 0.013531
0 0.762194 0.373436 0.012954 0.012776
0 0.451929 0.099368 0.013564 0.013735
0 0.607668 0.551083 0.013953 0.014076
0 0.090342 0.945177 0.013497 0.013352
0 0.191573 0.843894 0.012752 0.012797
0 0.544455 0.973406 0.012607 0.012468
0 0.755474 0.552655 0.011004 0.010798
0 0.023935 0.351653 0.013743 0.013459
0 0.679305 0.968824 0.011821 0.011937
0 0.447064 0.530075 0.012774 0.012707
0 0.437318 0.061620 0.011977 0.011957
0 0.883902 0.374774 0.011821 0.011486
0 0.277459 0.555629 0.010923 0.010907
0 0.240970 0.957850 0.012875 0.012974
0 0.474607 0.522195 0.012923 0.013056
0 0.902980 0.455206 0.011585 0.011386
0 0.489881 0.013332 0.013187 0.013101
0 0.463756 0.961559 0.013096 0.013018
0 0.168280 0.843424 0.012419 0.012237
0 0.163833 0.437186 0.012217 0.012070
0 0.956651 0.664363 0.013242 0.013279
0 0.189675 0.928860 0.013863 0.013868
0 0.483993 0.913638 0.013789 0.013716
0 0.613559 0.740663 0.012664 0.012646
0 0.526500 0.346082 0.013657 0.013260
0 0.527465 0.763111 0.013450 0.013542
0 0.671998 0.914702 0.012139 0.012212
0 0.242796 0.688971 0.012404 0.012438
0 0.185986 0.890849 0.013580 0.013624
0 0.925011 0.445712 0.013578 0.013764
0 0.738552 0.821570 0.013660 0.013663
0 0.117293 0.548633 0.012011 0.012334
0 0.134061 0.303098 0.012294 0.012378
0 0.449293 0.275246 0.012929 0.012767
0 0.395732 0.166403 0.013147 0.013216
0 0.005690 0.457898 0.011328 0.014460
0 0.109291 0.980291 0.013796 0.014008
0 0.331189 0.517247 0.011270 0.011189
0 0.797217 0.124876 0.012788 0.012650
0 0.707229 0.020113 0.012852 0.012967
0 0.095754 0.647354 0.012520 0.012542
0 0.610093 0.972550 0.012723 0.012750
0 0.343733 0.761037 0.013503 0.013557
0 0.434835 0.597685 0.013076 0.013222
0 0.122094 0.773032 0.012663 0.012536
0 0.927166 0.003226 0.015787 0.006451
0 0.067513 0.710149 0.012734 0.012789
0 0.788886 0.004818 0.012306 0.009636
0 0.004134 0.384528 0.008088 0.013259
0 0.223556 0.467390 0.012276 0.012302
0 0.280182 0.491827 0.010682 0.010962
0 0.494993 0.543214 0.012893 0.012918
0 0.119727 0.066994 0.013051 0.013009
0 0.706751 0.234445 0.010487 0.010412
0 0.225521 0.647266 0.012158 0.011776
0 0.441189 0.263353 0.010995 0.010599
0 0.730799 0.341038 0.010903 0.010924
0 0.524376 0.378557 0.013168 0.013830
0 0.880741 0.953691 0.012146 0.012291
0 0.480963 0.759471 0.012414 0.012268
0 0.328882 0.991101 0.012353 0.012687
0 0.131742 0.733796 0.012670 0.012674
0 0.530071 0.636668 0.022787 0.022846
0 0.596822 0.019918 0.010982 0.010717
0 0.371117 0.809102 0.010843 0.010788
0 0.275684 0.998313 0.012226 0.003357
0 0.118652 0.963595 0.011602 0.011426
0 0.787807 0.305719 0.012372 0.012132
0 0.601312 0.001729 0.011158 0.003411
0 0.776744 0.117533 0.017396 0.017883
0 0.774034 0.004466 0.013901 0.008918
0 0.442905 0.123330 0.011248 0.012008
0 0.402052 0.854307 0.011643 0.011689
0 0.423650 0.554681 0.013830 0.013716
