0 0.486527 0.054676 0.014030 0.013861
0 0.357825 0.173117 0.015064 0.015077
0 0.281753 0.433425 0.014747 0.014536
0 0.633992 0.416649 0.014076 0.014082
0 0.244972 0.522492 0.014528 0.014533
0 0.200985 0.633456 0.013534 0.013536
0 0.241683 0.765572 0.016302 0.016229
0 0.208482 0.024036 0.015528 0.015187
0 0.587405 0.489455 0.013815 0.013880
0 0.722983 0.400656 0.014119 0.013879
0 0.666134 0.269337 0.013860 0.013786
0 0.572665 0.443256 0.013603 0.013556
0 0.171555 0.230888 0.013976 0.013873
0 0.023837 0.587867 0.014188 0.014308
0 0.228636 0.700607 0.014239 0.014170
0 0.928821 0.248525 0.013934 0.013866
0 0.368785 0.517228 0.013832 0.013848
0 0.701059 0.462293 0.014402 0.014456
0 0.483280 0.134795 0.014030 0.014105
0 0.494559 0.616552 0.014541 0.014535
0 0.970889 0.411243 0.014115 0.014056
0 0.179680 0.818190 0.014349 0.014166
0 0.432755 0.518889 0.013551 0.013428
0 0.346605 0.810596 0.014289 0.014251
0 0.836987 0.814815 0.014088 0.014160
0 0.281873 0.051535 0.015865 0.015922
0 0.340471 0.681512 0.014428 0.014494
0 0.849691 0.250120 0.013967 0.013869
0 0.979338 0.868303 0.015529 0.015141
0 0.615175 0.215085 0.014447 0.014454
0 0.254802 0.474828 0.014247 0.013992
0 0.421648 0.426161 0.014610 0.014538
0 0.904137 0.979904 0.014604 0.014729
0 0.440551 0.757112 0.013802 0.013749
0 0.146622 0.077974 0.014980 0.014673
0 0.084511 0.480892 0.014376 0.014257
0 0.944599 0.935008 0.014559 0.014472
0 0.325006 0.227764 0.014329 0.014453
0 0.139825 0.581399 0.014277 0.014499
0 0.483828 0.896511 0.014855 0.014645
0 0.641691 0.956883 0.014927 0.014788
0 0.023269 0.830602 0.013612 0.013640
0 0.117214 0.862427 0.014411 0.014584
0 0.793010 0.556176 0.015578 0.015413
0 0.879127 0.874675 0.014577 0.014802
0 0.634903 0.538825 0.013787 0.013790
0 0.418519 0.281202 0.014423 0.014239
0 0.307761 0.264338 0.014771 0.014576
0 0.711367 0.743289 0.013464 0.013630
0 0.519608 0.714818 0.014072 0.013839
0 0.695904 0.546365 0.014348 0.014071
0 0.533472 0.633582 0.020923 0.020577
0 0.261711 0.023106 0.014438 0.014257
0 0.770441 0.676593 0.013612 0.013653
0 0.345655 0.299112 0.023034 0.022593
0 0.287610 0.394857 0.015430 0.015704
0 0.741864 0.021697 0.013857 0.013728
0 0.515211 0.224233 0.013939 0.014066
0 0.141697 0.340141 0.015137 0.015182
0 0.604339 0.963153 0.015109 0.015240
0 0.256688 0.582751 0.017832 0.017529
0 0.717557 0.106520 0.013931 0.013851
0 0.739244 0.617655 0.015262 0.015309
0 0.824467 0.940699 0.014841 0.014595
0 0.847284 0.664168 0.014114 0.014117
0 0.848461 0.720162 0.021700 0.021565
0 0.845149 0.272437 0.014515 0.014581
0 0.470639 0.415194 0.015809 0.015825
0 0.889901 0.562357 0.015345 0.015109
0 0.613432 0.589515 0.014468 0.014400
0 0.072989 0.230350 0.016388 0.016173
0 0.930381 0.993095 0.014444 0.013482
0 0.117836 0.715581 0.014883 0.015263
0 0.276245 0.571231 0.015656 0.015561
0 0.608625 0.264911 0.014660 0.014884
0 0.781287 0.446581 0.014295 0.014518
0 0.246985 0.335744 0.015712 0.015533
0 0.539572 0.307142 0.014067 0.014005
0 0.021697 0.324251 0.015227 0.015440
0 0.337912 0.942209 0.013918 0.013588
0 0.946348 0.624956 0.014751 0.014546
0 0.627368 0.045081 0.015223 0.015115
0 0.960240 0.684017 0.014316 0.013989
0 0.475477 0.013371 0.017998 0.018263
0 0.628730 0.520154 0.014624 0.014840
0 0.972021 0.295048 0.014742 0.014738
0 0.761179 0.490288 0.012700 0.012945
0 0.788059 0.155487 0.015087 0.015082
0 0.380401 0.442263 0.014508 0.014240
0 0.437449 0.262933 0.016656 0.017085
0 0.064301 0.379623 0.016267 0.015965
0 0.610056 0.149500 0.014262 0.014182
0 0.920613 0.144443 0.019493 0.019038
0 0.020667 0.997258 0.013942 0.005484
0 0.907679 0.588773 0.014590 0.015067
0 0.560270 0.047196 0.013484 0.013447
0 0.842534 0.563965 0.016086 0.015980
0 0.987319 0.506728 0.016259 0.015939
0 0.669490 0.191532 0.018222 0.018494
0 0.136556 0.532146 0.015199 0.015376
0 0.824868 0.161289 0.014771 0.014940
0 0.151112 0.557510 0.015196 0.015235
0 0.881518 0.398746 0.013096 0.013003
0 0.294434 0.845984 0.015671 0.015492
0 0.119766 0.912271 0.016275 0.016113
0 0.375449 0.227828 0.020052 0.019938
0 0.430619 0.621149 0.014565 0.014128
0 0.580099 0.134186 0.012685 0.012938
0 0.568793 0.979790 0.015762 0.015654
0 0.987779 0.571240 0.014148 0.013952
0 0.984638 0.698514 0.016244 0.015794
0 0.743351 0.559345 0.012921 0.012788
0 0.342432 0.001778 0.015967 0.003556
0 0.996645 0.304535 0.006710 0.013754
0 0.859644 0.986908 0.014548 0.014656
0 0.469977 0.730320 0.017265 0.017353
0 0.587110 0.170757 0.013870 0.013781
0 0.058352 0.016232 0.013638 0.012846
0 0.219429 0.466414 0.014187 0.014220
0 0.145076 0.052737 0.015355 0.015029
0 0.990420 0.604022 0.015825 0.015310
0 0.479152 0.474962 0.014461 0.014011
0 0.640854 0.119587 0.015475 0.015890
0 0.755360 0.549237 0.014457 0.014478
0 0.866979 0.389667 0.013768 0.013738
0 0.120118 0.960071 0.013773 0.013606
0 0.635487 0.086209 0.021720 0.021689
0 0.601051 0.130677 0.013765 0.013629
0 0.962043 0.768691 0.013972 0.013782
0 0.749067 0.151784 0.014553 0.014635
0 0.674814 0.010906 0.013933 0.014371
0 0.540446 0.735430 0.020587 0.020319
0 0.480310 0.473261 0.015206 0.014477
0 0.522791 0.018124 0.017415 0.017167
0 0.911050 0.088896 0.013605 0.013096
0 0.702937 0.822203 0.020973 0.020224
0 0.124289 0.065042 0.015820 0.015423
0 0.055352 0.017589 0.013788 0.013019
0 0.942733 0.142891 0.011814 0.011542
0 0.827345 0.573835 0.014728 0.014473
0 0.886609 0.258457 0.016948 0.016873
0 0.738550 0.799023 0.015064 0.015357
0 0.012632 0.915648 0.014933 0.014986
0 0.998322 0.214158 0.003300 0.016296
0 0.872507 0.604644 0.014608 0.014331
