0 0.589802 0.899803 0.017931 0.017937
0 0.124277 0.837119 0.016565 0.016271
0 0.852380 0.348294 0.014597 0.014525
0 0.280105 0.433675 0.014875 0.014651
0 0.255176 0.599351 0.014208 0.014348
0 0.507467 0.349065 0.014175 0.014147
0 0.409328 0.609548 0.013246 0.013094
0 0.721385 0.881577 0.014860 0.014971
0 0.948127 0.938030 0.014692 0.014609
0 0.186340 0.475850 0.014441 0.014595
0 0.102814 0.462046 0.013774 0.013642
0 0.301875 0.475823 0.013442 0.013646
0 0.840448 0.980357 0.014648 0.014411
0 0.693601 0.056464 0.014391 0.014594
0 0.517690 0.509876 0.014020 0.013935
0 0.598344 0.403535 0.014133 0.014255
0 0.183204 0.331793 0.014884 0.015081
0 0.906069 0.316867 0.013595 0.013555
0 0.243322 0.148647 0.014173 0.014211
0 0.334837 0.016459 0.013923 0.013729
0 0.074965 0.253831 0.013559 0.013622
0 0.223518 0.724312 0.014505 0.014201
0 0.682423 0.519311 0.015153 0.014946
0 0.263795 0.780562 0.013766 0.013638
0 0.596467 0.442355 0.014134 0.014138
0 0.974032 0.889357 0.014296 0.014470
0 0.081697 0.535178 0.014015 0.014073
0 0.360363 0.604104 0.014000 0.013900
0 0.213627 0.039367 0.015365 0.015492
0 0.220071 0.531679 0.014274 0.014245
0 0.038117 0.225339 0.014398 0.014163
0 0.894895 0.585938 0.015913 0.015384
0 0.660067 0.425151 0.014130 0.014048
0 0.799710 0.376548 0.014552 0.014793
0 0.792837 0.557339 0.015940 0.015591
0 0.352210 0.133030 0.014940 0.015176
0 0.688189 0.155841 0.014206 0.014256
0 0.624780 0.953083 0.013972 0.013823
0 0.439833 0.690104 0.014302 0.014290
0 0.890059 0.469622 0.015422 0.015302
0 0.306958 0.733777 0.015216 0.015061
0 0.927866 0.671040 0.013949 0.013836
0 0.552864 0.652142 0.014845 0.014885
0 0.167950 0.460566 0.014747 0.014594
0 0.352046 0.403222 0.014091 0.013591
0 0.904885 0.981312 0.015458 0.015814
0 0.101139 0.073513 0.018133 0.017941
0 0.643750 0.490001 0.014568 0.014839
0 0.076038 0.751627 0.014738 0.015216
0 0.834199 0.822448 0.014813 0.014594
0 0.410789 0.308658 0.016076 0.016016
0 0.683939 0.263777 0.014122 0.014396
0 0.740190 0.092077 0.015583 0.015889
0 0.969388 0.065566 0.014142 0.014026
0 0.260304 0.815369 0.013623 0.013655
0 0.039381 0.823817 0.013641 0.013514
0 0.758637 0.545606 0.014451 0.014364
0 0.135462 0.129812 0.017433 0.017799
0 0.577405 0.539664 0.013636 0.013551
0 0.252190 0.019382 0.013595 0.013442
0 0.280770 0.350113 0.015052 0.015123
0 0.369471 0.706112 0.015957 0.015928
0 0.404370 0.348316 0.014342 0.014150
0 0.771522 0.667521 0.014402 0.014557
0 0.724039 0.388844 0.014828 0.014858
0 0.416646 0.153656 0.014059 0.013941
0 0.487296 0.627073 0.013950 0.014040
0 0.731921 0.014933 0.013444 0.013461
0 0.873421 0.391365 0.013335 0.013318
0 0.530332 0.714923 0.014094 0.013922
0 0.096543 0.419137 0.013856 0.013871
0 0.848667 0.719733 0.022713 0.022580
0 0.895347 0.254206 0.013126 0.013027
0 0.252456 0.248725 0.015053 0.014989
0 0.060237 0.110427 0.015400 0.015096
0 0.705972 0.672560 0.014892 0.015148
0 0.422735 0.289603 0.014733 0.014868
0 0.936607 0.650575 0.017566 0.017732
0 0.094504 0.007742 0.015652 0.015197
0 0.019928 0.158478 0.014517 0.014593
0 0.435384 0.173918 0.015893 0.015693
0 0.047699 0.052758 0.016603 0.016980
0 0.503734 0.644698 0.013614 0.013858
0 0.370039 0.719845 0.013343 0.013199
0 0.442094 0.331447 0.014710 0.014780
0 0.774439 0.453787 0.014357 0.014494
0 0.957677 0.869866 0.015329 0.015544
0 0.530072 0.639190 0.022538 0.022139
0 0.737202 0.617519 0.015313 0.016028
0 0.467635 0.137115 0.014279 0.014327
0 0.771938 0.960003 0.016085 0.015861
0 0.363719 0.916098 0.014571 0.014413
0 0.758286 0.496166 0.012801 0.012961
0 0.009658 0.307857 0.014400 0.014356
0 0.817344 0.824624 0.013531 0.013251
0 0.986612 0.507108 0.017389 0.017266
0 0.375009 0.227774 0.020743 0.020503
0 0.118661 0.903565 0.015104 0.014982
0 0.838981 0.574211 0.017298 0.017053
0 0.582168 0.344416 0.014701 0.014883
0 0.010463 0.912697 0.013067 0.013114
0 0.827182 0.118386 0.012539 0.012491
0 0.897335 0.858570 0.015666 0.015229
0 0.717276 0.235585 0.015444 0.015579
0 0.634165 0.086745 0.022359 0.021896
0 0.976386 0.648126 0.015483 0.014747
0 0.595048 0.085680 0.014156 0.014296
0 0.865414 0.616746 0.014672 0.014841
0 0.858776 0.402569 0.015936 0.015889
0 0.321547 0.273648 0.014741 0.014563
0 0.477978 0.893438 0.017906 0.018052
0 0.183422 0.604470 0.015309 0.015341
0 0.557159 0.216217 0.014333 0.014187
0 0.372782 0.990679 0.015046 0.015042
0 0.912889 0.006385 0.014018 0.012770
0 0.701937 0.822956 0.021342 0.020678
0 0.585667 0.178433 0.014456 0.014779
0 0.522315 0.017588 0.018002 0.017685
0 0.920569 0.145699 0.020561 0.020188
0 0.779571 0.254605 0.014175 0.013800
0 0.297686 0.777452 0.018013 0.017356
0 0.178596 0.927096 0.015360 0.015312
0 0.603434 0.044349 0.015026 0.015011
0 0.479441 0.248187 0.015770 0.015043
0 0.048872 0.565659 0.014613 0.014175
0 0.345027 0.299298 0.021082 0.020609
0 0.930892 0.219523 0.009134 0.009333
0 0.016480 0.003398 0.016126 0.006769
0 0.334636 0.335249 0.015570 0.015993
0 0.996808 0.196751 0.006331 0.012902
0 0.466646 0.743735 0.014457 0.015039
0 0.302663 0.776937 0.018006 0.017485
0 0.849507 0.642534 0.015640 0.015538
0 0.209380 0.621148 0.013695 0.013704
0 0.983721 0.727549 0.016257 0.015560
0 0.092521 0.908423 0.015051 0.015218
0 0.003316 0.942048 0.006259 0.013846
0 0.179014 0.030004 0.018030 0.017977
