0 0.749501 0.615667 0.012879 0.012812
0 0.037639 0.389312 0.011914 0.011777
0 0.090508 0.314907 0.012690 0.012693
0 0.193200 0.503878 0.013466 0.013302
0 0.138902 0.299704 0.011912 0.012017
0 0.498770 0.281563 0.012015 0.012016
0 0.194395 0.117502 0.012247 0.012386
0 0.563106 0.974724 0.011787 0.011469
0 0.369927 0.434035 0.012011 0.011993
0 0.192027 0.577080 0.013373 0.013247
0 0.137551 0.448909 0.012691 0.012619
0 0.174973 0.720506 0.013552 0.013343
0 0.446620 0.439931 0.011682 0.011515
0 0.536810 0.389111 0.012872 0.012936
0 0.715449 0.837585 0.011649 0.011386
0 0.458349 0.073223 0.013354 0.013236
0 0.450558 0.957304 0.013026 0.013086
0 0.466861 0.333038 0.012637 0.012639
0 0.186887 0.889445 0.013095 0.013039
0 0.693526 0.317062 0.012682 0.012488
0 0.188102 0.185503 0.012283 0.012389
0 0.223209 0.466778 0.012991 0.012975
0 0.305895 0.165067 0.012992 0.012963
0 0.345644 0.842583 0.013160 0.013066
0 0.850956 0.477365 0.011894 0.011828
0 0.205869 0.400837 0.013858 0.013969
0 0.203900 0.453182 0.012447 0.012316
0 0.748304 0.786288 0.012206 0.012020
0 0.259388 0.297625 0.013290 0.013287
0 0.126643 0.573702 0.012874 0.012748
0 0.427320 0.274300 0.011858 0.011923
0 0.713168 0.444642 0.009817 0.009811
0 0.232207 0.729731 0.012854 0.012705
0 0.612341 0.342000 0.011900 0.012092
0 0.626550 0.735314 0.012081 0.012263
0 0.172940 0.962576 0.012376 0.012282
0 0.682123 0.917320 0.011528 0.011636
0 0.330677 0.517460 0.011929 0.011987
0 0.965966 0.072880 0.010435 0.010447
0 0.447504 0.845556 0.012190 0.012247
0 0.343981 0.296218 0.022881 0.022992
0 0.524551 0.346069 0.013732 0.013823
0 0.844643 0.009755 0.011461 0.011582
0 0.455483 0.541976 0.013953 0.013986
0 0.720774 0.473595 0.012819 0.012749
0 0.539233 0.310123 0.012089 0.012101
0 0.192082 0.420862 0.012053 0.012034
0 0.836918 0.064007 0.014137 0.013891
0 0.925185 0.384659 0.011252 0.011557
0 0.408677 0.171275 0.013523 0.013659
0 0.531193 0.552335 0.010834 0.010632
0 0.791517 0.121474 0.010523 0.010436
0 0.655710 0.311986 0.010533 0.010522
0 0.648153 0.183503 0.011839 0.011757
0 0.109659 0.979695 0.013335 0.013597
0 0.768467 0.924455 0.011289 0.011150
0 0.531062 0.636778 0.022971 0.023420
0 0.231407 0.382704 0.011919 0.011958
0 0.080241 0.695719 0.010723 0.010746
0 0.049898 0.400378 0.012989 0.012893
0 0.428862 0.663954 0.012311 0.012522
0 0.768042 0.070198 0.008305 0.008228
0 0.813689 0.065988 0.011937 0.012045
0 0.224640 0.649545 0.011781 0.011194
0 0.741501 0.390501 0.012183 0.011726
0 0.848103 0.718288 0.020016 0.020055
0 0.392307 0.002110 0.010567 0.004213
0 0.626395 0.114597 0.011798 0.011900
0 0.679399 0.062272 0.010416 0.010034
0 0.543298 0.971380 0.013154 0.012885
0 0.020335 0.496269 0.011518 0.011547
0 0.298329 0.002899 0.012369 0.005797
0 0.051202 0.616253 0.011965 0.011539
0 0.765734 0.760783 0.011768 0.011644
0 0.507919 0.738556 0.010834 0.011014
0 0.016369 0.553747 0.011975 0.012057
0 0.929258 0.693202 0.010379 0.009970
0 0.540432 0.198154 0.011864 0.011830
0 0.965524 0.365653 0.009293 0.009287
0 0.298045 0.839575 0.010475 0.010345
0 0.581428 0.441482 0.009870 0.009944
0 0.947896 0.650200 0.013332 0.013736
0 0.597910 0.992749 0.011305 0.011680
0 0.801208 0.039222 0.009634 0.009606
0 0.272094 0.446892 0.011502 0.011547
0 0.859427 0.224509 0.011420 0.011795
0 0.789481 0.004149 0.012979 0.008297
0 0.912161 0.577585 0.011566 0.011542
0 0.052830 0.614770 0.012176 0.011927
