0 0.357502 0.523069 0.014016 0.014118
0 0.776787 0.873951 0.013331 0.013143
0 0.543997 0.354067 0.013271 0.013252
0 0.107260 0.131583 0.012542 0.012607
0 0.062642 0.717536 0.013243 0.013091
0 0.153493 0.242205 0.013049 0.013079
0 0.748369 0.618395 0.012864 0.012575
0 0.472718 0.792528 0.012908 0.012742
0 0.388764 0.822570 0.013180 0.013134
0 0.078852 0.657972 0.011856 0.011854
0 0.802460 0.585382 0.012708 0.012661
0 0.087921 0.090208 0.013197 0.013123
0 0.984389 0.539575 0.013708 0.013706
0 0.438524 0.465638 0.011855 0.011973
0 0.739156 0.853980 0.013467 0.013544
0 0.961639 0.415710 0.012648 0.012689
0 0.400721 0.745267 0.013855 0.013859
0 0.951011 0.535555 0.012385 0.012316
0 0.633114 0.738249 0.013363 0.013399
0 0.289542 0.812468 0.013115 0.013223
0 0.046438 0.370578 0.012658 0.012628
0 0.557419 0.466646 0.013007 0.012852
0 0.681043 0.652127 0.014182 0.014068
0 0.909459 0.596773 0.013108 0.013067
0 0.469487 0.702196 0.012057 0.012368
0 0.105020 0.416021 0.013355 0.013145
0 0.573353 0.636364 0.013658 0.013557
0 0.851650 0.815911 0.013053 0.012838
0 0.767158 0.498707 0.012342 0.012286
0 0.036861 0.958078 0.013028 0.012980
0 0.614375 0.748428 0.012247 0.012189
0 0.215464 0.418262 0.012346 0.012391
0 0.675989 0.277954 0.014300 0.014320
0 0.189823 0.698409 0.011661 0.011818
0 0.357519 0.376725 0.012484 0.012258
0 0.368162 0.848958 0.012352 0.012332
0 0.073954 0.400725 0.013029 0.013070
0 0.425274 0.820969 0.012305 0.012301
0 0.411605 0.506487 0.011518 0.011343
0 0.610923 0.057549 0.012290 0.012283
0 0.833979 0.612722 0.012519 0.012586
0 0.654557 0.047608 0.014078 0.013846
0 0.184829 0.891498 0.012503 0.012477
0 0.122814 0.282364 0.011988 0.011979
0 0.198099 0.068690 0.012047 0.011643
0 0.118703 0.578052 0.011971 0.011940
0 0.457887 0.960965 0.012973 0.012820
0 0.992924 0.706880 0.012931 0.012988
0 0.525312 0.349001 0.012705 0.012470
0 0.980856 0.900607 0.012627 0.012659
0 0.071240 0.267512 0.011469 0.011750
0 0.638395 0.615055 0.013922 0.013966
0 0.859312 0.842439 0.013076 0.013044
0 0.541550 0.973272 0.011613 0.011450
0 0.502132 0.670037 0.011202 0.011252
0 0.171809 0.617500 0.012349 0.012343
0 0.255074 0.220088 0.013690 0.013715
0 0.331224 0.518848 0.012884 0.012290
0 0.048042 0.653731 0.012417 0.012545
0 0.810253 0.734329 0.012870 0.013088
0 0.607505 0.032502 0.012099 0.011978
0 0.698317 0.443904 0.011484 0.011489
0 0.982532 0.880298 0.013056 0.012852
0 0.370600 0.649514 0.012878 0.013116
0 0.357280 0.809885 0.012472 0.012366
0 0.257067 0.661594 0.011697 0.011637
0 0.233621 0.074841 0.014002 0.013934
0 0.991562 0.847377 0.014749 0.014153
0 0.336085 0.710769 0.012607 0.012533
0 0.483531 0.663481 0.012565 0.012640
0 0.553034 0.107041 0.013667 0.013477
0 0.624818 0.904619 0.011920 0.011756
0 0.102803 0.324080 0.012901 0.013044
0 0.380892 0.283913 0.013782 0.013689
0 0.704319 0.471070 0.012581 0.012772
0 0.118726 0.880374 0.013760 0.013508
0 0.644530 0.004277 0.012347 0.008555
0 0.534435 0.133117 0.012245 0.012404
0 0.271420 0.032919 0.014337 0.014061
0 0.702234 0.845631 0.011627 0.011821
0 0.696794 0.367318 0.013349 0.013414
0 0.135585 0.012779 0.012995 0.012807
0 0.993539 0.184623 0.012709 0.013142
0 0.462389 0.271829 0.013428 0.013531
0 0.771470 0.722581 0.010563 0.010864
0 0.767876 0.338035 0.012860 0.012627
0 0.926876 0.164026 0.012912 0.013137
0 0.227553 0.652058 0.012171 0.011785
0 0.399017 0.984340 0.011338 0.011472
0 0.866869 0.365465 0.012451 0.012287
0 0.243015 0.458527 0.012872 0.012347
0 0.107166 0.980122 0.012879 0.012790
0 0.974958 0.077887 0.013363 0.013227
0 0.847243 0.709316 0.022215 0.021849
0 0.348779 0.156809 0.011587 0.011571
0 0.827139 0.731949 0.011940 0.011933
0 0.223550 0.469510 0.012592 0.012666
0 0.067498 0.547399 0.010660 0.010465
0 0.412710 0.003255 0.013213 0.006511
0 0.458203 0.115040 0.012120 0.011847
0 0.121330 0.734604 0.013269 0.012872
0 0.531744 0.629755 0.022926 0.022599
0 0.293537 0.262249 0.011314 0.011336
0 0.448322 0.169972 0.012784 0.012938
0 0.102477 0.947674 0.012080 0.012133
0 0.913463 0.682738 0.013012 0.012858
0 0.024574 0.009544 0.010431 0.010594
0 0.316989 0.134994 0.010362 0.010520
0 0.442120 0.059300 0.011038 0.011048
0 0.422517 0.555742 0.012269 0.012243
0 0.828561 0.696603 0.013920 0.013400
0 0.779246 0.005555 0.014224 0.011044
0 0.226235 0.828949 0.012642 0.012560
0 0.118954 0.074301 0.013093 0.013110
0 0.614888 0.914128 0.014119 0.014141
0 0.374554 0.825574 0.011140 0.011196
