0 0.298536 0.665424 0.012174 0.012168
0 0.923783 0.586340 0.013148 0.012976
0 0.461993 0.667591 0.013685 0.013325
0 0.722854 0.312094 0.013426 0.013410
0 0.748577 0.619042 0.013465 0.013363
0 0.822257 0.763278 0.013060 0.013050
0 0.803671 0.414494 0.012679 0.012581
0 0.957156 0.499469 0.012084 0.012054
0 0.833254 0.615894 0.013050 0.012865
0 0.041335 0.966266 0.013329 0.013235
0 0.133183 0.423584 0.013508 0.013552
0 0.161321 0.790607 0.013412 0.013030
0 0.551881 0.355794 0.013330 0.013334
0 0.787046 0.580406 0.013322 0.013311
0 0.349953 0.666499 0.013563 0.013528
0 0.269054 0.748870 0.012778 0.012796
0 0.484173 0.265077 0.013165 0.013088
0 0.105152 0.409364 0.012661 0.012785
0 0.571213 0.606519 0.013227 0.013114
0 0.716431 0.731450 0.011848 0.011899
0 0.245745 0.937255 0.012203 0.012019
0 0.892991 0.537975 0.012988 0.013053
0 0.181526 0.710196 0.012606 0.012666
0 0.325502 0.568489 0.012904 0.012883
0 0.292488 0.928761 0.013179 0.013017
0 0.290321 0.809624 0.013212 0.013089
0 0.185276 0.891550 0.012898 0.012834
0 0.639650 0.634216 0.013596 0.013279
0 0.374999 0.466440 0.011989 0.011786
0 0.923658 0.757447 0.012550 0.012363
0 0.600825 0.859400 0.012553 0.012493
0 0.796026 0.330561 0.012270 0.012371
0 0.017959 0.731008 0.013046 0.013010
0 0.976056 0.741970 0.012034 0.011969
0 0.092767 0.283106 0.012545 0.012800
0 0.104190 0.191318 0.012892 0.012797
0 0.508629 0.227528 0.013592 0.013533
0 0.290032 0.517743 0.013705 0.013650
0 0.031106 0.377609 0.013164 0.013172
0 0.189596 0.379296 0.013037 0.013049
0 0.780413 0.038192 0.010741 0.010879
0 0.524983 0.349165 0.013530 0.013405
0 0.685394 0.798387 0.013064 0.012949
0 0.920214 0.231982 0.012481 0.012423
0 0.724443 0.047250 0.012431 0.012464
0 0.867232 0.468125 0.013247 0.013624
0 0.894825 0.279663 0.012460 0.012205
0 0.147243 0.338636 0.012637 0.012586
0 0.490252 0.400132 0.012371 0.012095
0 0.174755 0.492530 0.012292 0.012206
0 0.431298 0.603181 0.012058 0.012063
0 0.947688 0.708420 0.013648 0.013986
0 0.176079 0.660340 0.011548 0.011458
0 0.144317 0.735338 0.011837 0.011957
0 0.721317 0.145911 0.012926 0.012756
0 0.252558 0.219817 0.014038 0.014333
0 0.330896 0.518399 0.012514 0.012405
0 0.833174 0.007905 0.014081 0.014009
0 0.061273 0.425910 0.012335 0.012493
0 0.856877 0.280275 0.013229 0.013165
0 0.616485 0.099983 0.012952 0.013032
0 0.116498 0.587052 0.013679 0.013478
0 0.421202 0.671480 0.012396 0.012553
0 0.518357 0.718670 0.011838 0.011649
0 0.848954 0.988484 0.013722 0.013846
0 0.692942 0.289613 0.013311 0.013328
0 0.298878 0.304258 0.012636 0.012435
0 0.101863 0.674751 0.010792 0.010706
0 0.211987 0.021992 0.012090 0.012058
0 0.101904 0.311337 0.013700 0.013677
0 0.926548 0.467319 0.013205 0.013219
0 0.132487 0.994673 0.014630 0.010654
0 0.823414 0.184401 0.013190 0.013002
0 0.448367 0.584437 0.013457 0.013378
0 0.054159 0.665809 0.012652 0.012381
0 0.985119 0.951822 0.013416 0.013176
0 0.310944 0.280307 0.013286 0.013266
0 0.183440 0.047081 0.013154 0.013324
0 0.952563 0.665618 0.013162 0.013107
0 0.501331 0.969699 0.011928 0.011857
0 0.134630 0.101663 0.012943 0.012778
0 0.724733 0.005962 0.010680 0.010769
0 0.226116 0.650924 0.012717 0.012332
0 0.286630 0.189227 0.013985 0.013992
0 0.222903 0.469318 0.012150 0.012252
0 0.399587 0.339711 0.013415 0.013487
0 0.849516 0.710913 0.022604 0.022678
0 0.548640 0.940117 0.012653 0.012621
0 0.534065 0.627751 0.022946 0.022956
0 0.306936 0.197627 0.013958 0.014477
0 0.626667 0.311813 0.011651 0.011606
0 0.564543 0.048984 0.012064 0.012053
0 0.458931 0.961371 0.012149 0.012304
0 0.790254 0.005868 0.012339 0.011549
0 0.346345 0.151691 0.011815 0.011499
0 0.900409 0.601758 0.011475 0.011244
0 0.494110 0.543842 0.013640 0.013495
0 0.483958 0.929400 0.011421 0.011618
0 0.381588 0.823603 0.012261 0.012382
0 0.259938 0.163649 0.012964 0.012565
0 0.538958 0.187421 0.012182 0.012164
0 0.050226 0.042587 0.013229 0.013318
0 0.570153 0.038373 0.010771 0.010785
0 0.245822 0.170268 0.011708 0.011971
0 0.179309 0.570380 0.011346 0.011249
0 0.619998 0.066561 0.014026 0.014193
0 0.301193 0.974557 0.012141 0.012046
0 0.342930 0.290074 0.024132 0.023733
0 0.018439 0.518206 0.011296 0.011240
0 0.440992 0.059629 0.011981 0.012062
0 0.364791 0.224757 0.013743 0.013743
0 0.834367 0.469917 0.011047 0.010951
0 0.849538 0.563208 0.012780 0.012642
0 0.993574 0.152738 0.012719 0.014337
0 0.415990 0.786835 0.013385 0.013194
0 0.772296 0.390940 0.012272 0.012078
0 0.441430 0.564249 0.009639 0.009995
0 0.257876 0.112018 0.012272 0.012215
0 0.521523 0.066908 0.013357 0.013141
0 0.568879 0.039366 0.011036 0.011017
0 0.603520 0.001585 0.012199 0.003171
0 0.566241 0.046299 0.011819 0.012032
