0 0.442136 0.125559 0.013273 0.013238
0 0.608954 0.331020 0.011296 0.011112
0 0.631957 0.327681 0.010616 0.010456
0 0.506268 0.584861 0.013681 0.013477
0 0.427064 0.490508 0.013263 0.013270
0 0.524640 0.349628 0.013018 0.012805
0 0.214649 0.218633 0.014353 0.014233
0 0.153282 0.445837 0.012549 0.012534
0 0.561457 0.345635 0.013207 0.013505
0 0.459489 0.432496 0.012834 0.013008
0 0.259086 0.263324 0.011879 0.011731
0 0.458088 0.961272 0.012795 0.012680
0 0.155477 0.351569 0.012927 0.012958
0 0.314158 0.239083 0.014139 0.013889
0 0.572644 0.712098 0.014353 0.014328
0 0.535126 0.482886 0.012572 0.012315
0 0.284295 0.808125 0.012658 0.012872
0 0.903813 0.536649 0.014093 0.014041
0 0.348142 0.815816 0.012433 0.012273
0 0.837516 0.773302 0.012424 0.012275
0 0.593765 0.498016 0.013354 0.013249
0 0.305007 0.078190 0.012280 0.012203
0 0.255524 0.220197 0.013385 0.013584
0 0.663492 0.720450 0.012354 0.012169
0 0.222479 0.470671 0.012725 0.012722
0 0.941446 0.583246 0.013840 0.013710
0 0.269260 0.414445 0.012137 0.011791
0 0.133991 0.300694 0.013927 0.014100
0 0.951813 0.770699 0.013076 0.012963
0 0.027850 0.195822 0.014373 0.014151
0 0.636217 0.693207 0.011993 0.011864
0 0.490257 0.976370 0.013160 0.013194
0 0.508258 0.026547 0.013166 0.013229
0 0.271802 0.033887 0.012097 0.011846
0 0.283230 0.577982 0.012981 0.012896
0 0.334650 0.051456 0.012713 0.012538
0 0.201307 0.142452 0.013529 0.013323
0 0.395067 0.958204 0.012146 0.012244
0 0.548656 0.108666 0.013154 0.013160
0 0.748946 0.618893 0.013347 0.013339
0 0.283556 0.006643 0.013025 0.012866
0 0.654323 0.865665 0.012436 0.012517
0 0.187823 0.639432 0.014118 0.014379
0 0.633505 0.227168 0.011409 0.011134
0 0.836638 0.618377 0.013292 0.013222
0 0.030009 0.723193 0.010898 0.011108
0 0.616363 0.057849 0.011233 0.011154
0 0.109614 0.981035 0.013348 0.013391
0 0.033275 0.853686 0.012099 0.012191
0 0.545972 0.081921 0.012834 0.013078
0 0.892389 0.340608 0.013056 0.012958
0 0.233910 0.130586 0.012943 0.013126
0 0.282537 0.718891 0.011729 0.011751
0 0.029652 0.958319 0.013216 0.013197
0 0.449883 0.360343 0.013600 0.013479
0 0.598847 0.424893 0.011114 0.011025
0 0.388806 0.616685 0.012040 0.011932
0 0.541131 0.973769 0.011769 0.011597
0 0.434914 0.089465 0.011345 0.011218
0 0.414883 0.829787 0.012634 0.012761
0 0.616365 0.022578 0.012337 0.012341
0 0.441804 0.059375 0.012492 0.012534
0 0.780510 0.654831 0.013308 0.013063
0 0.087970 0.167772 0.014059 0.014240
0 0.262109 0.993649 0.011393 0.011307
0 0.697770 0.509937 0.012267 0.012178
0 0.663686 0.606757 0.013931 0.014103
0 0.027128 0.708199 0.012800 0.012950
0 0.778590 0.953078 0.013965 0.014048
0 0.470216 0.821065 0.011141 0.011353
0 0.106931 0.419694 0.011287 0.011188
0 0.331266 0.518844 0.012571 0.012365
0 0.981618 0.911416 0.012130 0.011833
0 0.171417 0.012915 0.012312 0.012229
0 0.743038 0.237729 0.012053 0.012143
0 0.634663 0.657957 0.013320 0.013194
0 0.308152 0.806595 0.011545 0.011826
0 0.293247 0.194739 0.013608 0.012967
0 0.419170 0.535621 0.011630 0.011774
0 0.877802 0.371124 0.012304 0.012267
0 0.751604 0.993154 0.012416 0.012218
0 0.225235 0.651645 0.012912 0.012556
0 0.729552 0.035558 0.012341 0.012410
0 0.501271 0.915137 0.010614 0.010875
0 0.423215 0.556568 0.013444 0.013541
0 0.947258 0.224525 0.011268 0.011045
0 0.265910 0.314484 0.011924 0.011879
0 0.570143 0.597358 0.011998 0.011671
0 0.023177 0.580973 0.012195 0.012131
0 0.740968 0.601145 0.011437 0.011481
0 0.098368 0.934230 0.011432 0.011377
0 0.789800 0.004986 0.012288 0.009937
0 0.302240 0.734784 0.010839 0.010993
0 0.186338 0.892227 0.012399 0.012582
0 0.915913 0.774014 0.012701 0.012594
0 0.824601 0.608789 0.013128 0.013172
0 0.482787 0.632090 0.012452 0.012346
0 0.190783 0.721264 0.011996 0.012062
0 0.246716 0.851450 0.012470 0.012336
0 0.849442 0.710873 0.023647 0.024024
0 0.494864 0.543599 0.013513 0.013778
0 0.345402 0.290074 0.024536 0.024375
0 0.551149 0.127032 0.011924 0.011447
0 0.617074 0.002467 0.011245 0.004935
0 0.694025 0.083304 0.012846 0.012450
0 0.694839 0.081586 0.012520 0.012298
