0 0.599711 0.933503 0.017601 0.017306
0 0.257526 0.455044 0.014868 0.014944
0 0.429845 0.462444 0.014668 0.014778
0 0.112432 0.703625 0.014858 0.014886
0 0.857104 0.397977 0.014825 0.014514
0 0.285554 0.699804 0.014080 0.014042
0 0.507580 0.400521 0.015204 0.015171
0 0.685833 0.918712 0.014099 0.014115
0 0.439427 0.616501 0.013816 0.013733
0 0.438238 0.104481 0.014295 0.014303
0 0.233877 0.545757 0.015248 0.015157
0 0.394636 0.048899 0.013930 0.013937
0 0.665896 0.868923 0.013789 0.013725
0 0.521271 0.193830 0.015388 0.015309
0 0.800610 0.560935 0.014200 0.014279
0 0.537013 0.561439 0.014614 0.014499
0 0.712604 0.661812 0.014156 0.014151
0 0.386162 0.657092 0.013745 0.013571
0 0.451659 0.257632 0.014031 0.014123
0 0.397136 0.820066 0.014328 0.014172
0 0.661953 0.484810 0.014348 0.014280
0 0.155509 0.325744 0.014236 0.014462
0 0.846731 0.517215 0.014809 0.014739
0 0.474880 0.865890 0.014067 0.013996
0 0.503999 0.461073 0.015080 0.015020
0 0.132614 0.187736 0.015960 0.016023
0 0.295024 0.091174 0.015225 0.015346
0 0.111167 0.821973 0.014494 0.014464
0 0.570157 0.820860 0.013903 0.014061
0 0.800299 0.129481 0.013350 0.013328
0 0.932053 0.792479 0.013738 0.013588
0 0.675380 0.774027 0.014648 0.014647
0 0.106504 0.790825 0.014612 0.014545
0 0.770096 0.247761 0.015432 0.015174
0 0.973644 0.351573 0.013920 0.013908
0 0.442452 0.195794 0.018705 0.018369
0 0.705396 0.244005 0.014357 0.014387
0 0.753655 0.403862 0.015365 0.015535
0 0.799767 0.395799 0.014478 0.014496
0 0.092495 0.337671 0.015183 0.015236
0 0.023999 0.779709 0.013400 0.013190
0 0.033299 0.137543 0.014280 0.014154
0 0.273214 0.364455 0.014952 0.014933
0 0.129243 0.374492 0.017470 0.017545
0 0.494753 0.620298 0.014584 0.014625
0 0.883604 0.661805 0.014461 0.014414
0 0.690731 0.973732 0.012921 0.012908
0 0.315640 0.018418 0.013557 0.013462
0 0.566037 0.480315 0.015755 0.015464
0 0.149684 0.885934 0.016045 0.015667
0 0.095241 0.504885 0.014175 0.014132
0 0.931272 0.577545 0.014948 0.014941
0 0.948046 0.413796 0.015127 0.015189
0 0.071388 0.899240 0.014441 0.014257
0 0.573365 0.585225 0.015043 0.014947
0 0.350021 0.560878 0.014645 0.014361
0 0.774377 0.050268 0.014545 0.014518
0 0.071968 0.423590 0.014958 0.014896
0 0.512087 0.700519 0.014338 0.014318
0 0.305132 0.214932 0.015362 0.015638
0 0.035079 0.225232 0.015153 0.015094
0 0.277131 0.741301 0.014563 0.014438
0 0.850506 0.782482 0.014564 0.014398
0 0.122372 0.435234 0.014406 0.014433
0 0.228943 0.201765 0.015485 0.015745
0 0.024390 0.266251 0.014232 0.014583
0 0.348264 0.300948 0.022664 0.022565
0 0.732765 0.349705 0.015109 0.014994
0 0.862507 0.152244 0.014552 0.014828
0 0.661629 0.097178 0.014543 0.014529
0 0.547688 0.588953 0.013554 0.013680
0 0.849055 0.721579 0.023080 0.022883
0 0.564207 0.204473 0.015234 0.014948
0 0.533551 0.639837 0.022805 0.022619
0 0.725812 0.842468 0.014480 0.014570
0 0.950587 0.615037 0.014040 0.014013
0 0.734832 0.719831 0.014623 0.014940
0 0.736785 0.260415 0.014526 0.014440
0 0.068351 0.576413 0.021583 0.021537
0 0.377401 0.229102 0.019608 0.019178
0 0.005854 0.094909 0.011709 0.014174
0 0.936682 0.908573 0.015287 0.015426
0 0.558115 0.714252 0.014523 0.014836
0 0.005164 0.880214 0.010328 0.013858
0 0.169691 0.068497 0.015400 0.015343
0 0.570885 0.233657 0.013519 0.013469
0 0.630406 0.010269 0.015219 0.015331
0 0.840779 0.279675 0.013895 0.013914
0 0.017893 0.953357 0.014426 0.014629
0 0.177670 0.901843 0.015834 0.015490
0 0.834765 0.242645 0.015648 0.015422
0 0.074364 0.347770 0.014724 0.014189
0 0.386375 0.733947 0.016758 0.016672
0 0.187713 0.063277 0.014197 0.014472
0 0.960706 0.126628 0.017227 0.017233
0 0.388425 0.987844 0.014518 0.014480
0 0.878688 0.282047 0.014283 0.014457
0 0.091741 0.935231 0.014838 0.014737
0 0.343194 0.154074 0.014306 0.014182
0 0.485007 0.005268 0.014071 0.010535
0 0.140087 0.240358 0.015229 0.014991
0 0.825968 0.792201 0.014610 0.014553
0 0.731828 0.012477 0.014249 0.014435
0 0.539770 0.180833 0.015102 0.014894
0 0.734024 0.044980 0.015615 0.015142
0 0.922083 0.147727 0.020525 0.020462
0 0.342192 0.641008 0.014641 0.014588
0 0.996216 0.818976 0.007542 0.015742
0 0.996683 0.846651 0.006614 0.014162
0 0.182586 0.039740 0.014005 0.014057
0 0.124619 0.460710 0.014274 0.013943
0 0.909541 0.994108 0.013758 0.011737
0 0.002452 0.562378 0.004814 0.016523
0 0.629564 0.874846 0.013900 0.013779
0 0.469027 0.988636 0.014771 0.014771
0 0.671444 0.192524 0.020184 0.020087
0 0.108356 0.985592 0.014411 0.014373
0 0.997145 0.330777 0.005669 0.016179
0 0.006683 0.264578 0.013246 0.016931
0 0.003284 0.561185 0.006568 0.016978
0 0.523391 0.019471 0.019489 0.019389
0 0.879339 0.592373 0.023707 0.023436
0 0.704944 0.824296 0.022591 0.022729
0 0.540369 0.737825 0.018612 0.018054
0 0.383984 0.734687 0.017131 0.017955
0 0.046891 0.327518 0.020662 0.020697
0 0.996293 0.121810 0.007337 0.015049
0 0.913586 0.441956 0.017454 0.018010
0 0.451173 0.215773 0.019382 0.019293
0 0.265142 0.246622 0.020316 0.019921
0 0.001702 0.169946 0.003404 0.013799
