0 0.097346 0.189355 0.010971 0.010685
0 0.922617 0.299176 0.014192 0.014209
0 0.490835 0.947095 0.012931 0.012879
0 0.155856 0.568445 0.013374 0.013418
0 0.825199 0.668291 0.013343 0.013262
0 0.780157 0.435520 0.012243 0.012220
0 0.920129 0.085302 0.013517 0.013432
0 0.629531 0.031638 0.013504 0.013360
0 0.394504 0.474179 0.014035 0.013996
0 0.748406 0.618561 0.013453 0.013327
0 0.909690 0.157390 0.012133 0.012247
0 0.161700 0.617003 0.013293 0.013093
0 0.730055 0.096902 0.012427 0.012384
0 0.838282 0.042722 0.013599 0.013641
0 0.132126 0.775517 0.012873 0.012699
0 0.094485 0.507181 0.013563 0.013481
0 0.903077 0.717502 0.012737 0.012723
0 0.154231 0.693696 0.012906 0.012747
0 0.520577 0.432069 0.012075 0.012033
0 0.838918 0.267184 0.012699 0.012536
0 0.115296 0.438222 0.013474 0.013286
0 0.502034 0.248638 0.014021 0.014008
0 0.424184 0.739570 0.013794 0.013939
0 0.901774 0.801867 0.013100 0.012989
0 0.790341 0.077170 0.012934 0.013058
0 0.632755 0.467916 0.012866 0.012794
0 0.059297 0.638865 0.013304 0.013265
0 0.569588 0.537486 0.013417 0.013460
0 0.134361 0.235522 0.011357 0.011231
0 0.514791 0.335221 0.012385 0.012132
0 0.283247 0.147185 0.012558 0.012401
0 0.070168 0.205836 0.012283 0.012219
0 0.661648 0.105386 0.013729 0.013558
0 0.238311 0.436039 0.012922 0.012909
0 0.041279 0.628342 0.012385 0.012075
0 0.978026 0.814227 0.012593 0.012509
0 0.157147 0.481912 0.012764 0.012513
0 0.460177 0.569258 0.014520 0.014364
0 0.881287 0.515432 0.012398 0.012496
0 0.442166 0.059429 0.012456 0.012389
0 0.021118 0.435693 0.011745 0.011757
0 0.438410 0.663157 0.013570 0.013463
0 0.859466 0.445242 0.013395 0.013816
0 0.196552 0.863360 0.012776 0.012832
0 0.017712 0.198909 0.013504 0.013248
0 0.978601 0.390400 0.012986 0.012753
0 0.402068 0.919848 0.012275 0.012349
0 0.223380 0.469136 0.012570 0.012448
0 0.593677 0.457422 0.014399 0.014342
0 0.158903 0.638744 0.012067 0.012300
0 0.321209 0.529073 0.012958 0.013237
0 0.353890 0.229338 0.014318 0.014259
0 0.812335 0.305322 0.012680 0.012738
0 0.042157 0.247596 0.011853 0.011737
0 0.462443 0.960296 0.011780 0.011688
0 0.050308 0.552404 0.011902 0.011899
0 0.185148 0.891698 0.012384 0.012470
0 0.259416 0.204869 0.011906 0.011845
0 0.669967 0.414111 0.011932 0.012117
0 0.182334 0.314094 0.014370 0.014047
0 0.625649 0.098135 0.013269 0.013399
0 0.836133 0.452961 0.013246 0.013169
0 0.579064 0.015026 0.013683 0.013696
0 0.305844 0.614206 0.010819 0.011256
0 0.330357 0.853333 0.013411 0.013521
0 0.169932 0.154836 0.011124 0.011050
0 0.755044 0.052181 0.012532 0.012389
0 0.785145 0.285414 0.013763 0.013760
0 0.362844 0.329340 0.013721 0.013781
0 0.495712 0.543443 0.015357 0.015319
0 0.802518 0.520339 0.012021 0.012264
0 0.563504 0.187156 0.012557 0.012639
0 0.821215 0.700006 0.012342 0.012585
0 0.225013 0.651854 0.013005 0.012620
0 0.631709 0.497149 0.014326 0.014114
0 0.515064 0.292349 0.012361 0.012495
0 0.523953 0.705129 0.013373 0.013395
0 0.207961 0.894005 0.011681 0.011707
0 0.004107 0.514366 0.008144 0.010970
0 0.502723 0.461150 0.014332 0.014540
0 0.563066 0.128558 0.014213 0.014261
0 0.164093 0.770297 0.012069 0.012303
0 0.450443 0.115002 0.015407 0.015714
0 0.037813 0.824317 0.013742 0.013701
0 0.003988 0.347996 0.007847 0.011084
0 0.872575 0.055861 0.013066 0.013230
0 0.073501 0.153412 0.012913 0.012655
0 0.217784 0.498054 0.010721 0.010819
0 0.377626 0.935752 0.011872 0.011592
0 0.282925 0.677781 0.011724 0.011406
0 0.069250 0.265861 0.012182 0.012015
0 0.255196 0.335001 0.011338 0.011195
0 0.435642 0.589009 0.010373 0.010189
0 0.421835 0.555314 0.012658 0.012717
0 0.673502 0.199483 0.012439 0.013337
0 0.011568 0.009885 0.013347 0.013414
0 0.525887 0.349946 0.013032 0.013296
0 0.496232 0.993502 0.009907 0.009955
0 0.626887 0.525907 0.011975 0.011899
0 0.108335 0.980899 0.013434 0.013709
0 0.995247 0.008176 0.009506 0.013810
0 0.400789 0.571376 0.010965 0.010947
0 0.339357 0.152158 0.012481 0.012602
0 0.260311 0.670443 0.011596 0.011787
0 0.195852 0.060916 0.011287 0.011034
0 0.642167 0.638726 0.012470 0.012241
0 0.849352 0.711473 0.022659 0.022876
0 0.932599 0.547974 0.012330 0.012441
0 0.531755 0.630645 0.023936 0.023451
0 0.704463 0.894594 0.011413 0.011340
0 0.093221 0.432497 0.014052 0.013315
0 0.551923 0.990821 0.011860 0.012001
0 0.399302 0.570584 0.011652 0.011218
0 0.376845 0.138611 0.013533 0.013371
0 0.291831 0.611892 0.011592 0.011238
0 0.775048 0.005271 0.013082 0.010542
0 0.665828 0.185259 0.014023 0.014170
0 0.856479 0.776272 0.013610 0.013661
0 0.301703 0.314175 0.012024 0.011950
0 0.778732 0.005566 0.014080 0.011050
0 0.121045 0.049972 0.011979 0.012193
