0 0.733394 0.067618 0.015901 0.015743
0 0.599282 0.929728 0.017084 0.016645
0 0.693987 0.780507 0.014652 0.014671
0 0.054126 0.252343 0.016078 0.016081
0 0.369228 0.042549 0.014027 0.014141
0 0.767238 0.543952 0.014178 0.014148
0 0.723403 0.117452 0.013638 0.013660
0 0.163777 0.557130 0.013931 0.013693
0 0.123333 0.337879 0.015235 0.015022
0 0.683636 0.513326 0.014205 0.014189
0 0.744310 0.602776 0.018567 0.018758
0 0.615961 0.439729 0.014758 0.014514
0 0.423299 0.822012 0.014789 0.015100
0 0.377297 0.426373 0.014918 0.014731
0 0.174044 0.898844 0.016841 0.016832
0 0.442908 0.088160 0.014674 0.014652
0 0.860247 0.547816 0.014701 0.014781
0 0.963332 0.369579 0.013776 0.013671
0 0.672906 0.918844 0.014561 0.014490
0 0.808215 0.119866 0.014559 0.014633
0 0.215770 0.163334 0.015600 0.015452
0 0.056990 0.837256 0.014529 0.014536
0 0.198541 0.527339 0.015365 0.015172
0 0.635544 0.089754 0.019336 0.018867
0 0.948119 0.758201 0.014420 0.014231
0 0.526167 0.717070 0.014150 0.014108
0 0.442912 0.974967 0.014153 0.014302
0 0.169213 0.409156 0.015467 0.015444
0 0.424211 0.720667 0.013822 0.013773
0 0.728741 0.348868 0.015191 0.014910
0 0.079966 0.843177 0.015043 0.014968
0 0.236265 0.479748 0.017497 0.017562
0 0.598226 0.818955 0.014767 0.014850
0 0.089439 0.419845 0.014596 0.014374
0 0.126395 0.540700 0.013725 0.013636
0 0.355503 0.885323 0.014715 0.014801
0 0.720770 0.640474 0.013272 0.013407
0 0.217719 0.111785 0.015294 0.015202
0 0.631227 0.126997 0.014698 0.014982
0 0.532251 0.643248 0.021034 0.020816
0 0.509785 0.185866 0.014929 0.014814
0 0.596832 0.133324 0.014753 0.015157
0 0.524684 0.534595 0.013889 0.013858
0 0.943595 0.603425 0.013585 0.013319
0 0.347581 0.300675 0.022818 0.022560
0 0.568414 0.617315 0.014795 0.014625
0 0.166269 0.350573 0.014713 0.014590
0 0.539143 0.560140 0.014399 0.014360
0 0.472723 0.462993 0.014220 0.014210
0 0.987936 0.471708 0.015091 0.015157
0 0.455766 0.314066 0.015149 0.015148
0 0.906318 0.651060 0.014111 0.014250
0 0.788047 0.140699 0.013930 0.014219
0 0.300904 0.777447 0.014582 0.014637
0 0.070319 0.898769 0.013950 0.013899
0 0.112616 0.689374 0.015836 0.015812
0 0.368704 0.699770 0.013969 0.014040
0 0.430384 0.163128 0.017196 0.017358
0 0.941915 0.939936 0.014685 0.014631
0 0.254039 0.187161 0.015190 0.015173
0 0.557789 0.846697 0.015257 0.015268
0 0.303092 0.010727 0.014358 0.014424
0 0.129075 0.191172 0.016264 0.016332
0 0.861007 0.245433 0.014198 0.014041
0 0.641356 0.620310 0.014432 0.014335
0 0.150059 0.241581 0.017483 0.017527
0 0.759770 0.934007 0.013649 0.013673
0 0.104484 0.789879 0.015204 0.015063
0 0.148385 0.885317 0.016051 0.015563
0 0.329639 0.713901 0.014022 0.013936
0 0.926386 0.099042 0.014777 0.014892
0 0.849748 0.721947 0.022378 0.022299
0 0.854483 0.398820 0.015152 0.014703
0 0.283168 0.053368 0.014241 0.014155
0 0.763077 0.096968 0.014139 0.014137
0 0.018374 0.128690 0.014251 0.014265
0 0.406769 0.986553 0.013846 0.013967
0 0.516635 0.222643 0.013938 0.014056
0 0.524831 0.019210 0.018672 0.018278
0 0.068070 0.576176 0.021765 0.021843
0 0.565477 0.482718 0.014618 0.014565
0 0.836795 0.272831 0.013728 0.013621
0 0.701442 0.823954 0.016605 0.016204
0 0.030438 0.990727 0.015439 0.015432
0 0.004142 0.930671 0.008169 0.013784
0 0.759261 0.031619 0.013644 0.014028
0 0.924344 0.609321 0.013409 0.012995
0 0.921584 0.147540 0.020160 0.020032
0 0.995281 0.819079 0.009405 0.015712
0 0.747072 0.706890 0.015896 0.016209
0 0.752682 0.246373 0.014914 0.015191
0 0.450611 0.215723 0.017565 0.017239
0 0.704447 0.803085 0.014823 0.014667
0 0.004528 0.107591 0.009056 0.014449
0 0.679217 0.974716 0.013351 0.013039
0 0.286396 0.322387 0.014982 0.014956
0 0.850599 0.263071 0.013079 0.013100
0 0.558659 0.196974 0.014361 0.013990
0 0.170319 0.009965 0.015352 0.015339
0 0.566413 0.234922 0.015555 0.015094
0 0.192281 0.050388 0.014464 0.014520
0 0.264310 0.246237 0.019365 0.018891
0 0.738475 0.020034 0.013542 0.013167
0 0.819352 0.807723 0.014736 0.014632
0 0.705205 0.974426 0.014582 0.014283
0 0.370837 0.603226 0.014702 0.014073
0 0.995908 0.847602 0.008122 0.013531
0 0.105989 0.983824 0.013988 0.014059
0 0.092487 0.477030 0.014360 0.014417
0 0.715487 0.231649 0.014044 0.014260
0 0.734085 0.220830 0.016720 0.016575
0 0.309241 0.190396 0.014623 0.014482
0 0.120098 0.983301 0.012400 0.012268
0 0.046533 0.326548 0.018772 0.017976
0 0.412387 0.213099 0.015977 0.015789
0 0.881600 0.260115 0.019720 0.019637
0 0.089753 0.932632 0.012743 0.012817
