0 0.825676 0.803812 0.013441 0.013475
0 0.425282 0.133160 0.013423 0.013270
0 0.471502 0.334036 0.012583 0.012406
0 0.648293 0.562331 0.013651 0.013379
0 0.668057 0.846390 0.012667 0.012540
0 0.185020 0.890778 0.012942 0.012847
0 0.748565 0.618714 0.013637 0.013483
0 0.910118 0.587017 0.013557 0.013579
0 0.616588 0.670689 0.013270 0.013095
0 0.892433 0.781812 0.012804 0.012807
0 0.178593 0.968422 0.013068 0.013152
0 0.553331 0.544225 0.014102 0.014098
0 0.895185 0.755684 0.012297 0.012254
0 0.972777 0.638296 0.013580 0.013488
0 0.552042 0.381191 0.013818 0.013603
0 0.283025 0.603884 0.012919 0.012959
0 0.650097 0.444389 0.012144 0.012104
0 0.041281 0.962479 0.013653 0.013678
0 0.202072 0.197306 0.012940 0.012925
0 0.822711 0.625591 0.013637 0.013595
0 0.132616 0.160023 0.013403 0.013533
0 0.375058 0.672464 0.011940 0.012034
0 0.310213 0.269899 0.011806 0.011585
0 0.616252 0.755877 0.013469 0.013330
0 0.964129 0.933491 0.012565 0.012635
0 0.231089 0.684966 0.012843 0.012665
0 0.396066 0.522670 0.014264 0.014116
0 0.105955 0.405460 0.012583 0.012352
0 0.791526 0.878068 0.012841 0.012902
0 0.154018 0.319450 0.013949 0.013866
0 0.571580 0.705695 0.012487 0.012178
0 0.658272 0.782347 0.011443 0.011252
0 0.281940 0.261334 0.012342 0.012510
0 0.149419 0.475710 0.013558 0.013540
0 0.312723 0.028853 0.011856 0.011804
0 0.890093 0.674885 0.012801 0.012293
0 0.411721 0.337418 0.012697 0.012658
0 0.029917 0.690970 0.011931 0.011686
0 0.899580 0.867330 0.012231 0.012024
0 0.883194 0.520608 0.012785 0.012691
0 0.394380 0.301890 0.012650 0.012740
0 0.456760 0.959533 0.012925 0.012879
0 0.804748 0.035097 0.012169 0.012068
0 0.254746 0.219133 0.014013 0.014212
0 0.510635 0.071808 0.012659 0.012447
0 0.191200 0.279664 0.013683 0.013436
0 0.662096 0.075338 0.012563 0.012519
0 0.304686 0.209254 0.013426 0.013186
0 0.569137 0.044053 0.012278 0.012165
0 0.288146 0.959793 0.012904 0.012881
0 0.597143 0.158083 0.013216 0.012983
0 0.588541 0.298456 0.012999 0.013066
0 0.475508 0.188896 0.013333 0.013084
0 0.709440 0.597885 0.013317 0.013321
0 0.714784 0.937942 0.012698 0.012768
0 0.189882 0.467088 0.012190 0.011948
0 0.503946 0.507158 0.011922 0.011816
0 0.330568 0.518569 0.012341 0.012177
0 0.451274 0.795093 0.012300 0.011866
0 0.331153 0.828753 0.011880 0.011758
0 0.491971 0.549663 0.012727 0.012903
0 0.357514 0.785326 0.011301 0.011446
0 0.633588 0.975986 0.012657 0.012818
0 0.177643 0.396841 0.011999 0.012284
0 0.109936 0.981306 0.013462 0.013495
0 0.752070 0.983502 0.012955 0.012930
0 0.132714 0.304287 0.013678 0.013594
0 0.272456 0.035129 0.012274 0.012063
0 0.457555 0.934978 0.013215 0.013361
0 0.287398 0.806215 0.012717 0.012883
0 0.196973 0.293505 0.012397 0.012050
0 0.228309 0.020215 0.013600 0.013398
0 0.895333 0.290857 0.013154 0.013146
0 0.217533 0.152979 0.012439 0.012268
0 0.591563 0.918106 0.011481 0.011424
0 0.595689 0.499504 0.014296 0.014091
0 0.635779 0.618885 0.011759 0.011840
0 0.224990 0.651481 0.012579 0.012354
0 0.540936 0.973306 0.011714 0.011670
0 0.463726 0.094238 0.012441 0.012563
0 0.638327 0.502875 0.012699 0.013123
0 0.117004 0.674636 0.011607 0.011606
0 0.949704 0.240040 0.011772 0.011443
0 0.779345 0.266538 0.011924 0.011892
0 0.720556 0.957836 0.011777 0.011798
0 0.922518 0.831304 0.012002 0.011805
0 0.442476 0.059277 0.013033 0.012872
0 0.673491 0.176090 0.012376 0.012508
0 0.223108 0.469111 0.012111 0.012250
0 0.337619 0.846984 0.011917 0.011973
0 0.664290 0.806880 0.011768 0.011750
0 0.284828 0.069928 0.012752 0.012862
0 0.727687 0.318555 0.012606 0.012635
0 0.608159 0.139767 0.012050 0.011918
0 0.036106 0.657080 0.011409 0.011389
0 0.801246 0.671117 0.012234 0.012148
0 0.907092 0.989834 0.012580 0.012859
0 0.521291 0.340292 0.012233 0.011905
0 0.191372 0.824265 0.012971 0.012956
0 0.477139 0.888150 0.011987 0.011960
0 0.997733 0.905863 0.004471 0.012341
0 0.865887 0.367777 0.012634 0.012653
0 0.319327 0.668902 0.012133 0.012628
0 0.686823 0.091373 0.010845 0.010744
0 0.848942 0.711589 0.023249 0.023389
0 0.822567 0.184802 0.012127 0.012063
0 0.054855 0.809505 0.011380 0.011382
0 0.400309 0.571273 0.011026 0.010781
0 0.513232 0.926913 0.010596 0.010662
0 0.686216 0.093779 0.011546 0.011900
0 0.004035 0.673201 0.008020 0.009291
0 0.531470 0.630263 0.023814 0.023640
0 0.788127 0.005438 0.011812 0.010786
0 0.583553 0.106896 0.011151 0.011234
0 0.072460 0.215922 0.013508 0.013527
0 0.075579 0.674465 0.011690 0.011714
0 0.954586 0.432147 0.012496 0.012034
0 0.685328 0.098457 0.012527 0.012655
0 0.513467 0.985534 0.011407 0.011243
0 0.398893 0.570576 0.011051 0.010755
0 0.996866 0.906568 0.006268 0.012017
