0 0.673784 0.278572 0.012486 0.012327
0 0.761750 0.561390 0.012228 0.012188
0 0.445060 0.510838 0.012775 0.012693
0 0.612310 0.553558 0.011849 0.011607
0 0.522009 0.660988 0.012962 0.012997
0 0.561473 0.209250 0.012993 0.012693
0 0.069214 0.352036 0.013047 0.013088
0 0.915336 0.167064 0.012910 0.012938
0 0.460938 0.683823 0.012781 0.012844
0 0.820484 0.251270 0.012761 0.012671
0 0.529955 0.592760 0.012675 0.012277
0 0.901968 0.541821 0.012973 0.012895
0 0.276860 0.548982 0.012453 0.012477
0 0.661998 0.190320 0.009653 0.009503
0 0.882281 0.239935 0.012609 0.012646
0 0.780863 0.214208 0.012830 0.013026
0 0.315887 0.389024 0.012981 0.012805
0 0.218270 0.111417 0.012603 0.012489
0 0.966135 0.696575 0.013013 0.013041
0 0.219172 0.514487 0.012382 0.012293
0 0.733617 0.622451 0.013965 0.013839
0 0.176967 0.138365 0.012878 0.012814
0 0.923777 0.848233 0.014603 0.014303
0 0.777017 0.596361 0.012815 0.012622
0 0.634237 0.177419 0.012780 0.012805
0 0.837812 0.680100 0.011173 0.010976
0 0.654064 0.590983 0.011835 0.011930
0 0.926293 0.043092 0.012011 0.011782
0 0.378354 0.611757 0.014680 0.014600
0 0.339804 0.420091 0.012184 0.012091
0 0.507101 0.729182 0.013761 0.013739
0 0.972397 0.437524 0.012865 0.012736
0 0.872958 0.361993 0.012778 0.012737
0 0.528982 0.540671 0.013281 0.013167
0 0.278452 0.436682 0.011895 0.011756
0 0.430453 0.745950 0.014239 0.014168
0 0.111831 0.567195 0.012323 0.012052
0 0.366393 0.963986 0.013172 0.013082
0 0.557481 0.580948 0.014151 0.014051
0 0.241309 0.473332 0.013472 0.013275
0 0.965392 0.598991 0.011733 0.011207
0 0.681770 0.740556 0.011914 0.011917
0 0.615360 0.653636 0.013309 0.013363
0 0.190017 0.530146 0.013102 0.012921
0 0.461615 0.131340 0.012161 0.011953
0 0.130268 0.214533 0.012442 0.012557
0 0.062189 0.370249 0.013603 0.013753
0 0.184558 0.712205 0.013115 0.013198
0 0.122964 0.267712 0.013525 0.013393
0 0.300722 0.243926 0.011890 0.011855
0 0.744904 0.441095 0.012288 0.012127
0 0.422229 0.200711 0.012504 0.012312
0 0.714432 0.506064 0.012469 0.012343
0 0.019622 0.427464 0.013448 0.013372
0 0.673596 0.702844 0.011830 0.011580
0 0.598610 0.820404 0.013059 0.012995
0 0.292729 0.883995 0.012896 0.012960
0 0.829530 0.405767 0.013592 0.013540
0 0.189745 0.617217 0.012329 0.012378
0 0.959727 0.645713 0.012873 0.012854
0 0.613125 0.265156 0.011997 0.011857
0 0.419294 0.796236 0.012783 0.012533
0 0.031199 0.591456 0.013478 0.013379
0 0.494213 0.403450 0.014254 0.014084
0 0.760639 0.078763 0.012488 0.012399
0 0.932867 0.722580 0.012642 0.012260
0 0.865041 0.757820 0.013604 0.013697
0 0.823421 0.786004 0.013308 0.013423
0 0.519280 0.335803 0.013041 0.013016
0 0.284259 0.317838 0.012259 0.012367
0 0.368863 0.915284 0.013686 0.013629
0 0.094237 0.028158 0.013633 0.013438
0 0.771058 0.106904 0.014384 0.014322
0 0.363107 0.269166 0.014547 0.014301
0 0.653877 0.083586 0.012500 0.012692
0 0.767286 0.531483 0.012406 0.012206
0 0.664400 0.435330 0.012338 0.012276
0 0.553132 0.293709 0.012792 0.012546
0 0.472853 0.943669 0.013859 0.013801
0 0.006845 0.293198 0.013418 0.014023
0 0.109942 0.857510 0.013118 0.013177
0 0.754780 0.844179 0.014228 0.013970
0 0.884246 0.120563 0.009317 0.009277
0 0.039141 0.659127 0.011933 0.011865
0 0.792502 0.466763 0.013481 0.013552
0 0.619052 0.977370 0.013968 0.014098
0 0.281179 0.934679 0.012161 0.012266
0 0.888282 0.587953 0.011478 0.011614
0 0.939963 0.013908 0.011424 0.011669
0 0.814241 0.551842 0.012644 0.012689
0 0.285916 0.813177 0.013123 0.013068
0 0.541747 0.407688 0.012160 0.012079
0 0.907389 0.077649 0.010711 0.010746
0 0.986407 0.512832 0.012609 0.012282
0 0.139364 0.005735 0.012410 0.011471
0 0.577678 0.112237 0.012714 0.012667
0 0.234519 0.429000 0.013252 0.013468
0 0.880896 0.978472 0.013731 0.013728
0 0.264967 0.790049 0.012439 0.012550
0 0.308772 0.992018 0.015006 0.014318
0 0.915535 0.926761 0.011882 0.011988
0 0.264439 0.673088 0.013520 0.013465
0 0.534974 0.478358 0.013059 0.013035
0 0.979337 0.047967 0.011025 0.010735
0 0.478280 0.691180 0.013866 0.013793
0 0.732345 0.880123 0.012899 0.012704
0 0.116859 0.995069 0.012911 0.009722
0 0.867459 0.569534 0.011489 0.011751
0 0.056134 0.905357 0.012140 0.012441
0 0.006727 0.841364 0.012726 0.013180
0 0.140194 0.977048 0.011243 0.011265
0 0.392565 0.734801 0.012968 0.013538
0 0.969178 0.524791 0.011877 0.011714
0 0.081254 0.801595 0.010432 0.010352
0 0.871634 0.109766 0.011721 0.011686
0 0.851504 0.543902 0.011462 0.011448
0 0.305046 0.520661 0.012246 0.011902
0 0.350296 0.290406 0.024376 0.025007
0 0.523205 0.402235 0.009683 0.009387
0 0.187658 0.009719 0.014668 0.014446
0 0.797264 0.732969 0.015098 0.015459
0 0.995686 0.184892 0.008523 0.009845
0 0.150867 0.944513 0.012653 0.012893
0 0.791014 0.510668 0.010244 0.010424
0 0.650487 0.474225 0.010746 0.010139
