0 0.158906 0.639652 0.012080 0.012093
0 0.203142 0.305357 0.012412 0.012209
0 0.753048 0.882381 0.012659 0.012769
0 0.573585 0.104820 0.014305 0.014247
0 0.748774 0.618413 0.013471 0.013245
0 0.524469 0.349890 0.013158 0.013056
0 0.606300 0.891104 0.011989 0.011963
0 0.442988 0.400677 0.013332 0.013342
0 0.057601 0.598188 0.013170 0.013084
0 0.532543 0.291142 0.013917 0.013822
0 0.588736 0.966290 0.012424 0.012401
0 0.444216 0.754149 0.014015 0.014076
0 0.179883 0.798889 0.013559 0.013606
0 0.561915 0.360143 0.012517 0.012382
0 0.107893 0.196470 0.012935 0.012839
0 0.195094 0.629824 0.012161 0.012043
0 0.143013 0.356311 0.011015 0.010850
0 0.345621 0.729644 0.011782 0.011675
0 0.281280 0.195201 0.013592 0.013666
0 0.058828 0.276284 0.011293 0.011054
0 0.382405 0.201853 0.014322 0.014333
0 0.542938 0.975320 0.013246 0.013092
0 0.569336 0.889265 0.012742 0.012923
0 0.802158 0.530210 0.012198 0.012312
0 0.548285 0.670404 0.012348 0.012259
0 0.459803 0.102169 0.013676 0.013655
0 0.126359 0.475507 0.013924 0.013872
0 0.904935 0.780156 0.012350 0.012295
0 0.232935 0.701599 0.011979 0.011995
0 0.591713 0.380280 0.012977 0.012961
0 0.400182 0.149753 0.013055 0.012819
0 0.846367 0.392899 0.013005 0.012863
0 0.782241 0.561412 0.012382 0.012270
0 0.711647 0.417357 0.012249 0.012310
0 0.311308 0.735980 0.012980 0.012952
0 0.493755 0.595802 0.013611 0.013607
0 0.223457 0.469480 0.012315 0.012370
0 0.436656 0.589889 0.009629 0.009558
0 0.334513 0.025858 0.012597 0.012451
0 0.164538 0.676687 0.012040 0.012022
0 0.856899 0.445766 0.012490 0.013022
0 0.132390 0.552470 0.013203 0.013082
0 0.461262 0.959845 0.012457 0.012352
0 0.258522 0.227761 0.013591 0.013164
0 0.901546 0.642690 0.013095 0.013199
0 0.171669 0.297693 0.014093 0.013970
0 0.232378 0.142256 0.011941 0.011850
0 0.130903 0.499743 0.013296 0.013107
0 0.661736 0.368017 0.013147 0.013127
0 0.584190 0.011565 0.013549 0.013145
0 0.338732 0.488619 0.013084 0.012895
0 0.320599 0.477992 0.013068 0.012794
0 0.292861 0.492599 0.012995 0.012717
0 0.419046 0.301533 0.012870 0.012813
0 0.899879 0.022768 0.013553 0.013464
0 0.078200 0.243804 0.011607 0.011571
0 0.516923 0.529407 0.013783 0.013975
0 0.791472 0.704030 0.013312 0.013355
0 0.400654 0.723663 0.013049 0.013044
0 0.029482 0.416686 0.013983 0.013828
0 0.223676 0.247189 0.011958 0.011796
0 0.665088 0.497401 0.012941 0.013079
0 0.964419 0.222676 0.012513 0.012650
0 0.262843 0.462490 0.013787 0.014278
0 0.314845 0.555382 0.011538 0.011487
0 0.602551 0.181426 0.013270 0.013091
0 0.184995 0.891141 0.013066 0.012848
0 0.329467 0.518256 0.012270 0.011978
0 0.102806 0.257227 0.011235 0.011495
0 0.866210 0.550568 0.014380 0.014595
0 0.774837 0.243502 0.014001 0.013777
0 0.587576 0.522418 0.012532 0.012382
0 0.733683 0.155565 0.012251 0.012251
0 0.067685 0.803310 0.013892 0.013917
0 0.444737 0.698630 0.012083 0.012074
0 0.123284 0.300622 0.012390 0.012680
0 0.127275 0.427547 0.011655 0.011732
0 0.118015 0.007653 0.012703 0.013054
0 0.425621 0.718595 0.012499 0.012423
0 0.285150 0.290800 0.012079 0.012286
0 0.284513 0.816855 0.010940 0.010835
0 0.029296 0.031675 0.014013 0.013799
0 0.165221 0.357602 0.012254 0.012112
0 0.707443 0.477969 0.013412 0.012792
0 0.640951 0.111816 0.013640 0.013767
0 0.522482 0.088272 0.012363 0.012105
0 0.268035 0.486667 0.011700 0.011694
0 0.442985 0.567844 0.010752 0.010946
0 0.878371 0.165334 0.012183 0.012056
0 0.004770 0.984811 0.009459 0.012268
0 0.474255 0.847421 0.012098 0.011934
0 0.788217 0.005640 0.012570 0.011280
0 0.650002 0.059835 0.013994 0.013786
0 0.848329 0.710860 0.022960 0.022933
0 0.141767 0.105940 0.012473 0.012199
0 0.225237 0.648354 0.011291 0.011229
0 0.894946 0.363987 0.012219 0.012185
0 0.290888 0.221507 0.013542 0.013884
0 0.260760 0.647139 0.011848 0.011952
0 0.947104 0.040603 0.012225 0.012253
0 0.203783 0.046947 0.012514 0.012445
0 0.058505 0.495036 0.011748 0.011412
0 0.108065 0.981533 0.012993 0.013183
0 0.998228 0.416822 0.003450 0.011108
0 0.673656 0.062727 0.013206 0.013127
0 0.978695 0.115777 0.011626 0.011593
0 0.183449 0.665960 0.011545 0.011146
0 0.664338 0.717661 0.012041 0.012184
0 0.743027 0.091722 0.012233 0.012107
0 0.422474 0.555631 0.012865 0.012681
0 0.821011 0.414861 0.013493 0.013042
0 0.705960 0.479151 0.011977 0.012167
0 0.962871 0.335072 0.013203 0.013226
