0 0.713741 0.579096 0.013320 0.013368
0 0.191648 0.626489 0.012321 0.012211
0 0.385174 0.650022 0.012729 0.012676
0 0.483648 0.429441 0.013052 0.013094
0 0.546987 0.438651 0.012852 0.012817
0 0.190103 0.571526 0.012081 0.011796
0 0.279113 0.436180 0.012055 0.011998
0 0.260707 0.262883 0.012607 0.012823
0 0.276829 0.592248 0.013715 0.013871
0 0.125064 0.442683 0.014154 0.014164
0 0.126228 0.384778 0.014048 0.013941
0 0.063735 0.094513 0.013244 0.013133
0 0.317827 0.803187 0.012867 0.012731
0 0.099290 0.470244 0.012843 0.012749
0 0.298239 0.078825 0.013700 0.013348
0 0.665320 0.399788 0.012218 0.012231
0 0.621580 0.502500 0.012913 0.012918
0 0.155004 0.733863 0.012421 0.012393
0 0.476086 0.830914 0.014024 0.014099
0 0.364194 0.542373 0.013011 0.013066
0 0.166023 0.761615 0.013068 0.012869
0 0.813468 0.227427 0.012570 0.012668
0 0.901745 0.534684 0.013803 0.013544
0 0.612626 0.745122 0.012180 0.011968
0 0.711823 0.458756 0.012653 0.012783
0 0.925131 0.382957 0.013105 0.013094
0 0.577746 0.099648 0.013705 0.013627
0 0.875013 0.306372 0.011861 0.011869
0 0.056716 0.385745 0.014483 0.014547
0 0.774499 0.064119 0.011810 0.011869
0 0.751480 0.244295 0.013053 0.012928
0 0.383405 0.943952 0.013294 0.013286
0 0.400409 0.477504 0.014428 0.014551
0 0.289580 0.835768 0.013811 0.013665
0 0.868545 0.025224 0.012259 0.012365
0 0.970978 0.332353 0.012910 0.012870
0 0.015705 0.059677 0.014013 0.013774
0 0.678017 0.082878 0.012371 0.012009
0 0.436605 0.266280 0.011980 0.012026
0 0.340263 0.700370 0.013009 0.013212
0 0.667234 0.272188 0.013149 0.013114
0 0.944815 0.853805 0.013799 0.013692
0 0.305938 0.859142 0.013871 0.013919
0 0.097718 0.931600 0.012345 0.012625
0 0.709270 0.199018 0.012637 0.012792
0 0.441079 0.334622 0.013287 0.013051
0 0.614383 0.637287 0.012968 0.012906
0 0.125630 0.663470 0.012812 0.012837
0 0.566792 0.688520 0.012810 0.012828
0 0.821375 0.821699 0.013566 0.013397
0 0.116720 0.521819 0.012563 0.012525
0 0.311438 0.365572 0.013139 0.013217
0 0.618952 0.907730 0.013372 0.013063
0 0.643252 0.453486 0.012108 0.012116
0 0.353637 0.924936 0.012590 0.012692
0 0.676603 0.233179 0.014320 0.014436
0 0.971105 0.708658 0.011791 0.011589
0 0.810198 0.749700 0.014647 0.014710
0 0.007297 0.876769 0.013250 0.013292
0 0.735143 0.619305 0.014144 0.014099
0 0.544258 0.181006 0.013211 0.012923
0 0.365773 0.093162 0.012128 0.012076
0 0.330450 0.316152 0.014107 0.014116
0 0.023899 0.301530 0.013484 0.013392
0 0.813460 0.904053 0.011773 0.011500
0 0.358959 0.786504 0.011892 0.012132
0 0.560929 0.545075 0.011616 0.011515
0 0.527713 0.343923 0.013900 0.013918
0 0.084267 0.822804 0.012613 0.012397
0 0.228830 0.761969 0.012350 0.012393
0 0.748672 0.281805 0.012115 0.012145
0 0.094032 0.740366 0.012581 0.012674
0 0.468605 0.968968 0.014653 0.014364
0 0.158331 0.229921 0.012088 0.011972
0 0.807473 0.692612 0.013581 0.013634
0 0.391196 0.367640 0.011707 0.011711
0 0.024762 0.789182 0.012101 0.012039
0 0.696517 0.670350 0.012859 0.012841
0 0.501078 0.922566 0.013039 0.013001
0 0.434833 0.020413 0.013576 0.013654
0 0.047696 0.884897 0.013113 0.012927
0 0.089489 0.909369 0.012466 0.012554
0 0.968317 0.593139 0.012069 0.011778
0 0.454253 0.259649 0.012548 0.012410
0 0.771501 0.642620 0.013077 0.012799
0 0.578549 0.445526 0.012782 0.012681
0 0.803601 0.429645 0.011712 0.011547
0 0.983913 0.510360 0.015706 0.014811
0 0.865168 0.117924 0.012030 0.011989
0 0.529549 0.542633 0.013883 0.013855
0 0.558424 0.206367 0.010392 0.010275
0 0.880997 0.077635 0.011868 0.011869
0 0.185015 0.883989 0.012263 0.012003
0 0.777610 0.423086 0.011962 0.012224
0 0.118463 0.858844 0.009395 0.009251
0 0.641981 0.004766 0.011593 0.009526
0 0.392738 0.245171 0.011616 0.011769
0 0.632073 0.385152 0.013118 0.012824
0 0.021647 0.975846 0.012896 0.013021
0 0.418552 0.324381 0.014023 0.013519
0 0.571363 0.995498 0.014281 0.009005
0 0.949198 0.027261 0.011184 0.010867
0 0.344205 0.995423 0.014036 0.009129
0 0.346954 0.295324 0.024515 0.024336
0 0.801157 0.466525 0.011951 0.011790
0 0.890678 0.581686 0.012724 0.012657
0 0.005093 0.915071 0.009777 0.010470
0 0.532855 0.635850 0.023364 0.023464
0 0.676937 0.003971 0.013035 0.007943
0 0.718921 0.672894 0.011075 0.010593
0 0.511061 0.514263 0.013773 0.013896
0 0.801451 0.538780 0.012655 0.012540
0 0.668021 0.893533 0.013023 0.012900
0 0.862222 0.830700 0.013038 0.013275
0 0.879728 0.122033 0.009745 0.010061
0 0.709582 0.354400 0.012466 0.012866
0 0.786345 0.488126 0.014274 0.014328
0 0.741117 0.966438 0.013301 0.013422
0 0.946000 0.445591 0.011580 0.011499
0 0.448996 0.822678 0.010743 0.010839
0 0.196940 0.031017 0.012938 0.012752
0 0.003376 0.979262 0.006752 0.015321
0 0.849652 0.538576 0.013149 0.013062
0 0.479835 0.404071 0.011207 0.010916
0 0.904910 0.982419 0.011122 0.011209
0 0.005638 0.485594 0.011243 0.018187
0 0.776481 0.464617 0.013690 0.014045
0 0.761251 0.521923 0.012490 0.012708
0 0.559966 0.939392 0.013123 0.013252
0 0.068329 0.571365 0.023105 0.023459
0 0.778199 0.404030 0.009696 0.009568
0 0.951465 0.603849 0.011124 0.010721
0 0.704610 0.819536 0.021738 0.021716
0 0.945635 0.937716 0.011517 0.011741
0 0.703466 0.950122 0.012518 0.012269
0 0.993413 0.237142 0.012643 0.013709
0 0.001818 0.650838 0.003624 0.011200
0 0.761535 0.532772 0.010412 0.009919
0 0.678776 0.003600 0.013534 0.007200
