0 0.862841 0.438242 0.011545 0.011436
0 0.568979 0.230712 0.012888 0.012656
0 0.121617 0.740485 0.012764 0.012630
0 0.096119 0.557768 0.012812 0.012454
0 0.222332 0.788239 0.012091 0.012334
0 0.778333 0.033033 0.013830 0.013497
0 0.866242 0.630072 0.013614 0.013525
0 0.059954 0.456437 0.012919 0.012877
0 0.955985 0.510212 0.015525 0.014913
0 0.642379 0.578140 0.013288 0.013161
0 0.901547 0.461069 0.012671 0.012656
0 0.851972 0.358397 0.012912 0.012951
0 0.812499 0.457531 0.012899 0.012675
0 0.658140 0.492975 0.012974 0.012849
0 0.518798 0.092256 0.013206 0.012832
0 0.049067 0.700920 0.011373 0.011181
0 0.196510 0.750922 0.012606 0.012393
0 0.314597 0.324957 0.013231 0.013142
0 0.761266 0.019093 0.013209 0.013160
0 0.660961 0.430243 0.012759 0.012856
0 0.636307 0.657279 0.012846 0.012914
0 0.186889 0.326278 0.012720 0.012613
0 0.151427 0.522647 0.012701 0.012554
0 0.464418 0.070814 0.012743 0.012882
0 0.208851 0.893941 0.012577 0.012469
0 0.767871 0.667541 0.013134 0.013102
0 0.804274 0.484111 0.011751 0.011756
0 0.735053 0.621293 0.014551 0.014509
0 0.337714 0.206106 0.012897 0.013033
0 0.007919 0.180948 0.012047 0.011809
0 0.034305 0.792662 0.013064 0.012664
0 0.821987 0.651082 0.013904 0.014128
0 0.750729 0.068069 0.012836 0.012752
0 0.106969 0.677076 0.014117 0.014414
0 0.995786 0.450650 0.008393 0.012222
0 0.922629 0.561164 0.012850 0.013026
0 0.937106 0.375198 0.013664 0.013611
0 0.004052 0.344234 0.008024 0.013085
0 0.779912 0.523018 0.011627 0.011749
0 0.689404 0.561499 0.013411 0.013363
0 0.012128 0.419510 0.013271 0.013715
0 0.803168 0.986075 0.011725 0.011916
0 0.155157 0.957001 0.012310 0.012211
0 0.072528 0.836585 0.012167 0.012037
0 0.711562 0.319451 0.011662 0.011882
0 0.153654 0.413980 0.013443 0.013609
0 0.092031 0.135724 0.012850 0.012695
0 0.483982 0.630476 0.012849 0.012922
0 0.464184 0.269146 0.014581 0.014639
0 0.070669 0.978068 0.011322 0.011551
0 0.132438 0.619630 0.014612 0.014597
0 0.626608 0.340738 0.012238 0.012121
0 0.938816 0.785592 0.014389 0.014300
0 0.817659 0.973319 0.012319 0.012381
0 0.657457 0.627384 0.012879 0.013260
0 0.019527 0.809327 0.013860 0.013940
0 0.822428 0.517132 0.014893 0.014634
0 0.759705 0.352690 0.013238 0.013339
0 0.942082 0.070722 0.012881 0.012922
0 0.267144 0.914779 0.012574 0.012310
0 0.814943 0.727779 0.013560 0.013841
0 0.163088 0.158511 0.011993 0.011757
0 0.531841 0.899874 0.012318 0.012443
0 0.139152 0.054693 0.012436 0.012661
0 0.740685 0.299039 0.011114 0.010684
0 0.279148 0.436572 0.012138 0.011851
0 0.458408 0.444783 0.011981 0.012160
0 0.944794 0.047625 0.014358 0.014338
0 0.576207 0.574599 0.012178 0.011850
0 0.554003 0.293412 0.012824 0.012802
0 0.924158 0.822461 0.012458 0.012539
0 0.726021 0.519822 0.014671 0.014960
0 0.616551 0.512474 0.015526 0.015204
0 0.165777 0.796065 0.010748 0.010962
0 0.440971 0.805231 0.012597 0.012662
0 0.482191 0.890923 0.013047 0.013009
0 0.827717 0.597051 0.013921 0.013667
0 0.950124 0.875105 0.012869 0.012929
0 0.291249 0.669856 0.012170 0.012456
0 0.799695 0.554280 0.012326 0.012294
0 0.199459 0.053507 0.012022 0.011911
0 0.485598 0.960076 0.012442 0.012167
0 0.427520 0.682827 0.011757 0.011907
0 0.825102 0.912530 0.011398 0.011592
0 0.809434 0.748267 0.011860 0.011759
0 0.403018 0.936598 0.011265 0.011277
0 0.501594 0.547628 0.012036 0.011968
0 0.530139 0.449497 0.012383 0.012397
0 0.822676 0.752104 0.013517 0.013973
0 0.410821 0.462590 0.012306 0.012148
0 0.735749 0.864571 0.011978 0.012036
0 0.820351 0.626479 0.013223 0.013493
0 0.613981 0.489266 0.014378 0.014204
0 0.511507 0.972401 0.010977 0.010882
0 0.625530 0.342004 0.011983 0.011841
