0 0.748776 0.616421 0.012541 0.012422
0 0.379678 0.428020 0.012605 0.012803
0 0.654203 0.510739 0.011897 0.011757
0 0.114151 0.070248 0.012450 0.012057
0 0.082374 0.526429 0.011164 0.010853
0 0.607267 0.648044 0.013735 0.013497
0 0.201399 0.050154 0.012394 0.012542
0 0.605126 0.501649 0.012426 0.012265
0 0.596039 0.834345 0.012781 0.012491
0 0.216436 0.366096 0.013259 0.013725
0 0.032397 0.553028 0.011885 0.011893
0 0.753166 0.863379 0.012714 0.012887
0 0.349639 0.240938 0.011151 0.011100
0 0.076362 0.228279 0.012239 0.012392
0 0.304291 0.166910 0.012932 0.012834
0 0.459002 0.957847 0.012208 0.012328
0 0.800612 0.344090 0.011242 0.011379
0 0.297255 0.662975 0.012828 0.013195
0 0.419071 0.261906 0.013558 0.013456
0 0.186849 0.889556 0.012788 0.012888
0 0.471788 0.075125 0.011868 0.011837
0 0.770932 0.718622 0.012281 0.012490
0 0.439436 0.767418 0.011582 0.011652
0 0.098290 0.593892 0.012824 0.012533
0 0.332007 0.628246 0.011672 0.011680
0 0.088116 0.979075 0.013098 0.013232
0 0.832724 0.270015 0.012024 0.011876
0 0.249838 0.405960 0.011689 0.011608
0 0.130219 0.855938 0.011995 0.011796
0 0.628090 0.138773 0.012298 0.011903
0 0.101901 0.937601 0.013742 0.013540
0 0.539462 0.741701 0.011400 0.011233
0 0.854871 0.537906 0.012177 0.012072
0 0.324017 0.695433 0.010468 0.010535
0 0.847072 0.718152 0.019654 0.019192
0 0.251415 0.258097 0.012194 0.012510
0 0.395534 0.602741 0.010973 0.010840
0 0.747010 0.111129 0.011985 0.011938
0 0.033425 0.742570 0.012841 0.012698
0 0.222996 0.466997 0.012062 0.011976
0 0.226758 0.648365 0.012368 0.012255
0 0.524082 0.347031 0.012458 0.012313
0 0.048880 0.875504 0.011329 0.011073
0 0.787712 0.702169 0.011854 0.012136
0 0.900542 0.585331 0.012494 0.012434
0 0.587394 0.199812 0.009339 0.009327
0 0.837963 0.793189 0.010579 0.010538
0 0.330909 0.516845 0.011414 0.011287
0 0.237211 0.733522 0.011594 0.011429
0 0.492755 0.923978 0.012536 0.012434
0 0.178571 0.462882 0.010635 0.010608
0 0.542679 0.973332 0.011885 0.011755
0 0.034166 0.857502 0.012500 0.012664
0 0.027693 0.045328 0.011680 0.011599
0 0.323076 0.392506 0.011512 0.011404
0 0.385298 0.940301 0.012066 0.012080
0 0.003123 0.319716 0.006160 0.013297
0 0.065048 0.454047 0.012370 0.012222
0 0.110796 0.980766 0.013273 0.013409
0 0.783980 0.729409 0.014740 0.014438
0 0.570390 0.298410 0.012512 0.012667
0 0.680897 0.009917 0.013088 0.013158
0 0.531235 0.637091 0.021047 0.021422
0 0.545000 0.309356 0.011621 0.011537
0 0.374143 0.227323 0.017353 0.017340
0 0.263169 0.538744 0.013144 0.013240
0 0.725646 0.701222 0.010461 0.010254
0 0.344763 0.297298 0.021642 0.021335
0 0.864964 0.406503 0.012992 0.012720
0 0.702139 0.821169 0.019163 0.018697
0 0.817866 0.561007 0.009300 0.011295
