0 0.051696 0.369545 0.013011 0.012925
0 0.109118 0.381298 0.012088 0.011896
0 0.529710 0.722630 0.012777 0.012779
0 0.356396 0.223264 0.012992 0.012903
0 0.393550 0.861986 0.010920 0.010605
0 0.668393 0.760421 0.012153 0.012233
0 0.470302 0.539125 0.012612 0.012510
0 0.655589 0.093278 0.012899 0.012617
0 0.610216 0.099062 0.012138 0.011956
0 0.863203 0.133773 0.013665 0.013784
0 0.746385 0.402677 0.012502 0.012219
0 0.468266 0.140233 0.013729 0.013581
0 0.917886 0.267295 0.013097 0.013100
0 0.857388 0.754281 0.012709 0.012731
0 0.454547 0.713869 0.012358 0.012312
0 0.199130 0.625962 0.012934 0.012775
0 0.583861 0.269167 0.010330 0.010047
0 0.374364 0.906805 0.011165 0.011109
0 0.191832 0.416200 0.013484 0.013477
0 0.573949 0.762764 0.013505 0.013265
0 0.456312 0.396032 0.012345 0.012269
0 0.618282 0.664277 0.014311 0.014427
0 0.278425 0.436330 0.012049 0.011911
0 0.809785 0.783505 0.013000 0.013120
0 0.455258 0.284954 0.010678 0.010861
0 0.836194 0.244467 0.014251 0.014135
0 0.475020 0.501455 0.014025 0.013869
0 0.355081 0.818226 0.011183 0.011130
0 0.496369 0.390694 0.012141 0.012262
0 0.686215 0.310903 0.012107 0.012442
0 0.499461 0.345937 0.013178 0.013144
0 0.716290 0.868785 0.011928 0.012012
0 0.529191 0.533084 0.012045 0.011837
0 0.559736 0.216337 0.013040 0.012952
0 0.792047 0.709796 0.013381 0.013237
0 0.409345 0.105955 0.012533 0.012443
0 0.099975 0.343665 0.013538 0.013877
0 0.902690 0.541119 0.013068 0.012895
0 0.696268 0.274182 0.013120 0.013000
0 0.907624 0.158938 0.013411 0.013478
0 0.989786 0.415539 0.012652 0.012621
0 0.427993 0.597255 0.013836 0.013718
0 0.445515 0.454913 0.012676 0.012565
0 0.361038 0.705839 0.012853 0.012831
0 0.092772 0.704363 0.012619 0.012650
0 0.341499 0.655793 0.012707 0.012565
0 0.172128 0.200558 0.012761 0.012788
0 0.267168 0.662753 0.012917 0.012913
0 0.437956 0.217504 0.013024 0.012942
0 0.831106 0.025274 0.013475 0.013501
0 0.647634 0.566728 0.012992 0.012837
0 0.477630 0.917866 0.013907 0.014008
0 0.733011 0.622407 0.013715 0.013662
0 0.665745 0.347403 0.012387 0.012418
0 0.937416 0.848762 0.014080 0.014060
0 0.424900 0.025086 0.014288 0.014527
0 0.828121 0.665626 0.012653 0.012760
0 0.308654 0.768154 0.012954 0.012973
0 0.929374 0.505837 0.013061 0.012967
0 0.237300 0.429600 0.014336 0.014158
0 0.394632 0.701326 0.012906 0.013297
0 0.014004 0.913788 0.011717 0.011850
0 0.867232 0.107299 0.011550 0.011403
0 0.482725 0.622311 0.012249 0.012148
0 0.389542 0.221685 0.012165 0.012262
0 0.385759 0.963035 0.013545 0.013445
0 0.824087 0.386721 0.012905 0.012998
0 0.233556 0.136701 0.012171 0.012068
0 0.188590 0.607636 0.013139 0.013138
0 0.253125 0.573305 0.013159 0.013070
0 0.932286 0.044860 0.012131 0.011881
0 0.889392 0.587561 0.012111 0.012110
0 0.091231 0.652392 0.012710 0.012623
0 0.350126 0.291238 0.023798 0.023900
0 0.402266 0.346256 0.014069 0.014004
0 0.285877 0.672332 0.013770 0.013733
0 0.752781 0.707707 0.012900 0.012956
0 0.766869 0.531888 0.012472 0.012204
0 0.883974 0.117082 0.009362 0.009384
0 0.900513 0.070591 0.011633 0.011478
0 0.694461 0.673461 0.012855 0.012872
0 0.100441 0.171783 0.012311 0.012500
0 0.412850 0.778231 0.013450 0.013454
0 0.168200 0.772724 0.011485 0.011306
0 0.648635 0.578752 0.011361 0.011148
0 0.912678 0.927680 0.012136 0.012393
0 0.924250 0.670631 0.012160 0.012105
0 0.212154 0.842850 0.012945 0.013059
0 0.045840 0.337979 0.013847 0.013983
0 0.004964 0.835553 0.009891 0.011652
0 0.805540 0.514383 0.015085 0.015196
0 0.013845 0.899232 0.011235 0.010780
0 0.773350 0.895814 0.012543 0.012203
0 0.804350 0.539366 0.010796 0.010892
0 0.087900 0.927817 0.011564 0.011264
0 0.314286 0.859966 0.012258 0.012216
0 0.116740 0.936442 0.011467 0.011255
0 0.879083 0.978163 0.013996 0.014137
0 0.273600 0.943346 0.012400 0.012604
0 0.660388 0.997341 0.011358 0.005279
0 0.981424 0.513786 0.015055 0.014468
0 0.965645 0.606626 0.011130 0.010458
0 0.043685 0.897726 0.010702 0.010847
0 0.535899 0.546053 0.011597 0.011840
0 0.642648 0.988049 0.013868 0.013858
0 0.174409 0.026109 0.011987 0.011694
0 0.868661 0.569642 0.011297 0.011532
0 0.922909 0.834523 0.011972 0.012472
0 0.687362 0.440436 0.011631 0.011636
0 0.972419 0.034995 0.010556 0.010158
0 0.534995 0.631084 0.023580 0.023371
0 0.650982 0.473053 0.010435 0.009905
0 0.970758 0.468817 0.010583 0.010662
0 0.908449 0.996359 0.012717 0.007282
0 0.770495 0.097427 0.012178 0.012087
0 0.773127 0.109153 0.013133 0.013590
0 0.352846 0.352994 0.013466 0.013171
0 0.852662 0.514817 0.013966 0.013439
0 0.848850 0.544769 0.011999 0.012077
0 0.648179 0.569897 0.012537 0.012624
0 0.925130 0.013546 0.011112 0.010966
0 0.856263 0.510946 0.010249 0.010042
0 0.854711 0.513259 0.012349 0.012123
0 0.350290 0.353948 0.013666 0.013016
0 0.148915 0.004553 0.011198 0.009009
0 0.748855 0.436433 0.010891 0.010960
