0 0.333944 0.571869 0.012481 0.012496
0 0.795910 0.591786 0.013136 0.012825
0 0.680026 0.686281 0.012556 0.012203
0 0.206809 0.494278 0.013756 0.013811
0 0.780809 0.786038 0.013209 0.013130
0 0.748561 0.618711 0.013405 0.013266
0 0.466377 0.595565 0.013273 0.013129
0 0.432141 0.453487 0.013949 0.013670
0 0.201235 0.204248 0.012322 0.012257
0 0.156165 0.423341 0.011659 0.011502
0 0.433692 0.354125 0.013717 0.013642
0 0.422756 0.482496 0.012544 0.012479
0 0.103522 0.198413 0.013098 0.012907
0 0.983263 0.594901 0.011783 0.011727
0 0.850863 0.527605 0.012990 0.013115
0 0.858484 0.808768 0.012993 0.012848
0 0.222654 0.470186 0.012902 0.012916
0 0.328865 0.132769 0.013834 0.013679
0 0.274721 0.451649 0.013164 0.013042
0 0.569094 0.495307 0.013177 0.012929
0 0.524469 0.349721 0.013247 0.013202
0 0.922073 0.768545 0.011326 0.011181
0 0.623903 0.327869 0.013655 0.013532
0 0.246272 0.163277 0.011822 0.011939
0 0.077927 0.339374 0.014628 0.014341
0 0.975247 0.419696 0.012694 0.012514
0 0.862015 0.677048 0.011422 0.011708
0 0.625576 0.635717 0.012624 0.012613
0 0.181081 0.364075 0.014411 0.014422
0 0.918081 0.428238 0.012169 0.012551
0 0.204340 0.651179 0.012540 0.012402
0 0.789195 0.128815 0.011700 0.011598
0 0.825033 0.423636 0.012904 0.012768
0 0.013195 0.789561 0.013338 0.013278
0 0.544525 0.180842 0.013580 0.013505
0 0.331414 0.518664 0.012228 0.012274
0 0.564163 0.315182 0.012955 0.012881
0 0.184953 0.891625 0.012893 0.012843
0 0.775184 0.298717 0.012152 0.012195
0 0.751140 0.107029 0.013447 0.013472
0 0.431606 0.572237 0.013111 0.013188
0 0.257956 0.290844 0.014333 0.014534
0 0.287061 0.565953 0.013224 0.013140
0 0.892647 0.259476 0.012454 0.012406
0 0.138363 0.309434 0.012550 0.012602
0 0.461343 0.958635 0.012999 0.013222
0 0.460927 0.661842 0.011622 0.011458
0 0.933587 0.295284 0.012113 0.012099
0 0.741360 0.298609 0.013741 0.013816
0 0.283439 0.302095 0.014187 0.013804
0 0.493304 0.527738 0.013333 0.013249
0 0.879012 0.066896 0.012410 0.012362
0 0.052761 0.960538 0.012839 0.012963
0 0.718115 0.729565 0.012437 0.012280
0 0.412073 0.156514 0.013061 0.013119
0 0.815207 0.291201 0.012627 0.012550
0 0.449637 0.198531 0.011984 0.012224
0 0.884645 0.328618 0.012943 0.012646
0 0.102800 0.055541 0.014117 0.014178
0 0.112896 0.540202 0.012803 0.012875
0 0.456019 0.113989 0.011916 0.011852
0 0.436347 0.589833 0.009532 0.009485
0 0.442339 0.060032 0.012704 0.012616
0 0.136559 0.262086 0.013929 0.014020
0 0.800451 0.164306 0.011285 0.011326
0 0.667918 0.221826 0.012691 0.012660
0 0.507688 0.054485 0.010995 0.010839
0 0.478557 0.333047 0.013274 0.013281
0 0.787752 0.005607 0.012306 0.011215
0 0.345877 0.317442 0.011957 0.012257
0 0.983704 0.070780 0.011961 0.012073
0 0.777612 0.918958 0.010632 0.010524
0 0.971930 0.863085 0.013177 0.013231
0 0.920631 0.572008 0.013278 0.012936
0 0.732791 0.026530 0.011829 0.011595
0 0.108785 0.981468 0.012985 0.013253
0 0.585088 0.009744 0.014087 0.013939
0 0.144060 0.488831 0.011836 0.011491
0 0.543491 0.975102 0.011972 0.012054
0 0.611196 0.844362 0.012910 0.012759
0 0.652082 0.948614 0.010752 0.010785
0 0.903674 0.183288 0.011875 0.011791
0 0.536160 0.775136 0.011317 0.011442
0 0.698174 0.881890 0.010830 0.010961
0 0.012003 0.032734 0.012465 0.012723
0 0.861393 0.643137 0.012919 0.013081
0 0.463726 0.062482 0.013175 0.013123
0 0.019532 0.550426 0.012133 0.011912
0 0.179860 0.826575 0.012951 0.012619
0 0.485330 0.053185 0.013852 0.013951
0 0.436594 0.121166 0.011874 0.011748
0 0.453849 0.687036 0.013314 0.013039
0 0.286324 0.142596 0.014110 0.013900
0 0.840980 0.436900 0.010926 0.010812
0 0.534984 0.635248 0.016858 0.018147
0 0.537271 0.814903 0.009762 0.009818
0 0.829774 0.964915 0.013251 0.013471
0 0.314353 0.085723 0.011266 0.011473
0 0.714278 0.941211 0.013579 0.013428
0 0.400224 0.570686 0.011120 0.010915
0 0.405316 0.996373 0.014265 0.007193
0 0.951979 0.819128 0.013494 0.012700
0 0.377926 0.249091 0.013816 0.013213
0 0.495941 0.543417 0.014727 0.015469
0 0.156004 0.810456 0.014490 0.014399
0 0.376955 0.837806 0.012477 0.012533
0 0.848796 0.710663 0.023125 0.023309
0 0.722847 0.131808 0.013742 0.013771
0 0.994889 0.564436 0.010223 0.012762
0 0.496520 0.994564 0.010903 0.010331
0 0.756780 0.420499 0.011281 0.011140
0 0.822478 0.185159 0.012197 0.011925
