0 0.598475 0.923967 0.017067 0.016695
0 0.741543 0.040133 0.015878 0.015778
0 0.961594 0.573466 0.014390 0.014433
0 0.382328 0.831727 0.013967 0.014013
0 0.485645 0.399912 0.015013 0.014961
0 0.130637 0.185335 0.015526 0.015394
0 0.423054 0.125753 0.014856 0.014661
0 0.451280 0.601580 0.013916 0.013991
0 0.806655 0.547551 0.014481 0.014469
0 0.716155 0.261664 0.015283 0.015227
0 0.437218 0.201260 0.018848 0.018838
0 0.972696 0.465307 0.015567 0.015537
0 0.576067 0.238682 0.013194 0.013222
0 0.941678 0.785394 0.014174 0.014049
0 0.262641 0.476637 0.014333 0.014334
0 0.865860 0.399083 0.015186 0.014892
0 0.720480 0.660111 0.013829 0.013943
0 0.963927 0.341848 0.014226 0.014072
0 0.681237 0.852478 0.013409 0.013417
0 0.412024 0.065056 0.014337 0.014631
0 0.499678 0.699302 0.014259 0.014224
0 0.225498 0.567100 0.015714 0.015779
0 0.543527 0.833450 0.014521 0.014422
0 0.672275 0.763928 0.014959 0.015043
0 0.668915 0.503553 0.014211 0.014106
0 0.416209 0.475738 0.015576 0.015599
0 0.649721 0.917588 0.013079 0.012927
0 0.341058 0.540787 0.014914 0.014641
0 0.135038 0.335689 0.014276 0.013962
0 0.616247 0.441059 0.014874 0.014813
0 0.530938 0.587579 0.014534 0.014429
0 0.091472 0.705971 0.014603 0.014502
0 0.683242 0.902094 0.013338 0.013401
0 0.272721 0.095596 0.014908 0.014789
0 0.069974 0.768523 0.013609 0.013512
0 0.496506 0.454783 0.014050 0.013976
0 0.879108 0.684703 0.015047 0.014978
0 0.349447 0.580576 0.014548 0.014650
0 0.519025 0.188530 0.015106 0.015139
0 0.383142 0.734119 0.016004 0.016046
0 0.952688 0.116515 0.014371 0.014533
0 0.813673 0.132419 0.014517 0.014686
0 0.729876 0.696773 0.014969 0.014829
0 0.478616 0.852606 0.014167 0.014241
0 0.218407 0.067053 0.014534 0.014588
0 0.947224 0.615919 0.014874 0.014927
0 0.140891 0.440007 0.016190 0.016022
0 0.174882 0.900315 0.014848 0.014845
0 0.462308 0.258262 0.014401 0.014337
0 0.075447 0.511397 0.014269 0.014468
0 0.904917 0.885821 0.014975 0.015044
0 0.069462 0.898430 0.013735 0.013607
0 0.661962 0.031343 0.015317 0.015272
0 0.028792 0.275055 0.014079 0.013901
0 0.780197 0.259462 0.015193 0.015331
0 0.082585 0.424877 0.015133 0.015226
0 0.736263 0.402947 0.015271 0.015355
0 0.690766 0.276515 0.014478 0.014624
0 0.462674 0.979365 0.013628 0.013611
0 0.849473 0.721715 0.022352 0.022266
0 0.854813 0.287445 0.014397 0.014413
0 0.564806 0.194853 0.015028 0.014719
0 0.217336 0.203055 0.015370 0.015342
0 0.859137 0.557250 0.015697 0.015736
0 0.685322 0.052704 0.014701 0.014879
0 0.147895 0.885756 0.015426 0.014970
0 0.586477 0.582907 0.014961 0.014995
0 0.860558 0.153894 0.014610 0.014569
0 0.347946 0.300635 0.022538 0.022325
0 0.802348 0.374489 0.014852 0.014727
0 0.736070 0.007235 0.013585 0.013615
0 0.176202 0.065972 0.014045 0.014131
0 0.763726 0.374434 0.015233 0.015356
0 0.271204 0.348380 0.014034 0.014046
0 0.382800 0.679617 0.014083 0.014182
0 0.038350 0.950462 0.014805 0.014638
0 0.127229 0.376320 0.015085 0.015052
0 0.566189 0.472449 0.014796 0.014485
0 0.533161 0.640155 0.022957 0.023063
0 0.053608 0.248921 0.014810 0.014908
0 0.014695 0.140684 0.013422 0.013533
0 0.852100 0.770245 0.014603 0.014587
0 0.813919 0.023994 0.014037 0.013730
0 0.291658 0.226681 0.015043 0.015285
0 0.376308 0.227338 0.018283 0.018252
0 0.071026 0.353150 0.014398 0.014163
0 0.068277 0.577274 0.021079 0.021104
0 0.829363 0.792405 0.014552 0.014465
0 0.111326 0.329906 0.015125 0.015176
0 0.517014 0.207862 0.014976 0.014697
0 0.142593 0.240664 0.014428 0.014375
0 0.722371 0.832194 0.013841 0.013886
0 0.671233 0.192601 0.019963 0.019649
0 0.860057 0.803596 0.014881 0.014699
0 0.218435 0.050992 0.013663 0.013338
0 0.546667 0.720825 0.014204 0.014092
0 0.282622 0.718696 0.014168 0.014401
0 0.696475 0.919877 0.013593 0.013675
0 0.117536 0.807345 0.013181 0.013438
0 0.752350 0.995166 0.014926 0.009617
0 0.337969 0.153043 0.014924 0.014775
0 0.995267 0.338308 0.009467 0.016241
0 0.519481 0.614358 0.014499 0.014330
0 0.109140 0.794277 0.014416 0.014049
0 0.511060 0.011622 0.014882 0.014947
0 0.892499 0.272130 0.014260 0.014394
0 0.004448 0.556372 0.008896 0.018422
0 0.824879 0.268809 0.013969 0.013794
0 0.996042 0.847010 0.007870 0.013065
0 0.922557 0.147376 0.020500 0.020734
0 0.635815 0.089519 0.020582 0.020650
0 0.935422 0.998106 0.013969 0.003758
0 0.265394 0.246213 0.019212 0.018511
0 0.722441 0.979105 0.014452 0.014057
0 0.318833 0.002128 0.013779 0.004229
0 0.088706 0.933547 0.012887 0.012992
0 0.828817 0.286226 0.013172 0.013079
0 0.524627 0.018991 0.014666 0.014451
0 0.296906 0.727080 0.014894 0.014753
0 0.106007 0.984274 0.014418 0.014552
0 0.119779 0.982942 0.012308 0.012196
0 0.705817 0.825012 0.019037 0.018261
0 0.350499 0.997435 0.016098 0.005113
0 0.005181 0.553956 0.010281 0.017548
0 0.116588 0.451166 0.014066 0.014641
0 0.935425 0.996837 0.013496 0.006325
0 0.877558 0.591797 0.023735 0.023313
