0 0.504993 0.871951 0.013573 0.013433
0 0.544813 0.185016 0.013180 0.012991
0 0.437081 0.344151 0.013301 0.013203
0 0.293109 0.241414 0.013519 0.013586
0 0.079515 0.137717 0.013398 0.013339
0 0.124390 0.397488 0.012964 0.012919
0 0.279079 0.435922 0.011622 0.011568
0 0.737609 0.570158 0.011763 0.011770
0 0.705091 0.229056 0.012138 0.012042
0 0.128433 0.441468 0.014694 0.014628
0 0.239168 0.656992 0.012768 0.012764
0 0.942991 0.654188 0.011598 0.011392
0 0.576410 0.854970 0.013733 0.013770
0 0.031734 0.287760 0.013120 0.013158
0 0.598367 0.709609 0.013096 0.013079
0 0.445352 0.286384 0.013425 0.013553
0 0.471494 0.845410 0.013924 0.013748
0 0.064366 0.356301 0.013816 0.013745
0 0.806301 0.646190 0.012437 0.012426
0 0.572097 0.423457 0.013009 0.012985
0 0.764647 0.533175 0.013448 0.013299
0 0.205484 0.507472 0.012672 0.012561
0 0.641059 0.558346 0.012852 0.012900
0 0.181404 0.747774 0.011481 0.011592
0 0.371226 0.528293 0.013059 0.012767
0 0.560169 0.062478 0.014388 0.014358
0 0.746237 0.978868 0.013647 0.013595
0 0.849105 0.627254 0.012824 0.013045
0 0.571831 0.279644 0.014455 0.014460
0 0.286781 0.617531 0.013794 0.013803
0 0.987821 0.066806 0.012255 0.011959
0 0.079537 0.815802 0.012883 0.012673
0 0.458601 0.927127 0.014071 0.014234
0 0.950667 0.848124 0.013380 0.013431
0 0.361504 0.793825 0.012680 0.012738
0 0.570126 0.705716 0.012848 0.012967
0 0.683890 0.854883 0.013602 0.013477
0 0.621585 0.255544 0.011786 0.011541
0 0.360294 0.588760 0.011780 0.012053
0 0.609155 0.833349 0.013390 0.013443
0 0.081697 0.299691 0.012710 0.012701
0 0.412629 0.745197 0.013398 0.013258
0 0.569309 0.504003 0.012634 0.012557
0 0.619639 0.488362 0.012394 0.012444
0 0.876551 0.722142 0.014240 0.014454
0 0.739982 0.330684 0.011946 0.012134
0 0.585259 0.797113 0.013337 0.013053
0 0.261437 0.866180 0.013503 0.013311
0 0.412596 0.174373 0.012958 0.013025
0 0.297237 0.307300 0.013948 0.013987
0 0.689672 0.909982 0.013810 0.013757
0 0.762074 0.293534 0.012388 0.012341
0 0.670005 0.409694 0.013308 0.013232
0 0.900410 0.532315 0.013534 0.013515
0 0.190706 0.625334 0.012932 0.013102
0 0.605835 0.353951 0.012319 0.012227
0 0.375789 0.946376 0.014089 0.014042
0 0.087792 0.905066 0.012098 0.012121
0 0.482290 0.181478 0.012597 0.012474
0 0.229125 0.843984 0.012632 0.012428
0 0.763786 0.626988 0.014205 0.014173
0 0.617379 0.320224 0.012262 0.012281
0 0.886462 0.054310 0.012418 0.012513
0 0.095467 0.925402 0.012155 0.012404
0 0.909395 0.855888 0.011475 0.011464
0 0.183885 0.250901 0.013269 0.013215
0 0.552369 0.356900 0.012095 0.012343
0 0.495826 0.676343 0.013501 0.013501
0 0.104096 0.484931 0.012920 0.012898
0 0.544352 0.547274 0.014719 0.014642
0 0.267876 0.767322 0.012111 0.012137
0 0.888837 0.578247 0.012943 0.012762
0 0.006877 0.877597 0.012826 0.013383
0 0.671678 0.456696 0.012288 0.012402
0 0.357356 0.913620 0.012671 0.012548
0 0.208182 0.246251 0.013645 0.013316
0 0.747561 0.134914 0.013609 0.013427
0 0.899481 0.982351 0.013286 0.013338
0 0.734785 0.619375 0.013260 0.013310
0 0.847938 0.195543 0.012560 0.012556
0 0.781576 0.418373 0.012158 0.012283
0 0.096757 0.816021 0.012366 0.012371
0 0.098651 0.733561 0.013141 0.013248
0 0.805576 0.512214 0.011188 0.011157
0 0.740807 0.700405 0.012984 0.013321
0 0.532543 0.909830 0.013425 0.013161
0 0.739916 0.885334 0.012797 0.012873
0 0.882434 0.127154 0.009141 0.009259
0 0.205876 0.019627 0.012559 0.012567
0 0.299154 0.848662 0.014282 0.014110
0 0.607968 0.645219 0.012918 0.012724
0 0.347417 0.295290 0.024046 0.023908
0 0.315745 0.380791 0.013289 0.013345
0 0.915165 0.006268 0.011047 0.011149
0 0.009202 0.604562 0.012562 0.012752
0 0.984457 0.510349 0.015707 0.015232
0 0.378232 0.743592 0.012250 0.012095
0 0.869137 0.117878 0.011166 0.010967
0 0.687287 0.417573 0.014756 0.015100
0 0.113738 0.976460 0.013545 0.013507
0 0.561768 0.387230 0.011552 0.011201
0 0.624967 0.288855 0.013920 0.013854
0 0.398265 0.435304 0.013990 0.013927
0 0.005605 0.246854 0.011210 0.014173
0 0.817895 0.146647 0.013002 0.012997
0 0.905131 0.027861 0.012980 0.013134
0 0.883861 0.398177 0.012557 0.012478
0 0.971412 0.044981 0.009160 0.009103
0 0.851526 0.337871 0.012598 0.012758
0 0.771501 0.463429 0.015696 0.015719
0 0.967798 0.591493 0.011514 0.011037
0 0.532841 0.636548 0.022883 0.022742
0 0.035533 0.005462 0.014744 0.010924
0 0.933901 0.462429 0.011626 0.011515
0 0.463705 0.389401 0.011701 0.011959
0 0.938339 0.934278 0.011451 0.011370
0 0.982956 0.870710 0.010743 0.011116
0 0.033828 0.760458 0.011792 0.011868
0 0.861433 0.994982 0.011113 0.009847
0 0.592268 0.455012 0.012814 0.012448
0 0.241270 0.955836 0.012361 0.012361
0 0.200387 0.817008 0.013155 0.012889
0 0.986218 0.531464 0.012101 0.012373
0 0.801317 0.537080 0.012438 0.012269
0 0.902738 0.083880 0.009946 0.009935
0 0.725146 0.119004 0.011746 0.011731
0 0.786396 0.484959 0.013208 0.013287
0 0.850273 0.716220 0.022323 0.022343
0 0.075630 0.568655 0.012141 0.012483
0 0.652234 0.470181 0.010368 0.010221
0 0.633470 0.083810 0.018535 0.018861
0 0.915454 0.340462 0.012236 0.012583
0 0.865854 0.563028 0.011943 0.012031
0 0.062823 0.570985 0.012317 0.012385
0 0.704478 0.819688 0.021858 0.021779
0 0.948308 0.033090 0.010477 0.010310
0 0.209241 0.444376 0.018968 0.018943
