0 0.451015 0.465716 0.012903 0.012744
0 0.036458 0.724105 0.014034 0.014092
0 0.960279 0.392073 0.013290 0.013082
0 0.498258 0.737701 0.013248 0.013361
0 0.785455 0.232923 0.012933 0.012916
0 0.571156 0.739660 0.011838 0.011796
0 0.249141 0.188940 0.012828 0.012576
0 0.311949 0.488047 0.012248 0.012195
0 0.064351 0.802796 0.013079 0.012980
0 0.298046 0.562623 0.012781 0.012842
0 0.509386 0.657536 0.012583 0.012449
0 0.820012 0.205652 0.012722 0.012721
0 0.537075 0.409822 0.011979 0.011976
0 0.562897 0.127896 0.012314 0.012278
0 0.278449 0.436575 0.012202 0.012077
0 0.032056 0.592632 0.013570 0.013431
0 0.584084 0.224989 0.012046 0.012062
0 0.370789 0.875631 0.012782 0.012362
0 0.649535 0.475477 0.011480 0.011230
0 0.484298 0.940191 0.013981 0.014003
0 0.681748 0.270559 0.012904 0.012948
0 0.361795 0.366261 0.012957 0.012982
0 0.951103 0.704900 0.012428 0.012300
0 0.189997 0.615843 0.012214 0.012034
0 0.431018 0.421642 0.014284 0.014067
0 0.754491 0.058924 0.012153 0.012155
0 0.906096 0.075522 0.011819 0.011642
0 0.705459 0.785344 0.012186 0.012382
0 0.404074 0.751892 0.013948 0.013901
0 0.179832 0.188280 0.012402 0.012342
0 0.517001 0.568894 0.012499 0.012391
0 0.930028 0.051048 0.011202 0.011258
0 0.422472 0.492591 0.012619 0.012622
0 0.443383 0.122187 0.012416 0.012431
0 0.139544 0.678611 0.013357 0.013347
0 0.207934 0.609785 0.011782 0.011541
0 0.539434 0.244700 0.012656 0.012768
0 0.594125 0.944985 0.014708 0.014515
0 0.559697 0.157500 0.013423 0.013465
0 0.470767 0.760675 0.012623 0.012554
0 0.839803 0.211680 0.012562 0.012654
0 0.525473 0.352779 0.012812 0.012742
0 0.653826 0.632535 0.014495 0.014509
0 0.486038 0.440414 0.013930 0.013660
0 0.786310 0.109512 0.014119 0.013820
0 0.820852 0.550826 0.012402 0.012195
0 0.868363 0.107243 0.011877 0.011766
0 0.716034 0.647053 0.013303 0.013272
0 0.657902 0.088346 0.012722 0.012957
0 0.122955 0.685834 0.010917 0.010740
0 0.806056 0.736323 0.013077 0.012946
0 0.025165 0.672762 0.012719 0.012638
0 0.435143 0.209153 0.014571 0.014436
0 0.912478 0.207939 0.012450 0.012573
0 0.087811 0.323463 0.012183 0.012195
0 0.513944 0.256779 0.012679 0.012733
0 0.934904 0.844529 0.013757 0.013688
0 0.530700 0.582576 0.010630 0.010555
0 0.091989 0.257007 0.012790 0.012438
0 0.904397 0.542281 0.012914 0.013054
0 0.912140 0.377816 0.012478 0.012166
0 0.460453 0.696419 0.012385 0.012636
0 0.887827 0.589258 0.011718 0.011645
0 0.135116 0.966997 0.011854 0.012014
0 0.803784 0.516479 0.011383 0.011302
0 0.273861 0.929047 0.012655 0.012426
0 0.247835 0.523864 0.013748 0.013713
0 0.883049 0.119199 0.009640 0.009567
0 0.878469 0.977368 0.013206 0.013392
0 0.271659 0.972537 0.012340 0.012247
0 0.047380 0.902573 0.011854 0.011747
0 0.762459 0.853112 0.013678 0.013802
0 0.664749 0.437110 0.012207 0.012142
0 0.275775 0.665514 0.012928 0.012788
0 0.749667 0.440895 0.011702 0.011583
0 0.954438 0.670124 0.012259 0.012127
0 0.835058 0.903443 0.013560 0.013435
0 0.389798 0.587985 0.013404 0.013629
0 0.352995 0.296038 0.021566 0.021051
0 0.654834 0.580532 0.012104 0.012022
0 0.851254 0.309081 0.013393 0.013677
0 0.599409 0.541112 0.012208 0.012643
0 0.115603 0.605899 0.011275 0.011222
0 0.733054 0.622329 0.014089 0.013988
0 0.984916 0.296917 0.013026 0.013271
0 0.633846 0.784081 0.013678 0.013659
0 0.067897 0.361745 0.012587 0.012539
0 0.716188 0.356024 0.012477 0.012445
0 0.984122 0.596068 0.012445 0.012293
0 0.934189 0.874424 0.012446 0.012446
0 0.105562 0.782887 0.010546 0.010526
0 0.981552 0.052458 0.010575 0.010233
0 0.221384 0.438065 0.013439 0.013236
0 0.910625 0.925842 0.011528 0.011592
0 0.441564 0.004350 0.014301 0.008652
0 0.982759 0.513524 0.014581 0.013761
0 0.867808 0.569644 0.011187 0.011481
0 0.941749 0.020881 0.010506 0.010684
0 0.139854 0.197821 0.011771 0.011686
0 0.486498 0.670456 0.010925 0.011397
0 0.137507 0.214947 0.011623 0.011520
0 0.382994 0.961093 0.014723 0.014364
0 0.301237 0.201922 0.012271 0.011629
0 0.671358 0.043432 0.010817 0.010727
0 0.964489 0.606245 0.011618 0.010968
0 0.211839 0.001651 0.010914 0.003301
0 0.844642 0.663933 0.011103 0.011088
0 0.129365 0.002359 0.011810 0.004719
0 0.851855 0.722637 0.012234 0.011323
0 0.219042 0.917268 0.012176 0.011888
0 0.756205 0.563392 0.009957 0.009715
0 0.352821 0.328500 0.012805 0.012930
0 0.086155 0.928045 0.011734 0.012008
0 0.748469 0.923339 0.012198 0.012219
0 0.530166 0.976245 0.012714 0.012927
0 0.006400 0.350835 0.011586 0.012936
0 0.075289 0.928828 0.011091 0.011563
0 0.767011 0.527738 0.011945 0.011670
0 0.755225 0.562362 0.009658 0.009309
0 0.838207 0.818372 0.012187 0.012030
0 0.942720 0.378279 0.010435 0.010138
0 0.535144 0.625647 0.018773 0.018602
0 0.805334 0.770847 0.012694 0.012529
