0 0.248211 0.246543 0.013519 0.013305
0 0.662135 0.883132 0.013199 0.013079
0 0.748618 0.618552 0.013035 0.012903
0 0.110034 0.121649 0.013494 0.013288
0 0.617160 0.756921 0.013100 0.013081
0 0.864005 0.810013 0.013320 0.013293
0 0.303003 0.128302 0.012367 0.012315
0 0.981688 0.245335 0.012516 0.012540
0 0.132942 0.469237 0.012771 0.012633
0 0.831152 0.611197 0.013232 0.013198
0 0.891220 0.612052 0.013393 0.013553
0 0.372781 0.473423 0.013974 0.013855
0 0.446330 0.649916 0.014017 0.014014
0 0.643242 0.795841 0.013333 0.013181
0 0.497270 0.706361 0.012525 0.012509
0 0.150998 0.683498 0.013855 0.013952
0 0.978146 0.362957 0.012717 0.012653
0 0.284812 0.698206 0.013373 0.013227
0 0.462030 0.106901 0.013411 0.013162
0 0.331256 0.519070 0.012327 0.012153
0 0.127422 0.054126 0.012336 0.012224
0 0.946550 0.306303 0.012130 0.012138
0 0.863651 0.360882 0.013130 0.013054
0 0.813785 0.815113 0.012608 0.012837
0 0.745697 0.938032 0.012268 0.011965
0 0.167357 0.426326 0.012661 0.012640
0 0.122775 0.537757 0.013987 0.013931
0 0.713949 0.830652 0.012152 0.011932
0 0.254770 0.219318 0.014214 0.014371
0 0.715129 0.634776 0.012329 0.012341
0 0.576298 0.783449 0.013226 0.013363
0 0.197707 0.617976 0.011965 0.011711
0 0.155705 0.049204 0.012961 0.012874
0 0.331182 0.669626 0.012794 0.012875
0 0.380763 0.144062 0.012855 0.012732
0 0.165859 0.190785 0.011909 0.011718
0 0.076874 0.303147 0.013608 0.013646
0 0.757083 0.819206 0.011978 0.011887
0 0.215862 0.055239 0.012009 0.011875
0 0.455241 0.577847 0.011929 0.011561
0 0.222337 0.012663 0.012878 0.013088
0 0.104785 0.615684 0.011656 0.011586
0 0.309138 0.220508 0.012932 0.012897
0 0.954157 0.816554 0.012913 0.012831
0 0.352609 0.747329 0.012024 0.011952
0 0.146664 0.384576 0.012579 0.012406
0 0.221733 0.470375 0.012763 0.012708
0 0.098511 0.741247 0.012595 0.012331
0 0.526513 0.370192 0.012811 0.012727
0 0.119343 0.386110 0.012838 0.012932
0 0.383264 0.521399 0.011942 0.011943
0 0.835520 0.130440 0.012646 0.012719
0 0.572142 0.179894 0.013857 0.013660
0 0.588871 0.072735 0.012534 0.012419
0 0.625913 0.566228 0.011896 0.011863
0 0.540233 0.972892 0.011458 0.011181
0 0.589856 0.464486 0.013476 0.013334
0 0.551965 0.298506 0.013914 0.014100
0 0.853468 0.387806 0.012394 0.012477
0 0.530350 0.654112 0.012073 0.012311
0 0.011789 0.459341 0.011025 0.011011
0 0.306045 0.454679 0.012161 0.012247
0 0.546965 0.923612 0.012634 0.012713
0 0.846144 0.490174 0.012996 0.012923
0 0.454419 0.959850 0.013114 0.012713
0 0.601087 0.120400 0.012826 0.012688
0 0.750749 0.576597 0.012118 0.012022
0 0.067481 0.378485 0.013265 0.013347
0 0.769946 0.021561 0.013286 0.013418
0 0.518471 0.537109 0.011663 0.011689
0 0.672243 0.758037 0.012842 0.012617
0 0.917328 0.799028 0.013503 0.013151
0 0.221803 0.074241 0.013370 0.013629
0 0.796019 0.995340 0.013549 0.009295
0 0.665704 0.712689 0.012521 0.012542
0 0.328924 0.955672 0.012772 0.012506
0 0.554894 0.631799 0.012950 0.012863
0 0.124076 0.757007 0.011390 0.011226
0 0.638842 0.024209 0.012090 0.012174
0 0.471265 0.863867 0.011037 0.010882
0 0.867740 0.566700 0.012028 0.011972
0 0.288814 0.807419 0.013111 0.013203
0 0.225825 0.651103 0.012879 0.012512
0 0.679066 0.018930 0.012832 0.012743
0 0.731329 0.322433 0.012982 0.012845
0 0.421811 0.556101 0.013116 0.013279
0 0.109866 0.981054 0.013067 0.013027
0 0.821866 0.185586 0.012171 0.012242
0 0.041891 0.937174 0.011789 0.011521
0 0.905071 0.741265 0.011541 0.011481
0 0.102204 0.853318 0.011233 0.011275
0 0.575093 0.086924 0.013770 0.013500
0 0.727022 0.251407 0.011710 0.011281
0 0.849210 0.711736 0.022176 0.022267
0 0.562354 0.894030 0.011402 0.011340
0 0.553205 0.520204 0.012970 0.012930
0 0.485176 0.166083 0.013967 0.013856
0 0.439547 0.413718 0.012152 0.012013
0 0.040389 0.662128 0.011346 0.010963
0 0.997767 0.828631 0.004397 0.011392
0 0.257626 0.809080 0.012692 0.012334
0 0.185792 0.891983 0.012430 0.012509
0 0.662240 0.348012 0.011036 0.011184
0 0.580999 0.410924 0.012252 0.012068
0 0.474792 0.130820 0.011742 0.011965
0 0.540216 0.343937 0.014025 0.014117
0 0.508890 0.779828 0.013781 0.013531
0 0.344833 0.294763 0.017697 0.017372
0 0.666507 0.266193 0.012791 0.012613
0 0.480804 0.802399 0.012126 0.012288
0 0.788888 0.005930 0.012649 0.011860
0 0.032310 0.689857 0.011378 0.011479
0 0.440360 0.059202 0.012587 0.012731
0 0.005885 0.494409 0.011254 0.011737
0 0.562900 0.266986 0.011015 0.010397
0 0.996858 0.828750 0.006285 0.010523
0 0.109104 0.954291 0.010594 0.010599
0 0.035321 0.960551 0.011920 0.011697
0 0.532349 0.631218 0.019280 0.018388
