0 0.570344 0.349760 0.014035 0.014168
0 0.725889 0.563048 0.013455 0.013269
0 0.667879 0.432237 0.014335 0.014156
0 0.566920 0.265543 0.013111 0.012866
0 0.641162 0.401724 0.012745 0.012736
0 0.943234 0.737766 0.012745 0.012602
0 0.253612 0.043687 0.011708 0.011332
0 0.364823 0.096492 0.013907 0.013738
0 0.332757 0.573398 0.013086 0.013015
0 0.405577 0.075208 0.013483 0.013611
0 0.532888 0.309934 0.013784 0.013834
0 0.671971 0.547800 0.013655 0.013595
0 0.870951 0.438149 0.013508 0.013492
0 0.421258 0.549260 0.014406 0.014460
0 0.553817 0.291999 0.012569 0.012691
0 0.950990 0.253569 0.013918 0.013989
0 0.841780 0.634385 0.013201 0.012989
0 0.316064 0.184209 0.014027 0.013902
0 0.748133 0.619649 0.013387 0.013349
0 0.187941 0.910896 0.012564 0.012503
0 0.522300 0.564582 0.012329 0.012438
0 0.424674 0.321594 0.013556 0.013412
0 0.780236 0.126142 0.014146 0.014177
0 0.866322 0.677975 0.013450 0.013614
0 0.524677 0.349176 0.013198 0.013023
0 0.969627 0.354438 0.011992 0.011679
0 0.174273 0.262904 0.012684 0.012596
0 0.508105 0.336358 0.013126 0.012960
0 0.757291 0.023782 0.014282 0.014461
0 0.459964 0.963679 0.013411 0.013339
0 0.474004 0.392577 0.012707 0.012813
0 0.244972 0.223864 0.012782 0.012709
0 0.899575 0.953263 0.012087 0.012266
0 0.430127 0.590192 0.009941 0.009797
0 0.590166 0.522035 0.011347 0.011272
0 0.994686 0.406513 0.010511 0.013870
0 0.612179 0.902182 0.013810 0.013715
0 0.480670 0.101060 0.012476 0.012438
0 0.230357 0.532607 0.013059 0.013125
0 0.202591 0.694907 0.013473 0.013676
0 0.330083 0.547823 0.012062 0.012054
0 0.270327 0.193378 0.011678 0.011549
0 0.700747 0.751506 0.011168 0.011220
0 0.279811 0.911799 0.013618 0.013469
0 0.856825 0.749277 0.012693 0.012675
0 0.217479 0.243878 0.012640 0.012460
0 0.507426 0.282089 0.013200 0.012965
0 0.707965 0.276982 0.012761 0.012704
0 0.601066 0.009601 0.011997 0.011882
0 0.533046 0.688776 0.014090 0.014019
0 0.867179 0.048942 0.011864 0.011600
0 0.134917 0.542757 0.012921 0.012894
0 0.443079 0.978293 0.013669 0.013603
0 0.544431 0.975343 0.013498 0.013340
0 0.467653 0.003693 0.013628 0.007385
0 0.305502 0.277013 0.013932 0.014061
0 0.222866 0.469575 0.012512 0.012595
0 0.330772 0.518345 0.012454 0.012205
0 0.949177 0.920765 0.011454 0.011821
0 0.799802 0.307256 0.011785 0.011564
0 0.112828 0.206060 0.012466 0.012599
0 0.263960 0.727465 0.012418 0.012619
0 0.939325 0.350978 0.012254 0.011993
0 0.659331 0.067814 0.013443 0.013539
0 0.420822 0.004894 0.012757 0.009746
0 0.185117 0.892216 0.013231 0.013219
0 0.141526 0.489970 0.012441 0.012306
0 0.063998 0.882537 0.011863 0.012063
0 0.162401 0.852043 0.013634 0.013566
0 0.383986 0.669241 0.012699 0.012690
0 0.694851 0.774146 0.014336 0.014471
0 0.787994 0.005816 0.013032 0.011441
0 0.035048 0.952002 0.012316 0.012044
0 0.504094 0.776924 0.013939 0.014279
0 0.996063 0.935162 0.007859 0.013159
0 0.624174 0.209563 0.013622 0.013246
0 0.353241 0.588267 0.012786 0.012823
0 0.225464 0.651707 0.012626 0.012261
0 0.807468 0.457057 0.013476 0.013513
0 0.009118 0.841266 0.011479 0.011454
0 0.108934 0.981392 0.012493 0.012714
0 0.271978 0.443200 0.011674 0.011529
0 0.602516 0.510602 0.011697 0.011595
0 0.393625 0.957032 0.012129 0.012130
0 0.530778 0.011736 0.012143 0.012007
0 0.165143 0.147829 0.013274 0.012906
0 0.934097 0.168973 0.011716 0.012029
0 0.255008 0.146268 0.011204 0.011074
0 0.438830 0.059366 0.011868 0.011449
0 0.072404 0.322320 0.014271 0.013962
0 0.401388 0.571891 0.009310 0.009315
0 0.089814 0.204986 0.012913 0.012876
0 0.552776 0.029240 0.010860 0.010987
0 0.220511 0.575506 0.011566 0.011617
0 0.064396 0.537687 0.013044 0.013355
0 0.003718 0.550646 0.007432 0.013029
0 0.033414 0.433277 0.013400 0.013332
0 0.311143 0.143246 0.013620 0.013545
0 0.052250 0.237337 0.011543 0.011578
0 0.823297 0.185152 0.012623 0.012572
0 0.823168 0.635590 0.009816 0.009448
0 0.395200 0.274813 0.011296 0.011145
0 0.400014 0.571182 0.010219 0.010273
0 0.297123 0.144843 0.012922 0.012851
0 0.324457 0.369054 0.008269 0.008043
0 0.701387 0.810690 0.018620 0.019141
0 0.648327 0.884141 0.010909 0.010957
0 0.394074 0.273435 0.011201 0.011026
0 0.239082 0.001862 0.014789 0.003724
0 0.994992 0.884855 0.009632 0.010399
