0 0.749123 0.616234 0.013145 0.012988
0 0.711108 0.874450 0.013625 0.013558
0 0.459400 0.958580 0.012364 0.012446
0 0.149042 0.931658 0.011958 0.011668
0 0.248069 0.402932 0.011286 0.011124
0 0.129976 0.063207 0.012771 0.012724
0 0.662247 0.743364 0.013724 0.013551
0 0.295891 0.128453 0.011838 0.011904
0 0.222795 0.126521 0.012985 0.013055
0 0.204011 0.771402 0.012702 0.012611
0 0.243283 0.785246 0.013901 0.013814
0 0.111148 0.914098 0.012170 0.012335
0 0.186722 0.889324 0.013035 0.012973
0 0.213345 0.723592 0.012969 0.013021
0 0.947925 0.613541 0.011590 0.011919
0 0.248036 0.726201 0.013349 0.013409
0 0.961011 0.768884 0.011999 0.011916
0 0.974312 0.864429 0.011720 0.011595
0 0.547419 0.364549 0.011707 0.011701
0 0.409102 0.980633 0.013047 0.012946
0 0.611328 0.446604 0.010226 0.010216
0 0.182264 0.960810 0.010893 0.010946
0 0.454774 0.280674 0.011300 0.011155
0 0.317718 0.753240 0.011946 0.011691
0 0.330564 0.517730 0.011623 0.011495
0 0.059119 0.765280 0.012915 0.012662
0 0.543591 0.973479 0.011771 0.011712
0 0.724408 0.944152 0.011835 0.011886
0 0.279698 0.243057 0.012754 0.012817
0 0.167124 0.523716 0.012979 0.012887
0 0.455890 0.667797 0.011041 0.011033
0 0.029188 0.547624 0.013979 0.013835
0 0.408141 0.103043 0.011274 0.011192
0 0.946940 0.677736 0.010535 0.010565
0 0.227411 0.649506 0.012535 0.012263
0 0.512264 0.217009 0.008820 0.008965
0 0.451327 0.344068 0.010687 0.010880
0 0.642688 0.160717 0.011644 0.011452
0 0.360896 0.894847 0.013045 0.012786
0 0.678570 0.315819 0.011638 0.011415
0 0.623845 0.336414 0.012707 0.012693
0 0.084806 0.995410 0.012792 0.009181
0 0.914093 0.663112 0.011990 0.011922
0 0.641980 0.194805 0.011278 0.011332
0 0.186436 0.494817 0.012409 0.012327
0 0.626671 0.889966 0.009979 0.010176
0 0.214546 0.019279 0.011220 0.011419
0 0.486634 0.523634 0.012781 0.012788
0 0.425071 0.772119 0.012340 0.012278
0 0.096075 0.433458 0.011716 0.011280
0 0.002860 0.758664 0.005686 0.013111
0 0.847724 0.718156 0.019364 0.018955
0 0.402072 0.733026 0.012014 0.012033
0 0.344381 0.297617 0.021794 0.021531
0 0.053498 0.547500 0.011157 0.011216
0 0.110039 0.980183 0.014608 0.014472
0 0.980897 0.672849 0.011939 0.012445
0 0.008725 0.563278 0.011983 0.012232
0 0.653943 0.291716 0.011846 0.011779
0 0.788727 0.056885 0.012047 0.011715
0 0.643754 0.866115 0.009670 0.009747
0 0.680226 0.043098 0.011196 0.011168
0 0.530008 0.636397 0.022321 0.022294
0 0.630891 0.081750 0.012771 0.012889
0 0.526380 0.344610 0.011612 0.011430
0 0.320533 0.206854 0.011522 0.011358
0 0.629018 0.484276 0.013107 0.013038
0 0.375383 0.227451 0.017920 0.018027
0 0.061299 0.451774 0.011100 0.011066
0 0.115507 0.849526 0.011514 0.011088
0 0.788050 0.184410 0.010363 0.010690
0 0.450134 0.213655 0.015745 0.015833
0 0.016690 0.233555 0.011468 0.011379
0 0.701547 0.821482 0.020221 0.019595
