0 0.835872 0.886082 0.014207 0.013961
0 0.496841 0.346300 0.013504 0.013325
0 0.688431 0.782703 0.013003 0.012889
0 0.826295 0.627559 0.013432 0.013541
0 0.291310 0.810202 0.013150 0.013054
0 0.452346 0.107544 0.012846 0.012702
0 0.518753 0.240322 0.012200 0.012168
0 0.199455 0.384946 0.014281 0.014331
0 0.610866 0.962566 0.011462 0.011502
0 0.329179 0.826737 0.010866 0.010520
0 0.458012 0.960308 0.012696 0.012642
0 0.138204 0.133691 0.013600 0.013609
0 0.567976 0.808953 0.013177 0.013041
0 0.389850 0.048376 0.011284 0.011127
0 0.231041 0.844244 0.013024 0.013066
0 0.242721 0.062782 0.011696 0.011705
0 0.503913 0.951654 0.011072 0.010789
0 0.044977 0.705234 0.012178 0.012089
0 0.955277 0.916862 0.012434 0.012230
0 0.917741 0.971263 0.011754 0.011732
0 0.956066 0.548288 0.013042 0.012967
0 0.765040 0.319508 0.013850 0.013712
0 0.256245 0.831696 0.012322 0.012119
0 0.445368 0.051651 0.012636 0.012500
0 0.478539 0.178211 0.012762 0.012646
0 0.748511 0.618524 0.013398 0.013190
0 0.538919 0.526821 0.013137 0.012883
0 0.185371 0.642404 0.011100 0.010899
0 0.090544 0.336559 0.012463 0.012430
0 0.660890 0.867715 0.013803 0.013908
0 0.409708 0.957595 0.012531 0.012378
0 0.874824 0.954176 0.012349 0.012186
0 0.103408 0.292695 0.013171 0.013083
0 0.363291 0.487969 0.014056 0.014150
0 0.983198 0.444828 0.013228 0.013261
0 0.067621 0.286764 0.012023 0.011865
0 0.201599 0.605517 0.011601 0.011361
0 0.513328 0.606078 0.014109 0.013954
0 0.937732 0.525083 0.013746 0.013700
0 0.526439 0.347893 0.013243 0.013371
0 0.277678 0.489531 0.012755 0.012910
0 0.253552 0.219909 0.014067 0.014304
0 0.706166 0.676744 0.014391 0.014930
0 0.541818 0.973860 0.011422 0.011176
0 0.750174 0.721751 0.013097 0.013083
0 0.093608 0.154643 0.012099 0.011927
0 0.284488 0.267340 0.011976 0.011698
0 0.951712 0.383974 0.011836 0.012016
0 0.038731 0.299368 0.011709 0.011656
0 0.303907 0.252802 0.013210 0.013157
0 0.222667 0.469852 0.012592 0.012565
0 0.423986 0.696560 0.011526 0.011361
0 0.434368 0.424766 0.012021 0.012082
0 0.505426 0.038520 0.011389 0.011543
0 0.802949 0.312196 0.011552 0.011471
0 0.173389 0.080552 0.012088 0.012217
0 0.203034 0.120147 0.012738 0.012677
0 0.328888 0.736566 0.010954 0.010946
0 0.321521 0.680732 0.012372 0.012446
0 0.564590 0.759870 0.012274 0.012280
0 0.823125 0.350267 0.012215 0.012424
0 0.464379 0.729282 0.012503 0.012203
0 0.144028 0.315021 0.012976 0.013221
0 0.401914 0.244759 0.013217 0.013509
0 0.084624 0.631953 0.011225 0.011151
0 0.629560 0.555098 0.013422 0.013527
0 0.185025 0.891116 0.012186 0.012159
0 0.361437 0.165602 0.013311 0.013008
0 0.840179 0.571744 0.013909 0.014178
0 0.331339 0.518817 0.012263 0.012029
0 0.994548 0.861888 0.010899 0.014459
0 0.026210 0.537119 0.012943 0.012886
0 0.063655 0.140134 0.011750 0.011608
0 0.397725 0.208923 0.012235 0.011929
0 0.944849 0.434581 0.011764 0.012142
0 0.225427 0.651871 0.012508 0.012036
0 0.911402 0.312375 0.011899 0.012071
0 0.781857 0.529248 0.013176 0.013138
0 0.827145 0.580921 0.012909 0.012838
0 0.887655 0.176296 0.012046 0.012239
0 0.460976 0.768275 0.011914 0.011833
0 0.828225 0.734348 0.012498 0.012593
0 0.341113 0.181146 0.013031 0.013449
0 0.635378 0.039120 0.013126 0.013089
0 0.279175 0.003878 0.012110 0.007756
0 0.478849 0.728489 0.010355 0.010037
0 0.167330 0.677206 0.012091 0.012325
0 0.109380 0.980509 0.013062 0.013250
0 0.943878 0.006185 0.014347 0.012326
0 0.004573 0.568336 0.009146 0.011835
0 0.640376 0.092133 0.012524 0.012340
0 0.217742 0.936616 0.012071 0.011839
0 0.706526 0.291598 0.011818 0.012052
0 0.677466 0.004991 0.011842 0.009925
0 0.031224 0.958318 0.012661 0.012498
0 0.256118 0.891689 0.012730 0.012705
0 0.848036 0.712379 0.021243 0.020451
0 0.123068 0.670471 0.011907 0.012068
0 0.787324 0.005534 0.012815 0.011068
0 0.768905 0.880247 0.012037 0.011771
0 0.894654 0.133482 0.011099 0.010665
0 0.456746 0.597165 0.011474 0.011305
0 0.638771 0.860783 0.012739 0.012912
