0 0.116521 0.385597 0.012351 0.012330
0 0.417783 0.104397 0.013140 0.013133
0 0.043764 0.375648 0.012200 0.012333
0 0.762190 0.031647 0.012437 0.012533
0 0.624214 0.539672 0.012362 0.012386
0 0.533807 0.515534 0.013015 0.012908
0 0.454674 0.489115 0.012304 0.012218
0 0.556189 0.190164 0.013154 0.013025
0 0.891936 0.183062 0.012377 0.012284
0 0.383533 0.264831 0.012520 0.012623
0 0.280075 0.436701 0.012452 0.012319
0 0.207478 0.047987 0.012143 0.012035
0 0.501520 0.487959 0.013622 0.013546
0 0.705927 0.708745 0.013050 0.013022
0 0.638175 0.309606 0.012100 0.012052
0 0.484982 0.626635 0.013365 0.013104
0 0.238626 0.343015 0.013689 0.013515
0 0.694077 0.271705 0.012798 0.012698
0 0.744041 0.689468 0.013668 0.013721
0 0.286095 0.685555 0.013977 0.013948
0 0.540493 0.723353 0.013638 0.013476
0 0.843987 0.633615 0.012301 0.012104
0 0.662180 0.081970 0.012430 0.012500
0 0.088245 0.928689 0.011722 0.011664
0 0.892112 0.772462 0.013348 0.013087
0 0.885452 0.117694 0.009610 0.009564
0 0.903055 0.542549 0.013196 0.013013
0 0.137030 0.179647 0.012979 0.012839
0 0.869361 0.107324 0.011882 0.011883
0 0.452658 0.687609 0.012153 0.012224
0 0.933367 0.737068 0.012514 0.012366
0 0.832538 0.030443 0.013461 0.013676
0 0.346557 0.396616 0.012898 0.012720
0 0.271556 0.242247 0.012931 0.012698
0 0.449898 0.297303 0.010317 0.010273
0 0.937353 0.648822 0.012396 0.012212
0 0.108009 0.010065 0.012784 0.012841
0 0.090987 0.179479 0.012011 0.011881
0 0.227322 0.451510 0.013398 0.013410
0 0.456788 0.892671 0.014371 0.014343
0 0.020230 0.339760 0.013903 0.013829
0 0.414019 0.833705 0.013931 0.014070
0 0.425861 0.564173 0.013513 0.013311
0 0.057065 0.900479 0.012372 0.012230
0 0.365293 0.733099 0.014291 0.013967
0 0.068215 0.719954 0.012953 0.012936
0 0.681754 0.308617 0.011791 0.011915
0 0.952625 0.256485 0.012111 0.012006
0 0.203715 0.438844 0.013381 0.013518
0 0.699880 0.443195 0.011612 0.011409
0 0.494607 0.028985 0.013949 0.014072
0 0.191696 0.850251 0.011020 0.010961
0 0.699625 0.559353 0.014000 0.014066
0 0.769152 0.103916 0.014001 0.013964
0 0.454652 0.646087 0.012719 0.012712
0 0.833372 0.207463 0.013775 0.013727
0 0.406079 0.338385 0.014018 0.013823
0 0.215459 0.179240 0.012610 0.012610
0 0.628425 0.616786 0.013052 0.013284
0 0.261196 0.713632 0.012293 0.012278
0 0.459426 0.129630 0.013667 0.013659
0 0.621122 0.701349 0.013524 0.013415
0 0.769814 0.794215 0.012388 0.012400
0 0.977606 0.458797 0.013048 0.013000
0 0.902734 0.071159 0.011543 0.011553
0 0.337013 0.723800 0.012622 0.012640
0 0.547854 0.370130 0.011493 0.011653
0 0.431576 0.822813 0.013035 0.013014
0 0.074462 0.748293 0.013969 0.013814
0 0.621070 0.817200 0.013286 0.013389
0 0.750829 0.005670 0.012296 0.011208
0 0.888711 0.588735 0.011974 0.012051
0 0.647249 0.571585 0.011090 0.011035
0 0.265908 0.914388 0.012541 0.012484
0 0.768103 0.531887 0.012938 0.012656
0 0.211806 0.584676 0.014034 0.014033
0 0.354523 0.863748 0.013033 0.012854
0 0.897368 0.256885 0.013168 0.013194
0 0.294967 0.805343 0.012136 0.012218
0 0.373777 0.239946 0.012762 0.012684
0 0.186007 0.614865 0.013040 0.013047
0 0.117832 0.926172 0.011514 0.011358
0 0.709983 0.807672 0.012566 0.012848
0 0.006255 0.745224 0.012307 0.014078
0 0.089576 0.787312 0.010076 0.009907
0 0.867825 0.084809 0.012768 0.012783
0 0.012431 0.842030 0.012090 0.012280
0 0.965856 0.609278 0.011699 0.011172
0 0.010870 0.921634 0.011083 0.011487
0 0.287167 0.893610 0.013910 0.014149
0 0.349163 0.290807 0.024349 0.024620
0 0.915330 0.450559 0.012519 0.012719
0 0.576983 0.270959 0.010853 0.010688
0 0.669952 0.911275 0.012515 0.012683
0 0.618204 0.108548 0.009891 0.009630
0 0.935362 0.046484 0.011564 0.011503
0 0.388527 0.972455 0.012836 0.012518
0 0.534786 0.630358 0.023716 0.023134
0 0.906405 0.994798 0.012476 0.010391
0 0.984366 0.512970 0.014166 0.013369
0 0.003764 0.461645 0.007506 0.012219
0 0.518534 0.550388 0.012481 0.012495
0 0.403262 0.697303 0.013277 0.013125
0 0.933225 0.855374 0.013484 0.013389
0 0.590873 0.990195 0.014181 0.014799
0 0.834470 0.390125 0.010433 0.010169
0 0.616337 0.990477 0.012868 0.013079
0 0.239952 0.839247 0.012573 0.012730
0 0.825178 0.729542 0.013201 0.013250
0 0.099001 0.357215 0.014377 0.014423
0 0.868799 0.571070 0.011010 0.011181
0 0.777230 0.399380 0.011779 0.011480
0 0.479397 0.353540 0.013500 0.013659
0 0.778866 0.422407 0.010797 0.010839
0 0.850335 0.712405 0.020090 0.019374
0 0.726225 0.632795 0.012372 0.012378
0 0.651084 0.473585 0.009797 0.009494
0 0.011129 0.906724 0.012009 0.011531
0 0.268934 0.872784 0.011143 0.010929
0 0.114353 0.720657 0.011587 0.011174
0 0.974118 0.036503 0.010644 0.010019
0 0.481272 0.352199 0.013542 0.013306
0 0.878133 0.974304 0.013465 0.013540
0 0.477598 0.354478 0.013760 0.013451
