0 0.094996 0.682706 0.013235 0.013214
0 0.116577 0.934285 0.012560 0.012485
0 0.914647 0.268184 0.013017 0.013049
0 0.783612 0.515599 0.013324 0.013161
0 0.791957 0.590103 0.012406 0.012235
0 0.749914 0.295494 0.012547 0.012503
0 0.439554 0.646277 0.013287 0.013312
0 0.057513 0.681531 0.012387 0.012324
0 0.561839 0.324273 0.013877 0.014018
0 0.129379 0.644902 0.013519 0.013362
0 0.524576 0.349347 0.012973 0.012825
0 0.960601 0.572783 0.011808 0.011787
0 0.431905 0.501935 0.012185 0.012116
0 0.666713 0.533131 0.013457 0.013224
0 0.188771 0.488180 0.013925 0.013772
0 0.938364 0.011811 0.013717 0.013727
0 0.748360 0.619253 0.013145 0.012923
0 0.433901 0.679672 0.014225 0.014149
0 0.958343 0.593022 0.013515 0.013552
0 0.156695 0.567110 0.013218 0.012974
0 0.444755 0.096816 0.012724 0.012546
0 0.391125 0.459931 0.013927 0.013912
0 0.435872 0.414203 0.012223 0.012192
0 0.967405 0.886974 0.012950 0.012940
0 0.519158 0.071038 0.013377 0.013303
0 0.382899 0.369859 0.012386 0.012376
0 0.465305 0.352226 0.012786 0.012794
0 0.460602 0.496738 0.012220 0.012195
0 0.108488 0.981057 0.013464 0.013436
0 0.606839 0.204454 0.011064 0.010887
0 0.455400 0.962245 0.011471 0.011252
0 0.817331 0.034783 0.014474 0.014358
0 0.390588 0.595165 0.012922 0.012868
0 0.870271 0.310132 0.011969 0.011999
0 0.380260 0.115521 0.013423 0.013301
0 0.475430 0.055880 0.012147 0.012103
0 0.647004 0.308627 0.011926 0.011643
0 0.680027 0.810375 0.013042 0.013086
0 0.348567 0.186418 0.013671 0.013697
0 0.010889 0.863826 0.013365 0.013207
0 0.342977 0.333079 0.013512 0.013714
0 0.800682 0.484501 0.013035 0.013136
0 0.716353 0.183557 0.013987 0.013938
0 0.788147 0.259463 0.013531 0.013568
0 0.148955 0.527690 0.014417 0.014435
0 0.331313 0.518674 0.011868 0.011900
0 0.398394 0.207781 0.012567 0.012521
0 0.831981 0.676383 0.012500 0.012276
0 0.315534 0.919808 0.013614 0.013613
0 0.822352 0.362732 0.012128 0.012300
0 0.358373 0.806906 0.012179 0.012256
0 0.508275 0.683018 0.012658 0.012898
0 0.976881 0.314208 0.012000 0.011827
0 0.248570 0.256765 0.013093 0.013324
0 0.421808 0.556006 0.012750 0.012564
0 0.729684 0.086584 0.013723 0.013572
0 0.542883 0.974719 0.012798 0.012610
0 0.013533 0.620506 0.013546 0.013481
0 0.441457 0.750629 0.013691 0.013758
0 0.277509 0.498880 0.013456 0.013457
0 0.546370 0.015765 0.014029 0.014097
0 0.656505 0.151591 0.013469 0.013311
0 0.979100 0.830811 0.011494 0.011533
0 0.121139 0.333210 0.011311 0.011382
0 0.499610 0.109332 0.011940 0.011654
0 0.223438 0.468835 0.012138 0.012241
0 0.989477 0.637806 0.012676 0.012726
0 0.509090 0.556783 0.012073 0.012271
0 0.287981 0.266253 0.011712 0.011814
0 0.034801 0.652027 0.012191 0.011836
0 0.373676 0.267358 0.014470 0.014547
0 0.006047 0.657215 0.011294 0.012556
0 0.054102 0.415612 0.012655 0.012626
0 0.240908 0.773022 0.013181 0.013066
0 0.574035 0.005347 0.013972 0.010580
0 0.846173 0.707338 0.017902 0.017457
0 0.157884 0.321772 0.012543 0.012379
0 0.852529 0.678528 0.011961 0.011970
0 0.603894 0.683231 0.013921 0.014122
0 0.119195 0.131440 0.011612 0.011532
0 0.791777 0.243810 0.010943 0.010753
0 0.284710 0.739760 0.011577 0.011510
0 0.723698 0.208656 0.012592 0.012637
0 0.771425 0.536216 0.010434 0.010523
0 0.224805 0.653454 0.013278 0.012860
0 0.899770 0.071366 0.011719 0.011995
0 0.014343 0.536713 0.012916 0.012973
0 0.254174 0.193455 0.013086 0.013229
0 0.101180 0.050412 0.011750 0.011653
0 0.242818 0.083063 0.011880 0.011841
0 0.260628 0.755466 0.014195 0.014301
0 0.105798 0.172135 0.011750 0.011891
0 0.831962 0.094514 0.012586 0.012295
0 0.441748 0.059324 0.012820 0.012759
0 0.662294 0.798289 0.011283 0.011562
0 0.787820 0.005693 0.013239 0.011209
0 0.821552 0.060774 0.011468 0.011603
0 0.495130 0.543031 0.014504 0.014324
0 0.240270 0.659182 0.011590 0.011549
0 0.658275 0.237471 0.011924 0.011927
0 0.596281 0.649721 0.013139 0.012737
0 0.399750 0.570988 0.011105 0.010720
0 0.046414 0.280329 0.012075 0.011409
0 0.195458 0.896700 0.013316 0.013025
0 0.888396 0.624334 0.009392 0.009619
0 0.357244 0.979461 0.012434 0.012380
0 0.004186 0.682732 0.008178 0.014183
0 0.145908 0.183776 0.012557 0.012527
0 0.015198 0.018037 0.011391 0.011180
0 0.878517 0.562597 0.012850 0.012984
0 0.822043 0.185860 0.011645 0.011700
0 0.625270 0.549836 0.010878 0.010574
0 0.997913 0.472260 0.004173 0.012562
0 0.323630 0.224703 0.010209 0.010149
0 0.920561 0.854194 0.013241 0.012553
0 0.048256 0.279958 0.011844 0.011481
0 0.941197 0.093315 0.012047 0.011464
0 0.773831 0.005128 0.012391 0.010256
