0 0.935240 0.621408 0.012669 0.012703
0 0.662997 0.715240 0.013107 0.013203
0 0.786266 0.140357 0.013500 0.013275
0 0.177964 0.504227 0.013941 0.013990
0 0.415554 0.702033 0.013262 0.013162
0 0.167902 0.660998 0.012762 0.012805
0 0.183914 0.339693 0.012977 0.012984
0 0.670655 0.524599 0.012996 0.013077
0 0.552082 0.515576 0.013262 0.013163
0 0.524072 0.120591 0.013126 0.013068
0 0.856603 0.978577 0.013404 0.013314
0 0.342873 0.525002 0.012162 0.012033
0 0.593525 0.162045 0.013408 0.013165
0 0.539410 0.395958 0.012367 0.012453
0 0.341040 0.932719 0.012458 0.012349
0 0.816941 0.966654 0.012609 0.012595
0 0.602821 0.340774 0.012974 0.012819
0 0.896178 0.745634 0.013090 0.012723
0 0.075878 0.338214 0.013446 0.013428
0 0.889805 0.341161 0.013610 0.013547
0 0.466331 0.782201 0.013442 0.013333
0 0.114151 0.285938 0.013189 0.013077
0 0.290326 0.201702 0.012809 0.012882
0 0.314845 0.159798 0.013113 0.013024
0 0.448012 0.599287 0.012966 0.013051
0 0.804849 0.024602 0.013230 0.013031
0 0.530468 0.434155 0.013050 0.012893
0 0.226460 0.827385 0.012196 0.012083
0 0.079008 0.786250 0.013185 0.013026
0 0.291271 0.852315 0.012825 0.012656
0 0.400717 0.335231 0.013651 0.013878
0 0.686869 0.298443 0.012197 0.012151
0 0.478488 0.114640 0.012745 0.012591
0 0.274766 0.601882 0.013548 0.013341
0 0.452145 0.158182 0.013147 0.013247
0 0.948682 0.515843 0.013312 0.013076
0 0.027876 0.686651 0.014111 0.014133
0 0.579143 0.262395 0.012376 0.012340
0 0.843587 0.542678 0.013903 0.013951
0 0.540402 0.243826 0.013182 0.013053
0 0.055092 0.840820 0.012942 0.012806
0 0.264050 0.070973 0.012682 0.012514
0 0.744935 0.488330 0.014462 0.014479
0 0.443053 0.454349 0.012426 0.012351
0 0.446636 0.215406 0.013681 0.013608
0 0.742611 0.278347 0.012799 0.012510
0 0.510297 0.412827 0.013006 0.012922
0 0.158588 0.785804 0.012655 0.012491
0 0.736826 0.360225 0.012911 0.012831
0 0.210366 0.892767 0.013600 0.013653
0 0.039337 0.415352 0.013942 0.013830
0 0.101824 0.611012 0.012964 0.012865
0 0.220423 0.328968 0.013589 0.013571
0 0.677203 0.381599 0.013237 0.013138
0 0.627880 0.555707 0.014538 0.014505
0 0.526572 0.217458 0.013757 0.013966
0 0.503511 0.449627 0.012715 0.012544
0 0.547183 0.567301 0.013409 0.013402
0 0.858319 0.071174 0.013912 0.013811
0 0.753962 0.298584 0.013393 0.013324
0 0.785234 0.805924 0.013004 0.012916
0 0.659432 0.426687 0.013092 0.013003
0 0.939064 0.353639 0.013016 0.013077
0 0.506397 0.283414 0.013517 0.013482
0 0.086242 0.641918 0.013096 0.013072
0 0.831360 0.450029 0.013995 0.014046
0 0.727727 0.613582 0.013006 0.012921
0 0.062057 0.956615 0.013644 0.013818
0 0.028631 0.251525 0.012538 0.012492
0 0.127012 0.857163 0.013373 0.013328
0 0.923655 0.984208 0.012508 0.012432
0 0.181269 0.977986 0.012749 0.012582
0 0.278557 0.560904 0.013529 0.013398
0 0.054700 0.374926 0.013279 0.013298
0 0.961709 0.968895 0.014078 0.014107
0 0.128509 0.833419 0.012923 0.012984
0 0.458263 0.575325 0.012682 0.012791
0 0.872258 0.324726 0.013414 0.013579
0 0.367583 0.302333 0.013813 0.013681
0 0.453434 0.830031 0.012058 0.011962
0 0.531079 0.726362 0.013246 0.013039
0 0.030113 0.559700 0.013588 0.013330
0 0.942520 0.845876 0.012970 0.012833
0 0.396593 0.858706 0.012898 0.013360
0 0.196328 0.195253 0.013817 0.013764
0 0.641569 0.878175 0.013165 0.013191
0 0.975756 0.174486 0.013354 0.013214
0 0.947694 0.457346 0.014250 0.014407
0 0.961053 0.573572 0.012217 0.012315
0 0.604921 0.899035 0.011895 0.011587
0 0.344118 0.581630 0.013247 0.013052
0 0.832020 0.138225 0.013930 0.014321
0 0.256548 0.026028 0.013006 0.013276
0 0.343084 0.675224 0.013552 0.013643
0 0.316754 0.565404 0.013019 0.013161
0 0.034047 0.161703 0.013328 0.013249
0 0.394108 0.194754 0.012902 0.012588
0 0.738425 0.136984 0.013803 0.013878
0 0.623842 0.692637 0.013842 0.013926
0 0.775953 0.458539 0.014200 0.014206
0 0.419765 0.659015 0.014139 0.014102
0 0.921177 0.670566 0.012575 0.012869
0 0.022219 0.381644 0.014352 0.014270
0 0.110902 0.391548 0.012907 0.012901
0 0.605407 0.680179 0.014203 0.014181
0 0.243776 0.528219 0.013882 0.013658
0 0.109636 0.819149 0.013664 0.013530
0 0.943123 0.653118 0.015191 0.015009
0 0.641358 0.253445 0.015017 0.014997
0 0.120853 0.447355 0.013353 0.013287
0 0.221770 0.251496 0.014282 0.014399
0 0.759386 0.910180 0.013684 0.013442
0 0.227529 0.050183 0.012712 0.012797
0 0.746243 0.406098 0.013225 0.013362
0 0.789873 0.187119 0.012241 0.011932
0 0.377259 0.327022 0.014695 0.014566
0 0.386576 0.373575 0.012998 0.012642
0 0.369569 0.647870 0.012998 0.012924
0 0.209079 0.124075 0.013318 0.013336
0 0.675600 0.846730 0.014250 0.013913
0 0.648890 0.953479 0.014259 0.014113
0 0.028182 0.887200 0.012664 0.012851
0 0.959488 0.322798 0.013606 0.013554
0 0.679530 0.993696 0.012949 0.012209
0 0.698425 0.149602 0.013832 0.013901
0 0.986850 0.235904 0.013791 0.013870
0 0.331248 0.763742 0.012862 0.012790
0 0.508761 0.318771 0.012633 0.012768
0 0.166753 0.274629 0.013253 0.013390
0 0.645084 0.935615 0.013721 0.013606
0 0.453511 0.013550 0.013385 0.013349
0 0.069562 0.027971 0.013441 0.013508
0 0.683371 0.615559 0.012862 0.012713
0 0.894194 0.096344 0.012185 0.012052
0 0.226745 0.680321 0.014024 0.014231
0 0.841297 0.169516 0.012714 0.012873
0 0.118475 0.461344 0.012962 0.012902
0 0.490499 0.640795 0.014206 0.013848
0 0.635275 0.006420 0.013247 0.012455
0 0.156735 0.103778 0.015029 0.014980
0 0.247955 0.973446 0.014036 0.013855
0 0.383096 0.019454 0.013037 0.013128
0 0.447212 0.906517 0.013357 0.013490
0 0.049872 0.233404 0.013567 0.013550
0 0.056654 0.973603 0.014602 0.014451
0 0.014644 0.448136 0.014026 0.013839
0 0.208266 0.989126 0.013101 0.013401
0 0.951310 0.012873 0.013075 0.013232
0 0.338215 0.085639 0.014039 0.014023
0 0.308527 0.044649 0.013738 0.013630
0 0.188871 0.007211 0.013116 0.013190
0 0.646832 0.624257 0.013466 0.013061
0 0.164671 0.563367 0.012727 0.012779
0 0.524880 0.023240 0.013115 0.012944
0 0.172698 0.126866 0.014073 0.013874
0 0.800778 0.219622 0.014778 0.014963
0 0.713515 0.830512 0.013898 0.013902
0 0.479761 0.267294 0.015352 0.015270
0 0.266940 0.719036 0.013751 0.013828
0 0.828593 0.004930 0.013993 0.009700
0 0.052284 0.324360 0.013980 0.014073
0 0.129010 0.475676 0.012879 0.013314
0 0.288820 0.809206 0.014590 0.014722
0 0.639652 0.918250 0.012652 0.012756
0 0.387651 0.975615 0.012615 0.012477
0 0.739958 0.319375 0.013573 0.013748
0 0.529093 0.633268 0.020010 0.019840
0 0.733965 0.650582 0.013900 0.014037
0 0.420304 0.404761 0.014834 0.014706
0 0.633034 0.645858 0.013595 0.012430
0 0.020114 0.043656 0.011120 0.011265
0 0.963598 0.879010 0.013326 0.013135
0 0.734388 0.671954 0.013315 0.013473
0 0.982829 0.191750 0.012981 0.012831
0 0.938677 0.871757 0.014047 0.013548
0 0.873256 0.169622 0.014344 0.014405
0 0.076231 0.830399 0.013192 0.013144
0 0.850218 0.844461 0.013737 0.013905
0 0.420050 0.857847 0.014834 0.014819
0 0.844121 0.186209 0.015214 0.015735
0 0.846078 0.605251 0.013121 0.012802
0 0.850152 0.709457 0.018335 0.017814
0 0.365076 0.120936 0.015077 0.015024
0 0.188066 0.551308 0.013571 0.014243
0 0.228532 0.270221 0.009828 0.010266
0 0.485001 0.452799 0.010413 0.010511
0 0.100023 0.926826 0.013181 0.012923
0 0.858675 0.009077 0.014003 0.013541
0 0.417285 0.405538 0.014900 0.014641
0 0.770590 0.597582 0.014275 0.014382
0 0.018935 0.739550 0.013037 0.013418
0 0.674159 0.487524 0.010629 0.010600
0 0.486346 0.930951 0.010372 0.010275
0 0.856991 0.008109 0.012979 0.012939
