0 0.292832 0.441198 0.011960 0.011856
0 0.385316 0.872100 0.013032 0.012805
0 0.278047 0.387003 0.011962 0.011855
0 0.905481 0.636454 0.014751 0.014703
0 0.977438 0.818610 0.013544 0.013358
0 0.591798 0.868824 0.013339 0.013093
0 0.451291 0.960562 0.012712 0.012719
0 0.023522 0.594685 0.013437 0.013439
0 0.639041 0.371221 0.013300 0.013335
0 0.747997 0.619398 0.013716 0.013611
0 0.255416 0.401610 0.013644 0.013309
0 0.524981 0.899270 0.013091 0.013091
0 0.467678 0.510246 0.013300 0.013210
0 0.446382 0.429146 0.013531 0.013398
0 0.553606 0.456912 0.012659 0.012589
0 0.607525 0.524015 0.013762 0.013872
0 0.071891 0.252231 0.012149 0.011930
0 0.523976 0.349914 0.013586 0.013305
0 0.104988 0.368158 0.011947 0.011894
0 0.608763 0.463791 0.012440 0.012527
0 0.890993 0.648556 0.013709 0.013652
0 0.331759 0.518748 0.012423 0.012441
0 0.541704 0.977517 0.012944 0.012790
0 0.013746 0.336248 0.012748 0.012784
0 0.184540 0.892103 0.012991 0.012983
0 0.066961 0.509163 0.011712 0.011661
0 0.221859 0.469261 0.012943 0.012869
0 0.514953 0.656151 0.013582 0.013449
0 0.481899 0.734375 0.011836 0.012082
0 0.136143 0.402513 0.013045 0.013057
0 0.058297 0.320405 0.012270 0.012153
0 0.434051 0.730555 0.012857 0.012910
0 0.612841 0.309567 0.013116 0.012927
0 0.186368 0.491072 0.013378 0.013196
0 0.580641 0.739669 0.012152 0.012024
0 0.413102 0.970265 0.012595 0.012707
0 0.679478 0.442837 0.012711 0.012792
0 0.303355 0.504824 0.013261 0.013444
0 0.297639 0.330718 0.012365 0.012298
0 0.526823 0.467345 0.012910 0.012745
0 0.803061 0.881624 0.014207 0.014048
0 0.952320 0.496151 0.011515 0.011539
0 0.109564 0.981039 0.013175 0.013335
0 0.639252 0.613032 0.012215 0.012240
0 0.115240 0.326059 0.011647 0.011734
0 0.196894 0.981775 0.012294 0.012251
0 0.060861 0.437321 0.011808 0.011821
0 0.320839 0.354363 0.012212 0.012229
0 0.400051 0.034502 0.013896 0.013942
0 0.287226 0.606985 0.013740 0.013596
0 0.309003 0.027071 0.012997 0.013129
0 0.711776 0.351972 0.012774 0.012581
0 0.801682 0.930196 0.012756 0.012784
0 0.693084 0.539227 0.012782 0.013021
0 0.108362 0.763350 0.012804 0.012869
0 0.850872 0.248148 0.012721 0.012765
0 0.756869 0.298408 0.013118 0.012930
0 0.150877 0.263385 0.013067 0.012970
0 0.772616 0.658688 0.013843 0.013694
0 0.132262 0.648453 0.014043 0.014080
0 0.148022 0.232377 0.012105 0.012271
0 0.459760 0.290905 0.012331 0.012326
0 0.005434 0.828218 0.010801 0.013545
0 0.282606 0.757512 0.012837 0.012899
0 0.796163 0.769920 0.011714 0.011418
0 0.169123 0.192392 0.013024 0.012765
0 0.495367 0.544749 0.014364 0.014077
0 0.006046 0.871060 0.011299 0.011190
0 0.224280 0.648851 0.012382 0.012173
0 0.891653 0.201089 0.013382 0.013317
0 0.852872 0.173594 0.011658 0.011743
0 0.784058 0.067850 0.011565 0.011584
0 0.754432 0.772896 0.012894 0.012472
0 0.701227 0.622641 0.012837 0.013038
0 0.320165 0.100181 0.012509 0.012538
0 0.040745 0.158551 0.010831 0.010714
0 0.547585 0.036206 0.013600 0.013517
0 0.473182 0.017532 0.012219 0.012219
0 0.849780 0.711691 0.022165 0.021822
0 0.541718 0.259387 0.013294 0.013282
0 0.984260 0.432325 0.012867 0.012950
0 0.678221 0.623235 0.012372 0.012517
0 0.330328 0.633625 0.012745 0.012416
0 0.421823 0.556235 0.013159 0.013260
0 0.306413 0.236518 0.014474 0.014343
0 0.644890 0.237289 0.013031 0.013019
0 0.573240 0.184186 0.013031 0.013058
0 0.360429 0.926245 0.013163 0.013116
0 0.287371 0.732747 0.012663 0.012412
0 0.126878 0.683413 0.012101 0.011786
0 0.026667 0.555491 0.011776 0.011870
0 0.193613 0.631002 0.012693 0.012572
0 0.825025 0.347692 0.012032 0.012167
0 0.116080 0.058708 0.012646 0.012493
0 0.788257 0.005565 0.012393 0.011129
0 0.774419 0.005419 0.013263 0.010839
0 0.757283 0.410096 0.011296 0.011373
0 0.290129 0.012525 0.012626 0.012631
0 0.588446 0.007414 0.013382 0.013249
0 0.996386 0.424209 0.007227 0.010719
0 0.445439 0.069031 0.015793 0.015522
0 0.734762 0.852482 0.010297 0.010195
0 0.464721 0.472872 0.012601 0.012545
0 0.585618 0.911083 0.013573 0.013653
0 0.395538 0.943956 0.009534 0.009282
0 0.824919 0.019327 0.013260 0.013101
0 0.004854 0.394033 0.009652 0.011342
0 0.444368 0.066799 0.015583 0.015732
