0 0.044806 0.046252 0.012397 0.012250
0 0.686275 0.272515 0.012767 0.012706
0 0.465546 0.506235 0.012301 0.011964
0 0.129546 0.024650 0.012820 0.012740
0 0.452420 0.136763 0.013724 0.013680
0 0.937628 0.373076 0.012687 0.012420
0 0.079831 0.325062 0.013178 0.012859
0 0.594894 0.874426 0.012321 0.012306
0 0.699755 0.701314 0.013331 0.013303
0 0.872172 0.359360 0.014116 0.013862
0 0.278500 0.436933 0.011934 0.011732
0 0.754917 0.376290 0.013029 0.012777
0 0.467831 0.439362 0.013695 0.013563
0 0.454690 0.940111 0.013938 0.013637
0 0.810055 0.190775 0.012725 0.012608
0 0.402698 0.393061 0.012968 0.012873
0 0.237021 0.204133 0.012519 0.012438
0 0.732753 0.622475 0.013536 0.013547
0 0.080505 0.357172 0.011906 0.011659
0 0.693408 0.431727 0.011494 0.011316
0 0.364520 0.387532 0.012843 0.012706
0 0.432564 0.635103 0.013136 0.013351
0 0.531843 0.584344 0.012656 0.012499
0 0.716530 0.588825 0.012003 0.011852
0 0.737570 0.244191 0.012818 0.012838
0 0.458964 0.578503 0.012789 0.012701
0 0.394552 0.966576 0.013768 0.013532
0 0.934617 0.697943 0.012399 0.012437
0 0.528024 0.355604 0.013051 0.012799
0 0.269704 0.644837 0.012302 0.012184
0 0.314154 0.243910 0.013388 0.013191
0 0.057732 0.355291 0.012973 0.012781
0 0.048492 0.810987 0.013066 0.012996
0 0.552908 0.456600 0.012596 0.012570
0 0.653301 0.679176 0.014093 0.014194
0 0.947156 0.285487 0.014305 0.014044
0 0.033566 0.598195 0.013971 0.013937
0 0.618341 0.156836 0.013053 0.012948
0 0.434299 0.752265 0.011954 0.012043
0 0.884061 0.120098 0.009276 0.009134
0 0.891754 0.697331 0.012979 0.012765
0 0.442923 0.024646 0.014337 0.014418
0 0.410044 0.900383 0.012898 0.012844
0 0.591686 0.970776 0.014388 0.014490
0 0.930303 0.044986 0.011009 0.011469
0 0.649487 0.579064 0.011933 0.011801
0 0.888345 0.589366 0.012101 0.011969
0 0.331487 0.555453 0.013217 0.013246
0 0.609122 0.753270 0.011793 0.011948
0 0.115513 0.750929 0.011831 0.011962
0 0.869437 0.404355 0.014032 0.013952
0 0.265700 0.562359 0.012150 0.012212
0 0.211294 0.429793 0.012400 0.012361
0 0.011426 0.681412 0.013130 0.013027
0 0.496302 0.327647 0.012155 0.012384
0 0.464940 0.313056 0.013098 0.012996
0 0.181699 0.612982 0.012649 0.012483
0 0.783316 0.041902 0.012872 0.012982
0 0.452007 0.194308 0.014859 0.014744
0 0.382361 0.790860 0.012723 0.012860
0 0.407602 0.425050 0.012525 0.012402
0 0.657757 0.091534 0.012517 0.012466
0 0.643143 0.397381 0.012382 0.012234
0 0.722803 0.871121 0.013292 0.013320
0 0.442264 0.694443 0.011970 0.011637
0 0.167842 0.744829 0.012882 0.012677
0 0.761120 0.590446 0.011697 0.011502
0 0.779610 0.095337 0.013833 0.013787
0 0.750053 0.438486 0.011180 0.011173
0 0.590810 0.198040 0.012657 0.012531
0 0.296157 0.563008 0.013311 0.013263
0 0.701499 0.791609 0.012055 0.011941
0 0.955020 0.630255 0.011176 0.011125
0 0.034127 0.389588 0.013441 0.013646
0 0.921920 0.857891 0.013241 0.013241
0 0.869673 0.108455 0.012048 0.011604
0 0.385681 0.281597 0.014584 0.014509
0 0.824283 0.787259 0.011183 0.011238
0 0.139915 0.959972 0.011467 0.011551
0 0.272557 0.944819 0.010882 0.011323
0 0.284162 0.665421 0.013309 0.013209
0 0.983437 0.233514 0.013663 0.013202
0 0.046939 0.902302 0.012173 0.011953
0 0.128223 0.199389 0.012402 0.012062
0 0.736199 0.861814 0.011698 0.011641
0 0.704560 0.995273 0.012757 0.009413
0 0.183461 0.889493 0.011090 0.011037
0 0.862227 0.214832 0.012890 0.012899
0 0.401444 0.757530 0.013791 0.013766
0 0.988889 0.331032 0.012845 0.012707
0 0.936329 0.011580 0.010906 0.011108
0 0.921484 0.817765 0.013482 0.013253
0 0.904596 0.075414 0.011899 0.011690
0 0.956085 0.676342 0.011640 0.011694
0 0.604090 0.190758 0.011317 0.011754
0 0.868561 0.571401 0.011234 0.011315
0 0.768055 0.533266 0.012429 0.012067
0 0.802310 0.809071 0.013218 0.013502
0 0.098458 0.792107 0.013782 0.013783
0 0.903395 0.540577 0.011810 0.011719
0 0.260148 0.818169 0.012634 0.012537
0 0.967179 0.610683 0.010981 0.010431
0 0.826582 0.506288 0.013422 0.013385
0 0.350326 0.290701 0.023930 0.024398
0 0.786870 0.940020 0.012547 0.012553
0 0.102961 0.781695 0.010579 0.009484
0 0.534130 0.630428 0.023420 0.023763
0 0.806780 0.517654 0.011112 0.011076
0 0.280943 0.546769 0.011037 0.011246
0 0.112343 0.900448 0.012316 0.012505
0 0.879063 0.976853 0.012934 0.012920
0 0.900739 0.997541 0.011183 0.004853
0 0.366228 0.856413 0.012931 0.013053
0 0.288330 0.193574 0.012142 0.011898
0 0.978361 0.046672 0.010294 0.010179
0 0.149656 0.998076 0.010188 0.003822
0 0.202726 0.963558 0.011871 0.011674
0 0.986984 0.512455 0.011722 0.012143
0 0.985071 0.512794 0.012882 0.012268
0 0.651035 0.474054 0.010358 0.010029
0 0.088236 0.925404 0.011649 0.011366
0 0.911344 0.925579 0.011557 0.011526
0 0.130867 0.200504 0.013194 0.012881
0 0.971189 0.501065 0.011274 0.010858
