0 0.622997 0.518177 0.013331 0.013183
0 0.025619 0.432539 0.013681 0.013414
0 0.895233 0.891050 0.013724 0.013520
0 0.749525 0.615350 0.012134 0.012306
0 0.185343 0.887213 0.014755 0.014635
0 0.659006 0.548191 0.010182 0.010020
0 0.142916 0.299303 0.012154 0.012217
0 0.080809 0.216183 0.011821 0.011886
0 0.281287 0.045813 0.013398 0.013272
0 0.401666 0.325772 0.011905 0.011902
0 0.074265 0.265600 0.011933 0.012070
0 0.635062 0.849079 0.012720 0.012740
0 0.363473 0.418495 0.012737 0.012949
0 0.068512 0.533523 0.013236 0.013153
0 0.198810 0.273759 0.012274 0.012119
0 0.389120 0.868115 0.014260 0.014474
0 0.043874 0.665112 0.012808 0.012718
0 0.544163 0.973029 0.013425 0.013293
0 0.535715 0.328762 0.013122 0.012952
0 0.692700 0.575608 0.011676 0.011908
0 0.659094 0.653598 0.012289 0.012185
0 0.477569 0.196175 0.013335 0.013277
0 0.709919 0.342227 0.012397 0.012369
0 0.590597 0.367319 0.011674 0.011761
0 0.367740 0.801027 0.013435 0.013430
0 0.095849 0.407476 0.013023 0.013062
0 0.674138 0.084068 0.012309 0.012587
0 0.123892 0.118748 0.013309 0.013485
0 0.374474 0.224522 0.016233 0.015746
0 0.586392 0.217179 0.013495 0.013596
0 0.048707 0.624834 0.009177 0.008964
0 0.242934 0.213574 0.011199 0.011153
0 0.064527 0.767951 0.013570 0.013502
0 0.123144 0.597567 0.010633 0.010576
0 0.650103 0.761393 0.012320 0.012240
0 0.245698 0.515300 0.012855 0.012817
0 0.266761 0.499227 0.013804 0.013632
0 0.652451 0.224643 0.011689 0.011680
0 0.455178 0.466473 0.013265 0.013204
0 0.761348 0.425846 0.012192 0.012206
0 0.664531 0.868156 0.012058 0.012086
0 0.223700 0.466539 0.013179 0.013184
0 0.525161 0.346602 0.013523 0.013383
0 0.376585 0.377568 0.013384 0.013347
0 0.225849 0.649825 0.012943 0.012560
0 0.919326 0.726881 0.011993 0.012066
0 0.941236 0.178129 0.011367 0.011182
0 0.687592 0.124310 0.012762 0.012931
0 0.371589 0.045091 0.011359 0.011480
0 0.765286 0.134912 0.012199 0.012321
0 0.983986 0.276069 0.012830 0.013187
0 0.627610 0.111129 0.013370 0.013480
0 0.523932 0.205349 0.012282 0.012177
0 0.486244 0.036001 0.013579 0.013468
0 0.682723 0.493287 0.012528 0.012349
0 0.265396 0.081913 0.012059 0.011998
0 0.431691 0.227081 0.013435 0.012962
0 0.108739 0.978898 0.013848 0.013868
0 0.524793 0.300136 0.011433 0.011938
0 0.331161 0.517090 0.010725 0.010840
0 0.530913 0.638087 0.015152 0.014662
0 0.767195 0.014828 0.012031 0.011915
0 0.341567 0.295435 0.019674 0.019569
0 0.468005 0.641650 0.010421 0.010405
0 0.617454 0.579522 0.010501 0.010401
0 0.723927 0.117595 0.010903 0.011116
0 0.181600 0.754154 0.011751 0.011596
0 0.844392 0.823294 0.010893 0.010803
0 0.228635 0.807899 0.011542 0.011086
0 0.415411 0.617107 0.013600 0.013671
0 0.293696 0.399709 0.013413 0.013650
0 0.996051 0.850906 0.007863 0.013548
0 0.788634 0.005055 0.012375 0.010096
0 0.371842 0.199548 0.010496 0.010797
0 0.690264 0.475603 0.010779 0.010861
0 0.644988 0.254513 0.012963 0.012609
0 0.443047 0.057553 0.011884 0.011946
0 0.965315 0.086259 0.010620 0.010583
0 0.637405 0.940575 0.010750 0.010767
0 0.848078 0.718053 0.021171 0.020748
0 0.701349 0.820618 0.020314 0.019819
0 0.459777 0.777987 0.011254 0.010839
0 0.574828 0.821382 0.009774 0.009436
0 0.322203 0.289068 0.012238 0.012508
0 0.494914 0.541702 0.013352 0.012296
0 0.635658 0.328678 0.011097 0.011333
0 0.840158 0.281665 0.012071 0.012221
0 0.338430 0.025043 0.011462 0.011488
0 0.632285 0.085971 0.018729 0.018608
0 0.011585 0.572855 0.012296 0.012360
0 0.779584 0.264324 0.010760 0.010792
0 0.887167 0.016011 0.010742 0.010391
0 0.667423 0.190710 0.014976 0.014666
0 0.020423 0.585221 0.009106 0.009643
0 0.493141 0.725616 0.009996 0.010582
0 0.466998 0.509625 0.010167 0.010626
0 0.965611 0.036033 0.010747 0.010010
