0 0.907427 0.448004 0.013528 0.013561
0 0.394831 0.096746 0.012728 0.012709
0 0.410219 0.311193 0.012653 0.012618
0 0.370913 0.249671 0.012498 0.012533
0 0.588389 0.613693 0.014395 0.014474
0 0.076565 0.294913 0.013588 0.013482
0 0.767270 0.379554 0.011994 0.011750
0 0.173405 0.472108 0.013905 0.013689
0 0.913957 0.038661 0.013786 0.013874
0 0.705572 0.087274 0.012916 0.013059
0 0.749565 0.616777 0.013795 0.013678
0 0.128155 0.585264 0.012447 0.012383
0 0.543937 0.786367 0.013845 0.013618
0 0.609668 0.295953 0.012241 0.012113
0 0.790036 0.245114 0.013166 0.012644
0 0.267529 0.067890 0.012861 0.012642
0 0.947115 0.919683 0.012676 0.012434
0 0.826529 0.490919 0.013264 0.013161
0 0.875499 0.332634 0.012100 0.012119
0 0.803877 0.591287 0.012917 0.012663
0 0.963668 0.286671 0.011902 0.011948
0 0.789520 0.169125 0.012389 0.012212
0 0.524361 0.347638 0.013382 0.013207
0 0.913554 0.594352 0.011593 0.011456
0 0.732215 0.212781 0.013708 0.013626
0 0.076906 0.685132 0.012349 0.012308
0 0.672822 0.244741 0.012269 0.012369
0 0.364213 0.511900 0.013526 0.013504
0 0.557746 0.387420 0.012433 0.012362
0 0.803281 0.937718 0.013451 0.013668
0 0.089016 0.370207 0.011426 0.011354
0 0.020357 0.404163 0.013298 0.013283
0 0.241331 0.584930 0.012351 0.012169
0 0.137080 0.074879 0.013499 0.013636
0 0.946347 0.540048 0.012131 0.011628
0 0.613735 0.884410 0.012879 0.012829
0 0.958235 0.166236 0.011593 0.011617
0 0.785919 0.662566 0.013042 0.013040
0 0.605988 0.980929 0.012993 0.012852
0 0.736571 0.578303 0.010915 0.011003
0 0.253367 0.241495 0.013712 0.013494
0 0.190607 0.427950 0.013759 0.013521
0 0.478496 0.288129 0.013114 0.013515
0 0.222583 0.101744 0.011208 0.011441
0 0.554894 0.206915 0.011518 0.011402
0 0.281519 0.953821 0.013602 0.013457
0 0.669575 0.735762 0.012786 0.012515
0 0.326007 0.642676 0.011988 0.011998
0 0.518108 0.820202 0.013138 0.012848
0 0.544162 0.973831 0.013633 0.013310
0 0.556736 0.371412 0.012537 0.012490
0 0.488652 0.697851 0.013684 0.013639
0 0.436851 0.574256 0.014042 0.013920
0 0.571596 0.427967 0.012735 0.012681
0 0.222755 0.467676 0.012577 0.012601
0 0.931517 0.560861 0.011130 0.010938
0 0.165383 0.406500 0.011737 0.012104
0 0.415441 0.147407 0.011373 0.011448
0 0.416037 0.007556 0.013140 0.012956
0 0.660597 0.036730 0.012635 0.012624
0 0.240885 0.617808 0.011785 0.011777
0 0.226075 0.648857 0.012517 0.012139
0 0.412119 0.124461 0.014170 0.013814
0 0.674501 0.982822 0.012696 0.012949
0 0.098560 0.722144 0.012138 0.012146
0 0.334257 0.749651 0.013433 0.013603
0 0.161348 0.535948 0.012196 0.012091
0 0.130549 0.518871 0.012110 0.012046
0 0.267524 0.090361 0.011915 0.011918
0 0.650316 0.131311 0.011440 0.011340
0 0.941380 0.113115 0.012487 0.012560
0 0.230470 0.801082 0.011951 0.011922
0 0.013219 0.321571 0.012082 0.012078
0 0.125337 0.339553 0.011651 0.011941
0 0.531923 0.583687 0.012452 0.012422
0 0.089483 0.445353 0.010566 0.010622
0 0.772847 0.133018 0.012420 0.012278
0 0.259181 0.908201 0.011889 0.012215
0 0.412653 0.573288 0.011898 0.011980
0 0.186606 0.890163 0.013079 0.013080
0 0.497302 0.062912 0.011487 0.011865
0 0.108338 0.979564 0.014100 0.013978
0 0.483450 0.367629 0.013680 0.013655
0 0.205056 0.663858 0.011211 0.011261
0 0.379905 0.195471 0.014018 0.014042
0 0.697129 0.240693 0.012059 0.012024
0 0.331490 0.517976 0.011423 0.011304
0 0.178730 0.752161 0.012162 0.012072
0 0.216655 0.674148 0.013290 0.013154
0 0.126790 0.996364 0.012819 0.007272
0 0.531390 0.835617 0.011827 0.011785
0 0.053537 0.589005 0.010725 0.010595
0 0.105083 0.606115 0.011983 0.011914
0 0.155460 0.871225 0.012985 0.012604
0 0.789621 0.004681 0.012559 0.009259
0 0.452235 0.057062 0.013261 0.013383
0 0.168285 0.869121 0.011714 0.011528
0 0.787549 0.005017 0.013489 0.009893
0 0.529947 0.635629 0.022465 0.022421
0 0.351999 0.862757 0.009691 0.009762
0 0.371651 0.808858 0.011166 0.011133
0 0.823961 0.182716 0.012328 0.012051
0 0.490246 0.822295 0.013264 0.013062
0 0.629793 0.996813 0.012973 0.006374
0 0.763702 0.322418 0.012919 0.012474
0 0.495601 0.543125 0.011817 0.011007
0 0.193880 0.937769 0.011556 0.011640
0 0.842275 0.265312 0.012220 0.011944
