0 0.638758 0.143758 0.012942 0.013029
0 0.549483 0.083280 0.013518 0.013408
0 0.481618 0.082481 0.011555 0.011365
0 0.195056 0.256908 0.012882 0.012832
0 0.334556 0.500039 0.012634 0.012756
0 0.979521 0.651891 0.013226 0.013011
0 0.524551 0.347153 0.013425 0.013215
0 0.137129 0.308081 0.011253 0.010929
0 0.105020 0.104739 0.012269 0.012141
0 0.730557 0.088622 0.012972 0.012970
0 0.219438 0.448279 0.012947 0.012817
0 0.787281 0.939101 0.012318 0.012344
0 0.493853 0.419054 0.012542 0.012715
0 0.059674 0.148866 0.013021 0.013117
0 0.192136 0.544332 0.013897 0.013926
0 0.534386 0.224075 0.012807 0.012878
0 0.158235 0.674976 0.013111 0.013126
0 0.589262 0.223886 0.013768 0.013927
0 0.263983 0.272161 0.013461 0.013474
0 0.393460 0.098259 0.013954 0.013787
0 0.427504 0.540288 0.013275 0.013064
0 0.342202 0.124654 0.011182 0.011241
0 0.832846 0.901013 0.012059 0.011722
0 0.500482 0.219482 0.012526 0.012619
0 0.269311 0.485983 0.013404 0.013605
0 0.620369 0.372946 0.012722 0.012829
0 0.485777 0.764708 0.012947 0.012790
0 0.568188 0.256287 0.013746 0.013713
0 0.748329 0.617611 0.013375 0.013404
0 0.531573 0.673717 0.013321 0.013549
0 0.795182 0.357633 0.013050 0.012918
0 0.101321 0.572908 0.012283 0.012311
0 0.446635 0.828833 0.010035 0.009935
0 0.254721 0.734762 0.012112 0.012139
0 0.623136 0.208951 0.013199 0.013483
0 0.671304 0.424085 0.012551 0.012768
0 0.791824 0.522764 0.010647 0.010523
0 0.049646 0.587265 0.012398 0.012131
0 0.445928 0.806921 0.013039 0.013207
0 0.933624 0.008157 0.013704 0.013764
0 0.018249 0.389349 0.012855 0.012587
0 0.741828 0.399956 0.011351 0.011005
0 0.067976 0.770761 0.012442 0.012374
0 0.922285 0.450999 0.013082 0.013124
0 0.343845 0.759925 0.012407 0.012343
0 0.242950 0.484871 0.012739 0.012600
0 0.283321 0.732724 0.012737 0.012704
0 0.498724 0.729358 0.013205 0.013246
0 0.071444 0.675839 0.012930 0.012624
0 0.410533 0.200664 0.011911 0.011977
0 0.883678 0.127952 0.012094 0.012208
0 0.162374 0.766718 0.013689 0.013613
0 0.140400 0.067649 0.013592 0.013668
0 0.679286 0.219994 0.012136 0.012223
0 0.623745 0.860436 0.011889 0.012035
0 0.022131 0.529237 0.013407 0.013534
0 0.883657 0.541851 0.010333 0.010272
0 0.443187 0.964964 0.012663 0.012564
0 0.804098 0.264258 0.012501 0.012266
0 0.676392 0.877400 0.012379 0.012614
0 0.226616 0.647924 0.012108 0.011926
0 0.769297 0.195940 0.011880 0.012001
0 0.719820 0.871137 0.012697 0.012714
0 0.418400 0.127322 0.011578 0.011574
0 0.810407 0.533842 0.011428 0.011088
0 0.157708 0.858985 0.013131 0.013128
0 0.543604 0.973730 0.012852 0.012619
0 0.855299 0.004578 0.014711 0.009156
0 0.221740 0.467634 0.012724 0.012791
0 0.005135 0.088075 0.010263 0.012990
0 0.434128 0.271233 0.012560 0.013313
0 0.458708 0.959703 0.013157 0.012935
0 0.605626 0.895767 0.013865 0.013520
0 0.186301 0.890903 0.013140 0.013164
0 0.192227 0.289581 0.012132 0.012209
0 0.248635 0.870507 0.012355 0.012514
0 0.711926 0.009253 0.013019 0.012976
0 0.788703 0.004873 0.012203 0.009738
0 0.996070 0.035786 0.007857 0.014351
0 0.360895 0.799615 0.011798 0.011764
0 0.180861 0.939334 0.012472 0.012407
0 0.258654 0.959648 0.012531 0.012524
0 0.377388 0.685602 0.010592 0.010771
0 0.107880 0.979632 0.012903 0.012837
0 0.777962 0.960797 0.012152 0.012086
0 0.495480 0.544257 0.012227 0.012531
0 0.076231 0.536282 0.011081 0.010937
0 0.012714 0.957976 0.012291 0.012305
0 0.536504 0.961360 0.012705 0.012392
0 0.615613 0.005942 0.012439 0.011366
0 0.774270 0.004622 0.013202 0.009232
0 0.331511 0.517881 0.012683 0.012206
0 0.979622 0.991753 0.010714 0.010856
0 0.565244 0.732471 0.012916 0.012960
0 0.394030 0.552054 0.011473 0.011282
0 0.058920 0.990535 0.013727 0.013756
