0 0.951080 0.647946 0.011581 0.011480
0 0.229629 0.141294 0.012431 0.012438
0 0.681725 0.635959 0.012968 0.012824
0 0.951494 0.431934 0.011764 0.011583
0 0.723424 0.309195 0.011909 0.011774
0 0.870151 0.773071 0.013683 0.013484
0 0.862532 0.930103 0.013488 0.013299
0 0.405050 0.479347 0.013806 0.013582
0 0.418797 0.421711 0.012282 0.012079
0 0.931709 0.801733 0.012489 0.012492
0 0.748504 0.618342 0.013469 0.013217
0 0.179513 0.128263 0.013525 0.013248
0 0.978552 0.807630 0.012079 0.012105
0 0.324395 0.615783 0.014117 0.013840
0 0.244102 0.104269 0.012214 0.012313
0 0.673189 0.227668 0.013120 0.012927
0 0.688437 0.785601 0.013128 0.013044
0 0.905583 0.058749 0.013761 0.013786
0 0.808379 0.694615 0.013102 0.013133
0 0.444686 0.653072 0.012317 0.012295
0 0.264448 0.135300 0.012758 0.012649
0 0.185857 0.401473 0.012449 0.012132
0 0.557954 0.336935 0.014337 0.014606
0 0.261732 0.297395 0.012898 0.012693
0 0.739989 0.030210 0.013754 0.013633
0 0.817378 0.038400 0.014463 0.014309
0 0.409213 0.514632 0.012724 0.012580
0 0.078217 0.696280 0.012363 0.012296
0 0.636739 0.407632 0.011992 0.012053
0 0.375682 0.544502 0.012800 0.012406
0 0.159748 0.432669 0.014388 0.014226
0 0.082759 0.957214 0.012159 0.012061
0 0.760618 0.473739 0.012987 0.013078
0 0.800286 0.484378 0.013703 0.013409
0 0.390811 0.114617 0.012471 0.012385
0 0.166804 0.586141 0.013044 0.012883
0 0.802456 0.251084 0.013601 0.013557
0 0.051979 0.179028 0.011180 0.011111
0 0.342373 0.246268 0.013754 0.013691
0 0.185810 0.165591 0.012217 0.012245
0 0.942114 0.359357 0.011957 0.011985
0 0.132827 0.639857 0.013286 0.013478
0 0.159854 0.565066 0.013294 0.013144
0 0.056634 0.337847 0.011582 0.011550
0 0.404921 0.749554 0.013395 0.013569
0 0.630561 0.270146 0.013218 0.013047
0 0.524347 0.349752 0.013358 0.013379
0 0.242473 0.560981 0.012597 0.012409
0 0.178677 0.328746 0.012441 0.012540
0 0.832042 0.124234 0.013182 0.013153
0 0.407502 0.064421 0.013470 0.013545
0 0.416122 0.288897 0.011837 0.011988
0 0.225803 0.281506 0.012351 0.012469
0 0.222467 0.470069 0.012196 0.012295
0 0.528239 0.537704 0.013564 0.013744
0 0.443834 0.686079 0.014601 0.014329
0 0.016175 0.148480 0.013751 0.013433
0 0.624325 0.015787 0.013697 0.013370
0 0.933602 0.650730 0.010796 0.010986
0 0.611568 0.113578 0.013481 0.013687
0 0.732004 0.278930 0.012734 0.012722
0 0.858035 0.604689 0.012406 0.012542
0 0.896928 0.913518 0.012051 0.012055
0 0.434351 0.212142 0.011402 0.011140
0 0.580958 0.526307 0.013571 0.013633
0 0.331378 0.518327 0.012220 0.012043
0 0.857908 0.479292 0.010882 0.010639
0 0.460624 0.959629 0.012279 0.012336
0 0.233203 0.732028 0.012369 0.012007
0 0.707622 0.188934 0.012979 0.013162
0 0.608017 0.204528 0.011084 0.011031
0 0.543005 0.974503 0.013043 0.012830
0 0.976173 0.567633 0.011144 0.011047
0 0.033051 0.282169 0.009873 0.009685
0 0.025012 0.266578 0.014659 0.014603
0 0.101815 0.686498 0.012250 0.012302
0 0.666722 0.029699 0.013297 0.013389
0 0.887052 0.582723 0.014350 0.013906
0 0.404454 0.202253 0.012025 0.012333
0 0.995689 0.402459 0.008621 0.010637
0 0.575849 0.692829 0.011376 0.011369
0 0.802505 0.072284 0.012797 0.012639
0 0.497642 0.135025 0.014767 0.015008
0 0.496306 0.544330 0.014379 0.014954
0 0.656727 0.923772 0.012343 0.012538
0 0.126160 0.093669 0.012961 0.012974
0 0.594753 0.297547 0.012454 0.012283
0 0.108948 0.981124 0.013347 0.013266
0 0.701660 0.810116 0.018143 0.017797
0 0.929128 0.216961 0.012302 0.012067
0 0.639664 0.423510 0.013307 0.013413
0 0.996299 0.884965 0.007401 0.013533
0 0.071152 0.038879 0.011283 0.011441
0 0.540214 0.656142 0.012802 0.012561
0 0.004023 0.364020 0.008045 0.014475
0 0.235182 0.075871 0.011963 0.012305
0 0.079406 0.681256 0.012350 0.012323
0 0.185711 0.891821 0.012807 0.012807
0 0.084779 0.192128 0.013138 0.013066
0 0.822535 0.184834 0.012120 0.012059
0 0.003044 0.958435 0.006042 0.012489
0 0.400766 0.571205 0.010876 0.010791
0 0.375243 0.404003 0.013230 0.013878
0 0.786197 0.005764 0.012784 0.011528
0 0.434848 0.297704 0.012833 0.013335
0 0.014478 0.746854 0.011700 0.011571
0 0.496606 0.728147 0.012599 0.012617
0 0.997214 0.605906 0.005542 0.011329
0 0.992930 0.477231 0.010552 0.010793
0 0.441465 0.058960 0.012419 0.012324
0 0.627863 0.082896 0.017987 0.017684
0 0.032448 0.084866 0.013258 0.013145
0 0.606288 0.323529 0.009003 0.008917
0 0.197524 0.645381 0.012266 0.012293
0 0.088795 0.784993 0.011337 0.011250
0 0.227794 0.646800 0.009472 0.009626
0 0.134186 0.883403 0.013139 0.012995
0 0.054749 0.286662 0.011993 0.012519
0 0.644482 0.308957 0.011860 0.011660
0 0.356894 0.579165 0.011767 0.011630
