0 0.750651 0.881349 0.013596 0.013553
0 0.663879 0.937892 0.014795 0.014706
0 0.280054 0.433417 0.014062 0.014030
0 0.464275 0.875258 0.019223 0.019225
0 0.259000 0.855107 0.014165 0.014006
0 0.145630 0.321280 0.014215 0.014171
0 0.120063 0.946399 0.016628 0.016571
0 0.405517 0.940064 0.013677 0.013655
0 0.733160 0.636875 0.013437 0.013519
0 0.163880 0.386478 0.014779 0.014822
0 0.129755 0.179659 0.015760 0.015794
0 0.131087 0.863300 0.013135 0.013218
0 0.248216 0.497585 0.013247 0.013148
0 0.729515 0.387521 0.014315 0.014057
0 0.297420 0.834929 0.015059 0.015006
0 0.218893 0.399376 0.013776 0.013951
0 0.717733 0.937590 0.013356 0.013433
0 0.500303 0.720437 0.014689 0.014596
0 0.920386 0.669929 0.016979 0.017141
0 0.097784 0.871699 0.014607 0.014567
0 0.433689 0.738902 0.014207 0.014257
0 0.875834 0.720745 0.013894 0.013949
0 0.171771 0.735451 0.014539 0.014600
0 0.391567 0.292976 0.014183 0.014226
0 0.349476 0.074043 0.014411 0.014349
0 0.240680 0.580676 0.013962 0.013984
0 0.108460 0.554510 0.014129 0.014242
0 0.142301 0.064264 0.013786 0.013917
0 0.367696 0.797848 0.014325 0.014232
0 0.959275 0.953455 0.014632 0.014492
0 0.534318 0.401376 0.014159 0.014158
0 0.392135 0.820993 0.014260 0.014264
0 0.030884 0.293291 0.015508 0.015493
0 0.872132 0.210210 0.013777 0.013811
0 0.056371 0.833628 0.015000 0.014648
0 0.637601 0.534918 0.014856 0.015106
0 0.974627 0.094770 0.013630 0.013290
0 0.044948 0.128459 0.014961 0.015015
0 0.218090 0.533697 0.014485 0.014445
0 0.508274 0.473544 0.015994 0.016007
0 0.709255 0.549905 0.015815 0.015732
0 0.501775 0.357950 0.014141 0.014455
0 0.352726 0.377768 0.014632 0.014693
0 0.951168 0.492674 0.014690 0.014547
0 0.889775 0.380245 0.014152 0.013925
0 0.401284 0.451936 0.014484 0.014426
0 0.095608 0.023374 0.014956 0.014870
0 0.650079 0.575776 0.013862 0.013746
0 0.059308 0.340868 0.014285 0.013833
0 0.945509 0.148695 0.013923 0.013901
0 0.376848 0.039001 0.014307 0.014349
0 0.382138 0.166054 0.014875 0.015052
0 0.624458 0.243924 0.013737 0.014039
0 0.248556 0.009085 0.013966 0.014189
0 0.336384 0.761534 0.014078 0.014035
0 0.868992 0.178646 0.014396 0.014447
0 0.797634 0.658800 0.014369 0.014217
0 0.806446 0.422657 0.014087 0.014322
0 0.348684 0.611959 0.014127 0.014224
0 0.702195 0.057483 0.014849 0.014896
0 0.425831 0.431618 0.013647 0.013727
0 0.617684 0.204492 0.014165 0.014152
0 0.569685 0.230889 0.013528 0.013644
0 0.967583 0.026978 0.012601 0.012212
0 0.762757 0.193716 0.013937 0.013804
0 0.732907 0.344155 0.014242 0.014169
0 0.917088 0.992866 0.017559 0.014268
0 0.848018 0.719666 0.022477 0.022102
0 0.316374 0.362836 0.015177 0.014879
0 0.704581 0.182752 0.014369 0.014563
0 0.758843 0.544543 0.014589 0.014589
0 0.461635 0.292031 0.014470 0.014451
0 0.811076 0.104198 0.014230 0.014259
0 0.013987 0.671415 0.013741 0.013867
0 0.719186 0.264512 0.014526 0.014580
0 0.588678 0.125054 0.015212 0.015356
0 0.680554 0.541342 0.014764 0.014555
0 0.588789 0.922828 0.013893 0.013958
0 0.538539 0.578540 0.014151 0.013838
0 0.342051 0.331462 0.014519 0.014536
0 0.259413 0.478053 0.015000 0.015122
0 0.931523 0.381155 0.014551 0.014396
0 0.743440 0.285335 0.013433 0.013408
0 0.770953 0.457288 0.014854 0.015156
0 0.628560 0.515755 0.014435 0.014481
0 0.080885 0.122727 0.015491 0.015801
0 0.825909 0.220411 0.014969 0.015419
0 0.343854 0.297625 0.022777 0.022794
0 0.830039 0.053622 0.013097 0.013147
0 0.765397 0.158153 0.014454 0.014331
0 0.604979 0.173577 0.013708 0.013755
0 0.313203 0.222528 0.014284 0.014332
0 0.335461 0.797405 0.013872 0.013671
0 0.408330 0.568894 0.015192 0.015049
0 0.217987 0.252885 0.014265 0.014307
0 0.897320 0.168904 0.013992 0.014156
0 0.011267 0.154146 0.013937 0.014063
0 0.376505 0.226906 0.018137 0.017698
0 0.754047 0.501380 0.012393 0.012504
0 0.777569 0.245557 0.014353 0.014681
0 0.291162 0.348406 0.015084 0.014908
0 0.921412 0.145773 0.019148 0.018672
0 0.244779 0.262323 0.013704 0.013439
0 0.881074 0.935910 0.015142 0.014671
0 0.644543 0.018030 0.014770 0.014761
0 0.079048 0.165861 0.015625 0.015684
0 0.316285 0.974123 0.015252 0.015112
0 0.603692 0.140242 0.015596 0.015974
0 0.985673 0.507138 0.016750 0.016462
0 0.597122 0.667316 0.015240 0.015040
0 0.268905 0.732564 0.013904 0.014164
0 0.836684 0.468690 0.012030 0.012060
0 0.256416 0.382819 0.015494 0.015367
0 0.455615 0.581578 0.013700 0.013470
0 0.959235 0.114530 0.014662 0.014915
0 0.988663 0.317568 0.016093 0.015759
0 0.670159 0.190777 0.018899 0.019076
0 0.738043 0.617542 0.015422 0.015465
0 0.393990 0.190194 0.015269 0.015358
0 0.440441 0.333203 0.015604 0.015308
0 0.171167 0.164720 0.016586 0.015996
0 0.792813 0.559398 0.017251 0.016867
0 0.743709 0.981759 0.015506 0.015661
0 0.002551 0.029203 0.004980 0.012942
0 0.895450 0.594194 0.015945 0.015411
0 0.854953 0.627516 0.014882 0.015009
0 0.760213 0.662481 0.013613 0.013559
0 0.005038 0.074099 0.009969 0.014771
0 0.633429 0.086004 0.021777 0.021248
0 0.302330 0.313648 0.014716 0.014323
0 0.523801 0.017995 0.017781 0.017436
0 0.107539 0.282123 0.014132 0.014130
0 0.791775 0.094558 0.015009 0.015314
0 0.886777 0.258585 0.017365 0.017303
0 0.702445 0.823186 0.022681 0.022237
0 0.454453 0.339220 0.013448 0.013281
0 0.784494 0.178999 0.015140 0.014869
0 0.532014 0.638047 0.023863 0.023932
0 0.965120 0.233371 0.011937 0.011942
0 0.601946 0.138683 0.015777 0.016107
0 0.539619 0.736507 0.020783 0.020493
0 0.841965 0.298702 0.015043 0.015112
0 0.793102 0.322577 0.010559 0.010284
0 0.060146 0.357220 0.013191 0.013130
0 0.264787 0.247106 0.017595 0.017056
0 0.998343 0.211989 0.003283 0.016744
0 0.301168 0.312032 0.014503 0.014543
0 0.193195 0.013336 0.014446 0.014035
