0 0.044769 0.249229 0.013627 0.013754
0 0.366325 0.071602 0.012491 0.012376
0 0.562874 0.746689 0.012918 0.012716
0 0.036271 0.066114 0.013081 0.012943
0 0.749613 0.616370 0.013044 0.012782
0 0.304399 0.146588 0.013019 0.012870
0 0.331037 0.861802 0.013538 0.013474
0 0.265930 0.798910 0.011123 0.010947
0 0.149343 0.023231 0.012069 0.011993
0 0.117294 0.247284 0.012183 0.011796
0 0.278569 0.687263 0.013892 0.013893
0 0.368094 0.456343 0.012128 0.012130
0 0.182226 0.886593 0.011871 0.011821
0 0.800277 0.882704 0.010533 0.010480
0 0.474047 0.601726 0.011118 0.011021
0 0.458493 0.957888 0.012419 0.012465
0 0.607652 0.639327 0.011912 0.011712
0 0.901570 0.782297 0.013583 0.013607
0 0.407606 0.236597 0.012582 0.012475
0 0.031625 0.404656 0.011421 0.011351
0 0.032610 0.486679 0.013171 0.013238
0 0.061550 0.929254 0.011750 0.011665
0 0.057001 0.183117 0.011773 0.011561
0 0.163425 0.789363 0.012786 0.013104
0 0.524268 0.347163 0.012216 0.011987
0 0.190067 0.525069 0.012320 0.012204
0 0.174420 0.088899 0.012743 0.012661
0 0.597097 0.306934 0.011977 0.012003
0 0.624272 0.781177 0.011494 0.011425
0 0.528037 0.638807 0.014386 0.014454
0 0.881895 0.869409 0.012635 0.012725
0 0.710151 0.651758 0.012861 0.013093
0 0.712849 0.954832 0.012536 0.012390
0 0.803606 0.358084 0.011567 0.011335
0 0.715574 0.977817 0.012104 0.012130
0 0.110196 0.979822 0.013279 0.013370
0 0.663934 0.859342 0.011223 0.011412
0 0.543131 0.974203 0.012041 0.011902
0 0.250100 0.407302 0.012137 0.012107
0 0.774002 0.492710 0.011009 0.010881
0 0.226231 0.651067 0.011716 0.011514
0 0.665295 0.356755 0.011961 0.012026
0 0.428797 0.905071 0.012738 0.012635
0 0.492720 0.892626 0.012611 0.012634
0 0.291917 0.743001 0.010917 0.010874
0 0.427029 0.291817 0.012018 0.012025
0 0.189145 0.947280 0.012585 0.012268
0 0.657163 0.886669 0.012797 0.012662
0 0.042550 0.576184 0.011967 0.011972
0 0.609662 0.199780 0.011684 0.011658
0 0.457690 0.733495 0.010604 0.010595
0 0.554097 0.857148 0.011024 0.010856
0 0.223705 0.465423 0.012150 0.012115
0 0.136135 0.378855 0.011402 0.010973
0 0.513246 0.742774 0.012431 0.012261
0 0.330527 0.517696 0.011573 0.011456
0 0.006151 0.835363 0.012093 0.013736
0 0.351252 0.573242 0.012315 0.012432
0 0.283221 0.284571 0.013058 0.012783
0 0.815151 0.307657 0.011569 0.011481
0 0.848202 0.718569 0.018870 0.018329
0 0.402508 0.217025 0.012513 0.012788
0 0.669880 0.785054 0.010732 0.010714
0 0.161535 0.499353 0.011173 0.011161
0 0.679534 0.362625 0.011700 0.011297
0 0.683347 0.015388 0.010930 0.010866
0 0.344736 0.297288 0.022413 0.022238
0 0.005931 0.302571 0.011129 0.011225
0 0.733163 0.141147 0.010473 0.010358
0 0.171882 0.270927 0.009448 0.009913
0 0.744607 0.134687 0.008962 0.009858
0 0.188647 0.472048 0.009445 0.009856
0 0.376641 0.227411 0.017111 0.016996
0 0.231457 0.445505 0.011549 0.011336
0 0.706568 0.817762 0.011224 0.011226
0 0.814057 0.058304 0.010115 0.010392
0 0.183904 0.577008 0.011859 0.011569
0 0.448346 0.213340 0.016646 0.016773
0 0.068135 0.456646 0.010033 0.010351
0 0.242850 0.593818 0.010788 0.010659
