0 0.631718 0.864582 0.013255 0.013230
0 0.747975 0.617697 0.012969 0.012789
0 0.389316 0.869598 0.012613 0.012535
0 0.943288 0.643502 0.013182 0.013114
0 0.673622 0.329554 0.013335 0.013373
0 0.147834 0.509621 0.012989 0.012741
0 0.290400 0.459819 0.013547 0.013318
0 0.446415 0.961809 0.013028 0.012876
0 0.061619 0.371978 0.013469 0.013240
0 0.222049 0.470781 0.012880 0.012840
0 0.305469 0.393585 0.012622 0.012414
0 0.147735 0.255758 0.013435 0.013324
0 0.177471 0.578090 0.012416 0.012377
0 0.955424 0.860106 0.013347 0.013854
0 0.190995 0.647192 0.013258 0.013052
0 0.311251 0.534561 0.013937 0.013759
0 0.072196 0.251216 0.012554 0.012471
0 0.452150 0.779887 0.012559 0.012642
0 0.542105 0.976381 0.012465 0.012243
0 0.523232 0.350007 0.013197 0.012996
0 0.229632 0.403671 0.012674 0.012529
0 0.516071 0.511798 0.013519 0.013630
0 0.406719 0.959701 0.011845 0.011734
0 0.668881 0.629900 0.013240 0.013110
0 0.902403 0.051640 0.011827 0.011574
0 0.330249 0.518651 0.012787 0.012647
0 0.725280 0.294053 0.013525 0.013688
0 0.101725 0.328561 0.012277 0.012092
0 0.489420 0.670685 0.013028 0.013021
0 0.287469 0.604618 0.013004 0.012996
0 0.802298 0.897505 0.013974 0.013902
0 0.527676 0.821469 0.012473 0.012503
0 0.015431 0.115351 0.014064 0.013690
0 0.830425 0.683990 0.013826 0.013670
0 0.313810 0.487442 0.012169 0.012040
0 0.289344 0.046840 0.013638 0.013422
0 0.180158 0.987012 0.013155 0.013318
0 0.224278 0.648374 0.012335 0.012180
0 0.482795 0.746403 0.013127 0.013273
0 0.794806 0.822674 0.012735 0.012611
0 0.322844 0.034076 0.013221 0.013174
0 0.725979 0.594353 0.011872 0.012130
0 0.667227 0.912201 0.011257 0.011112
0 0.658552 0.610106 0.011643 0.011547
0 0.637703 0.531494 0.014775 0.015016
0 0.522978 0.059163 0.013725 0.013660
0 0.752495 0.951003 0.011853 0.012010
0 0.033324 0.585565 0.013422 0.013360
0 0.590757 0.492841 0.013096 0.013155
0 0.082246 0.011544 0.012857 0.012695
0 0.744325 0.997096 0.012140 0.005765
0 0.108384 0.981089 0.013360 0.013596
0 0.564502 0.986899 0.013787 0.013599
0 0.834594 0.058811 0.012471 0.012757
0 0.079269 0.234246 0.013596 0.013488
0 0.411637 0.484937 0.014143 0.014063
0 0.879574 0.178156 0.012519 0.012532
0 0.450580 0.357235 0.012613 0.012424
0 0.457910 0.525819 0.013563 0.013265
0 0.494138 0.544664 0.012965 0.013061
0 0.669886 0.494572 0.013729 0.013796
0 0.492202 0.046988 0.013012 0.012820
0 0.795588 0.622726 0.010491 0.010563
0 0.016206 0.224882 0.011555 0.011571
0 0.585457 0.300365 0.011818 0.011823
0 0.339500 0.662272 0.012744 0.012579
0 0.834248 0.179382 0.013494 0.012948
0 0.006239 0.281753 0.011546 0.011848
0 0.018947 0.555574 0.012753 0.012826
0 0.328433 0.364287 0.012346 0.012226
0 0.106189 0.016422 0.013678 0.013683
0 0.618646 0.178162 0.013354 0.013104
0 0.410006 0.110758 0.013601 0.013595
0 0.518276 0.887453 0.010914 0.010818
0 0.170550 0.302614 0.011840 0.011717
0 0.771417 0.069248 0.011399 0.011436
0 0.168909 0.772294 0.012167 0.012095
0 0.501134 0.858863 0.012861 0.012041
0 0.104500 0.401360 0.012817 0.012742
0 0.103304 0.682098 0.011920 0.012284
0 0.217505 0.769653 0.012348 0.012276
0 0.588549 0.412114 0.011936 0.011883
0 0.695254 0.568956 0.010381 0.010160
0 0.776599 0.847901 0.013395 0.013909
0 0.850382 0.396928 0.012306 0.012540
0 0.599281 0.013838 0.013249 0.012945
0 0.581429 0.045034 0.014360 0.014670
0 0.186176 0.892485 0.013044 0.013156
0 0.495556 0.992410 0.009581 0.009747
0 0.657314 0.197707 0.013406 0.013754
0 0.786814 0.005589 0.014229 0.011178
0 0.360271 0.233635 0.014103 0.013926
0 0.838177 0.198512 0.015069 0.015349
0 0.323472 0.074223 0.013042 0.012858
0 0.294012 0.686342 0.010359 0.010202
0 0.849334 0.709537 0.022108 0.021854
0 0.532789 0.630367 0.024298 0.024172
0 0.402352 0.571653 0.010906 0.010724
0 0.281834 0.731796 0.011619 0.011584
