0 0.703207 0.572976 0.011703 0.011590
0 0.346926 0.948863 0.011631 0.011507
0 0.519083 0.467219 0.013695 0.013636
0 0.043486 0.537131 0.013338 0.013441
0 0.538538 0.835868 0.013296 0.013329
0 0.418614 0.450874 0.013506 0.013467
0 0.473289 0.088932 0.013524 0.013314
0 0.026964 0.338175 0.012524 0.012485
0 0.086410 0.351390 0.011745 0.011857
0 0.936602 0.804319 0.013572 0.013592
0 0.674040 0.700566 0.012538 0.012498
0 0.773758 0.909980 0.013557 0.013473
0 0.647824 0.727060 0.013253 0.013397
0 0.029043 0.395028 0.012746 0.012443
0 0.561958 0.292610 0.014182 0.014135
0 0.425570 0.115526 0.013474 0.013208
0 0.065340 0.508052 0.011269 0.011145
0 0.523510 0.774892 0.012753 0.012815
0 0.450859 0.959620 0.012347 0.012381
0 0.070650 0.251045 0.013012 0.012959
0 0.889884 0.670657 0.013737 0.013891
0 0.045518 0.177885 0.011286 0.011128
0 0.549550 0.404058 0.013342 0.013161
0 0.441753 0.058427 0.012441 0.012436
0 0.346318 0.500279 0.013624 0.013546
0 0.150084 0.379564 0.012916 0.012897
0 0.385190 0.879933 0.011979 0.011897
0 0.523762 0.349802 0.013338 0.013116
0 0.272928 0.420354 0.014344 0.014156
0 0.840424 0.823560 0.011977 0.011929
0 0.594668 0.874114 0.012744 0.012880
0 0.746003 0.904421 0.013457 0.013364
0 0.319444 0.385433 0.014144 0.014214
0 0.644770 0.312700 0.014104 0.013813
0 0.807834 0.787386 0.014051 0.014061
0 0.747615 0.619666 0.013087 0.013057
0 0.222829 0.668884 0.011944 0.011967
0 0.760501 0.375355 0.014139 0.013951
0 0.694908 0.628180 0.011582 0.012376
0 0.184938 0.265950 0.012274 0.012164
0 0.376442 0.100545 0.012906 0.012844
0 0.148440 0.352542 0.013686 0.013903
0 0.511699 0.278861 0.013265 0.013182
0 0.222007 0.470324 0.012480 0.012479
0 0.196381 0.980309 0.012727 0.012714
0 0.761701 0.730314 0.011985 0.012035
0 0.160769 0.716928 0.013015 0.013101
0 0.338947 0.456152 0.010817 0.010810
0 0.954839 0.673917 0.011752 0.011778
0 0.667795 0.494187 0.012965 0.013096
0 0.110307 0.789082 0.012217 0.012162
0 0.284558 0.607154 0.013160 0.013004
0 0.080311 0.033485 0.013857 0.013885
0 0.713352 0.327228 0.012825 0.012939
0 0.112707 0.698654 0.013808 0.013676
0 0.035825 0.458523 0.012640 0.012629
0 0.541559 0.977108 0.012602 0.012402
0 0.075158 0.523334 0.013766 0.013643
0 0.331157 0.519025 0.012246 0.012142
0 0.398646 0.773522 0.013475 0.013468
0 0.142977 0.250188 0.013110 0.013343
0 0.696655 0.218185 0.013302 0.013195
0 0.104248 0.155261 0.011976 0.011633
0 0.064539 0.572466 0.015986 0.015854
0 0.051216 0.414058 0.012749 0.012816
0 0.023723 0.019036 0.012296 0.012104
0 0.708329 0.241254 0.012448 0.012495
0 0.370260 0.475605 0.012348 0.012488
0 0.107849 0.980034 0.013064 0.013147
0 0.828918 0.267581 0.013103 0.013275
0 0.849345 0.711883 0.022644 0.022607
0 0.843275 0.072553 0.013576 0.013127
0 0.395626 0.943591 0.009723 0.009588
0 0.312953 0.490145 0.012433 0.012373
0 0.663919 0.997389 0.012859 0.005171
0 0.910913 0.537144 0.012500 0.012281
0 0.486775 0.575775 0.012646 0.012606
0 0.184241 0.892167 0.012673 0.012750
0 0.463984 0.520567 0.011458 0.011596
0 0.098001 0.304296 0.012558 0.012999
0 0.136254 0.459255 0.013536 0.013267
0 0.588108 0.324280 0.012779 0.013019
0 0.004647 0.874496 0.009247 0.012898
0 0.281783 0.062764 0.013193 0.013569
0 0.559200 0.468828 0.013128 0.013498
0 0.367165 0.325247 0.011384 0.011210
0 0.600974 0.321212 0.012740 0.013187
0 0.528414 0.635233 0.017746 0.017459
0 0.508676 0.006809 0.014400 0.013618
0 0.587249 0.018651 0.013629 0.013768
0 0.284125 0.702513 0.014327 0.014107
0 0.322168 0.744131 0.011644 0.011448
0 0.667200 0.916187 0.014632 0.014716
0 0.848227 0.801070 0.012545 0.012841
0 0.356012 0.273541 0.014696 0.015019
0 0.917312 0.323266 0.013227 0.013075
0 0.585187 0.115533 0.012951 0.012831
0 0.859359 0.183529 0.013693 0.013832
0 0.222013 0.649517 0.012426 0.011923
0 0.928477 0.020722 0.014196 0.014392
0 0.835279 0.730681 0.012208 0.012420
0 0.859966 0.133247 0.010894 0.011335
0 0.785317 0.005402 0.013992 0.010805
0 0.374654 0.618102 0.012410 0.012696
0 0.995818 0.425359 0.008341 0.010219
0 0.131325 0.695188 0.010873 0.010338
0 0.502616 0.062395 0.011525 0.011738
0 0.782582 0.005378 0.014756 0.010719
0 0.434934 0.528830 0.014381 0.014779
0 0.422425 0.555206 0.011986 0.011958
0 0.558210 0.470324 0.012873 0.013540
0 0.281954 0.030080 0.013330 0.013454
0 0.353523 0.426377 0.016365 0.016601
0 0.590016 0.323006 0.013182 0.013084
