0 0.765918 0.974809 0.013750 0.013615
0 0.072647 0.348930 0.012196 0.012097
0 0.083994 0.852862 0.013456 0.013264
0 0.408374 0.426933 0.013928 0.013757
0 0.433635 0.174115 0.012166 0.012151
0 0.440616 0.059513 0.012554 0.012655
0 0.346324 0.038404 0.013601 0.013410
0 0.583021 0.488779 0.013242 0.013146
0 0.523650 0.349642 0.013176 0.012952
0 0.024706 0.411543 0.014619 0.014527
0 0.796716 0.429314 0.013484 0.013350
0 0.090107 0.450849 0.012735 0.012554
0 0.049593 0.925542 0.012623 0.012547
0 0.416055 0.878654 0.012651 0.012640
0 0.904530 0.413110 0.011700 0.011782
0 0.576507 0.336406 0.012402 0.012382
0 0.477253 0.406832 0.012453 0.012299
0 0.510072 0.590424 0.012845 0.012741
0 0.578626 0.226503 0.012066 0.012425
0 0.009391 0.464004 0.012419 0.012252
0 0.888929 0.315606 0.012365 0.012228
0 0.197155 0.589443 0.013652 0.013735
0 0.085539 0.387647 0.013398 0.013299
0 0.739839 0.940768 0.014125 0.014263
0 0.484639 0.357233 0.012152 0.011805
0 0.533815 0.505654 0.012234 0.012018
0 0.517917 0.686971 0.012525 0.012349
0 0.371554 0.598318 0.013519 0.013524
0 0.467287 0.026352 0.014383 0.013936
0 0.451428 0.957342 0.013442 0.013562
0 0.205948 0.246867 0.012306 0.011980
0 0.336714 0.476679 0.013138 0.013048
0 0.295414 0.504903 0.012527 0.012651
0 0.461970 0.108082 0.012120 0.011997
0 0.318238 0.882074 0.012761 0.012326
0 0.555607 0.697467 0.012445 0.012356
0 0.699232 0.887791 0.013424 0.013198
0 0.747294 0.790163 0.013976 0.013638
0 0.326268 0.124750 0.013277 0.013579
0 0.291164 0.012583 0.012370 0.012344
0 0.221660 0.470122 0.012991 0.012925
0 0.705877 0.652207 0.011983 0.012166
0 0.285809 0.604955 0.013155 0.013018
0 0.382769 0.563169 0.013441 0.013399
0 0.106256 0.691937 0.013946 0.013854
0 0.347041 0.161571 0.013251 0.013212
0 0.043930 0.889210 0.012476 0.012344
0 0.751139 0.012763 0.014343 0.014239
0 0.540969 0.485836 0.013226 0.013253
0 0.531086 0.219666 0.011075 0.010795
0 0.108157 0.980695 0.013012 0.013011
0 0.923613 0.848957 0.013350 0.013303
0 0.804995 0.704296 0.013022 0.012899
0 0.920602 0.046709 0.013840 0.013985
0 0.746992 0.619838 0.013264 0.013418
0 0.512271 0.401070 0.012816 0.012893
0 0.409558 0.626968 0.012151 0.012123
0 0.300733 0.254468 0.013228 0.013148
0 0.491325 0.081755 0.014335 0.014208
0 0.707736 0.368694 0.013925 0.013807
0 0.334868 0.839804 0.012336 0.012396
0 0.470007 0.579977 0.012767 0.012486
0 0.184031 0.891698 0.012796 0.012833
0 0.366687 0.458566 0.011964 0.012085
0 0.768110 0.309455 0.011872 0.011854
0 0.155225 0.298903 0.011988 0.012146
0 0.011202 0.598379 0.012494 0.012144
0 0.137941 0.661053 0.012126 0.012278
0 0.289520 0.774902 0.011952 0.011965
0 0.493893 0.544135 0.013604 0.013962
0 0.183194 0.357528 0.011581 0.011745
0 0.322293 0.523346 0.013876 0.013548
0 0.508118 0.819177 0.012212 0.012005
0 0.534634 0.450374 0.012577 0.012573
0 0.223926 0.648604 0.012225 0.012071
0 0.229388 0.437858 0.014925 0.014883
0 0.612617 0.281650 0.011832 0.011679
0 0.086992 0.892427 0.012160 0.012387
0 0.541527 0.976577 0.012456 0.012453
0 0.063823 0.387525 0.011907 0.011866
0 0.624616 0.877487 0.011921 0.011819
0 0.849543 0.712123 0.023145 0.023204
0 0.953988 0.049731 0.013496 0.013573
0 0.513004 0.218260 0.011238 0.010736
0 0.469015 0.865458 0.012566 0.012333
0 0.759767 0.805167 0.012510 0.012475
0 0.348889 0.790758 0.012361 0.012052
0 0.531879 0.630841 0.019859 0.019248
0 0.430496 0.019494 0.014543 0.014504
0 0.202582 0.731682 0.012816 0.012785
0 0.667641 0.151367 0.012236 0.012236
0 0.753245 0.227880 0.011946 0.012015
0 0.397050 0.943166 0.009620 0.009636
0 0.853107 0.436285 0.012321 0.012200
0 0.075023 0.568119 0.015381 0.014883
0 0.399602 0.572662 0.010027 0.009761
0 0.057027 0.096455 0.013344 0.013282
0 0.521484 0.066035 0.011251 0.011718
0 0.838107 0.203661 0.012188 0.011846
