0 0.135388 0.528573 0.011931 0.011860
0 0.173360 0.435104 0.012822 0.012685
0 0.041213 0.534574 0.012055 0.012001
0 0.502453 0.716961 0.013160 0.013087
0 0.580903 0.435641 0.012086 0.012169
0 0.518195 0.445575 0.013624 0.013645
0 0.431783 0.499790 0.013740 0.013710
0 0.935827 0.870941 0.013290 0.013156
0 0.050281 0.511582 0.012450 0.012147
0 0.393703 0.867315 0.013119 0.013076
0 0.160602 0.609276 0.013361 0.013231
0 0.746612 0.706778 0.013655 0.013586
0 0.109197 0.391546 0.013707 0.013575
0 0.252286 0.502942 0.011642 0.011704
0 0.542288 0.341471 0.013974 0.013877
0 0.764059 0.617721 0.012621 0.012635
0 0.487212 0.436310 0.012016 0.011712
0 0.378702 0.620389 0.012237 0.011704
0 0.592746 0.484757 0.012479 0.012304
0 0.029621 0.383857 0.014194 0.013850
0 0.431375 0.715542 0.012967 0.012762
0 0.472871 0.564936 0.012422 0.012256
0 0.475919 0.050959 0.013252 0.013068
0 0.788900 0.445563 0.013945 0.013977
0 0.675337 0.521517 0.014455 0.014339
0 0.400656 0.009072 0.014151 0.014458
0 0.404449 0.829718 0.012653 0.012592
0 0.288615 0.607103 0.013140 0.013006
0 0.853333 0.626028 0.012569 0.012699
0 0.395786 0.071222 0.013244 0.013125
0 0.449325 0.958996 0.013378 0.013463
0 0.726933 0.851589 0.011785 0.011778
0 0.401494 0.584181 0.012152 0.012123
0 0.633354 0.644294 0.012737 0.012670
0 0.328582 0.134129 0.013001 0.012926
0 0.318926 0.424009 0.014269 0.014451
0 0.326928 0.370126 0.012846 0.012718
0 0.250838 0.696679 0.012191 0.012091
0 0.749708 0.897062 0.012868 0.012869
0 0.445229 0.090868 0.013227 0.013095
0 0.610369 0.232143 0.013114 0.013151
0 0.222338 0.469202 0.012748 0.012811
0 0.568570 0.060360 0.013545 0.013576
0 0.930138 0.064147 0.013201 0.012895
0 0.226642 0.782658 0.013292 0.013100
0 0.401307 0.233299 0.012530 0.012325
0 0.084013 0.006616 0.013534 0.013232
0 0.082601 0.251070 0.012045 0.012005
0 0.299181 0.031458 0.013516 0.013376
0 0.009980 0.544635 0.013556 0.013578
0 0.747114 0.619544 0.012663 0.012598
0 0.340944 0.262397 0.014523 0.014354
0 0.599035 0.586443 0.011637 0.011728
0 0.888287 0.147143 0.012790 0.012769
0 0.223550 0.648924 0.012413 0.012273
0 0.328086 0.492462 0.013566 0.013544
0 0.554542 0.022985 0.013668 0.013487
0 0.008532 0.885022 0.014045 0.014079
0 0.847481 0.079955 0.012736 0.012681
0 0.357167 0.490060 0.013623 0.013406
0 0.399603 0.944695 0.012016 0.011816
0 0.090415 0.338645 0.012349 0.012272
0 0.522487 0.351257 0.012973 0.012738
0 0.542649 0.977235 0.012840 0.012737
0 0.091482 0.717610 0.012853 0.013044
0 0.015558 0.447550 0.011273 0.011345
0 0.608683 0.930443 0.011942 0.011917
0 0.438369 0.319930 0.012283 0.012146
0 0.861137 0.153712 0.012818 0.012613
0 0.108339 0.981284 0.013400 0.013587
0 0.392694 0.096497 0.013373 0.013360
0 0.785176 0.226773 0.012528 0.012444
0 0.515967 0.182589 0.012907 0.012706
0 0.631288 0.324407 0.012820 0.012342
0 0.185142 0.892036 0.012870 0.012950
0 0.107221 0.527963 0.012740 0.012513
0 0.737922 0.310854 0.013852 0.013674
0 0.121960 0.708541 0.011321 0.011362
0 0.963118 0.472524 0.012988 0.012984
0 0.468693 0.848679 0.012042 0.012201
0 0.440559 0.059245 0.011990 0.011982
0 0.571041 0.002194 0.011796 0.004389
0 0.166875 0.253212 0.013730 0.013647
0 0.127050 0.057761 0.013385 0.013605
0 0.740284 0.952929 0.013027 0.013193
0 0.532497 0.630000 0.023950 0.023530
0 0.311444 0.677976 0.012476 0.012333
0 0.579850 0.027389 0.012575 0.012798
0 0.678596 0.244580 0.012371 0.012156
0 0.508164 0.543370 0.012677 0.011870
0 0.496229 0.993706 0.009998 0.010186
0 0.069882 0.339367 0.011762 0.011528
0 0.996118 0.423510 0.007763 0.010955
0 0.627720 0.263586 0.011902 0.011913
0 0.074029 0.836100 0.012102 0.012056
0 0.772901 0.005906 0.012948 0.011809
