0 0.401288 0.267729 0.013946 0.014075
0 0.713337 0.955198 0.013964 0.013926
0 0.388071 0.402862 0.010982 0.011067
0 0.319751 0.158032 0.012295 0.012157
0 0.744671 0.141344 0.013499 0.013622
0 0.483692 0.269089 0.013829 0.013909
0 0.349653 0.405411 0.012980 0.012849
0 0.454762 0.285511 0.012941 0.012851
0 0.207048 0.611034 0.012313 0.012240
0 0.863143 0.019425 0.012976 0.012991
0 0.362480 0.159080 0.013839 0.014028
0 0.898994 0.028922 0.012886 0.013103
0 0.152051 0.598490 0.013337 0.013187
0 0.134300 0.536295 0.013182 0.013077
0 0.642002 0.904457 0.013084 0.013016
0 0.524814 0.347262 0.013912 0.013938
0 0.542636 0.371466 0.012442 0.012392
0 0.461273 0.959794 0.013626 0.013555
0 0.709050 0.317633 0.013095 0.013142
0 0.807348 0.403030 0.013145 0.013236
0 0.426029 0.748331 0.013960 0.013843
0 0.199806 0.145098 0.012819 0.012786
0 0.903597 0.443903 0.013088 0.012945
0 0.591470 0.586414 0.014516 0.014275
0 0.169175 0.768965 0.013645 0.013638
0 0.801072 0.277285 0.012700 0.012590
0 0.724279 0.125938 0.012863 0.012701
0 0.870592 0.114195 0.012648 0.012753
0 0.419817 0.135603 0.013646 0.013513
0 0.266001 0.189246 0.014452 0.014590
0 0.540101 0.229664 0.011921 0.012102
0 0.345827 0.041283 0.013581 0.013438
0 0.419353 0.949043 0.013616 0.013543
0 0.500864 0.798154 0.013272 0.013231
0 0.544886 0.972889 0.013105 0.012929
0 0.738261 0.443382 0.013427 0.013284
0 0.649944 0.729240 0.012488 0.012505
0 0.613994 0.786075 0.014048 0.014246
0 0.894572 0.631307 0.012087 0.012247
0 0.686413 0.046387 0.013370 0.013207
0 0.439188 0.476682 0.013443 0.013360
0 0.095918 0.431879 0.013020 0.012918
0 0.952699 0.178736 0.012568 0.012828
0 0.222945 0.467219 0.013422 0.013238
0 0.304105 0.711943 0.013860 0.013926
0 0.812697 0.442229 0.011844 0.012009
0 0.923134 0.724668 0.010464 0.010181
0 0.740725 0.390870 0.012666 0.012626
0 0.158636 0.939343 0.013806 0.013603
0 0.395844 0.113550 0.012977 0.012687
0 0.705475 0.375595 0.012554 0.012957
0 0.782694 0.311534 0.012549 0.012374
0 0.745452 0.604399 0.013717 0.013806
0 0.332052 0.518046 0.012201 0.011968
0 0.226941 0.649893 0.012486 0.012140
0 0.240828 0.746087 0.011937 0.012020
0 0.047203 0.251076 0.014224 0.014022
0 0.044556 0.587599 0.013313 0.013315
0 0.485698 0.418981 0.012821 0.012777
0 0.471243 0.066627 0.011688 0.011678
0 0.605355 0.537868 0.011091 0.011167
0 0.195435 0.519739 0.011770 0.011428
0 0.953874 0.025944 0.011233 0.011340
0 0.645066 0.248445 0.012100 0.012186
0 0.081410 0.809393 0.013646 0.013533
0 0.421733 0.555773 0.014682 0.014608
0 0.271137 0.693810 0.011088 0.010997
0 0.089729 0.045338 0.012350 0.012366
0 0.823517 0.069257 0.011283 0.011173
0 0.417058 0.209656 0.012837 0.012767
0 0.033176 0.707644 0.013009 0.013005
0 0.004194 0.428035 0.008386 0.012734
0 0.153729 0.913939 0.011703 0.011723
0 0.712302 0.003175 0.011632 0.006351
0 0.143429 0.372771 0.013065 0.013038
0 0.484872 0.670604 0.011468 0.011506
0 0.594439 0.973294 0.013221 0.013280
0 0.500696 0.858033 0.011732 0.011768
0 0.672866 0.127236 0.011111 0.011152
0 0.109203 0.979896 0.013506 0.013606
0 0.452982 0.004823 0.013226 0.009644
0 0.369525 0.809888 0.010993 0.010907
0 0.509138 0.047894 0.011453 0.011438
0 0.186368 0.889859 0.012575 0.012654
0 0.788722 0.004565 0.012319 0.009130
0 0.056391 0.796670 0.012746 0.012891
0 0.002624 0.505781 0.005202 0.014357
0 0.942418 0.613200 0.012012 0.011831
0 0.982840 0.211016 0.014123 0.013608
0 0.897797 0.218324 0.010939 0.010886
0 0.884529 0.365416 0.013342 0.012539
0 0.220651 0.749566 0.011318 0.011241
0 0.177824 0.051508 0.012730 0.012829
0 0.595419 0.010276 0.013363 0.014062
0 0.577444 0.440604 0.011377 0.010931
0 0.019034 0.489636 0.012175 0.011636
0 0.315894 0.903550 0.009642 0.009792
0 0.063986 0.574854 0.017066 0.016896
0 0.884336 0.627648 0.009248 0.009307
0 0.686076 0.369321 0.010687 0.010407
0 0.593734 0.975106 0.012786 0.013704
0 0.496937 0.541553 0.012994 0.012446
