0 0.141630 0.271763 0.013075 0.012931
0 0.298396 0.318891 0.013533 0.013276
0 0.390578 0.493750 0.012561 0.012572
0 0.366744 0.439372 0.012359 0.012444
0 0.326967 0.237519 0.013072 0.012960
0 0.851659 0.656244 0.012542 0.012547
0 0.370164 0.089879 0.013185 0.012942
0 0.186053 0.363114 0.012632 0.012505
0 0.588467 0.365579 0.012675 0.012596
0 0.098890 0.831311 0.012891 0.012796
0 0.473114 0.366143 0.012731 0.012648
0 0.683003 0.942181 0.013718 0.013629
0 0.465569 0.716052 0.012336 0.012250
0 0.353969 0.138922 0.012770 0.012600
0 0.110218 0.232585 0.014206 0.014145
0 0.771121 0.925261 0.013982 0.013987
0 0.443351 0.513423 0.012919 0.012599
0 0.487617 0.788884 0.013644 0.013605
0 0.454814 0.761182 0.013615 0.013699
0 0.932939 0.878432 0.012934 0.012996
0 0.842652 0.315882 0.012196 0.012084
0 0.469184 0.619756 0.012905 0.012851
0 0.783368 0.367768 0.012601 0.012375
0 0.267976 0.123867 0.013027 0.013036
0 0.623917 0.717011 0.012888 0.012950
0 0.274814 0.760487 0.012715 0.012664
0 0.703911 0.417341 0.014021 0.013875
0 0.489330 0.144594 0.012364 0.012434
0 0.572246 0.566677 0.013698 0.013569
0 0.938811 0.698782 0.013243 0.013304
0 0.400924 0.066220 0.011153 0.011208
0 0.604504 0.592055 0.012122 0.012118
0 0.316885 0.657143 0.013715 0.013579
0 0.146952 0.175504 0.012690 0.012576
0 0.450640 0.475298 0.013103 0.013288
0 0.224352 0.737861 0.012972 0.012832
0 0.264170 0.344472 0.012215 0.012182
0 0.778683 0.463468 0.012052 0.011941
0 0.744249 0.646228 0.013909 0.014130
0 0.550370 0.450577 0.014366 0.014365
0 0.869413 0.350162 0.013091 0.013249
0 0.260334 0.270238 0.011880 0.011884
0 0.150996 0.230194 0.012965 0.012888
0 0.048799 0.284386 0.012345 0.012488
0 0.350016 0.791368 0.012696 0.012938
0 0.383239 0.525091 0.014172 0.014102
0 0.375458 0.383187 0.012260 0.012165
0 0.592811 0.456970 0.013904 0.013666
0 0.332364 0.417718 0.011424 0.011514
0 0.140673 0.334067 0.011061 0.010981
0 0.182432 0.093872 0.014660 0.014844
0 0.520295 0.122854 0.014244 0.014084
0 0.524225 0.752020 0.014140 0.014179
0 0.155200 0.473380 0.012366 0.012241
0 0.899783 0.532773 0.014329 0.014317
0 0.123501 0.920223 0.011908 0.011886
0 0.876252 0.382571 0.012958 0.013077
0 0.914348 0.141730 0.013813 0.013499
0 0.610324 0.329519 0.017493 0.017342
0 0.332123 0.938596 0.013372 0.013512
0 0.952970 0.486563 0.012979 0.013087
0 0.765092 0.235920 0.012274 0.012250
0 0.232905 0.664711 0.012807 0.012587
0 0.987732 0.542674 0.013611 0.013709
0 0.994239 0.849810 0.011388 0.015250
0 0.907501 0.239293 0.013412 0.013932
0 0.908906 0.311455 0.012489 0.012443
0 0.684995 0.318020 0.013641 0.013713
0 0.120141 0.732556 0.013568 0.013532
0 0.857516 0.435050 0.013900 0.014069
0 0.698280 0.283231 0.013218 0.013079
0 0.522187 0.235693 0.013210 0.013234
0 0.422996 0.095381 0.013667 0.013740
0 0.264193 0.560495 0.011961 0.012083
0 0.351087 0.621927 0.012785 0.012705
0 0.962384 0.470904 0.013625 0.013469
0 0.514900 0.572824 0.011913 0.011781
0 0.229656 0.885386 0.012921 0.012894
0 0.386719 0.346944 0.012818 0.012675
0 0.008004 0.772639 0.013150 0.012861
0 0.194823 0.821972 0.011888 0.011830
0 0.161424 0.455311 0.014670 0.014401
0 0.639441 0.192887 0.013175 0.013162
0 0.462385 0.236558 0.012863 0.012736
0 0.182574 0.075444 0.012627 0.012614
0 0.535199 0.488442 0.013094 0.013016
0 0.565507 0.301649 0.013976 0.014093
0 0.722610 0.151272 0.013247 0.013473
0 0.265023 0.950238 0.011940 0.012113
0 0.417113 0.979543 0.013546 0.013366
0 0.562395 0.951001 0.012683 0.012297
0 0.976945 0.866125 0.013522 0.013457
0 0.687513 0.503717 0.013575 0.013512
0 0.838091 0.398422 0.012131 0.011956
0 0.737427 0.135461 0.015095 0.014883
0 0.337443 0.639120 0.011462 0.011528
0 0.820670 0.015130 0.012577 0.012829
0 0.225743 0.356922 0.011145 0.010902
0 0.712053 0.830447 0.011873 0.011833
0 0.896263 0.289335 0.014195 0.014052
0 0.729852 0.514184 0.013294 0.012757
0 0.151665 0.729802 0.013786 0.013489
0 0.477993 0.013873 0.012926 0.012803
0 0.258318 0.891551 0.011529 0.011170
0 0.119917 0.416051 0.011427 0.011234
0 0.305858 0.212863 0.014280 0.014386
0 0.619020 0.445558 0.014622 0.014877
0 0.602549 0.870072 0.011387 0.011048
0 0.129625 0.074048 0.013458 0.013500
0 0.882477 0.595863 0.014163 0.014307
0 0.403789 0.690060 0.012957 0.012935
0 0.477852 0.706054 0.011781 0.011677
0 0.377280 0.955654 0.012844 0.012677
0 0.052427 0.690157 0.012392 0.012395
0 0.594663 0.615632 0.014127 0.014089
0 0.861843 0.742541 0.013793 0.013697
0 0.210389 0.822818 0.013032 0.012940
0 0.557686 0.761766 0.011260 0.011151
0 0.962027 0.175437 0.010921 0.010914
0 0.896830 0.035425 0.010541 0.010608
0 0.941032 0.588991 0.012939 0.012759
0 0.196098 0.909836 0.011941 0.011848
0 0.663774 0.217237 0.011437 0.011525
0 0.151610 0.205735 0.013490 0.013573
0 0.991023 0.244182 0.011470 0.011757
0 0.304205 0.566658 0.012845 0.012588
0 0.087928 0.739251 0.012355 0.012430
0 0.052685 0.098453 0.013973 0.013973
0 0.275263 0.468509 0.011913 0.012430
0 0.978006 0.304598 0.012119 0.012134
0 0.566094 0.473046 0.014355 0.014346
0 0.143670 0.089401 0.013612 0.013395
0 0.900482 0.616207 0.011685 0.011764
0 0.868291 0.933565 0.010353 0.011112
0 0.602500 0.239630 0.014041 0.014687
0 0.118828 0.096693 0.012485 0.012276
0 0.378164 0.403819 0.015274 0.015045
0 0.590409 0.745192 0.012376 0.012056
0 0.760582 0.479635 0.012483 0.012731
0 0.057823 0.951972 0.013421 0.013145
0 0.461227 0.054797 0.015232 0.015110
0 0.723579 0.276826 0.010897 0.010704
0 0.004175 0.843961 0.008278 0.011729
0 0.545657 0.048301 0.018626 0.019318
0 0.209411 0.755870 0.012901 0.012948
0 0.783163 0.732805 0.013996 0.013754
0 0.531900 0.724669 0.012184 0.011886
0 0.592718 0.889601 0.012791 0.012608
0 0.216168 0.474137 0.011841 0.011205
0 0.801662 0.584097 0.012327 0.012183
0 0.566517 0.232236 0.012794 0.012070
0 0.132787 0.373380 0.013355 0.013125
0 0.334068 0.080316 0.014726 0.014613
0 0.510124 0.467919 0.017381 0.017851
0 0.551998 0.734404 0.012292 0.012353
0 0.345516 0.290435 0.024711 0.024515
0 0.823364 0.301880 0.009553 0.009651
0 0.557079 0.055361 0.013441 0.013292
0 0.849751 0.710341 0.021902 0.021329
0 0.185625 0.389675 0.012783 0.012433
0 0.991450 0.222446 0.011523 0.011726
0 0.742335 0.345891 0.012745 0.012648
0 0.003535 0.592021 0.007071 0.012068
0 0.878929 0.099228 0.010476 0.010450
0 0.531488 0.629146 0.023370 0.023261
0 0.215031 0.489877 0.015112 0.015017
0 0.461577 0.979586 0.011998 0.011813
0 0.002830 0.593233 0.005620 0.012475
0 0.119122 0.510082 0.013836 0.013798
0 0.737126 0.505251 0.011397 0.011433
0 0.732126 0.513024 0.013268 0.012773
0 0.383605 0.694493 0.013105 0.013311
0 0.253491 0.634256 0.011200 0.011520
0 0.959964 0.966941 0.009487 0.009497
0 0.784751 0.109373 0.013585 0.013544
0 0.922062 0.520036 0.012058 0.011652
0 0.652950 0.343377 0.014592 0.014361
0 0.681329 0.687641 0.011512 0.011164
0 0.880631 0.098851 0.011098 0.011277
0 0.518449 0.856123 0.011230 0.011292
0 0.613053 0.949049 0.011665 0.011443
