0 0.376336 0.150799 0.013216 0.013221
0 0.801526 0.943774 0.012972 0.012973
0 0.763666 0.918626 0.012267 0.012242
0 0.663923 0.058868 0.013738 0.013758
0 0.788159 0.626896 0.013116 0.012992
0 0.891084 0.806954 0.012477 0.012504
0 0.505583 0.246928 0.012140 0.011994
0 0.544343 0.200816 0.013431 0.013415
0 0.840316 0.873401 0.012153 0.012024
0 0.983546 0.789240 0.013023 0.013072
0 0.515482 0.713305 0.013780 0.013873
0 0.958436 0.371310 0.012738 0.012612
0 0.749024 0.618177 0.013363 0.013094
0 0.518089 0.094774 0.013174 0.012967
0 0.405050 0.078646 0.011350 0.011398
0 0.533902 0.577198 0.012495 0.012172
0 0.441967 0.293019 0.013875 0.013841
0 0.206181 0.218385 0.013661 0.013564
0 0.158044 0.707302 0.013113 0.013176
0 0.828105 0.626366 0.013609 0.013706
0 0.962017 0.657821 0.013579 0.013617
0 0.777693 0.948431 0.012559 0.012539
0 0.242703 0.052844 0.011989 0.011717
0 0.343268 0.012200 0.012744 0.012668
0 0.350025 0.688326 0.010966 0.010849
0 0.760212 0.549725 0.012531 0.012634
0 0.231139 0.168839 0.012767 0.012671
0 0.377282 0.680473 0.013342 0.013400
0 0.292643 0.837318 0.011766 0.011750
0 0.202290 0.363286 0.013144 0.012987
0 0.581070 0.352485 0.012400 0.012192
0 0.614118 0.793188 0.013818 0.013549
0 0.764748 0.700451 0.012700 0.012505
0 0.630897 0.077011 0.013398 0.013016
0 0.279019 0.804290 0.013357 0.013410
0 0.320590 0.820521 0.011972 0.012011
0 0.175303 0.035695 0.013306 0.013179
0 0.600427 0.058984 0.013174 0.013258
0 0.752366 0.658636 0.012017 0.012021
0 0.874875 0.481854 0.012990 0.013021
0 0.735082 0.669446 0.012085 0.011830
0 0.405526 0.883444 0.013274 0.013090
0 0.390082 0.290946 0.012107 0.012132
0 0.457570 0.960187 0.012735 0.012544
0 0.074678 0.379180 0.013237 0.013265
0 0.437194 0.810845 0.012480 0.012450
0 0.270465 0.204526 0.012875 0.012924
0 0.789185 0.779273 0.012552 0.012621
0 0.566295 0.604486 0.013564 0.013296
0 0.133163 0.718980 0.012129 0.012007
0 0.440677 0.059326 0.012572 0.012746
0 0.540961 0.973371 0.011426 0.011182
0 0.255473 0.222193 0.013073 0.013361
0 0.453036 0.752594 0.011387 0.010857
0 0.184965 0.891016 0.012579 0.012511
0 0.340223 0.652053 0.013188 0.013449
0 0.330171 0.519518 0.012625 0.012230
0 0.026231 0.959204 0.012832 0.012713
0 0.525189 0.349342 0.013339 0.013167
0 0.243718 0.458876 0.012683 0.012605
0 0.236235 0.786162 0.012456 0.012367
0 0.471012 0.216481 0.013480 0.013656
0 0.702180 0.841718 0.011647 0.011383
0 0.519291 0.875651 0.011987 0.012191
0 0.037921 0.858501 0.012402 0.012307
0 0.622325 0.650343 0.012561 0.012594
0 0.214664 0.448799 0.012437 0.012445
0 0.978290 0.261138 0.012192 0.012318
0 0.905619 0.927794 0.012416 0.012493
0 0.395823 0.455260 0.011324 0.010962
0 0.041456 0.280331 0.013476 0.013214
0 0.288969 0.520479 0.012631 0.012593
0 0.109203 0.980961 0.013306 0.013461
0 0.727146 0.478457 0.012515 0.012508
0 0.636055 0.592247 0.011601 0.011491
0 0.379789 0.909822 0.011887 0.011818
0 0.145575 0.640077 0.011673 0.011500
0 0.313801 0.436156 0.012687 0.012674
0 0.950751 0.018375 0.013472 0.013518
0 0.077518 0.696498 0.012171 0.012361
0 0.704317 0.635187 0.012938 0.012826
0 0.916698 0.399226 0.012448 0.012181
0 0.036677 0.478867 0.013061 0.013140
0 0.076828 0.633636 0.012396 0.012171
0 0.618421 0.080192 0.012450 0.012712
0 0.225119 0.650782 0.012641 0.012302
0 0.848932 0.711067 0.022848 0.022984
0 0.221853 0.470625 0.012271 0.012253
0 0.719323 0.345276 0.013747 0.013795
0 0.589493 0.992670 0.011675 0.011634
0 0.117030 0.385025 0.012540 0.012330
0 0.501688 0.902325 0.011403 0.011186
0 0.576971 0.947529 0.010793 0.010895
0 0.088011 0.147164 0.013538 0.013479
0 0.105592 0.807154 0.011281 0.011309
0 0.525823 0.364910 0.012511 0.012430
0 0.078381 0.664756 0.012085 0.012141
0 0.031444 0.038299 0.011997 0.011574
0 0.789598 0.005191 0.011679 0.010282
0 0.505312 0.839002 0.011385 0.011223
0 0.273156 0.174550 0.012270 0.012154
0 0.998184 0.379230 0.003602 0.010886
0 0.717784 0.847840 0.014254 0.013145
0 0.693829 0.329513 0.012259 0.012102
0 0.154226 0.178856 0.012685 0.012600
0 0.910823 0.591542 0.012304 0.012119
0 0.770219 0.003598 0.013991 0.007184
0 0.818818 0.725774 0.013025 0.013015
0 0.033331 0.589048 0.011287 0.011680
0 0.401908 0.571665 0.009981 0.010044
0 0.541092 0.505234 0.012402 0.012837
0 0.415975 0.467309 0.010763 0.010569
0 0.880559 0.363023 0.013294 0.013430
0 0.140226 0.528766 0.011616 0.011536
0 0.620286 0.079392 0.013815 0.012839
