0 0.235945 0.698887 0.014336 0.014269
0 0.743333 0.487730 0.013738 0.013624
0 0.880160 0.380360 0.014264 0.014319
0 0.931621 0.388821 0.015249 0.015274
0 0.675015 0.620354 0.017040 0.016793
0 0.187903 0.529471 0.014511 0.014467
0 0.885765 0.322675 0.016055 0.015947
0 0.896661 0.557216 0.014191 0.014166
0 0.288846 0.873177 0.013533 0.013550
0 0.213267 0.380500 0.014289 0.014468
0 0.572403 0.298206 0.014093 0.013907
0 0.038437 0.119859 0.013844 0.013766
0 0.735444 0.560049 0.014575 0.014384
0 0.955488 0.555245 0.014654 0.014619
0 0.226226 0.182301 0.014528 0.014369
0 0.835564 0.281556 0.014743 0.014758
0 0.397001 0.693568 0.014090 0.014013
0 0.132448 0.596666 0.014048 0.013910
0 0.040899 0.168063 0.014386 0.013950
0 0.290574 0.686021 0.014347 0.014177
0 0.717640 0.433104 0.015239 0.015200
0 0.033529 0.913690 0.014490 0.014300
0 0.773228 0.445532 0.014212 0.014026
0 0.200807 0.619493 0.014773 0.014502
0 0.919855 0.081886 0.014564 0.014475
0 0.070912 0.719821 0.018333 0.018321
0 0.940866 0.616683 0.014845 0.014895
0 0.544215 0.063390 0.013939 0.013987
0 0.271297 0.073713 0.013997 0.013874
0 0.847119 0.718142 0.021047 0.020843
0 0.952238 0.948057 0.014677 0.014419
0 0.167119 0.203432 0.014677 0.014565
0 0.360363 0.016702 0.013993 0.013926
0 0.574921 0.556740 0.014970 0.014995
0 0.616412 0.195563 0.014229 0.014152
0 0.029248 0.577272 0.013987 0.014007
0 0.943626 0.202820 0.013982 0.013856
0 0.599825 0.132364 0.013973 0.014078
0 0.624030 0.570724 0.014492 0.014342
0 0.628995 0.844046 0.014241 0.014297
0 0.768007 0.163641 0.015214 0.015218
0 0.015565 0.310327 0.014632 0.014308
0 0.147243 0.917526 0.015084 0.014986
0 0.447738 0.309969 0.014432 0.014342
0 0.414350 0.259421 0.013213 0.012864
0 0.199929 0.769409 0.014711 0.014679
0 0.624174 0.894996 0.014261 0.013993
0 0.354567 0.274227 0.013852 0.013859
0 0.100631 0.058705 0.014525 0.014692
0 0.962370 0.326911 0.013375 0.013438
0 0.204688 0.243112 0.016965 0.017050
0 0.582037 0.597920 0.014894 0.015099
0 0.331405 0.602653 0.014803 0.014871
0 0.116319 0.711142 0.014697 0.014663
0 0.589851 0.874465 0.013325 0.013134
0 0.175590 0.636523 0.015874 0.015631
0 0.737169 0.618036 0.015609 0.015839
0 0.688974 0.792539 0.013775 0.013759
0 0.147596 0.694457 0.014534 0.014561
0 0.735601 0.371093 0.014509 0.014519
0 0.348294 0.299211 0.023187 0.023238
0 0.151881 0.568790 0.015627 0.015560
0 0.143670 0.861239 0.014770 0.014919
0 0.024120 0.647300 0.013849 0.013859
0 0.086815 0.907746 0.014096 0.013867
0 0.235066 0.831302 0.013970 0.013953
0 0.066826 0.576407 0.020636 0.020289
0 0.646485 0.547872 0.014640 0.014434
0 0.550974 0.847540 0.015408 0.015436
0 0.470500 0.053532 0.014117 0.014218
0 0.672057 0.466355 0.014867 0.014808
0 0.670510 0.251144 0.015206 0.015250
0 0.456931 0.623046 0.014229 0.014356
0 0.723292 0.980057 0.014892 0.014828
0 0.602615 0.667001 0.014808 0.014611
0 0.719013 0.705378 0.015121 0.015760
0 0.475424 0.244137 0.015932 0.016074
0 0.272370 0.832428 0.014152 0.013910
0 0.449069 0.242290 0.014559 0.014459
0 0.645730 0.399651 0.014238 0.014361
0 0.619174 0.713486 0.017798 0.017787
0 0.467967 0.423091 0.015061 0.014956
0 0.640436 0.722593 0.014995 0.014819
0 0.532129 0.640424 0.021851 0.021338
0 0.697535 0.237521 0.014427 0.014591
0 0.366961 0.962703 0.015549 0.015444
0 0.260335 0.562373 0.014815 0.014599
0 0.665816 0.140605 0.017144 0.016773
0 0.767190 0.928903 0.015385 0.015343
0 0.922153 0.147212 0.021144 0.021047
0 0.079116 0.994259 0.013763 0.011415
0 0.798500 0.276073 0.014988 0.014917
0 0.485005 0.359497 0.015304 0.015157
0 0.993609 0.026302 0.012782 0.014679
0 0.589438 0.711876 0.014733 0.014530
0 0.819400 0.942249 0.013879 0.013684
0 0.479110 0.472226 0.015418 0.015418
0 0.068539 0.760951 0.014593 0.014677
0 0.868636 0.048230 0.015282 0.015482
0 0.425688 0.386546 0.015377 0.015592
0 0.472472 0.142977 0.013685 0.013664
0 0.433612 0.211379 0.013788 0.013575
0 0.746837 0.831270 0.014210 0.014571
0 0.020768 0.007098 0.015467 0.014066
0 0.551958 0.673425 0.013618 0.013386
0 0.123462 0.240411 0.016119 0.016121
0 0.845626 0.139944 0.013587 0.014067
0 0.635401 0.088141 0.021584 0.021308
0 0.992752 0.886329 0.014012 0.014650
0 0.931627 0.256241 0.013891 0.014110
0 0.911602 0.991415 0.017719 0.017081
0 0.189049 0.976534 0.014460 0.013785
0 0.251362 0.522166 0.016057 0.015994
0 0.528502 0.531518 0.015264 0.014886
0 0.629649 0.447067 0.015715 0.015836
0 0.843389 0.751571 0.015167 0.014906
0 0.797993 0.130520 0.013576 0.013382
0 0.790795 0.101170 0.014808 0.014669
0 0.510478 0.646115 0.014479 0.014462
0 0.007691 0.618852 0.013342 0.013281
0 0.377327 0.229426 0.020301 0.019865
0 0.291831 0.319415 0.015897 0.015763
0 0.802440 0.602685 0.016074 0.015804
0 0.982731 0.075698 0.012881 0.012607
0 0.003695 0.062272 0.007371 0.015659
0 0.283211 0.429859 0.015858 0.015472
0 0.692850 0.680257 0.015502 0.015250
0 0.566493 0.974304 0.019866 0.019267
0 0.989209 0.505532 0.015709 0.015199
0 0.609664 0.997892 0.013688 0.004210
0 0.880250 0.591824 0.023895 0.023910
0 0.377722 0.741273 0.022548 0.022255
0 0.010870 0.410282 0.015198 0.014985
0 0.819029 0.109857 0.015326 0.015497
0 0.541743 0.736737 0.020343 0.019814
0 0.024369 0.483437 0.014340 0.013961
0 0.264692 0.246033 0.019217 0.018618
0 0.988308 0.998076 0.012725 0.003785
0 0.670380 0.585501 0.014865 0.014623
0 0.122579 0.825592 0.013040 0.012979
0 0.473570 0.446519 0.014949 0.014803
0 0.284791 0.428108 0.015618 0.016004
0 0.413792 0.002689 0.014737 0.005306
0 0.136533 0.822166 0.015065 0.014865
0 0.070474 0.351885 0.015544 0.015289
0 0.644201 0.283946 0.014511 0.014124
0 0.525053 0.020114 0.018191 0.018206
0 0.609180 0.996832 0.013364 0.006314
0 0.888763 0.259958 0.020452 0.020089
0 0.737480 0.922235 0.014092 0.014169
