0 0.656705 0.495371 0.012851 0.012794
0 0.860882 0.437090 0.012239 0.012107
0 0.643346 0.637301 0.012817 0.012796
0 0.101342 0.558909 0.012691 0.012476
0 0.638256 0.582025 0.012919 0.012846
0 0.166584 0.308522 0.012505 0.012406
0 0.163921 0.795555 0.012981 0.012868
0 0.193787 0.743178 0.013447 0.013345
0 0.279045 0.436415 0.012175 0.012057
0 0.184414 0.044676 0.012465 0.012622
0 0.901274 0.460616 0.012635 0.012705
0 0.130511 0.552423 0.013588 0.013573
0 0.138245 0.117000 0.011818 0.011700
0 0.763173 0.663560 0.012771 0.012737
0 0.097217 0.139022 0.012661 0.012739
0 0.863489 0.350458 0.013568 0.013470
0 0.530127 0.900809 0.012570 0.012482
0 0.019949 0.335061 0.013064 0.012809
0 0.137885 0.724641 0.013035 0.012864
0 0.867188 0.629723 0.013465 0.013380
0 0.009245 0.185064 0.011867 0.012017
0 0.775853 0.032015 0.013033 0.012674
0 0.230094 0.805212 0.012217 0.012067
0 0.662991 0.431038 0.012588 0.012727
0 0.585313 0.048711 0.012900 0.012864
0 0.059177 0.465933 0.013704 0.013632
0 0.735402 0.621176 0.014479 0.014563
0 0.042424 0.699366 0.012416 0.012453
0 0.955301 0.509819 0.015040 0.014670
0 0.696799 0.560830 0.013071 0.013036
0 0.072477 0.835308 0.013084 0.012904
0 0.284380 0.535976 0.013500 0.013357
0 0.759065 0.016646 0.013158 0.013151
0 0.812445 0.456898 0.012876 0.012539
0 0.498926 0.863062 0.013391 0.013476
0 0.321060 0.310859 0.012991 0.012863
0 0.550114 0.049605 0.012929 0.012923
0 0.138237 0.415787 0.013765 0.013895
0 0.622345 0.526272 0.012812 0.012979
0 0.822799 0.651028 0.013928 0.014201
0 0.087359 0.016128 0.013869 0.013752
0 0.522802 0.302444 0.013113 0.013034
0 0.659127 0.526474 0.013714 0.014038
0 0.386338 0.463944 0.012323 0.012457
0 0.437893 0.814132 0.012861 0.012831
0 0.936199 0.070673 0.013992 0.014107
0 0.314767 0.198884 0.013292 0.013334
0 0.431306 0.237457 0.014271 0.014505
0 0.478971 0.677174 0.013023 0.012962
0 0.015769 0.793290 0.014485 0.014418
0 0.621278 0.775730 0.013902 0.013834
0 0.126897 0.241005 0.012865 0.012856
0 0.433941 0.677437 0.012976 0.012872
0 0.718629 0.516869 0.014583 0.014506
0 0.111464 0.637673 0.013400 0.013821
0 0.103711 0.677215 0.014204 0.014368
0 0.010142 0.772126 0.013435 0.013554
0 0.779765 0.525019 0.012408 0.012529
0 0.940337 0.378618 0.013900 0.013686
0 0.514247 0.971278 0.011312 0.011232
0 0.212299 0.884856 0.012458 0.012612
0 0.467209 0.075155 0.012216 0.012162
0 0.996253 0.451318 0.007466 0.012809
0 0.019364 0.408977 0.012982 0.012982
0 0.816416 0.727695 0.013027 0.013349
0 0.824833 0.751714 0.013696 0.014054
0 0.141316 0.149113 0.011857 0.011495
0 0.821343 0.516912 0.014680 0.014562
0 0.484130 0.959195 0.012988 0.012504
0 0.433069 0.856360 0.014048 0.014225
0 0.819335 0.974877 0.011981 0.011871
0 0.917189 0.825683 0.011389 0.011229
0 0.071673 0.976042 0.011748 0.011885
0 0.713719 0.318495 0.011801 0.011934
0 0.750024 0.066987 0.013627 0.013497
0 0.574949 0.583819 0.011538 0.011333
0 0.517540 0.106493 0.012782 0.012761
0 0.531984 0.454815 0.011191 0.010970
0 0.117440 0.126382 0.014670 0.014917
0 0.496375 0.628053 0.011650 0.011945
0 0.265455 0.909639 0.012117 0.012234
0 0.628060 0.664480 0.012001 0.012147
0 0.809550 0.748231 0.011236 0.011219
0 0.640339 0.876597 0.013122 0.013050
0 0.509258 0.116568 0.011571 0.011838
0 0.930050 0.587269 0.012280 0.012364
0 0.862328 0.854225 0.011171 0.011269
0 0.411608 0.906594 0.011013 0.011031
0 0.282586 0.674513 0.012655 0.012668
0 0.527528 0.958555 0.012243 0.012298
0 0.829220 0.597046 0.013829 0.013317
0 0.635928 0.332862 0.012527 0.012431
0 0.003825 0.646423 0.007565 0.012727
0 0.799423 0.554042 0.012042 0.012146
0 0.799779 0.991444 0.010624 0.010830
0 0.424433 0.470884 0.012348 0.012345
0 0.834083 0.489399 0.010847 0.010594
0 0.799796 0.471638 0.013095 0.013158
0 0.583525 0.185049 0.012171 0.012373
0 0.826412 0.913202 0.011110 0.011271
0 0.733129 0.866570 0.011783 0.011742
