0 0.297937 0.071304 0.012465 0.012437
0 0.530204 0.387210 0.011418 0.011400
0 0.014363 0.223995 0.012307 0.012256
0 0.331606 0.421453 0.012343 0.012383
0 0.362299 0.521347 0.013161 0.012906
0 0.188385 0.640169 0.012260 0.012042
0 0.458394 0.957430 0.012075 0.012010
0 0.750022 0.640269 0.011301 0.011348
0 0.158353 0.527343 0.011360 0.011341
0 0.186921 0.461041 0.011737 0.011598
0 0.248458 0.402619 0.012832 0.012722
0 0.033208 0.707342 0.013447 0.013411
0 0.399900 0.935682 0.011644 0.011528
0 0.116694 0.886274 0.013753 0.013826
0 0.136935 0.522204 0.012336 0.012078
0 0.218617 0.502127 0.012804 0.012669
0 0.119224 0.074584 0.012229 0.012054
0 0.187758 0.889390 0.013125 0.013152
0 0.122680 0.851385 0.013628 0.013766
0 0.300398 0.660450 0.012738 0.012668
0 0.109566 0.978973 0.013387 0.013118
0 0.507216 0.842179 0.012912 0.012824
0 0.067521 0.453813 0.012041 0.012214
0 0.640594 0.337778 0.010138 0.009990
0 0.542368 0.973762 0.011855 0.011673
0 0.134946 0.180894 0.011139 0.011165
0 0.225729 0.649218 0.012096 0.011716
0 0.330259 0.352784 0.011202 0.011322
0 0.665689 0.912538 0.013107 0.012988
0 0.015682 0.550326 0.011452 0.011560
0 0.810646 0.575645 0.011437 0.011634
0 0.748464 0.616485 0.011813 0.011556
0 0.130196 0.989759 0.013037 0.012599
0 0.189472 0.050194 0.012188 0.012213
0 0.524353 0.345890 0.012475 0.012310
0 0.848336 0.715451 0.016067 0.016167
0 0.529670 0.467135 0.012384 0.012170
0 0.445698 0.069642 0.011046 0.011216
0 0.071717 0.995759 0.012755 0.008481
0 0.563360 0.283655 0.010733 0.011041
0 0.347869 0.617243 0.010505 0.010494
0 0.856745 0.473723 0.010631 0.010683
0 0.679531 0.984604 0.012673 0.012623
0 0.598284 0.709562 0.013138 0.013056
0 0.088609 0.635911 0.013180 0.013172
0 0.425644 0.766378 0.012007 0.012143
0 0.802905 0.345892 0.013095 0.013123
0 0.733463 0.403398 0.010026 0.010001
0 0.223534 0.467201 0.012403 0.012217
0 0.327346 0.740371 0.010551 0.010447
0 0.367032 0.222042 0.012313 0.011981
0 0.599617 0.142853 0.011981 0.012118
0 0.700569 0.822833 0.015146 0.014818
0 0.847449 0.398239 0.011874 0.012029
0 0.681415 0.006904 0.012785 0.012910
0 0.447252 0.213814 0.012762 0.012472
0 0.326104 0.202580 0.010953 0.010734
0 0.877463 0.397294 0.009742 0.009521
0 0.530803 0.636502 0.021305 0.021435
0 0.745861 0.165174 0.010962 0.011183
0 0.627451 0.269171 0.011060 0.010969
0 0.149257 0.687380 0.010763 0.010575
0 0.749343 0.015482 0.012761 0.012485
0 0.377932 0.798368 0.010885 0.010897
0 0.437467 0.238647 0.013046 0.013215
0 0.607365 0.189933 0.007498 0.009599
0 0.041884 0.348556 0.011091 0.010313
0 0.410993 0.727345 0.012307 0.012035
0 0.709421 0.230139 0.010098 0.010015
