0 0.748636 0.618824 0.013084 0.012881
0 0.245585 0.596988 0.013578 0.013487
0 0.556951 0.517537 0.013629 0.013699
0 0.972852 0.893373 0.012789 0.012676
0 0.636022 0.421215 0.012076 0.011902
0 0.958659 0.526285 0.013918 0.013909
0 0.934530 0.732710 0.013117 0.013243
0 0.700061 0.501237 0.014071 0.013902
0 0.286824 0.161367 0.012360 0.012323
0 0.254375 0.339130 0.013288 0.013052
0 0.661534 0.420525 0.012284 0.012117
0 0.524916 0.350008 0.013087 0.012801
0 0.107554 0.386902 0.012746 0.012581
0 0.666837 0.584334 0.012521 0.012638
0 0.283726 0.382702 0.013099 0.013227
0 0.250418 0.493788 0.013305 0.013291
0 0.293198 0.445326 0.013371 0.013492
0 0.702334 0.455838 0.012038 0.012050
0 0.157985 0.330510 0.013685 0.013830
0 0.332420 0.518799 0.012607 0.012567
0 0.252229 0.036423 0.013170 0.013225
0 0.539482 0.459370 0.014224 0.014340
0 0.757481 0.732784 0.012651 0.012777
0 0.577415 0.344874 0.013432 0.013487
0 0.222821 0.468945 0.013159 0.013206
0 0.855702 0.792047 0.013124 0.013198
0 0.575006 0.609227 0.013802 0.013624
0 0.632165 0.656473 0.012820 0.012698
0 0.203178 0.151049 0.012416 0.012823
0 0.614676 0.898156 0.012654 0.012732
0 0.367000 0.615923 0.013486 0.013471
0 0.248245 0.117925 0.012924 0.012970
0 0.035511 0.957551 0.013283 0.013285
0 0.544170 0.086160 0.013348 0.013330
0 0.513536 0.444440 0.012444 0.012570
0 0.393412 0.137708 0.014062 0.014209
0 0.647416 0.027198 0.012470 0.012381
0 0.383900 0.082450 0.011572 0.011537
0 0.802138 0.068695 0.013464 0.013398
0 0.479359 0.173362 0.012505 0.012657
0 0.820666 0.613414 0.012107 0.012022
0 0.250696 0.901965 0.012723 0.012999
0 0.931776 0.183134 0.012329 0.012340
0 0.378579 0.490389 0.012341 0.012224
0 0.346881 0.802308 0.011704 0.011725
0 0.499378 0.127279 0.012535 0.012524
0 0.848450 0.712568 0.022033 0.021761
0 0.253416 0.221224 0.014094 0.014040
0 0.882054 0.364934 0.012769 0.012885
0 0.843971 0.829107 0.013055 0.012948
0 0.262791 0.166461 0.011573 0.011611
0 0.079640 0.448810 0.013310 0.013249
0 0.564168 0.050725 0.014192 0.014195
0 0.791396 0.337874 0.012753 0.013016
0 0.108902 0.980735 0.013023 0.013301
0 0.515727 0.169070 0.013550 0.013739
0 0.449526 0.615582 0.013231 0.013689
0 0.737759 0.961121 0.012637 0.012733
0 0.522213 0.006547 0.013486 0.012769
0 0.185085 0.891808 0.012429 0.012545
0 0.515712 0.640922 0.013521 0.013425
0 0.495139 0.838065 0.011358 0.011345
0 0.287538 0.807636 0.012712 0.012897
0 0.540787 0.973882 0.011790 0.011742
0 0.446001 0.095758 0.011586 0.011778
0 0.422065 0.557039 0.013081 0.013066
0 0.441123 0.059564 0.011595 0.011691
0 0.226012 0.651474 0.012677 0.012542
0 0.500180 0.287399 0.011643 0.011502
0 0.914985 0.243015 0.014953 0.014751
0 0.155892 0.221158 0.013568 0.014081
0 0.264496 0.997625 0.011325 0.004749
0 0.072109 0.158229 0.012409 0.012426
0 0.399789 0.570658 0.011628 0.011182
0 0.805129 0.247272 0.012583 0.012401
0 0.528980 0.631594 0.021074 0.020679
0 0.854099 0.291034 0.011785 0.011792
0 0.915343 0.002368 0.011484 0.004736
0 0.966610 0.479960 0.013325 0.013142
0 0.810888 0.001793 0.014185 0.003587
0 0.356525 0.838225 0.012149 0.012052
0 0.345420 0.290526 0.024484 0.024705
0 0.771047 0.565260 0.013012 0.013507
0 0.464909 0.961365 0.010501 0.010894
0 0.028626 0.554680 0.010611 0.010573
0 0.890292 0.310118 0.012252 0.012149
0 0.455691 0.964370 0.011909 0.011662
0 0.703150 0.813892 0.023058 0.023227
0 0.004328 0.625972 0.008631 0.011161
0 0.955547 0.998155 0.012118 0.003691
0 0.907009 0.855561 0.012474 0.012302
0 0.495556 0.544058 0.014171 0.014664
0 0.043683 0.119694 0.011480 0.011257
0 0.957293 0.998339 0.012818 0.003316
0 0.168252 0.223177 0.012087 0.012325
0 0.760983 0.907529 0.011037 0.011198
0 0.788857 0.005276 0.012843 0.010553
0 0.804263 0.030540 0.013451 0.012999
0 0.437863 0.913976 0.011032 0.011154
0 0.102628 0.933652 0.011327 0.011319
0 0.795348 0.610344 0.011059 0.010648
0 0.011243 0.796994 0.011096 0.010842
0 0.587808 0.758870 0.011501 0.011553
0 0.535423 0.722081 0.013912 0.013146
0 0.881046 0.921888 0.011660 0.011405
