0 0.364909 0.435653 0.013892 0.013835
0 0.090412 0.418265 0.012584 0.012645
0 0.081228 0.450771 0.011837 0.011903
0 0.049811 0.258487 0.013021 0.012989
0 0.538399 0.812343 0.012931 0.013009
0 0.786851 0.372522 0.013216 0.013293
0 0.383258 0.357224 0.013271 0.013130
0 0.232337 0.137963 0.013022 0.013004
0 0.902049 0.048116 0.013448 0.013339
0 0.637094 0.912783 0.012683 0.012481
0 0.783360 0.632512 0.014455 0.014578
0 0.405256 0.386111 0.011885 0.011992
0 0.339201 0.121765 0.012230 0.012462
0 0.025316 0.220870 0.012507 0.012319
0 0.819375 0.118269 0.011947 0.011864
0 0.544478 0.972716 0.012826 0.012575
0 0.275713 0.032802 0.011811 0.011653
0 0.756176 0.177564 0.012577 0.012348
0 0.912238 0.475315 0.012998 0.013234
0 0.791803 0.317288 0.013760 0.013592
0 0.694862 0.669847 0.013032 0.013013
0 0.567643 0.783088 0.012468 0.012277
0 0.834335 0.311844 0.013000 0.012989
0 0.209217 0.504503 0.011048 0.010964
0 0.023630 0.415507 0.013059 0.012794
0 0.524468 0.348061 0.013644 0.013550
0 0.966013 0.055355 0.012994 0.012957
0 0.415461 0.121388 0.013716 0.013597
0 0.749476 0.617024 0.013464 0.013387
0 0.439473 0.714969 0.014319 0.014610
0 0.603875 0.530712 0.011771 0.011571
0 0.748566 0.264294 0.013617 0.013383
0 0.266692 0.201983 0.014456 0.014368
0 0.585523 0.431791 0.011514 0.011369
0 0.446430 0.033077 0.012616 0.012682
0 0.105244 0.291020 0.013171 0.013078
0 0.426445 0.218685 0.011200 0.011408
0 0.765098 0.296544 0.013506 0.013422
0 0.078367 0.597738 0.013095 0.013085
0 0.915560 0.144161 0.013740 0.013682
0 0.662396 0.315031 0.011263 0.011244
0 0.590610 0.973091 0.012445 0.012187
0 0.300217 0.041034 0.012047 0.012060
0 0.368216 0.928602 0.013099 0.012985
0 0.901428 0.445138 0.012782 0.012948
0 0.596105 0.079777 0.011818 0.011889
0 0.456563 0.653021 0.012696 0.012756
0 0.180633 0.056397 0.012072 0.011912
0 0.629146 0.541872 0.012145 0.012274
0 0.228148 0.620595 0.012786 0.012940
0 0.461822 0.959263 0.013067 0.013075
0 0.562592 0.554207 0.014249 0.014058
0 0.210240 0.815180 0.012189 0.011860
0 0.900142 0.097705 0.011426 0.011674
0 0.757800 0.111764 0.013670 0.013611
0 0.964328 0.140311 0.010977 0.011169
0 0.712518 0.117385 0.012575 0.012501
0 0.128086 0.345188 0.012638 0.012597
0 0.912822 0.635882 0.010915 0.010491
0 0.761521 0.994966 0.012433 0.010068
0 0.981792 0.800686 0.011182 0.011203
0 0.347313 0.290619 0.019039 0.019262
0 0.376340 0.119430 0.011368 0.011237
0 0.055653 0.725551 0.012486 0.012622
0 0.335150 0.712962 0.012670 0.012683
0 0.934047 0.563004 0.012132 0.011897
0 0.391238 0.136516 0.014377 0.014458
0 0.225436 0.714750 0.013750 0.013562
0 0.127713 0.486683 0.012675 0.012811
0 0.143425 0.627230 0.011982 0.011928
0 0.589877 0.453960 0.011907 0.012156
0 0.421269 0.037985 0.011451 0.011381
0 0.995142 0.171848 0.009715 0.012493
0 0.623460 0.206078 0.012184 0.012032
0 0.927159 0.578291 0.011707 0.011931
0 0.789125 0.004696 0.012388 0.009393
0 0.173180 0.920722 0.013043 0.013065
0 0.216890 0.780038 0.012962 0.012739
0 0.482303 0.920642 0.010656 0.011022
0 0.331488 0.518346 0.013059 0.012654
0 0.186158 0.890056 0.013450 0.013480
0 0.223462 0.466912 0.012758 0.012733
0 0.211603 0.909405 0.012151 0.012197
0 0.147227 0.592555 0.012197 0.012023
0 0.612952 0.897073 0.011130 0.011258
0 0.108526 0.979263 0.013728 0.013797
0 0.546858 0.353927 0.012333 0.012388
0 0.517379 0.234433 0.012159 0.012067
0 0.370356 0.808900 0.010680 0.010592
0 0.442875 0.058465 0.012537 0.012639
0 0.647529 0.797802 0.011456 0.011283
0 0.227620 0.650649 0.012006 0.011774
0 0.534484 0.708929 0.012596 0.012664
0 0.636547 0.996829 0.011732 0.006342
0 0.290732 0.663057 0.008772 0.008576
0 0.013911 0.687424 0.013154 0.013321
0 0.396748 0.945182 0.009531 0.009593
0 0.317845 0.060744 0.010922 0.011364
0 0.716798 0.602114 0.012136 0.011882
0 0.068835 0.568485 0.013424 0.013564
0 0.624488 0.997115 0.011258 0.005770
0 0.375662 0.218717 0.014984 0.015307
0 0.322322 0.882214 0.008562 0.008552
0 0.847451 0.220582 0.010433 0.010495
0 0.422883 0.554822 0.013512 0.013401
0 0.366820 0.554664 0.009954 0.009775
0 0.774006 0.004703 0.013540 0.009366
0 0.374147 0.215575 0.012788 0.013760
