0 0.767671 0.529465 0.017209 0.017261
0 0.159868 0.461839 0.014130 0.014199
0 0.348988 0.031712 0.013651 0.013599
0 0.303910 0.476435 0.014950 0.014584
0 0.656953 0.561383 0.014593 0.014585
0 0.114525 0.582802 0.013448 0.013345
0 0.563760 0.519113 0.015125 0.015410
0 0.217091 0.375830 0.014409 0.014493
0 0.926655 0.199982 0.014562 0.014674
0 0.358687 0.793436 0.014189 0.014128
0 0.656568 0.493901 0.014633 0.014583
0 0.428348 0.060487 0.014148 0.014142
0 0.170642 0.365232 0.014909 0.014731
0 0.235828 0.941329 0.015156 0.015088
0 0.273565 0.879608 0.014039 0.013912
0 0.639096 0.867143 0.013881 0.013842
0 0.095720 0.725808 0.014179 0.014146
0 0.025263 0.211039 0.013671 0.013721
0 0.558002 0.859898 0.016553 0.016606
0 0.587026 0.688735 0.014621 0.014592
0 0.132198 0.526019 0.014490 0.014474
0 0.360406 0.591068 0.014281 0.014160
0 0.280943 0.432095 0.016393 0.016277
0 0.856195 0.940931 0.013739 0.013690
0 0.285404 0.593859 0.014296 0.014316
0 0.769877 0.012453 0.014768 0.014489
0 0.165819 0.580589 0.015138 0.014981
0 0.721997 0.426510 0.014547 0.014523
0 0.165510 0.207179 0.015464 0.015451
0 0.607824 0.133728 0.013886 0.013943
0 0.331041 0.686495 0.013669 0.013669
0 0.681889 0.718577 0.014805 0.014831
0 0.407466 0.339536 0.015593 0.015484
0 0.611324 0.350573 0.014813 0.014756
0 0.037773 0.397364 0.014082 0.014052
0 0.150065 0.868244 0.014186 0.014003
0 0.181849 0.828777 0.014195 0.014113
0 0.088425 0.913011 0.015335 0.015416
0 0.749848 0.643337 0.017363 0.017202
0 0.485991 0.306150 0.015281 0.015171
0 0.183295 0.718710 0.014008 0.014115
0 0.547887 0.179675 0.014052 0.013909
0 0.201513 0.540059 0.015024 0.015114
0 0.649043 0.730705 0.014263 0.014223
0 0.061318 0.490548 0.014923 0.014878
0 0.220098 0.760869 0.013969 0.013909
0 0.140960 0.034652 0.014393 0.014445
0 0.731549 0.528362 0.014808 0.014891
0 0.445815 0.239347 0.015326 0.015128
0 0.860944 0.308187 0.014405 0.014383
0 0.758698 0.368657 0.015786 0.015948
0 0.879136 0.389614 0.013947 0.014084
0 0.860980 0.622723 0.014746 0.014642
0 0.706111 0.699594 0.013886 0.014099
0 0.377561 0.228481 0.019873 0.019591
0 0.337243 0.847922 0.014514 0.014343
0 0.780656 0.275426 0.014876 0.014767
0 0.199188 0.896066 0.015055 0.014917
0 0.739297 0.110796 0.014611 0.014636
0 0.634071 0.658138 0.013819 0.014088
0 0.194367 0.681500 0.014646 0.014618
0 0.286619 0.791084 0.015839 0.016072
0 0.900092 0.040121 0.015111 0.015324
0 0.993116 0.588807 0.013670 0.014861
0 0.738743 0.322721 0.016442 0.016513
0 0.780405 0.313942 0.013975 0.013945
0 0.266265 0.028258 0.014795 0.014854
0 0.965990 0.180469 0.014012 0.013812
0 0.814956 0.545618 0.015409 0.015516
0 0.955581 0.948161 0.015105 0.014882
0 0.896591 0.300582 0.014158 0.014179
0 0.577828 0.354740 0.014251 0.014160
0 0.205697 0.255163 0.018583 0.018796
0 0.767999 0.658183 0.013500 0.013696
0 0.789060 0.559369 0.015271 0.015423
0 0.486784 0.502686 0.017127 0.017329
0 0.373554 0.946569 0.015499 0.015475
0 0.163816 0.541002 0.015173 0.015294
0 0.486351 0.408892 0.014482 0.014436
0 0.247552 0.203630 0.014804 0.014580
0 0.309113 0.977830 0.014708 0.014738
0 0.244144 0.674157 0.014925 0.014953
0 0.492761 0.185254 0.014539 0.014325
0 0.643630 0.836588 0.013771 0.013779
0 0.790852 0.761164 0.014407 0.014518
0 0.966660 0.436942 0.014912 0.015025
0 0.922400 0.147079 0.020619 0.020849
0 0.328880 0.646871 0.014454 0.014298
0 0.551452 0.207345 0.014574 0.014493
0 0.763375 0.141409 0.013419 0.013421
0 0.008089 0.726320 0.014275 0.014550
0 0.025413 0.340186 0.013636 0.013686
0 0.345238 0.296220 0.020771 0.020587
0 0.454439 0.372284 0.014722 0.014582
0 0.005038 0.843255 0.010046 0.014745
0 0.625105 0.142273 0.012723 0.012641
0 0.471173 0.332388 0.014999 0.014872
0 0.659356 0.960837 0.014465 0.014427
0 0.065604 0.364691 0.014636 0.014616
0 0.914403 0.423542 0.015212 0.015196
0 0.559700 0.281230 0.013780 0.013940
0 0.956401 0.066621 0.014518 0.014338
0 0.882599 0.078930 0.014729 0.014685
0 0.278232 0.749343 0.015391 0.015177
0 0.852226 0.080749 0.014653 0.014419
0 0.357104 0.482734 0.015377 0.015425
0 0.023985 0.007391 0.016030 0.014741
0 0.536322 0.527276 0.015269 0.015224
0 0.425840 0.227093 0.016870 0.017391
0 0.721827 0.552372 0.012777 0.013081
0 0.533724 0.640440 0.023120 0.023093
0 0.068637 0.576349 0.021850 0.022068
0 0.848973 0.722852 0.022848 0.022469
0 0.911766 0.991877 0.017686 0.016184
0 0.753202 0.255046 0.015968 0.016376
0 0.813266 0.634497 0.014851 0.014751
0 0.476105 0.370346 0.014114 0.014216
0 0.032488 0.996449 0.014235 0.007066
0 0.802478 0.459064 0.012859 0.012448
0 0.568088 0.992867 0.014512 0.013482
0 0.004525 0.062037 0.009005 0.016553
0 0.174132 0.895264 0.015912 0.016199
0 0.819793 0.438712 0.014067 0.013796
0 0.819726 0.324664 0.014352 0.014497
0 0.721646 0.630464 0.014076 0.013760
0 0.232430 0.997724 0.014336 0.004496
0 0.738167 0.617918 0.014475 0.014373
0 0.694205 0.293539 0.014601 0.014503
0 0.599917 0.567749 0.014709 0.014769
0 0.804132 0.599813 0.017517 0.017218
0 0.271199 0.479919 0.014291 0.014016
0 0.309079 0.211577 0.017354 0.016953
0 0.681018 0.940429 0.014466 0.014506
0 0.232396 0.996820 0.013948 0.006235
0 0.407531 0.171075 0.013907 0.013800
0 0.986568 0.699821 0.015808 0.015303
0 0.139530 0.780433 0.016196 0.016674
0 0.376660 0.741751 0.023076 0.022758
0 0.493158 0.213355 0.014878 0.015084
0 0.352288 0.997289 0.016385 0.005407
0 0.585724 0.776455 0.014676 0.014686
0 0.524726 0.019152 0.019738 0.019332
0 0.207010 0.279774 0.017752 0.017619
0 0.128653 0.248536 0.016141 0.016175
0 0.342486 0.390837 0.015399 0.015688
0 0.725162 0.823365 0.015679 0.015778
0 0.796062 0.931872 0.013526 0.013976
0 0.671281 0.192679 0.020823 0.020677
0 0.635041 0.084862 0.015561 0.015467
0 0.639351 0.577377 0.013656 0.013113
0 0.356419 0.639256 0.015307 0.015224
0 0.093663 0.337387 0.014637 0.014456
0 0.976691 0.510186 0.015574 0.015416
0 0.048871 0.054933 0.017663 0.017925
0 0.879150 0.591794 0.023840 0.023648
0 0.980270 0.508509 0.017407 0.016622
0 0.272090 0.315935 0.019021 0.018951
