0 0.578061 0.346597 0.012885 0.012782
0 0.105521 0.028446 0.011894 0.011844
0 0.606457 0.474211 0.012187 0.012005
0 0.878755 0.444798 0.012233 0.012098
0 0.659295 0.297513 0.011910 0.011779
0 0.838401 0.487134 0.012668 0.012610
0 0.122906 0.128532 0.014670 0.014500
0 0.568842 0.136928 0.012925 0.012714
0 0.564596 0.075233 0.013032 0.013125
0 0.558145 0.227184 0.012576 0.012445
0 0.149250 0.360639 0.012845 0.012805
0 0.541618 0.059649 0.012842 0.012518
0 0.450065 0.022191 0.013075 0.013041
0 0.634281 0.675838 0.012630 0.012563
0 0.101607 0.675746 0.013309 0.013266
0 0.518040 0.483053 0.012592 0.012522
0 0.077359 0.090070 0.012455 0.012368
0 0.112440 0.554617 0.012353 0.012252
0 0.942441 0.076666 0.012068 0.011936
0 0.682282 0.608264 0.012481 0.012199
0 0.659361 0.432450 0.013011 0.013167
0 0.549892 0.857672 0.012266 0.012362
0 0.457712 0.344393 0.013349 0.013334
0 0.010165 0.179606 0.012079 0.012035
0 0.543540 0.570027 0.013993 0.013752
0 0.860941 0.634329 0.013547 0.013419
0 0.479708 0.282297 0.013152 0.013164
0 0.010316 0.018862 0.012232 0.012095
0 0.185416 0.105920 0.013124 0.012903
0 0.106369 0.459606 0.012537 0.012514
0 0.080844 0.720459 0.012016 0.012064
0 0.735536 0.655141 0.012463 0.012439
0 0.820734 0.453367 0.013178 0.012822
0 0.657668 0.496261 0.013158 0.013057
0 0.072202 0.831581 0.013071 0.013091
0 0.028766 0.438499 0.012794 0.012618
0 0.814835 0.652316 0.013995 0.014194
0 0.956222 0.509720 0.015731 0.015243
0 0.562990 0.440393 0.013348 0.013399
0 0.037295 0.333380 0.012695 0.012695
0 0.779217 0.522416 0.012337 0.012231
0 0.380887 0.242876 0.013316 0.013146
0 0.279222 0.436296 0.012365 0.012256
0 0.607028 0.044556 0.014122 0.014125
0 0.784786 0.059100 0.013015 0.013214
0 0.311976 0.310894 0.012341 0.012370
0 0.242547 0.527112 0.013040 0.013131
0 0.217751 0.761277 0.012540 0.012703
0 0.994821 0.454504 0.010358 0.013135
0 0.239560 0.829477 0.014250 0.014154
0 0.561367 0.566561 0.011373 0.011045
0 0.692315 0.739490 0.012066 0.011819
0 0.287510 0.221163 0.012593 0.012687
0 0.818661 0.768441 0.012968 0.012865
0 0.559965 0.492510 0.014295 0.014350
0 0.806959 0.321303 0.012319 0.012271
0 0.123980 0.220669 0.013731 0.013945
0 0.334140 0.467012 0.012533 0.012591
0 0.382703 0.457476 0.012878 0.012680
0 0.707848 0.320622 0.011745 0.011882
0 0.794263 0.753683 0.012399 0.012649
0 0.048287 0.590393 0.012455 0.012090
0 0.517297 0.038517 0.013460 0.013556
0 0.457379 0.965724 0.011476 0.011201
0 0.217943 0.135125 0.012753 0.012526
0 0.490636 0.839170 0.012822 0.012570
0 0.169505 0.793635 0.013449 0.013155
0 0.024548 0.796781 0.012469 0.012314
0 0.192530 0.485966 0.011835 0.011849
0 0.889084 0.826640 0.011800 0.011678
0 0.381937 0.958138 0.012003 0.012035
0 0.798269 0.976977 0.010699 0.010843
0 0.037911 0.954149 0.012731 0.012424
0 0.820620 0.975444 0.011721 0.011389
0 0.206517 0.563832 0.014495 0.014829
0 0.076079 0.964207 0.013542 0.013594
0 0.487502 0.638454 0.011080 0.011158
0 0.495258 0.201026 0.014171 0.014243
0 0.492197 0.877102 0.012644 0.012636
0 0.824147 0.598453 0.013443 0.013379
0 0.747627 0.078516 0.012866 0.012557
0 0.596380 0.529225 0.013307 0.013202
0 0.550587 0.004873 0.011263 0.009683
0 0.829154 0.914881 0.012770 0.012856
0 0.019944 0.707345 0.012508 0.012608
0 0.936755 0.378108 0.013544 0.013430
0 0.256352 0.911369 0.012039 0.012104
0 0.670527 0.889810 0.011607 0.011158
0 0.415837 0.501607 0.012592 0.012825
0 0.141439 0.730243 0.013256 0.013392
0 0.935455 0.931123 0.012009 0.011835
0 0.229141 0.727737 0.011109 0.011233
0 0.650864 0.380140 0.012282 0.012131
0 0.250382 0.785325 0.011807 0.011946
0 0.823104 0.518274 0.015307 0.015041
0 0.733656 0.856871 0.012354 0.012354
0 0.003116 0.410025 0.006196 0.015665
0 0.734618 0.621644 0.013763 0.013994
0 0.373824 0.606271 0.011769 0.011788
0 0.708415 0.382098 0.012776 0.013048
0 0.861052 0.508480 0.013781 0.013777
0 0.913551 0.852127 0.012469 0.012535
0 0.844201 0.409489 0.013942 0.014047
0 0.686723 0.382409 0.011181 0.011260
0 0.786538 0.733883 0.012993 0.013316
0 0.799356 0.554893 0.012244 0.012397
0 0.902548 0.764599 0.013641 0.013720
0 0.711866 0.277027 0.010934 0.011049
0 0.839849 0.989724 0.011628 0.011711
