0 0.750005 0.615488 0.012697 0.012400
0 0.382352 0.443252 0.012765 0.012704
0 0.246601 0.840200 0.012915 0.012790
0 0.345101 0.071493 0.013165 0.013284
0 0.457398 0.958074 0.012054 0.012000
0 0.573188 0.570798 0.013714 0.013606
0 0.095742 0.936449 0.011604 0.011301
0 0.193177 0.057750 0.013294 0.013441
0 0.094930 0.042483 0.011502 0.011454
0 0.173776 0.677755 0.011581 0.011392
0 0.824144 0.372221 0.013070 0.012916
0 0.389065 0.911840 0.011903 0.012070
0 0.186624 0.889125 0.013034 0.012960
0 0.113545 0.902490 0.011946 0.011989
0 0.082188 0.154211 0.013284 0.013401
0 0.166147 0.980757 0.011910 0.011765
0 0.356477 0.207305 0.013051 0.013036
0 0.374827 0.572779 0.012840 0.012826
0 0.427563 0.931909 0.011553 0.011435
0 0.410073 0.403085 0.011984 0.011901
0 0.107344 0.763355 0.011550 0.011650
0 0.847150 0.717500 0.018307 0.018227
0 0.684368 0.975521 0.010850 0.010714
0 0.431339 0.725912 0.012576 0.012463
0 0.379671 0.258859 0.013329 0.013362
0 0.727915 0.543763 0.011753 0.011756
0 0.526941 0.346194 0.011889 0.011664
0 0.443707 0.345787 0.011271 0.011334
0 0.660378 0.657458 0.011641 0.011588
0 0.254489 0.711154 0.013380 0.013157
0 0.514568 0.953280 0.012274 0.012119
0 0.110104 0.979839 0.013388 0.013354
0 0.330879 0.518157 0.011540 0.011639
0 0.217401 0.819455 0.011918 0.011886
0 0.334607 0.682341 0.012457 0.012371
0 0.943337 0.562278 0.011023 0.011030
0 0.225622 0.650640 0.012509 0.012043
0 0.261744 0.969825 0.011307 0.010994
0 0.031960 0.909062 0.013184 0.013080
0 0.370922 0.120123 0.011097 0.011091
0 0.392948 0.194042 0.011201 0.011431
0 0.196884 0.985547 0.012564 0.012614
0 0.764692 0.337310 0.011736 0.011934
0 0.530764 0.636201 0.022467 0.022706
0 0.543145 0.569577 0.013138 0.013210
0 0.256330 0.658654 0.011510 0.011800
0 0.618485 0.761121 0.012736 0.012339
0 0.498466 0.902263 0.011252 0.010973
0 0.223251 0.466456 0.012125 0.012223
0 0.204196 0.162778 0.011829 0.011705
0 0.656524 0.373339 0.011635 0.011939
0 0.565493 0.272860 0.011737 0.011631
0 0.829050 0.338663 0.011686 0.011811
0 0.628619 0.957092 0.011721 0.011545
0 0.218420 0.390978 0.011758 0.011506
0 0.726413 0.737423 0.010739 0.010698
0 0.745980 0.105550 0.011404 0.011832
0 0.249671 0.408499 0.011773 0.011795
0 0.689656 0.297487 0.010412 0.010553
0 0.063415 0.507290 0.013419 0.013484
0 0.066838 0.455474 0.011413 0.011569
0 0.466174 0.610117 0.011790 0.011603
0 0.675602 0.785525 0.012737 0.012726
0 0.177126 0.390109 0.011041 0.011111
0 0.783499 0.994323 0.012170 0.010946
0 0.153296 0.524397 0.010956 0.010572
0 0.292939 0.612524 0.010668 0.010410
0 0.345183 0.297015 0.022233 0.022052
0 0.450449 0.213709 0.017421 0.017336
0 0.701232 0.821681 0.018254 0.018252
0 0.477674 0.767888 0.012799 0.012624
0 0.108139 0.613347 0.011350 0.011314
0 0.004294 0.153208 0.008577 0.013173
0 0.269359 0.314304 0.016901 0.016806
0 0.372904 0.369932 0.012894 0.013230
0 0.067274 0.183799 0.010367 0.010693
