0 0.585974 0.217523 0.013114 0.012848
0 0.113577 0.386380 0.012804 0.012542
0 0.792628 0.093019 0.013190 0.012976
0 0.848551 0.760360 0.013116 0.013012
0 0.607495 0.097959 0.012072 0.012233
0 0.612229 0.649002 0.013816 0.013661
0 0.278549 0.436401 0.012214 0.012060
0 0.750039 0.698875 0.012740 0.012667
0 0.069335 0.665102 0.012536 0.012172
0 0.488292 0.606728 0.012884 0.012762
0 0.339989 0.378094 0.012593 0.012472
0 0.902815 0.542510 0.013052 0.012894
0 0.687309 0.274571 0.012988 0.012837
0 0.483337 0.906979 0.013750 0.013494
0 0.176681 0.648921 0.012408 0.012253
0 0.649940 0.301837 0.012746 0.012560
0 0.051801 0.370876 0.012670 0.012415
0 0.464874 0.138120 0.013749 0.013568
0 0.415445 0.191464 0.012507 0.012402
0 0.733068 0.620808 0.013882 0.013848
0 0.394959 0.683749 0.013184 0.013134
0 0.931177 0.842422 0.012834 0.012797
0 0.595212 0.764942 0.012773 0.012705
0 0.812830 0.735008 0.011882 0.011896
0 0.796179 0.604603 0.012230 0.012036
0 0.911962 0.927417 0.012387 0.012500
0 0.390764 0.862696 0.011900 0.011797
0 0.532756 0.540324 0.011086 0.010783
0 0.453442 0.287285 0.010603 0.010414
0 0.494207 0.343466 0.013127 0.013177
0 0.049750 0.897923 0.012206 0.011919
0 0.467676 0.735892 0.013032 0.012922
0 0.338820 0.336768 0.012710 0.012720
0 0.477255 0.534468 0.012828 0.012766
0 0.190539 0.608647 0.012215 0.012269
0 0.159810 0.423497 0.012971 0.013027
0 0.530921 0.722150 0.013106 0.013107
0 0.489942 0.490025 0.013197 0.013046
0 0.652242 0.091630 0.012635 0.012653
0 0.889715 0.588684 0.011813 0.011912
0 0.823340 0.374074 0.013099 0.013007
0 0.701837 0.427446 0.012855 0.012780
0 0.239569 0.433043 0.014166 0.013913
0 0.778760 0.111601 0.013072 0.013189
0 0.900560 0.289357 0.013118 0.013583
0 0.854166 0.225125 0.015375 0.015290
0 0.831635 0.023207 0.013739 0.013836
0 0.927345 0.661006 0.013506 0.013428
0 0.414757 0.212987 0.011319 0.011608
0 0.674551 0.336629 0.012467 0.012236
0 0.983576 0.640402 0.012675 0.013074
0 0.290148 0.681010 0.013118 0.013036
0 0.775804 0.893586 0.012275 0.012400
0 0.767651 0.533173 0.013273 0.012992
0 0.404242 0.129253 0.012598 0.012576
0 0.850648 0.665290 0.012354 0.012103
0 0.232404 0.543722 0.012604 0.012693
0 0.051139 0.351005 0.013620 0.013796
0 0.449096 0.591973 0.013615 0.013575
0 0.103766 0.346558 0.014276 0.014104
0 0.340841 0.693215 0.012902 0.012797
0 0.338883 0.915326 0.013054 0.013065
0 0.167682 0.782011 0.011594 0.011603
0 0.932794 0.043956 0.012546 0.012296
0 0.078040 0.709784 0.012410 0.012257
0 0.696382 0.868588 0.011918 0.011431
0 0.407671 0.327368 0.013755 0.013982
0 0.725772 0.017559 0.012789 0.012664
0 0.255058 0.677441 0.013120 0.012966
0 0.431798 0.815384 0.014025 0.014025
0 0.745893 0.445032 0.011201 0.011145
0 0.952814 0.143249 0.013779 0.013814
0 0.013164 0.913922 0.012062 0.012158
0 0.979308 0.481759 0.012821 0.012636
0 0.012803 0.722725 0.011956 0.011699
0 0.899490 0.069165 0.012145 0.012184
0 0.140612 0.203436 0.012967 0.013116
0 0.231100 0.167580 0.012779 0.012635
0 0.088383 0.927828 0.012149 0.011926
0 0.644889 0.570447 0.012732 0.012696
0 0.965925 0.608068 0.011520 0.011094
0 0.882731 0.115558 0.009239 0.009410
0 0.674396 0.766461 0.011375 0.011359
0 0.394197 0.978289 0.012557 0.012572
0 0.445346 0.453680 0.012741 0.012653
0 0.361344 0.823643 0.011529 0.011701
0 0.846831 0.511263 0.013986 0.013862
0 0.732677 0.428287 0.011611 0.011683
0 0.521359 0.520264 0.012322 0.012374
0 0.878124 0.184785 0.012719 0.012642
0 0.525671 0.395804 0.011259 0.011163
0 0.424610 0.010378 0.013427 0.013493
0 0.866041 0.106330 0.011346 0.011277
0 0.349939 0.291073 0.024354 0.024528
0 0.779775 0.818773 0.013287 0.013313
0 0.241262 0.995672 0.010954 0.008617
0 0.586737 0.270509 0.010663 0.010534
0 0.981472 0.457470 0.012218 0.011994
0 0.641334 0.995212 0.012278 0.009509
0 0.455671 0.406007 0.012708 0.012666
0 0.100049 0.171799 0.012199 0.012278
0 0.289858 0.800832 0.012507 0.012562
0 0.380999 0.712139 0.012799 0.012621
0 0.187884 0.022735 0.011531 0.011300
0 0.972525 0.035643 0.010560 0.010069
0 0.345943 0.866879 0.013543 0.013252
0 0.650547 0.474063 0.010873 0.010500
0 0.360723 0.688591 0.013433 0.013741
0 0.117792 0.934715 0.011459 0.011329
0 0.013783 0.900242 0.011501 0.010974
0 0.804234 0.540774 0.010418 0.010432
0 0.869827 0.570830 0.011465 0.011304
0 0.647288 0.580122 0.010651 0.009860
0 0.328995 0.229161 0.012949 0.012983
0 0.980747 0.513381 0.014154 0.013721
0 0.924366 0.013067 0.011094 0.010529
0 0.534359 0.630686 0.024106 0.023649
0 0.226160 0.844129 0.012389 0.012513
0 0.003300 0.835009 0.006478 0.012321
0 0.849946 0.545177 0.011018 0.011140
0 0.983829 0.512887 0.014407 0.013086
0 0.525822 0.973167 0.012532 0.012971
0 0.679703 0.685188 0.011815 0.012593
0 0.794298 0.473033 0.009463 0.009432
0 0.905920 0.822674 0.012362 0.012287
0 0.858256 0.998332 0.011916 0.003322
0 0.781493 0.515385 0.013715 0.014056
0 0.866419 0.123347 0.012540 0.012572
0 0.910683 0.996589 0.013150 0.006821
0 0.998353 0.410075 0.003281 0.011559
0 0.986878 0.512453 0.012225 0.012675
0 0.878495 0.977886 0.011685 0.011903
0 0.680450 0.689279 0.012073 0.012090
