0 0.692370 0.591889 0.017611 0.017543
0 0.955868 0.539283 0.014338 0.014243
0 0.722474 0.063584 0.015862 0.015616
0 0.349677 0.922002 0.014302 0.014209
0 0.446931 0.240728 0.015742 0.015941
0 0.932019 0.210881 0.014765 0.014973
0 0.598773 0.127729 0.014544 0.014561
0 0.547131 0.141893 0.014274 0.014261
0 0.318267 0.302452 0.014195 0.014159
0 0.342167 0.199052 0.013817 0.013835
0 0.270440 0.045464 0.014364 0.014150
0 0.684084 0.366358 0.016719 0.016881
0 0.203771 0.297502 0.014007 0.014030
0 0.192195 0.558560 0.013324 0.013355
0 0.393583 0.454383 0.015159 0.015168
0 0.239493 0.194109 0.014963 0.014778
0 0.452456 0.119717 0.017375 0.017341
0 0.094926 0.458146 0.013806 0.013938
0 0.759865 0.572129 0.013636 0.013486
0 0.858356 0.935724 0.014230 0.014154
0 0.361640 0.020314 0.013823 0.013651
0 0.746247 0.302323 0.015659 0.015710
0 0.859038 0.351744 0.013937 0.014187
0 0.250277 0.787546 0.014082 0.014090
0 0.124504 0.410378 0.015492 0.015359
0 0.792690 0.432808 0.013839 0.013940
0 0.017142 0.850795 0.013572 0.013497
0 0.539853 0.459617 0.014102 0.014130
0 0.086910 0.910862 0.014423 0.014294
0 0.276646 0.580502 0.014261 0.014238
0 0.706783 0.469154 0.014110 0.014171
0 0.332753 0.691665 0.013871 0.014003
0 0.593772 0.279365 0.013467 0.013426
0 0.674975 0.414107 0.015634 0.015749
0 0.472136 0.419621 0.014452 0.014531
0 0.034428 0.500427 0.014049 0.013817
0 0.881927 0.393362 0.014181 0.014189
0 0.941606 0.287118 0.014844 0.014553
0 0.196653 0.821622 0.013712 0.013789
0 0.052651 0.681763 0.013929 0.013804
0 0.707579 0.215719 0.014686 0.014822
0 0.959655 0.038960 0.014155 0.014294
0 0.068797 0.830013 0.013819 0.013789
0 0.639195 0.561853 0.015399 0.015447
0 0.216544 0.372256 0.014520 0.014422
0 0.071045 0.368122 0.014858 0.014709
0 0.342778 0.298028 0.022168 0.021241
0 0.275727 0.873728 0.014091 0.013972
0 0.505380 0.223122 0.014497 0.014579
0 0.220581 0.770248 0.014007 0.014143
0 0.953119 0.947537 0.014806 0.014615
0 0.620689 0.172257 0.014003 0.014066
0 0.673496 0.677805 0.018403 0.018379
0 0.964187 0.311303 0.013252 0.013259
0 0.853285 0.693026 0.015415 0.015402
0 0.150626 0.654915 0.014342 0.014399
0 0.723439 0.435977 0.015601 0.015187
0 0.579315 0.616099 0.014707 0.014462
0 0.806238 0.834579 0.014672 0.014719
0 0.662192 0.143103 0.014391 0.014488
0 0.789159 0.560076 0.014575 0.014520
0 0.399043 0.943959 0.015074 0.015073
0 0.244634 0.844656 0.014828 0.015059
0 0.408778 0.625887 0.014417 0.014683
0 0.735457 0.649710 0.014761 0.014655
0 0.495410 0.940806 0.016304 0.015955
0 0.745531 0.120574 0.014888 0.014968
0 0.128971 0.587148 0.015329 0.015226
0 0.777854 0.344625 0.013500 0.013661
0 0.978119 0.677037 0.014556 0.014280
0 0.068212 0.035928 0.014821 0.014606
0 0.236184 0.659906 0.014285 0.013994
0 0.763225 0.789911 0.014326 0.014892
0 0.269293 0.700626 0.013786 0.013902
0 0.184352 0.209999 0.016666 0.016485
0 0.701398 0.728546 0.014589 0.014902
0 0.713395 0.149021 0.015169 0.014967
0 0.114750 0.946971 0.013531 0.013462
0 0.181946 0.520799 0.015600 0.015545
0 0.783529 0.653504 0.014242 0.014366
0 0.849956 0.720442 0.023380 0.023752
0 0.761260 0.500309 0.015603 0.015679
0 0.540797 0.412322 0.014934 0.014536
0 0.471513 0.203448 0.013291 0.013201
0 0.644738 0.673197 0.014568 0.014589
0 0.885194 0.960126 0.014037 0.013904
0 0.006061 0.449462 0.012108 0.015620
0 0.624870 0.839845 0.014021 0.014090
0 0.533617 0.640731 0.023114 0.022828
0 0.650431 0.980260 0.014683 0.014758
0 0.045524 0.316776 0.015002 0.014991
0 0.143493 0.860910 0.013756 0.013673
0 0.842711 0.474915 0.013971 0.014028
0 0.921948 0.147789 0.020092 0.019987
0 0.127311 0.310538 0.014550 0.014632
0 0.645033 0.610599 0.014070 0.014410
0 0.280543 0.431021 0.015047 0.014697
0 0.938127 0.429352 0.014740 0.014902
0 0.781781 0.492946 0.013443 0.013073
0 0.861647 0.142230 0.013954 0.014120
0 0.939855 0.640840 0.014775 0.014703
0 0.923537 0.285409 0.014827 0.014827
0 0.495344 0.552570 0.014083 0.014148
0 0.024030 0.007513 0.015514 0.014812
0 0.726468 0.534848 0.014643 0.014907
0 0.578469 0.426553 0.013807 0.013578
0 0.132367 0.343243 0.015146 0.015237
0 0.605203 0.771032 0.016937 0.016951
0 0.778157 0.708915 0.013771 0.013880
0 0.132257 0.945818 0.012870 0.012677
0 0.729227 0.141442 0.015258 0.015363
0 0.637432 0.277986 0.015895 0.016005
0 0.746296 0.958093 0.014036 0.014290
0 0.923236 0.443556 0.013884 0.014207
0 0.525461 0.019355 0.018865 0.018334
0 0.082034 0.614700 0.012882 0.012743
0 0.909545 0.991416 0.016522 0.015769
0 0.832554 0.055758 0.014638 0.014715
0 0.004431 0.062781 0.008844 0.016172
0 0.695550 0.678989 0.014354 0.015052
0 0.588815 0.572481 0.015456 0.015006
0 0.068203 0.576371 0.021367 0.021357
0 0.364161 0.616375 0.016707 0.016543
0 0.636231 0.088201 0.021664 0.021705
0 0.256779 0.495396 0.015529 0.015569
0 0.135372 0.721260 0.014005 0.013796
0 0.201279 0.251057 0.016880 0.016312
0 0.879476 0.592356 0.023782 0.023512
0 0.525129 0.172476 0.015097 0.014535
0 0.831891 0.107580 0.015248 0.015288
0 0.762082 0.355077 0.014027 0.013970
0 0.377278 0.229527 0.020425 0.020220
0 0.377818 0.741587 0.023313 0.023445
0 0.801914 0.602628 0.014906 0.014450
0 0.667854 0.855855 0.014232 0.013926
0 0.989507 0.504336 0.016816 0.016063
0 0.040804 0.404925 0.016124 0.015513
0 0.069033 0.608154 0.014493 0.014179
0 0.653182 0.275608 0.014657 0.014354
0 0.888568 0.260045 0.019796 0.019357
0 0.122163 0.235505 0.017783 0.017410
0 0.292378 0.752357 0.016865 0.016747
0 0.265887 0.647018 0.014617 0.014733
0 0.467986 0.365997 0.015332 0.015263
0 0.888428 0.030876 0.012045 0.011659
0 0.769722 0.881179 0.015436 0.015421
0 0.699905 0.827565 0.020177 0.020086
0 0.622309 0.639162 0.013551 0.013472
0 0.152821 0.995033 0.015433 0.009887
0 0.736989 0.612959 0.015875 0.015922
0 0.264387 0.245889 0.019671 0.019300
0 0.198380 0.251460 0.016593 0.016837
0 0.512036 0.165843 0.010632 0.010673
0 0.540310 0.738472 0.021915 0.022240
0 0.151486 0.995930 0.015538 0.008078
