0 0.546872 0.823712 0.013781 0.013498
0 0.768404 0.066594 0.013437 0.013443
0 0.584273 0.062248 0.012800 0.012810
0 0.612497 0.445644 0.013978 0.013922
0 0.196697 0.145720 0.012918 0.012802
0 0.455353 0.383377 0.012812 0.012986
0 0.462117 0.958477 0.013272 0.013300
0 0.588735 0.563844 0.012588 0.012630
0 0.613081 0.325474 0.013693 0.013637
0 0.508453 0.374118 0.011533 0.011545
0 0.208223 0.252486 0.012766 0.012568
0 0.428935 0.777832 0.013798 0.013628
0 0.806276 0.181700 0.012365 0.012177
0 0.524148 0.347567 0.013156 0.012970
0 0.748504 0.617247 0.013222 0.013243
0 0.958704 0.048599 0.012511 0.012510
0 0.903763 0.447368 0.012364 0.012243
0 0.131885 0.909063 0.012846 0.012978
0 0.564347 0.021750 0.012619 0.012607
0 0.701143 0.186835 0.013028 0.012905
0 0.314483 0.642540 0.013552 0.013661
0 0.144411 0.303275 0.011539 0.011658
0 0.544374 0.972459 0.013340 0.013163
0 0.208604 0.499452 0.012008 0.012074
0 0.840032 0.900777 0.013105 0.013013
0 0.544967 0.068266 0.012638 0.012528
0 0.386868 0.495304 0.013097 0.013066
0 0.462885 0.845510 0.011761 0.011766
0 0.381838 0.683649 0.013725 0.013789
0 0.873649 0.472637 0.011432 0.011062
0 0.472161 0.913541 0.013157 0.013070
0 0.551552 0.131145 0.011580 0.011462
0 0.091093 0.160446 0.012601 0.012447
0 0.747200 0.109325 0.013001 0.012917
0 0.422173 0.085388 0.014007 0.013971
0 0.546566 0.194358 0.013570 0.013613
0 0.441291 0.589784 0.014145 0.013899
0 0.847738 0.365204 0.011749 0.011676
0 0.923086 0.276195 0.012909 0.012846
0 0.455970 0.141135 0.011763 0.012033
0 0.910947 0.643208 0.012053 0.011919
0 0.253883 0.886239 0.013154 0.013030
0 0.109574 0.979513 0.013739 0.013657
0 0.185772 0.890006 0.013283 0.013318
0 0.828513 0.553500 0.011493 0.011557
0 0.370558 0.807370 0.011045 0.010957
0 0.627368 0.544813 0.013895 0.013788
0 0.008378 0.061855 0.013378 0.013372
0 0.122527 0.866529 0.013389 0.013322
0 0.750046 0.441615 0.012313 0.012426
0 0.182315 0.378243 0.012187 0.012206
0 0.534392 0.714538 0.009804 0.009871
0 0.062931 0.390552 0.012920 0.013057
0 0.650563 0.964186 0.011623 0.011527
0 0.245604 0.181531 0.013816 0.013996
0 0.440820 0.058739 0.012637 0.012477
0 0.395539 0.348556 0.012510 0.012536
0 0.576722 0.690641 0.012693 0.012710
0 0.371712 0.614824 0.013953 0.014357
0 0.273579 0.598814 0.012806 0.012486
0 0.331252 0.485428 0.012795 0.012615
0 0.902465 0.009469 0.013180 0.013066
0 0.226963 0.652034 0.012913 0.012550
0 0.017199 0.461810 0.011046 0.010947
0 0.160832 0.737952 0.012789 0.012950
0 0.058202 0.650340 0.011320 0.011267
0 0.633929 0.463333 0.012546 0.012412
0 0.092880 0.838711 0.012763 0.012746
0 0.234791 0.831756 0.012116 0.012005
0 0.478227 0.051370 0.013370 0.013689
0 0.332525 0.517323 0.011553 0.011391
0 0.222479 0.467959 0.013035 0.013320
0 0.888258 0.284104 0.011169 0.011132
0 0.886487 0.405926 0.011254 0.011089
0 0.496435 0.542169 0.012142 0.012008
0 0.043411 0.555324 0.011162 0.011039
0 0.224869 0.535058 0.011993 0.012056
0 0.771580 0.680765 0.013388 0.013479
0 0.355040 0.826173 0.012564 0.012350
0 0.584662 0.130574 0.010748 0.010701
0 0.664856 0.147598 0.011953 0.011780
0 0.803570 0.050122 0.013407 0.013185
0 0.006801 0.325543 0.012929 0.013537
0 0.758263 0.955660 0.012741 0.012586
0 0.365382 0.572321 0.011633 0.011795
0 0.424905 0.247438 0.012860 0.014127
0 0.804339 0.048229 0.013647 0.014173
0 0.051815 0.367118 0.011338 0.011092
0 0.122442 0.552866 0.011477 0.011653
0 0.787056 0.004788 0.013793 0.009488
0 0.459211 0.881879 0.010889 0.010837
0 0.903065 0.757856 0.011029 0.011167
0 0.062235 0.067316 0.012138 0.012238
0 0.463778 0.740513 0.010270 0.010230
0 0.005229 0.612366 0.009587 0.009544
0 0.529928 0.635506 0.022962 0.023180
0 0.789157 0.004446 0.013002 0.008847
0 0.774496 0.004578 0.012501 0.009156
0 0.856824 0.266771 0.010514 0.010832
