0 0.163427 0.364767 0.012784 0.012767
0 0.091730 0.171520 0.013334 0.013284
0 0.817921 0.492782 0.014172 0.014295
0 0.328905 0.590020 0.013321 0.013316
0 0.539598 0.396652 0.013298 0.013412
0 0.535959 0.145094 0.012430 0.012530
0 0.943012 0.528252 0.013451 0.013188
0 0.159171 0.787235 0.012953 0.012908
0 0.114904 0.298398 0.013312 0.013174
0 0.285447 0.611782 0.012878 0.012758
0 0.454101 0.491579 0.012883 0.013051
0 0.106366 0.914281 0.012870 0.012690
0 0.089812 0.606433 0.013345 0.013389
0 0.611942 0.486760 0.013653 0.013518
0 0.593767 0.161820 0.013585 0.013327
0 0.172490 0.508384 0.013470 0.013331
0 0.820832 0.361296 0.015540 0.015499
0 0.935462 0.639310 0.013389 0.013126
0 0.228973 0.846867 0.013386 0.012967
0 0.421024 0.642195 0.012834 0.012789
0 0.376980 0.368686 0.013660 0.013776
0 0.569790 0.246373 0.013074 0.013006
0 0.073314 0.516691 0.013526 0.013341
0 0.869710 0.645458 0.012347 0.012253
0 0.411513 0.593611 0.012857 0.012720
0 0.580752 0.494400 0.013398 0.013414
0 0.603687 0.899244 0.011889 0.011723
0 0.816509 0.966277 0.012177 0.012042
0 0.625694 0.331620 0.013706 0.013625
0 0.619435 0.966762 0.012616 0.012445
0 0.954918 0.739984 0.012482 0.012371
0 0.344837 0.151503 0.013831 0.013657
0 0.477979 0.114396 0.013088 0.012772
0 0.530714 0.433896 0.013170 0.013029
0 0.786564 0.141149 0.013396 0.013354
0 0.941650 0.845315 0.012658 0.012627
0 0.103436 0.669758 0.013149 0.013343
0 0.590386 0.296156 0.012729 0.012776
0 0.137205 0.262964 0.013255 0.013184
0 0.858731 0.071206 0.014017 0.013944
0 0.110137 0.818670 0.014593 0.014254
0 0.742632 0.540161 0.013368 0.013417
0 0.290478 0.201972 0.012873 0.013023
0 0.150569 0.680553 0.013827 0.013710
0 0.228079 0.890382 0.014961 0.014615
0 0.093214 0.439549 0.014175 0.014018
0 0.635523 0.013436 0.013683 0.013583
0 0.947740 0.403372 0.013017 0.013013
0 0.909475 0.358601 0.013569 0.013535
0 0.322114 0.169331 0.013196 0.013056
0 0.028840 0.686374 0.013504 0.013423
0 0.719181 0.663814 0.013684 0.013716
0 0.804586 0.024825 0.012947 0.012878
0 0.234197 0.309151 0.013337 0.013127
0 0.405229 0.700013 0.013541 0.013400
0 0.334664 0.062093 0.013456 0.013372
0 0.110694 0.391459 0.012598 0.012652
0 0.404522 0.896087 0.013305 0.013303
0 0.031623 0.312785 0.013740 0.013714
0 0.587696 0.383313 0.013028 0.013116
0 0.356951 0.371708 0.013802 0.013609
0 0.832195 0.263715 0.013622 0.013585
0 0.918015 0.742291 0.011734 0.012058
0 0.134810 0.101620 0.014314 0.014498
0 0.213022 0.131045 0.013309 0.013486
0 0.352280 0.195898 0.013930 0.013991
0 0.264127 0.070465 0.012364 0.012231
0 0.732867 0.888446 0.012305 0.012159
0 0.714522 0.885119 0.013181 0.013116
0 0.906085 0.703724 0.012273 0.012471
0 0.931458 0.891531 0.012126 0.012013
0 0.734441 0.276505 0.013177 0.013028
0 0.779744 0.429235 0.014812 0.014575
0 0.542961 0.369504 0.013592 0.013789
0 0.961333 0.574329 0.012041 0.011953
0 0.531031 0.599306 0.013532 0.013413
0 0.065325 0.284863 0.013532 0.013688
0 0.086138 0.945371 0.013724 0.013713
0 0.702038 0.780792 0.012660 0.012595
0 0.060273 0.956491 0.013504 0.013319
0 0.323865 0.542074 0.013023 0.013092
0 0.212934 0.224284 0.014342 0.014287
0 0.851700 0.977859 0.012958 0.012929
0 0.619724 0.525871 0.013403 0.013445
0 0.458317 0.575842 0.012793 0.012937
0 0.948786 0.208457 0.012381 0.012384
0 0.753114 0.455344 0.013231 0.013198
0 0.371491 0.331586 0.012972 0.012615
0 0.430751 0.226348 0.014466 0.014705
0 0.812866 0.392357 0.013665 0.013675
0 0.988813 0.495475 0.013015 0.013096
0 0.832091 0.138676 0.013406 0.013714
0 0.040875 0.410437 0.014079 0.013840
0 0.021862 0.988316 0.013961 0.013684
0 0.578598 0.262514 0.012864 0.013025
0 0.669415 0.733853 0.014269 0.014246
0 0.398067 0.315958 0.013884 0.013758
0 0.770786 0.711869 0.011808 0.011978
0 0.208290 0.608664 0.012688 0.012638
0 0.216963 0.148387 0.014224 0.014470
0 0.558174 0.289429 0.012653 0.012731
0 0.869067 0.224738 0.012735 0.012602
0 0.527567 0.189054 0.013261 0.013355
0 0.770565 0.656959 0.011902 0.011761
0 0.979589 0.091969 0.013940 0.013974
0 0.702637 0.582491 0.013046 0.012896
0 0.638109 0.881073 0.013441 0.013478
0 0.342787 0.679882 0.013444 0.013293
0 0.801121 0.757108 0.012250 0.011949
0 0.832538 0.327463 0.013992 0.013979
0 0.790969 0.186525 0.011809 0.011595
0 0.163017 0.985175 0.012453 0.012379
0 0.339119 0.630940 0.013987 0.013861
0 0.657962 0.609107 0.012946 0.012672
0 0.344049 0.513945 0.012630 0.012829
0 0.526117 0.217115 0.013083 0.013235
0 0.221535 0.985647 0.012553 0.012470
0 0.189943 0.006547 0.012772 0.012510
0 0.875429 0.942686 0.014070 0.014248
0 0.818528 0.192779 0.012161 0.012286
0 0.055343 0.046861 0.013728 0.013600
0 0.701956 0.648289 0.013309 0.013643
0 0.808763 0.230766 0.011521 0.011685
0 0.905136 0.111604 0.013385 0.013410
0 0.821234 0.009235 0.013946 0.014052
0 0.748024 0.028357 0.012612 0.012719
0 0.747092 0.405474 0.013195 0.013155
0 0.447583 0.906594 0.012692 0.012905
0 0.062753 0.542674 0.013411 0.013376
0 0.096357 0.004407 0.013029 0.008815
0 0.165081 0.564481 0.013712 0.013743
0 0.877660 0.168296 0.013250 0.013211
0 0.022447 0.381150 0.012977 0.012838
0 0.738341 0.318739 0.013551 0.013706
0 0.369745 0.646830 0.013020 0.012874
0 0.921980 0.993677 0.012849 0.012123
0 0.027194 0.886992 0.012740 0.012551
0 0.375473 0.345608 0.014425 0.014318
0 0.862777 0.011002 0.012841 0.012911
0 0.640373 0.253315 0.015521 0.015663
0 0.184497 0.994908 0.013428 0.010183
0 0.106131 0.472035 0.013258 0.013262
0 0.014603 0.447121 0.013996 0.013791
0 0.250842 0.968328 0.014076 0.013523
0 0.222808 0.057435 0.012645 0.012506
0 0.227297 0.679803 0.014965 0.014937
0 0.048888 0.225372 0.013460 0.013377
0 0.498381 0.444426 0.013764 0.013226
0 0.927508 0.871714 0.013400 0.013354
0 0.859712 0.862263 0.011951 0.011916
0 0.997966 0.274412 0.004042 0.013886
0 0.596636 0.691910 0.013474 0.013331
0 0.386778 0.970390 0.013195 0.012884
0 0.362908 0.950052 0.013892 0.013593
0 0.843206 0.184102 0.015098 0.014975
0 0.330292 0.764032 0.013642 0.013430
0 0.983698 0.190934 0.012521 0.012499
0 0.949702 0.015113 0.013096 0.012829
0 0.154855 0.843237 0.013772 0.013825
0 0.003863 0.702362 0.007725 0.012944
0 0.962316 0.879694 0.014182 0.013896
0 0.475970 0.631132 0.013830 0.013636
0 0.640165 0.548178 0.009399 0.009093
0 0.399308 0.660947 0.014134 0.013976
0 0.481202 0.267037 0.014512 0.014416
0 0.770206 0.599236 0.013971 0.013877
0 0.445810 0.955951 0.015305 0.015456
0 0.188903 0.550649 0.014809 0.015101
0 0.996377 0.626731 0.007246 0.014177
0 0.861739 0.176915 0.012143 0.012176
0 0.523775 0.736305 0.012554 0.012274
0 0.269440 0.667907 0.013379 0.013405
0 0.309892 0.044893 0.013393 0.013062
0 0.613080 0.400352 0.013277 0.013336
0 0.453743 0.013867 0.012754 0.012718
0 0.425708 0.787847 0.012945 0.013039
0 0.020158 0.044306 0.011884 0.011924
0 0.777684 0.457384 0.014334 0.014732
0 0.525759 0.022592 0.012656 0.012403
0 0.287313 0.810909 0.014305 0.014280
0 0.051280 0.855640 0.013892 0.014128
0 0.417417 0.401062 0.014662 0.014829
0 0.643331 0.935187 0.012143 0.011552
0 0.854581 0.608068 0.013165 0.013231
0 0.641407 0.934059 0.013059 0.012060
0 0.419208 0.400077 0.015194 0.015071
0 0.499573 0.107597 0.014869 0.015234
0 0.849696 0.711042 0.022715 0.022682
0 0.857869 0.861327 0.013193 0.012562
0 0.975325 0.162638 0.013529 0.013768
0 0.455317 0.557763 0.011765 0.011571
0 0.340046 0.083914 0.012821 0.013020
0 0.414819 0.793443 0.012494 0.011736
0 0.053804 0.841619 0.012308 0.012347
0 0.276056 0.739030 0.009720 0.009817
