0 0.749192 0.616751 0.013070 0.012973
0 0.592856 0.444913 0.012668 0.012488
0 0.525328 0.346830 0.012970 0.012774
0 0.355097 0.210392 0.012777 0.012785
0 0.186232 0.888619 0.013177 0.013076
0 0.372598 0.394646 0.013247 0.013347
0 0.703114 0.475666 0.012054 0.011731
0 0.394743 0.392771 0.013930 0.013969
0 0.609977 0.316567 0.012528 0.012454
0 0.750985 0.682445 0.013295 0.013147
0 0.889308 0.901736 0.011757 0.011600
0 0.169606 0.643685 0.014298 0.014233
0 0.621734 0.844585 0.012513 0.012392
0 0.034736 0.175662 0.013765 0.013714
0 0.325189 0.743855 0.012239 0.012232
0 0.640218 0.373347 0.013520 0.013425
0 0.885140 0.947307 0.010809 0.010861
0 0.688792 0.490908 0.013129 0.012886
0 0.225086 0.650391 0.012482 0.012206
0 0.043300 0.719176 0.014363 0.014121
0 0.772845 0.368931 0.010736 0.010485
0 0.452026 0.640128 0.012636 0.012853
0 0.202638 0.333991 0.012746 0.012714
0 0.355890 0.714141 0.012081 0.011915
0 0.349015 0.639773 0.012810 0.012959
0 0.519683 0.262717 0.013478 0.013561
0 0.423970 0.373303 0.013274 0.013336
0 0.260888 0.028600 0.014163 0.013859
0 0.440904 0.165213 0.012493 0.012674
0 0.040841 0.404489 0.011906 0.012036
0 0.459529 0.827228 0.012520 0.012331
0 0.755927 0.124635 0.011159 0.011226
0 0.075535 0.299288 0.013339 0.013304
0 0.078222 0.597723 0.013223 0.013437
0 0.762200 0.489188 0.012770 0.012455
0 0.125630 0.749305 0.012655 0.012769
0 0.212499 0.562534 0.010978 0.011798
0 0.675669 0.773012 0.011201 0.011370
0 0.457945 0.956898 0.013346 0.013388
0 0.459620 0.352487 0.012254 0.012078
0 0.230563 0.062613 0.011433 0.011508
0 0.542255 0.972323 0.013199 0.013002
0 0.534437 0.728607 0.012216 0.011947
0 0.266734 0.509059 0.012498 0.012603
0 0.630923 0.113912 0.012562 0.012619
0 0.169900 0.972653 0.012383 0.012449
0 0.331776 0.029113 0.012961 0.012995
0 0.109490 0.979795 0.013352 0.013233
0 0.093615 0.483737 0.013457 0.013486
0 0.142845 0.296455 0.012594 0.012505
0 0.994523 0.637637 0.010954 0.013742
0 0.346408 0.297129 0.016950 0.016567
0 0.266392 0.452304 0.012334 0.012386
0 0.034091 0.993851 0.014814 0.012297
0 0.627373 0.553360 0.011070 0.011163
0 0.810811 0.107604 0.009281 0.009493
0 0.879906 0.154189 0.009586 0.009534
0 0.734875 0.752026 0.009801 0.009879
0 0.910165 0.068137 0.011016 0.010949
0 0.572652 0.587056 0.010745 0.010226
0 0.654182 0.860114 0.011901 0.011853
0 0.730602 0.122090 0.007541 0.007617
0 0.331782 0.517120 0.010625 0.010520
0 0.966064 0.371320 0.009656 0.009665
0 0.639335 0.988372 0.012818 0.012684
0 0.482202 0.583980 0.011649 0.011072
0 0.797351 0.033675 0.012103 0.012189
0 0.529249 0.636997 0.022116 0.022069
0 0.636042 0.085275 0.018647 0.018812
0 0.591379 0.009800 0.011576 0.011731
0 0.952093 0.006050 0.012464 0.011853
0 0.850082 0.022061 0.009521 0.009508
0 0.846777 0.718042 0.021530 0.020874
0 0.440822 0.210030 0.012207 0.012245
0 0.052527 0.515558 0.011942 0.011762
0 0.222643 0.467143 0.011740 0.011790
0 0.866517 0.401346 0.011799 0.011852
0 0.699860 0.822298 0.018174 0.018036
