0 0.282831 0.272495 0.013460 0.013340
0 0.041600 0.377372 0.012435 0.012278
0 0.114742 0.386179 0.012242 0.012172
0 0.429792 0.460077 0.011951 0.011672
0 0.081060 0.732746 0.012547 0.012566
0 0.186262 0.451336 0.012936 0.012864
0 0.315552 0.944793 0.013945 0.013992
0 0.779707 0.790287 0.013201 0.013070
0 0.365048 0.416874 0.014049 0.014064
0 0.278607 0.436583 0.012122 0.011961
0 0.095922 0.655510 0.012035 0.011828
0 0.179727 0.615944 0.012714 0.012538
0 0.513433 0.744720 0.013344 0.013185
0 0.145993 0.396119 0.013319 0.013461
0 0.661051 0.091334 0.011729 0.011593
0 0.880907 0.824337 0.011986 0.011958
0 0.925832 0.847801 0.013792 0.013789
0 0.617697 0.244041 0.012383 0.012370
0 0.727893 0.703155 0.013058 0.013057
0 0.635617 0.685297 0.013829 0.013676
0 0.683482 0.956411 0.012588 0.012541
0 0.649761 0.578454 0.012283 0.012204
0 0.625415 0.529745 0.012395 0.012247
0 0.266276 0.786448 0.012094 0.011965
0 0.437490 0.145270 0.012683 0.012476
0 0.535482 0.381354 0.011775 0.012044
0 0.387408 0.536889 0.013571 0.013672
0 0.342007 0.375868 0.012741 0.012630
0 0.545024 0.548911 0.013266 0.013252
0 0.950821 0.699744 0.012933 0.012995
0 0.030252 0.840612 0.011836 0.011767
0 0.031677 0.803266 0.012904 0.012905
0 0.569402 0.178730 0.012794 0.012588
0 0.345684 0.727490 0.012447 0.012415
0 0.770104 0.105244 0.013508 0.013553
0 0.889676 0.589324 0.012374 0.012338
0 0.483750 0.722776 0.012193 0.012251
0 0.516254 0.566647 0.013482 0.013307
0 0.642314 0.976274 0.014535 0.014433
0 0.441873 0.119989 0.014042 0.013844
0 0.561848 0.818175 0.013437 0.013285
0 0.903284 0.542096 0.013061 0.013028
0 0.903511 0.074144 0.011744 0.011705
0 0.883894 0.119062 0.009434 0.009341
0 0.909024 0.925871 0.011942 0.012074
0 0.384085 0.685042 0.013319 0.013192
0 0.755379 0.688551 0.013775 0.013725
0 0.092322 0.353871 0.013699 0.013603
0 0.181692 0.743795 0.012442 0.012715
0 0.461719 0.841621 0.013097 0.013066
0 0.597589 0.130925 0.012133 0.012153
0 0.718438 0.079383 0.012598 0.012328
0 0.868001 0.108829 0.011908 0.011693
0 0.202363 0.552104 0.013243 0.013325
0 0.812888 0.050335 0.012842 0.012834
0 0.223649 0.805779 0.012848 0.012793
0 0.425697 0.194764 0.012375 0.012226
0 0.460329 0.370058 0.013036 0.013182
0 0.076914 0.188569 0.012555 0.012488
0 0.107315 0.929546 0.011253 0.010824
0 0.457438 0.492211 0.012479 0.012417
0 0.692679 0.274237 0.012978 0.012772
0 0.873380 0.225990 0.014259 0.014270
0 0.902292 0.994958 0.013029 0.010068
0 0.708473 0.551712 0.013600 0.013418
0 0.433712 0.912904 0.013564 0.013442
0 0.703262 0.047873 0.011660 0.011563
0 0.960829 0.620732 0.011388 0.011108
0 0.453403 0.633386 0.011935 0.012101
0 0.372103 0.330397 0.012015 0.012045
0 0.360784 0.896771 0.012764 0.012824
0 0.159458 0.215301 0.012936 0.012857
0 0.843772 0.709057 0.013922 0.013594
0 0.879545 0.271849 0.012301 0.012447
0 0.457500 0.088532 0.014803 0.014701
0 0.217578 0.134417 0.012901 0.012922
0 0.768401 0.534584 0.013170 0.012762
0 0.777954 0.426103 0.011566 0.011483
0 0.877979 0.975656 0.014357 0.014405
0 0.370678 0.767515 0.012921 0.012921
0 0.703817 0.866171 0.012951 0.013231
0 0.508040 0.459569 0.015397 0.015674
0 0.087822 0.928835 0.011197 0.011057
0 0.902189 0.243117 0.012523 0.012702
0 0.834782 0.389460 0.010808 0.010277
0 0.949080 0.784516 0.011601 0.011693
0 0.706395 0.432773 0.012298 0.012091
0 0.734369 0.622769 0.013151 0.012968
0 0.436477 0.336611 0.014807 0.014550
0 0.803417 0.540900 0.011333 0.011173
0 0.561522 0.975686 0.012859 0.012903
0 0.273710 0.963830 0.011542 0.011399
0 0.066662 0.774015 0.013285 0.013776
0 0.150563 0.878434 0.011698 0.011822
0 0.972737 0.463739 0.012757 0.012785
0 0.531553 0.626949 0.020440 0.020429
0 0.240222 0.607815 0.014350 0.014501
0 0.663353 0.619876 0.012972 0.013112
0 0.735669 0.357155 0.013433 0.013488
0 0.003637 0.912130 0.007262 0.010503
0 0.984067 0.513316 0.013862 0.013415
0 0.977336 0.041505 0.009994 0.009816
0 0.002924 0.928475 0.005743 0.011425
0 0.288813 0.901920 0.011560 0.011517
0 0.002901 0.847521 0.005759 0.010950
0 0.286171 0.811511 0.012704 0.012986
0 0.234046 0.450077 0.012358 0.012032
0 0.939285 0.049924 0.012033 0.012148
0 0.717641 0.629569 0.012576 0.012386
0 0.869692 0.571136 0.011443 0.011504
0 0.671146 0.904610 0.012812 0.012360
0 0.391744 0.976229 0.013296 0.013100
0 0.087740 0.782457 0.010088 0.009520
0 0.689242 0.287146 0.012000 0.011947
0 0.349170 0.290850 0.024404 0.025116
0 0.246669 0.065958 0.010248 0.010250
0 0.991435 0.267224 0.012688 0.012625
0 0.900197 0.417783 0.011877 0.012026
0 0.368588 0.746905 0.013785 0.013432
0 0.447763 0.313140 0.010895 0.010835
0 0.928358 0.018690 0.011369 0.011302
0 0.998292 0.219814 0.003381 0.013672
0 0.875311 0.886039 0.012450 0.012699
0 0.637788 0.079426 0.022797 0.023185
0 0.002503 0.927212 0.004922 0.011095
0 0.850068 0.547305 0.011579 0.011796
0 0.651028 0.473478 0.010644 0.010008
