0 0.223248 0.660520 0.012229 0.012142
0 0.893359 0.686646 0.013856 0.013732
0 0.801311 0.636436 0.014007 0.013944
0 0.375377 0.542296 0.013108 0.012867
0 0.731316 0.692564 0.013011 0.013135
0 0.572291 0.858733 0.013083 0.013118
0 0.100874 0.587195 0.013294 0.013366
0 0.216033 0.757613 0.012398 0.012309
0 0.506179 0.665258 0.012820 0.012872
0 0.176078 0.253344 0.013265 0.013305
0 0.027992 0.288783 0.013031 0.013108
0 0.103326 0.736706 0.012818 0.012950
0 0.701408 0.231718 0.012063 0.011961
0 0.062256 0.090008 0.012983 0.012975
0 0.577055 0.465350 0.012041 0.011905
0 0.280127 0.436160 0.011606 0.011472
0 0.011658 0.131255 0.013064 0.012819
0 0.584748 0.797248 0.012899 0.012783
0 0.942964 0.653938 0.011240 0.011121
0 0.618771 0.280070 0.012995 0.012938
0 0.460654 0.867104 0.013957 0.013915
0 0.570928 0.177191 0.012574 0.012695
0 0.291917 0.606884 0.014203 0.014041
0 0.424041 0.739137 0.012864 0.012702
0 0.624715 0.495713 0.012654 0.012770
0 0.799894 0.194681 0.013303 0.013294
0 0.239951 0.225466 0.012924 0.012892
0 0.081987 0.818845 0.012720 0.012514
0 0.553208 0.355479 0.012996 0.013082
0 0.205171 0.617011 0.012501 0.012292
0 0.339377 0.824929 0.012318 0.012399
0 0.269650 0.800243 0.013724 0.013719
0 0.709690 0.167412 0.013027 0.012937
0 0.766081 0.531945 0.013130 0.013059
0 0.734435 0.618912 0.014515 0.014603
0 0.359727 0.551481 0.011381 0.011454
0 0.506841 0.869618 0.012859 0.012857
0 0.089167 0.307566 0.014820 0.015047
0 0.293200 0.241250 0.012858 0.012795
0 0.765048 0.091070 0.013605 0.013546
0 0.589965 0.735904 0.013353 0.013313
0 0.520760 0.336808 0.012239 0.012278
0 0.426081 0.956444 0.013868 0.013908
0 0.941646 0.846931 0.014038 0.013898
0 0.021107 0.959168 0.014199 0.014104
0 0.095409 0.928834 0.012397 0.012624
0 0.290677 0.784020 0.013582 0.013519
0 0.084408 0.355520 0.014312 0.014479
0 0.823572 0.208414 0.013308 0.013219
0 0.011213 0.587636 0.011985 0.011930
0 0.520881 0.572649 0.014133 0.014207
0 0.676030 0.441310 0.010819 0.010800
0 0.732905 0.546832 0.012203 0.012182
0 0.200965 0.515586 0.011870 0.011691
0 0.070713 0.877922 0.012245 0.012269
0 0.739786 0.980896 0.013404 0.013380
0 0.598767 0.890778 0.013609 0.013818
0 0.391923 0.754951 0.011774 0.011676
0 0.553371 0.059873 0.013439 0.013410
0 0.145557 0.601975 0.012974 0.013195
0 0.618412 0.333326 0.012546 0.012529
0 0.725391 0.308195 0.011391 0.011279
0 0.495260 0.452630 0.012418 0.012429
0 0.653760 0.415654 0.014088 0.014196
0 0.156921 0.429656 0.012396 0.012421
0 0.006799 0.878202 0.013107 0.014007
0 0.292645 0.873319 0.012572 0.012361
0 0.136536 0.509780 0.013065 0.012867
0 0.431446 0.467159 0.014397 0.014405
0 0.183741 0.064431 0.012841 0.012839
0 0.237264 0.821456 0.012107 0.011615
0 0.301063 0.329352 0.013327 0.013307
0 0.580647 0.615830 0.014396 0.014506
0 0.409523 0.210586 0.013438 0.013250
0 0.890901 0.050979 0.012137 0.012184
0 0.100091 0.819218 0.012552 0.012844
0 0.558056 0.441259 0.012952 0.012903
0 0.516358 0.197147 0.013288 0.013321
0 0.650103 0.604731 0.011702 0.011812
0 0.090907 0.984252 0.014174 0.014192
0 0.698016 0.816306 0.013880 0.013631
0 0.950336 0.581113 0.014442 0.014807
0 0.310716 0.376011 0.012873 0.012825
0 0.966775 0.593880 0.011486 0.011049
0 0.568668 0.720543 0.013187 0.012761
0 0.750050 0.383952 0.012876 0.013017
0 0.804047 0.511830 0.010966 0.010965
0 0.901709 0.532138 0.012603 0.012687
0 0.362469 0.918614 0.014171 0.014441
0 0.786366 0.415954 0.012217 0.012135
0 0.089364 0.908099 0.012275 0.012188
0 0.903014 0.850688 0.011708 0.011615
0 0.983518 0.510526 0.015483 0.014786
0 0.651417 0.455946 0.012575 0.012440
0 0.433292 0.310903 0.013253 0.012968
0 0.658749 0.884947 0.012584 0.012643
0 0.320015 0.091014 0.012282 0.012264
0 0.868589 0.118297 0.011382 0.011204
0 0.450049 0.318411 0.012642 0.012149
0 0.899564 0.981639 0.012833 0.012873
0 0.675305 0.908573 0.012556 0.012730
0 0.542422 0.339761 0.014257 0.014326
0 0.595534 0.420601 0.012946 0.013070
0 0.967612 0.350590 0.013253 0.013412
0 0.940246 0.934857 0.010712 0.010545
0 0.672198 0.230380 0.013960 0.014260
0 0.984627 0.532529 0.012644 0.012796
0 0.963719 0.036346 0.010053 0.009916
0 0.126413 0.387820 0.011901 0.011611
0 0.984474 0.071505 0.011956 0.011925
0 0.883330 0.126216 0.009405 0.009269
0 0.008489 0.900973 0.014583 0.014540
0 0.952944 0.339269 0.016166 0.016009
0 0.890236 0.587246 0.011265 0.011230
0 0.851035 0.715440 0.020838 0.020381
0 0.983654 0.664606 0.011817 0.011764
0 0.184964 0.963063 0.011289 0.011215
0 0.805582 0.029512 0.012815 0.012689
0 0.897136 0.344394 0.012546 0.012635
0 0.348333 0.295626 0.024021 0.024232
0 0.966687 0.794065 0.013173 0.013308
0 0.532933 0.635930 0.023276 0.023156
0 0.187355 0.847697 0.012173 0.011985
0 0.952241 0.475011 0.011462 0.011416
0 0.561450 0.381078 0.011912 0.011739
0 0.853411 0.326870 0.010719 0.010744
0 0.732426 0.635860 0.010145 0.009984
0 0.790444 0.481552 0.013059 0.013165
0 0.187110 0.962956 0.011382 0.011376
0 0.900457 0.082864 0.009441 0.009652
0 0.906202 0.021930 0.012437 0.012662
0 0.375177 0.737257 0.015034 0.014265
0 0.802810 0.535774 0.011794 0.011589
0 0.975039 0.874989 0.011363 0.011349
0 0.982311 0.663227 0.011600 0.011488
0 0.938618 0.019036 0.011157 0.010976
0 0.913453 0.002660 0.011545 0.005320
0 0.069447 0.573143 0.017701 0.017065
