0 0.137193 0.193414 0.011700 0.011578
0 0.122496 0.065428 0.012518 0.012358
0 0.316831 0.717393 0.013910 0.013810
0 0.173093 0.566762 0.012676 0.012573
0 0.186840 0.889553 0.013201 0.013239
0 0.748948 0.616318 0.012733 0.012443
0 0.956936 0.371887 0.013585 0.013236
0 0.227702 0.486779 0.012634 0.012470
0 0.220714 0.951032 0.013789 0.013663
0 0.025039 0.713420 0.013000 0.012992
0 0.974057 0.731341 0.012494 0.012768
0 0.214781 0.714734 0.013095 0.012947
0 0.067775 0.965028 0.013554 0.013396
0 0.248712 0.399080 0.012402 0.012360
0 0.260090 0.274667 0.013241 0.013229
0 0.405614 0.364813 0.013331 0.013103
0 0.459227 0.569547 0.010597 0.010475
0 0.401234 0.717635 0.012441 0.012570
0 0.718771 0.141910 0.011608 0.011554
0 0.236198 0.236203 0.012734 0.012616
0 0.415235 0.100285 0.011667 0.011499
0 0.591388 0.699090 0.012902 0.012715
0 0.028350 0.622094 0.013299 0.013203
0 0.330467 0.476322 0.011417 0.011543
0 0.543280 0.973867 0.011762 0.011652
0 0.133641 0.859194 0.012352 0.012329
0 0.388146 0.928729 0.013265 0.013313
0 0.679096 0.479357 0.012331 0.012489
0 0.310604 0.181827 0.011783 0.011400
0 0.784366 0.410026 0.012097 0.011957
0 0.922198 0.751159 0.013467 0.013643
0 0.457670 0.960457 0.012388 0.012259
0 0.688202 0.367117 0.011995 0.012195
0 0.211584 0.751745 0.013305 0.013192
0 0.337023 0.734697 0.012700 0.012742
0 0.226720 0.650102 0.012286 0.011926
0 0.345963 0.994636 0.012310 0.010729
0 0.115622 0.748451 0.013603 0.013549
0 0.432444 0.778789 0.011072 0.011371
0 0.065557 0.995638 0.012221 0.008725
0 0.344470 0.297084 0.021506 0.021262
0 0.567478 0.407435 0.011863 0.011692
0 0.524180 0.347366 0.012783 0.012329
0 0.582233 0.323908 0.012269 0.012201
0 0.109180 0.979450 0.013731 0.013847
0 0.532878 0.878359 0.011854 0.011894
0 0.060227 0.298041 0.012227 0.012233
0 0.888681 0.615541 0.011398 0.011466
0 0.108588 0.874232 0.012699 0.012681
0 0.530359 0.637433 0.020298 0.021300
0 0.141306 0.671830 0.011201 0.011367
0 0.066250 0.482774 0.012419 0.012240
0 0.766062 0.898988 0.012384 0.012090
0 0.188886 0.490274 0.012108 0.012392
0 0.064121 0.452690 0.011564 0.011690
0 0.127148 0.121353 0.011361 0.011483
0 0.797928 0.182172 0.011668 0.011575
0 0.204524 0.183870 0.012096 0.012425
0 0.737491 0.039410 0.011063 0.010930
0 0.441675 0.058022 0.009752 0.009609
0 0.848561 0.717812 0.019030 0.018269
