0 0.166363 0.051957 0.013065 0.012688
0 0.110382 0.118786 0.013263 0.013011
0 0.909526 0.457614 0.012738 0.012604
0 0.099646 0.667261 0.014332 0.014445
0 0.455857 0.043756 0.012634 0.012418
0 0.872851 0.429276 0.012364 0.012072
0 0.119724 0.708738 0.012180 0.012178
0 0.781658 0.045293 0.014563 0.014621
0 0.620182 0.622593 0.012602 0.012663
0 0.299325 0.213277 0.013089 0.012983
0 0.801725 0.356255 0.012902 0.012837
0 0.607104 0.332382 0.012921 0.012809
0 0.618141 0.055980 0.012715 0.012575
0 0.309022 0.326298 0.013457 0.013339
0 0.956174 0.509408 0.015525 0.015305
0 0.010817 0.188463 0.011510 0.011488
0 0.664428 0.433999 0.013086 0.013128
0 0.576346 0.060015 0.012592 0.012281
0 0.101696 0.738385 0.012984 0.012887
0 0.866000 0.630006 0.013538 0.013412
0 0.821745 0.447950 0.012776 0.012669
0 0.581745 0.603354 0.011912 0.011876
0 0.021280 0.474029 0.012963 0.012803
0 0.036992 0.013613 0.013458 0.013426
0 0.268740 0.917533 0.013287 0.013046
0 0.618543 0.502038 0.013018 0.012961
0 0.548923 0.474219 0.014213 0.014129
0 0.427008 0.161494 0.012598 0.012850
0 0.588998 0.072703 0.012433 0.012472
0 0.263384 0.779410 0.011908 0.011877
0 0.995267 0.454617 0.009421 0.012993
0 0.155718 0.198014 0.012552 0.012375
0 0.719096 0.657896 0.012405 0.012465
0 0.174341 0.309716 0.012566 0.012599
0 0.713432 0.263704 0.012759 0.012529
0 0.085549 0.836046 0.012912 0.013159
0 0.106261 0.363027 0.011533 0.011371
0 0.493181 0.631191 0.012973 0.012888
0 0.685745 0.615981 0.012783 0.012608
0 0.818109 0.751512 0.013681 0.013834
0 0.169795 0.795816 0.012339 0.012131
0 0.027154 0.093484 0.012293 0.012406
0 0.093428 0.570679 0.011082 0.011329
0 0.962481 0.330900 0.012677 0.012306
0 0.711381 0.321021 0.011961 0.012011
0 0.279469 0.436273 0.012036 0.011759
0 0.011035 0.402628 0.012349 0.012484
0 0.779903 0.522865 0.012012 0.011751
0 0.854029 0.536144 0.012782 0.012664
0 0.821056 0.650553 0.014594 0.014763
0 0.228640 0.718519 0.013933 0.013860
0 0.951722 0.614604 0.013898 0.014015
0 0.750103 0.073458 0.013150 0.013060
0 0.507141 0.737566 0.012801 0.012735
0 0.454988 0.757283 0.013284 0.013270
0 0.990541 0.052613 0.016115 0.015918
0 0.768603 0.030855 0.014192 0.014150
0 0.592970 0.433328 0.014004 0.014029
0 0.009480 0.638712 0.012713 0.012694
0 0.989960 0.391982 0.011627 0.011626
0 0.359784 0.482308 0.012585 0.012678
0 0.560871 0.254837 0.013665 0.013515
0 0.534732 0.307001 0.013422 0.013629
0 0.047275 0.822050 0.012587 0.012529
0 0.288215 0.546022 0.012620 0.012709
0 0.011983 0.808865 0.013224 0.013500
0 0.602226 0.474049 0.012924 0.013110
0 0.149586 0.639965 0.013726 0.013918
0 0.443968 0.544150 0.013582 0.013329
0 0.829932 0.596816 0.014215 0.013754
0 0.819270 0.624640 0.013532 0.013792
0 0.798712 0.552532 0.012255 0.012307
0 0.204850 0.844934 0.011288 0.011432
0 0.198629 0.104035 0.013120 0.013019
0 0.820318 0.516110 0.015300 0.015072
0 0.158937 0.521227 0.012910 0.012856
0 0.819843 0.975184 0.012103 0.011853
0 0.422257 0.496823 0.011900 0.011811
0 0.412065 0.297132 0.013112 0.013068
0 0.523458 0.003148 0.012422 0.006281
0 0.318485 0.797452 0.012326 0.012067
0 0.142987 0.939777 0.013176 0.013063
0 0.539308 0.875287 0.011824 0.012094
0 0.657770 0.494975 0.014000 0.014273
0 0.070625 0.977021 0.010871 0.011052
0 0.803780 0.748690 0.010569 0.010557
0 0.813368 0.552653 0.011049 0.011179
0 0.485383 0.851250 0.011561 0.011742
0 0.626191 0.777809 0.013198 0.013163
0 0.734167 0.620911 0.014527 0.014503
0 0.325486 0.959505 0.013662 0.013564
0 0.971173 0.781301 0.013384 0.013801
0 0.907983 0.848178 0.012040 0.012187
0 0.993273 0.268525 0.013374 0.014917
0 0.138691 0.119754 0.012410 0.012131
0 0.433582 0.313481 0.012777 0.013142
0 0.473200 0.954300 0.012499 0.012385
0 0.953214 0.043825 0.014862 0.014694
0 0.308042 0.703401 0.012715 0.012825
0 0.379768 0.858570 0.012468 0.012482
0 0.632050 0.950249 0.011830 0.011988
0 0.712488 0.383013 0.013717 0.013541
