0 0.098324 0.189280 0.011147 0.010956
0 0.541980 0.409700 0.013351 0.013162
0 0.403596 0.518231 0.013340 0.013243
0 0.578563 0.177839 0.012737 0.012601
0 0.068762 0.449655 0.012398 0.012370
0 0.098797 0.225427 0.012255 0.012133
0 0.026107 0.149563 0.013834 0.013655
0 0.432508 0.079732 0.013839 0.014040
0 0.524363 0.349819 0.013422 0.013233
0 0.521666 0.279844 0.013698 0.013819
0 0.428567 0.752823 0.013785 0.013667
0 0.379965 0.347142 0.013862 0.013922
0 0.932650 0.039443 0.013856 0.013857
0 0.815031 0.487259 0.013068 0.012946
0 0.096038 0.142632 0.012667 0.012774
0 0.467403 0.608255 0.014481 0.014407
0 0.070427 0.951493 0.012135 0.012343
0 0.495766 0.079769 0.014097 0.013850
0 0.228799 0.051424 0.012822 0.012629
0 0.142033 0.323684 0.012564 0.012228
0 0.579537 0.301211 0.012994 0.012914
0 0.060251 0.637006 0.012837 0.012736
0 0.476041 0.080105 0.013256 0.013155
0 0.160202 0.526604 0.013364 0.013239
0 0.748986 0.618476 0.013791 0.013666
0 0.485943 0.614838 0.013799 0.013396
0 0.939475 0.831077 0.013072 0.013201
0 0.108621 0.980688 0.013336 0.013263
0 0.223278 0.468935 0.012749 0.012749
0 0.821391 0.716808 0.012857 0.013032
0 0.306917 0.339008 0.012513 0.012181
0 0.138636 0.603811 0.013164 0.013151
0 0.761346 0.415215 0.013125 0.013012
0 0.262819 0.456924 0.011548 0.011543
0 0.714070 0.024579 0.011651 0.011702
0 0.860210 0.445484 0.013278 0.013618
0 0.107249 0.477385 0.013563 0.013685
0 0.879999 0.703883 0.013648 0.013792
0 0.611645 0.292020 0.012220 0.012213
0 0.188099 0.079374 0.013546 0.013641
0 0.164746 0.241972 0.011263 0.011145
0 0.208278 0.136942 0.012005 0.011777
0 0.856934 0.006450 0.013474 0.012787
0 0.328122 0.229206 0.014050 0.013890
0 0.405428 0.902044 0.013272 0.012783
0 0.011096 0.547832 0.012522 0.012430
0 0.262782 0.226900 0.013165 0.013055
0 0.920973 0.431455 0.013672 0.013563
0 0.985860 0.869087 0.013344 0.013254
0 0.108332 0.209660 0.012988 0.012980
0 0.541761 0.974969 0.012092 0.011880
0 0.863792 0.261656 0.013596 0.013396
0 0.294961 0.205413 0.012631 0.012366
0 0.220345 0.540938 0.012449 0.012363
0 0.611515 0.016805 0.011597 0.011506
0 0.233196 0.874512 0.011479 0.011287
0 0.368920 0.949016 0.012439 0.012360
0 0.567046 0.623645 0.012567 0.012289
0 0.861712 0.063864 0.012770 0.012806
0 0.241417 0.289880 0.012819 0.012835
0 0.111342 0.568769 0.012169 0.012386
0 0.263105 0.141284 0.012586 0.012334
0 0.480068 0.991714 0.012886 0.012843
0 0.005892 0.413788 0.011783 0.014702
0 0.462455 0.960491 0.011990 0.011748
0 0.420822 0.556296 0.013255 0.013128
0 0.793222 0.289810 0.013453 0.013688
0 0.234625 0.175766 0.012039 0.012127
0 0.630175 0.050679 0.012754 0.012934
0 0.069846 0.535314 0.012696 0.012656
0 0.219832 0.147054 0.012007 0.012011
0 0.330739 0.517973 0.011582 0.011348
0 0.446114 0.933289 0.011917 0.011469
0 0.692935 0.511604 0.012466 0.012389
0 0.777150 0.871113 0.011915 0.011728
0 0.520820 0.435311 0.013292 0.013175
0 0.003510 0.668296 0.007020 0.010775
0 0.089989 0.309660 0.012545 0.012680
0 0.994171 0.447980 0.011657 0.013758
0 0.670428 0.005582 0.012437 0.011146
0 0.387739 0.796893 0.012318 0.012511
0 0.185206 0.891459 0.012913 0.012872
0 0.343601 0.716658 0.012027 0.012026
0 0.087989 0.383989 0.013100 0.013025
0 0.594180 0.695136 0.011466 0.011377
0 0.607506 0.510045 0.013352 0.013311
0 0.209188 0.780698 0.012802 0.012952
0 0.592499 0.538039 0.012532 0.012724
0 0.336706 0.460103 0.011958 0.011730
0 0.800022 0.265853 0.013676 0.013475
0 0.494109 0.542255 0.014732 0.014549
0 0.204007 0.549816 0.011963 0.011916
0 0.669313 0.143407 0.011720 0.011971
0 0.211418 0.564200 0.013218 0.013195
0 0.675665 0.078506 0.012539 0.012429
0 0.039077 0.070164 0.012075 0.012265
0 0.399115 0.570630 0.011399 0.010857
0 0.089629 0.840948 0.012850 0.012974
0 0.848819 0.707837 0.021874 0.022231
0 0.210516 0.697690 0.011915 0.011729
0 0.437130 0.589214 0.010110 0.010313
0 0.580774 0.004390 0.011484 0.008702
0 0.084871 0.266186 0.011857 0.011978
0 0.791957 0.035368 0.013938 0.013714
0 0.786736 0.005048 0.013059 0.009985
0 0.048103 0.571912 0.011449 0.011531
0 0.633418 0.709047 0.011737 0.011853
0 0.225147 0.653473 0.012296 0.012208
0 0.575920 0.103625 0.014638 0.014883
0 0.345216 0.457014 0.013127 0.012156
0 0.525237 0.615583 0.014944 0.014926
0 0.774111 0.004558 0.012099 0.009117
0 0.345465 0.290766 0.024394 0.024299
0 0.788576 0.004713 0.011956 0.009419
0 0.347518 0.455762 0.012683 0.012418
0 0.812443 0.330655 0.011719 0.011716
0 0.342294 0.458306 0.013293 0.012799
0 0.293452 0.725227 0.011660 0.011474
