0 0.278842 0.435993 0.012187 0.012132
0 0.764930 0.527769 0.013298 0.013056
0 0.432466 0.736911 0.013117 0.013140
0 0.204690 0.516540 0.012334 0.012191
0 0.585433 0.643862 0.014127 0.014022
0 0.623980 0.504253 0.012890 0.012885
0 0.295085 0.239255 0.012867 0.012834
0 0.571891 0.470117 0.012589 0.012333
0 0.110440 0.743836 0.013328 0.013458
0 0.117015 0.610145 0.013646 0.013414
0 0.162517 0.417428 0.013056 0.013128
0 0.390378 0.496037 0.012210 0.012057
0 0.297776 0.618218 0.013614 0.013438
0 0.567485 0.360706 0.012868 0.012711
0 0.198843 0.628924 0.011444 0.011551
0 0.202346 0.671134 0.011338 0.011459
0 0.562135 0.863098 0.012910 0.012893
0 0.480024 0.298428 0.013333 0.013114
0 0.367218 0.458424 0.013742 0.013591
0 0.308998 0.753481 0.012906 0.012777
0 0.097887 0.319271 0.013824 0.013848
0 0.710309 0.554533 0.013206 0.013050
0 0.422552 0.927745 0.014598 0.014592
0 0.523328 0.541125 0.014122 0.014065
0 0.345011 0.828681 0.013777 0.013804
0 0.223266 0.257474 0.013226 0.013034
0 0.929633 0.701050 0.013298 0.013296
0 0.942354 0.830880 0.014273 0.014394
0 0.106856 0.825700 0.013462 0.013766
0 0.808471 0.512238 0.011390 0.011118
0 0.189717 0.743463 0.012701 0.012691
0 0.901877 0.529924 0.013542 0.013646
0 0.906363 0.045453 0.012615 0.012555
0 0.084204 0.823728 0.012565 0.012507
0 0.041629 0.358899 0.013889 0.013784
0 0.403507 0.265885 0.013600 0.013564
0 0.663293 0.406383 0.013949 0.014129
0 0.165393 0.483477 0.012696 0.012871
0 0.126200 0.550795 0.012620 0.012679
0 0.531815 0.641001 0.018908 0.018842
0 0.399496 0.915699 0.014332 0.014409
0 0.564503 0.396480 0.011956 0.011651
0 0.656929 0.882024 0.014557 0.014808
0 0.160674 0.273865 0.013718 0.013575
0 0.737468 0.058797 0.014000 0.013835
0 0.734972 0.619274 0.014677 0.014614
0 0.364097 0.793742 0.012873 0.012801
0 0.943824 0.654435 0.011452 0.011377
0 0.519040 0.878447 0.012608 0.012600
0 0.700004 0.102844 0.013174 0.013055
0 0.023756 0.296844 0.013223 0.013316
0 0.866426 0.115913 0.012265 0.012009
0 0.694515 0.489087 0.013447 0.013436
0 0.663914 0.613400 0.012733 0.012977
0 0.450677 0.316613 0.013396 0.013493
0 0.382380 0.531711 0.012756 0.012760
0 0.510658 0.856064 0.014172 0.014039
0 0.549409 0.053144 0.013792 0.013744
0 0.017786 0.570744 0.012215 0.012391
0 0.601598 0.741255 0.013076 0.013030
0 0.696044 0.702153 0.013238 0.012930
0 0.973193 0.049938 0.010038 0.009594
0 0.583339 0.795594 0.013055 0.012896
0 0.157135 0.374569 0.011978 0.011639
0 0.225162 0.843408 0.012878 0.012916
0 0.182487 0.845185 0.011897 0.012161
0 0.516295 0.447287 0.013467 0.013486
0 0.067999 0.962687 0.014401 0.014240
0 0.679725 0.242098 0.013052 0.013050
0 0.330780 0.365323 0.013268 0.013204
0 0.685585 0.919022 0.013657 0.013594
0 0.236202 0.045907 0.012310 0.012169
0 0.678935 0.815488 0.014348 0.014463
0 0.738743 0.980302 0.013185 0.013203
0 0.606586 0.715248 0.013316 0.013493
0 0.747164 0.377742 0.012827 0.012889
0 0.326570 0.023301 0.012846 0.013035
0 0.020479 0.103216 0.012487 0.012805
0 0.597616 0.456644 0.011938 0.011897
0 0.400376 0.753059 0.012933 0.013003
0 0.899352 0.814108 0.011909 0.012055
0 0.095426 0.934778 0.012234 0.012207
0 0.365621 0.923979 0.011865 0.011713
0 0.931116 0.374329 0.014063 0.014228
0 0.947279 0.577624 0.014378 0.014199
0 0.293098 0.335903 0.014603 0.014545
0 0.276984 0.835665 0.012301 0.012434
0 0.882484 0.363395 0.013223 0.013302
0 0.698317 0.315986 0.012848 0.012520
0 0.965214 0.592166 0.012770 0.012380
0 0.518257 0.329242 0.011906 0.012045
0 0.982493 0.509094 0.015224 0.014890
0 0.802609 0.006434 0.012978 0.012434
0 0.005726 0.136508 0.011321 0.012364
0 0.880817 0.126258 0.009673 0.009696
0 0.049666 0.767537 0.011974 0.012158
0 0.740493 0.635762 0.010780 0.010737
0 0.136771 0.961413 0.012524 0.012552
0 0.348505 0.295490 0.023993 0.023790
0 0.088494 0.911865 0.013051 0.012880
0 0.930182 0.481697 0.012469 0.012329
0 0.888884 0.575533 0.014391 0.014532
0 0.438969 0.284870 0.012627 0.012483
0 0.900570 0.981304 0.013222 0.012895
0 0.007302 0.880145 0.013845 0.014402
0 0.970170 0.868084 0.012613 0.012550
0 0.006739 0.904344 0.013168 0.014173
0 0.476875 0.445011 0.013155 0.013150
0 0.781252 0.414582 0.011988 0.011975
0 0.628641 0.338699 0.010833 0.010759
0 0.677546 0.476066 0.012552 0.012494
0 0.921931 0.016011 0.012987 0.013087
0 0.990221 0.071256 0.014021 0.013795
0 0.860846 0.245160 0.013006 0.013115
0 0.822129 0.237743 0.011276 0.011356
0 0.649929 0.312561 0.011273 0.011343
0 0.796145 0.644938 0.012056 0.012054
0 0.940150 0.935660 0.011627 0.011747
0 0.495160 0.884431 0.013287 0.013033
0 0.758772 0.275531 0.011959 0.011976
0 0.952522 0.032048 0.011257 0.010858
0 0.646875 0.272570 0.014913 0.014973
0 0.815257 0.644345 0.014203 0.014174
0 0.777285 0.453833 0.009934 0.009882
0 0.006122 0.269264 0.011993 0.013972
0 0.867470 0.560487 0.012333 0.012297
0 0.548434 0.154469 0.012351 0.012300
0 0.067680 0.570826 0.023215 0.023101
0 0.533904 0.145663 0.012340 0.012558
0 0.021114 0.860803 0.011632 0.011639
0 0.996971 0.215894 0.006018 0.012658
0 0.613941 0.180330 0.010316 0.010186
0 0.789623 0.477862 0.012839 0.012464
0 0.787245 0.478971 0.012424 0.012127
0 0.899310 0.079982 0.011199 0.011208
0 0.049377 0.835415 0.011147 0.011245
0 0.802070 0.533484 0.012681 0.012312
0 0.861516 0.328871 0.011941 0.011464
