0 0.449360 0.239421 0.016713 0.016687
0 0.354260 0.867656 0.014828 0.014709
0 0.407895 0.138129 0.015373 0.015541
0 0.572929 0.356764 0.015301 0.015114
0 0.924658 0.354743 0.015291 0.015297
0 0.218347 0.766007 0.016066 0.016147
0 0.076240 0.164015 0.014680 0.014734
0 0.442824 0.032623 0.014064 0.013947
0 0.146418 0.864799 0.013747 0.013631
0 0.277464 0.880287 0.013632 0.013663
0 0.723980 0.461948 0.013618 0.013728
0 0.556446 0.381664 0.015444 0.015511
0 0.836828 0.532532 0.016357 0.016219
0 0.202123 0.849728 0.014650 0.014645
0 0.513529 0.707150 0.014581 0.014695
0 0.830635 0.900995 0.015082 0.014944
0 0.370277 0.830486 0.014365 0.014427
0 0.198450 0.695091 0.014611 0.014337
0 0.043538 0.418184 0.014192 0.014303
0 0.129795 0.452003 0.014115 0.013906
0 0.251967 0.448620 0.014576 0.014327
0 0.662839 0.802312 0.016024 0.016108
0 0.722032 0.427735 0.014219 0.014054
0 0.242731 0.375203 0.014874 0.014785
0 0.055387 0.684524 0.014588 0.014390
0 0.473727 0.495895 0.014142 0.014213
0 0.064443 0.833855 0.014034 0.014013
0 0.384338 0.455826 0.015538 0.015590
0 0.352541 0.171637 0.015156 0.015081
0 0.198367 0.531323 0.014666 0.014634
0 0.875506 0.382157 0.014006 0.014075
0 0.141274 0.047412 0.014688 0.014620
0 0.908737 0.221920 0.013886 0.013820
0 0.446626 0.673052 0.014315 0.014254
0 0.934600 0.656720 0.015200 0.015031
0 0.404723 0.573668 0.014620 0.014578
0 0.644806 0.610340 0.014611 0.014582
0 0.087018 0.913971 0.014793 0.014769
0 0.492372 0.567433 0.016299 0.016178
0 0.259664 0.219187 0.014740 0.014615
0 0.626350 0.439643 0.014836 0.014842
0 0.123685 0.619008 0.014369 0.014388
0 0.719962 0.069802 0.015918 0.016246
0 0.722486 0.734902 0.013867 0.013894
0 0.669392 0.092642 0.014252 0.014472
0 0.635223 0.941879 0.015658 0.015664
0 0.158182 0.682870 0.014014 0.013910
0 0.243857 0.680342 0.014327 0.014223
0 0.306489 0.978722 0.014944 0.014874
0 0.764751 0.530091 0.014831 0.015038
0 0.345278 0.302088 0.021985 0.021540
0 0.422303 0.309078 0.014107 0.014402
0 0.800413 0.263310 0.015157 0.015308
0 0.665109 0.495835 0.014990 0.015179
0 0.305421 0.015210 0.015697 0.015470
0 0.454243 0.310199 0.014835 0.014727
0 0.514786 0.345045 0.016006 0.016376
0 0.496443 0.119982 0.014855 0.014600
0 0.062769 0.956244 0.014551 0.014523
0 0.800492 0.119545 0.013942 0.014352
0 0.898821 0.893455 0.014156 0.014131
0 0.719454 0.167606 0.015078 0.015079
0 0.529878 0.485129 0.014302 0.014391
0 0.700926 0.855927 0.013637 0.013707
0 0.759280 0.707256 0.014280 0.014290
0 0.209357 0.511221 0.015198 0.015160
0 0.203069 0.818340 0.014078 0.013867
0 0.942638 0.302814 0.015222 0.015395
0 0.828395 0.734023 0.014187 0.014349
0 0.270405 0.518724 0.014819 0.015283
0 0.925710 0.566974 0.013770 0.014122
0 0.742215 0.979394 0.013561 0.013659
0 0.647640 0.117425 0.015052 0.015054
0 0.562121 0.149836 0.014352 0.014373
0 0.582685 0.189138 0.015978 0.015745
0 0.054534 0.295425 0.014885 0.014794
0 0.415599 0.640065 0.014886 0.014915
0 0.624547 0.134520 0.013610 0.013675
0 0.096844 0.382458 0.014252 0.014069
0 0.937447 0.939639 0.014250 0.014222
0 0.595386 0.326511 0.014538 0.014553
0 0.961725 0.025568 0.014378 0.014446
0 0.298004 0.659041 0.014493 0.014176
0 0.403749 0.899912 0.015039 0.014920
0 0.739418 0.618951 0.016060 0.015885
0 0.850330 0.720965 0.023207 0.023400
0 0.781052 0.732090 0.015883 0.015714
0 0.709799 0.960954 0.014443 0.014449
0 0.953979 0.946164 0.014956 0.014495
0 0.788681 0.558601 0.014907 0.014712
0 0.905531 0.571946 0.013794 0.013621
0 0.533677 0.640367 0.023325 0.023072
0 0.010722 0.565600 0.018032 0.017788
0 0.068273 0.576433 0.022052 0.022104
0 0.562226 0.179261 0.014163 0.013836
0 0.662574 0.468638 0.013724 0.014013
0 0.910301 0.992360 0.017528 0.015281
0 0.295717 0.450776 0.014405 0.014125
0 0.848872 0.631096 0.014861 0.014684
0 0.313672 0.774039 0.017085 0.017061
0 0.788575 0.948088 0.014612 0.014637
0 0.172072 0.140857 0.015164 0.014982
0 0.986714 0.504907 0.017075 0.016755
0 0.654295 0.562152 0.016218 0.016365
0 0.545313 0.186238 0.013653 0.014145
0 0.267927 0.976777 0.014539 0.014504
0 0.911732 0.406619 0.014257 0.014023
0 0.204450 0.315361 0.016621 0.016712
0 0.136683 0.222768 0.016875 0.016501
0 0.174353 0.256459 0.016525 0.016354
0 0.846033 0.822770 0.014351 0.014606
0 0.398044 0.987513 0.013674 0.014040
0 0.334715 0.626936 0.013850 0.013781
0 0.490386 0.402021 0.014738 0.014691
0 0.005805 0.443816 0.011609 0.014838
0 0.992342 0.065114 0.014461 0.014132
0 0.029998 0.009339 0.015305 0.015728
0 0.381068 0.361320 0.015331 0.015401
0 0.697054 0.275497 0.015272 0.014927
0 0.994915 0.218321 0.010170 0.014517
0 0.686793 0.316244 0.014378 0.014263
0 0.409975 0.156587 0.014648 0.014867
0 0.197468 0.639305 0.016713 0.016936
0 0.160784 0.565595 0.015767 0.015763
0 0.881932 0.914441 0.014200 0.014177
0 0.799176 0.281129 0.013290 0.013053
0 0.696429 0.534335 0.015111 0.014979
0 0.522151 0.506742 0.012578 0.012967
0 0.524965 0.019346 0.019092 0.018467
0 0.291186 0.797103 0.013970 0.013575
0 0.735005 0.787301 0.013389 0.013026
0 0.380899 0.379233 0.014780 0.014673
0 0.922384 0.147523 0.021088 0.020591
0 0.898528 0.047877 0.014483 0.014322
0 0.377486 0.741751 0.023178 0.022694
0 0.837721 0.306656 0.016700 0.016812
0 0.767726 0.251386 0.013088 0.012932
0 0.378082 0.229576 0.020899 0.021045
0 0.638317 0.088809 0.020962 0.020980
0 0.802953 0.654559 0.013989 0.014277
0 0.212138 0.251587 0.013931 0.013914
0 0.004092 0.061870 0.008167 0.015807
0 0.718878 0.260827 0.014475 0.014595
0 0.879953 0.187113 0.014459 0.014600
0 0.193756 0.573793 0.016298 0.016175
0 0.616268 0.466923 0.013879 0.013785
0 0.780711 0.476867 0.014680 0.014649
0 0.014556 0.466138 0.016337 0.016379
0 0.895489 0.186543 0.015310 0.015290
0 0.703734 0.824085 0.022089 0.022100
0 0.046547 0.326204 0.018007 0.016978
0 0.887820 0.259546 0.020058 0.019756
0 0.671646 0.193143 0.019881 0.019602
0 0.564535 0.958745 0.021469 0.021868
0 0.291969 0.794887 0.014133 0.013803
0 0.779185 0.479665 0.014193 0.013993
0 0.539985 0.738584 0.022606 0.022993
