0 0.891248 0.890764 0.012741 0.012685
0 0.141571 0.271654 0.012758 0.012791
0 0.366545 0.439504 0.012322 0.012157
0 0.588838 0.365472 0.012628 0.012558
0 0.225219 0.736378 0.013398 0.013229
0 0.851873 0.655774 0.012186 0.011932
0 0.709052 0.525269 0.013049 0.012979
0 0.391421 0.493363 0.012188 0.012111
0 0.971207 0.584370 0.014314 0.014068
0 0.298708 0.319124 0.013599 0.013418
0 0.123678 0.723795 0.012505 0.012214
0 0.119921 0.103807 0.011382 0.011188
0 0.370680 0.089824 0.013355 0.013081
0 0.684108 0.703428 0.012134 0.012022
0 0.420707 0.690984 0.012626 0.012405
0 0.219304 0.238230 0.013644 0.013600
0 0.810212 0.955682 0.012926 0.012804
0 0.101689 0.872293 0.012527 0.012222
0 0.301275 0.155776 0.013385 0.013197
0 0.842049 0.328184 0.012035 0.011955
0 0.215802 0.549334 0.012474 0.012533
0 0.349107 0.791407 0.012837 0.012776
0 0.587989 0.168841 0.013441 0.013361
0 0.714780 0.129058 0.013077 0.013109
0 0.887387 0.261159 0.012479 0.012359
0 0.343303 0.209966 0.012892 0.012689
0 0.477733 0.705253 0.011710 0.011616
0 0.925243 0.867974 0.011332 0.011392
0 0.485239 0.129610 0.012713 0.012736
0 0.036789 0.302443 0.013173 0.013183
0 0.226036 0.487655 0.013005 0.013072
0 0.938514 0.698616 0.013270 0.013211
0 0.229231 0.884670 0.012615 0.012436
0 0.155934 0.474213 0.011832 0.011784
0 0.119567 0.769121 0.013148 0.013335
0 0.473267 0.365816 0.012163 0.012104
0 0.778459 0.123391 0.013878 0.013797
0 0.336069 0.638656 0.011690 0.011653
0 0.279596 0.115975 0.013402 0.013130
0 0.446475 0.136566 0.013562 0.013457
0 0.156031 0.444314 0.014063 0.013613
0 0.624623 0.716714 0.012516 0.012630
0 0.021159 0.411447 0.012905 0.012870
0 0.117207 0.517236 0.013052 0.012992
0 0.149732 0.054389 0.012975 0.012785
0 0.567936 0.667174 0.013331 0.013266
0 0.512387 0.572461 0.012863 0.012826
0 0.811055 0.442378 0.013301 0.013283
0 0.886149 0.316827 0.013056 0.012874
0 0.460353 0.725799 0.012141 0.011954
0 0.077204 0.951198 0.013160 0.013155
0 0.776342 0.449349 0.012147 0.012338
0 0.738080 0.702341 0.012972 0.012856
0 0.610345 0.469563 0.013914 0.013893
0 0.288214 0.533296 0.012474 0.012344
0 0.673951 0.273762 0.012370 0.012296
0 0.926255 0.271526 0.012236 0.011826
0 0.968186 0.381328 0.013639 0.013513
0 0.917638 0.669375 0.011623 0.011558
0 0.113117 0.911409 0.012033 0.011871
0 0.590075 0.638125 0.013676 0.013820
0 0.449290 0.474487 0.013008 0.012828
0 0.501897 0.798962 0.012643 0.012592
0 0.509145 0.425417 0.013863 0.013728
0 0.821015 0.298677 0.011787 0.011568
0 0.955855 0.541745 0.013089 0.013011
0 0.158527 0.231996 0.013872 0.013720
0 0.425579 0.491183 0.012839 0.012749
0 0.708123 0.836798 0.011697 0.011841
0 0.338186 0.478359 0.011822 0.011823
0 0.850109 0.030824 0.013627 0.013724
0 0.981930 0.473024 0.011075 0.010961
0 0.307011 0.898773 0.012355 0.012375
0 0.747768 0.497486 0.014361 0.014306
0 0.185829 0.363471 0.012236 0.012304
0 0.479319 0.237368 0.012221 0.012272
0 0.451733 0.220841 0.013034 0.012926
0 0.968069 0.972466 0.009659 0.009695
0 0.238949 0.817222 0.013124 0.012845
0 0.778160 0.591854 0.012018 0.011761
0 0.199231 0.355419 0.011227 0.011080
0 0.947365 0.576232 0.011749 0.011514
0 0.477214 0.753232 0.013069 0.012976
0 0.490093 0.270408 0.011742 0.011709
0 0.962982 0.915773 0.013730 0.013741
0 0.552369 0.422737 0.012955 0.012750
0 0.563370 0.570098 0.013875 0.013909
0 0.417095 0.789795 0.011647 0.011910
0 0.820481 0.015388 0.012688 0.012833
0 0.609810 0.329422 0.017419 0.017298
0 0.706720 0.176907 0.012982 0.013250
0 0.856588 0.928606 0.011126 0.011266
0 0.556090 0.016963 0.013868 0.013797
0 0.169887 0.104151 0.013033 0.013133
0 0.391825 0.382921 0.012007 0.012032
0 0.519266 0.121969 0.013430 0.013350
0 0.414810 0.214042 0.012676 0.012391
0 0.344809 0.681264 0.012951 0.012655
0 0.254613 0.780889 0.012516 0.012466
0 0.399188 0.607105 0.013827 0.013742
0 0.064867 0.229494 0.013141 0.013230
0 0.857410 0.441076 0.012095 0.011747
0 0.907591 0.562930 0.011623 0.011729
0 0.176849 0.326987 0.013863 0.013336
0 0.072778 0.091602 0.012686 0.012592
0 0.292170 0.633712 0.010660 0.011058
0 0.092258 0.181498 0.013615 0.013378
0 0.119158 0.416023 0.010902 0.010832
0 0.151066 0.729342 0.013394 0.013354
0 0.373488 0.944013 0.013259 0.013172
0 0.883595 0.721380 0.013427 0.013319
0 0.903647 0.241413 0.013973 0.014078
0 0.992423 0.824343 0.012775 0.013059
0 0.914170 0.151557 0.012431 0.012041
0 0.886586 0.372178 0.013657 0.013526
0 0.263690 0.257725 0.011177 0.010745
0 0.510231 0.272982 0.013493 0.013324
0 0.122191 0.007955 0.012408 0.012412
0 0.992805 0.661053 0.011793 0.011638
0 0.247010 0.359465 0.012640 0.012757
0 0.564519 0.472323 0.013632 0.013606
0 0.080401 0.982218 0.014253 0.014016
0 0.766252 0.051614 0.013634 0.013768
0 0.771909 0.648875 0.013896 0.013842
0 0.529188 0.725070 0.012901 0.012671
0 0.226274 0.357355 0.011762 0.011675
0 0.359987 0.674385 0.014539 0.014412
0 0.478058 0.014858 0.012755 0.012876
0 0.100215 0.575066 0.013733 0.013677
0 0.523455 0.752295 0.013252 0.013415
0 0.309168 0.578833 0.012290 0.011965
0 0.156428 0.005514 0.012386 0.010864
0 0.664983 0.215745 0.011911 0.011842
0 0.703962 0.311433 0.014468 0.014511
0 0.446145 0.931001 0.013127 0.013255
0 0.642348 0.254584 0.013402 0.013550
0 0.144548 0.088000 0.012785 0.012598
0 0.103563 0.597134 0.012530 0.012417
0 0.660798 0.526565 0.013468 0.013668
0 0.513177 0.861620 0.010439 0.010265
0 0.591860 0.745974 0.012230 0.011868
0 0.793605 0.591922 0.012629 0.012609
0 0.134319 0.039648 0.012999 0.013139
0 0.962278 0.176708 0.011025 0.011120
0 0.515436 0.729257 0.012103 0.011957
0 0.376746 0.151739 0.014642 0.014573
0 0.601833 0.417350 0.010534 0.010288
0 0.921509 0.587591 0.012017 0.011756
0 0.145815 0.200557 0.013244 0.012999
0 0.902678 0.508623 0.013236 0.013180
0 0.184003 0.389825 0.012919 0.012810
0 0.849839 0.709908 0.022359 0.021879
0 0.562069 0.950759 0.012756 0.012453
0 0.259923 0.269930 0.011543 0.010742
0 0.321101 0.761775 0.012574 0.012578
0 0.070960 0.701038 0.010356 0.010422
0 0.583498 0.264583 0.011895 0.011553
0 0.476367 0.034295 0.012462 0.012628
0 0.352860 0.151197 0.013735 0.013250
0 0.195353 0.910238 0.011565 0.011622
0 0.753402 0.349044 0.012046 0.012112
0 0.630095 0.895765 0.012426 0.012140
0 0.007433 0.733917 0.013324 0.013364
0 0.158881 0.198303 0.012501 0.012231
0 0.350355 0.372479 0.011736 0.011547
0 0.977975 0.304774 0.012078 0.012076
0 0.543613 0.051875 0.018034 0.017928
0 0.555921 0.054726 0.013894 0.015561
0 0.532466 0.472607 0.014333 0.014113
0 0.309534 0.491229 0.012437 0.012401
0 0.990900 0.243965 0.012392 0.012225
0 0.558088 0.761652 0.010876 0.010876
0 0.633732 0.307615 0.011478 0.011394
0 0.987696 0.632393 0.011461 0.011424
0 0.223759 0.599485 0.009830 0.009850
0 0.791708 0.413534 0.010977 0.011393
0 0.144644 0.704214 0.012338 0.011951
0 0.939312 0.233519 0.010826 0.010745
0 0.003273 0.554726 0.006485 0.012992
0 0.869603 0.403794 0.013958 0.013526
0 0.643986 0.812028 0.011310 0.011065
0 0.460468 0.055504 0.015531 0.015306
0 0.556965 0.266389 0.012408 0.011896
0 0.508500 0.469198 0.015912 0.015568
0 0.998046 0.223250 0.003871 0.009969
0 0.345986 0.290344 0.024264 0.024031
0 0.876269 0.699118 0.012577 0.012352
0 0.261322 0.268708 0.011514 0.011275
0 0.914374 0.598870 0.010019 0.010134
0 0.793417 0.412846 0.012653 0.012251
0 0.612932 0.948544 0.011660 0.011417
