0 0.755209 0.080723 0.015085 0.014826
0 0.609926 0.925857 0.017037 0.016742
0 0.881942 0.656270 0.014402 0.014294
0 0.047067 0.118121 0.014575 0.014402
0 0.813234 0.557268 0.014587 0.014608
0 0.760775 0.222349 0.014802 0.014521
0 0.798074 0.109980 0.013521 0.013204
0 0.625494 0.447344 0.014620 0.014514
0 0.334772 0.597395 0.014628 0.014564
0 0.180936 0.729391 0.017094 0.017151
0 0.406031 0.572322 0.013937 0.013760
0 0.649514 0.439936 0.014406 0.014372
0 0.873925 0.383071 0.014721 0.014544
0 0.415535 0.871181 0.014427 0.014501
0 0.645572 0.491660 0.014406 0.014438
0 0.797120 0.338314 0.014785 0.014831
0 0.396276 0.691282 0.013897 0.013844
0 0.670191 0.819741 0.014770 0.014801
0 0.046905 0.683212 0.015030 0.015129
0 0.385613 0.606009 0.013419 0.013348
0 0.080059 0.808579 0.014080 0.014013
0 0.587115 0.839802 0.013424 0.013533
0 0.935349 0.597579 0.014595 0.014354
0 0.565057 0.241193 0.013875 0.013980
0 0.298678 0.690354 0.013638 0.013614
0 0.469590 0.482057 0.014585 0.014899
0 0.307138 0.746304 0.014809 0.014792
0 0.490790 0.532867 0.014577 0.014513
0 0.558374 0.701058 0.015054 0.015317
0 0.915449 0.762747 0.014128 0.014091
0 0.183739 0.343730 0.014417 0.014373
0 0.174715 0.899865 0.015504 0.015385
0 0.607786 0.268716 0.013952 0.013866
0 0.094951 0.195425 0.015416 0.015499
0 0.519792 0.315798 0.015421 0.015361
0 0.255289 0.110508 0.015533 0.015698
0 0.581116 0.625808 0.014627 0.014578
0 0.395565 0.039792 0.014218 0.014363
0 0.287239 0.357917 0.015091 0.015148
0 0.377066 0.414756 0.014643 0.014527
0 0.729006 0.030213 0.014418 0.014263
0 0.505641 0.725046 0.013837 0.014007
0 0.513039 0.181434 0.014007 0.013889
0 0.127852 0.541734 0.013858 0.013550
0 0.526808 0.266841 0.014848 0.014857
0 0.965286 0.412104 0.014662 0.014619
0 0.614369 0.621407 0.015030 0.015132
0 0.109695 0.783685 0.014472 0.014489
0 0.790557 0.395108 0.015227 0.015393
0 0.534070 0.640165 0.022100 0.021808
0 0.108222 0.307194 0.014367 0.014068
0 0.672736 0.780891 0.014413 0.014266
0 0.786896 0.177236 0.013187 0.013255
0 0.050742 0.254813 0.014582 0.014572
0 0.538927 0.808137 0.014646 0.014578
0 0.033953 0.292876 0.013831 0.014069
0 0.478914 0.192326 0.014446 0.014483
0 0.826462 0.420046 0.014428 0.014495
0 0.156945 0.081094 0.014393 0.014571
0 0.711381 0.649491 0.014672 0.014460
0 0.849599 0.721575 0.021951 0.021806
0 0.819787 0.578694 0.014669 0.014744
0 0.641487 0.014731 0.014669 0.014699
0 0.148360 0.886062 0.015701 0.015308
0 0.176757 0.042768 0.013844 0.013954
0 0.315873 0.059374 0.015677 0.015425
0 0.669879 0.077360 0.014179 0.014260
0 0.952292 0.934926 0.014833 0.014709
0 0.242673 0.440293 0.016831 0.016993
0 0.068651 0.896365 0.014033 0.013870
0 0.926669 0.117300 0.014313 0.014132
0 0.209832 0.519710 0.015251 0.015229
0 0.721561 0.728175 0.014834 0.014846
0 0.481287 0.083294 0.014916 0.015131
0 0.370499 0.703249 0.013910 0.013952
0 0.723254 0.927429 0.013797 0.013536
0 0.483984 0.970830 0.013947 0.013977
0 0.331625 0.931440 0.012351 0.011821
0 0.347681 0.300092 0.023110 0.023017
0 0.193969 0.201160 0.015596 0.015518
0 0.067657 0.575929 0.020934 0.021320
0 0.745276 0.244535 0.013933 0.013965
0 0.703954 0.925058 0.013642 0.013552
0 0.868232 0.306241 0.014850 0.014854
0 0.705608 0.671387 0.014728 0.014803
0 0.097277 0.470610 0.014203 0.013770
0 0.857321 0.022075 0.014064 0.014008
0 0.978005 0.427227 0.015372 0.015428
0 0.524309 0.019007 0.018200 0.017871
0 0.554791 0.477900 0.014545 0.014585
0 0.524983 0.997198 0.014010 0.005552
0 0.618504 0.052374 0.014326 0.014442
0 0.558391 0.196143 0.014345 0.014036
0 0.070997 0.448089 0.015196 0.015281
0 0.692160 0.978098 0.014952 0.014710
0 0.297042 0.237479 0.014155 0.014193
0 0.952613 0.005042 0.016610 0.010055
0 0.949312 0.991055 0.013861 0.013906
0 0.694509 0.788935 0.013867 0.013895
0 0.923300 0.146957 0.020823 0.021386
0 0.433214 0.197062 0.015108 0.014996
0 0.996052 0.017967 0.007896 0.014116
0 0.155673 0.238933 0.014794 0.014473
0 0.741284 0.266140 0.014712 0.014745
0 0.087265 0.930063 0.013008 0.013085
0 0.947542 0.977196 0.013850 0.013649
0 0.450928 0.215099 0.020491 0.020255
0 0.888081 0.272616 0.015369 0.014939
0 0.769616 0.098209 0.012780 0.012556
0 0.671151 0.193514 0.018012 0.017603
0 0.988790 0.132919 0.011852 0.011556
0 0.346910 0.553177 0.013344 0.013026
0 0.003630 0.167654 0.007261 0.014722
0 0.265054 0.245414 0.019348 0.019281
0 0.116680 0.982609 0.012331 0.012302
0 0.637674 0.091450 0.015903 0.015982
0 0.995256 0.837033 0.009488 0.015811
0 0.914056 0.442427 0.019376 0.019926
0 0.220448 0.550128 0.014559 0.014301
0 0.001773 0.556521 0.003535 0.015916
0 0.001799 0.099651 0.003598 0.015389
0 0.211145 0.447129 0.018650 0.018808
0 0.101693 0.983126 0.013432 0.013832
0 0.417144 0.224951 0.015742 0.015947
0 0.703171 0.823947 0.022035 0.021938
