0 0.561670 0.203992 0.012158 0.012219
0 0.417454 0.307398 0.012366 0.012259
0 0.402059 0.090369 0.013249 0.013142
0 0.525386 0.346829 0.013722 0.013488
0 0.706497 0.087055 0.013101 0.013117
0 0.281544 0.963484 0.013905 0.013599
0 0.908130 0.448480 0.012813 0.012706
0 0.020304 0.400275 0.012766 0.012931
0 0.078293 0.417298 0.011921 0.012022
0 0.081274 0.297587 0.013583 0.013492
0 0.757093 0.271534 0.013256 0.013378
0 0.208423 0.384408 0.011819 0.011829
0 0.391449 0.582236 0.013174 0.013063
0 0.368243 0.262355 0.012892 0.013008
0 0.803675 0.117268 0.011741 0.011763
0 0.253302 0.206211 0.014786 0.014618
0 0.463240 0.306105 0.013367 0.013433
0 0.592974 0.610898 0.014272 0.013965
0 0.728169 0.202971 0.013284 0.013306
0 0.092805 0.755420 0.012299 0.012205
0 0.148228 0.052537 0.012822 0.012620
0 0.580953 0.378230 0.013190 0.013480
0 0.493131 0.854872 0.012816 0.012744
0 0.600366 0.132576 0.011916 0.011900
0 0.803525 0.943029 0.013336 0.013327
0 0.039566 0.689606 0.012908 0.012790
0 0.180394 0.513892 0.012407 0.012057
0 0.941515 0.926540 0.012411 0.012422
0 0.412397 0.224234 0.012632 0.012488
0 0.470301 0.372317 0.011505 0.011631
0 0.388999 0.133430 0.011872 0.011527
0 0.420781 0.009105 0.013094 0.012779
0 0.470617 0.689550 0.013952 0.013697
0 0.173515 0.474672 0.013095 0.013056
0 0.877663 0.296982 0.012703 0.012689
0 0.248354 0.799175 0.011714 0.011648
0 0.273706 0.064622 0.013156 0.012952
0 0.021167 0.324520 0.011820 0.011676
0 0.080545 0.366516 0.011160 0.011033
0 0.909121 0.042322 0.012560 0.012382
0 0.543815 0.973101 0.012889 0.012688
0 0.610426 0.292776 0.013158 0.012922
0 0.960578 0.291786 0.011139 0.011165
0 0.196906 0.919639 0.012078 0.012193
0 0.331975 0.517873 0.012077 0.011962
0 0.749872 0.616033 0.013495 0.013326
0 0.792074 0.667979 0.013105 0.013124
0 0.406113 0.141512 0.013572 0.013289
0 0.455671 0.569970 0.012970 0.012951
0 0.125974 0.602231 0.012737 0.013047
0 0.127505 0.975821 0.013147 0.013058
0 0.241498 0.590807 0.012126 0.012264
0 0.266940 0.100519 0.014135 0.014230
0 0.954575 0.539624 0.012265 0.011989
0 0.668294 0.965100 0.013238 0.013325
0 0.956261 0.041482 0.012024 0.011834
0 0.682133 0.735752 0.012289 0.012205
0 0.821231 0.487386 0.013193 0.013031
0 0.918455 0.524324 0.012383 0.012485
0 0.320678 0.042251 0.011483 0.011514
0 0.636543 0.157854 0.011618 0.011599
0 0.530069 0.786250 0.013148 0.013023
0 0.127524 0.339225 0.011311 0.011421
0 0.825405 0.593184 0.013125 0.012809
0 0.343042 0.768280 0.012372 0.012278
0 0.204144 0.657538 0.011306 0.011115
0 0.320045 0.611902 0.011633 0.011543
0 0.149218 0.837058 0.011893 0.011826
0 0.197808 0.746163 0.010626 0.010676
0 0.186825 0.890510 0.013127 0.013138
0 0.925750 0.578996 0.011673 0.011560
0 0.163839 0.850810 0.012768 0.012843
0 0.522081 0.591479 0.013944 0.013844
0 0.266718 0.911993 0.012698 0.012727
0 0.353708 0.712563 0.013032 0.012940
0 0.648228 0.878594 0.012866 0.013061
0 0.222952 0.467988 0.012706 0.012720
0 0.049691 0.588541 0.010751 0.010644
0 0.496023 0.541763 0.012657 0.011950
0 0.162387 0.384661 0.012221 0.012342
0 0.872443 0.268525 0.010811 0.010437
0 0.352500 0.860463 0.009451 0.009116
0 0.557831 0.834408 0.012700 0.012446
0 0.249480 0.689380 0.012650 0.012519
0 0.646393 0.035658 0.012721 0.012770
0 0.959387 0.140069 0.012576 0.012981
0 0.477967 0.050026 0.011965 0.012931
0 0.609921 0.990685 0.013344 0.013365
0 0.391992 0.493353 0.010736 0.010575
0 0.227610 0.649291 0.012015 0.011740
0 0.536287 0.803427 0.012585 0.012472
0 0.776286 0.004655 0.015237 0.009277
0 0.736179 0.401971 0.011870 0.011744
0 0.440994 0.058877 0.012025 0.011950
0 0.562161 0.388717 0.011741 0.011287
0 0.789536 0.004774 0.012035 0.009442
0 0.249079 0.097216 0.011977 0.011645
0 0.864734 0.316608 0.013025 0.012755
0 0.395476 0.944548 0.009783 0.009583
0 0.785795 0.361063 0.012538 0.012605
0 0.726081 0.288428 0.011736 0.011811
0 0.452337 0.070982 0.012404 0.012431
0 0.371859 0.808806 0.010711 0.010670
0 0.161332 0.386135 0.010970 0.011108
0 0.786733 0.004897 0.013998 0.009604
0 0.738930 0.577108 0.010879 0.010856
0 0.810236 0.234501 0.011968 0.011654
0 0.812264 0.809682 0.010657 0.010773
