0 0.196433 0.167860 0.011536 0.011432
0 0.297618 0.813128 0.012111 0.011992
0 0.782313 0.278162 0.011682 0.011613
0 0.861842 0.518104 0.013825 0.013714
0 0.960808 0.665630 0.014055 0.013899
0 0.436343 0.126323 0.013427 0.013375
0 0.838238 0.222245 0.013281 0.013372
0 0.277854 0.186970 0.011811 0.011649
0 0.280152 0.519990 0.013552 0.013383
0 0.368310 0.584424 0.012033 0.011977
0 0.110143 0.515326 0.012503 0.012457
0 0.335550 0.538411 0.012081 0.011678
0 0.221583 0.469440 0.012976 0.012935
0 0.344471 0.426797 0.013187 0.013144
0 0.313920 0.294793 0.011984 0.011618
0 0.512597 0.567816 0.013060 0.012953
0 0.098749 0.234482 0.012333 0.012289
0 0.809749 0.780870 0.013054 0.013094
0 0.523593 0.349856 0.014057 0.013833
0 0.418750 0.672824 0.012584 0.012479
0 0.541315 0.976090 0.012403 0.012255
0 0.063533 0.949483 0.014467 0.014540
0 0.191522 0.207329 0.011832 0.012062
0 0.024184 0.697546 0.013731 0.013728
0 0.983003 0.494338 0.012332 0.012292
0 0.243508 0.152906 0.013437 0.013363
0 0.628615 0.523682 0.013110 0.013190
0 0.196044 0.703268 0.012884 0.012915
0 0.265688 0.607474 0.013321 0.013058
0 0.431716 0.094033 0.013566 0.013601
0 0.485255 0.770652 0.013131 0.012918
0 0.304497 0.051364 0.014055 0.013946
0 0.504312 0.374347 0.014131 0.014005
0 0.381934 0.013555 0.013601 0.013561
0 0.700250 0.632944 0.012944 0.013029
0 0.434726 0.233065 0.013967 0.013662
0 0.108362 0.980924 0.013380 0.013409
0 0.508395 0.256773 0.014101 0.014013
0 0.050527 0.617912 0.013139 0.013206
0 0.053841 0.311505 0.012494 0.012530
0 0.671051 0.641802 0.012234 0.012192
0 0.697310 0.904799 0.013386 0.013345
0 0.463790 0.576216 0.012611 0.012656
0 0.046814 0.417014 0.012434 0.012468
0 0.185128 0.891321 0.012918 0.012771
0 0.180705 0.304083 0.014580 0.014654
0 0.231291 0.512222 0.012880 0.012975
0 0.747726 0.619364 0.013108 0.013081
0 0.696834 0.696532 0.012604 0.012527
0 0.451377 0.963482 0.011286 0.011225
0 0.537995 0.552870 0.011073 0.011023
0 0.906668 0.046170 0.011957 0.011983
0 0.584769 0.405504 0.012949 0.012993
0 0.016019 0.147730 0.012102 0.011727
0 0.861993 0.116703 0.011494 0.011569
0 0.234654 0.027992 0.013092 0.012778
0 0.976825 0.436831 0.013654 0.013564
0 0.342737 0.592361 0.012636 0.012696
0 0.039075 0.256791 0.012708 0.012815
0 0.615660 0.866172 0.011963 0.011841
0 0.439898 0.059680 0.012033 0.012065
0 0.759052 0.381550 0.012900 0.012940
0 0.874629 0.595368 0.012262 0.012241
0 0.733008 0.196894 0.011590 0.011603
0 0.135631 0.583468 0.012442 0.012824
0 0.401528 0.174887 0.012971 0.013748
0 0.645144 0.302430 0.012098 0.012145
0 0.502490 0.149634 0.012493 0.012557
0 0.391302 0.799782 0.012427 0.012602
0 0.822998 0.074664 0.011234 0.011148
0 0.211441 0.912520 0.012671 0.012676
0 0.385571 0.776426 0.012519 0.012552
0 0.261913 0.657717 0.013719 0.013695
0 0.830528 0.665018 0.014637 0.014292
0 0.468805 0.657452 0.011064 0.011086
0 0.330900 0.518625 0.012796 0.012837
0 0.006502 0.045041 0.012792 0.014008
0 0.764524 0.188910 0.011632 0.011626
0 0.223826 0.647735 0.012224 0.012099
0 0.286639 0.232636 0.011384 0.011456
0 0.828446 0.036113 0.011489 0.011518
0 0.176746 0.515191 0.010954 0.010887
0 0.969950 0.017534 0.013151 0.013264
0 0.196147 0.718627 0.012717 0.012267
0 0.643689 0.939653 0.013489 0.013495
0 0.166818 0.936717 0.012277 0.012175
0 0.364805 0.601184 0.012250 0.012399
0 0.918546 0.763117 0.011588 0.011981
0 0.598525 0.546765 0.014992 0.014863
0 0.332109 0.191077 0.013587 0.013565
0 0.927347 0.118990 0.011172 0.011167
0 0.591636 0.004760 0.013432 0.009519
0 0.663203 0.782093 0.012510 0.012212
0 0.787670 0.005546 0.012721 0.011092
0 0.487048 0.872689 0.011049 0.010832
0 0.823480 0.184679 0.012656 0.012833
0 0.717643 0.437843 0.011872 0.011776
0 0.851164 0.710638 0.022804 0.022599
0 0.995646 0.424945 0.008558 0.009559
0 0.507758 0.037153 0.012045 0.011937
0 0.668692 0.835531 0.013743 0.012884
0 0.261620 0.871667 0.010925 0.010889
0 0.869919 0.088772 0.012030 0.011984
0 0.660486 0.200675 0.011658 0.011503
0 0.401099 0.940726 0.010686 0.010350
0 0.703794 0.814545 0.022108 0.021835
