0 0.680807 0.392059 0.013956 0.014033
0 0.322783 0.484414 0.013579 0.013471
0 0.581358 0.489468 0.012845 0.012782
0 0.475540 0.358564 0.012923 0.012758
0 0.337155 0.836263 0.014032 0.014076
0 0.780277 0.465425 0.013846 0.013686
0 0.707667 0.635252 0.013345 0.013243
0 0.529891 0.501296 0.012088 0.012217
0 0.396486 0.030601 0.013486 0.013499
0 0.344656 0.619661 0.012575 0.012626
0 0.869068 0.315658 0.013505 0.013165
0 0.575164 0.325250 0.013582 0.013486
0 0.369362 0.451442 0.011371 0.011450
0 0.914807 0.065596 0.012735 0.012769
0 0.533887 0.214855 0.012926 0.012687
0 0.053803 0.844973 0.013688 0.013538
0 0.356204 0.110366 0.013340 0.013280
0 0.294152 0.895609 0.012958 0.012902
0 0.733192 0.926606 0.014054 0.014207
0 0.330905 0.051722 0.013130 0.012879
0 0.213312 0.253107 0.012154 0.011992
0 0.497219 0.816978 0.013341 0.013422
0 0.923800 0.833127 0.013279 0.013234
0 0.527467 0.661537 0.012594 0.012749
0 0.745533 0.790475 0.013977 0.013993
0 0.523585 0.349873 0.013534 0.013272
0 0.832094 0.019600 0.012564 0.012335
0 0.021901 0.408006 0.013944 0.013830
0 0.458167 0.019140 0.013571 0.013555
0 0.747675 0.619282 0.013076 0.012965
0 0.441146 0.058844 0.012895 0.012820
0 0.681756 0.881381 0.013546 0.013435
0 0.206526 0.562002 0.013958 0.013748
0 0.227637 0.445554 0.013472 0.013443
0 0.285683 0.604025 0.012716 0.012469
0 0.601392 0.615948 0.012307 0.012585
0 0.795887 0.811053 0.013262 0.013354
0 0.906610 0.413471 0.012091 0.012290
0 0.392417 0.543976 0.013443 0.013287
0 0.098560 0.670015 0.014337 0.014477
0 0.524130 0.600770 0.012949 0.012824
0 0.184394 0.891501 0.012904 0.012877
0 0.440435 0.169786 0.012020 0.012201
0 0.744442 0.223450 0.012921 0.012988
0 0.179062 0.363679 0.012025 0.012198
0 0.221885 0.470130 0.012615 0.012702
0 0.459568 0.580777 0.013085 0.013055
0 0.771440 0.981768 0.013577 0.013497
0 0.545153 0.449512 0.013003 0.012806
0 0.167009 0.301547 0.012092 0.011956
0 0.920615 0.040812 0.013717 0.013924
0 0.452670 0.957081 0.012565 0.012496
0 0.752927 0.006260 0.012590 0.011894
0 0.762497 0.246807 0.013668 0.013485
0 0.583137 0.191956 0.012563 0.012587
0 0.050095 0.924454 0.011654 0.011572
0 0.291270 0.271668 0.013563 0.013296
0 0.541915 0.976345 0.012865 0.012716
0 0.019702 0.794953 0.013368 0.013516
0 0.290300 0.777065 0.011643 0.011744
0 0.107791 0.979812 0.013160 0.013061
0 0.223131 0.648471 0.012022 0.011934
0 0.012219 0.471699 0.013637 0.013825
0 0.551760 0.699037 0.012187 0.012560
0 0.304240 0.514163 0.012271 0.012266
0 0.046387 0.174733 0.012846 0.012850
0 0.494646 0.543674 0.014071 0.014096
0 0.012187 0.132999 0.013120 0.013222
0 0.827146 0.717361 0.013350 0.013453
0 0.314429 0.174700 0.014364 0.014264
0 0.348517 0.790741 0.011881 0.011770
0 0.372232 0.349018 0.012631 0.012595
0 0.060508 0.461476 0.013235 0.013152
0 0.073137 0.390530 0.012385 0.012191
0 0.538673 0.049358 0.011698 0.011787
0 0.395690 0.942061 0.009419 0.009220
0 0.067503 0.084451 0.012258 0.012139
0 0.794979 0.641417 0.014322 0.014107
0 0.513377 0.410267 0.013826 0.014039
0 0.407667 0.595586 0.012506 0.012322
0 0.182371 0.718984 0.012223 0.012376
0 0.847488 0.712337 0.020896 0.020210
0 0.514604 0.069604 0.011623 0.011718
0 0.693247 0.139627 0.011781 0.011678
0 0.479923 0.106746 0.012741 0.012217
0 0.273126 0.015734 0.011582 0.011825
0 0.035133 0.330570 0.013771 0.014098
0 0.167884 0.765356 0.012793 0.013204
0 0.153395 0.671414 0.012357 0.012582
0 0.594013 0.876255 0.011981 0.012121
0 0.995988 0.488452 0.008017 0.011248
0 0.505734 0.223603 0.010217 0.010010
0 0.772556 0.301315 0.013753 0.013578
0 0.332368 0.517394 0.012568 0.011821
0 0.996099 0.423682 0.007802 0.010801
0 0.778942 0.005709 0.014742 0.011418
0 0.821350 0.184198 0.012643 0.012860
0 0.374477 0.882317 0.014276 0.014345
0 0.498547 0.403571 0.013472 0.013363
0 0.457265 0.220561 0.012197 0.012286
0 0.775941 0.005641 0.013916 0.011282
0 0.456041 0.218899 0.013506 0.013215
