0 0.141265 0.271813 0.012526 0.012558
0 0.369816 0.090336 0.013092 0.012819
0 0.588121 0.364193 0.012481 0.012364
0 0.391159 0.494473 0.012204 0.012281
0 0.742702 0.940538 0.013133 0.013036
0 0.948823 0.564176 0.013058 0.012848
0 0.298711 0.318678 0.013332 0.013096
0 0.127043 0.860913 0.013450 0.013330
0 0.790784 0.610683 0.012642 0.012631
0 0.465865 0.711493 0.012683 0.012355
0 0.366351 0.439725 0.012573 0.012340
0 0.376815 0.384854 0.012568 0.012710
0 0.831721 0.293535 0.012682 0.012711
0 0.488114 0.522927 0.014146 0.014275
0 0.673448 0.493532 0.011672 0.011607
0 0.060765 0.801203 0.012646 0.012704
0 0.185893 0.362605 0.012429 0.012398
0 0.622917 0.717320 0.012591 0.012823
0 0.155322 0.472656 0.012247 0.012152
0 0.091303 0.639557 0.012333 0.012222
0 0.958798 0.878463 0.013956 0.013951
0 0.330143 0.589614 0.012447 0.012310
0 0.652022 0.923498 0.013459 0.013564
0 0.601669 0.585473 0.013883 0.013798
0 0.916357 0.379554 0.011116 0.011110
0 0.743456 0.619656 0.012897 0.012669
0 0.450382 0.474407 0.012907 0.013085
0 0.201688 0.495611 0.012482 0.012252
0 0.954812 0.479279 0.011779 0.011736
0 0.834142 0.932001 0.013117 0.012987
0 0.942432 0.595116 0.011896 0.011853
0 0.942975 0.966048 0.009368 0.009417
0 0.054591 0.288813 0.012410 0.012621
0 0.915364 0.622409 0.014484 0.014550
0 0.491513 0.144426 0.012263 0.012283
0 0.117758 0.927412 0.012147 0.012140
0 0.506348 0.295295 0.013435 0.013213
0 0.349674 0.791202 0.012818 0.012754
0 0.261129 0.270271 0.012402 0.012352
0 0.479957 0.237835 0.012708 0.012837
0 0.415225 0.657939 0.012589 0.012535
0 0.883285 0.528567 0.012462 0.012314
0 0.609574 0.329235 0.017005 0.016842
0 0.565877 0.830856 0.011817 0.011573
0 0.869091 0.864238 0.013075 0.013028
0 0.977098 0.585953 0.014325 0.014144
0 0.255440 0.602789 0.011119 0.011357
0 0.852024 0.655303 0.011870 0.011664
0 0.229608 0.884752 0.012651 0.012387
0 0.258601 0.450564 0.013224 0.012925
0 0.150257 0.497372 0.011325 0.011458
0 0.317837 0.099612 0.011265 0.011197
0 0.307168 0.238650 0.012727 0.012665
0 0.368026 0.916275 0.013282 0.012778
0 0.957785 0.421568 0.012712 0.012628
0 0.724021 0.832927 0.011645 0.011340
0 0.677383 0.702329 0.012015 0.012319
0 0.304138 0.528080 0.012358 0.012325
0 0.525156 0.591203 0.013578 0.013728
0 0.892130 0.736272 0.012259 0.012190
0 0.346312 0.890095 0.013343 0.013338
0 0.938060 0.698372 0.013431 0.013364
0 0.972922 0.848635 0.013540 0.013493
0 0.111799 0.713063 0.012469 0.012317
0 0.910274 0.518530 0.012802 0.012827
0 0.604215 0.224588 0.012940 0.013173
0 0.733206 0.550249 0.014025 0.013959
0 0.482290 0.839671 0.012746 0.012556
0 0.929991 0.239885 0.014052 0.013941
0 0.673194 0.376478 0.013350 0.013446
0 0.346373 0.702111 0.014011 0.013975
0 0.122419 0.965599 0.013852 0.013808
0 0.255454 0.744424 0.013043 0.012986
0 0.913523 0.139956 0.014117 0.013873
0 0.525841 0.070898 0.012781 0.013089
0 0.446889 0.128177 0.013504 0.013525
0 0.909972 0.254548 0.013037 0.013175
0 0.538277 0.439731 0.013718 0.013698
0 0.028756 0.951597 0.013658 0.013627
0 0.336112 0.638833 0.012310 0.012446
0 0.012957 0.307214 0.012231 0.012284
0 0.482884 0.618893 0.013544 0.013690
0 0.296107 0.900267 0.011465 0.011394
0 0.405447 0.063294 0.010360 0.010443
0 0.152070 0.803787 0.012417 0.012396
0 0.553925 0.447087 0.012923 0.013079
0 0.169057 0.304658 0.014078 0.013677
0 0.216848 0.261230 0.012733 0.012695
0 0.521480 0.122738 0.013458 0.013668
0 0.681741 0.243356 0.012632 0.012398
0 0.905029 0.477636 0.012933 0.012584
0 0.362350 0.600028 0.013618 0.013728
0 0.916231 0.310013 0.012379 0.012269
0 0.267914 0.873560 0.012704 0.012630
0 0.693285 0.317202 0.013061 0.013164
0 0.250855 0.367451 0.012531 0.012695
0 0.199561 0.541797 0.012215 0.012205
0 0.220374 0.815859 0.013774 0.013492
0 0.344057 0.950113 0.012516 0.012587
0 0.781381 0.119617 0.014246 0.014112
0 0.303612 0.444451 0.012031 0.012140
0 0.478670 0.014379 0.012551 0.012446
0 0.224909 0.737236 0.012901 0.012936
0 0.516914 0.569407 0.012616 0.012725
0 0.144749 0.090736 0.010528 0.010535
0 0.991942 0.733201 0.013515 0.013513
0 0.803653 0.353198 0.012027 0.012032
0 0.496423 0.209507 0.013550 0.013302
0 0.152317 0.171346 0.013688 0.013532
0 0.230109 0.282703 0.012520 0.012476
0 0.417898 0.771939 0.012092 0.011800
0 0.572968 0.584490 0.012389 0.012292
0 0.909053 0.572764 0.012980 0.012862
0 0.651148 0.315713 0.010966 0.010820
0 0.562665 0.950864 0.012685 0.012350
0 0.225412 0.356897 0.011723 0.011493
0 0.442099 0.940828 0.014045 0.013894
0 0.473651 0.365270 0.011801 0.012037
0 0.195464 0.910832 0.012215 0.012249
0 0.802431 0.417584 0.012053 0.011992
0 0.119710 0.416152 0.011179 0.010984
0 0.334716 0.475794 0.012457 0.012740
0 0.083719 0.798277 0.011403 0.011513
0 0.218043 0.751706 0.012579 0.012468
0 0.822224 0.419328 0.012462 0.012591
0 0.150506 0.729723 0.013256 0.013236
0 0.308043 0.563769 0.011483 0.011376
0 0.284903 0.089293 0.015324 0.015472
0 0.592549 0.309764 0.013641 0.013640
0 0.557778 0.055314 0.013715 0.013703
0 0.558658 0.762087 0.010678 0.010635
0 0.750379 0.417389 0.013653 0.013542
0 0.872426 0.929625 0.010138 0.010384
0 0.524888 0.750844 0.013950 0.014049
0 0.164186 0.092409 0.012160 0.012418
0 0.574360 0.852462 0.009871 0.009788
0 0.320977 0.117211 0.013484 0.013489
0 0.038221 0.326617 0.012773 0.012636
0 0.664255 0.216598 0.011787 0.011735
0 0.820882 0.818968 0.012423 0.012502
0 0.078568 0.702203 0.013337 0.013285
0 0.460958 0.055288 0.015522 0.015046
0 0.590870 0.745672 0.012298 0.011806
0 0.914466 0.541103 0.011953 0.011559
0 0.208578 0.805471 0.011358 0.011471
0 0.117520 0.515983 0.012498 0.012562
0 0.846130 0.740217 0.014346 0.014060
0 0.992184 0.244776 0.012004 0.012154
0 0.753931 0.476722 0.012344 0.012574
0 0.530052 0.724579 0.012780 0.012604
0 0.801925 0.090213 0.011749 0.011650
0 0.185244 0.389458 0.012596 0.012397
0 0.821971 0.014228 0.012920 0.013093
0 0.839286 0.466457 0.010666 0.010666
0 0.351686 0.380141 0.015198 0.015166
0 0.900734 0.003557 0.013420 0.007113
0 0.310250 0.589099 0.010225 0.009776
0 0.011604 0.104309 0.014780 0.015038
0 0.136276 0.116012 0.011925 0.011866
0 0.858743 0.392916 0.014210 0.013959
0 0.590565 0.475663 0.014943 0.015116
0 0.244594 0.992144 0.009586 0.009590
0 0.541968 0.051877 0.017562 0.017736
0 0.546114 0.708149 0.011772 0.011434
0 0.500548 0.988177 0.011528 0.011405
0 0.703630 0.781898 0.011513 0.011592
0 0.463714 0.557948 0.012192 0.012364
0 0.348098 0.676809 0.011754 0.011588
0 0.685138 0.089865 0.011805 0.011876
0 0.014557 0.804019 0.009852 0.009317
0 0.141345 0.714053 0.012791 0.012813
0 0.977430 0.305324 0.011825 0.011804
0 0.168561 0.013249 0.013815 0.013740
0 0.690869 0.254191 0.011727 0.011475
0 0.875262 0.698747 0.012722 0.012326
0 0.805977 0.285263 0.009347 0.009548
0 0.048326 0.047691 0.012383 0.012140
0 0.352442 0.491758 0.009202 0.009410
0 0.597556 0.244089 0.012846 0.013191
0 0.098472 0.239549 0.016302 0.016378
0 0.850273 0.709552 0.022760 0.022355
0 0.062366 0.561200 0.014739 0.014269
0 0.962241 0.177491 0.010323 0.010416
0 0.509291 0.469106 0.015546 0.015580
0 0.342595 0.308105 0.013420 0.013096
0 0.602660 0.414326 0.010306 0.010117
0 0.361307 0.670339 0.011969 0.012080
0 0.567651 0.473105 0.013910 0.014303
0 0.532510 0.249441 0.016829 0.017407
0 0.612810 0.948938 0.011758 0.011699
