0 0.124346 0.064808 0.012602 0.012458
0 0.196586 0.162312 0.012725 0.012771
0 0.194661 0.244518 0.011563 0.011427
0 0.187168 0.889493 0.013467 0.013545
0 0.316560 0.472629 0.012456 0.012027
0 0.216688 0.716810 0.013357 0.013225
0 0.040847 0.350565 0.011486 0.011561
0 0.750159 0.616093 0.012850 0.012745
0 0.247809 0.399948 0.012104 0.012160
0 0.282257 0.205526 0.013237 0.013327
0 0.282743 0.290130 0.013279 0.013178
0 0.133524 0.860425 0.011591 0.011587
0 0.089914 0.251187 0.012584 0.012530
0 0.170994 0.560016 0.012696 0.012624
0 0.067405 0.610761 0.012675 0.012694
0 0.463007 0.342621 0.012491 0.012619
0 0.194145 0.971283 0.014286 0.014265
0 0.751267 0.943400 0.012680 0.012553
0 0.306307 0.725204 0.013448 0.013336
0 0.973786 0.858482 0.012955 0.012936
0 0.024117 0.724531 0.012605 0.012606
0 0.598669 0.733276 0.013529 0.013375
0 0.065226 0.452766 0.012082 0.012253
0 0.525057 0.346465 0.012952 0.012469
0 0.678607 0.363693 0.011602 0.011506
0 0.073144 0.509145 0.012481 0.012305
0 0.138045 0.168150 0.011835 0.011693
0 0.021862 0.307698 0.011880 0.011977
0 0.197501 0.508007 0.012711 0.012679
0 0.592583 0.860801 0.010977 0.010728
0 0.902210 0.630918 0.012143 0.012247
0 0.415388 0.101831 0.012454 0.012587
0 0.251460 0.760718 0.012981 0.013000
0 0.581202 0.326026 0.013357 0.013151
0 0.848565 0.717850 0.019007 0.018434
0 0.901604 0.707253 0.012017 0.012036
0 0.543187 0.973991 0.011972 0.011860
0 0.722985 0.421739 0.012067 0.012077
0 0.153905 0.681266 0.011734 0.011725
0 0.420201 0.699990 0.012777 0.012383
0 0.109904 0.978780 0.013395 0.013249
0 0.484914 0.568622 0.012502 0.012126
0 0.527952 0.213288 0.008874 0.008671
0 0.186362 0.490597 0.012937 0.012810
0 0.074864 0.776629 0.012563 0.013011
0 0.226350 0.649357 0.012593 0.012211
0 0.288175 0.995061 0.013349 0.009867
0 0.115071 0.940450 0.013113 0.013236
0 0.388934 0.261793 0.012393 0.012312
0 0.332471 0.518167 0.011890 0.012031
0 0.970257 0.723476 0.011898 0.011998
0 0.470371 0.740000 0.011113 0.011043
0 0.925348 0.621700 0.011742 0.011787
0 0.530385 0.637410 0.022273 0.022621
0 0.400548 0.940342 0.011847 0.012059
0 0.457922 0.959986 0.012159 0.012039
0 0.689050 0.127887 0.010860 0.010641
0 0.771457 0.128154 0.011351 0.011203
0 0.678968 0.013076 0.012353 0.012435
0 0.656032 0.435645 0.010991 0.010877
0 0.067717 0.997215 0.011331 0.005569
0 0.344658 0.296757 0.021982 0.022108
0 0.832963 0.140757 0.010487 0.010431
0 0.752205 0.793402 0.010681 0.010389
0 0.590427 0.942084 0.011004 0.011137
0 0.096492 0.735384 0.011191 0.010814
0 0.209049 0.001811 0.009281 0.003608
0 0.016708 0.545981 0.013048 0.012984
0 0.874930 0.690526 0.012312 0.012339
0 0.148300 0.989512 0.012049 0.012008
0 0.785396 0.896167 0.010378 0.010539
0 0.450859 0.213757 0.015441 0.015833
0 0.668990 0.189855 0.014723 0.014838
0 0.440968 0.059313 0.010855 0.010813
0 0.224098 0.466917 0.012555 0.012423
0 0.378909 0.732656 0.018341 0.018183
