0 0.709110 0.233224 0.012076 0.011755
0 0.122806 0.504199 0.012908 0.012894
0 0.210555 0.537588 0.012918 0.012951
0 0.649745 0.824930 0.013396 0.013371
0 0.360141 0.785673 0.013473 0.013440
0 0.964671 0.673630 0.011429 0.011211
0 0.103842 0.742596 0.012954 0.013029
0 0.279889 0.436063 0.012001 0.011939
0 0.041352 0.582379 0.012782 0.012702
0 0.295507 0.746701 0.011280 0.011393
0 0.118382 0.761591 0.013640 0.013562
0 0.765427 0.532198 0.013582 0.013543
0 0.311289 0.669622 0.012991 0.012969
0 0.200384 0.628723 0.012163 0.012099
0 0.276498 0.730950 0.012983 0.013030
0 0.127617 0.383280 0.013835 0.013715
0 0.321752 0.384164 0.012738 0.012723
0 0.061166 0.368080 0.013493 0.013500
0 0.272377 0.256246 0.013159 0.013260
0 0.463207 0.918584 0.013321 0.013159
0 0.106632 0.591352 0.013480 0.013424
0 0.381824 0.545564 0.012951 0.013132
0 0.301578 0.591731 0.014035 0.014041
0 0.176785 0.211788 0.012789 0.012888
0 0.085818 0.827009 0.012729 0.012594
0 0.967223 0.584967 0.012875 0.012527
0 0.683977 0.082998 0.011369 0.011145
0 0.963619 0.420101 0.013443 0.013473
0 0.336929 0.070493 0.011795 0.011913
0 0.878753 0.708364 0.015296 0.015110
0 0.506187 0.190105 0.012507 0.012302
0 0.564878 0.432462 0.012519 0.012456
0 0.578835 0.526063 0.012064 0.012014
0 0.600726 0.203810 0.010284 0.009952
0 0.053629 0.015914 0.014157 0.013811
0 0.584841 0.638310 0.012943 0.012669
0 0.598479 0.764740 0.012770 0.012400
0 0.638143 0.233597 0.012382 0.012277
0 0.007562 0.879177 0.013958 0.014435
0 0.937853 0.452045 0.011668 0.011576
0 0.712957 0.637627 0.013361 0.013454
0 0.941088 0.308036 0.013109 0.012992
0 0.642617 0.876060 0.014321 0.014128
0 0.659547 0.427191 0.013163 0.013084
0 0.634869 0.161876 0.012181 0.012173
0 0.673829 0.284664 0.013888 0.013626
0 0.309726 0.313444 0.014482 0.014566
0 0.949657 0.843510 0.013238 0.013197
0 0.265779 0.868287 0.012979 0.012910
0 0.767088 0.362384 0.012047 0.012182
0 0.586046 0.452980 0.012019 0.012011
0 0.563438 0.153777 0.013235 0.013075
0 0.390088 0.462532 0.014215 0.014234
0 0.713302 0.548825 0.012973 0.013020
0 0.604601 0.412686 0.013547 0.013529
0 0.701104 0.065697 0.012669 0.012596
0 0.752380 0.597104 0.013836 0.013933
0 0.415224 0.297954 0.013353 0.013313
0 0.483958 0.702978 0.013585 0.013546
0 0.198544 0.851598 0.013036 0.012868
0 0.096189 0.935550 0.011728 0.011765
0 0.011579 0.280186 0.013963 0.014137
0 0.865570 0.115328 0.011824 0.011540
0 0.467434 0.152801 0.012535 0.012456
0 0.048337 0.121811 0.012589 0.012690
0 0.478222 0.289102 0.012555 0.012850
0 0.896255 0.357030 0.012539 0.012347
0 0.564783 0.092293 0.014082 0.013990
0 0.889021 0.577586 0.013311 0.013183
0 0.837080 0.955340 0.012150 0.012097
0 0.761460 0.397831 0.012335 0.012098
0 0.507554 0.314540 0.014576 0.014715
0 0.471192 0.338153 0.012813 0.012924
0 0.744860 0.018019 0.012414 0.012296
0 0.755886 0.274493 0.012873 0.012884
0 0.666690 0.405829 0.014592 0.014459
0 0.818144 0.642779 0.010827 0.010565
0 0.675779 0.819026 0.013638 0.013375
0 0.180058 0.052568 0.012532 0.012539
0 0.778073 0.423403 0.011917 0.011870
0 0.222905 0.845995 0.013025 0.013078
0 0.089697 0.912716 0.012581 0.012595
0 0.543648 0.542412 0.014612 0.014619
0 0.449484 0.513991 0.013765 0.013884
0 0.901044 0.532101 0.013410 0.013524
0 0.239951 0.186975 0.012191 0.011986
0 0.330938 0.972987 0.013702 0.013905
0 0.129445 0.444750 0.012848 0.012605
0 0.802705 0.536026 0.012128 0.012000
0 0.950768 0.582227 0.011223 0.011489
0 0.983468 0.511009 0.015825 0.014994
0 0.008935 0.332297 0.014200 0.014342
0 0.363248 0.724345 0.013112 0.013204
0 0.735928 0.974945 0.012703 0.012680
0 0.736037 0.618694 0.013750 0.013425
0 0.903570 0.982830 0.013285 0.013213
0 0.794967 0.140523 0.013594 0.013526
0 0.578401 0.658381 0.011867 0.012076
0 0.003551 0.544389 0.007037 0.012925
0 0.726857 0.394836 0.011925 0.011579
0 0.871757 0.070983 0.011909 0.011696
0 0.532431 0.636122 0.023251 0.023267
0 0.490186 0.852720 0.013604 0.013692
0 0.101082 0.826560 0.012243 0.012395
0 0.348060 0.295285 0.024040 0.023667
0 0.006877 0.741074 0.012055 0.012552
0 0.588557 0.921421 0.012642 0.012760
0 0.956509 0.954386 0.012017 0.011655
0 0.996924 0.416495 0.006152 0.010983
0 0.994158 0.857172 0.011470 0.012399
0 0.995490 0.317889 0.008984 0.011127
0 0.790743 0.640964 0.014400 0.014365
0 0.899064 0.020589 0.013648 0.013708
0 0.964647 0.034439 0.013724 0.013256
0 0.836875 0.210276 0.012173 0.012263
0 0.777317 0.462375 0.012132 0.012495
0 0.890598 0.048729 0.012326 0.012586
0 0.675353 0.885344 0.012036 0.011854
0 0.619970 0.475672 0.011366 0.011221
0 0.518218 0.384984 0.012699 0.012002
0 0.002482 0.641277 0.004955 0.012552
0 0.788318 0.484168 0.014013 0.013334
0 0.477929 0.862123 0.011473 0.011290
0 0.847393 0.536444 0.012805 0.012403
0 0.879501 0.124114 0.009726 0.009744
0 0.723656 0.922385 0.011896 0.012058
0 0.998165 0.218261 0.003608 0.011961
0 0.366268 0.923498 0.011719 0.011576
0 0.944292 0.938584 0.011940 0.011905
0 0.014688 0.908961 0.012643 0.012729
0 0.625139 0.016457 0.011850 0.011817
0 0.067819 0.570872 0.021158 0.020737
0 0.048971 0.997012 0.015566 0.005967
0 0.451868 0.210912 0.019421 0.019139
0 0.934953 0.806059 0.013051 0.013561
0 0.517263 0.386353 0.012974 0.012752
0 0.997342 0.182295 0.005259 0.009543
0 0.978196 0.491652 0.012265 0.012738
