0 0.257250 0.837359 0.012660 0.012728
0 0.383114 0.519456 0.014405 0.014427
0 0.302590 0.655518 0.013664 0.013667
0 0.613378 0.916286 0.013476 0.013371
0 0.611420 0.542130 0.013245 0.013238
0 0.963053 0.065783 0.012960 0.012867
0 0.674488 0.927291 0.013355 0.013272
0 0.710955 0.417506 0.013918 0.013953
0 0.747805 0.619297 0.013361 0.013267
0 0.541358 0.976038 0.012466 0.012321
0 0.492353 0.273696 0.012260 0.012212
0 0.907184 0.067699 0.012404 0.012534
0 0.303302 0.181359 0.011846 0.011694
0 0.820853 0.540639 0.012025 0.012020
0 0.304914 0.404408 0.013254 0.013043
0 0.164646 0.467439 0.012990 0.012867
0 0.162532 0.044099 0.013882 0.013709
0 0.081675 0.021118 0.012749 0.012549
0 0.351440 0.510023 0.013010 0.012985
0 0.604852 0.287633 0.014011 0.013641
0 0.160234 0.602014 0.014529 0.014438
0 0.931231 0.594572 0.011685 0.011678
0 0.399970 0.596003 0.013961 0.013944
0 0.653952 0.339028 0.013190 0.013045
0 0.540357 0.926854 0.011812 0.011597
0 0.197940 0.256195 0.012478 0.012452
0 0.778027 0.248829 0.013071 0.013081
0 0.402847 0.028481 0.013870 0.013789
0 0.113923 0.229232 0.012877 0.012783
0 0.269743 0.145643 0.012678 0.012625
0 0.282457 0.041141 0.012756 0.012628
0 0.233443 0.385195 0.012290 0.012483
0 0.047524 0.946926 0.013089 0.013077
0 0.221652 0.470227 0.012579 0.012541
0 0.598698 0.714595 0.013033 0.012983
0 0.182798 0.321120 0.014207 0.014034
0 0.192803 0.727441 0.013262 0.013087
0 0.613036 0.253127 0.012541 0.012457
0 0.446029 0.666919 0.012649 0.012525
0 0.493821 0.094290 0.013791 0.013766
0 0.915078 0.722811 0.013079 0.012878
0 0.044117 0.688268 0.013538 0.013566
0 0.962295 0.775839 0.012280 0.012136
0 0.235380 0.113011 0.012232 0.012243
0 0.392559 0.498759 0.012148 0.012291
0 0.441230 0.059036 0.012430 0.012545
0 0.339059 0.586328 0.011815 0.012160
0 0.648601 0.545422 0.013343 0.013370
0 0.108172 0.980778 0.013125 0.013150
0 0.938521 0.277987 0.012019 0.011962
0 0.128805 0.628904 0.012908 0.012784
0 0.921305 0.554497 0.012573 0.012848
0 0.926023 0.009420 0.011362 0.011332
0 0.749634 0.495995 0.012034 0.011865
0 0.724144 0.816212 0.012684 0.012694
0 0.185673 0.891532 0.012359 0.012134
0 0.489394 0.875988 0.013531 0.013647
0 0.441248 0.970111 0.010472 0.010473
0 0.254786 0.223539 0.013783 0.013494
0 0.090925 0.825632 0.011585 0.011803
0 0.371138 0.216777 0.014847 0.014789
0 0.172005 0.834451 0.011567 0.011676
0 0.145235 0.944653 0.012539 0.012477
0 0.251537 0.628390 0.013743 0.013403
0 0.254241 0.755936 0.012185 0.012177
0 0.483253 0.176930 0.013848 0.013919
0 0.143171 0.729735 0.011881 0.011642
0 0.994164 0.241767 0.011672 0.014105
0 0.086727 0.350805 0.012657 0.012601
0 0.331613 0.824324 0.011236 0.011362
0 0.339240 0.223615 0.011828 0.011545
0 0.742595 0.750869 0.012989 0.013121
0 0.207021 0.663540 0.012983 0.012859
0 0.867814 0.145118 0.011311 0.011010
0 0.169414 0.545221 0.012041 0.011963
0 0.627581 0.974678 0.012061 0.012005
0 0.356493 0.172339 0.012661 0.012776
0 0.097181 0.142627 0.014143 0.014110
0 0.916230 0.655964 0.014200 0.014303
0 0.331060 0.518677 0.012640 0.012840
0 0.310252 0.716214 0.011445 0.011509
0 0.223327 0.648187 0.011960 0.011689
0 0.696737 0.864152 0.011347 0.011459
0 0.897458 0.286253 0.011631 0.011405
0 0.942396 0.405256 0.012133 0.012100
0 0.810264 0.834407 0.012322 0.012525
0 0.734307 0.140271 0.012051 0.011658
0 0.968517 0.905633 0.012358 0.012057
0 0.395024 0.297019 0.013577 0.013589
0 0.319869 0.003046 0.011822 0.006092
0 0.396139 0.942807 0.009406 0.009314
0 0.837647 0.683694 0.013386 0.013403
0 0.494567 0.543599 0.013604 0.013823
0 0.969924 0.314104 0.013096 0.012932
0 0.420783 0.555962 0.013031 0.013205
0 0.960083 0.003565 0.009610 0.007131
0 0.123111 0.437747 0.012790 0.012923
0 0.986822 0.619209 0.011636 0.011274
0 0.273082 0.795156 0.011008 0.010900
0 0.525220 0.348382 0.012863 0.012985
0 0.014565 0.010023 0.011361 0.011493
0 0.988030 0.895765 0.013770 0.013643
0 0.787915 0.005384 0.012411 0.010768
0 0.013187 0.116898 0.012323 0.012217
0 0.849840 0.709344 0.023561 0.023958
0 0.517143 0.630499 0.014294 0.014408
0 0.864732 0.791756 0.012167 0.011831
0 0.764304 0.260177 0.010094 0.010487
0 0.517229 0.325886 0.013122 0.013047
0 0.781921 0.143995 0.010773 0.011015
0 0.519487 0.630754 0.015081 0.015792
0 0.525222 0.631174 0.019441 0.018348
0 0.038541 0.742491 0.013489 0.013526
0 0.998151 0.412875 0.003638 0.009890
0 0.995270 0.430212 0.009459 0.010591
0 0.152817 0.561165 0.010532 0.010402
0 0.683587 0.686893 0.012094 0.012012
0 0.781979 0.005361 0.015058 0.010664
