0 0.243559 0.717322 0.014351 0.014363
0 0.124715 0.548155 0.014192 0.014165
0 0.950329 0.938388 0.014254 0.014201
0 0.457014 0.035324 0.015216 0.015228
0 0.223782 0.802347 0.014661 0.014618
0 0.955971 0.418616 0.013705 0.013867
0 0.345873 0.181277 0.015443 0.015510
0 0.579482 0.509883 0.014020 0.013986
0 0.300506 0.357571 0.013727 0.013668
0 0.438020 0.338743 0.013914 0.013831
0 0.771414 0.672188 0.013758 0.013758
0 0.069417 0.202957 0.014351 0.014156
0 0.959371 0.815792 0.014962 0.014945
0 0.619829 0.212737 0.013879 0.014103
0 0.685821 0.266578 0.014991 0.015000
0 0.783389 0.919708 0.014432 0.014161
0 0.130031 0.240365 0.014617 0.014670
0 0.132752 0.483008 0.018229 0.018104
0 0.409746 0.723240 0.014538 0.014417
0 0.329791 0.918302 0.014067 0.014211
0 0.573649 0.439268 0.014713 0.014806
0 0.597457 0.434486 0.014321 0.014143
0 0.738609 0.617645 0.015602 0.015845
0 0.130493 0.846462 0.014404 0.014482
0 0.314581 0.838845 0.014138 0.014215
0 0.910352 0.797934 0.013613 0.013336
0 0.263254 0.250003 0.015846 0.015965
0 0.619598 0.405816 0.014664 0.014662
0 0.793229 0.556433 0.016048 0.015850
0 0.906553 0.982360 0.015136 0.015234
0 0.758290 0.549905 0.014815 0.014684
0 0.826828 0.238187 0.014315 0.014343
0 0.465082 0.789926 0.014305 0.014132
0 0.821739 0.299152 0.015242 0.015140
0 0.335911 0.624688 0.014485 0.014495
0 0.835357 0.644023 0.014442 0.014534
0 0.909087 0.241609 0.014019 0.014130
0 0.532921 0.700850 0.014578 0.014478
0 0.484943 0.093590 0.016434 0.016331
0 0.098590 0.460726 0.014472 0.014242
0 0.300934 0.264180 0.014732 0.014778
0 0.969456 0.880751 0.014124 0.013732
0 0.490570 0.626928 0.014643 0.014688
0 0.621746 0.502495 0.015294 0.015412
0 0.313848 0.678332 0.014794 0.014809
0 0.211564 0.624214 0.014599 0.015084
0 0.315529 0.017055 0.014177 0.014067
0 0.762631 0.490964 0.013679 0.014021
0 0.619675 0.601548 0.014947 0.015297
0 0.487028 0.426256 0.014609 0.014684
0 0.437599 0.387046 0.015217 0.015506
0 0.114877 0.962841 0.014118 0.013871
0 0.362415 0.465106 0.014911 0.014764
0 0.714030 0.398360 0.014374 0.014230
0 0.467095 0.563554 0.014246 0.014290
0 0.258841 0.620710 0.015482 0.015945
0 0.859156 0.926666 0.014814 0.014687
0 0.685734 0.476061 0.013812 0.013964
0 0.185712 0.483026 0.014361 0.014105
0 0.097934 0.842695 0.013979 0.013782
0 0.006171 0.591636 0.012342 0.014242
0 0.848347 0.719857 0.022262 0.021988
0 0.201676 0.014126 0.015098 0.014806
0 0.037036 0.009759 0.013483 0.013656
0 0.695823 0.538222 0.015867 0.015957
0 0.054475 0.246744 0.015257 0.015162
0 0.424926 0.279968 0.015367 0.015582
0 0.114885 0.438176 0.015823 0.016126
0 0.461355 0.389603 0.013703 0.013183
0 0.935620 0.577911 0.015075 0.015096
0 0.107415 0.721198 0.014960 0.015072
0 0.718321 0.069589 0.014223 0.014115
0 0.289094 0.432290 0.016357 0.015793
0 0.469257 0.112026 0.014698 0.014793
0 0.685447 0.563427 0.014110 0.014387
0 0.834145 0.398027 0.014775 0.014459
0 0.785357 0.451056 0.014725 0.015074
0 0.346450 0.298928 0.023207 0.023006
0 0.922364 0.148277 0.018142 0.017733
0 0.986505 0.143803 0.014822 0.014755
0 0.545468 0.205580 0.013415 0.013694
0 0.947042 0.177022 0.014431 0.014679
0 0.532970 0.638629 0.022342 0.022509
0 0.832597 0.808572 0.013988 0.013855
0 0.716181 0.818133 0.017378 0.017155
0 0.491114 0.972103 0.014991 0.014918
0 0.892697 0.564634 0.014534 0.014086
0 0.801904 0.798497 0.015012 0.014832
0 0.777257 0.180013 0.015630 0.015618
0 0.991479 0.433813 0.014189 0.014117
0 0.487089 0.893129 0.015882 0.015773
0 0.397457 0.450495 0.013935 0.013701
0 0.612215 0.069476 0.014757 0.014747
0 0.877333 0.399561 0.013131 0.013557
0 0.318995 0.702321 0.015180 0.015272
0 0.987722 0.506829 0.016644 0.016283
0 0.843841 0.565099 0.016229 0.016250
0 0.084060 0.055795 0.014261 0.014435
0 0.874424 0.008629 0.011825 0.011831
0 0.646350 0.262682 0.015218 0.015128
0 0.670277 0.191258 0.019110 0.018887
0 0.120253 0.079559 0.013953 0.013729
0 0.481389 0.727220 0.016673 0.016542
0 0.003424 0.940359 0.006533 0.012722
0 0.783274 0.240023 0.012869 0.012631
0 0.120586 0.908787 0.014742 0.014424
0 0.559283 0.389269 0.013214 0.013796
0 0.606477 0.151254 0.014321 0.014382
0 0.995271 0.714848 0.009459 0.015316
0 0.843152 0.152670 0.013404 0.013727
0 0.253318 0.522742 0.016006 0.015732
0 0.175510 0.026830 0.014963 0.014936
0 0.093170 0.911782 0.014729 0.014723
0 0.257427 0.332190 0.014748 0.014605
0 0.004920 0.311270 0.009839 0.015891
0 0.627805 0.968526 0.014678 0.014243
0 0.450828 0.214296 0.020118 0.020642
0 0.888038 0.258016 0.016015 0.015356
0 0.574387 0.162133 0.015453 0.015481
0 0.728311 0.057941 0.014400 0.014303
0 0.639878 0.120796 0.014997 0.014845
0 0.524100 0.017944 0.018132 0.018106
0 0.669246 0.019078 0.014822 0.014608
0 0.998153 0.213611 0.003638 0.016786
0 0.994691 0.664843 0.010617 0.015302
0 0.302661 0.002194 0.012605 0.004355
0 0.376324 0.228084 0.020826 0.020968
0 0.738726 0.171047 0.014386 0.013989
0 0.599287 0.131648 0.014377 0.013965
0 0.560121 0.387343 0.013415 0.013431
0 0.573294 0.165007 0.015015 0.015821
0 0.629395 0.967413 0.014314 0.014772
0 0.706962 0.724646 0.014141 0.014542
0 0.976504 0.012985 0.012407 0.012304
