0 0.749635 0.616951 0.013529 0.013513
0 0.273335 0.029018 0.014183 0.013985
0 0.202033 0.509032 0.012708 0.012564
0 0.483623 0.071535 0.012971 0.012804
0 0.108233 0.641277 0.013502 0.013231
0 0.242074 0.163291 0.013870 0.013818
0 0.026502 0.144038 0.013538 0.013607
0 0.589421 0.061200 0.012537 0.012424
0 0.917097 0.298168 0.013206 0.013080
0 0.539814 0.132805 0.011683 0.011465
0 0.176949 0.785410 0.012893 0.012763
0 0.725673 0.907156 0.013624 0.013537
0 0.591084 0.623948 0.013388 0.013429
0 0.384319 0.062553 0.011484 0.011375
0 0.458726 0.035908 0.012068 0.012086
0 0.260181 0.543529 0.012056 0.012101
0 0.524817 0.432354 0.013202 0.012963
0 0.767607 0.449396 0.013424 0.013210
0 0.763928 0.680295 0.013525 0.013448
0 0.415994 0.716142 0.013644 0.013503
0 0.447911 0.509288 0.013675 0.013510
0 0.783225 0.859632 0.013089 0.013060
0 0.156774 0.675227 0.013254 0.013296
0 0.146640 0.303492 0.012514 0.012537
0 0.620606 0.187942 0.013426 0.013562
0 0.648720 0.039627 0.012185 0.012169
0 0.216592 0.697255 0.013418 0.013220
0 0.572337 0.040579 0.012882 0.012850
0 0.815116 0.601505 0.012807 0.012334
0 0.675657 0.605910 0.013105 0.013242
0 0.949103 0.297975 0.011211 0.011081
0 0.046307 0.112252 0.012592 0.012319
0 0.901785 0.682771 0.013077 0.012988
0 0.645021 0.305199 0.012842 0.012809
0 0.457458 0.742575 0.013987 0.014022
0 0.314107 0.280842 0.013417 0.013544
0 0.279052 0.214959 0.013898 0.013844
0 0.894272 0.442977 0.013073 0.012937
0 0.367277 0.819643 0.013873 0.013432
0 0.490098 0.150036 0.012975 0.013175
0 0.555427 0.851179 0.013278 0.013360
0 0.727074 0.268238 0.012796 0.012677
0 0.632302 0.269315 0.012644 0.012334
0 0.089082 0.061411 0.014974 0.014637
0 0.471046 0.110773 0.013426 0.013576
0 0.461050 0.958810 0.013470 0.013398
0 0.613148 0.667289 0.010743 0.010541
0 0.878031 0.686141 0.012393 0.012301
0 0.184638 0.889061 0.013294 0.013184
0 0.727993 0.282405 0.012464 0.012212
0 0.625102 0.034215 0.013441 0.013395
0 0.387486 0.640485 0.012350 0.012176
0 0.090933 0.839392 0.013758 0.013658
0 0.876954 0.473107 0.011180 0.010895
0 0.054988 0.362703 0.013819 0.013668
0 0.556370 0.663087 0.013646 0.013744
0 0.523407 0.903838 0.013519 0.013521
0 0.372017 0.646427 0.012312 0.012605
0 0.318721 0.013713 0.012110 0.012150
0 0.415602 0.601349 0.012164 0.012237
0 0.019925 0.460319 0.012266 0.012059
0 0.469674 0.252075 0.012303 0.012248
0 0.159892 0.275468 0.013517 0.013804
0 0.537328 0.043184 0.011020 0.011075
0 0.210854 0.469291 0.012208 0.012259
0 0.543672 0.972756 0.013960 0.013720
0 0.106541 0.995662 0.012316 0.008612
0 0.929156 0.994468 0.011723 0.010770
0 0.496328 0.543027 0.011978 0.012244
0 0.028349 0.361616 0.013061 0.013112
0 0.242406 0.898008 0.013610 0.013436
0 0.310332 0.589685 0.011339 0.011511
0 0.050146 0.915138 0.012715 0.012778
0 0.181727 0.739024 0.011902 0.011946
0 0.109318 0.978885 0.013289 0.013043
0 0.370466 0.741272 0.014450 0.014243
0 0.660646 0.103926 0.012666 0.012242
0 0.847719 0.719675 0.020325 0.020310
0 0.787901 0.004677 0.012851 0.009273
0 0.758527 0.780422 0.011780 0.011439
0 0.005767 0.338051 0.011533 0.013096
0 0.752741 0.436667 0.012202 0.011794
0 0.799221 0.450187 0.013706 0.013456
0 0.440532 0.059322 0.012190 0.012356
0 0.513921 0.335466 0.013229 0.013082
0 0.526753 0.829582 0.012312 0.012547
0 0.048260 0.553593 0.011918 0.011549
0 0.826792 0.192594 0.011195 0.011190
0 0.786252 0.075519 0.012422 0.012922
0 0.438685 0.813134 0.010605 0.010646
0 0.336022 0.509446 0.011041 0.011768
0 0.791236 0.062527 0.012920 0.013094
0 0.910865 0.409223 0.010326 0.010030
0 0.816764 0.788368 0.010303 0.010250
0 0.208586 0.656075 0.013604 0.013099
0 0.989688 0.995477 0.010808 0.008762
