0 0.054231 0.842713 0.012963 0.013091
0 0.603718 0.899419 0.012607 0.012579
0 0.594362 0.162049 0.013423 0.013348
0 0.644796 0.936854 0.012979 0.012922
0 0.539643 0.396205 0.012948 0.013212
0 0.786096 0.139955 0.013368 0.013305
0 0.909106 0.578392 0.013453 0.013256
0 0.391938 0.882188 0.013972 0.013744
0 0.198242 0.274253 0.013176 0.013121
0 0.888129 0.618545 0.012104 0.012068
0 0.228942 0.577419 0.013057 0.013310
0 0.306156 0.445307 0.013567 0.013528
0 0.471799 0.927990 0.012297 0.012255
0 0.505387 0.724811 0.013227 0.013393
0 0.554682 0.167409 0.013187 0.013300
0 0.315651 0.395262 0.013961 0.013870
0 0.473779 0.315752 0.013633 0.013376
0 0.326095 0.182813 0.013106 0.013301
0 0.852025 0.238806 0.012857 0.012836
0 0.832257 0.886162 0.013571 0.013521
0 0.887000 0.248335 0.013336 0.013227
0 0.206158 0.378126 0.012911 0.013007
0 0.290547 0.201630 0.012893 0.012996
0 0.515615 0.599145 0.013059 0.013173
0 0.804449 0.025193 0.012735 0.012562
0 0.531691 0.434183 0.012886 0.012738
0 0.943720 0.721914 0.011411 0.011408
0 0.843243 0.421543 0.013606 0.013484
0 0.942144 0.845208 0.013254 0.013247
0 0.314070 0.467364 0.012865 0.012804
0 0.786942 0.578180 0.013966 0.013751
0 0.694324 0.258000 0.013873 0.014021
0 0.503886 0.339104 0.013441 0.013425
0 0.183225 0.331559 0.013198 0.013069
0 0.056700 0.921697 0.013329 0.013389
0 0.419864 0.677689 0.012702 0.012701
0 0.532696 0.958109 0.013207 0.013103
0 0.857990 0.070714 0.014140 0.014120
0 0.604599 0.560014 0.013509 0.013540
0 0.252719 0.381834 0.013856 0.013873
0 0.212871 0.254116 0.013219 0.013114
0 0.458275 0.576320 0.012717 0.012697
0 0.045611 0.088991 0.013750 0.013728
0 0.027818 0.686867 0.014457 0.014339
0 0.112390 0.821474 0.013925 0.013676
0 0.702931 0.550033 0.012289 0.012413
0 0.111792 0.392471 0.012966 0.012709
0 0.178364 0.779959 0.013468 0.013451
0 0.074001 0.344746 0.013404 0.013428
0 0.578915 0.262824 0.012640 0.012592
0 0.523898 0.687313 0.012953 0.013133
0 0.148422 0.492233 0.013763 0.013476
0 0.379503 0.326750 0.014291 0.014370
0 0.790176 0.510902 0.012930 0.012836
0 0.151663 0.788991 0.013248 0.013055
0 0.650476 0.901451 0.013429 0.013152
0 0.382407 0.172974 0.013530 0.013570
0 0.761004 0.936743 0.013373 0.013437
0 0.630389 0.587280 0.013696 0.013732
0 0.776030 0.374833 0.013655 0.013486
0 0.891159 0.413695 0.013900 0.013714
0 0.200830 0.660707 0.013629 0.013505
0 0.938738 0.362986 0.012678 0.012531
0 0.458074 0.966418 0.013979 0.013831
0 0.220024 0.950496 0.013278 0.013117
0 0.962055 0.573827 0.011699 0.011635
0 0.179841 0.181693 0.014057 0.013801
0 0.193953 0.243804 0.014107 0.014416
0 0.478242 0.115328 0.013170 0.013103
0 0.027033 0.887308 0.012525 0.012358
0 0.292099 0.160945 0.013871 0.013781
0 0.545265 0.046147 0.013204 0.013283
0 0.843518 0.321786 0.014206 0.014059
0 0.900737 0.479463 0.013676 0.013641
0 0.939191 0.900859 0.011920 0.011819
0 0.263798 0.071797 0.012261 0.012081
0 0.102766 0.481737 0.013839 0.013772
0 0.595035 0.274685 0.013094 0.013071
0 0.860543 0.959144 0.012922 0.012698
0 0.060804 0.957232 0.013109 0.013182
0 0.773451 0.261462 0.013607 0.013555
0 0.475145 0.682958 0.014912 0.014808
0 0.501021 0.411228 0.013309 0.013345
0 0.764488 0.893429 0.013688 0.013594
0 0.170746 0.508893 0.013008 0.012848
0 0.816731 0.966883 0.012168 0.012216
0 0.310867 0.045221 0.013453 0.013335
0 0.832838 0.138427 0.013487 0.013627
0 0.031518 0.563059 0.014175 0.014350
0 0.960676 0.312255 0.014352 0.014297
0 0.147145 0.114339 0.013226 0.013237
0 0.691489 0.382140 0.013754 0.013545
0 0.179644 0.424149 0.013882 0.014014
0 0.387540 0.536068 0.014096 0.014254
0 0.370217 0.957133 0.014297 0.014325
0 0.726689 0.447390 0.013731 0.013619
0 0.054220 0.587097 0.013693 0.013572
0 0.759777 0.041550 0.014026 0.014010
0 0.442327 0.187525 0.014279 0.014348
0 0.184501 0.482853 0.014462 0.014564
0 0.389451 0.800913 0.014403 0.014336
0 0.983063 0.944656 0.012629 0.012711
0 0.491888 0.451218 0.013970 0.014092
0 0.249860 0.153035 0.013593 0.013647
0 0.915204 0.336579 0.014157 0.014164
0 0.143050 0.865553 0.013490 0.013297
0 0.863214 0.140714 0.012347 0.012377
0 0.356915 0.631556 0.013266 0.013342
0 0.094513 0.103702 0.013899 0.013694
0 0.534726 0.722588 0.015830 0.015907
0 0.746818 0.406073 0.013163 0.013114
0 0.762479 0.875636 0.011880 0.011864
0 0.604840 0.680846 0.013332 0.013372
0 0.789892 0.186845 0.012529 0.012198
0 0.098062 0.008249 0.013801 0.013787
0 0.973705 0.719026 0.011366 0.011434
0 0.878327 0.170041 0.013301 0.013190
0 0.641675 0.253415 0.014620 0.014634
0 0.168938 0.812336 0.013328 0.013379
0 0.540867 0.213843 0.013465 0.013233
0 0.368644 0.648941 0.012795 0.012666
0 0.385674 0.723985 0.014404 0.014293
0 0.403279 0.580346 0.013595 0.013899
0 0.005257 0.584114 0.010515 0.012903
0 0.525643 0.220280 0.013444 0.013424
0 0.331102 0.764337 0.013541 0.013520
0 0.795744 0.401062 0.013816 0.013604
0 0.014168 0.165791 0.014090 0.014070
0 0.390250 0.604320 0.011773 0.011720
0 0.962319 0.868818 0.012084 0.011791
0 0.726507 0.510557 0.015388 0.015136
0 0.776663 0.458680 0.013769 0.013666
0 0.237903 0.752482 0.012938 0.012976
0 0.792604 0.279242 0.012517 0.012589
0 0.640915 0.608079 0.013120 0.013187
0 0.802486 0.221561 0.014600 0.014436
0 0.974945 0.174991 0.013220 0.013128
0 0.108513 0.232341 0.013878 0.013507
0 0.326596 0.136107 0.012688 0.012994
0 0.221714 0.993512 0.013214 0.012276
0 0.265695 0.591928 0.013695 0.013815
0 0.306336 0.994738 0.013598 0.010524
0 0.338987 0.085638 0.014290 0.014374
0 0.239760 0.006129 0.013553 0.012257
0 0.711914 0.662956 0.011671 0.011478
0 0.196999 0.868498 0.012964 0.012731
0 0.352945 0.715441 0.012682 0.012332
0 0.164500 0.565090 0.013714 0.013711
0 0.026717 0.992041 0.012755 0.012597
0 0.045097 0.984362 0.014798 0.014866
0 0.480763 0.267282 0.014342 0.014339
0 0.849684 0.711131 0.022293 0.022233
0 0.211578 0.091712 0.013470 0.013374
0 0.658735 0.061379 0.013168 0.013063
0 0.454006 0.013945 0.013139 0.013213
0 0.004284 0.771163 0.008478 0.013438
0 0.819309 0.769575 0.011753 0.011769
0 0.050917 0.233102 0.013879 0.013935
0 0.419861 0.414787 0.015418 0.015181
0 0.065534 0.415097 0.012626 0.012401
0 0.862244 0.011130 0.013026 0.013079
0 0.159297 0.829377 0.012489 0.012401
0 0.951708 0.008064 0.013142 0.013384
0 0.269623 0.668030 0.013184 0.013305
0 0.645567 0.081218 0.013691 0.014008
0 0.015627 0.376930 0.014403 0.013991
0 0.009614 0.464961 0.013869 0.013914
0 0.455302 0.556991 0.011908 0.011773
0 0.997688 0.482501 0.004624 0.016140
0 0.473430 0.635842 0.012308 0.012257
0 0.612277 0.372291 0.012379 0.012685
0 0.188553 0.551413 0.014623 0.015258
0 0.879586 0.501963 0.014122 0.013757
0 0.053655 0.416206 0.013084 0.013312
0 0.530355 0.630138 0.022412 0.021929
0 0.499429 0.108770 0.014840 0.015127
0 0.388498 0.974081 0.012846 0.012463
0 0.719962 0.599965 0.012862 0.012531
0 0.226576 0.679582 0.015221 0.014979
0 0.447061 0.905833 0.013631 0.013971
0 0.728151 0.324954 0.014049 0.013929
0 0.183189 0.707686 0.013870 0.013687
0 0.845030 0.184700 0.014220 0.014032
0 0.703432 0.811254 0.022158 0.022279
0 0.518566 0.001851 0.013474 0.003703
0 0.983213 0.191831 0.013356 0.013176
0 0.525370 0.022760 0.012300 0.012153
0 0.189411 0.007073 0.012221 0.012506
0 0.141746 0.297010 0.010437 0.010346
0 0.127225 0.180644 0.013369 0.012762
0 0.266649 0.720484 0.013997 0.013907
0 0.729959 0.323840 0.013621 0.013566
0 0.996857 0.481914 0.006286 0.015345
0 0.663294 0.903298 0.008759 0.009947
0 0.780731 0.862932 0.012171 0.012345
0 0.222331 0.746233 0.011319 0.011205
0 0.288390 0.810009 0.014013 0.013942
0 0.835845 0.597461 0.012305 0.012349
0 0.983467 0.543464 0.012972 0.012735
