0 0.436777 0.126809 0.013030 0.012871
0 0.748945 0.618633 0.013449 0.013305
0 0.552340 0.133699 0.013070 0.012904
0 0.197994 0.205421 0.013310 0.013145
0 0.523551 0.594934 0.011829 0.011651
0 0.600496 0.333784 0.012132 0.011901
0 0.114984 0.304737 0.013533 0.013342
0 0.625189 0.688164 0.012448 0.012362
0 0.915896 0.532932 0.013803 0.013791
0 0.457505 0.343975 0.012729 0.012588
0 0.637480 0.322762 0.013237 0.013163
0 0.749485 0.955037 0.014126 0.013815
0 0.553300 0.107447 0.012835 0.012599
0 0.584773 0.603249 0.012173 0.011987
0 0.340349 0.244868 0.013510 0.013564
0 0.254979 0.219394 0.013572 0.013656
0 0.642089 0.635668 0.012561 0.012541
0 0.339233 0.067478 0.012500 0.012523
0 0.267146 0.263614 0.012387 0.012294
0 0.594083 0.497951 0.013765 0.013672
0 0.112422 0.422648 0.011324 0.011345
0 0.278153 0.334782 0.012489 0.012303
0 0.933405 0.594284 0.013228 0.013343
0 0.283078 0.807332 0.012594 0.012790
0 0.525342 0.349127 0.012954 0.012737
0 0.260309 0.417242 0.013017 0.012875
0 0.729891 0.040743 0.011743 0.011668
0 0.831228 0.773996 0.012949 0.012854
0 0.382564 0.826641 0.013238 0.013339
0 0.452326 0.307936 0.012372 0.012370
0 0.083898 0.172551 0.013481 0.013399
0 0.286122 0.564886 0.013217 0.013256
0 0.697099 0.507742 0.012754 0.012776
0 0.829294 0.610038 0.013168 0.013180
0 0.222398 0.469681 0.012502 0.012462
0 0.907572 0.345840 0.013202 0.013238
0 0.683584 0.105161 0.013083 0.013206
0 0.235319 0.140305 0.012999 0.012691
0 0.950509 0.782302 0.012332 0.012562
0 0.470130 0.354260 0.013557 0.013577
0 0.331424 0.518515 0.012471 0.012433
0 0.184553 0.643866 0.013527 0.013304
0 0.534918 0.481921 0.012280 0.012262
0 0.509962 0.052963 0.012931 0.013024
0 0.608678 0.445273 0.012620 0.012644
0 0.808264 0.040298 0.013195 0.013196
0 0.925539 0.772816 0.012194 0.011856
0 0.649897 0.225144 0.013141 0.012562
0 0.457579 0.960355 0.012928 0.012759
0 0.654285 0.865462 0.012908 0.012959
0 0.570585 0.342691 0.013153 0.013178
0 0.985448 0.703840 0.012069 0.011840
0 0.760410 0.225669 0.013200 0.013261
0 0.624204 0.041699 0.012096 0.012044
0 0.180726 0.035490 0.013722 0.013630
0 0.427607 0.491322 0.013679 0.013890
0 0.451241 0.444070 0.011503 0.011815
0 0.696922 0.084571 0.012504 0.012361
0 0.167990 0.328685 0.012842 0.012926
0 0.838513 0.247775 0.011763 0.011853
0 0.754460 0.988545 0.013416 0.013427
0 0.501849 0.919985 0.011426 0.011684
0 0.638794 0.720638 0.012161 0.011738
0 0.287552 0.723100 0.011456 0.011488
0 0.462731 0.822359 0.011639 0.012021
0 0.463770 0.645038 0.011625 0.011340
0 0.312752 0.272345 0.011554 0.011596
0 0.133384 0.438050 0.012047 0.012052
0 0.006357 0.219132 0.012562 0.013966
0 0.541104 0.973418 0.011905 0.011833
0 0.574935 0.716990 0.011945 0.012016
0 0.442033 0.059286 0.013166 0.013067
0 0.107810 0.402851 0.013235 0.013251
0 0.494959 0.544012 0.014630 0.014360
0 0.378174 0.618544 0.012205 0.011730
0 0.401401 0.966821 0.012151 0.012145
0 0.488461 0.978427 0.012408 0.012319
0 0.262321 0.992279 0.011819 0.011708
0 0.971130 0.916814 0.011477 0.011328
0 0.275722 0.039904 0.012625 0.012730
0 0.417231 0.835493 0.011568 0.011477
0 0.942359 0.366634 0.011206 0.010808
0 0.949206 0.224566 0.011429 0.011154
0 0.788618 0.005384 0.012873 0.010767
0 0.321348 0.724820 0.012106 0.012034
0 0.031577 0.712834 0.011191 0.011046
0 0.839910 0.994819 0.013108 0.010361
0 0.179048 0.721507 0.012310 0.012366
0 0.274736 0.001982 0.013986 0.003964
0 0.226631 0.650871 0.012760 0.012510
0 0.434408 0.519472 0.012544 0.012308
0 0.422536 0.557023 0.011857 0.012152
0 0.237548 0.160258 0.012593 0.012379
0 0.098221 0.933112 0.011393 0.011414
0 0.605844 0.008946 0.013223 0.013494
0 0.271825 0.192532 0.012883 0.012609
0 0.034986 0.959935 0.012449 0.012296
0 0.029250 0.699739 0.011647 0.011666
0 0.633173 0.670104 0.012478 0.012490
0 0.990915 0.333341 0.014799 0.014541
0 0.108782 0.980902 0.012423 0.012653
0 0.091832 0.804251 0.010409 0.010250
0 0.344777 0.289399 0.023536 0.023360
0 0.018684 0.583365 0.010743 0.010599
0 0.879054 0.372583 0.011333 0.011112
0 0.187604 0.892887 0.012712 0.012639
0 0.849451 0.710917 0.023464 0.024036
0 0.315297 0.817671 0.011854 0.012093
0 0.283623 0.080498 0.012403 0.012138
0 0.774539 0.005013 0.011701 0.009989
0 0.604876 0.007044 0.012821 0.012663
