0 0.042477 0.422422 0.013968 0.013629
0 0.612905 0.323601 0.010911 0.010926
0 0.300223 0.386612 0.014106 0.013937
0 0.116062 0.612699 0.013466 0.013316
0 0.524101 0.349513 0.013450 0.013199
0 0.709815 0.307577 0.013378 0.013203
0 0.659182 0.609051 0.013312 0.013402
0 0.661592 0.514334 0.012017 0.012101
0 0.120582 0.408308 0.011718 0.011541
0 0.084184 0.875596 0.012458 0.012404
0 0.274400 0.596263 0.013432 0.013249
0 0.055746 0.239707 0.014080 0.014033
0 0.747268 0.618625 0.013150 0.013058
0 0.817946 0.686129 0.012520 0.012498
0 0.664242 0.454625 0.012517 0.012225
0 0.347551 0.033331 0.013332 0.013206
0 0.488680 0.399967 0.013135 0.013172
0 0.076866 0.848926 0.013503 0.013411
0 0.470655 0.479601 0.012387 0.012353
0 0.176722 0.632592 0.013163 0.013110
0 0.108428 0.980744 0.013555 0.013621
0 0.819939 0.774362 0.012212 0.011928
0 0.957590 0.788316 0.012991 0.012905
0 0.356567 0.123795 0.014388 0.014314
0 0.593538 0.670043 0.012804 0.012715
0 0.435816 0.842372 0.012474 0.012467
0 0.481227 0.326996 0.012928 0.012930
0 0.381253 0.425189 0.014788 0.014903
0 0.356623 0.504257 0.013685 0.013540
0 0.249220 0.289199 0.013666 0.013531
0 0.591567 0.364611 0.012103 0.011806
0 0.426296 0.155057 0.012664 0.012642
0 0.184028 0.891559 0.013211 0.013199
0 0.357658 0.856955 0.011897 0.012014
0 0.741127 0.469736 0.013407 0.013559
0 0.514741 0.566934 0.012429 0.012423
0 0.530784 0.228932 0.012296 0.012209
0 0.221331 0.469812 0.012820 0.012772
0 0.446546 0.589784 0.012825 0.012905
0 0.454014 0.957780 0.012661 0.012897
0 0.309383 0.524067 0.013510 0.013702
0 0.883906 0.178541 0.012313 0.012209
0 0.413163 0.474249 0.011505 0.011395
0 0.643599 0.242097 0.012454 0.012376
0 0.376806 0.773584 0.013043 0.013013
0 0.175088 0.442342 0.012217 0.012317
0 0.188965 0.329153 0.012106 0.012053
0 0.078899 0.776077 0.013707 0.013681
0 0.903239 0.054737 0.013987 0.013802
0 0.464611 0.608257 0.013771 0.013841
0 0.065166 0.199123 0.012582 0.012559
0 0.427161 0.453149 0.011701 0.011858
0 0.436351 0.565593 0.012895 0.012751
0 0.130412 0.815667 0.012336 0.012388
0 0.084990 0.340870 0.012448 0.012303
0 0.779841 0.783214 0.012896 0.012844
0 0.705630 0.949011 0.013091 0.013423
0 0.480285 0.789317 0.012383 0.012108
0 0.755407 0.982507 0.012505 0.012432
0 0.586756 0.063509 0.012598 0.012746
0 0.289596 0.498176 0.012523 0.012361
0 0.482816 0.970906 0.013799 0.013801
0 0.638223 0.305614 0.012563 0.012627
0 0.566611 0.478973 0.014664 0.014761
0 0.457219 0.075317 0.014031 0.014356
0 0.223014 0.648683 0.012439 0.012365
0 0.493385 0.105210 0.012696 0.012734
0 0.736916 0.119691 0.012708 0.012672
0 0.061240 0.928145 0.013619 0.013479
0 0.658933 0.265221 0.012211 0.011980
0 0.017859 0.425892 0.013595 0.013239
0 0.671851 0.930014 0.011414 0.011330
0 0.411297 0.603888 0.011730 0.011825
0 0.083398 0.491935 0.012123 0.012191
0 0.578652 0.666384 0.012247 0.012010
0 0.144116 0.264921 0.012160 0.012218
0 0.808405 0.967522 0.011657 0.011294
0 0.885309 0.458374 0.013154 0.013161
0 0.441330 0.059445 0.012094 0.012361
0 0.128032 0.719494 0.012577 0.012559
0 0.280378 0.685941 0.012331 0.012106
0 0.004779 0.556997 0.009441 0.011621
0 0.540887 0.978598 0.012020 0.011897
0 0.885504 0.299410 0.012964 0.012812
0 0.682462 0.873988 0.011991 0.011989
0 0.395550 0.003511 0.015944 0.007022
0 0.841771 0.402552 0.012108 0.011918
0 0.463906 0.022800 0.014435 0.014307
0 0.996301 0.956776 0.007326 0.013326
0 0.160387 0.017024 0.012505 0.012183
0 0.287264 0.606150 0.013137 0.013278
0 0.787514 0.005728 0.013180 0.011456
0 0.002363 0.591789 0.004683 0.013010
0 0.531873 0.040755 0.011878 0.012138
0 0.952828 0.521288 0.011643 0.011598
0 0.346872 0.291707 0.022660 0.022997
0 0.531767 0.630147 0.024250 0.024173
0 0.495805 0.543549 0.013147 0.013952
0 0.056430 0.742560 0.012116 0.011991
0 0.452821 0.207184 0.011824 0.011900
0 0.259048 0.791519 0.011484 0.011421
0 0.319598 0.915789 0.008568 0.008930
0 0.696268 0.920824 0.011613 0.011254
