0 0.123111 0.164170 0.012209 0.012168
0 0.947998 0.079488 0.012632 0.012610
0 0.015269 0.180184 0.011613 0.011595
0 0.916732 0.407316 0.012943 0.012769
0 0.178987 0.795757 0.012852 0.012743
0 0.657364 0.498136 0.012784 0.012803
0 0.219292 0.711826 0.013325 0.013141
0 0.040895 0.576601 0.011791 0.011760
0 0.859551 0.635076 0.013534 0.013372
0 0.821066 0.455621 0.013299 0.013007
0 0.155107 0.365351 0.012965 0.013000
0 0.020084 0.120841 0.012458 0.012622
0 0.455526 0.340511 0.013499 0.013559
0 0.086880 0.724895 0.013193 0.013197
0 0.880504 0.442578 0.011820 0.011776
0 0.278679 0.436469 0.012188 0.012076
0 0.629310 0.662229 0.012976 0.013120
0 0.144309 0.130018 0.012455 0.012324
0 0.093729 0.057166 0.011828 0.011563
0 0.089125 0.657996 0.012629 0.012596
0 0.110245 0.480063 0.012559 0.012536
0 0.051242 0.445558 0.013488 0.013473
0 0.266220 0.777623 0.011785 0.011524
0 0.627743 0.809673 0.012825 0.012540
0 0.663123 0.433534 0.012571 0.012700
0 0.956106 0.509401 0.015463 0.015204
0 0.754905 0.545338 0.012742 0.012868
0 0.258563 0.822162 0.011651 0.011586
0 0.461617 0.964977 0.011014 0.010852
0 0.291589 0.221419 0.013215 0.013215
0 0.041655 0.350010 0.012522 0.012311
0 0.785571 0.058699 0.013255 0.013301
0 0.748236 0.632863 0.012897 0.012743
0 0.728581 0.849045 0.011653 0.011577
0 0.260947 0.535882 0.013101 0.013047
0 0.267369 0.878157 0.013610 0.013499
0 0.196983 0.872790 0.012369 0.012221
0 0.096919 0.560369 0.011286 0.011501
0 0.712589 0.322049 0.011737 0.011906
0 0.327945 0.322765 0.013187 0.012878
0 0.403628 0.424202 0.012784 0.012672
0 0.184459 0.557803 0.013909 0.014024
0 0.544098 0.855969 0.012521 0.012431
0 0.234114 0.918974 0.012645 0.012321
0 0.994772 0.454979 0.010456 0.013213
0 0.945799 0.384880 0.013616 0.013528
0 0.650701 0.898810 0.011218 0.011112
0 0.476354 0.305232 0.013403 0.013250
0 0.731677 0.663785 0.013151 0.013306
0 0.780187 0.523233 0.012056 0.012135
0 0.135669 0.720800 0.014453 0.014528
0 0.008164 0.637085 0.012316 0.012142
0 0.679936 0.536655 0.013189 0.013386
0 0.542615 0.194745 0.012965 0.012819
0 0.539830 0.590189 0.013043 0.013035
0 0.734169 0.621368 0.014671 0.014635
0 0.045335 0.797156 0.012546 0.012338
0 0.453296 0.029700 0.012433 0.012291
0 0.823116 0.599121 0.013805 0.013957
0 0.460890 0.562693 0.013358 0.013419
0 0.683547 0.745915 0.012736 0.012684
0 0.118159 0.106496 0.014805 0.014621
0 0.042853 0.949289 0.012466 0.012312
0 0.996540 0.070611 0.006920 0.013091
0 0.068256 0.843201 0.012459 0.012425
0 0.393271 0.274387 0.014318 0.014376
0 0.077542 0.960815 0.012638 0.012640
0 0.563471 0.147339 0.013453 0.013495
0 0.004443 0.794448 0.008743 0.014311
0 0.434341 0.894451 0.012654 0.012636
0 0.226401 0.568859 0.012352 0.012494
0 0.567965 0.770990 0.012254 0.012141
0 0.293384 0.353166 0.012943 0.012623
0 0.796308 0.382687 0.014434 0.014241
0 0.537399 0.479629 0.013140 0.012855
0 0.658636 0.994946 0.009942 0.009594
0 0.459741 0.754604 0.013038 0.012774
0 0.749903 0.078335 0.012802 0.012458
0 0.179326 0.165430 0.011804 0.012314
0 0.247856 0.798034 0.012130 0.012023
0 0.794414 0.753790 0.012916 0.013302
0 0.822771 0.519592 0.015228 0.014996
0 0.798429 0.964364 0.011209 0.011198
0 0.618521 0.474326 0.011363 0.011328
0 0.711603 0.383562 0.012910 0.012855
0 0.567027 0.582740 0.012533 0.012510
0 0.813692 0.653025 0.013544 0.013756
0 0.815977 0.002954 0.011264 0.005908
0 0.811331 0.976646 0.011159 0.010807
0 0.815565 0.915125 0.012460 0.012448
0 0.599860 0.043143 0.012813 0.012895
0 0.828892 0.332531 0.012921 0.013110
0 0.883011 0.744776 0.013575 0.013672
0 0.681997 0.304472 0.011557 0.011487
0 0.677983 0.487089 0.013157 0.013436
0 0.919057 0.825493 0.012804 0.012755
0 0.788007 0.731145 0.016812 0.015698
0 0.831844 0.984728 0.013306 0.013082
0 0.998305 0.218394 0.003338 0.016323
0 0.803994 0.269718 0.014365 0.014551
