0 0.281065 0.433511 0.014533 0.014469
0 0.366436 0.152908 0.014952 0.014963
0 0.320702 0.123467 0.015348 0.015264
0 0.956365 0.424767 0.013441 0.013531
0 0.119931 0.560618 0.014387 0.014501
0 0.870209 0.911462 0.013968 0.013927
0 0.140229 0.234553 0.015403 0.015187
0 0.260745 0.786870 0.014029 0.013886
0 0.392746 0.675637 0.014277 0.014378
0 0.217192 0.225003 0.013721 0.013558
0 0.188583 0.623194 0.013772 0.013830
0 0.909990 0.371271 0.013358 0.013399
0 0.101564 0.371326 0.015030 0.014703
0 0.257300 0.527454 0.013964 0.013826
0 0.457966 0.776942 0.013732 0.014237
0 0.527949 0.598554 0.014304 0.014211
0 0.690434 0.464722 0.014041 0.013970
0 0.457115 0.244348 0.017593 0.017611
0 0.775606 0.987029 0.014197 0.014323
0 0.249911 0.691751 0.014177 0.014216
0 0.091798 0.213489 0.014893 0.014740
0 0.758695 0.548369 0.014481 0.014362
0 0.947271 0.628310 0.014307 0.014188
0 0.121533 0.918552 0.017913 0.017557
0 0.514569 0.515446 0.014596 0.014643
0 0.183552 0.834846 0.014081 0.014147
0 0.354222 0.199588 0.013924 0.014063
0 0.946351 0.936111 0.014252 0.014196
0 0.844600 0.937640 0.014412 0.014334
0 0.869492 0.406620 0.013688 0.013523
0 0.793756 0.556062 0.015999 0.016097
0 0.881077 0.128789 0.014392 0.014164
0 0.609808 0.455122 0.014215 0.014125
0 0.558500 0.647092 0.014571 0.014744
0 0.140195 0.622160 0.014010 0.013890
0 0.908139 0.562413 0.013892 0.013490
0 0.100051 0.861521 0.014116 0.014165
0 0.104069 0.064568 0.014268 0.014147
0 0.472075 0.018970 0.015728 0.015736
0 0.973696 0.125388 0.013430 0.013381
0 0.633244 0.230058 0.014005 0.013961
0 0.955563 0.738423 0.014355 0.014600
0 0.288159 0.330322 0.015090 0.015014
0 0.702622 0.420870 0.014287 0.013991
0 0.479199 0.900885 0.015324 0.015234
0 0.214690 0.555661 0.014282 0.014299
0 0.345213 0.923791 0.014191 0.014102
0 0.260191 0.489220 0.015242 0.015088
0 0.925389 0.248872 0.013598 0.013563
0 0.640538 0.509023 0.014288 0.014285
0 0.982358 0.081331 0.012884 0.012690
0 0.942882 0.272260 0.014298 0.014230
0 0.887705 0.178246 0.014373 0.014339
0 0.375154 0.587613 0.014719 0.014738
0 0.401356 0.425707 0.013979 0.013759
0 0.031424 0.587769 0.013716 0.013667
0 0.600457 0.167564 0.013035 0.012611
0 0.720881 0.397351 0.015052 0.015021
0 0.487882 0.168952 0.014120 0.014421
0 0.139382 0.464591 0.014375 0.014499
0 0.127596 0.707359 0.015659 0.016093
0 0.848182 0.144146 0.013738 0.013820
0 0.440383 0.321527 0.014564 0.014468
0 0.906247 0.980759 0.014364 0.014291
0 0.457192 0.980067 0.014244 0.014380
0 0.155940 0.079980 0.015731 0.015822
0 0.987632 0.563786 0.013584 0.013558
0 0.502069 0.428584 0.015577 0.015819
0 0.677227 0.275045 0.015253 0.015313
0 0.320762 0.388328 0.014890 0.014777
0 0.658017 0.041608 0.014098 0.014232
0 0.482440 0.092263 0.015111 0.015291
0 0.318689 0.614710 0.016332 0.016366
0 0.234241 0.390015 0.015418 0.015461
0 0.848283 0.720126 0.021924 0.021692
0 0.738469 0.617618 0.015242 0.015621
0 0.483379 0.521315 0.014137 0.014375
0 0.378446 0.918073 0.014757 0.014861
0 0.574524 0.445883 0.013424 0.013710
0 0.635849 0.269358 0.015254 0.015504
0 0.626690 0.582946 0.013843 0.013957
0 0.972814 0.670957 0.014945 0.014868
0 0.569368 0.482584 0.013953 0.013943
0 0.521513 0.925794 0.014628 0.014722
0 0.701587 0.555329 0.014993 0.014264
0 0.485326 0.612635 0.013417 0.013777
0 0.987141 0.506859 0.016018 0.015734
0 0.344704 0.297138 0.023199 0.022802
0 0.780186 0.087373 0.013503 0.013425
0 0.922486 0.995532 0.014751 0.008901
0 0.325850 0.588644 0.015449 0.015501
0 0.920428 0.145792 0.019203 0.018651
0 0.781910 0.015289 0.014167 0.014338
0 0.599641 0.249490 0.015106 0.015339
0 0.782523 0.119001 0.014489 0.014366
0 0.764236 0.783913 0.015129 0.014922
0 0.768595 0.485789 0.013112 0.013371
0 0.029769 0.959014 0.013314 0.013364
0 0.786390 0.441451 0.014121 0.014049
0 0.330012 0.846824 0.016578 0.016242
0 0.375330 0.227682 0.020139 0.019937
0 0.995030 0.909172 0.009939 0.015512
0 0.707592 0.743046 0.014928 0.015119
0 0.013796 0.162519 0.013556 0.013406
0 0.441886 0.192822 0.015925 0.015432
0 0.484396 0.996075 0.015381 0.007849
0 0.378285 0.805259 0.016516 0.016265
0 0.003818 0.321759 0.007627 0.017105
0 0.844468 0.563939 0.016779 0.016916
0 0.314547 0.275840 0.015761 0.016026
0 0.671017 0.191843 0.018313 0.018558
0 0.383994 0.566882 0.016493 0.016269
0 0.609876 0.595043 0.014266 0.014572
0 0.899765 0.627815 0.014669 0.014469
0 0.975041 0.275294 0.014058 0.014126
0 0.823152 0.211932 0.011587 0.011298
0 0.294775 0.357887 0.015704 0.015672
0 0.762976 0.678510 0.014970 0.015052
0 0.997252 0.593504 0.005479 0.015653
0 0.531810 0.638698 0.022780 0.023106
0 0.444485 0.725597 0.015409 0.015776
0 0.013194 0.916171 0.014729 0.015028
0 0.063493 0.006091 0.014721 0.012127
0 0.642955 0.117199 0.015578 0.015925
0 0.239432 0.002755 0.016468 0.005507
0 0.870513 0.285800 0.015126 0.015094
0 0.441885 0.217849 0.014828 0.014647
0 0.873643 0.648127 0.015659 0.015671
0 0.246026 0.316945 0.013152 0.012994
0 0.472704 0.732879 0.017110 0.016780
0 0.647827 0.953068 0.014598 0.014349
0 0.602670 0.122919 0.014163 0.013506
0 0.643026 0.967662 0.013500 0.013286
0 0.088977 0.014166 0.013531 0.012849
0 0.376505 0.642623 0.014711 0.014498
0 0.975599 0.877053 0.014306 0.014466
0 0.611335 0.140367 0.015993 0.015931
0 0.556544 0.007510 0.014283 0.014120
0 0.831678 0.826739 0.013498 0.013229
0 0.820704 0.815856 0.013622 0.013159
