0 0.543199 0.972273 0.013895 0.013608
0 0.175205 0.367554 0.013209 0.013400
0 0.683060 0.018202 0.013229 0.013220
0 0.748747 0.616294 0.013331 0.013218
0 0.140236 0.296050 0.012439 0.012082
0 0.327431 0.873415 0.012065 0.012017
0 0.524610 0.346914 0.013220 0.012989
0 0.460133 0.957807 0.013393 0.013421
0 0.130108 0.516710 0.013642 0.013442
0 0.021671 0.189729 0.011800 0.011638
0 0.887751 0.927090 0.011444 0.011363
0 0.294663 0.193668 0.012277 0.012008
0 0.398174 0.088537 0.012824 0.012723
0 0.457105 0.144232 0.013179 0.013316
0 0.146604 0.229186 0.012211 0.012361
0 0.447997 0.788463 0.011999 0.012109
0 0.362175 0.441006 0.012831 0.013024
0 0.061756 0.362806 0.012289 0.012408
0 0.222163 0.467166 0.013184 0.013175
0 0.732118 0.379913 0.009758 0.009560
0 0.555079 0.275923 0.011546 0.011444
0 0.622699 0.210990 0.013358 0.013298
0 0.186615 0.890434 0.012941 0.012948
0 0.458807 0.327340 0.011856 0.012104
0 0.705360 0.047079 0.011390 0.011338
0 0.147557 0.499787 0.009519 0.009329
0 0.311556 0.642147 0.013827 0.013601
0 0.136554 0.593145 0.013420 0.013188
0 0.629093 0.033932 0.011835 0.011775
0 0.482949 0.389945 0.011879 0.011885
0 0.472091 0.488698 0.011961 0.012059
0 0.886352 0.695531 0.011998 0.012026
0 0.595269 0.957568 0.012510 0.012597
0 0.254103 0.224636 0.012307 0.012369
0 0.953117 0.370221 0.011692 0.011091
0 0.342924 0.386443 0.012131 0.012185
0 0.582773 0.152241 0.010139 0.010186
0 0.198224 0.452245 0.013659 0.013729
0 0.441468 0.754098 0.012307 0.012350
0 0.109702 0.979506 0.013543 0.013490
0 0.788551 0.128762 0.011988 0.011997
0 0.343386 0.295227 0.021064 0.021026
0 0.530562 0.637049 0.022776 0.022931
0 0.912322 0.358768 0.010901 0.011052
0 0.956864 0.584891 0.013026 0.013127
0 0.252837 0.875922 0.012204 0.012073
0 0.192766 0.995454 0.014460 0.009005
0 0.141573 0.659283 0.011376 0.011274
0 0.161950 0.986785 0.012078 0.012240
0 0.506009 0.974468 0.012510 0.012416
0 0.225628 0.650330 0.012535 0.012369
0 0.982792 0.433899 0.011786 0.011835
0 0.004781 0.690272 0.009562 0.012426
0 0.363737 0.661106 0.012177 0.012227
0 0.456586 0.211061 0.012979 0.013132
0 0.502460 0.497767 0.012051 0.011982
0 0.006023 0.756981 0.011826 0.012908
0 0.469977 0.461707 0.012816 0.012820
0 0.610166 0.331123 0.010736 0.010663
0 0.144067 0.721439 0.013930 0.013626
0 0.776361 0.728404 0.012601 0.012603
0 0.334747 0.978868 0.011121 0.011230
0 0.870197 0.491750 0.011791 0.011886
0 0.722318 0.355305 0.011378 0.011247
0 0.428460 0.041846 0.012488 0.012478
0 0.861644 0.738641 0.013020 0.013172
0 0.840745 0.277910 0.011956 0.011889
0 0.848569 0.718024 0.020319 0.020049
0 0.251359 0.317641 0.013065 0.013016
0 0.721113 0.482742 0.010454 0.010246
0 0.773819 0.902516 0.012010 0.012253
0 0.329794 0.259971 0.011839 0.011893
0 0.789938 0.004104 0.012164 0.008208
0 0.698990 0.606531 0.011881 0.011940
0 0.497065 0.543414 0.013499 0.013602
0 0.146489 0.793736 0.010959 0.010947
0 0.003168 0.487702 0.006327 0.013701
0 0.957730 0.769305 0.011680 0.011843
0 0.998288 0.374709 0.003406 0.010825
0 0.234651 0.323113 0.009938 0.009349
0 0.441695 0.058431 0.012005 0.011908
0 0.701647 0.820840 0.020518 0.020533
0 0.086822 0.716063 0.010664 0.010974
0 0.749982 0.983850 0.012570 0.012505
0 0.572259 0.203792 0.011596 0.011710
0 0.491643 0.375440 0.011094 0.011261
0 0.130802 0.178534 0.011569 0.011497
0 0.494561 0.542570 0.012161 0.012208
0 0.084773 0.714924 0.012052 0.011631
0 0.319339 0.784486 0.011554 0.011384
