0 0.603544 0.899477 0.012591 0.012548
0 0.786262 0.141091 0.013743 0.013618
0 0.593669 0.833813 0.014288 0.013864
0 0.155899 0.628927 0.013679 0.013576
0 0.223539 0.372270 0.012936 0.012706
0 0.154058 0.438730 0.013126 0.012918
0 0.088471 0.092246 0.013308 0.013259
0 0.481417 0.045615 0.013546 0.013612
0 0.697763 0.705120 0.013169 0.013237
0 0.807440 0.395549 0.013020 0.013046
0 0.155556 0.206040 0.012824 0.012423
0 0.474416 0.848930 0.013774 0.013692
0 0.290558 0.201478 0.012885 0.012846
0 0.159410 0.789692 0.012688 0.012641
0 0.528002 0.337632 0.012777 0.012627
0 0.870094 0.861999 0.013473 0.013511
0 0.157717 0.146897 0.013029 0.013092
0 0.407619 0.878805 0.015274 0.015509
0 0.579657 0.262265 0.012423 0.012532
0 0.634607 0.133313 0.013098 0.013045
0 0.109091 0.459516 0.013177 0.013022
0 0.508717 0.781689 0.014652 0.014659
0 0.806935 0.024259 0.012746 0.012534
0 0.256084 0.021451 0.012995 0.013158
0 0.030189 0.686253 0.013872 0.013863
0 0.752205 0.857611 0.014077 0.013972
0 0.103205 0.806872 0.013797 0.013792
0 0.155496 0.849693 0.012402 0.012416
0 0.151713 0.071904 0.014757 0.014215
0 0.591530 0.348338 0.013559 0.013461
0 0.644543 0.936347 0.013914 0.013807
0 0.844583 0.960936 0.013295 0.013304
0 0.961064 0.574102 0.012028 0.012059
0 0.516052 0.979340 0.011777 0.011826
0 0.944425 0.531267 0.012874 0.013023
0 0.270287 0.132484 0.012743 0.012685
0 0.511453 0.472182 0.013186 0.013148
0 0.347421 0.386564 0.013734 0.013766
0 0.865046 0.078315 0.014560 0.014624
0 0.114325 0.205165 0.013723 0.013610
0 0.594263 0.162572 0.013427 0.013250
0 0.818216 0.322198 0.013284 0.013112
0 0.803621 0.277398 0.013729 0.013892
0 0.458237 0.576535 0.012810 0.012887
0 0.622401 0.578935 0.013593 0.013420
0 0.872942 0.734771 0.010970 0.010850
0 0.374626 0.849325 0.013234 0.013248
0 0.831781 0.635553 0.013513 0.013545
0 0.462165 0.489120 0.012165 0.012068
0 0.526496 0.218525 0.013628 0.013848
0 0.687055 0.264918 0.013170 0.013048
0 0.172195 0.367425 0.012146 0.012376
0 0.233252 0.626409 0.012916 0.012841
0 0.022374 0.380809 0.013315 0.013113
0 0.730973 0.582565 0.014072 0.014241
0 0.821706 0.354885 0.014093 0.013894
0 0.847895 0.594377 0.014344 0.014308
0 0.064170 0.507438 0.013495 0.013353
0 0.635683 0.232173 0.013558 0.013744
0 0.941482 0.845398 0.013161 0.013046
0 0.538867 0.397577 0.012868 0.012995
0 0.322614 0.592038 0.012980 0.012960
0 0.952595 0.701126 0.014286 0.014153
0 0.747342 0.440116 0.012523 0.012317
0 0.387319 0.212381 0.012776 0.012541
0 0.572022 0.225399 0.012502 0.012499
0 0.225057 0.059684 0.012987 0.013013
0 0.472650 0.079553 0.013820 0.013705
0 0.485510 0.962838 0.011205 0.011309
0 0.111206 0.391218 0.012968 0.012870
0 0.052051 0.837639 0.012734 0.012773
0 0.526556 0.189717 0.013675 0.013911
0 0.816950 0.966157 0.012386 0.012360
0 0.303502 0.505706 0.012501 0.012447
0 0.945177 0.989032 0.013151 0.012992
0 0.903344 0.201465 0.012392 0.012460
0 0.603225 0.682547 0.014554 0.014569
0 0.695649 0.577682 0.012186 0.012316
0 0.566124 0.718303 0.013598 0.013734
0 0.204414 0.491881 0.012747 0.012606
0 0.521816 0.501794 0.013985 0.013934
0 0.797992 0.757659 0.012647 0.012449
0 0.157511 0.696967 0.013677 0.013963
0 0.593273 0.771777 0.012372 0.012676
0 0.878334 0.169925 0.013532 0.013580
0 0.831888 0.138966 0.013587 0.013850
0 0.538768 0.380034 0.013146 0.013343
0 0.187724 0.704093 0.011801 0.011671
0 0.503351 0.335182 0.013567 0.013456
0 0.361061 0.163843 0.015781 0.015947
0 0.718855 0.375763 0.013989 0.013924
0 0.059923 0.955727 0.013171 0.013048
0 0.006980 0.300062 0.012902 0.013241
0 0.079083 0.732961 0.013760 0.013634
0 0.170361 0.743710 0.012304 0.012315
0 0.431728 0.341780 0.013710 0.013630
0 0.027226 0.887290 0.012988 0.013110
0 0.550130 0.960579 0.013177 0.013316
0 0.930053 0.890862 0.013485 0.013533
0 0.369194 0.648648 0.013227 0.013144
0 0.787522 0.866305 0.012426 0.012915
0 0.969965 0.048366 0.012886 0.012883
0 0.921167 0.287034 0.012106 0.011980
0 0.692518 0.096557 0.014358 0.014489
0 0.226643 0.780786 0.013666 0.013633
0 0.782419 0.492340 0.013404 0.013322
0 0.101107 0.529194 0.013785 0.013847
0 0.941095 0.935700 0.013915 0.014077
0 0.447720 0.171536 0.014840 0.014812
0 0.661483 0.846663 0.012841 0.013055
0 0.800733 0.220064 0.014955 0.014962
0 0.305587 0.971733 0.012250 0.012250
0 0.557903 0.597748 0.014448 0.014482
0 0.009510 0.604747 0.013298 0.013714
0 0.076245 0.332366 0.014026 0.014420
0 0.311123 0.045246 0.013284 0.012794
0 0.052324 0.340626 0.013177 0.013208
0 0.582949 0.634182 0.012829 0.012654
0 0.949686 0.755216 0.013351 0.013523
0 0.976183 0.174160 0.012822 0.012768
0 0.786517 0.697617 0.013276 0.013549
0 0.289765 0.940392 0.012325 0.012022
0 0.380965 0.574128 0.013548 0.013406
0 0.938680 0.873866 0.013717 0.013646
0 0.801215 0.995265 0.013374 0.009470
0 0.447142 0.906608 0.013332 0.013535
0 0.044387 0.420275 0.012558 0.012570
0 0.994761 0.501197 0.010459 0.013606
0 0.460240 0.285573 0.015839 0.015605
0 0.741361 0.361478 0.014096 0.014026
0 0.631813 0.164200 0.013449 0.013546
0 0.416527 0.690401 0.013795 0.013921
0 0.012355 0.155667 0.013527 0.013619
0 0.326329 0.616398 0.014306 0.014374
0 0.935459 0.021874 0.011956 0.011683
0 0.051786 0.233150 0.013183 0.012763
0 0.315554 0.303645 0.013029 0.012851
0 0.586829 0.609134 0.013464 0.013041
0 0.189203 0.007321 0.013048 0.013254
0 0.790462 0.187328 0.012567 0.012134
0 0.845114 0.184250 0.014625 0.014715
0 0.715440 0.005841 0.014197 0.011627
0 0.003996 0.491924 0.007991 0.011561
0 0.444378 0.435199 0.012966 0.012830
0 0.478930 0.106951 0.012919 0.012822
0 0.876453 0.248709 0.014765 0.014543
0 0.747897 0.404074 0.012626 0.012385
0 0.312720 0.231024 0.013339 0.013616
0 0.329806 0.764114 0.013824 0.013991
0 0.268855 0.073496 0.013072 0.012848
0 0.862408 0.766082 0.014913 0.014955
0 0.249643 0.081357 0.012944 0.012979
0 0.641184 0.253772 0.015719 0.015880
0 0.452640 0.013790 0.013887 0.014065
0 0.481277 0.267354 0.014895 0.015050
0 0.076376 0.806841 0.012350 0.012412
0 0.102240 0.986056 0.014029 0.014022
0 0.164728 0.564032 0.013316 0.013252
0 0.740914 0.318186 0.013773 0.013874
0 0.554496 0.417890 0.012880 0.012961
0 0.187571 0.551483 0.015284 0.015529
0 0.313369 0.932344 0.013338 0.013387
0 0.190247 0.196120 0.014729 0.014347
0 0.848586 0.565820 0.015407 0.015412
0 0.033425 0.954891 0.011595 0.011075
0 0.045269 0.754725 0.012670 0.012870
0 0.849233 0.710361 0.022633 0.022645
0 0.356112 0.046898 0.013068 0.013008
0 0.132065 0.396574 0.013747 0.014201
0 0.906432 0.859226 0.014443 0.014103
0 0.400373 0.729225 0.014091 0.014320
0 0.963372 0.878147 0.015092 0.015026
0 0.982288 0.192068 0.012757 0.012720
0 0.532952 0.433153 0.012995 0.012812
0 0.997750 0.406770 0.004406 0.009722
0 0.773591 0.458515 0.014378 0.014383
0 0.452936 0.998253 0.011539 0.003419
0 0.938735 0.003764 0.013498 0.007527
0 0.135234 0.367761 0.013034 0.012999
0 0.222765 0.745782 0.011731 0.011596
0 0.946013 0.411216 0.012907 0.012679
0 0.398390 0.459073 0.017023 0.016438
0 0.455530 0.557602 0.013208 0.012972
0 0.392327 0.967017 0.012041 0.011918
0 0.252758 0.949810 0.011789 0.011612
0 0.489458 0.451110 0.012787 0.013155
0 0.915520 0.998366 0.011901 0.003269
0 0.488131 0.932280 0.010795 0.010564
0 0.771813 0.600023 0.013815 0.013870
0 0.227703 0.682375 0.015030 0.015055
0 0.401893 0.458779 0.017611 0.016603
0 0.270430 0.667836 0.013745 0.014099
0 0.525111 0.023054 0.014235 0.014081
0 0.593008 0.573602 0.014684 0.013075
0 0.019793 0.444195 0.015520 0.015816
0 0.704222 0.471885 0.014187 0.013732
0 0.859344 0.015337 0.014091 0.014029
0 0.244576 0.728516 0.013093 0.013115
0 0.267321 0.719721 0.014079 0.013875
0 0.531915 0.630135 0.023905 0.023585
0 0.405326 0.459030 0.017285 0.016397
0 0.345622 0.290167 0.024676 0.024352
0 0.338064 0.083879 0.013930 0.013831
0 0.207955 0.626021 0.010792 0.010590
0 0.936325 0.004753 0.014992 0.009505
