0 0.965928 0.763078 0.012716 0.012666
0 0.068929 0.152668 0.012128 0.012036
0 0.749815 0.618800 0.013411 0.013304
0 0.128017 0.266687 0.013635 0.013649
0 0.221569 0.205200 0.011866 0.011944
0 0.843372 0.756914 0.014005 0.013955
0 0.160489 0.195837 0.013274 0.012789
0 0.503878 0.455096 0.012458 0.012500
0 0.652170 0.866519 0.012865 0.012831
0 0.304345 0.048523 0.012052 0.012108
0 0.912800 0.459010 0.013614 0.013458
0 0.655667 0.025812 0.012997 0.012837
0 0.742605 0.938720 0.013573 0.013463
0 0.678863 0.957146 0.012876 0.012865
0 0.047741 0.183926 0.013538 0.013235
0 0.636389 0.175056 0.012243 0.012299
0 0.151432 0.146792 0.013050 0.013024
0 0.041958 0.109990 0.013567 0.013480
0 0.123199 0.402375 0.013419 0.013353
0 0.445199 0.332095 0.012521 0.012550
0 0.524794 0.349621 0.013633 0.013461
0 0.479797 0.374960 0.013485 0.013456
0 0.473630 0.092457 0.012748 0.012611
0 0.042263 0.965603 0.013525 0.013215
0 0.582294 0.369749 0.013552 0.013459
0 0.292267 0.321489 0.012850 0.012860
0 0.429753 0.464550 0.014464 0.014589
0 0.466798 0.348488 0.013313 0.013121
0 0.560194 0.532245 0.013258 0.013317
0 0.670800 0.582066 0.013425 0.013485
0 0.269665 0.253646 0.012094 0.011776
0 0.805239 0.950113 0.012352 0.012307
0 0.272690 0.122106 0.011850 0.011834
0 0.507223 0.614873 0.012390 0.012420
0 0.592892 0.258779 0.012023 0.011792
0 0.130377 0.282698 0.013343 0.012873
0 0.742645 0.080408 0.013697 0.013511
0 0.452921 0.131854 0.013017 0.012956
0 0.255355 0.221242 0.014031 0.013886
0 0.331088 0.518467 0.012001 0.011990
0 0.448266 0.590445 0.012616 0.012704
0 0.287599 0.205552 0.012407 0.012488
0 0.538145 0.664991 0.011906 0.011811
0 0.209306 0.035261 0.013262 0.013231
0 0.177503 0.588767 0.013114 0.013278
0 0.589723 0.495012 0.013348 0.013560
0 0.222260 0.469677 0.013046 0.013031
0 0.544522 0.285484 0.013091 0.013169
0 0.521684 0.831105 0.012261 0.011919
0 0.586693 0.392982 0.012131 0.011992
0 0.479241 0.013948 0.014039 0.014280
0 0.041624 0.678372 0.010173 0.010019
0 0.288354 0.020114 0.011675 0.011298
0 0.109849 0.980664 0.013104 0.013209
0 0.159490 0.274303 0.012660 0.012694
0 0.298295 0.345310 0.011890 0.011840
0 0.542991 0.014503 0.013121 0.013190
0 0.821257 0.612734 0.012410 0.012179
0 0.546983 0.131649 0.013478 0.013602
0 0.768724 0.771991 0.011787 0.011437
0 0.815058 0.121488 0.013582 0.013388
0 0.827271 0.707746 0.011856 0.011716
0 0.540605 0.973543 0.011320 0.011203
0 0.993422 0.665309 0.013015 0.014944
0 0.399722 0.546510 0.011434 0.011691
0 0.244893 0.559898 0.013151 0.013378
0 0.381685 0.074267 0.011598 0.011646
0 0.225688 0.651527 0.012795 0.012475
0 0.185980 0.892029 0.012564 0.012719
0 0.440556 0.059538 0.012373 0.012283
0 0.458545 0.963804 0.011772 0.011863
0 0.273853 0.713995 0.012253 0.012239
0 0.752093 0.229495 0.013402 0.013523
0 0.094226 0.412333 0.012450 0.012532
0 0.910449 0.781887 0.011472 0.011368
0 0.788667 0.005623 0.012386 0.011247
0 0.883818 0.174039 0.012377 0.012326
0 0.867181 0.356601 0.012796 0.012612
0 0.602751 0.003424 0.012345 0.006849
0 0.193538 0.388882 0.010726 0.010659
0 0.813295 0.023914 0.013709 0.013558
0 0.102778 0.932703 0.012115 0.012148
0 0.238485 0.736089 0.012435 0.012539
0 0.710562 0.818386 0.013637 0.014228
0 0.940405 0.206889 0.010735 0.010704
0 0.800280 0.321758 0.011752 0.011487
0 0.359524 0.730702 0.012595 0.012490
0 0.288037 0.802624 0.013236 0.012819
0 0.037483 0.576646 0.010894 0.011117
0 0.848931 0.710311 0.022776 0.022725
0 0.614253 0.640697 0.013643 0.013555
0 0.659134 0.491840 0.012656 0.012564
0 0.708261 0.817136 0.017315 0.016924
0 0.774269 0.875300 0.012233 0.012265
0 0.478824 0.881307 0.011025 0.010981
0 0.118935 0.996780 0.013225 0.006440
0 0.387262 0.850156 0.011933 0.011913
0 0.768753 0.004296 0.012888 0.008593
0 0.866402 0.788167 0.011602 0.011472
0 0.072204 0.740842 0.011097 0.011304
0 0.185286 0.806605 0.010971 0.010957
0 0.422173 0.556550 0.013461 0.013065
0 0.996494 0.557899 0.007012 0.012605
