0 0.281327 0.433453 0.014658 0.014480
0 0.453216 0.037168 0.015291 0.015448
0 0.721871 0.396011 0.014025 0.013871
0 0.225631 0.726987 0.014673 0.014654
0 0.433338 0.576697 0.013678 0.013729
0 0.516657 0.229956 0.013888 0.013994
0 0.327684 0.936402 0.013913 0.013677
0 0.151535 0.194249 0.014268 0.014396
0 0.132409 0.474435 0.015590 0.015709
0 0.978965 0.688503 0.013967 0.013715
0 0.706825 0.467441 0.014083 0.014155
0 0.134350 0.549236 0.013869 0.013723
0 0.643758 0.955654 0.015306 0.015036
0 0.318727 0.685811 0.014643 0.014532
0 0.600108 0.443779 0.013847 0.013717
0 0.305867 0.026995 0.016843 0.016909
0 0.613420 0.974578 0.014656 0.014772
0 0.090824 0.811905 0.014053 0.014111
0 0.108850 0.229625 0.014833 0.014615
0 0.339849 0.183687 0.015629 0.015564
0 0.221521 0.783813 0.014658 0.014623
0 0.208654 0.618512 0.013549 0.013700
0 0.487201 0.892328 0.015372 0.015308
0 0.565426 0.433440 0.013322 0.013377
0 0.035548 0.605817 0.014326 0.014235
0 0.793111 0.556376 0.015985 0.015769
0 0.054301 0.060442 0.014541 0.014372
0 0.486972 0.627354 0.014464 0.014511
0 0.758388 0.667180 0.014269 0.014000
0 0.596872 0.504957 0.014321 0.014473
0 0.782178 0.946857 0.014882 0.014875
0 0.950462 0.939249 0.014559 0.014552
0 0.360951 0.464590 0.014407 0.014378
0 0.269886 0.361587 0.014577 0.014707
0 0.453353 0.787994 0.013730 0.013841
0 0.715247 0.819570 0.018394 0.018293
0 0.230978 0.467731 0.012951 0.013069
0 0.499508 0.164641 0.014162 0.013994
0 0.956340 0.802838 0.014444 0.014336
0 0.794252 0.287660 0.014423 0.014559
0 0.848238 0.221645 0.015223 0.015304
0 0.490755 0.436143 0.015347 0.015476
0 0.050361 0.248184 0.015038 0.015138
0 0.132266 0.846060 0.013923 0.013871
0 0.023564 0.633917 0.014247 0.014065
0 0.621955 0.209195 0.013664 0.013646
0 0.674477 0.275680 0.014661 0.014694
0 0.826264 0.402393 0.015871 0.016081
0 0.667561 0.542165 0.014103 0.014027
0 0.757339 0.551203 0.014598 0.014721
0 0.964341 0.425170 0.012755 0.012796
0 0.891439 0.563385 0.015495 0.015196
0 0.848864 0.721248 0.021556 0.021461
0 0.479243 0.096611 0.013313 0.013614
0 0.877710 0.392354 0.014126 0.014244
0 0.246429 0.360701 0.014742 0.014336
0 0.906748 0.981413 0.014779 0.014887
0 0.085208 0.052092 0.015226 0.015305
0 0.959849 0.878541 0.015745 0.015566
0 0.346083 0.298541 0.023489 0.023164
0 0.921649 0.147169 0.019033 0.018690
0 0.375796 0.969888 0.013073 0.013037
0 0.838192 0.941365 0.014846 0.014839
0 0.314381 0.259445 0.014342 0.014297
0 0.604704 0.591072 0.015653 0.015615
0 0.633432 0.423882 0.013665 0.013741
0 0.155942 0.565521 0.014324 0.014134
0 0.759548 0.491648 0.013673 0.013640
0 0.795822 0.677369 0.014541 0.014630
0 0.257921 0.237792 0.014590 0.014884
0 0.319312 0.808516 0.016794 0.016444
0 0.938083 0.575757 0.014193 0.014110
0 0.632080 0.505155 0.015064 0.014947
0 0.418334 0.334665 0.015077 0.015133
0 0.415658 0.718019 0.014487 0.014631
0 0.944177 0.021231 0.013690 0.013696
0 0.909640 0.244305 0.014718 0.014443
0 0.286198 0.607105 0.015428 0.015297
0 0.417306 0.280661 0.017695 0.018127
0 0.700380 0.546510 0.014625 0.014508
0 0.529237 0.641786 0.021176 0.021031
0 0.111134 0.960990 0.014840 0.014895
0 0.785884 0.811255 0.014874 0.014896
0 0.105476 0.723227 0.015315 0.015132
0 0.782409 0.244766 0.012644 0.012286
0 0.857420 0.032433 0.013297 0.013087
0 0.737498 0.616956 0.015152 0.015454
0 0.556272 0.387070 0.013883 0.014274
0 0.161527 0.423182 0.014809 0.014931
0 0.309766 0.829572 0.014107 0.014124
0 0.591715 0.238915 0.014677 0.014941
0 0.775556 0.448992 0.014165 0.014707
0 0.987501 0.279346 0.013523 0.013478
0 0.322341 0.707673 0.016119 0.016263
0 0.660932 0.091491 0.013551 0.013989
0 0.364230 0.422937 0.013770 0.013634
0 0.669779 0.190612 0.019518 0.019741
0 0.986850 0.506655 0.017035 0.016672
0 0.197439 0.015230 0.017442 0.017453
0 0.842205 0.147777 0.013608 0.013330
0 0.636678 0.125610 0.014055 0.014478
0 0.842116 0.564714 0.016266 0.016299
0 0.370088 0.004581 0.012936 0.009162
0 0.439443 0.377007 0.013321 0.013340
0 0.723269 0.057111 0.013934 0.013898
0 0.668971 0.756486 0.014422 0.014435
0 0.428409 0.419225 0.014624 0.014764
0 0.835510 0.809527 0.014749 0.014461
0 0.771229 0.186603 0.015308 0.015571
0 0.991525 0.433959 0.014620 0.014308
0 0.332975 0.622278 0.014485 0.014384
0 0.489384 0.996206 0.015109 0.007460
0 0.004602 0.314418 0.009161 0.016763
0 0.673996 0.014853 0.013496 0.013545
0 0.576151 0.172016 0.015178 0.015145
0 0.251576 0.519781 0.015207 0.015196
0 0.069760 0.262798 0.013516 0.012937
0 0.252939 0.536900 0.014610 0.013882
0 0.635806 0.086061 0.021418 0.021475
0 0.727981 0.071462 0.012307 0.012683
0 0.595063 0.136280 0.014387 0.014414
0 0.004231 0.938462 0.008347 0.012901
0 0.093051 0.912418 0.014830 0.014900
0 0.103567 0.444500 0.014283 0.014581
0 0.974192 0.714363 0.014357 0.014358
0 0.855023 0.591208 0.016637 0.015938
0 0.450613 0.214402 0.020267 0.020424
0 0.983474 0.119328 0.013562 0.013385
0 0.376418 0.227610 0.021274 0.020697
0 0.840133 0.856017 0.013035 0.012831
0 0.827873 0.574143 0.015870 0.015484
0 0.874560 0.604783 0.014867 0.014780
0 0.487458 0.728334 0.016515 0.016176
0 0.998324 0.212243 0.003339 0.017133
0 0.733016 0.176556 0.014693 0.014264
0 0.012157 0.910147 0.014836 0.014413
0 0.930702 0.623299 0.014171 0.013827
