0 0.309490 0.465001 0.012324 0.012320
0 0.122206 0.064604 0.012239 0.011922
0 0.181372 0.242647 0.011994 0.012084
0 0.086545 0.250482 0.012259 0.012225
0 0.749543 0.616748 0.012750 0.012548
0 0.189702 0.970990 0.012477 0.012386
0 0.741425 0.945283 0.013372 0.013418
0 0.605304 0.738613 0.013810 0.013764
0 0.187313 0.889828 0.012973 0.012932
0 0.274836 0.197047 0.013561 0.013436
0 0.192226 0.511246 0.013263 0.013366
0 0.409308 0.282799 0.011243 0.010802
0 0.047974 0.362643 0.011857 0.011841
0 0.246724 0.399344 0.012364 0.012620
0 0.644642 0.436586 0.012270 0.012431
0 0.134348 0.860803 0.011971 0.011758
0 0.217897 0.717622 0.013362 0.013202
0 0.458113 0.958959 0.012622 0.012514
0 0.249327 0.770702 0.013157 0.012937
0 0.489901 0.745125 0.011949 0.011915
0 0.103807 0.928391 0.013845 0.013660
0 0.337314 0.176539 0.011540 0.011652
0 0.720016 0.423221 0.012550 0.012630
0 0.891115 0.705837 0.011821 0.012191
0 0.395358 0.935960 0.011425 0.011585
0 0.300790 0.723996 0.013263 0.013321
0 0.127412 0.169278 0.011853 0.011321
0 0.070411 0.783256 0.013089 0.013188
0 0.109862 0.979683 0.013524 0.013532
0 0.542484 0.973694 0.011914 0.011800
0 0.587561 0.935034 0.010955 0.011189
0 0.171054 0.561106 0.011843 0.011906
0 0.967114 0.840837 0.011545 0.011398
0 0.202322 0.156000 0.011234 0.011082
0 0.790259 0.900744 0.009886 0.009439
0 0.065282 0.453071 0.011944 0.011958
0 0.525802 0.216237 0.009342 0.009313
0 0.524253 0.346971 0.012545 0.012199
0 0.289141 0.295260 0.012326 0.012353
0 0.875969 0.686298 0.012288 0.012136
0 0.016544 0.556606 0.013313 0.013268
0 0.008172 0.727849 0.012869 0.012774
0 0.584593 0.327581 0.012334 0.012240
0 0.413064 0.103426 0.012575 0.012472
0 0.848300 0.717463 0.019525 0.019443
0 0.476835 0.348485 0.011634 0.011653
0 0.227673 0.649831 0.012313 0.011823
0 0.482020 0.551379 0.012729 0.012990
0 0.331822 0.517971 0.011362 0.011364
0 0.531445 0.636904 0.021421 0.021829
0 0.186277 0.493387 0.012550 0.012650
0 0.224186 0.466813 0.012607 0.012486
0 0.004090 0.546553 0.008180 0.011002
0 0.580476 0.860115 0.011800 0.011485
0 0.680799 0.012811 0.013188 0.013287
0 0.292998 0.997283 0.014414 0.005406
0 0.600272 0.006224 0.011975 0.011743
0 0.062736 0.524864 0.011600 0.011347
0 0.170325 0.676605 0.014244 0.014164
0 0.008585 0.309447 0.011374 0.011340
0 0.436991 0.259477 0.009808 0.009744
0 0.688078 0.103018 0.011457 0.011610
0 0.382328 0.715829 0.010651 0.010401
0 0.061196 0.524204 0.011803 0.011347
0 0.674967 0.360144 0.010997 0.011431
0 0.374805 0.227093 0.017396 0.017589
0 0.968134 0.714848 0.011439 0.011418
0 0.395043 0.317866 0.011997 0.011512
0 0.343916 0.297169 0.022373 0.022235
0 0.687021 0.128732 0.010390 0.010285
0 0.210559 0.003793 0.010963 0.007473
0 0.836904 0.145936 0.010410 0.010677
0 0.451211 0.213270 0.015700 0.015834
0 0.067361 0.576914 0.016038 0.015716
0 0.211777 0.004778 0.011003 0.009080
