0 0.628591 0.740544 0.013226 0.013172
0 0.963497 0.717556 0.011061 0.010896
0 0.279480 0.436286 0.012112 0.011995
0 0.093440 0.473929 0.012944 0.012800
0 0.712538 0.191293 0.012658 0.012550
0 0.832610 0.215934 0.013441 0.013393
0 0.381808 0.478981 0.014293 0.014251
0 0.631929 0.083776 0.013682 0.013820
0 0.313935 0.811634 0.013059 0.013111
0 0.185422 0.072825 0.013209 0.013104
0 0.377794 0.546348 0.012883 0.012743
0 0.179898 0.877603 0.011480 0.011156
0 0.627211 0.572265 0.013237 0.013168
0 0.235873 0.828132 0.013342 0.013124
0 0.125632 0.512341 0.012994 0.012971
0 0.135875 0.429912 0.014093 0.014027
0 0.281334 0.578859 0.012934 0.012891
0 0.623572 0.514668 0.013538 0.013474
0 0.766018 0.534018 0.013569 0.013392
0 0.483333 0.397688 0.010201 0.010134
0 0.755882 0.551020 0.013338 0.013373
0 0.341925 0.970236 0.014195 0.014104
0 0.152476 0.752209 0.011630 0.011845
0 0.396100 0.371271 0.011463 0.011406
0 0.446310 0.817178 0.013584 0.013485
0 0.852323 0.033473 0.012665 0.012545
0 0.787116 0.907969 0.013207 0.013000
0 0.960369 0.855398 0.013831 0.013830
0 0.050023 0.145708 0.013407 0.013570
0 0.966883 0.594321 0.012500 0.012484
0 0.297595 0.353406 0.012919 0.012822
0 0.385389 0.645111 0.011369 0.011351
0 0.176204 0.557259 0.012259 0.012003
0 0.568742 0.125716 0.011571 0.011552
0 0.084878 0.739578 0.012439 0.012666
0 0.658153 0.285701 0.013066 0.012929
0 0.250563 0.252631 0.013548 0.013661
0 0.642861 0.461141 0.011877 0.011755
0 0.190984 0.219567 0.013324 0.013513
0 0.351597 0.782734 0.011718 0.011572
0 0.559057 0.540106 0.012051 0.012195
0 0.150068 0.626218 0.012820 0.012804
0 0.366217 0.695480 0.012995 0.013028
0 0.311656 0.074398 0.014036 0.013929
0 0.789238 0.426987 0.013352 0.013165
0 0.310542 0.836783 0.013020 0.012749
0 0.097329 0.930369 0.011854 0.011959
0 0.149207 0.803412 0.012549 0.012108
0 0.489807 0.875134 0.013020 0.012742
0 0.680828 0.294623 0.014358 0.014585
0 0.308779 0.310328 0.013563 0.013519
0 0.254184 0.731517 0.012885 0.012987
0 0.663423 0.377382 0.014130 0.014262
0 0.029049 0.379826 0.013266 0.013133
0 0.006244 0.877989 0.011952 0.012782
0 0.203928 0.618244 0.012212 0.012196
0 0.512307 0.683768 0.013580 0.013752
0 0.494064 0.269041 0.012422 0.012586
0 0.021355 0.080295 0.014513 0.014367
0 0.745258 0.242204 0.012968 0.013102
0 0.362611 0.912275 0.012130 0.012352
0 0.079600 0.822177 0.011922 0.011650
0 0.550879 0.215622 0.009929 0.009680
0 0.571983 0.655194 0.012206 0.012089
0 0.116499 0.861151 0.009619 0.009429
0 0.457776 0.348213 0.012135 0.012270
0 0.541545 0.510373 0.014053 0.014071
0 0.696091 0.442125 0.012709 0.012626
0 0.089579 0.908274 0.012532 0.012428
0 0.425521 0.345072 0.013196 0.013220
0 0.416355 0.260062 0.012670 0.012830
0 0.736903 0.618881 0.013831 0.013870
0 0.862954 0.297336 0.012907 0.012999
0 0.856365 0.349746 0.014450 0.014410
0 0.708503 0.353027 0.013580 0.013521
0 0.777391 0.653010 0.015079 0.014918
0 0.190259 0.290974 0.013010 0.012901
0 0.508288 0.522679 0.014161 0.014085
0 0.902323 0.983922 0.013568 0.013568
0 0.401826 0.074785 0.013120 0.013059
0 0.900648 0.534731 0.013747 0.013527
0 0.863992 0.821829 0.012089 0.011826
0 0.589061 0.396459 0.012221 0.011880
0 0.606850 0.636650 0.012885 0.012881
0 0.012199 0.302743 0.012432 0.012653
0 0.573950 0.432997 0.014029 0.014188
0 0.563784 0.306676 0.012841 0.012820
0 0.499116 0.460182 0.011973 0.012236
0 0.436977 0.943649 0.011889 0.011663
0 0.418114 0.245041 0.013102 0.013172
0 0.724061 0.661570 0.013129 0.014032
0 0.586552 0.907582 0.012349 0.013045
0 0.859166 0.116670 0.011489 0.011279
0 0.877126 0.120290 0.009507 0.009590
0 0.756692 0.639781 0.014043 0.013648
0 0.740149 0.967434 0.013028 0.013107
0 0.716169 0.645072 0.012572 0.012729
0 0.552292 0.465387 0.010879 0.010878
0 0.203547 0.948976 0.012687 0.012655
0 0.347665 0.295196 0.024385 0.023954
0 0.991315 0.027332 0.014440 0.014432
0 0.888512 0.582283 0.013488 0.013434
0 0.984248 0.510444 0.015672 0.014749
0 0.573771 0.153337 0.011794 0.012069
0 0.854935 0.004736 0.010809 0.009418
0 0.808576 0.421475 0.010848 0.010953
0 0.534293 0.635422 0.023336 0.022979
0 0.834182 0.746130 0.012878 0.013218
0 0.855032 0.798242 0.012075 0.012140
0 0.772612 0.773024 0.013190 0.013198
0 0.944232 0.450825 0.011315 0.011521
0 0.069410 0.570845 0.022808 0.023586
0 0.934035 0.326962 0.013819 0.013546
0 0.776747 0.465763 0.012805 0.012990
0 0.788053 0.488194 0.014673 0.014297
0 0.802247 0.538351 0.012970 0.012887
0 0.977192 0.296875 0.012074 0.012028
0 0.711520 0.680872 0.011007 0.010827
0 0.560623 0.994592 0.011845 0.010790
0 0.480390 0.005895 0.013667 0.011791
0 0.658017 0.921624 0.013734 0.013281
0 0.848774 0.718618 0.021801 0.021179
0 0.600861 0.920077 0.013039 0.013041
0 0.800963 0.399110 0.013140 0.012793
0 0.028302 0.849037 0.011213 0.010913
0 0.946912 0.029106 0.011183 0.010838
0 0.998149 0.217008 0.003665 0.013165
0 0.912119 0.432656 0.013421 0.013618
0 0.808279 0.423269 0.011273 0.010937
0 0.705380 0.819728 0.022523 0.022736
0 0.946254 0.935447 0.012732 0.012043
0 0.955665 0.396811 0.012879 0.013020
