0 0.657739 0.568592 0.013730 0.013571
0 0.116409 0.151961 0.013105 0.013070
0 0.970471 0.616013 0.013170 0.013128
0 0.806470 0.946154 0.013258 0.013287
0 0.597817 0.905168 0.013876 0.013734
0 0.366881 0.147658 0.013726 0.013608
0 0.860074 0.775945 0.013079 0.013153
0 0.569456 0.851116 0.011746 0.011632
0 0.778808 0.622087 0.012810 0.012576
0 0.413685 0.481452 0.014238 0.014085
0 0.457010 0.959680 0.012819 0.012669
0 0.834428 0.616387 0.013717 0.013709
0 0.749638 0.618489 0.013422 0.013229
0 0.836630 0.861605 0.013297 0.013302
0 0.167180 0.298557 0.013417 0.013468
0 0.102006 0.465678 0.012395 0.012322
0 0.503292 0.775963 0.013014 0.012879
0 0.055879 0.266363 0.013857 0.013782
0 0.072088 0.388729 0.012884 0.012890
0 0.260672 0.684113 0.011846 0.011801
0 0.180404 0.690152 0.013536 0.013512
0 0.393900 0.808098 0.012986 0.012831
0 0.564916 0.528579 0.013078 0.013047
0 0.088455 0.644720 0.011319 0.011330
0 0.124155 0.386667 0.012148 0.012375
0 0.290410 0.810728 0.013535 0.013545
0 0.161165 0.093556 0.012253 0.012242
0 0.626633 0.920510 0.012055 0.011833
0 0.446605 0.464032 0.013573 0.013445
0 0.149659 0.405865 0.013628 0.013234
0 0.049902 0.891396 0.012089 0.011806
0 0.060051 0.341309 0.013462 0.013338
0 0.877342 0.515637 0.012512 0.012513
0 0.943213 0.769285 0.012934 0.012889
0 0.956445 0.566820 0.011662 0.011599
0 0.543889 0.365240 0.013411 0.013420
0 0.422055 0.229304 0.013204 0.013197
0 0.130369 0.650202 0.012511 0.012584
0 0.525928 0.349151 0.013715 0.013696
0 0.542464 0.210388 0.013243 0.013291
0 0.345845 0.223013 0.012207 0.012219
0 0.483889 0.130892 0.012978 0.013118
0 0.165914 0.425035 0.012468 0.012788
0 0.578662 0.613641 0.012838 0.013027
0 0.014340 0.512000 0.011699 0.011580
0 0.223165 0.469890 0.012754 0.012683
0 0.229582 0.054372 0.012358 0.012331
0 0.039656 0.510274 0.012807 0.012978
0 0.343039 0.637537 0.013785 0.013615
0 0.541392 0.972778 0.011930 0.011787
0 0.026649 0.963384 0.011870 0.012064
0 0.643505 0.053558 0.013933 0.013888
0 0.023448 0.762181 0.013960 0.013841
0 0.676711 0.702809 0.013624 0.013301
0 0.032793 0.658093 0.012933 0.012759
0 0.361013 0.648834 0.012749 0.012765
0 0.515836 0.450017 0.011709 0.011573
0 0.391744 0.949519 0.012293 0.012293
0 0.447128 0.514629 0.012502 0.012817
0 0.539408 0.432619 0.011369 0.011415
0 0.761350 0.989753 0.013265 0.013420
0 0.839387 0.581921 0.011332 0.011463
0 0.108690 0.980642 0.013097 0.013310
0 0.331757 0.860935 0.011733 0.011500
0 0.229387 0.766556 0.011750 0.011804
0 0.729084 0.310472 0.013548 0.013390
0 0.641378 0.435308 0.012506 0.012566
0 0.483146 0.207768 0.013889 0.013801
0 0.185412 0.891093 0.012509 0.012381
0 0.542832 0.809832 0.011133 0.011029
0 0.252975 0.219541 0.014155 0.014427
0 0.927103 0.372051 0.011202 0.011403
0 0.979315 0.253011 0.012539 0.012398
0 0.295822 0.788858 0.012216 0.012053
0 0.081196 0.698867 0.012377 0.012427
0 0.527507 0.734241 0.011695 0.011560
0 0.715481 0.839599 0.013211 0.013108
0 0.474824 0.852598 0.011074 0.011183
0 0.992126 0.171087 0.014010 0.014179
0 0.218671 0.703509 0.012475 0.012195
0 0.519435 0.861194 0.011521 0.011680
0 0.226016 0.651029 0.012471 0.012063
0 0.797136 0.816837 0.012301 0.012541
0 0.531737 0.693832 0.013316 0.013125
0 0.341630 0.505189 0.012192 0.012467
0 0.492423 0.067192 0.013295 0.013756
0 0.735026 0.667354 0.013405 0.013931
0 0.621494 0.079065 0.014116 0.013983
0 0.996309 0.871424 0.007382 0.013465
0 0.558876 0.238801 0.012473 0.012829
0 0.162672 0.738495 0.011314 0.011356
0 0.495245 0.543914 0.013976 0.014474
0 0.876108 0.339869 0.011978 0.011990
0 0.780606 0.997814 0.012805 0.004366
0 0.699436 0.368150 0.012931 0.013020
0 0.401490 0.570920 0.010377 0.010352
0 0.605147 0.420927 0.012440 0.012422
0 0.993166 0.191431 0.013037 0.013332
0 0.177991 0.051663 0.011893 0.012223
0 0.441410 0.059649 0.012118 0.012031
0 0.773490 0.019122 0.012943 0.012889
0 0.412413 0.795221 0.012595 0.012399
0 0.212011 0.917045 0.012270 0.012161
0 0.290899 0.227067 0.011807 0.011939
0 0.475482 0.777976 0.011711 0.011971
0 0.334983 0.879793 0.011389 0.011252
0 0.400022 0.570131 0.011205 0.010613
0 0.848406 0.711766 0.020303 0.019825
0 0.413318 0.638294 0.014514 0.015240
0 0.345932 0.289825 0.024598 0.024606
