0 0.602891 0.557625 0.014297 0.014210
0 0.554128 0.581267 0.013222 0.013167
0 0.628809 0.956100 0.012994 0.012782
0 0.186322 0.619376 0.013679 0.013612
0 0.593537 0.396839 0.012937 0.012827
0 0.747817 0.619204 0.013297 0.013170
0 0.060742 0.485718 0.014067 0.014027
0 0.524110 0.350073 0.013614 0.013466
0 0.713700 0.724698 0.013688 0.013643
0 0.472274 0.642077 0.013198 0.013139
0 0.507413 0.911815 0.012440 0.012438
0 0.680536 0.939241 0.013206 0.013060
0 0.473901 0.554954 0.013645 0.013395
0 0.733313 0.574974 0.013833 0.013962
0 0.042975 0.969213 0.013208 0.013059
0 0.829837 0.756493 0.013115 0.013237
0 0.573769 0.365118 0.013964 0.013805
0 0.315932 0.064040 0.013507 0.013281
0 0.717981 0.407750 0.012087 0.011931
0 0.489744 0.440570 0.013671 0.013739
0 0.821556 0.341451 0.013229 0.013209
0 0.444088 0.522699 0.012342 0.012216
0 0.411472 0.203619 0.013050 0.013002
0 0.087753 0.832238 0.012704 0.012737
0 0.367188 0.141557 0.013604 0.013439
0 0.331201 0.518112 0.012310 0.012254
0 0.282022 0.601930 0.013249 0.013309
0 0.099871 0.432921 0.012171 0.012391
0 0.152154 0.662269 0.013510 0.013432
0 0.496097 0.275180 0.014950 0.014856
0 0.112094 0.371808 0.012007 0.012141
0 0.455358 0.956833 0.013323 0.013190
0 0.328006 0.827610 0.011980 0.012228
0 0.262644 0.480609 0.013367 0.013400
0 0.318839 0.023692 0.012962 0.012834
0 0.542252 0.977015 0.012980 0.012805
0 0.317711 0.211920 0.014375 0.014071
0 0.087089 0.934120 0.011575 0.011612
0 0.986655 0.831621 0.012928 0.012632
0 0.356554 0.355608 0.013134 0.013033
0 0.222893 0.469603 0.012582 0.012678
0 0.126533 0.719335 0.013491 0.013456
0 0.700145 0.755922 0.013475 0.013634
0 0.593371 0.318195 0.011932 0.011851
0 0.633077 0.332023 0.011770 0.011653
0 0.312619 0.500195 0.012514 0.012350
0 0.234174 0.353542 0.012638 0.012581
0 0.486638 0.337339 0.011705 0.011719
0 0.668490 0.604306 0.012100 0.012163
0 0.755656 0.356343 0.012743 0.012640
0 0.346385 0.579030 0.013211 0.013167
0 0.463053 0.719793 0.011903 0.011994
0 0.489366 0.613516 0.013483 0.013263
0 0.108377 0.980478 0.013069 0.013137
0 0.259577 0.521503 0.012132 0.012205
0 0.044156 0.430898 0.012023 0.012078
0 0.267195 0.504992 0.014047 0.014013
0 0.412550 0.178027 0.012859 0.012962
0 0.291889 0.964947 0.011967 0.011862
0 0.378575 0.548958 0.011953 0.012038
0 0.991011 0.884822 0.013311 0.013382
0 0.442235 0.075064 0.014534 0.014918
0 0.497356 0.383210 0.012000 0.011874
0 0.796713 0.485488 0.012191 0.011976
0 0.791582 0.613899 0.011128 0.011262
0 0.883667 0.443993 0.012865 0.012581
0 0.463742 0.114134 0.012458 0.012640
0 0.906418 0.155284 0.012477 0.012516
0 0.224425 0.648591 0.012212 0.012142
0 0.124420 0.070950 0.014241 0.014125
0 0.128888 0.142109 0.013292 0.013240
0 0.375709 0.634128 0.014277 0.014379
0 0.535789 0.058885 0.013131 0.012970
0 0.492315 0.091063 0.012761 0.013166
0 0.496324 0.544401 0.014814 0.015187
0 0.290240 0.258319 0.014262 0.014167
0 0.649105 0.193564 0.012773 0.012484
0 0.184828 0.275934 0.012621 0.012668
0 0.514066 0.743671 0.011959 0.011612
0 0.184588 0.891688 0.012302 0.012424
0 0.824121 0.182736 0.013639 0.013577
0 0.291693 0.783083 0.012577 0.012566
0 0.005391 0.820171 0.010046 0.012779
0 0.874685 0.101122 0.011748 0.011782
0 0.340387 0.321581 0.012564 0.012700
0 0.396094 0.944185 0.009733 0.009475
0 0.956555 0.611025 0.012619 0.012558
0 0.428414 0.437408 0.011407 0.011133
0 0.420472 0.859381 0.012638 0.012466
0 0.896549 0.038800 0.012467 0.012444
0 0.786520 0.005622 0.013470 0.011244
0 0.211151 0.731966 0.011485 0.011172
0 0.514152 0.728828 0.012471 0.012430
0 0.531654 0.629241 0.023077 0.022716
0 0.408062 0.588148 0.011067 0.011208
0 0.366908 0.947249 0.014017 0.013955
0 0.745459 0.226686 0.013385 0.013209
0 0.849100 0.711087 0.023238 0.023445
0 0.001780 0.678049 0.003561 0.012768
0 0.006483 0.818407 0.010481 0.011303
0 0.004824 0.235371 0.009647 0.011725
0 0.313767 0.816157 0.012388 0.011907
0 0.786831 0.195808 0.012288 0.012380
0 0.783720 0.005568 0.015572 0.011075
0 0.004494 0.237834 0.008923 0.011812
0 0.996332 0.422633 0.007337 0.011655
0 0.226084 0.647941 0.012398 0.012062
