0 0.909161 0.373521 0.011960 0.011952
0 0.672915 0.277071 0.012598 0.012578
0 0.172642 0.202834 0.012970 0.012812
0 0.956374 0.701897 0.012983 0.012694
0 0.793907 0.524362 0.011119 0.010958
0 0.099315 0.337118 0.011528 0.011233
0 0.341195 0.403804 0.013317 0.013214
0 0.294585 0.567552 0.012132 0.011871
0 0.469063 0.905696 0.014125 0.013972
0 0.368201 0.870604 0.012239 0.012015
0 0.812284 0.202672 0.012846 0.012761
0 0.509545 0.275312 0.011898 0.012082
0 0.610048 0.553861 0.012832 0.012864
0 0.658843 0.821068 0.013311 0.013345
0 0.778915 0.456700 0.012507 0.012387
0 0.468121 0.597186 0.012784 0.012640
0 0.367351 0.509729 0.012618 0.012559
0 0.931135 0.051370 0.011404 0.011407
0 0.902229 0.542616 0.013051 0.013019
0 0.033133 0.593467 0.013957 0.013859
0 0.484938 0.729893 0.012132 0.012001
0 0.449922 0.688818 0.011981 0.011988
0 0.278608 0.436560 0.012011 0.011834
0 0.591103 0.758095 0.012309 0.012273
0 0.283193 0.202554 0.013334 0.013368
0 0.442940 0.201578 0.014209 0.014056
0 0.292404 0.266785 0.013068 0.012860
0 0.243721 0.627822 0.011785 0.011819
0 0.661264 0.093539 0.012208 0.012192
0 0.079566 0.086125 0.012588 0.012480
0 0.841486 0.247589 0.012354 0.012480
0 0.699020 0.775382 0.012889 0.012866
0 0.477219 0.121961 0.013013 0.012970
0 0.598422 0.172440 0.013943 0.013887
0 0.505709 0.663608 0.012706 0.012517
0 0.528139 0.581335 0.011691 0.011562
0 0.300949 0.509768 0.011773 0.011733
0 0.863550 0.662887 0.011683 0.011757
0 0.764445 0.838566 0.013696 0.013571
0 0.695590 0.653203 0.012931 0.012642
0 0.072919 0.667285 0.011811 0.012045
0 0.255396 0.519707 0.012843 0.012859
0 0.165349 0.712261 0.012897 0.013046
0 0.869031 0.107623 0.012362 0.012215
0 0.644811 0.572667 0.011190 0.011117
0 0.139938 0.201321 0.011711 0.011915
0 0.456205 0.409771 0.013646 0.013657
0 0.670296 0.650778 0.014221 0.014260
0 0.341933 0.567208 0.013762 0.013770
0 0.533191 0.354258 0.012662 0.012642
0 0.824267 0.337180 0.012083 0.012011
0 0.188790 0.621347 0.012742 0.012657
0 0.060331 0.807433 0.013386 0.013338
0 0.773922 0.780846 0.013254 0.013327
0 0.493246 0.773871 0.012863 0.012785
0 0.569900 0.200794 0.011646 0.011542
0 0.491710 0.275407 0.012670 0.013058
0 0.725836 0.041181 0.012304 0.012210
0 0.129758 0.706141 0.011774 0.011770
0 0.767283 0.531603 0.012823 0.012639
0 0.241082 0.448355 0.014113 0.014065
0 0.547153 0.194377 0.012074 0.012131
0 0.887718 0.589052 0.011927 0.011937
0 0.766162 0.098970 0.013760 0.013672
0 0.883532 0.119726 0.009549 0.009371
0 0.624778 0.972006 0.014741 0.014774
0 0.514601 0.462687 0.012591 0.012506
0 0.193403 0.467735 0.012648 0.012534
0 0.429123 0.482625 0.012215 0.012455
0 0.430217 0.667556 0.012794 0.012683
0 0.734391 0.622331 0.013742 0.013650
0 0.266739 0.652863 0.013880 0.013826
0 0.049098 0.904584 0.011934 0.011972
0 0.739316 0.264885 0.012021 0.012014
0 0.907264 0.075981 0.012237 0.011915
0 0.845914 0.346603 0.012435 0.012262
0 0.058371 0.349984 0.011832 0.011583
0 0.755191 0.566053 0.010956 0.011200
0 0.535696 0.547601 0.013652 0.013454
0 0.939249 0.846574 0.013918 0.013967
0 0.754938 0.324732 0.012811 0.012527
0 0.285309 0.935778 0.011827 0.011984
0 0.747516 0.441417 0.011454 0.011335
0 0.073420 0.351192 0.011785 0.011605
0 0.818259 0.752456 0.012861 0.012715
0 0.435919 0.782035 0.012827 0.012896
0 0.018174 0.774292 0.013222 0.013292
0 0.643648 0.419334 0.012084 0.012036
0 0.407888 0.272431 0.014898 0.014665
0 0.641477 0.440442 0.011514 0.011595
0 0.981915 0.052445 0.010352 0.010167
0 0.984100 0.513619 0.014001 0.013423
0 0.237438 0.981405 0.011602 0.011555
0 0.957151 0.425704 0.013149 0.012995
0 0.801920 0.910652 0.012681 0.012523
0 0.087785 0.007172 0.011646 0.011778
0 0.349629 0.290844 0.024321 0.024539
0 0.136747 0.968743 0.011328 0.011370
0 0.966148 0.611202 0.011674 0.011524
0 0.003781 0.400371 0.007562 0.012088
0 0.387564 0.962760 0.014456 0.014429
0 0.878942 0.976176 0.012667 0.012599
0 0.408561 0.939131 0.013754 0.013288
0 0.224293 0.829056 0.012546 0.012643
0 0.979527 0.215551 0.013418 0.013552
0 0.941512 0.020767 0.010477 0.010678
0 0.911528 0.923795 0.011466 0.011476
0 0.866918 0.570605 0.010973 0.011155
0 0.815016 0.782876 0.012424 0.012269
0 0.086726 0.927701 0.012284 0.012317
0 0.466692 0.465287 0.012777 0.012699
0 0.553440 0.964754 0.013073 0.013086
0 0.901625 0.997430 0.011575 0.005100
0 0.648683 0.474684 0.009865 0.009863
0 0.400657 0.785833 0.011650 0.011587
0 0.109509 0.998395 0.011857 0.003209
0 0.988565 0.237214 0.013839 0.013634
0 0.900268 0.997066 0.011686 0.005869
0 0.534904 0.630351 0.024125 0.024041
0 0.850898 0.544638 0.011158 0.010925
0 0.191491 0.881862 0.012973 0.012565
