0 0.173030 0.792255 0.012912 0.012844
0 0.183314 0.045846 0.012720 0.012905
0 0.867292 0.628507 0.013595 0.013429
0 0.416424 0.172673 0.014287 0.014149
0 0.455751 0.044868 0.012815 0.012587
0 0.985720 0.052065 0.013765 0.013721
0 0.781643 0.044613 0.013904 0.013862
0 0.309978 0.211929 0.013337 0.013208
0 0.254520 0.803822 0.012636 0.012605
0 0.151996 0.527167 0.011746 0.011661
0 0.027364 0.120074 0.013246 0.013073
0 0.585054 0.077638 0.012567 0.012399
0 0.011224 0.188972 0.011524 0.011628
0 0.909715 0.456768 0.012851 0.012865
0 0.656638 0.498329 0.012716 0.012822
0 0.121582 0.716945 0.012940 0.013010
0 0.819239 0.449892 0.013208 0.013123
0 0.866424 0.513838 0.012817 0.012999
0 0.559060 0.065236 0.012667 0.012580
0 0.103251 0.363608 0.011911 0.011692
0 0.183922 0.316583 0.013024 0.013045
0 0.872346 0.428977 0.012271 0.011989
0 0.191921 0.108976 0.012998 0.012848
0 0.020163 0.473722 0.012892 0.012866
0 0.096160 0.665475 0.014127 0.013794
0 0.636130 0.783612 0.013214 0.013081
0 0.955962 0.509243 0.014956 0.014681
0 0.622159 0.620702 0.012872 0.012962
0 0.137436 0.123438 0.013481 0.013454
0 0.693653 0.616556 0.013232 0.013446
0 0.617760 0.467400 0.013023 0.013154
0 0.795024 0.347944 0.013068 0.012783
0 0.205546 0.830065 0.013253 0.013167
0 0.947325 0.616155 0.012832 0.012848
0 0.822250 0.650062 0.014024 0.014261
0 0.664863 0.435241 0.012778 0.012703
0 0.722588 0.655040 0.011862 0.011843
0 0.620579 0.498550 0.013033 0.013074
0 0.094296 0.747716 0.012802 0.012562
0 0.008050 0.300466 0.013599 0.013783
0 0.750460 0.073093 0.012922 0.012805
0 0.321303 0.329834 0.012840 0.012902
0 0.529659 0.255162 0.013210 0.013195
0 0.995248 0.454225 0.009459 0.012970
0 0.043976 0.015027 0.013565 0.013849
0 0.585119 0.431909 0.014590 0.014467
0 0.279772 0.436250 0.012020 0.011786
0 0.474660 0.755403 0.013140 0.012970
0 0.226745 0.717268 0.014293 0.014042
0 0.049344 0.827748 0.011690 0.012048
0 0.527921 0.881337 0.012840 0.012943
0 0.638114 0.490527 0.012763 0.012561
0 0.524035 0.323652 0.013078 0.013092
0 0.327588 0.798951 0.013213 0.012867
0 0.813015 0.557099 0.010057 0.009965
0 0.366273 0.969545 0.013456 0.013534
0 0.490352 0.865415 0.012780 0.012799
0 0.072455 0.974728 0.011621 0.011549
0 0.779275 0.522365 0.011616 0.011496
0 0.768728 0.030435 0.014419 0.014417
0 0.017114 0.409701 0.012691 0.012401
0 0.276272 0.549653 0.013128 0.013233
0 0.285330 0.920218 0.011268 0.011438
0 0.125810 0.610261 0.013998 0.014098
0 0.092248 0.574355 0.010819 0.010791
0 0.614302 0.073125 0.012291 0.012229
0 0.799083 0.552698 0.012747 0.012737
0 0.007456 0.643188 0.012165 0.011978
0 0.496433 0.629820 0.012841 0.013134
0 0.715717 0.265346 0.013059 0.012733
0 0.553169 0.477232 0.013847 0.013981
0 0.831213 0.595909 0.014624 0.013862
0 0.745805 0.490563 0.014783 0.014980
0 0.629648 0.949398 0.011858 0.011850
0 0.598184 0.622666 0.013004 0.013058
0 0.648584 0.840402 0.012583 0.012813
0 0.087189 0.948019 0.012325 0.012356
0 0.152686 0.203934 0.012002 0.012157
0 0.710124 0.321967 0.011469 0.011765
0 0.714929 0.843634 0.011528 0.011798
0 0.819955 0.623227 0.012959 0.013190
0 0.735697 0.620921 0.014544 0.014842
0 0.412715 0.291693 0.013031 0.012936
0 0.821408 0.975007 0.012410 0.012389
0 0.821805 0.515360 0.014809 0.014591
0 0.785996 0.778002 0.012509 0.012528
0 0.004171 0.796501 0.008048 0.014171
0 0.146996 0.487656 0.013743 0.013996
0 0.586175 0.332674 0.011574 0.011455
0 0.072976 0.834275 0.012594 0.012619
0 0.568589 0.584017 0.011404 0.011387
0 0.811126 0.723951 0.013644 0.013712
0 0.476857 0.951865 0.011794 0.011647
0 0.375990 0.863945 0.012266 0.012277
0 0.440059 0.532576 0.011274 0.011503
0 0.361768 0.472008 0.012131 0.012140
0 0.953551 0.043884 0.015266 0.015211
0 0.515446 0.965833 0.011376 0.011299
0 0.712792 0.383183 0.013235 0.013068
0 0.824488 0.516713 0.014994 0.014676
0 0.406152 0.995985 0.014744 0.008029
0 0.138209 0.946595 0.012586 0.012146
0 0.834321 0.489220 0.012198 0.012029
0 0.888050 0.851614 0.010889 0.010587
