0 0.683831 0.606267 0.010487 0.010320
0 0.749074 0.616920 0.013081 0.013109
0 0.271708 0.658099 0.012165 0.012166
0 0.843933 0.078218 0.013217 0.013078
0 0.172199 0.528631 0.012614 0.012378
0 0.220438 0.523845 0.013117 0.013063
0 0.901859 0.439482 0.012576 0.012517
0 0.715363 0.930645 0.013097 0.012981
0 0.043594 0.040091 0.011853 0.011745
0 0.131261 0.552328 0.013272 0.013243
0 0.375534 0.132288 0.013725 0.013671
0 0.543632 0.409458 0.012932 0.012691
0 0.145487 0.302618 0.013035 0.013038
0 0.531244 0.829604 0.013298 0.013203
0 0.190273 0.612590 0.013072 0.013220
0 0.469871 0.096481 0.013857 0.013714
0 0.389449 0.618767 0.012484 0.012535
0 0.588917 0.736118 0.011850 0.011754
0 0.629434 0.835128 0.012641 0.012382
0 0.320037 0.380007 0.011543 0.011275
0 0.459938 0.958756 0.013435 0.013454
0 0.456508 0.713268 0.014014 0.013941
0 0.313549 0.144119 0.013771 0.014224
0 0.808336 0.805675 0.013524 0.013464
0 0.424693 0.299078 0.012705 0.012720
0 0.018170 0.203286 0.012370 0.012396
0 0.299243 0.150435 0.014446 0.014485
0 0.885915 0.614465 0.013008 0.012851
0 0.323026 0.884725 0.014250 0.014099
0 0.165435 0.073521 0.012295 0.012781
0 0.807158 0.600761 0.012987 0.013441
0 0.359624 0.761570 0.013034 0.013053
0 0.491251 0.422369 0.013784 0.013639
0 0.441234 0.058889 0.012972 0.012865
0 0.337507 0.193959 0.013529 0.013156
0 0.797616 0.067284 0.013869 0.013779
0 0.827478 0.696169 0.012580 0.012529
0 0.937041 0.372173 0.013000 0.013130
0 0.620759 0.978548 0.012772 0.012753
0 0.099187 0.754746 0.014089 0.014057
0 0.733294 0.243975 0.012803 0.012718
0 0.497904 0.683382 0.013260 0.013226
0 0.544737 0.974082 0.012644 0.012263
0 0.885743 0.211668 0.011684 0.011726
0 0.301716 0.518590 0.012278 0.012518
0 0.880966 0.472964 0.012023 0.012430
0 0.664918 0.119052 0.013328 0.013484
0 0.330773 0.516939 0.011593 0.011377
0 0.475266 0.054599 0.012277 0.012185
0 0.466619 0.422448 0.011067 0.011134
0 0.577417 0.050630 0.012858 0.012792
0 0.167144 0.698021 0.013080 0.013233
0 0.737317 0.438615 0.012733 0.012949
0 0.030941 0.477849 0.012219 0.012175
0 0.601314 0.657780 0.013816 0.013718
0 0.137761 0.665399 0.013844 0.013959
0 0.106563 0.034031 0.011886 0.012051
0 0.119604 0.865069 0.013933 0.013824
0 0.223185 0.467383 0.012692 0.012666
0 0.269305 0.015470 0.012931 0.012754
0 0.589857 0.104628 0.011735 0.011879
0 0.896443 0.323754 0.010868 0.010809
0 0.226573 0.648072 0.012354 0.011990
0 0.533600 0.224388 0.011117 0.010948
0 0.395662 0.489713 0.012478 0.012437
0 0.921239 0.982374 0.011169 0.011052
0 0.701326 0.261298 0.011281 0.011314
0 0.370929 0.809299 0.010487 0.010331
0 0.579268 0.692553 0.013246 0.013310
0 0.668252 0.016805 0.012495 0.012835
0 0.943184 0.124957 0.011719 0.011858
0 0.535506 0.565641 0.012271 0.012225
0 0.036039 0.361961 0.011625 0.011641
0 0.861577 0.305952 0.011557 0.011584
0 0.341341 0.993813 0.013666 0.012303
0 0.186661 0.890640 0.013467 0.013504
0 0.040450 0.556189 0.011732 0.011794
0 0.505486 0.870856 0.013794 0.013457
0 0.524104 0.343764 0.012105 0.012286
0 0.138395 0.640707 0.011681 0.011860
0 0.592333 0.949585 0.012946 0.013177
0 0.941555 0.544404 0.011825 0.011876
0 0.086944 0.493397 0.012338 0.012184
0 0.108797 0.979400 0.013534 0.013598
0 0.359525 0.873281 0.011822 0.011625
0 0.584397 0.004392 0.013760 0.008785
0 0.663910 0.237839 0.011611 0.011527
0 0.793390 0.824760 0.012010 0.012038
0 0.631376 0.034603 0.011980 0.012134
0 0.488722 0.086155 0.010180 0.010277
0 0.666603 0.796618 0.011820 0.011893
0 0.969789 0.296404 0.011458 0.011777
0 0.209658 0.929311 0.012239 0.012177
0 0.788909 0.004385 0.012419 0.008769
0 0.020549 0.426509 0.009994 0.010171
0 0.775230 0.004578 0.013531 0.009155
0 0.786179 0.004575 0.013961 0.009030
0 0.514350 0.340020 0.013371 0.013338
0 0.394418 0.944159 0.009970 0.009758
