0 0.690401 0.461843 0.011778 0.011884
0 0.387269 0.116556 0.013832 0.013926
0 0.749473 0.616954 0.013479 0.013430
0 0.747269 0.381106 0.013369 0.013298
0 0.524887 0.347184 0.013391 0.013266
0 0.878903 0.528895 0.012508 0.012305
0 0.299904 0.390979 0.012603 0.012738
0 0.778858 0.654074 0.012518 0.012404
0 0.902364 0.034108 0.011306 0.011239
0 0.653795 0.099792 0.014030 0.014103
0 0.331198 0.499176 0.011860 0.011657
0 0.761894 0.324557 0.013508 0.013260
0 0.542853 0.217920 0.012612 0.012456
0 0.594421 0.825263 0.013067 0.012996
0 0.296513 0.204923 0.012486 0.012498
0 0.643495 0.175899 0.012159 0.011906
0 0.494082 0.494347 0.012054 0.012258
0 0.655954 0.535869 0.012589 0.012527
0 0.064674 0.392164 0.013953 0.013704
0 0.379560 0.729818 0.015461 0.015312
0 0.114971 0.495553 0.012287 0.012177
0 0.209510 0.215815 0.012627 0.012752
0 0.805833 0.504701 0.013477 0.013268
0 0.754890 0.778260 0.011694 0.011588
0 0.450632 0.562742 0.014472 0.014474
0 0.090504 0.883537 0.011503 0.011451
0 0.041017 0.147037 0.012599 0.012595
0 0.169263 0.952254 0.013450 0.013456
0 0.948999 0.259899 0.012276 0.012113
0 0.556664 0.670215 0.011034 0.011037
0 0.751379 0.062150 0.011305 0.011118
0 0.601950 0.234142 0.012637 0.012621
0 0.787662 0.047830 0.012163 0.012103
0 0.367066 0.784247 0.013366 0.013504
0 0.469465 0.424987 0.011969 0.012144
0 0.174551 0.450561 0.011773 0.011667
0 0.558341 0.458134 0.011767 0.011842
0 0.394008 0.230224 0.013367 0.013147
0 0.136208 0.847769 0.013721 0.013541
0 0.483886 0.343713 0.011018 0.011016
0 0.458923 0.961263 0.012924 0.012756
0 0.824659 0.277531 0.013140 0.013066
0 0.646115 0.319442 0.013422 0.013707
0 0.472430 0.052054 0.012867 0.012829
0 0.523454 0.169408 0.012468 0.012319
0 0.544608 0.973563 0.013679 0.013395
0 0.223207 0.467637 0.012386 0.012414
0 0.422511 0.074156 0.013534 0.013509
0 0.026862 0.775705 0.012274 0.012360
0 0.598806 0.015088 0.012261 0.011945
0 0.506810 0.067941 0.011767 0.011777
0 0.804407 0.210771 0.010641 0.010938
0 0.240205 0.616473 0.011896 0.011905
0 0.186411 0.890389 0.012884 0.012948
0 0.369268 0.661652 0.013546 0.013274
0 0.323381 0.555311 0.012355 0.012318
0 0.352946 0.800732 0.013406 0.013337
0 0.261815 0.875112 0.011935 0.012016
0 0.105499 0.667225 0.011249 0.011325
0 0.141963 0.554614 0.011750 0.011648
0 0.211997 0.171356 0.012404 0.012276
0 0.474275 0.278224 0.011053 0.011628
0 0.817592 0.003130 0.011339 0.006260
0 0.931733 0.127422 0.012339 0.012701
0 0.634432 0.160387 0.012747 0.012524
0 0.896492 0.879007 0.011002 0.010704
0 0.352837 0.816594 0.010112 0.010418
0 0.065110 0.730623 0.012580 0.012276
0 0.184239 0.776851 0.011477 0.011349
0 0.199258 0.177491 0.013421 0.013017
0 0.226598 0.648820 0.011773 0.011511
0 0.610990 0.400883 0.010555 0.010247
0 0.005703 0.216823 0.011284 0.012505
0 0.122914 0.749022 0.011379 0.011332
0 0.004351 0.845008 0.008656 0.013878
0 0.495851 0.542121 0.012012 0.011566
0 0.278137 0.842559 0.011924 0.011431
0 0.397272 0.852197 0.011660 0.011504
0 0.322882 0.038260 0.010624 0.010407
0 0.873968 0.263332 0.010764 0.010904
0 0.319645 0.523515 0.011233 0.011264
0 0.137802 0.659300 0.011539 0.011514
0 0.846277 0.713188 0.022567 0.022540
0 0.836503 0.466828 0.012143 0.012115
0 0.788142 0.004820 0.013419 0.009591
0 0.417349 0.096570 0.013612 0.013083
0 0.130885 0.984290 0.012043 0.011928
0 0.429692 0.571412 0.011000 0.011019
