0 0.108065 0.242714 0.013557 0.013566
0 0.558703 0.310499 0.012800 0.012769
0 0.264186 0.314690 0.012449 0.012126
0 0.749475 0.616502 0.013391 0.013283
0 0.785695 0.910144 0.012434 0.012206
0 0.150646 0.587270 0.013453 0.013363
0 0.498495 0.282926 0.012337 0.012371
0 0.192804 0.355023 0.013237 0.013204
0 0.645632 0.843706 0.013403 0.013132
0 0.432074 0.433842 0.011442 0.011399
0 0.862766 0.532591 0.013097 0.013196
0 0.052830 0.392834 0.011469 0.011326
0 0.452901 0.075871 0.013187 0.013228
0 0.213062 0.092087 0.013029 0.012852
0 0.736767 0.492668 0.012333 0.012218
0 0.713186 0.434163 0.010313 0.010382
0 0.143178 0.712225 0.013240 0.013395
0 0.139825 0.299718 0.012887 0.012693
0 0.152248 0.431782 0.012396 0.012259
0 0.697085 0.903890 0.012486 0.012529
0 0.147631 0.487744 0.013042 0.012992
0 0.421994 0.380283 0.012094 0.012025
0 0.321470 0.130067 0.013658 0.013630
0 0.458921 0.957104 0.013956 0.013907
0 0.281068 0.426116 0.011691 0.011592
0 0.613532 0.278153 0.012171 0.012116
0 0.224334 0.684279 0.013868 0.013588
0 0.083751 0.509407 0.010747 0.010757
0 0.065314 0.544409 0.011784 0.011435
0 0.187649 0.889950 0.012894 0.012907
0 0.225832 0.649120 0.013103 0.012867
0 0.331917 0.516643 0.011902 0.011796
0 0.223313 0.467302 0.013286 0.013184
0 0.344911 0.844958 0.011824 0.011765
0 0.040478 0.504211 0.012761 0.012729
0 0.133583 0.662205 0.012642 0.012589
0 0.242261 0.599994 0.012595 0.012563
0 0.523813 0.346270 0.013260 0.013062
0 0.595325 0.959760 0.012328 0.012329
0 0.542935 0.972017 0.013648 0.013382
0 0.196063 0.009420 0.011418 0.011352
0 0.430722 0.283812 0.010928 0.010783
0 0.344716 0.296483 0.022454 0.022388
0 0.443331 0.764067 0.011977 0.012072
0 0.416040 0.724480 0.011810 0.011870
0 0.031050 0.210050 0.011048 0.011041
0 0.855292 0.916785 0.012066 0.012310
0 0.011607 0.627012 0.012748 0.012718
0 0.249316 0.399697 0.012527 0.011995
0 0.433147 0.197806 0.012449 0.012564
0 0.504706 0.379037 0.011463 0.011596
0 0.805062 0.038442 0.012844 0.012574
0 0.238345 0.098189 0.011515 0.011555
0 0.022366 0.648723 0.011716 0.011606
0 0.097070 0.684860 0.011317 0.011332
0 0.762592 0.803222 0.012751 0.012734
0 0.119161 0.568492 0.010676 0.010452
0 0.552098 0.476887 0.010745 0.010561
0 0.848294 0.717763 0.021121 0.020431
0 0.750716 0.423707 0.012141 0.012161
0 0.004320 0.122794 0.008611 0.013561
0 0.479152 0.520684 0.012921 0.013125
0 0.155963 0.818584 0.011363 0.011073
0 0.982207 0.392987 0.010801 0.010797
0 0.109708 0.979073 0.013460 0.013444
0 0.994024 0.923115 0.011837 0.013213
0 0.938088 0.723280 0.010925 0.010886
0 0.627232 0.108051 0.012371 0.012651
0 0.328758 0.446409 0.010724 0.010611
0 0.926192 0.058796 0.011065 0.011049
0 0.529532 0.637201 0.022769 0.023019
0 0.448065 0.203652 0.011380 0.011462
0 0.307347 0.678582 0.012314 0.012153
0 0.694091 0.996473 0.011324 0.007053
0 0.935131 0.219602 0.010748 0.010669
0 0.957466 0.378659 0.009609 0.009594
0 0.520425 0.679027 0.012165 0.012341
0 0.765501 0.104863 0.010857 0.010818
0 0.420872 0.192288 0.009739 0.009661
0 0.921446 0.145185 0.016192 0.016246
0 0.808553 0.121966 0.010757 0.010620
0 0.376157 0.110422 0.013040 0.012542
0 0.702080 0.820900 0.020948 0.020746
0 0.635477 0.289111 0.011466 0.011029
0 0.894380 0.335904 0.009829 0.009879
0 0.725314 0.233508 0.011231 0.011084
0 0.490490 0.559544 0.012767 0.012829
0 0.032913 0.432962 0.012807 0.012582
0 0.420268 0.193565 0.010225 0.010450
0 0.007960 0.297204 0.012299 0.011826
0 0.810725 0.682470 0.011441 0.011452
0 0.621905 0.780087 0.019461 0.019368
0 0.375626 0.226181 0.019464 0.019719
