0 0.857456 0.762034 0.013170 0.013295
0 0.942575 0.783224 0.013013 0.013153
0 0.796712 0.436168 0.013168 0.013116
0 0.407152 0.723820 0.013599 0.013695
0 0.748461 0.619031 0.013339 0.013299
0 0.877264 0.459943 0.013167 0.013072
0 0.909626 0.863167 0.013447 0.013363
0 0.685725 0.283092 0.013156 0.013168
0 0.155946 0.568573 0.013193 0.013218
0 0.386422 0.121081 0.013231 0.013220
0 0.490860 0.602981 0.013568 0.013506
0 0.487327 0.453217 0.012997 0.012752
0 0.232118 0.707540 0.014054 0.014035
0 0.524075 0.349468 0.013120 0.013121
0 0.059080 0.425734 0.012998 0.013106
0 0.181997 0.852814 0.012859 0.013060
0 0.942355 0.471363 0.013416 0.013438
0 0.266749 0.235927 0.013382 0.013373
0 0.541496 0.162524 0.013018 0.012940
0 0.829165 0.689818 0.013027 0.012984
0 0.105397 0.311074 0.011579 0.011446
0 0.570461 0.154482 0.013838 0.013820
0 0.317340 0.178581 0.012864 0.012528
0 0.634469 0.639966 0.013232 0.013298
0 0.527391 0.315959 0.014060 0.014069
0 0.404723 0.467452 0.014357 0.014647
0 0.820437 0.457857 0.013961 0.013830
0 0.279571 0.554199 0.013168 0.013047
0 0.253978 0.312984 0.014389 0.014526
0 0.450998 0.068747 0.012783 0.012991
0 0.196514 0.624393 0.013610 0.013681
0 0.091061 0.477640 0.013554 0.013582
0 0.438209 0.640362 0.012736 0.012726
0 0.335678 0.224539 0.013903 0.013652
0 0.060937 0.471808 0.012719 0.012575
0 0.730024 0.300390 0.012766 0.012491
0 0.461873 0.960161 0.012007 0.011952
0 0.091289 0.442307 0.012725 0.012711
0 0.775272 0.441295 0.012494 0.012097
0 0.195241 0.289107 0.013136 0.013072
0 0.535626 0.020692 0.012917 0.012766
0 0.535574 0.263366 0.012564 0.012632
0 0.425505 0.597126 0.009386 0.010311
0 0.344083 0.572752 0.012921 0.012868
0 0.149946 0.630979 0.013760 0.013517
0 0.815430 0.268258 0.013778 0.013941
0 0.495561 0.542733 0.014716 0.014759
0 0.756956 0.452823 0.012480 0.012296
0 0.796288 0.297576 0.011806 0.011662
0 0.352313 0.226399 0.012911 0.012722
0 0.097637 0.189618 0.010570 0.010530
0 0.045804 0.635261 0.012643 0.012741
0 0.133618 0.570047 0.012633 0.012810
0 0.032220 0.862266 0.013242 0.013190
0 0.424226 0.431832 0.012390 0.012397
0 0.989001 0.545270 0.012894 0.012873
0 0.543661 0.974988 0.013155 0.012955
0 0.021285 0.652284 0.012556 0.012261
0 0.817788 0.066362 0.014234 0.014174
0 0.127437 0.642580 0.012725 0.012493
0 0.214521 0.139012 0.012070 0.012083
0 0.802061 0.528004 0.012120 0.011828
0 0.005931 0.673942 0.011863 0.013736
0 0.330788 0.518560 0.012255 0.012150
0 0.222866 0.469833 0.012558 0.012529
0 0.779817 0.083089 0.011494 0.011295
0 0.915235 0.658469 0.011967 0.012075
0 0.519609 0.417430 0.012520 0.012327
0 0.089288 0.179761 0.012622 0.012017
0 0.796954 0.065346 0.013753 0.014164
0 0.658143 0.096301 0.014258 0.014582
0 0.438827 0.979458 0.011969 0.011833
0 0.723403 0.397649 0.012029 0.011876
0 0.881498 0.084997 0.012945 0.013066
0 0.395808 0.939864 0.012214 0.012283
0 0.504833 0.695813 0.011777 0.011584
0 0.184536 0.903230 0.012009 0.011959
0 0.020125 0.269884 0.011942 0.011942
0 0.915685 0.076711 0.012489 0.012505
0 0.291281 0.822119 0.013572 0.013405
0 0.003790 0.200419 0.007554 0.013805
0 0.108991 0.981352 0.013368 0.013566
0 0.457387 0.240527 0.012151 0.011686
0 0.885651 0.004675 0.013699 0.009339
0 0.225376 0.652568 0.013147 0.012847
0 0.689546 0.137862 0.011127 0.011172
0 0.420434 0.556723 0.013290 0.012904
0 0.112110 0.086064 0.013257 0.013146
0 0.162493 0.078014 0.012324 0.012208
0 0.774799 0.216200 0.010817 0.010742
0 0.498949 0.893706 0.011869 0.011597
0 0.787829 0.005321 0.012336 0.010443
0 0.525482 0.842036 0.012401 0.012324
0 0.195182 0.070659 0.012746 0.012743
0 0.847836 0.069273 0.012753 0.012920
0 0.495683 0.993718 0.009674 0.009558
0 0.822941 0.730358 0.012268 0.012610
0 0.248189 0.463767 0.012420 0.013044
0 0.115986 0.520649 0.011226 0.011419
0 0.530897 0.629766 0.023126 0.022866
0 0.060757 0.257194 0.011103 0.010670
0 0.964003 0.127442 0.012509 0.012155
0 0.916917 0.197376 0.011554 0.011465
0 0.849732 0.711505 0.022686 0.022734
0 0.298433 0.684742 0.011691 0.011540
0 0.061062 0.258923 0.011119 0.011883
0 0.421146 0.356888 0.013038 0.013372
0 0.001931 0.257256 0.003850 0.013808
0 0.327615 0.200699 0.011383 0.010920
0 0.090916 0.182138 0.013909 0.014223
0 0.798187 0.351081 0.010359 0.010511
0 0.060576 0.255312 0.010750 0.010379
0 0.510045 0.998003 0.011854 0.003994
0 0.400931 0.571067 0.010312 0.010591
0 0.298917 0.686401 0.011148 0.011217
