0 0.908045 0.818950 0.013022 0.012921
0 0.125066 0.476245 0.013351 0.013316
0 0.625368 0.262739 0.013432 0.013541
0 0.660661 0.505342 0.013016 0.012996
0 0.098466 0.420226 0.013019 0.012827
0 0.871884 0.609544 0.013311 0.013192
0 0.198721 0.470499 0.012792 0.012717
0 0.784742 0.634409 0.012868 0.012892
0 0.514093 0.432767 0.013977 0.013923
0 0.530958 0.878412 0.012273 0.012296
0 0.533584 0.470175 0.013365 0.013373
0 0.224823 0.349388 0.012572 0.012485
0 0.631165 0.887797 0.013370 0.013590
0 0.393602 0.868760 0.012808 0.012554
0 0.448747 0.465859 0.012969 0.013163
0 0.957814 0.446369 0.012668 0.012719
0 0.730376 0.323930 0.013545 0.013455
0 0.514763 0.492466 0.012080 0.012053
0 0.448461 0.961573 0.011853 0.011694
0 0.071387 0.079618 0.013145 0.013075
0 0.748321 0.618341 0.013124 0.012963
0 0.600844 0.489669 0.012334 0.012278
0 0.034429 0.264848 0.012846 0.012758
0 0.072064 0.251445 0.012946 0.012784
0 0.397435 0.570177 0.013298 0.013145
0 0.297024 0.020579 0.012855 0.012675
0 0.098159 0.782873 0.012156 0.012091
0 0.541558 0.977831 0.012808 0.012642
0 0.623571 0.429158 0.012400 0.012358
0 0.175946 0.710685 0.013646 0.013629
0 0.613278 0.315093 0.014065 0.013988
0 0.333840 0.484972 0.012343 0.012177
0 0.878721 0.641588 0.012384 0.012429
0 0.523453 0.350115 0.013424 0.013168
0 0.081452 0.038851 0.013508 0.013422
0 0.063843 0.330107 0.012615 0.012381
0 0.401558 0.961747 0.010060 0.010054
0 0.646823 0.635336 0.013219 0.013236
0 0.818756 0.425237 0.014169 0.014132
0 0.882155 0.671584 0.014129 0.014190
0 0.808529 0.056190 0.011064 0.011091
0 0.217698 0.451214 0.013268 0.013200
0 0.840948 0.031195 0.012295 0.012357
0 0.456525 0.769317 0.012610 0.012527
0 0.289020 0.606105 0.013344 0.013128
0 0.601639 0.609527 0.012214 0.012300
0 0.696511 0.520697 0.013842 0.013932
0 0.467990 0.681482 0.012497 0.012559
0 0.220974 0.470523 0.012489 0.012477
0 0.159760 0.260692 0.013213 0.013217
0 0.060595 0.378573 0.013132 0.012826
0 0.363653 0.357155 0.013250 0.013359
0 0.302119 0.396542 0.013723 0.013672
0 0.244010 0.595834 0.012342 0.012252
0 0.489174 0.036675 0.014081 0.014196
0 0.005905 0.458781 0.011484 0.012354
0 0.352918 0.056339 0.014042 0.014212
0 0.196444 0.752886 0.012315 0.012300
0 0.886352 0.115645 0.012083 0.011848
0 0.112432 0.734123 0.012487 0.012538
0 0.570614 0.415622 0.014011 0.014039
0 0.470092 0.530405 0.012457 0.012250
0 0.289545 0.725448 0.011279 0.011326
0 0.861328 0.056670 0.010535 0.010523
0 0.050765 0.603895 0.012588 0.012464
0 0.125377 0.023404 0.011941 0.012224
0 0.310255 0.494592 0.012880 0.012613
0 0.395866 0.943358 0.009056 0.009232
0 0.519560 0.727652 0.013317 0.014062
0 0.135167 0.290919 0.011963 0.011887
0 0.773585 0.006360 0.013738 0.012719
0 0.223769 0.648446 0.012288 0.012180
0 0.319132 0.291722 0.014007 0.014010
0 0.287282 0.473573 0.014033 0.013464
0 0.793957 0.901595 0.013200 0.013439
0 0.147162 0.020213 0.013958 0.014198
0 0.418728 0.004252 0.013176 0.008500
0 0.041316 0.830356 0.012218 0.012407
0 0.003265 0.295206 0.006390 0.011159
0 0.184965 0.892206 0.013411 0.013396
0 0.453068 0.091215 0.013873 0.013862
0 0.331724 0.518259 0.012441 0.012251
0 0.668173 0.265994 0.011839 0.011865
0 0.407178 0.463035 0.012407 0.011832
0 0.286529 0.127030 0.012036 0.011907
0 0.003076 0.580865 0.006101 0.012103
0 0.995738 0.425877 0.008431 0.009727
0 0.579506 0.034171 0.012047 0.011865
0 0.579403 0.225937 0.011841 0.011735
0 0.887957 0.207993 0.012651 0.012866
0 0.849859 0.710851 0.023573 0.023984
0 0.434630 0.049190 0.012358 0.012588
0 0.457602 0.790204 0.012175 0.012237
0 0.542639 0.277790 0.013272 0.013212
0 0.003232 0.203329 0.006184 0.010165
0 0.495297 0.992997 0.009846 0.009874
0 0.497243 0.019833 0.012470 0.012996
0 0.262897 0.698483 0.011427 0.011203
0 0.564538 0.013395 0.013584 0.013750
0 0.094551 0.692097 0.011960 0.011895
0 0.003736 0.564301 0.007451 0.013678
0 0.789146 0.005205 0.013154 0.010287
0 0.435786 0.050632 0.012635 0.012752
0 0.508582 0.363776 0.012291 0.012226
0 0.708844 0.804216 0.016571 0.016656
0 0.050677 0.517565 0.013167 0.012804
0 0.709935 0.802298 0.015357 0.015611
0 0.002612 0.204962 0.005224 0.011057
