0 0.363387 0.507172 0.013936 0.013992
0 0.253224 0.835951 0.012848 0.012885
0 0.648523 0.945523 0.013684 0.013441
0 0.932486 0.791329 0.013207 0.013525
0 0.881971 0.688221 0.014226 0.014096
0 0.605351 0.658617 0.011478 0.011372
0 0.427754 0.833157 0.013345 0.013307
0 0.104718 0.416970 0.013881 0.013710
0 0.747605 0.618880 0.013605 0.013534
0 0.056463 0.645423 0.014035 0.013923
0 0.880360 0.728002 0.012185 0.012310
0 0.128907 0.820693 0.013495 0.013632
0 0.871346 0.524159 0.012999 0.012908
0 0.315548 0.047591 0.013662 0.013577
0 0.331959 0.455097 0.013296 0.013250
0 0.191170 0.366833 0.014331 0.014272
0 0.961365 0.644649 0.013340 0.013258
0 0.103017 0.337741 0.012346 0.012303
0 0.426526 0.711675 0.013002 0.013162
0 0.180860 0.511868 0.013693 0.013575
0 0.724284 0.445691 0.013920 0.013923
0 0.261548 0.103699 0.013284 0.013311
0 0.913965 0.683411 0.012445 0.012319
0 0.286831 0.696920 0.012174 0.012225
0 0.586778 0.961221 0.012873 0.012853
0 0.131083 0.701247 0.012542 0.012521
0 0.247010 0.227182 0.012333 0.012116
0 0.323200 0.656658 0.011982 0.012095
0 0.202364 0.253359 0.011954 0.011876
0 0.561269 0.605453 0.012471 0.012367
0 0.135109 0.496260 0.011916 0.011868
0 0.542195 0.975932 0.013076 0.012786
0 0.950456 0.841081 0.011596 0.011397
0 0.248001 0.399219 0.012580 0.012468
0 0.184935 0.891343 0.012766 0.012748
0 0.331448 0.518361 0.013003 0.012884
0 0.680066 0.779742 0.013127 0.013211
0 0.729685 0.497042 0.012804 0.012580
0 0.183705 0.989182 0.013435 0.013310
0 0.038091 0.944646 0.013348 0.013242
0 0.460262 0.127821 0.013458 0.013305
0 0.529179 0.279959 0.012048 0.011731
0 0.447538 0.197979 0.013003 0.012841
0 0.757048 0.527842 0.013291 0.013111
0 0.117338 0.636408 0.011500 0.011325
0 0.221253 0.469965 0.012885 0.012844
0 0.318760 0.823505 0.012661 0.012830
0 0.899935 0.069897 0.013219 0.013195
0 0.523768 0.350171 0.013575 0.013452
0 0.538350 0.683330 0.013061 0.013059
0 0.107224 0.980170 0.013351 0.013392
0 0.136704 0.951951 0.013049 0.012531
0 0.217848 0.789107 0.012915 0.012855
0 0.417494 0.494171 0.012822 0.012810
0 0.896001 0.628090 0.012401 0.012495
0 0.495206 0.303662 0.014124 0.014024
0 0.223170 0.648882 0.012168 0.011818
0 0.390666 0.558635 0.013115 0.013014
0 0.796786 0.115693 0.012899 0.012592
0 0.801966 0.529031 0.012477 0.012529
0 0.496189 0.544128 0.014947 0.014977
0 0.372875 0.007562 0.013956 0.013951
0 0.319573 0.009813 0.013715 0.013560
0 0.107510 0.239340 0.012367 0.012191
0 0.576266 0.781152 0.013428 0.013412
0 0.207935 0.021628 0.014131 0.013893
0 0.440064 0.060060 0.012052 0.012178
0 0.859991 0.796331 0.012833 0.012282
0 0.302255 0.131103 0.014911 0.014990
0 0.641882 0.706625 0.013614 0.013798
0 0.604200 0.872771 0.012429 0.012754
0 0.679235 0.313962 0.014780 0.014880
0 0.728327 0.088113 0.012562 0.012584
0 0.787927 0.005548 0.012591 0.010895
0 0.315023 0.253937 0.012869 0.012260
0 0.135763 0.562505 0.013212 0.013158
0 0.697937 0.288508 0.012431 0.012269
0 0.549294 0.230810 0.012304 0.012316
0 0.861437 0.154677 0.011573 0.011587
0 0.663099 0.431259 0.012282 0.012269
0 0.385626 0.185622 0.012689 0.012511
0 0.255844 0.352898 0.012244 0.011954
0 0.426952 0.975858 0.011439 0.011370
0 0.234871 0.657147 0.012729 0.012822
0 0.753378 0.714224 0.012829 0.012849
0 0.962310 0.037247 0.011595 0.011574
0 0.739465 0.016488 0.012864 0.012858
0 0.395760 0.942096 0.009634 0.009486
0 0.609224 0.312584 0.011906 0.011173
0 0.917705 0.066745 0.013269 0.012939
0 0.808812 0.148600 0.013513 0.013707
0 0.849970 0.710431 0.022853 0.022672
0 0.673112 0.868909 0.012943 0.013098
0 0.327985 0.691695 0.011418 0.011772
0 0.764097 0.159117 0.012226 0.012456
0 0.265334 0.809407 0.013312 0.013226
0 0.585226 0.642004 0.012458 0.012844
0 0.996004 0.421527 0.007993 0.011825
0 0.580528 0.885988 0.011306 0.010922
0 0.500478 0.184902 0.013238 0.013334
0 0.894549 0.340947 0.012159 0.011726
0 0.438536 0.003572 0.010578 0.007144
0 0.421414 0.556450 0.012900 0.012810
0 0.965164 0.023219 0.011721 0.011745
0 0.584538 0.002544 0.014470 0.005066
0 0.142431 0.550462 0.010084 0.009945
0 0.130351 0.900546 0.011043 0.011096
0 0.533277 0.630441 0.024009 0.024104
0 0.645791 0.815090 0.012101 0.011440
