0 0.558273 0.019460 0.013562 0.013484
0 0.731876 0.397474 0.013074 0.012914
0 0.444605 0.261635 0.014019 0.014017
0 0.680065 0.353674 0.013820 0.013645
0 0.573006 0.596657 0.014525 0.014374
0 0.276280 0.179602 0.012407 0.012464
0 0.525048 0.346986 0.013839 0.013626
0 0.206163 0.167650 0.013989 0.013898
0 0.392176 0.336482 0.012612 0.012360
0 0.941131 0.661435 0.013326 0.013370
0 0.913024 0.381023 0.012210 0.012187
0 0.912102 0.443287 0.013795 0.013629
0 0.748496 0.617276 0.013627 0.013637
0 0.817290 0.310860 0.012750 0.012750
0 0.481547 0.293203 0.012831 0.013052
0 0.195541 0.634156 0.012215 0.012178
0 0.112496 0.154784 0.013197 0.013101
0 0.029217 0.374282 0.013213 0.013281
0 0.671040 0.186294 0.013893 0.013731
0 0.275325 0.045278 0.012456 0.012339
0 0.204984 0.940563 0.013477 0.013381
0 0.808573 0.360669 0.012588 0.012491
0 0.742992 0.517638 0.014922 0.014531
0 0.161196 0.017613 0.013142 0.013237
0 0.596830 0.341581 0.012049 0.012232
0 0.958611 0.237322 0.012375 0.012437
0 0.403483 0.732635 0.013632 0.013504
0 0.665262 0.409372 0.012991 0.012877
0 0.900755 0.028972 0.013280 0.013378
0 0.734572 0.362700 0.011575 0.011677
0 0.731529 0.282966 0.012462 0.012652
0 0.441957 0.058972 0.012562 0.012430
0 0.374889 0.006434 0.013787 0.012800
0 0.693803 0.394209 0.012964 0.012826
0 0.545253 0.347234 0.012078 0.012139
0 0.059489 0.262008 0.013245 0.013282
0 0.892119 0.419487 0.011877 0.011835
0 0.636517 0.301775 0.013142 0.013403
0 0.465073 0.044258 0.013317 0.013482
0 0.670035 0.886528 0.013220 0.013302
0 0.315972 0.527881 0.011733 0.011487
0 0.466742 0.542848 0.011842 0.011733
0 0.470109 0.120089 0.013178 0.013316
0 0.933593 0.212614 0.012540 0.012632
0 0.247400 0.675661 0.012107 0.012088
0 0.564996 0.181843 0.012902 0.013041
0 0.069522 0.373672 0.013619 0.013443
0 0.521516 0.775381 0.013170 0.013210
0 0.128896 0.876790 0.013256 0.013186
0 0.495520 0.542857 0.012443 0.012199
0 0.183298 0.681121 0.009851 0.009850
0 0.617494 0.627087 0.010074 0.010167
0 0.793921 0.468905 0.013964 0.013918
0 0.826167 0.861071 0.011834 0.011735
0 0.262720 0.115257 0.010830 0.010538
0 0.187200 0.890380 0.013561 0.013439
0 0.927450 0.542358 0.011854 0.011782
0 0.668766 0.220249 0.013490 0.013516
0 0.251181 0.518696 0.012762 0.013116
0 0.109705 0.979888 0.013725 0.013721
0 0.190247 0.607770 0.011950 0.012192
0 0.155769 0.937823 0.013497 0.013424
0 0.459686 0.959848 0.012578 0.012438
0 0.453328 0.588037 0.011140 0.011001
0 0.095198 0.162223 0.012100 0.012208
0 0.955653 0.459803 0.012445 0.012173
0 0.561402 0.974280 0.011416 0.011665
0 0.550869 0.241154 0.011328 0.011371
0 0.917144 0.967265 0.012039 0.011795
0 0.288883 0.688969 0.013473 0.013332
0 0.862534 0.040611 0.011222 0.011314
0 0.171844 0.818760 0.013134 0.013069
0 0.957299 0.011671 0.013237 0.013035
0 0.222180 0.467782 0.012485 0.012436
0 0.224302 0.649399 0.012010 0.012023
0 0.308506 0.782959 0.012611 0.012743
0 0.084158 0.017691 0.013774 0.013766
0 0.426943 0.172655 0.011381 0.011365
0 0.544290 0.972813 0.012384 0.012057
0 0.359057 0.538883 0.010723 0.011106
0 0.777808 0.566345 0.011385 0.010935
0 0.392570 0.123452 0.012630 0.012451
0 0.362803 0.812343 0.009552 0.009527
0 0.536191 0.466591 0.011409 0.011542
0 0.317008 0.919793 0.010128 0.010036
0 0.851265 0.838299 0.011878 0.011643
0 0.815762 0.135737 0.011351 0.011451
0 0.788155 0.004572 0.013035 0.009144
0 0.082921 0.523259 0.013711 0.013458
0 0.460649 0.492075 0.009811 0.010047
0 0.630230 0.373445 0.010688 0.010271
0 0.055872 0.576926 0.013667 0.013596
0 0.622673 0.046304 0.012306 0.012646
0 0.147820 0.434042 0.011730 0.011610
0 0.376047 0.036711 0.012614 0.012627
0 0.603453 0.012506 0.011184 0.011281
0 0.213482 0.680655 0.010039 0.009821
0 0.779436 0.410267 0.010243 0.009985
0 0.330101 0.516806 0.011007 0.010848
0 0.036087 0.165600 0.012367 0.012295
