0 0.274455 0.876914 0.015397 0.015344
0 0.513485 0.573895 0.013773 0.013953
0 0.531680 0.492630 0.014167 0.014212
0 0.955069 0.951397 0.015995 0.016123
0 0.332349 0.873848 0.015163 0.015089
0 0.449538 0.240547 0.015956 0.015736
0 0.789398 0.505283 0.015236 0.015161
0 0.426148 0.590171 0.014390 0.014416
0 0.575165 0.402056 0.014338 0.014215
0 0.825805 0.903192 0.014235 0.014130
0 0.369231 0.692223 0.014325 0.014297
0 0.215932 0.755867 0.014239 0.014115
0 0.247990 0.448649 0.015861 0.015844
0 0.036484 0.808759 0.014131 0.014086
0 0.906938 0.350572 0.015065 0.015203
0 0.681212 0.510893 0.015067 0.014872
0 0.896749 0.544192 0.013801 0.013581
0 0.420223 0.642541 0.014545 0.014784
0 0.445669 0.058102 0.014341 0.014215
0 0.362049 0.910429 0.014982 0.014950
0 0.110279 0.640602 0.014566 0.014451
0 0.646161 0.604491 0.014557 0.014746
0 0.944784 0.032251 0.014216 0.014127
0 0.059729 0.371936 0.014228 0.014284
0 0.638367 0.088196 0.019201 0.019273
0 0.736347 0.075311 0.017251 0.017221
0 0.218808 0.561302 0.015804 0.015764
0 0.899800 0.184845 0.013602 0.013656
0 0.242435 0.291927 0.015329 0.015463
0 0.062244 0.983588 0.014294 0.014208
0 0.917751 0.579707 0.014943 0.014992
0 0.662271 0.459805 0.014593 0.014617
0 0.716427 0.174897 0.013657 0.013492
0 0.221729 0.390490 0.015404 0.015508
0 0.540848 0.167095 0.013879 0.013865
0 0.843326 0.140010 0.014383 0.014489
0 0.697350 0.114418 0.014595 0.014749
0 0.193460 0.689841 0.014373 0.014513
0 0.591548 0.329007 0.014859 0.014735
0 0.488312 0.180241 0.013840 0.013993
0 0.547968 0.196353 0.014382 0.014267
0 0.029882 0.626384 0.015030 0.015203
0 0.300252 0.021848 0.014246 0.014262
0 0.652599 0.812076 0.015450 0.015263
0 0.063917 0.169773 0.014151 0.014068
0 0.167401 0.735140 0.014700 0.014540
0 0.080130 0.304026 0.015034 0.014942
0 0.624689 0.948390 0.015145 0.015235
0 0.259081 0.539533 0.014888 0.014929
0 0.716198 0.416282 0.014410 0.014341
0 0.149135 0.026493 0.014573 0.014595
0 0.160487 0.175920 0.015239 0.015212
0 0.397524 0.838125 0.013711 0.013588
0 0.480387 0.341564 0.015237 0.014984
0 0.827959 0.465776 0.014201 0.014277
0 0.106636 0.460919 0.014906 0.014653
0 0.193472 0.485426 0.014898 0.014711
0 0.087091 0.915081 0.015250 0.015385
0 0.025568 0.464190 0.014856 0.014753
0 0.381625 0.814289 0.015376 0.015250
0 0.353274 0.488520 0.015509 0.015243
0 0.888367 0.394572 0.014014 0.013965
0 0.041742 0.417673 0.013694 0.013814
0 0.766268 0.530237 0.014511 0.014700
0 0.878065 0.357842 0.013998 0.013847
0 0.873928 0.695710 0.015199 0.015051
0 0.214172 0.308553 0.014819 0.015157
0 0.656443 0.427419 0.014329 0.014217
0 0.412579 0.148247 0.013899 0.014076
0 0.533339 0.640308 0.022805 0.022557
0 0.580437 0.193288 0.015737 0.015804
0 0.387771 0.158203 0.015217 0.014999
0 0.828201 0.541901 0.016261 0.016290
0 0.978368 0.616474 0.015201 0.014952
0 0.820762 0.732561 0.014051 0.014395
0 0.189911 0.855098 0.014955 0.014990
0 0.562049 0.491495 0.013506 0.013706
0 0.750301 0.949303 0.013922 0.013949
0 0.502708 0.302804 0.015417 0.015552
0 0.627109 0.133738 0.013970 0.013940
0 0.641535 0.114559 0.015755 0.015481
0 0.183324 0.653679 0.014532 0.014380
0 0.411217 0.674456 0.014480 0.014750
0 0.475666 0.368018 0.013719 0.013746
0 0.553028 0.459946 0.015039 0.014970
0 0.282213 0.811487 0.015405 0.015257
0 0.923511 0.239338 0.014154 0.014231
0 0.990189 0.403494 0.014005 0.013797
0 0.917929 0.900931 0.014800 0.014920
0 0.303010 0.337183 0.015691 0.015303
0 0.347727 0.299706 0.023065 0.022949
0 0.788303 0.558711 0.013959 0.014194
0 0.239018 0.683873 0.015417 0.015136
0 0.688126 0.979991 0.014081 0.014187
0 0.548292 0.418007 0.015351 0.015464
0 0.985489 0.505412 0.016835 0.016496
0 0.740036 0.619846 0.015736 0.015803
0 0.904972 0.417701 0.014867 0.014954
0 0.252907 0.736419 0.015385 0.015468
0 0.150989 0.861759 0.014101 0.014234
0 0.786295 0.284312 0.014869 0.014603
0 0.258803 0.216956 0.014697 0.014660
0 0.848439 0.632433 0.014620 0.014541
0 0.823217 0.313989 0.017914 0.017926
0 0.688304 0.320883 0.013268 0.013131
0 0.672517 0.823279 0.014604 0.014628
0 0.886520 0.044402 0.014149 0.014178
0 0.377661 0.229598 0.020297 0.020400
0 0.201737 0.519120 0.014979 0.015074
0 0.135850 0.216827 0.016458 0.016421
0 0.647261 0.566781 0.016164 0.016072
0 0.328957 0.644261 0.014257 0.014213
0 0.849841 0.720859 0.023729 0.023926
0 0.020052 0.941671 0.014211 0.014539
0 0.858137 0.203164 0.016109 0.016151
0 0.421644 0.309706 0.016423 0.016788
0 0.027526 0.008521 0.016004 0.015683
0 0.910523 0.992871 0.017689 0.014259
0 0.225290 0.513011 0.014001 0.014015
0 0.156879 0.321754 0.015248 0.014317
0 0.007535 0.222855 0.013743 0.014088
0 0.525304 0.019197 0.018544 0.018289
0 0.518339 0.100154 0.014609 0.014528
0 0.684309 0.282831 0.014961 0.014536
0 0.374727 0.364262 0.015522 0.015530
0 0.832376 0.823677 0.014251 0.014725
0 0.859002 0.238838 0.015370 0.015289
0 0.536201 0.770473 0.015788 0.016194
0 0.488950 0.405698 0.014892 0.014899
0 0.854383 0.355462 0.013618 0.013525
0 0.699291 0.334226 0.014043 0.014150
0 0.743848 0.337975 0.014322 0.014137
0 0.692128 0.541579 0.015252 0.015059
0 0.364514 0.143334 0.017228 0.017194
0 0.506590 0.115769 0.015445 0.015482
0 0.921819 0.147465 0.020896 0.020485
0 0.067239 0.576450 0.021816 0.021807
0 0.290924 0.456544 0.014247 0.014085
0 0.373802 0.381894 0.015004 0.014911
0 0.766851 0.737967 0.013999 0.013974
0 0.803809 0.654390 0.013884 0.014164
0 0.162155 0.840006 0.015409 0.015275
0 0.377432 0.740138 0.021850 0.022144
0 0.204566 0.287759 0.014386 0.014396
0 0.703824 0.823718 0.022732 0.022626
0 0.209045 0.247655 0.014084 0.014079
0 0.451277 0.216953 0.020607 0.020959
0 0.473660 0.415634 0.014082 0.014221
0 0.314372 0.631014 0.014930 0.015021
0 0.170455 0.256897 0.015244 0.015243
0 0.267608 0.244711 0.017172 0.016939
0 0.003913 0.064261 0.007809 0.016347
0 0.709440 0.266948 0.014773 0.014535
0 0.176818 0.030248 0.014836 0.014884
0 0.746793 0.712304 0.014765 0.014855
0 0.320466 0.972579 0.017057 0.017048
0 0.793179 0.632661 0.014739 0.014606
0 0.868706 0.958323 0.014413 0.014343
