0 0.392011 0.871598 0.013157 0.013087
0 0.914189 0.854712 0.013329 0.013354
0 0.768780 0.059023 0.013274 0.013379
0 0.537754 0.481647 0.012509 0.012387
0 0.496892 0.725332 0.014175 0.014284
0 0.768104 0.973211 0.013812 0.013703
0 0.116053 0.549537 0.013065 0.013041
0 0.445562 0.959633 0.013560 0.013365
0 0.365489 0.802262 0.013962 0.013838
0 0.747518 0.618902 0.013164 0.013128
0 0.019417 0.410812 0.014278 0.014343
0 0.632971 0.585859 0.013559 0.013530
0 0.594522 0.510590 0.013081 0.013094
0 0.428174 0.643840 0.012677 0.012722
0 0.388027 0.453171 0.012975 0.013158
0 0.754732 0.430623 0.013996 0.014063
0 0.066152 0.252944 0.011962 0.011865
0 0.095586 0.489409 0.012743 0.012726
0 0.181681 0.501433 0.013034 0.013028
0 0.512691 0.446038 0.012984 0.012958
0 0.726859 0.884471 0.013613 0.013396
0 0.170677 0.394323 0.014026 0.013767
0 0.542377 0.977597 0.013394 0.013134
0 0.028859 0.090564 0.012488 0.012448
0 0.785745 0.722091 0.014783 0.014970
0 0.189092 0.631680 0.013871 0.013739
0 0.309539 0.468019 0.013844 0.013840
0 0.222638 0.469699 0.012938 0.012881
0 0.523882 0.349770 0.013388 0.013105
0 0.422450 0.732437 0.013408 0.013438
0 0.044298 0.550853 0.013515 0.013741
0 0.727935 0.329278 0.013870 0.013833
0 0.629901 0.644406 0.012054 0.012122
0 0.302964 0.054759 0.013552 0.013583
0 0.152944 0.258698 0.012619 0.012741
0 0.567886 0.954895 0.013857 0.013940
0 0.067354 0.399413 0.011890 0.011937
0 0.865041 0.084199 0.012508 0.012599
0 0.025048 0.164360 0.012820 0.013034
0 0.822714 0.660912 0.013327 0.013218
0 0.463800 0.568178 0.011943 0.011833
0 0.360041 0.970238 0.012624 0.012863
0 0.433381 0.598988 0.011959 0.011910
0 0.558779 0.067098 0.013447 0.013512
0 0.389881 0.070682 0.014616 0.014430
0 0.094590 0.099892 0.012917 0.012983
0 0.884370 0.184764 0.013103 0.013097
0 0.308263 0.366523 0.013764 0.013700
0 0.314197 0.278247 0.014013 0.014067
0 0.484529 0.809540 0.013255 0.013087
0 0.288408 0.607599 0.013379 0.013148
0 0.505122 0.378203 0.013906 0.014231
0 0.810540 0.366766 0.012110 0.011738
0 0.424487 0.424090 0.012897 0.012154
0 0.807112 0.011601 0.011467 0.011337
0 0.755958 0.191232 0.012061 0.011883
0 0.357110 0.256745 0.012936 0.012862
0 0.358291 0.108113 0.012466 0.012567
0 0.104685 0.016357 0.014774 0.014672
0 0.132157 0.017092 0.014112 0.013898
0 0.407766 0.110325 0.011892 0.011988
0 0.009179 0.875859 0.012456 0.012629
0 0.840119 0.229618 0.010599 0.010401
0 0.484502 0.917001 0.012611 0.012655
0 0.580475 0.206511 0.012753 0.013010
0 0.839538 0.152688 0.012920 0.012900
0 0.596142 0.330379 0.012413 0.012662
0 0.008612 0.547090 0.010999 0.010500
0 0.311544 0.514490 0.013083 0.013159
0 0.633686 0.287879 0.012732 0.012760
0 0.417209 0.090321 0.013798 0.013875
0 0.223225 0.649213 0.012582 0.012457
0 0.595997 0.576978 0.013589 0.014059
0 0.874776 0.444249 0.012719 0.012326
0 0.004169 0.518020 0.008293 0.013567
0 0.688340 0.281221 0.012243 0.012234
0 0.438029 0.363006 0.013042 0.013222
0 0.533163 0.630343 0.023840 0.023349
0 0.568592 0.004402 0.011958 0.008779
0 0.396183 0.943295 0.009872 0.009635
0 0.108018 0.981136 0.013379 0.013654
0 0.258982 0.708676 0.012699 0.012474
0 0.440663 0.059675 0.011576 0.011571
0 0.548245 0.543178 0.015903 0.016212
0 0.472699 0.081220 0.011991 0.012157
0 0.801626 0.936750 0.012943 0.012683
0 0.004278 0.268510 0.008500 0.011956
0 0.632641 0.491743 0.011406 0.011295
0 0.325128 0.516279 0.011928 0.012768
0 0.101746 0.762619 0.012496 0.012660
0 0.412844 0.586794 0.012564 0.012408
0 0.605508 0.020419 0.011316 0.011415
0 0.835367 0.241776 0.010995 0.010676
0 0.114324 0.717551 0.010973 0.011116
0 0.047764 0.853721 0.011832 0.011775
0 0.994996 0.425226 0.009348 0.009762
0 0.123976 0.308204 0.014052 0.014300
0 0.195023 0.003606 0.010993 0.007112
0 0.185413 0.892558 0.013345 0.013411
0 0.336449 0.414945 0.012888 0.012756
0 0.087501 0.356719 0.011754 0.011643
0 0.972128 0.531995 0.011960 0.011899
0 0.346624 0.289107 0.024000 0.024130
0 0.849159 0.711497 0.023517 0.023789
0 0.775811 0.005393 0.014517 0.010786
