0 0.750422 0.082690 0.015220 0.014986
0 0.757541 0.235855 0.014495 0.014487
0 0.669611 0.467331 0.016051 0.016098
0 0.944927 0.414615 0.014930 0.014963
0 0.609877 0.927089 0.017445 0.017140
0 0.625858 0.446286 0.014170 0.014067
0 0.056652 0.679878 0.016107 0.015983
0 0.174123 0.731394 0.014795 0.014863
0 0.114261 0.787073 0.014360 0.014455
0 0.803361 0.562572 0.014422 0.014450
0 0.512334 0.181057 0.014623 0.014637
0 0.587236 0.838981 0.013994 0.014047
0 0.479283 0.093481 0.015005 0.014781
0 0.394414 0.049917 0.014700 0.014694
0 0.800071 0.388448 0.015469 0.015581
0 0.727587 0.030054 0.012925 0.012787
0 0.409461 0.862464 0.014989 0.014938
0 0.049360 0.131298 0.014371 0.014391
0 0.871249 0.396533 0.014856 0.014561
0 0.336327 0.919509 0.014484 0.014528
0 0.572760 0.635174 0.014634 0.014372
0 0.564215 0.238820 0.013839 0.013873
0 0.106248 0.316724 0.014338 0.014066
0 0.468247 0.480705 0.015025 0.015020
0 0.443889 0.188158 0.014685 0.014896
0 0.729802 0.626460 0.013920 0.013768
0 0.505919 0.718965 0.014708 0.014744
0 0.332632 0.593754 0.014827 0.015001
0 0.830751 0.588366 0.014203 0.014169
0 0.361597 0.589154 0.013953 0.014185
0 0.648647 0.488260 0.014394 0.014304
0 0.607581 0.607415 0.014819 0.014642
0 0.115877 0.535656 0.013879 0.013876
0 0.391282 0.449006 0.014987 0.014876
0 0.220463 0.517891 0.014995 0.015251
0 0.306337 0.690045 0.014219 0.014146
0 0.150417 0.885999 0.015860 0.015523
0 0.091834 0.818267 0.014426 0.014528
0 0.541747 0.278071 0.014534 0.014380
0 0.661460 0.043922 0.014945 0.015237
0 0.533680 0.640144 0.022104 0.021733
0 0.557531 0.690029 0.015522 0.015691
0 0.295850 0.357016 0.015171 0.015672
0 0.782267 0.328592 0.014677 0.014730
0 0.513084 0.308510 0.014950 0.014992
0 0.485829 0.192810 0.014861 0.014958
0 0.262985 0.095331 0.014705 0.014719
0 0.199197 0.205183 0.015268 0.015218
0 0.787922 0.177074 0.013579 0.013868
0 0.231180 0.435465 0.016379 0.016354
0 0.398406 0.690091 0.015421 0.015349
0 0.862341 0.029360 0.015252 0.015397
0 0.408440 0.579924 0.013812 0.013774
0 0.171875 0.350321 0.014612 0.014462
0 0.153712 0.077618 0.014409 0.014704
0 0.622327 0.269491 0.013549 0.013465
0 0.960886 0.433421 0.014736 0.014897
0 0.699775 0.930324 0.014357 0.014171
0 0.114886 0.191395 0.014962 0.014706
0 0.849952 0.722137 0.022186 0.022073
0 0.501027 0.539612 0.014485 0.014588
0 0.558805 0.196361 0.013866 0.013293
0 0.536154 0.812124 0.014365 0.014242
0 0.293116 0.742149 0.014944 0.014898
0 0.072020 0.898008 0.013824 0.013791
0 0.952996 0.951672 0.013266 0.013388
0 0.314408 0.057087 0.015360 0.015568
0 0.480226 0.968934 0.014324 0.013990
0 0.050754 0.253051 0.014738 0.014595
0 0.935925 0.605939 0.014444 0.014250
0 0.920124 0.758056 0.013853 0.013826
0 0.792050 0.109499 0.014145 0.013996
0 0.669960 0.084964 0.014095 0.014246
0 0.030107 0.283044 0.013981 0.014232
0 0.863103 0.654472 0.014580 0.014702
0 0.876499 0.280691 0.014289 0.014511
0 0.720036 0.845372 0.013196 0.013337
0 0.347864 0.301105 0.022682 0.022506
0 0.179183 0.899209 0.015262 0.014809
0 0.160112 0.042391 0.013575 0.013805
0 0.836979 0.422450 0.014827 0.014875
0 0.773166 0.098886 0.015377 0.015312
0 0.596769 0.071953 0.014124 0.014004
0 0.099979 0.463342 0.014018 0.013559
0 0.366704 0.705661 0.014695 0.014771
0 0.078026 0.453314 0.015427 0.015417
0 0.554739 0.478320 0.014994 0.014886
0 0.740309 0.728427 0.015300 0.015521
0 0.288435 0.229208 0.014731 0.014948
0 0.720027 0.006273 0.014095 0.012546
0 0.910851 0.093200 0.013947 0.013849
0 0.068775 0.576855 0.021246 0.021571
0 0.219698 0.555148 0.018502 0.018649
0 0.688709 0.967720 0.013937 0.014239
0 0.670928 0.192662 0.019662 0.019261
0 0.679536 0.789008 0.014274 0.014180
0 0.959176 0.005830 0.014981 0.011582
0 0.090803 0.932555 0.013136 0.013260
0 0.524088 0.019780 0.018609 0.018092
0 0.683246 0.927753 0.014281 0.014219
0 0.695200 0.656481 0.015026 0.014738
0 0.858962 0.301833 0.013400 0.013438
0 0.152476 0.240959 0.015193 0.014584
0 0.004128 0.168441 0.008256 0.014851
0 0.637501 0.088644 0.020938 0.020854
0 0.002486 0.097422 0.004963 0.015502
0 0.695035 0.791066 0.014386 0.014098
0 0.417240 0.226114 0.015967 0.016033
0 0.265756 0.246786 0.018587 0.017745
0 0.888214 0.261448 0.019376 0.019260
0 0.950123 0.985153 0.012919 0.012958
0 0.660492 0.101962 0.013672 0.013745
0 0.703720 0.824035 0.022397 0.022385
0 0.684986 0.985334 0.013501 0.013330
0 0.995060 0.846975 0.009880 0.011983
0 0.922290 0.147913 0.021367 0.021465
0 0.744083 0.262466 0.014384 0.014320
0 0.046722 0.327139 0.019848 0.019469
0 0.002294 0.560951 0.004539 0.015514
0 0.688123 0.346021 0.014141 0.013896
0 0.830715 0.795508 0.015579 0.015660
0 0.539850 0.738334 0.021366 0.021688
0 0.049343 0.054413 0.018799 0.019004
