0 0.690553 0.109532 0.012864 0.012904
0 0.538289 0.094224 0.013556 0.013494
0 0.136380 0.033099 0.013077 0.012915
0 0.564663 0.256024 0.013637 0.013657
0 0.210764 0.185988 0.013641 0.013466
0 0.385661 0.773495 0.013683 0.013704
0 0.507226 0.075233 0.011070 0.011108
0 0.748680 0.617684 0.013133 0.013184
0 0.562789 0.290745 0.013319 0.013397
0 0.545829 0.162998 0.012878 0.012974
0 0.663737 0.312787 0.013016 0.012936
0 0.525223 0.347528 0.013489 0.013381
0 0.594249 0.440593 0.013972 0.013835
0 0.413908 0.838426 0.013386 0.013238
0 0.245662 0.343018 0.013294 0.013201
0 0.747493 0.204748 0.013430 0.013382
0 0.276280 0.544922 0.012604 0.012550
0 0.843588 0.320270 0.013397 0.013401
0 0.721373 0.079442 0.012696 0.012836
0 0.737849 0.965372 0.011831 0.011697
0 0.618726 0.302325 0.012719 0.012891
0 0.318258 0.059869 0.011883 0.011799
0 0.601485 0.599888 0.012269 0.012419
0 0.462108 0.960895 0.013747 0.013653
0 0.864584 0.892491 0.013155 0.013208
0 0.555478 0.760195 0.013503 0.013456
0 0.843419 0.045627 0.013398 0.013351
0 0.456157 0.040874 0.012810 0.012615
0 0.959319 0.446980 0.013591 0.013356
0 0.216447 0.435482 0.013861 0.013625
0 0.142145 0.306333 0.011669 0.011661
0 0.230114 0.250697 0.013755 0.013755
0 0.579115 0.353642 0.013688 0.013694
0 0.544520 0.211916 0.013641 0.013610
0 0.753611 0.015679 0.012736 0.012766
0 0.789463 0.122118 0.013813 0.013764
0 0.812449 0.316659 0.013018 0.012925
0 0.302403 0.867612 0.013365 0.013171
0 0.436739 0.784272 0.013457 0.013268
0 0.902328 0.950754 0.011629 0.011431
0 0.438425 0.541968 0.012489 0.012362
0 0.176222 0.206116 0.011887 0.011932
0 0.222431 0.468395 0.013426 0.013350
0 0.487224 0.494412 0.012299 0.012144
0 0.956843 0.389695 0.011940 0.011882
0 0.024513 0.310083 0.014199 0.013852
0 0.026035 0.080358 0.012917 0.012894
0 0.042626 0.480270 0.014414 0.014255
0 0.330759 0.518255 0.012753 0.012549
0 0.467362 0.817739 0.010107 0.009980
0 0.113721 0.660958 0.013087 0.013016
0 0.544071 0.973010 0.012608 0.012470
0 0.833710 0.933220 0.010991 0.011025
0 0.578499 0.092728 0.011831 0.011998
0 0.896241 0.205823 0.011995 0.011999
0 0.071359 0.872577 0.013410 0.013260
0 0.263647 0.520530 0.012071 0.012031
0 0.436152 0.105836 0.013704 0.013449
0 0.533780 0.565200 0.012584 0.012750
0 0.468208 0.223143 0.011367 0.011287
0 0.592053 0.160509 0.011463 0.011386
0 0.392998 0.647032 0.011101 0.011043
0 0.468555 0.097295 0.012379 0.012377
0 0.591572 0.198251 0.011478 0.011578
0 0.029111 0.103373 0.013497 0.013532
0 0.371840 0.808084 0.010546 0.010514
0 0.381484 0.463294 0.012467 0.012395
0 0.757964 0.559370 0.011482 0.011472
0 0.788689 0.005201 0.012961 0.010389
0 0.483537 0.800751 0.011270 0.011468
0 0.226052 0.648949 0.012850 0.012625
0 0.439243 0.257936 0.013339 0.013350
0 0.166914 0.743648 0.013256 0.013287
0 0.662020 0.801651 0.011972 0.012197
0 0.134121 0.955684 0.012770 0.012711
0 0.833935 0.505115 0.010967 0.010865
0 0.537778 0.581994 0.014318 0.014262
0 0.213111 0.590609 0.012837 0.012482
0 0.978298 0.142984 0.011107 0.011088
0 0.363804 0.538019 0.014983 0.015124
0 0.636782 0.855757 0.012809 0.012723
0 0.238081 0.910225 0.012737 0.012599
0 0.109552 0.980225 0.013089 0.013231
0 0.899707 0.005732 0.011896 0.011092
0 0.042906 0.778178 0.013210 0.012975
0 0.495598 0.542431 0.013013 0.013053
0 0.016915 0.456496 0.011637 0.011562
0 0.343917 0.766982 0.012528 0.012026
0 0.172389 0.663926 0.012707 0.012944
0 0.186900 0.891444 0.013030 0.012951
0 0.008145 0.945601 0.011251 0.011017
0 0.561936 0.686708 0.011387 0.011112
0 0.016996 0.692541 0.012899 0.012685
0 0.376398 0.580356 0.012869 0.012874
0 0.047207 0.660363 0.012087 0.011763
