0 0.432304 0.448475 0.013857 0.013732
0 0.672414 0.250193 0.013632 0.013655
0 0.276092 0.397199 0.012031 0.011966
0 0.553881 0.502996 0.012838 0.012706
0 0.885179 0.525655 0.013479 0.013357
0 0.512836 0.530240 0.013354 0.013390
0 0.469676 0.060977 0.012800 0.012857
0 0.179517 0.501704 0.012490 0.012328
0 0.689332 0.291771 0.013602 0.013586
0 0.372878 0.327509 0.014337 0.014294
0 0.524760 0.349556 0.013621 0.013417
0 0.724939 0.595160 0.012743 0.012723
0 0.748463 0.619273 0.013321 0.013229
0 0.323139 0.152084 0.013774 0.013694
0 0.586302 0.060953 0.013608 0.013467
0 0.047146 0.395918 0.014487 0.014643
0 0.239845 0.491984 0.013374 0.013353
0 0.333108 0.566281 0.012534 0.012498
0 0.615858 0.341885 0.012341 0.012476
0 0.656527 0.382753 0.011435 0.011275
0 0.214910 0.280787 0.013805 0.013777
0 0.565438 0.378657 0.013865 0.013856
0 0.390058 0.634669 0.013038 0.013034
0 0.172923 0.605516 0.012927 0.012862
0 0.834663 0.534175 0.013080 0.013065
0 0.115809 0.310499 0.012358 0.012386
0 0.800042 0.384573 0.011638 0.011765
0 0.931122 0.405495 0.012484 0.012796
0 0.462922 0.684479 0.013023 0.013191
0 0.487369 0.879208 0.014140 0.013945
0 0.311147 0.332232 0.012236 0.012291
0 0.310431 0.371549 0.013671 0.013393
0 0.371143 0.459498 0.013898 0.014036
0 0.028217 0.800741 0.013932 0.014004
0 0.695368 0.935512 0.013276 0.013311
0 0.720165 0.352162 0.012070 0.011967
0 0.142557 0.462787 0.013401 0.013299
0 0.804057 0.201384 0.013030 0.012986
0 0.223118 0.468818 0.012725 0.012883
0 0.448138 0.099276 0.012259 0.012173
0 0.604456 0.673908 0.013453 0.013459
0 0.976928 0.297192 0.013060 0.013070
0 0.240464 0.597149 0.012394 0.012492
0 0.592616 0.105711 0.012860 0.012870
0 0.462100 0.960067 0.012536 0.012479
0 0.542880 0.975828 0.013196 0.012967
0 0.831635 0.551136 0.013430 0.013443
0 0.033240 0.549125 0.012221 0.012266
0 0.107688 0.198472 0.012969 0.012878
0 0.469857 0.431528 0.013824 0.013935
0 0.940846 0.302505 0.012627 0.012715
0 0.032264 0.350913 0.012797 0.012722
0 0.770110 0.704676 0.013427 0.013617
0 0.680435 0.093725 0.013477 0.013316
0 0.830582 0.402223 0.011813 0.011578
0 0.471262 0.032022 0.012291 0.012301
0 0.330620 0.518786 0.012172 0.012159
0 0.441796 0.059447 0.013080 0.012858
0 0.803261 0.300376 0.013674 0.013608
0 0.563310 0.952161 0.014477 0.014406
0 0.425401 0.634219 0.012329 0.012519
0 0.720419 0.033022 0.012963 0.013197
0 0.140126 0.490989 0.012190 0.012623
0 0.910557 0.601613 0.012702 0.012716
0 0.224896 0.649721 0.012612 0.012324
0 0.359020 0.245650 0.013524 0.013319
0 0.436278 0.589237 0.009997 0.010041
0 0.685369 0.893950 0.011441 0.011310
0 0.584540 0.008868 0.014212 0.014072
0 0.495268 0.543771 0.015384 0.015150
0 0.356505 0.760704 0.011408 0.011475
0 0.852328 0.311795 0.011953 0.012008
0 0.162072 0.195032 0.011688 0.011361
0 0.165272 0.207134 0.012527 0.012239
0 0.316312 0.195312 0.014041 0.014228
0 0.750839 0.079463 0.012759 0.012932
0 0.154310 0.302482 0.013293 0.012937
0 0.112795 0.870436 0.013639 0.013765
0 0.848731 0.711044 0.022657 0.022676
0 0.969207 0.590729 0.013081 0.012788
0 0.585790 0.395181 0.012680 0.012941
0 0.128992 0.716388 0.012069 0.012000
0 0.388892 0.133648 0.011947 0.011662
0 0.898321 0.003358 0.013196 0.006716
0 0.378120 0.150301 0.010488 0.010474
0 0.788451 0.005419 0.012234 0.010838
0 0.236805 0.676605 0.010531 0.010887
0 0.002810 0.462912 0.005562 0.010737
0 0.354410 0.617434 0.011979 0.012198
0 0.108174 0.980987 0.013297 0.013457
0 0.734720 0.784812 0.012071 0.011805
0 0.355408 0.724148 0.011751 0.012698
0 0.858443 0.775387 0.012905 0.012986
0 0.851370 0.039811 0.011728 0.011783
0 0.532177 0.629976 0.024119 0.023821
0 0.185549 0.892374 0.013067 0.013155
0 0.420912 0.556389 0.012783 0.012650
0 0.246420 0.031375 0.011641 0.011506
0 0.357105 0.724452 0.014002 0.014137
0 0.186838 0.286884 0.014294 0.014081
0 0.400930 0.571214 0.009977 0.009962
0 0.900651 0.053669 0.011366 0.011314
0 0.399335 0.570620 0.010873 0.010218
0 0.409643 0.932058 0.011276 0.011427
0 0.259262 0.527101 0.011470 0.011761
0 0.345579 0.290798 0.024621 0.024456
