0 0.792614 0.652631 0.013676 0.013395
0 0.971186 0.815562 0.013174 0.012891
0 0.038529 0.288291 0.012755 0.012646
0 0.366225 0.412228 0.012673 0.012501
0 0.084742 0.286561 0.012599 0.012541
0 0.607259 0.055041 0.012137 0.011971
0 0.284510 0.402279 0.013675 0.013581
0 0.923882 0.815137 0.013416 0.013234
0 0.330867 0.518716 0.012899 0.012804
0 0.747286 0.619536 0.013103 0.013071
0 0.450412 0.617751 0.012442 0.012334
0 0.453089 0.681687 0.012293 0.012148
0 0.668635 0.119140 0.012793 0.012700
0 0.369835 0.472461 0.012730 0.012843
0 0.806956 0.523842 0.013040 0.012892
0 0.615562 0.410404 0.012889 0.012882
0 0.727973 0.563054 0.013416 0.013293
0 0.281508 0.163218 0.013697 0.013664
0 0.517568 0.515256 0.012560 0.012401
0 0.878032 0.855801 0.013721 0.013640
0 0.523990 0.349633 0.013833 0.013532
0 0.210715 0.378819 0.012699 0.012589
0 0.399853 0.365163 0.013551 0.013267
0 0.772033 0.565115 0.012234 0.012167
0 0.394271 0.871636 0.013678 0.013822
0 0.792272 0.054665 0.013158 0.013302
0 0.767650 0.118314 0.012779 0.012779
0 0.674507 0.540155 0.013607 0.013514
0 0.474136 0.535276 0.011698 0.011327
0 0.382548 0.259345 0.013782 0.013797
0 0.119914 0.485243 0.012490 0.012522
0 0.332116 0.057302 0.013461 0.013272
0 0.835345 0.148394 0.012075 0.012178
0 0.631487 0.393457 0.014030 0.014102
0 0.462120 0.044092 0.013898 0.013917
0 0.022220 0.485017 0.011950 0.011874
0 0.167569 0.380186 0.012996 0.013036
0 0.150752 0.100588 0.013881 0.013838
0 0.207625 0.748260 0.013907 0.013956
0 0.297304 0.641268 0.011726 0.011693
0 0.052085 0.742268 0.013592 0.013611
0 0.718545 0.089726 0.012992 0.012689
0 0.812150 0.895426 0.013117 0.013025
0 0.452838 0.958520 0.013291 0.013676
0 0.221317 0.470201 0.012380 0.012302
0 0.089756 0.234309 0.011522 0.011562
0 0.091212 0.333626 0.013612 0.013421
0 0.064160 0.583710 0.010860 0.010801
0 0.858723 0.677288 0.013691 0.013789
0 0.072227 0.547310 0.011657 0.011499
0 0.273128 0.641843 0.011667 0.011730
0 0.025281 0.212685 0.012961 0.012935
0 0.684327 0.350662 0.012818 0.012906
0 0.157518 0.257384 0.012561 0.012538
0 0.603366 0.220362 0.013611 0.013570
0 0.178198 0.215209 0.014728 0.014634
0 0.279570 0.903184 0.013480 0.013287
0 0.139614 0.082870 0.012248 0.012314
0 0.301096 0.678263 0.012426 0.012442
0 0.318543 0.772537 0.013401 0.013201
0 0.369006 0.598332 0.012636 0.012631
0 0.126960 0.353884 0.012128 0.012037
0 0.575894 0.681658 0.013103 0.012866
0 0.619183 0.022216 0.012001 0.012279
0 0.244003 0.345097 0.012084 0.011701
0 0.333818 0.808292 0.012703 0.012855
0 0.743103 0.369378 0.011947 0.011838
0 0.148078 0.289298 0.012576 0.012471
0 0.383973 0.323890 0.012515 0.012533
0 0.239688 0.433700 0.012813 0.012345
0 0.751723 0.205218 0.012641 0.013012
0 0.189573 0.661377 0.011479 0.011478
0 0.284792 0.604897 0.012925 0.012742
0 0.853195 0.470811 0.011369 0.011348
0 0.224525 0.648110 0.011929 0.011697
0 0.440998 0.059406 0.012098 0.012477
0 0.753986 0.494648 0.014062 0.014328
0 0.428144 0.990853 0.013098 0.013116
0 0.630755 0.808409 0.013410 0.013533
0 0.080964 0.069893 0.013529 0.013584
0 0.118616 0.688159 0.010510 0.010510
0 0.669737 0.927003 0.011734 0.012209
0 0.733516 0.542751 0.012847 0.012856
0 0.495446 0.544346 0.013919 0.013914
0 0.982064 0.506418 0.012833 0.012858
0 0.143223 0.020405 0.013396 0.013241
0 0.830340 0.711280 0.012757 0.012730
0 0.932861 0.439635 0.011176 0.011065
0 0.744248 0.190615 0.011170 0.011623
0 0.617057 0.813662 0.012922 0.012497
0 0.746134 0.250399 0.013013 0.013117
0 0.340592 0.032029 0.012546 0.013049
0 0.402832 0.731209 0.011870 0.011826
0 0.857846 0.395084 0.013104 0.013179
0 0.960611 0.520971 0.011543 0.011507
0 0.399028 0.570340 0.011413 0.010794
0 0.539747 0.975039 0.012028 0.012032
0 0.513440 0.006904 0.016300 0.013809
0 0.845949 0.711248 0.018863 0.018162
0 0.528173 0.661356 0.013175 0.013411
0 0.555991 0.272445 0.013381 0.013341
0 0.215352 0.872488 0.012831 0.012624
0 0.078780 0.517369 0.010401 0.010003
0 0.108429 0.980832 0.013303 0.013713
0 0.787971 0.005727 0.012133 0.011313
0 0.185173 0.892105 0.012614 0.012680
0 0.726203 0.751903 0.012955 0.013440
0 0.532473 0.632807 0.022209 0.021964
0 0.833868 0.260184 0.012357 0.012320
0 0.039739 0.523157 0.010926 0.010982
0 0.780973 0.005646 0.015359 0.011274
