0 0.143585 0.172966 0.012356 0.012481
0 0.105993 0.835465 0.013688 0.013463
0 0.213677 0.117491 0.011631 0.011450
0 0.244763 0.390582 0.012250 0.012124
0 0.676676 0.779513 0.013397 0.013244
0 0.748503 0.616481 0.012762 0.012517
0 0.798056 0.576281 0.011425 0.011305
0 0.208953 0.796674 0.013271 0.013311
0 0.182597 0.865111 0.012302 0.012323
0 0.110045 0.979470 0.013726 0.013583
0 0.460682 0.958207 0.012506 0.012594
0 0.057717 0.904094 0.010815 0.010771
0 0.141990 0.470041 0.012209 0.012237
0 0.149755 0.043464 0.012167 0.012460
0 0.024193 0.573888 0.014519 0.014373
0 0.398329 0.188950 0.012530 0.012582
0 0.121899 0.787637 0.012961 0.013013
0 0.414816 0.100648 0.010921 0.010866
0 0.929015 0.625550 0.012883 0.012364
0 0.232376 0.176934 0.014046 0.013923
0 0.269715 0.586050 0.012506 0.012420
0 0.553949 0.904532 0.011762 0.011790
0 0.225533 0.500418 0.012625 0.012574
0 0.596998 0.524022 0.013014 0.013164
0 0.009677 0.903766 0.012009 0.011808
0 0.187057 0.889213 0.013273 0.013383
0 0.542693 0.973741 0.011829 0.011736
0 0.154965 0.940113 0.010207 0.010054
0 0.276108 0.216461 0.011751 0.011661
0 0.007439 0.554790 0.012507 0.012440
0 0.580437 0.297093 0.011375 0.011724
0 0.370055 0.968938 0.012036 0.011950
0 0.167443 0.505974 0.012144 0.012149
0 0.316161 0.193679 0.011292 0.011386
0 0.623489 0.848771 0.011511 0.011551
0 0.226254 0.648275 0.012339 0.012018
0 0.361403 0.098295 0.012261 0.012285
0 0.062931 0.454278 0.011276 0.011251
0 0.536216 0.222695 0.011232 0.011437
0 0.523664 0.347098 0.012779 0.012438
0 0.314246 0.529140 0.011431 0.011512
0 0.433518 0.843342 0.012918 0.012811
0 0.874572 0.283860 0.010020 0.010001
0 0.701651 0.686772 0.011478 0.011730
0 0.391426 0.989558 0.012238 0.012046
0 0.297294 0.131323 0.011083 0.010728
0 0.195000 0.660362 0.012438 0.012506
0 0.360397 0.514008 0.010628 0.010251
0 0.194588 0.826875 0.011891 0.011811
0 0.772523 0.235935 0.011690 0.011609
0 0.302653 0.363278 0.012330 0.012164
0 0.530612 0.636722 0.021820 0.021878
0 0.848597 0.718215 0.018816 0.018525
0 0.591987 0.350591 0.010495 0.010746
0 0.344193 0.297224 0.022479 0.022298
0 0.389642 0.009128 0.012696 0.012894
0 0.252140 0.993158 0.012436 0.012344
0 0.371777 0.327736 0.011146 0.010875
0 0.313471 0.948030 0.011038 0.010991
0 0.461021 0.756282 0.011214 0.010951
0 0.542117 0.533940 0.011539 0.011415
0 0.148027 0.843250 0.012006 0.011866
0 0.400612 0.507880 0.007827 0.008211
0 0.994269 0.589602 0.010186 0.010395
0 0.223862 0.466053 0.012690 0.012406
0 0.330028 0.516796 0.011660 0.011384
0 0.709790 0.825283 0.012335 0.012351
0 0.375798 0.624967 0.015591 0.015147
0 0.259058 0.764856 0.013106 0.013129
