0 0.656980 0.497161 0.013054 0.013205
0 0.555852 0.046969 0.012969 0.012763
0 0.104111 0.027576 0.012785 0.012611
0 0.187499 0.105413 0.012839 0.012601
0 0.380955 0.864315 0.011433 0.011419
0 0.193241 0.734023 0.012774 0.012744
0 0.165037 0.786867 0.012898 0.012786
0 0.099935 0.151989 0.012453 0.012512
0 0.622792 0.597963 0.013000 0.012865
0 0.803149 0.326592 0.013106 0.013125
0 0.137157 0.715450 0.012896 0.012622
0 0.866538 0.429123 0.012611 0.012486
0 0.076092 0.144559 0.012588 0.012741
0 0.048610 0.719073 0.013002 0.013048
0 0.906798 0.452406 0.012368 0.012352
0 0.546445 0.188830 0.012106 0.011812
0 0.032723 0.475128 0.012913 0.012992
0 0.767487 0.579701 0.012011 0.011742
0 0.748942 0.648732 0.012812 0.012820
0 0.867618 0.628331 0.013656 0.013470
0 0.528200 0.902354 0.012281 0.011991
0 0.636808 0.575824 0.012883 0.012763
0 0.778488 0.036480 0.014511 0.014071
0 0.258668 0.752959 0.012857 0.013013
0 0.610242 0.025819 0.012945 0.012965
0 0.668540 0.694462 0.013215 0.013174
0 0.611802 0.008148 0.013022 0.013213
0 0.956273 0.509333 0.015220 0.014992
0 0.101886 0.668466 0.013361 0.013174
0 0.160552 0.521741 0.013022 0.012939
0 0.628434 0.670101 0.013367 0.013259
0 0.282547 0.674063 0.012348 0.012101
0 0.413314 0.282106 0.013687 0.013955
0 0.588605 0.291806 0.013096 0.013115
0 0.009991 0.183883 0.011049 0.010969
0 0.446872 0.856149 0.012210 0.012354
0 0.664307 0.434258 0.012897 0.012918
0 0.459323 0.060633 0.012165 0.012246
0 0.816764 0.450702 0.012856 0.012757
0 0.560074 0.107525 0.011881 0.012208
0 0.713183 0.321932 0.011854 0.012105
0 0.072121 0.355003 0.012746 0.012662
0 0.190569 0.852742 0.012531 0.012672
0 0.572288 0.577948 0.012473 0.012252
0 0.632034 0.771995 0.012865 0.012723
0 0.623782 0.818965 0.012927 0.012716
0 0.750385 0.068399 0.013237 0.013120
0 0.146372 0.233334 0.013103 0.013041
0 0.328486 0.316184 0.012517 0.012495
0 0.617280 0.891975 0.012892 0.012900
0 0.420849 0.254581 0.012914 0.012915
0 0.429062 0.834103 0.012166 0.012213
0 0.018375 0.805326 0.013886 0.013683
0 0.082494 0.834741 0.012654 0.012767
0 0.944855 0.369621 0.013336 0.013476
0 0.527664 0.319966 0.013238 0.013449
0 0.763980 0.024128 0.013953 0.013887
0 0.735136 0.621182 0.014726 0.014672
0 0.171775 0.307376 0.012894 0.012891
0 0.717586 0.870065 0.012022 0.011809
0 0.533394 0.468728 0.011893 0.011775
0 0.995428 0.451245 0.009118 0.013532
0 0.992076 0.317792 0.013090 0.013065
0 0.274166 0.548189 0.013095 0.013083
0 0.007991 0.865599 0.012959 0.012818
0 0.107862 0.574161 0.011561 0.011571
0 0.470368 0.509830 0.012856 0.012897
0 0.019137 0.412155 0.013825 0.014345
0 0.009151 0.377428 0.013551 0.013351
0 0.273171 0.901130 0.013190 0.013175
0 0.140479 0.133431 0.010883 0.010715
0 0.285508 0.252043 0.012332 0.012284
0 0.918681 0.895462 0.012309 0.012329
0 0.823046 0.650321 0.014331 0.014646
0 0.515328 0.970775 0.011169 0.011132
0 0.481122 0.957510 0.012691 0.012208
0 0.412983 0.163236 0.014222 0.014194
0 0.279925 0.436618 0.011999 0.011735
0 0.779680 0.522961 0.011994 0.011863
0 0.423890 0.662684 0.012397 0.012348
0 0.843354 0.442926 0.014332 0.014642
0 0.799934 0.553826 0.012559 0.012605
0 0.815485 0.727544 0.013546 0.013749
0 0.919347 0.791736 0.014241 0.014130
0 0.489561 0.714874 0.013113 0.012911
0 0.071065 0.976626 0.011796 0.011992
0 0.583218 0.437484 0.013401 0.013654
0 0.819908 0.974073 0.011641 0.011464
0 0.822854 0.516102 0.014803 0.014715
0 0.285292 0.527324 0.012622 0.012658
0 0.471059 0.126637 0.011079 0.011030
0 0.423455 0.513936 0.012266 0.012295
0 0.492600 0.638300 0.012648 0.012708
0 0.822116 0.752079 0.013132 0.013486
0 0.829535 0.595972 0.014526 0.013965
0 0.629952 0.522102 0.014446 0.014229
0 0.846576 0.908257 0.012934 0.012986
0 0.827684 0.913343 0.010877 0.011183
0 0.834691 0.488595 0.012143 0.012195
0 0.805143 0.374327 0.014746 0.014630
0 0.149306 0.639967 0.012916 0.012923
0 0.410228 0.488326 0.011804 0.012050
0 0.958045 0.053108 0.012888 0.012493
0 0.889986 0.830895 0.011274 0.011507
0 0.389279 0.997369 0.016559 0.005259
0 0.001971 0.645862 0.003890 0.013322
0 0.141339 0.105569 0.013322 0.013144
