0 0.604595 0.625197 0.012476 0.012248
0 0.685204 0.579451 0.012435 0.012546
0 0.863590 0.507425 0.013872 0.013718
0 0.428836 0.127577 0.013219 0.012969
0 0.445041 0.537702 0.012468 0.012392
0 0.711975 0.758769 0.012326 0.012232
0 0.570357 0.378469 0.013200 0.013125
0 0.409475 0.520802 0.014153 0.013909
0 0.655462 0.862755 0.012529 0.012254
0 0.594426 0.499323 0.013010 0.013034
0 0.571287 0.316280 0.012695 0.012712
0 0.565482 0.482126 0.012359 0.012028
0 0.817963 0.788495 0.012479 0.012301
0 0.396180 0.894468 0.011849 0.011847
0 0.211916 0.066134 0.013809 0.013698
0 0.212456 0.194420 0.013213 0.013105
0 0.332322 0.518605 0.011915 0.011829
0 0.525125 0.327666 0.012257 0.012027
0 0.458111 0.959928 0.012998 0.012829
0 0.452900 0.303111 0.013623 0.013495
0 0.456725 0.137682 0.012991 0.013132
0 0.393000 0.511127 0.012557 0.012424
0 0.819720 0.617115 0.013704 0.013773
0 0.106889 0.404442 0.012105 0.012018
0 0.419582 0.706062 0.012568 0.012547
0 0.278853 0.963242 0.012467 0.012528
0 0.255187 0.220068 0.013835 0.013940
0 0.612944 0.757074 0.013181 0.013144
0 0.931666 0.279250 0.012502 0.012501
0 0.209262 0.682188 0.013033 0.012936
0 0.367677 0.304350 0.011717 0.011823
0 0.758906 0.983851 0.013202 0.013255
0 0.626830 0.412206 0.012409 0.012296
0 0.758325 0.232624 0.012952 0.013043
0 0.682301 0.500388 0.012653 0.012676
0 0.282267 0.259464 0.011962 0.012024
0 0.748801 0.618402 0.012986 0.012998
0 0.196892 0.404260 0.012996 0.012973
0 0.590776 0.708190 0.011929 0.011711
0 0.281135 0.121764 0.012345 0.012391
0 0.129827 0.146326 0.013113 0.012842
0 0.886116 0.675134 0.012364 0.012084
0 0.540522 0.973331 0.011911 0.011720
0 0.456359 0.338132 0.011862 0.011684
0 0.525191 0.349634 0.013100 0.013275
0 0.762140 0.323587 0.012846 0.012736
0 0.638863 0.608484 0.011580 0.011843
0 0.295507 0.038706 0.012536 0.012444
0 0.851207 0.190458 0.012522 0.012306
0 0.274626 0.035475 0.012078 0.011619
0 0.866279 0.368272 0.012408 0.012304
0 0.529473 0.038494 0.012606 0.012424
0 0.436297 0.090963 0.012652 0.012354
0 0.561099 0.550627 0.013265 0.013389
0 0.285928 0.808204 0.012356 0.012373
0 0.608444 0.125528 0.013408 0.013357
0 0.301483 0.228499 0.012938 0.013038
0 0.899674 0.621957 0.012963 0.012803
0 0.955731 0.628233 0.012932 0.012777
0 0.247407 0.587428 0.012921 0.012738
0 0.981403 0.364089 0.012644 0.012717
0 0.090180 0.198832 0.013003 0.012899
0 0.167881 0.429442 0.012848 0.012951
0 0.619374 0.990108 0.013189 0.012844
0 0.682835 0.765386 0.013219 0.013367
0 0.175962 0.995185 0.012036 0.009599
0 0.441579 0.058907 0.012532 0.012357
0 0.889326 0.802041 0.012628 0.012774
0 0.169605 0.271772 0.013709 0.013437
0 0.315009 0.651978 0.012029 0.012615
0 0.579622 0.945722 0.012501 0.012540
0 0.039552 0.970956 0.013172 0.013111
0 0.788973 0.660077 0.012183 0.012127
0 0.327874 0.841221 0.011136 0.011172
0 0.466301 0.787532 0.011259 0.011101
0 0.298872 0.268177 0.012019 0.011876
0 0.844754 0.888145 0.011952 0.011436
0 0.725361 0.917323 0.011493 0.011524
0 0.806529 0.036163 0.012660 0.012538
0 0.543678 0.088579 0.012549 0.012436
0 0.886106 0.717459 0.011019 0.011115
0 0.503332 0.976337 0.011130 0.011383
0 0.101588 0.682429 0.011758 0.011582
0 0.189145 0.140122 0.012803 0.012704
0 0.369461 0.805798 0.010921 0.010818
0 0.221707 0.470347 0.012105 0.012046
0 0.522134 0.544585 0.013195 0.013319
0 0.195772 0.323227 0.012616 0.012714
0 0.244528 0.005880 0.012665 0.011752
0 0.942603 0.236859 0.011849 0.011459
0 0.109231 0.981450 0.013560 0.013631
0 0.058070 0.670267 0.011636 0.011313
0 0.735669 0.914612 0.012892 0.012899
0 0.660800 0.144320 0.012785 0.012630
0 0.789054 0.005551 0.012505 0.011103
0 0.495811 0.543690 0.014781 0.014824
0 0.023904 0.693888 0.011094 0.010832
0 0.185515 0.891929 0.012630 0.012685
0 0.069728 0.818361 0.011791 0.011586
0 0.908361 0.972331 0.011889 0.012006
0 0.604615 0.142336 0.012381 0.012614
0 0.532040 0.630350 0.023509 0.023245
0 0.934959 0.384419 0.012414 0.011912
0 0.823452 0.185133 0.012457 0.012154
0 0.730354 0.915562 0.013301 0.012540
0 0.743564 0.600649 0.011351 0.011442
0 0.226634 0.650392 0.011765 0.011608
0 0.500744 0.934018 0.009940 0.010008
0 0.687804 0.087986 0.011847 0.011119
0 0.849715 0.710917 0.023384 0.023830
0 0.585705 0.065084 0.012487 0.012459
0 0.390592 0.659734 0.007913 0.007920
0 0.070112 0.001717 0.012621 0.003435
0 0.688485 0.105416 0.012698 0.012654
0 0.686426 0.087104 0.010940 0.011080
0 0.151394 0.344026 0.012069 0.012995
0 0.162453 0.343838 0.012909 0.013026
0 0.935880 0.386218 0.012355 0.012222
