0 0.016433 0.184851 0.012124 0.012104
0 0.039885 0.320013 0.013049 0.012850
0 0.657891 0.497259 0.012871 0.012812
0 0.105387 0.659108 0.012917 0.012872
0 0.860928 0.633860 0.013470 0.013439
0 0.969659 0.077167 0.012389 0.012160
0 0.769942 0.493853 0.012878 0.013000
0 0.114464 0.350461 0.013403 0.013441
0 0.093507 0.582989 0.012641 0.012697
0 0.077129 0.128524 0.012273 0.012065
0 0.060731 0.087759 0.012713 0.012780
0 0.121687 0.717665 0.012882 0.012674
0 0.075673 0.831451 0.012964 0.013060
0 0.955784 0.509889 0.015599 0.015189
0 0.778245 0.043302 0.013960 0.013716
0 0.709822 0.670044 0.012055 0.011688
0 0.882565 0.442399 0.011942 0.011894
0 0.475841 0.074335 0.012863 0.013067
0 0.755722 0.643316 0.012717 0.012784
0 0.712241 0.322435 0.011701 0.011818
0 0.054034 0.406538 0.013733 0.013597
0 0.666308 0.434302 0.012950 0.012906
0 0.332426 0.947893 0.011333 0.011182
0 0.626078 0.649396 0.013285 0.013339
0 0.080536 0.951577 0.014168 0.014198
0 0.278829 0.436629 0.011917 0.011788
0 0.261282 0.537619 0.013260 0.013365
0 0.146324 0.527584 0.013095 0.013090
0 0.177896 0.085907 0.013195 0.013191
0 0.824128 0.450668 0.012393 0.012478
0 0.748363 0.072249 0.012689 0.012521
0 0.896692 0.456041 0.011720 0.011627
0 0.050495 0.846260 0.013211 0.013110
0 0.326722 0.319176 0.012442 0.012561
0 0.787364 0.349199 0.011886 0.011818
0 0.453630 0.033986 0.012786 0.012784
0 0.294838 0.241403 0.013548 0.013339
0 0.176180 0.187560 0.012327 0.012422
0 0.764223 0.028921 0.013385 0.013458
0 0.553154 0.207724 0.012335 0.012410
0 0.780230 0.522601 0.012156 0.012254
0 0.235066 0.707670 0.012419 0.012584
0 0.461820 0.293124 0.012869 0.012553
0 0.695145 0.742046 0.012335 0.012296
0 0.231319 0.873030 0.013016 0.012805
0 0.005742 0.631758 0.011421 0.012479
0 0.137152 0.705180 0.013769 0.013848
0 0.174542 0.786165 0.012428 0.012604
0 0.263915 0.732873 0.013130 0.013277
0 0.305834 0.858939 0.012594 0.012598
0 0.584714 0.079124 0.012616 0.012617
0 0.933890 0.384351 0.013402 0.013350
0 0.018054 0.793279 0.013510 0.013353
0 0.204215 0.333326 0.013268 0.013321
0 0.364185 0.444704 0.012857 0.012964
0 0.822824 0.518043 0.015095 0.014863
0 0.994909 0.456448 0.010182 0.013516
0 0.127646 0.123558 0.013713 0.013806
0 0.573696 0.580851 0.013050 0.012455
0 0.167290 0.550567 0.012302 0.012504
0 0.580537 0.028870 0.013364 0.013259
0 0.611628 0.473730 0.012200 0.011929
0 0.562559 0.593436 0.013400 0.013428
0 0.710811 0.474967 0.014000 0.013999
0 0.551655 0.334084 0.011240 0.011239
0 0.222998 0.918621 0.014194 0.014250
0 0.734708 0.621229 0.013909 0.013947
0 0.271965 0.711292 0.013391 0.013301
0 0.531324 0.327904 0.013067 0.012978
0 0.464466 0.964352 0.011234 0.011137
0 0.599749 0.084131 0.011904 0.011751
0 0.391704 0.993521 0.012671 0.012508
0 0.749879 0.323590 0.012361 0.012498
0 0.531439 0.476688 0.011046 0.011094
0 0.011798 0.535130 0.011075 0.011248
0 0.995520 0.058778 0.008960 0.014550
0 0.687960 0.523751 0.012827 0.012901
0 0.561590 0.714088 0.013294 0.013510
0 0.619185 0.856395 0.012228 0.012003
0 0.492893 0.622426 0.012158 0.012119
0 0.813731 0.652672 0.013351 0.013669
0 0.687325 0.295064 0.011562 0.011821
0 0.838250 0.493480 0.011546 0.012096
0 0.824518 0.598112 0.014061 0.013958
0 0.909750 0.717854 0.013614 0.013743
0 0.433727 0.550298 0.011648 0.011719
0 0.468102 0.516384 0.012635 0.012444
0 0.195696 0.186706 0.013809 0.013870
0 0.422344 0.202748 0.013828 0.013629
0 0.814311 0.977806 0.011007 0.010635
0 0.544215 0.865317 0.012746 0.012617
0 0.870196 0.531405 0.014878 0.015069
0 0.842303 0.293165 0.014927 0.015125
0 0.799362 0.554465 0.012190 0.012286
0 0.714869 0.383678 0.013178 0.013084
0 0.492820 0.875490 0.013274 0.013362
0 0.905026 0.824884 0.012660 0.012690
0 0.820623 0.916749 0.012461 0.012550
0 0.720550 0.849972 0.011557 0.011584
0 0.413717 0.290560 0.013135 0.013260
0 0.814351 0.626941 0.012575 0.012830
0 0.787890 0.731233 0.013485 0.013163
