0 0.857303 0.372299 0.012282 0.012271
0 0.133440 0.230403 0.012905 0.012750
0 0.143790 0.764525 0.012631 0.012574
0 0.654627 0.497537 0.013175 0.013136
0 0.283491 0.671297 0.013317 0.013051
0 0.307168 0.317018 0.012812 0.012657
0 0.942781 0.384705 0.014328 0.013983
0 0.579261 0.516571 0.013591 0.013350
0 0.104297 0.095947 0.012126 0.012075
0 0.060031 0.661243 0.012382 0.012298
0 0.154490 0.552519 0.012594 0.012755
0 0.168278 0.050614 0.012669 0.012740
0 0.720240 0.308754 0.012509 0.012343
0 0.097005 0.548846 0.012046 0.011777
0 0.154542 0.293258 0.012501 0.012461
0 0.811747 0.454570 0.013027 0.012991
0 0.278741 0.436632 0.012066 0.011905
0 0.012794 0.176571 0.011783 0.011513
0 0.165523 0.811469 0.011977 0.012373
0 0.177605 0.452779 0.014801 0.014582
0 0.104813 0.432614 0.011481 0.011721
0 0.868107 0.627708 0.013429 0.013370
0 0.956159 0.509068 0.015240 0.014886
0 0.495921 0.213602 0.013927 0.013894
0 0.165400 0.204261 0.012113 0.012233
0 0.734999 0.622061 0.014625 0.014594
0 0.639473 0.596878 0.013037 0.012992
0 0.321194 0.199580 0.012925 0.012866
0 0.575737 0.030150 0.012875 0.012746
0 0.548583 0.094624 0.011981 0.012253
0 0.175495 0.127742 0.013653 0.013516
0 0.530197 0.092962 0.012663 0.012323
0 0.292878 0.829413 0.012782 0.012673
0 0.745628 0.386724 0.012430 0.012527
0 0.671133 0.420430 0.012041 0.012271
0 0.741685 0.264872 0.011156 0.010937
0 0.175474 0.355592 0.012745 0.012867
0 0.823448 0.650665 0.013517 0.013794
0 0.786825 0.026503 0.011659 0.011473
0 0.786150 0.342886 0.012155 0.012209
0 0.075649 0.847438 0.012693 0.012770
0 0.291564 0.546393 0.012439 0.012434
0 0.112503 0.894280 0.012592 0.012437
0 0.559685 0.404004 0.012129 0.012265
0 0.181708 0.737113 0.014102 0.014621
0 0.600589 0.512936 0.010889 0.010784
0 0.080749 0.697203 0.013746 0.013395
0 0.627514 0.792054 0.012081 0.012113
0 0.892248 0.537738 0.012192 0.012174
0 0.918595 0.357592 0.014245 0.014324
0 0.006259 0.415544 0.012227 0.013090
0 0.660924 0.573564 0.012842 0.012865
0 0.821589 0.515756 0.014644 0.014375
0 0.196579 0.214060 0.013534 0.014088
0 0.147838 0.483332 0.012698 0.012550
0 0.663800 0.251237 0.011897 0.012141
0 0.899637 0.523224 0.012458 0.012282
0 0.801101 0.922626 0.011269 0.011222
0 0.773360 0.003976 0.011596 0.007953
0 0.621106 0.922890 0.012640 0.012619
0 0.558422 0.219033 0.013478 0.013466
0 0.721985 0.093748 0.012041 0.012026
0 0.777543 0.522851 0.011572 0.011501
0 0.141029 0.380788 0.013278 0.013336
0 0.602352 0.679291 0.013112 0.012985
0 0.657839 0.553886 0.014456 0.014150
0 0.445837 0.219776 0.013476 0.013500
0 0.121929 0.763575 0.012450 0.012188
0 0.824473 0.974584 0.011446 0.011179
0 0.722656 0.264146 0.009665 0.009496
0 0.003254 0.648292 0.006504 0.010842
0 0.829618 0.596108 0.013715 0.013214
0 0.043756 0.021508 0.012961 0.012678
0 0.492436 0.009971 0.011914 0.011858
0 0.198801 0.138684 0.011666 0.011016
0 0.809427 0.734809 0.011312 0.011256
0 0.576458 0.432396 0.013290 0.013322
0 0.747581 0.284345 0.012369 0.012358
0 0.459760 0.454878 0.012299 0.012535
0 0.072202 0.975251 0.011693 0.011749
0 0.482110 0.912238 0.011991 0.011647
0 0.728756 0.878458 0.011383 0.011522
0 0.823528 0.516853 0.014707 0.014625
0 0.523188 0.593043 0.011887 0.012231
0 0.507998 0.539587 0.012472 0.012638
0 0.973047 0.953661 0.012157 0.012032
0 0.489697 0.620131 0.011339 0.011286
0 0.719857 0.370563 0.012890 0.013118
0 0.899309 0.810362 0.013146 0.012860
0 0.339693 0.656396 0.011179 0.011356
0 0.776384 0.674796 0.011515 0.011895
0 0.998298 0.217596 0.003310 0.014960
0 0.441029 0.696512 0.012309 0.012607
0 0.951058 0.097195 0.012709 0.012316
