0 0.152791 0.598594 0.012517 0.012594
0 0.748562 0.616866 0.013345 0.013333
0 0.376861 0.386201 0.012841 0.012762
0 0.529007 0.278571 0.011685 0.011545
0 0.319887 0.167914 0.012982 0.013037
0 0.665361 0.028468 0.013748 0.013710
0 0.461863 0.078112 0.013277 0.012903
0 0.524518 0.346860 0.013106 0.012744
0 0.717493 0.430600 0.010507 0.010429
0 0.428809 0.429816 0.012205 0.012115
0 0.137541 0.706683 0.012860 0.012874
0 0.718073 0.082597 0.011707 0.011821
0 0.648673 0.353867 0.012496 0.012348
0 0.164361 0.059777 0.012485 0.012355
0 0.302878 0.426347 0.010629 0.010436
0 0.140007 0.299706 0.012438 0.012546
0 0.107631 0.681507 0.012286 0.012484
0 0.251185 0.404738 0.010404 0.010349
0 0.402962 0.419592 0.012459 0.012424
0 0.460055 0.162985 0.011849 0.011665
0 0.191251 0.789937 0.011778 0.011588
0 0.642056 0.241621 0.011953 0.011983
0 0.432470 0.161201 0.013138 0.013141
0 0.792900 0.913030 0.011110 0.010971
0 0.214203 0.623780 0.012760 0.012862
0 0.215414 0.394091 0.013292 0.013239
0 0.034811 0.644643 0.011807 0.011637
0 0.661847 0.868354 0.012252 0.012099
0 0.613848 0.474578 0.011191 0.011190
0 0.543211 0.971806 0.014233 0.013936
0 0.117547 0.527432 0.011719 0.011525
0 0.337575 0.063164 0.012294 0.012293
0 0.477657 0.291217 0.012813 0.012475
0 0.455036 0.512897 0.012905 0.012988
0 0.226390 0.360551 0.013179 0.013169
0 0.508468 0.426914 0.011976 0.012120
0 0.579551 0.901229 0.012546 0.012662
0 0.170366 0.975014 0.013197 0.013141
0 0.186864 0.890059 0.012832 0.012869
0 0.455782 0.958251 0.012470 0.012448
0 0.694934 0.964376 0.011856 0.011805
0 0.835521 0.513063 0.011732 0.011839
0 0.225662 0.649966 0.012694 0.012461
0 0.070207 0.665677 0.013968 0.013490
0 0.141648 0.259343 0.011117 0.010886
0 0.706968 0.241576 0.011999 0.012241
0 0.344375 0.296219 0.022759 0.022786
0 0.481491 0.191711 0.011532 0.011448
0 0.259954 0.336407 0.011190 0.011234
0 0.330960 0.517562 0.011654 0.011560
0 0.343183 0.845033 0.011896 0.011666
0 0.803544 0.632852 0.011655 0.011819
0 0.109577 0.980191 0.013555 0.013727
0 0.347563 0.622510 0.012361 0.012485
0 0.963099 0.387589 0.010072 0.009965
0 0.824127 0.024228 0.013031 0.012947
0 0.831562 0.779967 0.012360 0.012304
0 0.734770 0.883156 0.011550 0.011283
0 0.006014 0.635075 0.011981 0.013270
0 0.424118 0.821913 0.012107 0.011944
0 0.698493 0.274721 0.012087 0.012004
0 0.813921 0.114549 0.011091 0.010966
0 0.633810 0.089181 0.017487 0.017617
0 0.568105 0.267722 0.010649 0.010704
0 0.668167 0.119632 0.010704 0.010833
0 0.913198 0.288608 0.010844 0.010369
0 0.113715 0.560838 0.011909 0.011443
0 0.720907 0.824282 0.011321 0.010799
0 0.449803 0.211374 0.015524 0.015378
0 0.090607 0.833291 0.010698 0.010482
0 0.385520 0.739548 0.013135 0.013045
0 0.733151 0.853794 0.011058 0.011131
0 0.745976 0.969851 0.011333 0.011274
0 0.037808 0.510629 0.011279 0.011252
0 0.943373 0.241883 0.011072 0.011304
0 0.116375 0.409813 0.011767 0.011693
0 0.546437 0.662945 0.010854 0.010731
0 0.961194 0.075871 0.010967 0.011059
0 0.822659 0.912577 0.011705 0.011549
0 0.739491 0.821353 0.013015 0.013053
0 0.845333 0.232971 0.010469 0.010504
0 0.237121 0.624903 0.013597 0.013533
0 0.848254 0.717888 0.021523 0.021606
0 0.207795 0.448168 0.017028 0.017166
0 0.319625 0.424947 0.009942 0.010207
0 0.046164 0.523998 0.011617 0.011448
0 0.702324 0.821443 0.018454 0.017765
0 0.530594 0.637636 0.022678 0.023080
0 0.789766 0.426629 0.010890 0.010637
0 0.219686 0.467785 0.012508 0.012528
0 0.720995 0.916204 0.010177 0.010143
0 0.562825 0.294593 0.011436 0.011521
0 0.670049 0.189505 0.015225 0.015066
0 0.045193 0.404563 0.011540 0.011420
0 0.561697 0.296030 0.011228 0.011390
0 0.044641 0.406696 0.011412 0.010521
