0 0.955162 0.651080 0.013995 0.013982
0 0.480761 0.632514 0.013938 0.014011
0 0.279932 0.433041 0.014632 0.014461
0 0.426974 0.762898 0.014358 0.014215
0 0.196643 0.480796 0.013600 0.013709
0 0.212756 0.816354 0.013864 0.013756
0 0.129215 0.852907 0.013921 0.014127
0 0.739978 0.863314 0.014109 0.014318
0 0.634588 0.520090 0.014145 0.014199
0 0.439622 0.436040 0.014742 0.014967
0 0.188700 0.374294 0.013867 0.014053
0 0.558798 0.550093 0.013738 0.013992
0 0.686942 0.869070 0.014696 0.014695
0 0.662626 0.551841 0.013657 0.013590
0 0.017497 0.229634 0.014258 0.014064
0 0.118737 0.206327 0.015364 0.015326
0 0.231957 0.322048 0.014607 0.014622
0 0.031734 0.302988 0.013901 0.013900
0 0.202595 0.753713 0.014111 0.013908
0 0.063304 0.412155 0.014976 0.014758
0 0.277140 0.814736 0.013912 0.013822
0 0.048214 0.761971 0.014141 0.014121
0 0.818511 0.508556 0.015057 0.014968
0 0.487027 0.794598 0.019152 0.019253
0 0.449250 0.712774 0.014163 0.014426
0 0.792114 0.158197 0.013775 0.013809
0 0.456151 0.401102 0.014580 0.014617
0 0.205845 0.446999 0.015284 0.015145
0 0.622709 0.220260 0.013368 0.013136
0 0.281298 0.205271 0.015166 0.015214
0 0.301850 0.098834 0.013964 0.014097
0 0.759453 0.669683 0.014111 0.013956
0 0.094450 0.600283 0.014214 0.014132
0 0.449598 0.898194 0.015685 0.015618
0 0.206291 0.620590 0.016407 0.016552
0 0.611340 0.599718 0.015394 0.015438
0 0.744164 0.389909 0.013717 0.013585
0 0.479839 0.252745 0.013592 0.013556
0 0.300403 0.915709 0.014661 0.014488
0 0.166312 0.141875 0.014156 0.014096
0 0.313108 0.183132 0.014737 0.014886
0 0.966028 0.876024 0.014720 0.014659
0 0.337821 0.699143 0.014412 0.014353
0 0.065163 0.582337 0.015135 0.014829
0 0.153288 0.103576 0.014635 0.014756
0 0.838412 0.322012 0.013857 0.013698
0 0.893395 0.684859 0.014077 0.013938
0 0.390114 0.170540 0.013948 0.013895
0 0.554166 0.679320 0.015709 0.015658
0 0.397272 0.126910 0.014371 0.014206
0 0.807320 0.297477 0.014023 0.014043
0 0.334926 0.425763 0.014182 0.014054
0 0.539967 0.237412 0.014716 0.014641
0 0.314445 0.974744 0.014831 0.014787
0 0.759333 0.544001 0.014010 0.013846
0 0.758658 0.034484 0.014013 0.013629
0 0.013756 0.837741 0.013807 0.013978
0 0.737827 0.617326 0.014644 0.014911
0 0.244947 0.636169 0.013991 0.014221
0 0.356488 0.610142 0.014089 0.014246
0 0.250922 0.498499 0.014276 0.014283
0 0.033927 0.437381 0.014441 0.014377
0 0.935333 0.924226 0.014939 0.014841
0 0.220914 0.257947 0.014509 0.014816
0 0.791957 0.705942 0.013909 0.013980
0 0.622325 0.951947 0.014758 0.014697
0 0.019910 0.102110 0.015671 0.015761
0 0.253530 0.424940 0.014816 0.014600
0 0.315396 0.373541 0.017337 0.017265
0 0.695528 0.057187 0.014442 0.014567
0 0.750124 0.284800 0.013849 0.013969
0 0.945552 0.938140 0.014424 0.014227
0 0.026784 0.031669 0.014454 0.014181
0 0.864733 0.152737 0.013555 0.013478
0 0.351055 0.776486 0.013591 0.013606
0 0.038754 0.089156 0.014524 0.014374
0 0.650081 0.146775 0.013872 0.013978
0 0.877385 0.316654 0.014782 0.014756
0 0.839295 0.012703 0.014677 0.014409
0 0.407054 0.332556 0.013985 0.014085
0 0.317297 0.772166 0.013752 0.013648
0 0.571605 0.492530 0.013934 0.014163
0 0.450264 0.008184 0.014214 0.014676
0 0.826781 0.363376 0.014865 0.015147
0 0.382450 0.943674 0.014716 0.014570
0 0.904598 0.984236 0.016269 0.016428
0 0.922208 0.696098 0.014419 0.014490
0 0.587109 0.246158 0.013998 0.013900
0 0.527929 0.934982 0.015402 0.015247
0 0.668769 0.247877 0.013842 0.014196
0 0.742016 0.186683 0.014216 0.013855
0 0.635744 0.595176 0.013156 0.013125
0 0.891688 0.271447 0.015024 0.015254
0 0.515704 0.138102 0.014417 0.013973
0 0.554286 0.413014 0.014427 0.014307
0 0.317031 0.802688 0.015098 0.015197
0 0.536543 0.398398 0.014522 0.014565
0 0.743438 0.070440 0.013947 0.013703
0 0.779292 0.453825 0.014038 0.014066
0 0.775315 0.091940 0.013524 0.013646
0 0.463822 0.697918 0.014704 0.014662
0 0.994313 0.115503 0.011375 0.015225
0 0.705532 0.235149 0.013553 0.013332
0 0.405551 0.014643 0.013933 0.014459
0 0.729713 0.116348 0.013812 0.014089
0 0.120858 0.908430 0.014017 0.013897
0 0.987346 0.506382 0.016368 0.016173
0 0.928895 0.661659 0.017702 0.017756
0 0.738695 0.208892 0.014848 0.014874
0 0.091339 0.908900 0.013964 0.013896
0 0.095068 0.150309 0.015081 0.015092
0 0.837709 0.577641 0.015851 0.015990
0 0.847857 0.720106 0.022390 0.022246
0 0.759734 0.496330 0.012530 0.012573
0 0.921311 0.145423 0.020100 0.019697
0 0.825890 0.928130 0.015296 0.015234
0 0.004454 0.152834 0.008907 0.015125
0 0.873267 0.396446 0.013847 0.013962
0 0.805677 0.997591 0.013584 0.004794
0 0.401610 0.246893 0.014458 0.014477
0 0.784841 0.919253 0.015445 0.015881
0 0.640387 0.110417 0.014256 0.014049
0 0.860994 0.622029 0.014233 0.014415
0 0.989182 0.407047 0.016644 0.016411
0 0.622237 0.647125 0.014773 0.014673
0 0.793220 0.557852 0.015505 0.015091
0 0.342626 0.301616 0.021969 0.021701
0 0.634034 0.256148 0.016973 0.016846
0 0.511344 0.271999 0.013887 0.013664
0 0.635767 0.087401 0.019378 0.019041
0 0.673860 0.279560 0.013566 0.013771
0 0.685907 0.543437 0.014044 0.014100
0 0.011439 0.913380 0.013052 0.012806
0 0.384750 0.270146 0.015002 0.015500
0 0.580101 0.359438 0.013519 0.013407
0 0.378490 0.229818 0.018566 0.018304
0 0.001973 0.089356 0.003898 0.014889
0 0.901233 0.595987 0.014908 0.014646
0 0.669414 0.191006 0.018021 0.018045
0 0.711822 0.993032 0.015210 0.013712
0 0.788263 0.860444 0.014618 0.014242
0 0.166848 0.648999 0.016784 0.016068
0 0.511195 0.472863 0.018594 0.018473
0 0.003485 0.940430 0.006748 0.015317
0 0.748034 0.704937 0.017520 0.017465
0 0.805888 0.861210 0.015768 0.015506
0 0.434267 0.303337 0.014773 0.014528
0 0.225812 0.539444 0.014768 0.014607
0 0.700688 0.822978 0.021219 0.020798
0 0.170347 0.649471 0.017739 0.016201
0 0.092554 0.097769 0.016647 0.016010
