0 0.757092 0.069009 0.013259 0.013376
0 0.193935 0.143857 0.013120 0.013063
0 0.386923 0.341428 0.014999 0.014834
0 0.496153 0.826627 0.013353 0.013181
0 0.814292 0.599547 0.013427 0.013522
0 0.542504 0.054452 0.011771 0.011693
0 0.524637 0.347695 0.013710 0.013572
0 0.045095 0.371988 0.013199 0.012940
0 0.144513 0.302392 0.011810 0.011714
0 0.749470 0.617420 0.013357 0.013459
0 0.772894 0.226514 0.012703 0.012399
0 0.909124 0.039146 0.013313 0.013190
0 0.832265 0.907127 0.013478 0.013570
0 0.404631 0.229971 0.013248 0.013135
0 0.335373 0.579041 0.012384 0.012318
0 0.714251 0.944254 0.013451 0.013399
0 0.746881 0.160011 0.012407 0.012331
0 0.530482 0.907338 0.013087 0.012943
0 0.153701 0.898812 0.014093 0.014023
0 0.308477 0.645929 0.012466 0.012340
0 0.208007 0.492585 0.013146 0.012863
0 0.957315 0.943554 0.012054 0.011782
0 0.023349 0.148307 0.012025 0.012831
0 0.928921 0.085134 0.013886 0.013765
0 0.428085 0.039279 0.013379 0.013321
0 0.161160 0.258360 0.011722 0.011685
0 0.568917 0.076854 0.013297 0.013414
0 0.467411 0.714417 0.011537 0.011239
0 0.631837 0.555590 0.013375 0.013433
0 0.560124 0.137034 0.012229 0.012106
0 0.025017 0.347760 0.013441 0.013219
0 0.905830 0.448744 0.012940 0.012871
0 0.385691 0.488160 0.013061 0.013002
0 0.344133 0.480554 0.012071 0.011978
0 0.417091 0.620346 0.013462 0.013379
0 0.426102 0.073105 0.013878 0.013935
0 0.545154 0.973265 0.014124 0.013860
0 0.460744 0.959563 0.012964 0.012828
0 0.519985 0.234726 0.011599 0.011419
0 0.571645 0.217939 0.013392 0.013430
0 0.420132 0.878876 0.013015 0.012910
0 0.208639 0.369691 0.012988 0.012917
0 0.931394 0.396809 0.010136 0.010310
0 0.239374 0.207518 0.014150 0.014024
0 0.664691 0.963768 0.011778 0.011509
0 0.654318 0.159924 0.012850 0.012797
0 0.682101 0.490349 0.012889 0.013124
0 0.442278 0.210002 0.014315 0.014477
0 0.395061 0.670637 0.012418 0.012348
0 0.331447 0.518105 0.011748 0.011800
0 0.290664 0.013994 0.012669 0.012559
0 0.652169 0.337846 0.013371 0.013430
0 0.707547 0.315136 0.012464 0.012443
0 0.062856 0.905268 0.013447 0.013128
0 0.978063 0.266320 0.011318 0.011545
0 0.416615 0.770047 0.013322 0.013113
0 0.477502 0.024889 0.014638 0.014346
0 0.560965 0.729579 0.013685 0.013549
0 0.297839 0.884765 0.012731 0.012578
0 0.704996 0.126443 0.012258 0.012437
0 0.520830 0.558171 0.011771 0.011746
0 0.185957 0.890030 0.013281 0.013265
0 0.870406 0.475522 0.010305 0.010185
0 0.849281 0.272692 0.010190 0.010117
0 0.501654 0.272565 0.013341 0.013294
0 0.596111 0.474949 0.012472 0.012035
0 0.113120 0.603967 0.014241 0.013974
0 0.131793 0.667602 0.013012 0.012925
0 0.597077 0.438341 0.013346 0.013517
0 0.087121 0.806033 0.013007 0.012959
0 0.870812 0.382476 0.011088 0.010856
0 0.866563 0.332456 0.011883 0.011555
0 0.833412 0.829494 0.012085 0.012084
0 0.529496 0.724261 0.009909 0.009697
0 0.060510 0.068570 0.011494 0.011771
0 0.421730 0.556124 0.014475 0.014403
0 0.113738 0.968462 0.012133 0.011863
0 0.649331 0.003162 0.011202 0.006324
0 0.039023 0.042214 0.012676 0.012703
0 0.110220 0.980464 0.013379 0.013341
0 0.987527 0.455407 0.013470 0.013531
0 0.226982 0.649251 0.012654 0.012167
0 0.061251 0.520845 0.011609 0.011494
0 0.132155 0.733503 0.012960 0.012711
0 0.085220 0.660876 0.012570 0.012464
0 0.919232 0.773272 0.012466 0.012200
0 0.371686 0.808439 0.011286 0.011220
0 0.212761 0.567904 0.011676 0.011857
0 0.011921 0.073217 0.012576 0.012810
0 0.368079 0.544433 0.011240 0.011322
0 0.787438 0.005219 0.012718 0.010280
0 0.603402 0.270257 0.012306 0.012101
0 0.661964 0.040161 0.012313 0.012147
0 0.495934 0.544879 0.013647 0.013767
0 0.479936 0.407246 0.012352 0.012315
0 0.613439 0.092863 0.011603 0.011267
0 0.996734 0.312288 0.006487 0.010309
0 0.815714 0.045379 0.013498 0.013518
0 0.004164 0.422402 0.008317 0.010438
0 0.317989 0.844390 0.012441 0.012349
0 0.466763 0.406711 0.010771 0.011074
0 0.077370 0.625446 0.011031 0.011005
0 0.090240 0.366911 0.010577 0.010418
0 0.232389 0.590345 0.011714 0.011987
0 0.811719 0.056673 0.011609 0.011229
0 0.231402 0.589087 0.011399 0.011230
0 0.398313 0.569547 0.011183 0.010483
0 0.627108 0.087901 0.016900 0.016832
