0 0.656778 0.809348 0.011198 0.011164
0 0.298702 0.319351 0.013413 0.013231
0 0.141958 0.271793 0.012718 0.012633
0 0.587158 0.371613 0.013379 0.013411
0 0.667909 0.929902 0.012963 0.012991
0 0.256839 0.422015 0.012468 0.012418
0 0.185188 0.363197 0.012792 0.012774
0 0.811393 0.323116 0.013142 0.013173
0 0.973069 0.442700 0.013062 0.012727
0 0.938001 0.699501 0.013316 0.013300
0 0.476869 0.765753 0.012185 0.011960
0 0.760241 0.536662 0.014044 0.014122
0 0.029221 0.773135 0.014439 0.014265
0 0.475711 0.235907 0.012446 0.012299
0 0.851461 0.658023 0.012950 0.012861
0 0.379967 0.145555 0.013489 0.013361
0 0.755026 0.516729 0.014021 0.014020
0 0.390764 0.494240 0.012256 0.012174
0 0.168165 0.704358 0.012824 0.012935
0 0.473563 0.365721 0.011884 0.011995
0 0.782256 0.082387 0.012348 0.012230
0 0.608510 0.171353 0.013354 0.013098
0 0.154650 0.473144 0.012435 0.012428
0 0.613326 0.450933 0.013976 0.014113
0 0.488287 0.794317 0.013426 0.013611
0 0.117308 0.282092 0.013124 0.013378
0 0.868054 0.914029 0.013444 0.013329
0 0.371124 0.089958 0.013333 0.012902
0 0.622601 0.717897 0.012621 0.012608
0 0.721947 0.711056 0.011871 0.011718
0 0.805989 0.403028 0.012507 0.012535
0 0.284728 0.194164 0.013366 0.013519
0 0.804217 0.917299 0.012667 0.012523
0 0.841180 0.027643 0.011263 0.011208
0 0.973353 0.039317 0.013303 0.013209
0 0.236775 0.171993 0.012828 0.012842
0 0.919572 0.569655 0.014008 0.014066
0 0.459105 0.841186 0.011961 0.011826
0 0.576524 0.722445 0.012901 0.012819
0 0.896569 0.244873 0.013884 0.013718
0 0.089581 0.897899 0.011734 0.011784
0 0.440572 0.486426 0.012502 0.012633
0 0.738729 0.054043 0.012186 0.011939
0 0.649998 0.905877 0.013505 0.013371
0 0.821011 0.649955 0.012563 0.012516
0 0.777444 0.430306 0.014565 0.014523
0 0.942719 0.565618 0.013385 0.013305
0 0.539661 0.379907 0.013787 0.013651
0 0.476626 0.706264 0.012362 0.012156
0 0.329865 0.199437 0.012535 0.012475
0 0.174379 0.856458 0.013126 0.013224
0 0.353090 0.046473 0.014200 0.014081
0 0.605423 0.275531 0.010504 0.010153
0 0.230510 0.755552 0.012814 0.012849
0 0.091932 0.406422 0.012605 0.012523
0 0.117214 0.518089 0.012920 0.012916
0 0.583420 0.201911 0.012296 0.012267
0 0.503044 0.579068 0.012599 0.012853
0 0.985424 0.623692 0.013273 0.013092
0 0.837513 0.381120 0.013803 0.014120
0 0.120405 0.931878 0.012188 0.012138
0 0.113358 0.215557 0.013157 0.013074
0 0.043258 0.376669 0.013456 0.013438
0 0.213390 0.073054 0.012607 0.012670
0 0.671060 0.286047 0.012910 0.012858
0 0.279880 0.572918 0.012578 0.012413
0 0.290009 0.687085 0.013738 0.013672
0 0.439439 0.616862 0.015080 0.015171
0 0.908974 0.519232 0.013521 0.013428
0 0.050531 0.770997 0.013072 0.013102
0 0.314119 0.613011 0.014408 0.014191
0 0.389948 0.954751 0.014381 0.014179
0 0.398759 0.899387 0.012967 0.012935
0 0.044280 0.219531 0.014039 0.013942
0 0.954416 0.021537 0.013413 0.013079
0 0.610011 0.329701 0.017189 0.017062
0 0.703957 0.087560 0.014655 0.014501
0 0.521570 0.123068 0.013159 0.013099
0 0.870204 0.398266 0.014035 0.013926
0 0.889308 0.415175 0.013531 0.013308
0 0.609649 0.618048 0.013485 0.013344
0 0.176804 0.034248 0.012493 0.012828
0 0.472505 0.502267 0.011490 0.011477
0 0.397175 0.646429 0.013696 0.013480
0 0.275256 0.839892 0.014197 0.014309
0 0.507956 0.653882 0.012940 0.012784
0 0.335633 0.519904 0.014954 0.014948
0 0.726335 0.851518 0.011686 0.011424
0 0.591614 0.465533 0.014924 0.014532
0 0.820806 0.014361 0.012409 0.012537
0 0.573874 0.877386 0.012465 0.012600
0 0.188891 0.668994 0.012289 0.012271
0 0.022925 0.564760 0.014078 0.014230
0 0.761790 0.479341 0.013383 0.013414
0 0.189344 0.604672 0.012756 0.012825
0 0.975343 0.271412 0.012889 0.013026
0 0.880883 0.331323 0.012013 0.011884
0 0.209174 0.727130 0.013287 0.013007
0 0.822329 0.531785 0.013127 0.012960
0 0.249292 0.386452 0.012773 0.012157
0 0.540674 0.306737 0.014234 0.014003
0 0.702905 0.275058 0.013147 0.012954
0 0.225476 0.355982 0.011597 0.011366
0 0.664049 0.216812 0.011521 0.011490
0 0.153304 0.730164 0.013686 0.013568
0 0.227103 0.893618 0.011084 0.011079
0 0.114877 0.588993 0.014525 0.014117
0 0.404088 0.313757 0.012526 0.012392
0 0.591179 0.745929 0.011815 0.011836
0 0.992802 0.528974 0.013809 0.014183
0 0.317567 0.554419 0.012870 0.012828
0 0.388175 0.711810 0.013783 0.013674
0 0.120205 0.416251 0.011019 0.010981
0 0.913884 0.146970 0.012366 0.012010
0 0.874334 0.699700 0.012490 0.012252
0 0.192606 0.442744 0.013473 0.013391
0 0.331356 0.748055 0.014049 0.014228
0 0.079720 0.273648 0.014356 0.013985
0 0.107876 0.727789 0.012990 0.012900
0 0.764984 0.350540 0.012391 0.012620
0 0.348575 0.791690 0.012856 0.012764
0 0.485872 0.721851 0.013058 0.013177
0 0.266446 0.259216 0.012902 0.012863
0 0.523728 0.751235 0.014119 0.014341
0 0.241031 0.983431 0.011168 0.011137
0 0.136925 0.028270 0.014262 0.014125
0 0.378912 0.022256 0.014668 0.014828
0 0.561559 0.948899 0.012195 0.012243
0 0.850631 0.709524 0.020961 0.020265
0 0.607661 0.022431 0.013888 0.014267
0 0.566005 0.473284 0.014800 0.014667
0 0.274781 0.278587 0.011754 0.011739
0 0.817781 0.114346 0.011406 0.011665
0 0.420376 0.720191 0.011476 0.011668
0 0.716946 0.646556 0.013252 0.013139
0 0.963090 0.175970 0.011124 0.011042
0 0.427078 0.995858 0.011980 0.008284
0 0.366222 0.438847 0.011359 0.011446
0 0.658471 0.343363 0.013838 0.013469
0 0.461378 0.054731 0.015314 0.015561
0 0.204397 0.896762 0.011657 0.011355
0 0.527858 0.632489 0.020696 0.019683
0 0.877884 0.446140 0.013441 0.013341
0 0.842671 0.951565 0.010549 0.010785
0 0.130314 0.111792 0.011811 0.012313
0 0.446604 0.006080 0.013954 0.012160
0 0.038937 0.321971 0.012580 0.012470
0 0.458264 0.584437 0.013153 0.013113
0 0.544415 0.051968 0.017564 0.017340
0 0.492585 0.297948 0.015430 0.015258
0 0.370939 0.668409 0.012347 0.012653
0 0.142696 0.089716 0.012816 0.012817
0 0.290347 0.427591 0.016691 0.016703
0 0.558630 0.265374 0.011342 0.011049
0 0.457443 0.582202 0.012993 0.012915
0 0.992582 0.414773 0.013985 0.014560
0 0.814910 0.100537 0.010307 0.010157
0 0.152905 0.849919 0.013631 0.013327
0 0.506908 0.466915 0.015530 0.015026
0 0.556672 0.054634 0.013603 0.014091
0 0.011447 0.096270 0.012628 0.012164
0 0.356508 0.661929 0.014756 0.014904
0 0.528525 0.725937 0.012559 0.012217
0 0.389232 0.085964 0.011518 0.011539
0 0.996922 0.129923 0.006060 0.009581
0 0.748280 0.373946 0.010957 0.011039
0 0.990724 0.242078 0.011443 0.010919
0 0.970927 0.668594 0.013713 0.012870
0 0.176469 0.385258 0.011386 0.011168
0 0.062606 0.160519 0.013530 0.012990
0 0.457824 0.471279 0.015660 0.015713
0 0.742895 0.728829 0.013869 0.013148
0 0.764650 0.601451 0.012246 0.012167
0 0.489715 0.010855 0.014008 0.012540
