0 0.581897 0.542778 0.012218 0.012059
0 0.173405 0.922587 0.011663 0.011480
0 0.617652 0.285654 0.013749 0.013662
0 0.727331 0.562509 0.013219 0.013298
0 0.656309 0.501784 0.012697 0.012565
0 0.149410 0.811534 0.013620 0.013453
0 0.542349 0.287371 0.012240 0.012119
0 0.626324 0.460908 0.013139 0.013076
0 0.457320 0.962600 0.013295 0.013319
0 0.248043 0.948754 0.013524 0.013329
0 0.776560 0.127457 0.013916 0.013999
0 0.280426 0.153321 0.013712 0.013554
0 0.439603 0.311545 0.012874 0.012744
0 0.433830 0.471603 0.012591 0.012492
0 0.748421 0.618797 0.013484 0.013403
0 0.331402 0.518688 0.013329 0.013195
0 0.184841 0.891716 0.013107 0.013042
0 0.434429 0.356381 0.012580 0.012848
0 0.120970 0.536892 0.012299 0.012428
0 0.201455 0.767709 0.013397 0.013374
0 0.020038 0.735231 0.013337 0.013268
0 0.221552 0.303114 0.013620 0.013455
0 0.332198 0.573743 0.012341 0.012260
0 0.535483 0.359982 0.013252 0.013171
0 0.407201 0.593832 0.012530 0.012497
0 0.564959 0.379647 0.014170 0.013938
0 0.409500 0.069534 0.013696 0.013747
0 0.316931 0.963603 0.013480 0.013507
0 0.544258 0.974916 0.013507 0.013290
0 0.722195 0.536343 0.012823 0.012705
0 0.866976 0.434027 0.013577 0.013577
0 0.564171 0.278031 0.013638 0.013625
0 0.433164 0.959587 0.012040 0.011937
0 0.920315 0.369294 0.012510 0.012384
0 0.588277 0.056111 0.012791 0.012806
0 0.725031 0.117884 0.012537 0.012413
0 0.656501 0.034401 0.013692 0.013538
0 0.354067 0.234474 0.014458 0.014514
0 0.910730 0.745462 0.013548 0.013424
0 0.543866 0.693372 0.014544 0.014296
0 0.545619 0.406127 0.011680 0.011605
0 0.886115 0.965907 0.012835 0.012614
0 0.515131 0.558046 0.011502 0.011670
0 0.174723 0.074496 0.013506 0.013291
0 0.335034 0.098530 0.013880 0.013692
0 0.203450 0.262964 0.012587 0.012503
0 0.109194 0.981379 0.013274 0.013261
0 0.836469 0.249014 0.013708 0.013769
0 0.392197 0.645629 0.012886 0.012599
0 0.242354 0.605653 0.012937 0.012782
0 0.721563 0.763319 0.013658 0.013792
0 0.594899 0.005426 0.011972 0.010840
0 0.222100 0.470468 0.012937 0.012796
0 0.012528 0.990313 0.012705 0.012704
0 0.682584 0.977857 0.012513 0.012668
0 0.268215 0.139855 0.010373 0.010201
0 0.280651 0.065414 0.012085 0.011929
0 0.704688 0.223246 0.013268 0.013232
0 0.609767 0.501722 0.013100 0.012895
0 0.108697 0.552069 0.011799 0.012099
0 0.849573 0.712408 0.017590 0.017041
0 0.416354 0.960847 0.013077 0.013020
0 0.404689 0.253539 0.011429 0.011470
0 0.563284 0.489801 0.013400 0.013241
0 0.832434 0.037256 0.013257 0.013139
0 0.175481 0.389746 0.011940 0.011897
0 0.545352 0.227980 0.011951 0.011945
0 0.267786 0.331766 0.012971 0.012650
0 0.035616 0.345932 0.014399 0.014252
0 0.398787 0.570682 0.012246 0.011824
0 0.327519 0.266585 0.012371 0.012547
0 0.398947 0.834096 0.013860 0.013893
0 0.725771 0.161406 0.013400 0.013510
0 0.225466 0.652378 0.013395 0.013121
0 0.550059 0.024330 0.011635 0.011420
0 0.822207 0.784971 0.013314 0.013198
0 0.051130 0.444941 0.013175 0.013663
0 0.995589 0.447294 0.008823 0.014432
0 0.854790 0.599137 0.013861 0.013698
0 0.451962 0.481635 0.013437 0.013274
0 0.440394 0.082271 0.012632 0.012498
0 0.101134 0.099049 0.013787 0.013925
0 0.508753 0.488288 0.012490 0.012806
0 0.577944 0.904404 0.013891 0.013863
0 0.957532 0.138689 0.012790 0.012829
0 0.955517 0.338319 0.011554 0.011590
0 0.141482 0.491394 0.012788 0.012662
0 0.323529 0.011940 0.013922 0.013818
0 0.817869 0.035749 0.013013 0.013174
0 0.495211 0.543919 0.014019 0.014328
0 0.523358 0.349383 0.012638 0.012760
0 0.331006 0.688648 0.012417 0.012119
0 0.434249 0.590431 0.010604 0.010368
0 0.645000 0.762331 0.010887 0.011112
0 0.077008 0.106730 0.011530 0.011218
0 0.899292 0.895446 0.013551 0.013617
0 0.460878 0.081656 0.012984 0.013054
0 0.150664 0.997018 0.011935 0.005964
0 0.252783 0.151125 0.010982 0.010848
0 0.173347 0.134170 0.012099 0.011825
0 0.133679 0.288154 0.012827 0.012724
0 0.345451 0.290324 0.024403 0.024325
0 0.010330 0.913004 0.013698 0.013713
0 0.428664 0.050005 0.013320 0.012956
0 0.120824 0.268210 0.012177 0.012416
0 0.421226 0.556180 0.013000 0.013043
0 0.078105 0.569201 0.014814 0.013832
0 0.003953 0.298039 0.007905 0.012721
0 0.598926 0.879256 0.011614 0.011982
0 0.531721 0.629301 0.023800 0.023649
0 0.430657 0.050892 0.013188 0.013185
0 0.778651 0.005332 0.014017 0.010595
0 0.775423 0.005048 0.013258 0.010097
