0 0.959505 0.454195 0.012103 0.012055
0 0.522916 0.330066 0.014166 0.014031
0 0.747994 0.618652 0.013513 0.013394
0 0.240998 0.162345 0.013527 0.013465
0 0.216499 0.260892 0.011756 0.011667
0 0.776650 0.691966 0.013078 0.013090
0 0.208196 0.428296 0.012278 0.012205
0 0.652692 0.847071 0.012507 0.012482
0 0.148518 0.308976 0.013370 0.013297
0 0.603043 0.304810 0.013272 0.013192
0 0.268299 0.494158 0.013741 0.013939
0 0.233399 0.693723 0.013292 0.013311
0 0.408295 0.372517 0.013840 0.013765
0 0.107937 0.196663 0.012566 0.012428
0 0.346943 0.318631 0.013107 0.013191
0 0.369047 0.136580 0.013956 0.013844
0 0.307050 0.437117 0.013198 0.013150
0 0.069385 0.374223 0.013825 0.013738
0 0.498831 0.577892 0.013944 0.013744
0 0.586680 0.513294 0.013251 0.013016
0 0.375161 0.175602 0.012324 0.012337
0 0.390345 0.027784 0.012782 0.012636
0 0.870322 0.522698 0.013520 0.013509
0 0.399213 0.494266 0.014397 0.014427
0 0.454843 0.108863 0.013858 0.013762
0 0.463015 0.747622 0.013205 0.013161
0 0.345715 0.510514 0.013679 0.013695
0 0.301371 0.536317 0.012459 0.012397
0 0.197076 0.361840 0.011145 0.011237
0 0.251412 0.039303 0.012964 0.012871
0 0.902453 0.426868 0.012855 0.013165
0 0.708661 0.045279 0.012884 0.012806
0 0.648338 0.525981 0.012636 0.012704
0 0.543798 0.975721 0.013526 0.013508
0 0.711321 0.076528 0.012466 0.012511
0 0.328814 0.563116 0.012414 0.012382
0 0.133880 0.490272 0.011750 0.012330
0 0.616849 0.497880 0.012154 0.011919
0 0.640244 0.110368 0.013249 0.013250
0 0.584985 0.965491 0.013434 0.013427
0 0.063609 0.821596 0.013354 0.013341
0 0.524532 0.350506 0.013380 0.013278
0 0.667359 0.346490 0.011759 0.011768
0 0.887046 0.664135 0.014223 0.014073
0 0.436078 0.589746 0.009803 0.009832
0 0.339360 0.027189 0.012551 0.012534
0 0.337157 0.064912 0.012140 0.012414
0 0.623107 0.545016 0.013639 0.013476
0 0.907417 0.028882 0.013400 0.013261
0 0.144306 0.278135 0.012428 0.012609
0 0.772021 0.778466 0.012783 0.012864
0 0.173547 0.700613 0.012665 0.012443
0 0.170606 0.439241 0.013007 0.012608
0 0.272689 0.819881 0.012456 0.012553
0 0.230927 0.546273 0.012291 0.012494
0 0.380029 0.397432 0.012823 0.012843
0 0.937363 0.696657 0.011903 0.011713
0 0.034554 0.287185 0.012641 0.012441
0 0.663495 0.418271 0.011863 0.011740
0 0.322833 0.221631 0.013616 0.013639
0 0.461172 0.960155 0.012449 0.012377
0 0.493760 0.544039 0.014185 0.014077
0 0.532368 0.076245 0.013006 0.012905
0 0.312442 0.208093 0.013448 0.013282
0 0.228837 0.005685 0.012758 0.011370
0 0.769027 0.119025 0.012016 0.011908
0 0.104249 0.010415 0.013508 0.013390
0 0.575099 0.676488 0.012093 0.011897
0 0.223568 0.469450 0.012341 0.012471
0 0.152824 0.422799 0.012242 0.012189
0 0.584933 0.009473 0.014430 0.014296
0 0.602281 0.215618 0.013496 0.013448
0 0.830966 0.014785 0.013263 0.013571
0 0.125303 0.245560 0.010780 0.010995
0 0.214269 0.650823 0.010892 0.010693
0 0.068756 0.589343 0.012261 0.012207
0 0.310090 0.797152 0.011318 0.011276
0 0.410063 0.797629 0.011982 0.011690
0 0.343879 0.972778 0.011664 0.011487
0 0.126047 0.045275 0.013184 0.013138
0 0.108457 0.980882 0.013221 0.013431
0 0.920710 0.137104 0.014011 0.013662
0 0.593733 0.116730 0.013032 0.013183
0 0.789641 0.006218 0.012711 0.012307
0 0.185106 0.891652 0.012970 0.012877
0 0.420774 0.556287 0.013528 0.013797
0 0.778226 0.242076 0.014253 0.014320
0 0.979787 0.106960 0.011924 0.011906
0 0.110156 0.544390 0.012447 0.012598
0 0.041262 0.558714 0.012824 0.012701
0 0.310591 0.087061 0.011796 0.011809
0 0.757337 0.016207 0.011657 0.011573
0 0.040561 0.012661 0.013591 0.013552
0 0.116689 0.227152 0.012144 0.011752
0 0.783088 0.224374 0.012345 0.012665
0 0.304187 0.682416 0.010775 0.010602
0 0.848653 0.709871 0.022621 0.022843
0 0.599267 0.330158 0.013529 0.013616
0 0.009130 0.632375 0.012348 0.012445
0 0.530563 0.816687 0.014418 0.014329
0 0.401636 0.572194 0.009508 0.009525
0 0.410664 0.033817 0.011090 0.010945
0 0.206736 0.759106 0.011228 0.010996
0 0.143854 0.461911 0.012979 0.013125
0 0.329705 0.520160 0.011979 0.011342
0 0.207171 0.346892 0.011213 0.011333
0 0.895016 0.287897 0.012161 0.012141
0 0.977051 0.977811 0.010964 0.010814
0 0.463155 0.861040 0.011266 0.011322
0 0.317466 0.291014 0.010746 0.010924
0 0.821182 0.185260 0.012873 0.012646
