0 0.099050 0.154278 0.013089 0.013043
0 0.403897 0.043493 0.013722 0.013774
0 0.468939 0.349828 0.012793 0.012809
0 0.765832 0.275423 0.012043 0.011962
0 0.031070 0.546682 0.011206 0.011300
0 0.260401 0.238132 0.014794 0.014763
0 0.864945 0.673468 0.012799 0.012756
0 0.193659 0.281584 0.013004 0.012894
0 0.311046 0.828031 0.012727 0.012756
0 0.685540 0.651606 0.013114 0.013229
0 0.130027 0.815939 0.012030 0.011814
0 0.176382 0.284323 0.012332 0.011819
0 0.639828 0.388176 0.012048 0.011939
0 0.142842 0.031387 0.012675 0.012636
0 0.537685 0.212712 0.014256 0.014345
0 0.627021 0.523144 0.012918 0.012801
0 0.279415 0.435931 0.012302 0.012231
0 0.803068 0.226051 0.013634 0.013674
0 0.806667 0.619321 0.013054 0.012909
0 0.803732 0.277839 0.012073 0.012074
0 0.823296 0.191760 0.012149 0.012059
0 0.458675 0.600295 0.013044 0.012982
0 0.067394 0.828549 0.011612 0.011428
0 0.766546 0.533902 0.013603 0.013447
0 0.222052 0.738946 0.013073 0.012927
0 0.588076 0.578562 0.013113 0.012986
0 0.722698 0.331610 0.012495 0.012550
0 0.541919 0.395195 0.012492 0.012299
0 0.629607 0.219982 0.013108 0.013068
0 0.281373 0.561750 0.013193 0.013098
0 0.440554 0.440665 0.012465 0.012323
0 0.374794 0.558436 0.012777 0.012872
0 0.901993 0.536012 0.013348 0.013256
0 0.568485 0.517922 0.013151 0.013213
0 0.806873 0.061970 0.012521 0.012768
0 0.054047 0.422107 0.014150 0.014056
0 0.983718 0.550430 0.014140 0.014239
0 0.350371 0.892849 0.011733 0.011611
0 0.368910 0.393394 0.013832 0.013872
0 0.028760 0.504468 0.013742 0.013759
0 0.929666 0.267557 0.012504 0.012356
0 0.735895 0.620293 0.014029 0.013910
0 0.007014 0.879970 0.013196 0.013898
0 0.544676 0.161505 0.013151 0.013144
0 0.736371 0.980179 0.012160 0.012486
0 0.763000 0.721346 0.014300 0.014328
0 0.453706 0.798269 0.014361 0.014441
0 0.992771 0.344113 0.014459 0.015283
0 0.754174 0.045095 0.013360 0.013577
0 0.334235 0.713552 0.013019 0.012794
0 0.598076 0.316855 0.012978 0.012963
0 0.060684 0.617773 0.012918 0.012831
0 0.893923 0.485007 0.013156 0.013145
0 0.163121 0.490363 0.012685 0.012870
0 0.812065 0.123438 0.012168 0.012235
0 0.371297 0.852541 0.013752 0.013873
0 0.856168 0.265903 0.012159 0.012116
0 0.656742 0.179932 0.012637 0.012472
0 0.652043 0.724999 0.011979 0.012231
0 0.044418 0.747824 0.012041 0.011960
0 0.963783 0.416697 0.013966 0.014124
0 0.821712 0.378076 0.011554 0.011431
0 0.968840 0.593289 0.011708 0.011486
0 0.510354 0.504865 0.012423 0.012090
0 0.219552 0.866779 0.013699 0.013677
0 0.614798 0.652851 0.012889 0.013008
0 0.007899 0.077831 0.013551 0.013326
0 0.531804 0.673220 0.013760 0.013783
0 0.427218 0.309483 0.013710 0.013708
0 0.353311 0.755189 0.013503 0.013214
0 0.012159 0.425236 0.011688 0.011864
0 0.667887 0.692634 0.012781 0.012481
0 0.789947 0.422574 0.013049 0.013066
0 0.254104 0.860211 0.012885 0.012484
0 0.182098 0.589679 0.011105 0.011058
0 0.426615 0.413295 0.013493 0.013446
0 0.531236 0.327675 0.014225 0.014231
0 0.515466 0.572032 0.012625 0.012622
0 0.984849 0.961260 0.013097 0.012972
0 0.629378 0.601468 0.012441 0.012513
0 0.983346 0.510367 0.015482 0.014736
0 0.895667 0.039110 0.011525 0.011307
0 0.650413 0.485287 0.012970 0.013175
0 0.828730 0.131197 0.009979 0.009755
0 0.954884 0.858905 0.013770 0.013729
0 0.762750 0.924062 0.013057 0.013146
0 0.961885 0.395974 0.012919 0.012819
0 0.969063 0.957201 0.012748 0.012502
0 0.677114 0.445208 0.012865 0.012777
0 0.198699 0.625814 0.010841 0.011306
0 0.646430 0.532415 0.011509 0.011134
0 0.807936 0.562862 0.010944 0.011113
0 0.739366 0.528173 0.013328 0.013273
0 0.839045 0.086197 0.012063 0.011709
0 0.948347 0.431778 0.010928 0.011317
0 0.890765 0.582465 0.012817 0.012875
0 0.802792 0.538144 0.012626 0.012588
0 0.918119 0.994173 0.013686 0.011653
0 0.136514 0.963044 0.011825 0.011815
0 0.777919 0.463453 0.010984 0.010914
0 0.089145 0.911548 0.012423 0.012292
0 0.579458 0.891272 0.013661 0.013987
0 0.260922 0.966979 0.012754 0.012731
0 0.261766 0.164183 0.013335 0.013396
0 0.875431 0.238043 0.014019 0.014284
0 0.742149 0.107052 0.011875 0.011718
0 0.212335 0.679455 0.011862 0.011796
0 0.850930 0.715494 0.023101 0.022981
0 0.941643 0.452028 0.009966 0.009916
0 0.290381 0.374387 0.011839 0.011877
0 0.696005 0.997749 0.010588 0.004502
0 0.397093 0.390373 0.011998 0.011843
0 0.996870 0.847100 0.006196 0.011737
0 0.757570 0.014928 0.014085 0.014578
0 0.465911 0.997833 0.013871 0.004256
0 0.884632 0.015326 0.010937 0.010817
0 0.790919 0.488270 0.014386 0.013801
0 0.536255 0.639279 0.021425 0.021486
0 0.350596 0.291543 0.021749 0.021909
0 0.131136 0.249334 0.010003 0.010147
0 0.927112 0.812596 0.012875 0.013136
0 0.068568 0.571213 0.023033 0.023338
0 0.926497 0.043775 0.008842 0.009322
0 0.850408 0.538867 0.013331 0.013014
0 0.635178 0.084197 0.022862 0.023914
0 0.090420 0.877935 0.009538 0.009152
0 0.459661 0.972679 0.013558 0.013432
0 0.998266 0.217263 0.003432 0.012888
0 0.257910 0.150156 0.010901 0.009801
0 0.445375 0.970489 0.011740 0.011919
0 0.965849 0.845383 0.012256 0.012550
0 0.102303 0.933858 0.011593 0.011730
0 0.608737 0.998261 0.011860 0.003477
0 0.914201 0.045506 0.010839 0.010227
0 0.467119 0.996834 0.012480 0.006221
0 0.537816 0.642057 0.019414 0.022217
0 0.540653 0.732827 0.022104 0.021741
