0 0.782701 0.398990 0.014281 0.014325
0 0.281991 0.433323 0.014735 0.014598
0 0.976014 0.416223 0.016965 0.016911
0 0.770037 0.668349 0.014308 0.014436
0 0.546923 0.556402 0.013733 0.013750
0 0.117714 0.841167 0.014473 0.014292
0 0.793483 0.556376 0.016423 0.016123
0 0.967164 0.868266 0.014668 0.014619
0 0.698360 0.517232 0.014538 0.014586
0 0.868370 0.391234 0.013662 0.013766
0 0.437576 0.053035 0.015203 0.015416
0 0.491987 0.490928 0.013522 0.013433
0 0.259109 0.528115 0.013715 0.013622
0 0.094825 0.566051 0.014180 0.014202
0 0.065248 0.069687 0.014631 0.014417
0 0.761116 0.836373 0.014662 0.014550
0 0.131308 0.274980 0.013633 0.013665
0 0.952932 0.941180 0.014297 0.014128
0 0.384771 0.369490 0.013647 0.013490
0 0.207678 0.631802 0.013502 0.013474
0 0.090624 0.968932 0.014789 0.014670
0 0.376728 0.412915 0.013649 0.013433
0 0.483553 0.626617 0.013961 0.013745
0 0.411036 0.684529 0.014286 0.014315
0 0.499610 0.706781 0.014422 0.014482
0 0.255434 0.292162 0.014902 0.014759
0 0.243321 0.715260 0.014131 0.014115
0 0.334268 0.795434 0.013877 0.013944
0 0.445947 0.173901 0.014185 0.014261
0 0.782856 0.947503 0.014453 0.014259
0 0.962385 0.651576 0.013350 0.013440
0 0.622086 0.421033 0.014206 0.014245
0 0.480162 0.582590 0.014051 0.013989
0 0.675207 0.849202 0.014917 0.014931
0 0.374976 0.016676 0.013916 0.013989
0 0.187457 0.058563 0.016518 0.016610
0 0.258222 0.805043 0.014463 0.014597
0 0.624106 0.967370 0.015244 0.015133
0 0.279906 0.805191 0.015063 0.015166
0 0.342515 0.606087 0.014340 0.014222
0 0.681319 0.539383 0.014332 0.014323
0 0.038343 0.577486 0.013955 0.014106
0 0.333226 0.935798 0.013813 0.013659
0 0.895323 0.248588 0.014368 0.014291
0 0.880818 0.982387 0.014279 0.014591
0 0.379183 0.228993 0.016747 0.016081
0 0.756435 0.495288 0.012684 0.012948
0 0.643049 0.752063 0.014084 0.014020
0 0.758060 0.550821 0.014789 0.014657
0 0.584295 0.405762 0.013890 0.013873
0 0.236904 0.606998 0.014591 0.014666
0 0.305699 0.722906 0.016332 0.016176
0 0.712002 0.393906 0.016212 0.015932
0 0.940260 0.758680 0.014481 0.014288
0 0.470007 0.109079 0.012743 0.012717
0 0.179304 0.534505 0.015065 0.014689
0 0.102269 0.739234 0.014640 0.014751
0 0.951929 0.409988 0.014452 0.014310
0 0.664983 0.065916 0.013930 0.013952
0 0.490108 0.984671 0.014304 0.014330
0 0.806660 0.316488 0.015005 0.014888
0 0.277695 0.019561 0.015283 0.015185
0 0.847775 0.720269 0.022399 0.022079
0 0.984828 0.993890 0.014006 0.012220
0 0.426808 0.328032 0.014598 0.014669
0 0.519443 0.376580 0.014944 0.014938
0 0.346633 0.297975 0.023037 0.022773
0 0.354780 0.008558 0.013913 0.014047
0 0.729849 0.116865 0.013730 0.013596
0 0.090765 0.830665 0.013971 0.014151
0 0.840790 0.566599 0.016390 0.016202
0 0.149339 0.033409 0.017807 0.017644
0 0.914836 0.624656 0.013107 0.013206
0 0.769803 0.451672 0.014408 0.014549
0 0.283624 0.332195 0.015117 0.014887
0 0.936825 0.782182 0.013717 0.013933
0 0.559397 0.391211 0.014148 0.014033
0 0.921648 0.146074 0.020308 0.019774
0 0.121112 0.406446 0.015090 0.015103
0 0.012432 0.910662 0.014222 0.013955
0 0.005349 0.938275 0.010460 0.011967
0 0.955897 0.817607 0.015057 0.015279
0 0.986873 0.060937 0.012416 0.012415
0 0.527006 0.204902 0.013485 0.013165
0 0.994300 0.311299 0.011399 0.014152
0 0.278191 0.495718 0.015400 0.015450
0 0.590635 0.170760 0.014247 0.014070
0 0.908309 0.982353 0.014480 0.014668
0 0.396978 0.245093 0.016252 0.016136
0 0.637777 0.501187 0.017665 0.017735
0 0.986384 0.506677 0.016531 0.016063
0 0.531532 0.972463 0.015453 0.015407
0 0.642931 0.186092 0.014609 0.014394
0 0.761975 0.194889 0.014911 0.015164
0 0.118776 0.909671 0.015450 0.015320
0 0.414178 0.357411 0.014835 0.014734
0 0.480313 0.891694 0.015470 0.015560
0 0.484487 0.740159 0.015565 0.015360
0 0.921276 0.186683 0.014076 0.013932
0 0.523081 0.017963 0.016710 0.016313
0 0.626891 0.139187 0.014692 0.014945
0 0.890851 0.568044 0.014591 0.014665
0 0.848974 0.990058 0.015334 0.015343
0 0.596906 0.595104 0.015017 0.014982
0 0.575717 0.157094 0.013272 0.012769
0 0.948238 0.627861 0.015213 0.015161
0 0.396855 0.294911 0.015137 0.015461
0 0.962919 0.581059 0.015364 0.015473
0 0.085703 0.004716 0.017567 0.009427
0 0.041786 0.458587 0.015206 0.015199
0 0.035534 0.268788 0.014240 0.014296
0 0.634432 0.085800 0.021720 0.021448
0 0.698872 0.060213 0.014306 0.014193
0 0.452544 0.733004 0.015016 0.014438
0 0.846032 0.146352 0.013630 0.013849
0 0.319440 0.197888 0.014068 0.013923
0 0.544233 0.197099 0.016978 0.017156
0 0.204700 0.538857 0.014957 0.014998
0 0.865303 0.286312 0.013152 0.013368
0 0.205924 0.512901 0.014570 0.014779
0 0.500878 0.638341 0.014621 0.015147
0 0.738321 0.616872 0.015731 0.015848
0 0.317838 0.260163 0.017194 0.016936
0 0.530198 0.637947 0.021581 0.021218
0 0.655969 0.032338 0.015491 0.015476
0 0.008517 0.468094 0.013024 0.012774
0 0.995623 0.199531 0.008754 0.013333
0 0.304558 0.199719 0.013638 0.013698
0 0.116140 0.057597 0.014748 0.014449
0 0.586292 0.148150 0.013443 0.013222
0 0.712716 0.074899 0.013997 0.013871
0 0.884581 0.259326 0.013204 0.013411
0 0.871762 0.605378 0.015118 0.015049
0 0.092325 0.911809 0.015114 0.014899
0 0.146648 0.429722 0.013518 0.013236
0 0.751357 0.267600 0.013947 0.013389
0 0.702038 0.822518 0.021972 0.021218
0 0.960986 0.581946 0.014966 0.015635
0 0.829458 0.798676 0.014088 0.013939
0 0.998189 0.180181 0.003622 0.012664
