0 0.186417 0.275863 0.012827 0.012763
0 0.967216 0.424578 0.013191 0.013090
0 0.308304 0.605838 0.014674 0.014627
0 0.425728 0.332318 0.014308 0.014398
0 0.362678 0.157431 0.015183 0.015310
0 0.329169 0.925246 0.013914 0.013784
0 0.280580 0.433372 0.015027 0.014896
0 0.388105 0.670149 0.014127 0.014249
0 0.259167 0.522822 0.014744 0.014639
0 0.548330 0.596000 0.014382 0.014431
0 0.370721 0.920651 0.015327 0.015157
0 0.861337 0.275414 0.015203 0.015159
0 0.763435 0.681279 0.014092 0.014071
0 0.103818 0.064903 0.013999 0.013892
0 0.250828 0.784437 0.014015 0.013949
0 0.102538 0.454466 0.014093 0.013831
0 0.487275 0.613247 0.014281 0.014567
0 0.089866 0.416813 0.013837 0.013984
0 0.579591 0.442020 0.013932 0.013944
0 0.087963 0.869417 0.014178 0.014288
0 0.375530 0.518228 0.013771 0.013678
0 0.960421 0.687617 0.013652 0.013334
0 0.367413 0.592728 0.014616 0.014603
0 0.517055 0.518919 0.013845 0.013977
0 0.465470 0.382320 0.013146 0.012978
0 0.793686 0.556052 0.016079 0.016033
0 0.630417 0.230487 0.014613 0.014627
0 0.958121 0.265599 0.013658 0.013476
0 0.653031 0.416646 0.014594 0.014494
0 0.234519 0.708950 0.013995 0.013858
0 0.320735 0.102637 0.014989 0.015100
0 0.163899 0.075862 0.017420 0.017449
0 0.922279 0.766804 0.014110 0.014235
0 0.676099 0.276586 0.014309 0.014399
0 0.455109 0.241037 0.018522 0.018671
0 0.086058 0.224414 0.014915 0.014565
0 0.708068 0.476550 0.014069 0.013820
0 0.126976 0.552415 0.013703 0.013709
0 0.920689 0.249724 0.013916 0.014022
0 0.204065 0.856919 0.012918 0.013137
0 0.945613 0.936664 0.014270 0.014227
0 0.819202 0.819895 0.014366 0.014200
0 0.531690 0.153255 0.013850 0.013755
0 0.873164 0.953228 0.014666 0.014493
0 0.114768 0.617155 0.014325 0.014591
0 0.533912 0.674025 0.013541 0.013573
0 0.872264 0.919942 0.015296 0.015486
0 0.203951 0.627841 0.013678 0.013286
0 0.900809 0.372339 0.013897 0.013865
0 0.466483 0.521809 0.013655 0.013568
0 0.487630 0.896764 0.014927 0.014724
0 0.373593 0.431122 0.014068 0.013820
0 0.512134 0.945332 0.015304 0.015289
0 0.324763 0.367858 0.015679 0.015768
0 0.879678 0.402581 0.013813 0.013748
0 0.577605 0.475698 0.014134 0.013924
0 0.019415 0.115705 0.013539 0.013490
0 0.346240 0.298350 0.022881 0.022590
0 0.950019 0.625404 0.013934 0.014093
0 0.848878 0.688306 0.014491 0.014765
0 0.643900 0.514721 0.015448 0.015393
0 0.758409 0.548667 0.014446 0.014396
0 0.503039 0.065913 0.013623 0.013515
0 0.864736 0.104296 0.013663 0.013703
0 0.664234 0.050217 0.014165 0.014078
0 0.738854 0.617743 0.016259 0.016562
0 0.127430 0.708461 0.015224 0.015450
0 0.787861 0.994670 0.013733 0.010600
0 0.496992 0.427568 0.015575 0.015818
0 0.368326 0.648765 0.014150 0.014164
0 0.310376 0.275568 0.015058 0.015089
0 0.325753 0.339332 0.014345 0.014365
0 0.778139 0.445571 0.014624 0.014952
0 0.126819 0.930933 0.014656 0.014804
0 0.848055 0.144713 0.013708 0.013766
0 0.042515 0.566696 0.013482 0.013629
0 0.470109 0.020601 0.014837 0.015224
0 0.761541 0.490248 0.012854 0.013108
0 0.868846 0.184248 0.014051 0.014051
0 0.595322 0.487770 0.016423 0.016055
0 0.355521 0.204871 0.014975 0.014879
0 0.247297 0.365053 0.015106 0.015142
0 0.724503 0.389821 0.015390 0.015156
0 0.775865 0.015736 0.014588 0.014759
0 0.993410 0.868483 0.013180 0.014866
0 0.844533 0.563715 0.016198 0.016191
0 0.906120 0.563692 0.012992 0.012915
0 0.286301 0.339318 0.014100 0.014276
0 0.480939 0.747424 0.013813 0.013303
0 0.769405 0.098042 0.014338 0.014373
0 0.780247 0.119290 0.015574 0.015486
0 0.994979 0.596525 0.010042 0.014700
0 0.236678 0.006512 0.016140 0.013024
0 0.848981 0.719881 0.022536 0.022441
0 0.614120 0.581550 0.016702 0.017192
0 0.703445 0.545591 0.014630 0.014272
0 0.265541 0.565417 0.014046 0.013968
0 0.942752 0.083632 0.014312 0.014433
0 0.760870 0.786572 0.014425 0.014419
0 0.314250 0.562990 0.014348 0.014334
0 0.956772 0.879502 0.014668 0.014963
0 0.920740 0.145487 0.019787 0.019252
0 0.944501 0.301001 0.014381 0.014540
0 0.598088 0.167140 0.012553 0.012759
0 0.987683 0.506864 0.016257 0.015983
0 0.007070 0.013151 0.013991 0.016092
0 0.744561 0.704639 0.013512 0.013571
0 0.838351 0.828337 0.015205 0.015143
0 0.830828 0.574481 0.014900 0.014540
0 0.555741 0.010423 0.014371 0.014425
0 0.370672 0.820700 0.016257 0.015947
0 0.669241 0.191900 0.019771 0.020117
0 0.093601 0.909605 0.014855 0.014790
0 0.638622 0.953346 0.014014 0.013793
0 0.603169 0.243402 0.014613 0.014574
0 0.596467 0.132483 0.013925 0.013443
0 0.915512 0.994023 0.012718 0.011400
0 0.604294 0.148838 0.016781 0.016270
0 0.904697 0.980979 0.014532 0.014701
0 0.896732 0.618245 0.014183 0.014501
0 0.823587 0.989917 0.015461 0.015759
0 0.741253 0.129651 0.014410 0.014728
0 0.013108 0.913217 0.015193 0.015183
0 0.817374 0.215334 0.013840 0.013524
0 0.640090 0.951691 0.014397 0.014870
0 0.521905 0.015985 0.016758 0.017138
0 0.858020 0.592423 0.015934 0.015780
0 0.307346 0.483731 0.015420 0.015066
0 0.442409 0.196975 0.016275 0.016339
0 0.376022 0.227771 0.020784 0.020961
0 0.701864 0.822625 0.022326 0.021957
0 0.631274 0.127013 0.016729 0.016992
0 0.003772 0.934874 0.007354 0.015364
0 0.458917 0.763909 0.012554 0.012353
0 0.005148 0.318946 0.009978 0.015118
0 0.710511 0.137525 0.013855 0.013644
0 0.100080 0.024254 0.014922 0.014750
0 0.192309 0.845152 0.013592 0.013878
0 0.871314 0.819984 0.014064 0.014278
