0 0.092947 0.753641 0.013461 0.013475
0 0.620914 0.620830 0.013056 0.013076
0 0.655137 0.497230 0.013134 0.013101
0 0.108269 0.351325 0.012403 0.012253
0 0.911600 0.456109 0.012545 0.012544
0 0.173374 0.790777 0.012534 0.012261
0 0.099225 0.722467 0.012953 0.012711
0 0.866955 0.627836 0.013780 0.013677
0 0.662361 0.433880 0.013258 0.013433
0 0.544966 0.037483 0.012682 0.012950
0 0.347185 0.807084 0.012544 0.012081
0 0.455007 0.047758 0.012709 0.012499
0 0.586385 0.334746 0.013310 0.013239
0 0.794017 0.344541 0.013317 0.013204
0 0.782794 0.047066 0.014556 0.014688
0 0.318247 0.214968 0.013645 0.013472
0 0.012450 0.189576 0.011772 0.011872
0 0.405547 0.170814 0.013593 0.013755
0 0.584297 0.081006 0.013421 0.013272
0 0.956118 0.509349 0.015601 0.015368
0 0.697510 0.620504 0.013244 0.013256
0 0.303644 0.725372 0.013020 0.012928
0 0.220627 0.715554 0.012492 0.012428
0 0.878113 0.430226 0.012600 0.012304
0 0.215105 0.829937 0.012637 0.012556
0 0.743564 0.485762 0.013131 0.013024
0 0.722850 0.654720 0.012449 0.012364
0 0.818770 0.447526 0.013476 0.013592
0 0.036920 0.121718 0.013152 0.013020
0 0.933092 0.614558 0.013507 0.013167
0 0.851558 0.484567 0.012263 0.012284
0 0.521038 0.224653 0.012848 0.013010
0 0.995013 0.454955 0.009956 0.013945
0 0.823241 0.650139 0.014218 0.014370
0 0.547351 0.475069 0.013936 0.013783
0 0.635306 0.503690 0.013721 0.013883
0 0.110346 0.666210 0.014295 0.014065
0 0.326153 0.325808 0.012549 0.012452
0 0.021440 0.310628 0.012776 0.012812
0 0.186853 0.106004 0.013809 0.014172
0 0.779067 0.522150 0.012088 0.011869
0 0.710149 0.321344 0.012047 0.012211
0 0.401312 0.309513 0.013407 0.013045
0 0.506764 0.327715 0.013096 0.013216
0 0.620893 0.657846 0.012705 0.012799
0 0.022429 0.475250 0.013137 0.013070
0 0.594960 0.096896 0.013546 0.013489
0 0.201036 0.048450 0.012633 0.012981
0 0.010143 0.790992 0.013255 0.013370
0 0.182894 0.335034 0.012278 0.012291
0 0.279441 0.436475 0.012011 0.011741
0 0.627453 0.456960 0.013213 0.013313
0 0.641622 0.790815 0.012003 0.012099
0 0.527897 0.881701 0.012834 0.012801
0 0.770915 0.031769 0.014456 0.014149
0 0.071141 0.841640 0.011502 0.011565
0 0.413505 0.290373 0.013936 0.013865
0 0.138735 0.123522 0.013014 0.012855
0 0.834354 0.490050 0.012456 0.012656
0 0.749632 0.074301 0.013256 0.013024
0 0.061267 0.017317 0.014818 0.014625
0 0.151417 0.219192 0.011654 0.011445
0 0.962063 0.311260 0.013215 0.013453
0 0.072758 0.973660 0.012128 0.012124
0 0.821837 0.515103 0.015018 0.015008
0 0.733287 0.620968 0.014284 0.014194
0 0.829804 0.595056 0.014949 0.014526
0 0.815521 0.726406 0.013939 0.013875
0 0.567031 0.583622 0.012408 0.012271
0 0.056909 0.846494 0.012829 0.012411
0 0.979978 0.049958 0.013645 0.013500
0 0.805870 0.745316 0.012728 0.012651
0 0.240798 0.803773 0.012043 0.011662
0 0.092259 0.576845 0.011027 0.011593
0 0.996206 0.326153 0.007589 0.014533
0 0.715479 0.842892 0.011388 0.011562
0 0.478531 0.951021 0.012465 0.012708
0 0.569285 0.421485 0.013927 0.013964
0 0.443340 0.543842 0.011834 0.011916
0 0.011958 0.995570 0.011977 0.008861
0 0.820444 0.623634 0.013215 0.013445
0 0.788239 0.775597 0.013291 0.013430
0 0.821356 0.752886 0.013463 0.013621
0 0.818062 0.973794 0.012992 0.012860
0 0.291499 0.913061 0.012128 0.012150
0 0.082127 0.622907 0.013575 0.013312
0 0.493054 0.622889 0.011891 0.011631
0 0.712974 0.382529 0.012857 0.012860
0 0.493359 0.770403 0.013141 0.013142
0 0.366548 0.459928 0.012445 0.012347
0 0.260657 0.539550 0.011837 0.011751
0 0.501096 0.678412 0.012365 0.012250
0 0.513906 0.965858 0.011426 0.011304
0 0.974617 0.789671 0.014021 0.013990
0 0.449179 0.524996 0.011860 0.011869
0 0.642110 0.847626 0.012269 0.012173
0 0.623678 0.941858 0.011543 0.011731
0 0.487464 0.865671 0.011402 0.011654
0 0.384307 0.859422 0.013427 0.013128
0 0.690024 0.383183 0.012068 0.011807
