0 0.254907 0.859405 0.012111 0.012140
0 0.298505 0.461287 0.011550 0.011583
0 0.693770 0.609460 0.013978 0.013760
0 0.949036 0.729034 0.012155 0.011991
0 0.578024 0.848605 0.013666 0.013638
0 0.107058 0.658382 0.013486 0.013537
0 0.747977 0.618821 0.012886 0.012838
0 0.471690 0.530052 0.013766 0.013775
0 0.628465 0.515083 0.012791 0.012780
0 0.629339 0.307677 0.012905 0.012762
0 0.423081 0.121228 0.014530 0.014500
0 0.485067 0.210739 0.013362 0.013322
0 0.031156 0.401502 0.013634 0.013590
0 0.389607 0.392765 0.013410 0.013151
0 0.796365 0.070877 0.012534 0.012343
0 0.176144 0.580548 0.011750 0.011925
0 0.496530 0.108790 0.013722 0.013722
0 0.146597 0.174540 0.013049 0.013110
0 0.601044 0.344000 0.011560 0.011843
0 0.969575 0.465739 0.012990 0.012870
0 0.343077 0.655797 0.013117 0.013074
0 0.926429 0.049510 0.010897 0.011000
0 0.089171 0.955581 0.013878 0.013995
0 0.150151 0.612227 0.011739 0.011813
0 0.503362 0.840882 0.011452 0.011370
0 0.157544 0.853555 0.012282 0.012096
0 0.530902 0.957389 0.013704 0.013739
0 0.354365 0.157327 0.012848 0.012872
0 0.481300 0.689880 0.011597 0.011356
0 0.182121 0.839509 0.011803 0.011425
0 0.688089 0.478836 0.013278 0.013238
0 0.422093 0.733559 0.012468 0.012405
0 0.110309 0.371838 0.013586 0.013435
0 0.675026 0.449714 0.014077 0.014065
0 0.330914 0.519137 0.012542 0.012439
0 0.216324 0.472253 0.013506 0.013102
0 0.036954 0.092174 0.012513 0.012359
0 0.523780 0.349503 0.013447 0.013224
0 0.589991 0.158494 0.012656 0.012421
0 0.136569 0.730796 0.011341 0.011433
0 0.563044 0.769013 0.012974 0.013155
0 0.144221 0.197613 0.012165 0.011914
0 0.109013 0.981383 0.013356 0.013359
0 0.886957 0.784863 0.013702 0.013617
0 0.647782 0.522415 0.012721 0.012845
0 0.758084 0.868703 0.013486 0.013146
0 0.523013 0.204200 0.011331 0.011234
0 0.104952 0.147629 0.013319 0.013811
0 0.813130 0.545489 0.012955 0.012912
0 0.922757 0.165793 0.011965 0.011881
0 0.659414 0.829173 0.012627 0.012728
0 0.185327 0.891827 0.012556 0.012601
0 0.160607 0.069674 0.013682 0.013859
0 0.633153 0.708387 0.012779 0.012806
0 0.367621 0.488928 0.011903 0.011828
0 0.927203 0.138119 0.011193 0.010903
0 0.084964 0.337299 0.012986 0.013030
0 0.531296 0.628657 0.019337 0.019040
0 0.184823 0.363418 0.013375 0.013326
0 0.049030 0.181322 0.011950 0.011987
0 0.542167 0.976210 0.013354 0.013210
0 0.687674 0.086540 0.013788 0.013706
0 0.655411 0.237076 0.012814 0.013108
0 0.291969 0.850033 0.010437 0.010504
0 0.325978 0.343464 0.014061 0.013809
0 0.853761 0.609283 0.014044 0.013881
0 0.495487 0.544327 0.014346 0.014533
0 0.710540 0.484478 0.013568 0.013599
0 0.426585 0.971338 0.011453 0.011449
0 0.592297 0.328587 0.012047 0.011725
0 0.442685 0.038729 0.012284 0.012345
0 0.897232 0.548663 0.014503 0.014656
0 0.583314 0.394627 0.014808 0.014587
0 0.085817 0.305393 0.013825 0.013848
0 0.921656 0.114671 0.011419 0.011574
0 0.363319 0.233527 0.012912 0.013337
0 0.060361 0.547131 0.011801 0.011820
0 0.772813 0.820958 0.014552 0.014461
0 0.136469 0.109846 0.011542 0.011970
0 0.396149 0.942617 0.009554 0.009398
0 0.776725 0.005152 0.014542 0.010263
0 0.752181 0.482496 0.013276 0.012964
0 0.246600 0.126699 0.013029 0.012917
0 0.298654 0.559708 0.013081 0.013739
0 0.224258 0.648494 0.011510 0.011386
0 0.849678 0.710533 0.022932 0.022761
0 0.770372 0.228752 0.011094 0.010822
0 0.665750 0.761841 0.012543 0.012701
0 0.331313 0.215590 0.010114 0.010187
0 0.337187 0.100430 0.013121 0.013541
0 0.422382 0.555534 0.012830 0.012890
0 0.127683 0.694237 0.011501 0.011614
0 0.930167 0.346458 0.011450 0.011168
0 0.351652 0.911778 0.012465 0.012179
0 0.263053 0.125475 0.013556 0.013301
0 0.328332 0.096412 0.013090 0.012856
0 0.996755 0.422017 0.006491 0.012522
0 0.323399 0.300275 0.011802 0.011794
0 0.809514 0.002167 0.011592 0.004320
0 0.166204 0.752123 0.011790 0.011834
