0 0.370819 0.487386 0.014505 0.014756
0 0.549627 0.349782 0.013847 0.013934
0 0.944388 0.243426 0.011848 0.011665
0 0.419010 0.135714 0.013357 0.013443
0 0.379608 0.817698 0.013418 0.013417
0 0.791213 0.804407 0.012904 0.012960
0 0.593983 0.502528 0.013304 0.013083
0 0.457712 0.960377 0.013138 0.012958
0 0.679280 0.116664 0.012499 0.012438
0 0.410639 0.340220 0.013806 0.013682
0 0.525211 0.349128 0.013150 0.013105
0 0.217949 0.275396 0.013713 0.013620
0 0.608106 0.602095 0.013459 0.013683
0 0.730157 0.955640 0.013544 0.013275
0 0.857743 0.335467 0.012668 0.012420
0 0.529322 0.505581 0.014173 0.014259
0 0.587772 0.129006 0.013561 0.013543
0 0.663086 0.232263 0.012038 0.012000
0 0.548009 0.667085 0.012995 0.012773
0 0.142886 0.303735 0.013284 0.013090
0 0.136414 0.646753 0.011859 0.011772
0 0.629096 0.310979 0.012125 0.011942
0 0.854222 0.617990 0.013671 0.013673
0 0.424782 0.361427 0.011806 0.011660
0 0.103350 0.405346 0.012234 0.012212
0 0.296472 0.556328 0.013087 0.013094
0 0.119295 0.359300 0.012717 0.012726
0 0.105465 0.301692 0.014235 0.013971
0 0.314624 0.708139 0.012076 0.011791
0 0.748756 0.619033 0.013206 0.012968
0 0.239229 0.672493 0.012602 0.012573
0 0.805171 0.033483 0.011806 0.011633
0 0.692811 0.962092 0.012575 0.012577
0 0.650764 0.071513 0.012718 0.012835
0 0.639597 0.634771 0.012383 0.012518
0 0.517641 0.698695 0.012467 0.012542
0 0.280070 0.258933 0.011381 0.011573
0 0.865194 0.734570 0.012318 0.012107
0 0.432528 0.789855 0.012299 0.012075
0 0.867253 0.370248 0.012322 0.012068
0 0.331234 0.272996 0.012275 0.012326
0 0.945519 0.517996 0.011297 0.011159
0 0.331211 0.518971 0.012996 0.012741
0 0.174351 0.377452 0.012731 0.012675
0 0.646847 0.103796 0.012928 0.012736
0 0.622040 0.751578 0.013745 0.013971
0 0.448855 0.516575 0.011978 0.012079
0 0.473837 0.170514 0.013260 0.013346
0 0.264309 0.038436 0.012632 0.012598
0 0.507324 0.533257 0.014163 0.014513
0 0.168648 0.201496 0.013039 0.013189
0 0.736364 0.993254 0.012666 0.012246
0 0.568157 0.064870 0.014144 0.014180
0 0.612525 0.934915 0.012783 0.012528
0 0.103675 0.168915 0.013679 0.013721
0 0.612620 0.015795 0.012948 0.012777
0 0.224182 0.651670 0.012571 0.012387
0 0.927708 0.781915 0.012438 0.012742
0 0.541523 0.973601 0.011739 0.011567
0 0.822412 0.184723 0.012366 0.012397
0 0.824845 0.626935 0.012438 0.012394
0 0.036231 0.242689 0.013717 0.013673
0 0.863259 0.660569 0.012082 0.011875
0 0.457000 0.769753 0.013105 0.012930
0 0.184554 0.891294 0.012706 0.012751
0 0.254728 0.218974 0.013405 0.013551
0 0.279973 0.803666 0.013395 0.013518
0 0.194994 0.056860 0.013480 0.013356
0 0.657654 0.823784 0.013026 0.013141
0 0.421986 0.556283 0.012895 0.012982
0 0.621250 0.101870 0.012608 0.012565
0 0.345892 0.851139 0.012180 0.011971
0 0.636984 0.948000 0.013123 0.013007
0 0.584172 0.155192 0.013315 0.013082
0 0.147578 0.007665 0.012157 0.012312
0 0.892492 0.673762 0.011592 0.011165
0 0.946430 0.916819 0.012151 0.012243
0 0.182490 0.734445 0.012533 0.012599
0 0.788814 0.005325 0.011863 0.010650
0 0.244736 0.700443 0.012182 0.012221
0 0.032257 0.704310 0.011386 0.011512
0 0.329566 0.948275 0.012813 0.012711
0 0.231121 0.463485 0.013468 0.013534
0 0.731736 0.783487 0.012414 0.012413
0 0.523522 0.471082 0.012885 0.012473
0 0.186289 0.942934 0.013344 0.013353
0 0.203473 0.090958 0.011116 0.011078
0 0.871996 0.222372 0.012210 0.012339
0 0.629883 0.501666 0.011488 0.011521
0 0.517004 0.904680 0.011257 0.011088
0 0.010556 0.236876 0.011795 0.011649
0 0.346251 0.024946 0.012056 0.012149
0 0.109351 0.980723 0.013549 0.013461
0 0.711825 0.627190 0.012246 0.012221
0 0.848838 0.711494 0.022968 0.022873
0 0.060518 0.830049 0.010703 0.010633
0 0.987439 0.611065 0.012270 0.012282
0 0.399730 0.570766 0.011260 0.010798
0 0.996878 0.326178 0.006244 0.012441
0 0.468947 0.893052 0.011450 0.010987
0 0.848596 0.244884 0.011853 0.011275
0 0.121585 0.436975 0.012539 0.012647
0 0.096671 0.936201 0.011227 0.011113
0 0.682491 0.831352 0.011826 0.011880
0 0.342170 0.672911 0.011352 0.011122
0 0.691656 0.270230 0.011498 0.011489
0 0.037873 0.959872 0.012448 0.012272
0 0.906561 0.519353 0.010604 0.010873
0 0.938888 0.846227 0.010956 0.011053
0 0.466642 0.380903 0.012617 0.012486
