0 0.759333 0.086564 0.016016 0.015744
0 0.967376 0.374460 0.014291 0.014387
0 0.137407 0.528637 0.013797 0.013796
0 0.592371 0.837992 0.014320 0.014182
0 0.889873 0.259436 0.014835 0.014750
0 0.219547 0.043011 0.015388 0.015667
0 0.327852 0.598176 0.014570 0.014453
0 0.653576 0.522460 0.014862 0.014787
0 0.480742 0.538120 0.015865 0.015748
0 0.330102 0.943473 0.014246 0.014317
0 0.565925 0.243867 0.014251 0.014244
0 0.380391 0.021470 0.014082 0.014001
0 0.527979 0.331422 0.015515 0.015372
0 0.412167 0.290191 0.014111 0.014152
0 0.616031 0.443500 0.014652 0.014449
0 0.604842 0.639275 0.014844 0.014998
0 0.560326 0.811029 0.014313 0.014478
0 0.428037 0.882888 0.014830 0.014762
0 0.460015 0.072818 0.014351 0.014299
0 0.396328 0.396493 0.015695 0.015498
0 0.664636 0.787340 0.014287 0.014340
0 0.486915 0.742933 0.014132 0.014326
0 0.766395 0.389111 0.015088 0.014916
0 0.269653 0.344517 0.015450 0.015542
0 0.381945 0.574148 0.014221 0.014309
0 0.412209 0.592734 0.013938 0.014025
0 0.190165 0.507282 0.015233 0.015206
0 0.510042 0.181613 0.014335 0.014106
0 0.158112 0.331295 0.014643 0.014695
0 0.607473 0.916020 0.016708 0.016716
0 0.784670 0.176335 0.013117 0.013128
0 0.606969 0.266622 0.013889 0.013742
0 0.740718 0.044455 0.013066 0.013022
0 0.808179 0.381437 0.015019 0.015116
0 0.178112 0.716228 0.015183 0.014959
0 0.055530 0.808497 0.014539 0.014396
0 0.466912 0.483801 0.014924 0.015029
0 0.068895 0.429282 0.014245 0.014276
0 0.115082 0.287837 0.015871 0.015691
0 0.941962 0.615488 0.014605 0.014586
0 0.721448 0.205571 0.014599 0.014507
0 0.718232 0.982995 0.014083 0.013910
0 0.047503 0.257958 0.014326 0.014288
0 0.459878 0.191407 0.014134 0.014258
0 0.244613 0.450761 0.015329 0.015191
0 0.647672 0.725482 0.013875 0.013930
0 0.688437 0.781115 0.014592 0.014745
0 0.532905 0.609082 0.013932 0.013939
0 0.084368 0.184783 0.015443 0.015219
0 0.627783 0.416714 0.014771 0.014388
0 0.850035 0.721265 0.022438 0.022318
0 0.805566 0.412971 0.014767 0.014812
0 0.056849 0.289326 0.014849 0.014914
0 0.067966 0.576098 0.020895 0.021312
0 0.315765 0.074021 0.015310 0.014972
0 0.866876 0.614823 0.014753 0.014688
0 0.907554 0.777576 0.013895 0.014009
0 0.284266 0.700721 0.014548 0.014587
0 0.714360 0.914588 0.015132 0.015120
0 0.176002 0.195716 0.014929 0.014906
0 0.226904 0.570295 0.014801 0.014993
0 0.887205 0.401677 0.016141 0.015993
0 0.320913 0.765024 0.015230 0.015313
0 0.532095 0.243646 0.014768 0.014723
0 0.677564 0.974332 0.014430 0.014258
0 0.533890 0.640045 0.022753 0.022650
0 0.173976 0.899372 0.015245 0.015132
0 0.719279 0.695043 0.013799 0.013796
0 0.530942 0.709636 0.014962 0.014924
0 0.147707 0.885728 0.016190 0.015637
0 0.717735 0.634658 0.013379 0.013221
0 0.552231 0.482451 0.014531 0.014550
0 0.228131 0.078323 0.014321 0.014157
0 0.068154 0.894777 0.013755 0.013646
0 0.347745 0.300103 0.023147 0.023040
0 0.816687 0.534361 0.014696 0.014753
0 0.753876 0.023922 0.013855 0.013780
0 0.988248 0.951705 0.014952 0.015376
0 0.184853 0.064633 0.014814 0.014888
0 0.490674 0.966246 0.014812 0.014592
0 0.950775 0.021271 0.016640 0.016756
0 0.558855 0.196294 0.014336 0.013883
0 0.941236 0.991755 0.013473 0.012929
0 0.959740 0.981780 0.014845 0.015033
0 0.884013 0.310942 0.014349 0.014209
0 0.994508 0.140057 0.010983 0.015049
0 0.801148 0.117998 0.013385 0.013522
0 0.103214 0.790766 0.014942 0.014912
0 0.015325 0.804738 0.014064 0.013663
0 0.490410 0.009273 0.015408 0.015849
0 0.993817 0.086423 0.012366 0.017015
0 0.210192 0.547383 0.015133 0.015086
0 0.702760 0.822583 0.020110 0.020114
0 0.690385 0.995855 0.013946 0.008232
0 0.523781 0.019784 0.019125 0.018691
0 0.007043 0.684472 0.013300 0.015264
0 0.153020 0.240068 0.015469 0.015023
0 0.014101 0.109669 0.014065 0.014052
0 0.100346 0.981174 0.013910 0.014277
0 0.825827 0.549186 0.013888 0.013796
0 0.620460 0.123840 0.013103 0.012907
0 0.635230 0.088194 0.021854 0.021973
0 0.417254 0.222767 0.016931 0.016811
0 0.671535 0.192971 0.019267 0.018904
0 0.549802 0.961382 0.014074 0.014419
0 0.832341 0.798159 0.015397 0.015225
0 0.180895 0.002670 0.015413 0.005297
0 0.374731 0.691476 0.014357 0.014165
0 0.086499 0.930656 0.013857 0.013816
0 0.089779 0.486416 0.014365 0.013883
0 0.265142 0.246536 0.019770 0.019496
0 0.365475 0.777208 0.016088 0.016074
0 0.913800 0.146613 0.016632 0.016184
0 0.995453 0.845636 0.009040 0.014250
0 0.151985 0.242037 0.015576 0.015461
0 0.621268 0.125844 0.012884 0.012883
0 0.451540 0.214922 0.020140 0.020253
0 0.376316 0.229308 0.016380 0.016020
0 0.302417 0.235788 0.016623 0.016673
0 0.858198 0.412759 0.018987 0.018791
