0 0.749493 0.615679 0.012736 0.012526
0 0.684987 0.560473 0.011854 0.011780
0 0.348393 0.554138 0.012776 0.012643
0 0.604503 0.580552 0.012184 0.011977
0 0.158259 0.225212 0.013222 0.013250
0 0.287745 0.085036 0.012799 0.012580
0 0.233288 0.059119 0.013845 0.013423
0 0.333382 0.428638 0.013241 0.013046
0 0.186318 0.889623 0.013052 0.013128
0 0.239571 0.203480 0.011731 0.011830
0 0.721047 0.578777 0.010344 0.010300
0 0.836407 0.570760 0.013177 0.013206
0 0.461399 0.958368 0.013145 0.013219
0 0.661466 0.911372 0.012912 0.012638
0 0.548918 0.321278 0.013401 0.013557
0 0.459158 0.634210 0.012466 0.012497
0 0.209988 0.545033 0.012343 0.012252
0 0.762400 0.827627 0.013427 0.013303
0 0.825182 0.833408 0.012121 0.011973
0 0.383535 0.665232 0.012389 0.012341
0 0.618784 0.714498 0.011732 0.011589
0 0.439007 0.084589 0.013225 0.013242
0 0.775503 0.735362 0.013995 0.013657
0 0.384370 0.282741 0.012998 0.013161
0 0.105771 0.498515 0.013147 0.012975
0 0.444341 0.539905 0.011952 0.012049
0 0.403515 0.163165 0.013403 0.013608
0 0.744014 0.407110 0.011765 0.011826
0 0.660068 0.442906 0.011624 0.011347
0 0.225840 0.650493 0.012674 0.012458
0 0.430720 0.355681 0.011872 0.011819
0 0.018922 0.436106 0.011286 0.011274
0 0.259120 0.725172 0.012203 0.012267
0 0.148316 0.815914 0.013249 0.013015
0 0.896882 0.725602 0.011575 0.011561
0 0.616067 0.358541 0.011263 0.011294
0 0.676161 0.852052 0.012609 0.012863
0 0.256772 0.575213 0.014059 0.014077
0 0.790670 0.891393 0.010526 0.010525
0 0.381701 0.529672 0.013133 0.012984
0 0.674362 0.218475 0.011870 0.011502
0 0.365284 0.800507 0.013914 0.014149
0 0.544035 0.972878 0.013870 0.013582
0 0.557776 0.919290 0.013826 0.013627
0 0.093170 0.346942 0.011497 0.011828
0 0.237787 0.846954 0.012212 0.012003
0 0.559376 0.602110 0.010439 0.010336
0 0.103588 0.599636 0.012697 0.012664
0 0.013283 0.970051 0.013161 0.013214
0 0.223208 0.467377 0.012922 0.012889
0 0.594937 0.637274 0.012165 0.012086
0 0.862133 0.029136 0.011429 0.011641
0 0.559142 0.637478 0.012094 0.012288
0 0.109624 0.979494 0.013364 0.013431
0 0.406761 0.858887 0.012270 0.012419
0 0.128197 0.773391 0.012491 0.012358
0 0.139730 0.289232 0.010302 0.009834
0 0.020891 0.193885 0.013307 0.013185
0 0.488575 0.650984 0.012472 0.012278
0 0.028865 0.064509 0.012375 0.012164
0 0.115933 0.609074 0.013225 0.013193
0 0.847027 0.717086 0.020440 0.019980
0 0.546867 0.592050 0.012382 0.012446
0 0.029980 0.215861 0.013388 0.013372
0 0.372619 0.858869 0.011617 0.011441
0 0.056977 0.453807 0.012390 0.012410
0 0.624564 0.113359 0.012395 0.012425
0 0.348300 0.259841 0.010524 0.010597
0 0.530441 0.635796 0.022913 0.023154
0 0.377659 0.229386 0.014272 0.013898
0 0.996748 0.587878 0.006455 0.013152
0 0.750795 0.089364 0.011897 0.011799
0 0.386106 0.990042 0.013734 0.013784
0 0.582663 0.271087 0.011135 0.011155
0 0.141396 0.307303 0.011362 0.011379
0 0.607765 0.028869 0.011082 0.011273
0 0.441799 0.058379 0.012335 0.012152
0 0.805331 0.054848 0.010594 0.010729
0 0.510680 0.333670 0.011471 0.011544
0 0.485424 0.536628 0.011275 0.011452
0 0.701050 0.821287 0.019890 0.019575
0 0.224621 0.745947 0.012299 0.012673
0 0.977590 0.026295 0.010907 0.010664
0 0.345722 0.295683 0.023116 0.023164
0 0.920572 0.144629 0.017458 0.017157
0 0.669053 0.128710 0.010040 0.009859
0 0.494235 0.430989 0.010569 0.010659
0 0.481168 0.450825 0.010431 0.010012
0 0.166502 0.339575 0.011060 0.010993
0 0.183544 0.450413 0.010797 0.010475
0 0.807215 0.175856 0.011273 0.011091
