0 0.517402 0.417138 0.012688 0.012606
0 0.523529 0.349431 0.013525 0.013312
0 0.969812 0.540936 0.013664 0.013638
0 0.584517 0.498857 0.012827 0.012720
0 0.683654 0.382666 0.014373 0.014524
0 0.697230 0.154091 0.012062 0.012037
0 0.047585 0.345209 0.012848 0.012849
0 0.534951 0.213737 0.012958 0.012955
0 0.183950 0.891433 0.013229 0.013098
0 0.919816 0.040327 0.013848 0.014030
0 0.014013 0.402913 0.013731 0.013727
0 0.225029 0.565660 0.013825 0.013539
0 0.846311 0.031942 0.012700 0.012722
0 0.524439 0.508555 0.012463 0.013139
0 0.389179 0.384976 0.012530 0.012361
0 0.379409 0.437781 0.012806 0.012871
0 0.334520 0.835273 0.012334 0.012296
0 0.214790 0.261630 0.012060 0.011830
0 0.714524 0.928288 0.013210 0.013122
0 0.054758 0.488151 0.013440 0.013298
0 0.179343 0.285411 0.012503 0.012428
0 0.585566 0.320726 0.013440 0.013424
0 0.744055 0.787266 0.011429 0.011530
0 0.293823 0.290332 0.013718 0.013399
0 0.048480 0.926189 0.012006 0.011936
0 0.330928 0.056224 0.013491 0.013455
0 0.319904 0.505415 0.013724 0.013708
0 0.063802 0.811044 0.013262 0.013149
0 0.161749 0.389159 0.011763 0.011987
0 0.909078 0.420750 0.013185 0.013286
0 0.561568 0.182776 0.011764 0.011343
0 0.348693 0.634616 0.013499 0.013463
0 0.052937 0.172930 0.012839 0.012680
0 0.916880 0.823470 0.013375 0.013212
0 0.103075 0.663218 0.013362 0.013331
0 0.284724 0.603974 0.013106 0.013007
0 0.061043 0.400482 0.011826 0.011971
0 0.585623 0.044928 0.013648 0.013460
0 0.051769 0.445431 0.013653 0.013650
0 0.441175 0.059548 0.012133 0.012253
0 0.108139 0.980959 0.013473 0.013375
0 0.460689 0.246677 0.013032 0.013024
0 0.758862 0.455877 0.013671 0.013428
0 0.798693 0.774402 0.013573 0.013595
0 0.141569 0.908309 0.012794 0.012499
0 0.669926 0.892961 0.012533 0.012470
0 0.294294 0.503942 0.013599 0.013496
0 0.384311 0.513438 0.014502 0.014503
0 0.764774 0.258697 0.012938 0.012827
0 0.549321 0.614131 0.012670 0.012532
0 0.547281 0.702487 0.012162 0.012395
0 0.438746 0.588370 0.011472 0.011399
0 0.535890 0.384117 0.011538 0.011282
0 0.456191 0.957603 0.012789 0.012763
0 0.372933 0.330763 0.012703 0.012946
0 0.464181 0.361146 0.012220 0.011769
0 0.307299 0.208827 0.013140 0.012899
0 0.857313 0.321114 0.013781 0.013867
0 0.404445 0.615470 0.012402 0.012402
0 0.746275 0.619399 0.013322 0.013313
0 0.765847 0.230580 0.012648 0.012465
0 0.543015 0.054391 0.013601 0.013229
0 0.349333 0.088901 0.012271 0.012356
0 0.768755 0.296278 0.012593 0.012463
0 0.558825 0.305985 0.012734 0.012632
0 0.452818 0.010131 0.014230 0.014124
0 0.052899 0.062688 0.011970 0.012008
0 0.816070 0.006919 0.011959 0.011934
0 0.004386 0.482574 0.008740 0.013202
0 0.290739 0.778098 0.011968 0.011944
0 0.989063 0.474770 0.012550 0.012641
0 0.407935 0.065774 0.014709 0.014490
0 0.223417 0.648364 0.012512 0.012351
0 0.016324 0.867595 0.010771 0.010468
0 0.671055 0.170656 0.012433 0.012253
0 0.541920 0.976088 0.012630 0.012524
0 0.223722 0.468323 0.012861 0.013033
0 0.346724 0.792772 0.012523 0.012780
0 0.750542 0.003850 0.012544 0.007699
0 0.731051 0.706154 0.014901 0.014353
0 0.092174 0.600525 0.011432 0.011434
0 0.494471 0.417227 0.013807 0.013599
0 0.493967 0.544067 0.012757 0.012740
0 0.604213 0.592431 0.012403 0.012492
0 0.161227 0.756291 0.013451 0.013365
0 0.254885 0.965638 0.011346 0.011418
0 0.464976 0.103581 0.013906 0.013596
0 0.007788 0.130495 0.012639 0.012389
0 0.461893 0.138295 0.012385 0.012538
0 0.521017 0.842841 0.011890 0.011894
0 0.874553 0.207633 0.011845 0.011580
0 0.158055 0.673992 0.011837 0.011987
0 0.265503 0.033303 0.012790 0.012658
0 0.850539 0.711160 0.018721 0.018358
0 0.364658 0.895089 0.012451 0.012587
0 0.030066 0.792538 0.013527 0.013343
0 0.728328 0.642736 0.011824 0.011606
0 0.442212 0.570077 0.010984 0.010524
0 0.775871 0.005495 0.013299 0.010938
0 0.464621 0.595248 0.011911 0.012101
0 0.395860 0.943495 0.009889 0.009755
0 0.400301 0.570888 0.011881 0.011353
0 0.580765 0.446127 0.011578 0.011372
0 0.529452 0.627667 0.019191 0.017797
0 0.482406 0.101854 0.011264 0.011213
0 0.421768 0.556614 0.013852 0.013824
0 0.327349 0.921089 0.009183 0.009452
