0 0.525205 0.346505 0.013083 0.012867
0 0.352741 0.068547 0.012277 0.012167
0 0.610091 0.862324 0.012666 0.012483
0 0.110120 0.979748 0.013844 0.013849
0 0.186759 0.889709 0.012971 0.012914
0 0.151077 0.933440 0.013188 0.013222
0 0.272314 0.794719 0.012099 0.012028
0 0.747842 0.616100 0.012324 0.012072
0 0.801126 0.543422 0.011320 0.011486
0 0.233853 0.351056 0.012103 0.012106
0 0.473145 0.784115 0.010900 0.010835
0 0.252041 0.407486 0.012768 0.012786
0 0.403931 0.786898 0.012402 0.012363
0 0.666734 0.604851 0.011834 0.011773
0 0.523552 0.790237 0.012601 0.012341
0 0.026401 0.338418 0.011019 0.010870
0 0.897457 0.807002 0.010938 0.010893
0 0.459380 0.958865 0.011641 0.011582
0 0.157275 0.231400 0.012262 0.012342
0 0.185645 0.070322 0.012529 0.012339
0 0.654736 0.878784 0.012744 0.012648
0 0.147497 0.367134 0.011724 0.011844
0 0.115737 0.344246 0.013021 0.013104
0 0.240498 0.619618 0.012759 0.012462
0 0.542139 0.973226 0.011508 0.011439
0 0.694373 0.372962 0.011139 0.011120
0 0.612781 0.692075 0.013254 0.013242
0 0.342759 0.645529 0.012580 0.012336
0 0.577546 0.903736 0.010874 0.010886
0 0.299202 0.681988 0.012952 0.012945
0 0.538293 0.200365 0.013500 0.013515
0 0.527209 0.714823 0.012578 0.012562
0 0.177241 0.978411 0.013139 0.013242
0 0.896923 0.589427 0.012444 0.012577
0 0.780476 0.913709 0.010837 0.011027
0 0.247193 0.657111 0.014047 0.014044
0 0.745453 0.862472 0.013343 0.013560
0 0.498277 0.980919 0.010890 0.010690
0 0.530473 0.636463 0.021787 0.021810
0 0.882958 0.657882 0.010970 0.010859
0 0.008959 0.831098 0.013073 0.012976
0 0.721510 0.700665 0.012165 0.011963
0 0.180575 0.724271 0.013596 0.013669
0 0.007604 0.987340 0.014047 0.013984
0 0.453263 0.019300 0.011334 0.011609
0 0.472656 0.994591 0.011436 0.010579
0 0.380506 0.221099 0.015496 0.015300
0 0.021415 0.557328 0.010689 0.010391
0 0.848153 0.718603 0.018435 0.018042
0 0.702587 0.633708 0.011546 0.011609
0 0.291114 0.809417 0.011213 0.011107
0 0.854029 0.456165 0.011610 0.011936
0 0.226082 0.651259 0.012485 0.012075
0 0.156829 0.115276 0.010664 0.010901
0 0.032838 0.574440 0.011524 0.011703
0 0.741147 0.420256 0.010014 0.009829
0 0.754273 0.506886 0.010515 0.010418
0 0.412801 0.233915 0.012257 0.012363
0 0.164999 0.277193 0.011272 0.011170
0 0.906526 0.398004 0.011668 0.011463
0 0.228432 0.869137 0.011023 0.010930
0 0.270200 0.314003 0.016470 0.017151
0 0.974303 0.606128 0.011236 0.011158
0 0.435255 0.733297 0.012629 0.013020
0 0.344256 0.296470 0.022148 0.022494
0 0.446442 0.859524 0.010177 0.010087
0 0.329691 0.517139 0.010933 0.011018
0 0.802071 0.313459 0.011059 0.011202
0 0.144239 0.699424 0.010771 0.010777
0 0.148273 0.449652 0.011211 0.011319
0 0.164212 0.501152 0.010195 0.010318
0 0.635916 0.084069 0.014548 0.014549
0 0.921694 0.050430 0.010135 0.009923
0 0.681856 0.014260 0.011562 0.011754
0 0.326310 0.063987 0.012664 0.012709
0 0.780526 0.055538 0.010655 0.010646
0 0.194773 0.552173 0.010605 0.010584
0 0.942480 0.884739 0.011439 0.011430
0 0.701835 0.821322 0.020404 0.020021
0 0.669980 0.063110 0.011996 0.012017
0 0.022055 0.466995 0.011419 0.011589
0 0.058815 0.457745 0.011648 0.011767
0 0.679250 0.184810 0.011991 0.012339
0 0.445645 0.860628 0.009991 0.010124
