0 0.954170 0.374472 0.011335 0.011043
0 0.875245 0.354546 0.012018 0.011759
0 0.928463 0.040464 0.011681 0.011725
0 0.061649 0.352649 0.012674 0.012628
0 0.487359 0.518639 0.012568 0.012482
0 0.624945 0.949601 0.014889 0.014515
0 0.411936 0.389340 0.013089 0.012964
0 0.939093 0.307898 0.013279 0.013231
0 0.506820 0.550150 0.012451 0.012357
0 0.475455 0.410721 0.012902 0.012961
0 0.606317 0.746498 0.011856 0.011917
0 0.910112 0.715789 0.012752 0.012597
0 0.924179 0.845152 0.013940 0.013828
0 0.952826 0.629620 0.012569 0.012646
0 0.518612 0.358848 0.013359 0.013408
0 0.512583 0.963950 0.013830 0.013876
0 0.155075 0.198632 0.012923 0.012946
0 0.809788 0.184102 0.012834 0.012769
0 0.503671 0.589439 0.012181 0.012182
0 0.465759 0.100524 0.013378 0.013299
0 0.274382 0.580055 0.013379 0.013064
0 0.701003 0.579233 0.012369 0.012398
0 0.658411 0.433060 0.013199 0.013077
0 0.325626 0.244745 0.012708 0.012665
0 0.586722 0.512765 0.013505 0.013456
0 0.463886 0.829826 0.013334 0.013319
0 0.058592 0.697369 0.012666 0.012512
0 0.484765 0.755775 0.012317 0.012314
0 0.277670 0.237448 0.013658 0.013629
0 0.097650 0.370949 0.011886 0.011975
0 0.578511 0.168746 0.012673 0.012618
0 0.444614 0.692784 0.013042 0.012950
0 0.903745 0.540429 0.012454 0.012528
0 0.279647 0.436692 0.012301 0.012181
0 0.541647 0.726351 0.011998 0.011633
0 0.320196 0.392195 0.013058 0.013003
0 0.695109 0.839096 0.012157 0.012210
0 0.558982 0.834386 0.012204 0.012251
0 0.904341 0.197847 0.012295 0.012496
0 0.552081 0.179075 0.013002 0.012998
0 0.403063 0.893587 0.013140 0.013119
0 0.889530 0.588130 0.011969 0.011930
0 0.305555 0.555242 0.014433 0.014194
0 0.657995 0.086761 0.012265 0.012187
0 0.269300 0.657359 0.012232 0.012280
0 0.190085 0.708016 0.013472 0.013488
0 0.443904 0.286733 0.013222 0.013362
0 0.883856 0.118942 0.009235 0.009110
0 0.718491 0.700984 0.013402 0.013247
0 0.966902 0.607061 0.011630 0.011169
0 0.647983 0.579566 0.011889 0.011867
0 0.626184 0.666510 0.014202 0.013981
0 0.512736 0.434192 0.012130 0.012170
0 0.681885 0.270989 0.011815 0.011944
0 0.789685 0.517688 0.011950 0.011927
0 0.042854 0.814709 0.012360 0.012356
0 0.497932 0.463523 0.013737 0.013708
0 0.778846 0.104351 0.013081 0.012916
0 0.050155 0.613063 0.012991 0.013014
0 0.868918 0.107882 0.012122 0.011823
0 0.238503 0.459958 0.014215 0.014076
0 0.772758 0.059673 0.013035 0.012457
0 0.458066 0.186921 0.013598 0.013516
0 0.464080 0.672591 0.012136 0.012070
0 0.187900 0.621102 0.012390 0.012422
0 0.092964 0.341693 0.013179 0.013214
0 0.394219 0.591716 0.013471 0.013640
0 0.733769 0.442995 0.012152 0.011984
0 0.111718 0.190778 0.012558 0.012397
0 0.766610 0.854542 0.012279 0.012251
0 0.527836 0.590621 0.013486 0.013794
0 0.840110 0.808436 0.011872 0.011975
0 0.734983 0.621833 0.014044 0.014142
0 0.753778 0.433577 0.011921 0.011811
0 0.008885 0.417201 0.014700 0.014818
0 0.794223 0.385924 0.013390 0.013385
0 0.438713 0.308748 0.015086 0.015158
0 0.767935 0.534973 0.012493 0.012194
0 0.004262 0.442476 0.008518 0.012335
0 0.224637 0.538970 0.012964 0.013023
0 0.800176 0.770910 0.014032 0.014309
0 0.626890 0.126740 0.012729 0.012863
0 0.391621 0.966920 0.012477 0.012437
0 0.088976 0.925556 0.011926 0.011850
0 0.824184 0.987294 0.012634 0.012624
0 0.903266 0.073945 0.011722 0.011435
0 0.130807 0.772139 0.012889 0.012650
0 0.042549 0.904847 0.011534 0.011500
0 0.783355 0.366867 0.013928 0.014081
0 0.349597 0.291137 0.023958 0.024273
0 0.475890 0.306787 0.011296 0.011274
0 0.831114 0.216480 0.013285 0.013704
0 0.340784 0.836347 0.012817 0.012884
0 0.802250 0.486736 0.013090 0.012726
0 0.268258 0.939982 0.010597 0.010492
0 0.365903 0.724663 0.012463 0.012284
0 0.286777 0.673154 0.013051 0.012897
0 0.983139 0.513237 0.014238 0.013316
0 0.975467 0.041967 0.009570 0.009403
0 0.860510 0.739097 0.011740 0.011842
0 0.487510 0.372975 0.012340 0.012284
0 0.931517 0.008550 0.010181 0.010687
0 0.534412 0.628837 0.022617 0.022584
0 0.913096 0.928769 0.011309 0.011384
0 0.073092 0.918712 0.011286 0.011475
0 0.743587 0.597983 0.011909 0.011587
0 0.004533 0.746519 0.008939 0.014153
0 0.510237 0.318437 0.010486 0.010252
0 0.878614 0.979033 0.012610 0.012768
0 0.848001 0.545934 0.011579 0.011754
0 0.772242 0.834372 0.011903 0.011891
0 0.802215 0.540591 0.011488 0.011365
0 0.710951 0.888011 0.013152 0.013765
0 0.143333 0.950622 0.010992 0.010917
0 0.897260 0.998293 0.010442 0.003359
0 0.998028 0.297874 0.003945 0.013378
0 0.191510 0.996418 0.010068 0.007124
0 0.638039 0.079503 0.022567 0.022763
0 0.931513 0.558580 0.011346 0.011131
0 0.417395 0.907666 0.011739 0.011487
0 0.944855 0.675922 0.011969 0.012131
0 0.956761 0.024805 0.009668 0.009421
0 0.924550 0.139614 0.021804 0.022345
0 0.105400 0.939428 0.011936 0.012261
