0 0.290745 0.810681 0.013342 0.013328
0 0.763236 0.346719 0.014182 0.014093
0 0.959227 0.560189 0.011994 0.011886
0 0.497576 0.243340 0.012908 0.012675
0 0.813764 0.881367 0.013942 0.013986
0 0.680570 0.865595 0.012990 0.012806
0 0.635598 0.571499 0.013946 0.013782
0 0.458048 0.961097 0.012716 0.012598
0 0.682306 0.773678 0.012014 0.012038
0 0.793612 0.515167 0.012736 0.012775
0 0.498243 0.339801 0.013579 0.013370
0 0.879836 0.955620 0.013247 0.013358
0 0.560075 0.800525 0.012792 0.012765
0 0.434458 0.426237 0.012251 0.012374
0 0.621429 0.801695 0.011234 0.011035
0 0.526683 0.347812 0.013441 0.013519
0 0.361599 0.490376 0.013848 0.013845
0 0.454128 0.739932 0.013021 0.012848
0 0.519702 0.572905 0.013553 0.013523
0 0.781888 0.899630 0.013122 0.013074
0 0.399533 0.057717 0.011071 0.010971
0 0.785580 0.329763 0.011766 0.011735
0 0.486473 0.173791 0.011403 0.011369
0 0.748787 0.619096 0.013593 0.013459
0 0.826816 0.627905 0.013540 0.013684
0 0.513457 0.531720 0.012297 0.012481
0 0.619034 0.553605 0.013119 0.013130
0 0.541090 0.973959 0.011713 0.011417
0 0.233107 0.826082 0.012710 0.012666
0 0.905889 0.304279 0.012239 0.012224
0 0.633638 0.847286 0.012398 0.012198
0 0.376247 0.187728 0.012863 0.012914
0 0.516820 0.955457 0.011423 0.011218
0 0.952957 0.391528 0.012085 0.012100
0 0.418234 0.713000 0.012285 0.012149
0 0.760841 0.715006 0.013428 0.013472
0 0.130563 0.140448 0.013535 0.013494
0 0.408970 0.957106 0.012635 0.012465
0 0.985234 0.849278 0.013149 0.013085
0 0.840409 0.574583 0.014161 0.014378
0 0.959631 0.888196 0.013443 0.013503
0 0.185155 0.891059 0.012171 0.012131
0 0.959177 0.462202 0.012122 0.012032
0 0.505011 0.038236 0.010992 0.011164
0 0.554905 0.746662 0.012120 0.012080
0 0.336737 0.828279 0.011211 0.011343
0 0.168987 0.393454 0.013737 0.013545
0 0.429108 0.072297 0.011120 0.011335
0 0.326236 0.730739 0.011230 0.011409
0 0.826471 0.576843 0.012009 0.011768
0 0.948078 0.512878 0.012461 0.012628
0 0.091958 0.341006 0.012428 0.012197
0 0.254325 0.219748 0.013809 0.013930
0 0.014318 0.521012 0.012856 0.012796
0 0.188017 0.995208 0.012040 0.009575
0 0.039600 0.299223 0.011933 0.012195
0 0.045971 0.705313 0.013575 0.013605
0 0.469864 0.618089 0.011377 0.011305
0 0.932762 0.981408 0.012160 0.012084
0 0.422396 0.555794 0.012827 0.012673
0 0.741960 0.559943 0.013229 0.013115
0 0.195711 0.491090 0.011639 0.011651
0 0.302635 0.255997 0.012796 0.012953
0 0.244159 0.860198 0.013246 0.013100
0 0.671318 0.320975 0.012326 0.012303
0 0.144388 0.312414 0.012291 0.012532
0 0.687964 0.662585 0.013414 0.013497
0 0.439386 0.698370 0.010856 0.010876
0 0.296687 0.271061 0.010786 0.010719
0 0.172530 0.080757 0.012693 0.012425
0 0.084066 0.631831 0.011781 0.011586
0 0.223571 0.469150 0.012988 0.013108
0 0.332058 0.518944 0.012435 0.012284
0 0.987883 0.448063 0.012817 0.012935
0 0.165443 0.613859 0.012220 0.012602
0 0.083203 0.019763 0.013119 0.013051
0 0.281359 0.491064 0.011416 0.011175
0 0.689069 0.267146 0.012368 0.012393
0 0.217458 0.938208 0.011234 0.011161
0 0.820548 0.348838 0.012233 0.012461
0 0.315909 0.686052 0.012794 0.012787
0 0.093779 0.157538 0.012701 0.012610
0 0.407990 0.221035 0.011432 0.011291
0 0.996340 0.405627 0.007301 0.012754
0 0.173829 0.665784 0.012403 0.012348
0 0.859468 0.169708 0.011905 0.011790
0 0.103596 0.959333 0.011184 0.011227
0 0.992966 0.583596 0.011475 0.011529
0 0.117247 0.696824 0.011344 0.011250
0 0.494165 0.544129 0.013997 0.014428
0 0.931570 0.004755 0.014216 0.009491
0 0.240760 0.122215 0.014005 0.013945
0 0.290866 0.003112 0.013274 0.006225
0 0.457554 0.770145 0.011688 0.011736
0 0.072468 0.289709 0.013253 0.013167
0 0.057917 0.142654 0.012509 0.012510
0 0.065667 0.593061 0.012637 0.012501
0 0.259437 0.077078 0.012859 0.012846
0 0.185260 0.646562 0.012644 0.012799
0 0.225404 0.652319 0.013064 0.012888
0 0.004594 0.569610 0.009161 0.012199
0 0.108978 0.980775 0.012862 0.013183
0 0.428728 0.101828 0.011545 0.011489
0 0.909245 0.099822 0.011983 0.011903
0 0.787315 0.005360 0.012887 0.010609
0 0.838174 0.726767 0.012821 0.013027
0 0.344120 0.289283 0.023495 0.023536
0 0.532085 0.630147 0.023910 0.023825
0 0.639327 0.032025 0.011906 0.011907
0 0.998256 0.220426 0.003406 0.010198
0 0.455234 0.467985 0.016321 0.015569
0 0.916991 0.117320 0.012236 0.011778
0 0.237200 0.002838 0.013794 0.005676
0 0.905431 0.131290 0.013445 0.013093
0 0.104614 0.467277 0.012224 0.012154
0 0.478381 0.730677 0.011126 0.011335
0 0.029926 0.958936 0.012236 0.012088
0 0.846073 0.713988 0.021474 0.020765
0 0.366125 0.159569 0.009592 0.009366
0 0.839356 0.725484 0.013713 0.012935
0 0.350031 0.561540 0.008554 0.008556
