0 0.488795 0.969595 0.016335 0.016368
0 0.216145 0.248872 0.014281 0.014220
0 0.210442 0.619257 0.014577 0.014419
0 0.196248 0.709297 0.014605 0.014271
0 0.404018 0.792820 0.014361 0.014426
0 0.214224 0.074581 0.014353 0.014314
0 0.925657 0.665437 0.018196 0.018149
0 0.198594 0.347582 0.014177 0.014223
0 0.042346 0.378755 0.014183 0.013977
0 0.309327 0.717184 0.014399 0.014396
0 0.276000 0.555067 0.014231 0.014288
0 0.426852 0.917002 0.014743 0.014605
0 0.737287 0.877325 0.013867 0.013796
0 0.637190 0.472680 0.014817 0.014877
0 0.255385 0.165243 0.014341 0.014262
0 0.263772 0.833545 0.014155 0.014103
0 0.435355 0.391499 0.014134 0.014131
0 0.906071 0.387836 0.013954 0.014045
0 0.191033 0.214218 0.014365 0.014201
0 0.099536 0.426889 0.016964 0.016878
0 0.059080 0.103899 0.014325 0.014344
0 0.923108 0.063206 0.013324 0.013158
0 0.227854 0.119517 0.014197 0.014177
0 0.570218 0.201507 0.014190 0.014155
0 0.428362 0.701854 0.014337 0.014416
0 0.736674 0.568070 0.013817 0.013886
0 0.842358 0.945264 0.014596 0.014522
0 0.675490 0.929215 0.014623 0.014582
0 0.403696 0.183171 0.014652 0.014644
0 0.738002 0.617674 0.014965 0.015067
0 0.404388 0.048458 0.014476 0.014782
0 0.694456 0.250917 0.014468 0.014630
0 0.912076 0.691550 0.014794 0.014758
0 0.774603 0.677716 0.014275 0.014103
0 0.436681 0.424324 0.014423 0.014216
0 0.157036 0.840400 0.015999 0.015980
0 0.604420 0.501098 0.014295 0.014191
0 0.397248 0.298615 0.014202 0.014233
0 0.024921 0.838542 0.014699 0.014718
0 0.876801 0.349345 0.014257 0.014413
0 0.262876 0.503084 0.014069 0.014015
0 0.685636 0.550021 0.014555 0.014357
0 0.753388 0.313484 0.014041 0.013684
0 0.859412 0.962003 0.014838 0.014769
0 0.846457 0.218838 0.013785 0.013883
0 0.468492 0.364877 0.014427 0.014226
0 0.670950 0.858283 0.014300 0.014470
0 0.866890 0.163892 0.013551 0.013155
0 0.329459 0.791034 0.013888 0.014012
0 0.820010 0.174647 0.013406 0.013439
0 0.642612 0.946302 0.014482 0.014477
0 0.234141 0.502912 0.014787 0.014673
0 0.741056 0.388280 0.015423 0.015031
0 0.488987 0.729032 0.013830 0.013638
0 0.056565 0.801918 0.014183 0.014140
0 0.736330 0.966862 0.014691 0.014514
0 0.092248 0.556167 0.014745 0.014707
0 0.278976 0.431012 0.013955 0.013855
0 0.953001 0.168632 0.013894 0.013951
0 0.478556 0.630399 0.014374 0.014533
0 0.219186 0.007601 0.014420 0.014282
0 0.571987 0.128213 0.015034 0.015313
0 0.349420 0.380115 0.014105 0.014473
0 0.375624 0.722927 0.013406 0.013393
0 0.208322 0.932589 0.014332 0.014272
0 0.848223 0.297856 0.015217 0.015283
0 0.477974 0.825883 0.016895 0.017138
0 0.051798 0.418021 0.014028 0.014213
0 0.769001 0.085075 0.014023 0.014086
0 0.345220 0.299208 0.022765 0.022313
0 0.215079 0.420528 0.013903 0.013888
0 0.088619 0.311139 0.014916 0.014841
0 0.970027 0.130311 0.013917 0.013727
0 0.819973 0.043060 0.013711 0.013648
0 0.046935 0.061508 0.015150 0.014793
0 0.794384 0.693256 0.014934 0.014923
0 0.551260 0.549051 0.013626 0.013437
0 0.563452 0.417224 0.014208 0.014585
0 0.920343 0.145374 0.018618 0.017946
0 0.650365 0.240078 0.013422 0.013414
0 0.453097 0.168013 0.015039 0.014920
0 0.839098 0.381724 0.014699 0.014780
0 0.651696 0.202300 0.014699 0.014578
0 0.836193 0.579104 0.016457 0.016413
0 0.673140 0.005054 0.013942 0.010089
0 0.108711 0.117401 0.015435 0.015366
0 0.075198 0.227552 0.014568 0.014342
0 0.911776 0.986014 0.016432 0.016600
0 0.608256 0.135711 0.014951 0.014409
0 0.496403 0.580556 0.014345 0.014233
0 0.640528 0.126678 0.014083 0.014087
0 0.353025 0.614325 0.014246 0.014258
0 0.784776 0.011085 0.014699 0.014483
0 0.118146 0.007606 0.014572 0.014369
0 0.759320 0.527926 0.014318 0.014083
0 0.248527 0.542362 0.015114 0.014794
0 0.773553 0.453594 0.014386 0.014370
0 0.272015 0.221462 0.013851 0.013801
0 0.317563 0.295264 0.015718 0.015540
0 0.523037 0.684028 0.015660 0.015620
0 0.333978 0.621653 0.014324 0.013896
0 0.858497 0.624194 0.014761 0.014631
0 0.341324 0.346500 0.013611 0.013641
0 0.986408 0.507146 0.016512 0.016116
0 0.309647 0.812805 0.015696 0.015776
0 0.837055 0.029104 0.013867 0.013934
0 0.068111 0.248011 0.015634 0.015671
0 0.950764 0.942324 0.014884 0.014629
0 0.703129 0.058279 0.014500 0.014508
0 0.113314 0.857727 0.013333 0.013308
0 0.012047 0.919511 0.014350 0.014205
0 0.651193 0.634270 0.015353 0.015516
0 0.309396 0.382544 0.013503 0.013777
0 0.492886 0.255505 0.014326 0.014173
0 0.530780 0.638429 0.022848 0.022703
0 0.265357 0.235594 0.012962 0.012991
0 0.991984 0.442578 0.014576 0.014634
0 0.995597 0.079283 0.008805 0.014492
0 0.622144 0.674527 0.015980 0.015736
0 0.025924 0.639308 0.013774 0.013683
0 0.774619 0.197353 0.013185 0.013223
0 0.767372 0.950460 0.016236 0.016686
0 0.898436 0.597031 0.015009 0.014885
0 0.348218 0.328651 0.014739 0.014651
0 0.793100 0.558071 0.015475 0.015083
0 0.130723 0.154655 0.014711 0.014634
0 0.997753 0.300032 0.004494 0.014823
0 0.317571 0.986336 0.016637 0.017354
0 0.030208 0.142885 0.014498 0.014366
0 0.635683 0.086160 0.020433 0.020246
0 0.465769 0.295004 0.015925 0.015587
0 0.848302 0.360304 0.014512 0.014918
0 0.701791 0.823112 0.020179 0.019775
0 0.600341 0.373334 0.012564 0.011874
0 0.157089 0.162573 0.013441 0.013643
0 0.845764 0.723993 0.019271 0.019026
0 0.672768 0.160444 0.014913 0.014807
0 0.601054 0.267538 0.015454 0.014914
0 0.993590 0.421947 0.012821 0.016936
0 0.802623 0.733132 0.015062 0.015374
0 0.493267 0.276674 0.014461 0.014674
0 0.768161 0.208240 0.014337 0.014213
0 0.759471 0.497806 0.012383 0.012988
0 0.383376 0.336613 0.014863 0.014487
0 0.761002 0.545553 0.013398 0.013178
0 0.545680 0.384658 0.011685 0.011504
0 0.742828 0.172771 0.015062 0.015589
0 0.092785 0.911064 0.014790 0.014618
0 0.674844 0.161969 0.015288 0.015517
