0 0.485128 0.410913 0.013829 0.013809
0 0.749491 0.616113 0.013253 0.013011
0 0.140202 0.291857 0.013419 0.013345
0 0.272085 0.339946 0.013236 0.013282
0 0.547172 0.296645 0.013037 0.013019
0 0.675767 0.375775 0.011549 0.011524
0 0.754344 0.880413 0.013145 0.013293
0 0.262756 0.137147 0.013314 0.013275
0 0.785745 0.120188 0.012022 0.012106
0 0.483395 0.447786 0.012870 0.012770
0 0.737159 0.397981 0.009600 0.009673
0 0.454962 0.957269 0.012935 0.012904
0 0.231015 0.975295 0.013112 0.013041
0 0.079096 0.733518 0.014806 0.014546
0 0.101174 0.516842 0.013985 0.013921
0 0.406930 0.866356 0.012107 0.012076
0 0.942129 0.650608 0.012132 0.012254
0 0.958474 0.583902 0.012569 0.012433
0 0.869164 0.557897 0.012666 0.012524
0 0.454492 0.132757 0.012353 0.012374
0 0.883404 0.711178 0.012239 0.012439
0 0.523407 0.347299 0.013010 0.012702
0 0.802491 0.590515 0.011712 0.011654
0 0.685517 0.020673 0.012871 0.012739
0 0.377070 0.460589 0.011864 0.011969
0 0.314369 0.238346 0.012620 0.012665
0 0.158147 0.232362 0.013364 0.013267
0 0.951923 0.406268 0.011259 0.011100
0 0.222516 0.467725 0.012701 0.012750
0 0.466252 0.178988 0.013101 0.012999
0 0.417500 0.045684 0.012381 0.012244
0 0.072963 0.357225 0.012295 0.012528
0 0.183067 0.451843 0.013035 0.013102
0 0.143959 0.588778 0.012847 0.012983
0 0.227445 0.649797 0.012530 0.012132
0 0.090786 0.674121 0.012745 0.012625
0 0.657631 0.279615 0.012871 0.012841
0 0.342071 0.384268 0.011461 0.011144
0 0.114337 0.834596 0.014059 0.013857
0 0.168132 0.054768 0.012794 0.012459
0 0.180211 0.472052 0.013546 0.013279
0 0.075581 0.209568 0.011489 0.011513
0 0.756348 0.961808 0.012504 0.012465
0 0.887244 0.965838 0.011352 0.011438
0 0.345706 0.296625 0.022602 0.022563
0 0.541256 0.971911 0.013280 0.012968
0 0.955798 0.048814 0.012441 0.012414
0 0.495466 0.506632 0.013074 0.013031
0 0.746542 0.809827 0.012565 0.012722
0 0.418480 0.365279 0.011916 0.011905
0 0.421224 0.741310 0.011584 0.011591
0 0.406293 0.810464 0.011253 0.011124
0 0.109767 0.470217 0.011367 0.011232
0 0.238546 0.314628 0.011485 0.011519
0 0.152445 0.693607 0.012377 0.012586
0 0.380606 0.308732 0.012603 0.012387
0 0.389953 0.075005 0.012550 0.012453
0 0.848479 0.465690 0.011407 0.011699
0 0.876285 0.290250 0.011534 0.011449
0 0.109893 0.979895 0.013207 0.013416
0 0.395919 0.576597 0.012251 0.012004
0 0.530165 0.637261 0.022605 0.023023
0 0.187053 0.890365 0.012962 0.013055
0 0.808671 0.541630 0.011663 0.011452
0 0.649133 0.799019 0.011739 0.011639
0 0.700849 0.821434 0.017806 0.017277
0 0.447681 0.775650 0.011604 0.011571
0 0.623719 0.954018 0.013025 0.013061
0 0.481482 0.571037 0.015130 0.014474
0 0.040971 0.649976 0.011975 0.011989
0 0.789891 0.004337 0.013332 0.008675
0 0.592278 0.341444 0.011183 0.011305
0 0.263520 0.648935 0.012299 0.012220
0 0.722840 0.835798 0.011145 0.010892
0 0.499735 0.543836 0.015335 0.015716
0 0.791571 0.090592 0.010958 0.010937
0 0.991077 0.352538 0.009827 0.009827
0 0.522845 0.583174 0.013189 0.013272
0 0.919965 0.144811 0.016967 0.016902
0 0.389269 0.597845 0.010404 0.010684
0 0.871533 0.325336 0.005747 0.006815
0 0.748697 0.316899 0.009968 0.009474
0 0.533838 0.194350 0.011024 0.011445
0 0.095881 0.745514 0.012542 0.012370
