0 0.273749 0.162545 0.013828 0.014015
0 0.265197 0.483356 0.013188 0.013153
0 0.274791 0.684006 0.011224 0.010987
0 0.345134 0.495645 0.012411 0.012275
0 0.184913 0.511113 0.012220 0.012212
0 0.573089 0.159630 0.013541 0.013103
0 0.794424 0.068685 0.012345 0.012344
0 0.284656 0.031150 0.013816 0.013717
0 0.526527 0.204041 0.013596 0.013278
0 0.490417 0.739090 0.013809 0.013856
0 0.606864 0.831341 0.013701 0.013572
0 0.144652 0.304563 0.013161 0.013247
0 0.659873 0.108603 0.013309 0.013270
0 0.285564 0.205886 0.014364 0.014210
0 0.501657 0.777943 0.012632 0.012541
0 0.719950 0.919039 0.013826 0.013858
0 0.441758 0.059161 0.012788 0.012753
0 0.778961 0.079679 0.012605 0.012395
0 0.831460 0.832040 0.012566 0.012496
0 0.529077 0.520467 0.013002 0.012950
0 0.748805 0.617112 0.013442 0.013352
0 0.451839 0.489883 0.014819 0.014588
0 0.055910 0.228740 0.012580 0.012663
0 0.242605 0.139320 0.012393 0.012171
0 0.833792 0.136147 0.012803 0.012710
0 0.579260 0.077349 0.013113 0.013239
0 0.317031 0.541165 0.012825 0.012630
0 0.577491 0.713702 0.014081 0.013998
0 0.513902 0.058559 0.013042 0.013125
0 0.374734 0.875503 0.012366 0.012399
0 0.817632 0.847230 0.012989 0.012680
0 0.460964 0.959309 0.013591 0.013475
0 0.796238 0.253207 0.012421 0.012709
0 0.567701 0.050991 0.012833 0.012890
0 0.544614 0.973077 0.013985 0.013706
0 0.012263 0.159112 0.012806 0.012943
0 0.460475 0.211890 0.012264 0.012345
0 0.603909 0.626870 0.013428 0.013577
0 0.379858 0.059060 0.011528 0.011380
0 0.131359 0.055574 0.014007 0.013928
0 0.892872 0.447053 0.013802 0.013914
0 0.676261 0.041506 0.012329 0.012357
0 0.325904 0.878921 0.012639 0.012564
0 0.237756 0.698933 0.010926 0.010856
0 0.700516 0.388366 0.011935 0.011880
0 0.631839 0.273521 0.014428 0.014524
0 0.703906 0.052596 0.013149 0.013217
0 0.800147 0.749909 0.012710 0.013064
0 0.840876 0.183364 0.011103 0.011183
0 0.518486 0.877630 0.013104 0.013269
0 0.422470 0.521983 0.012541 0.012387
0 0.281477 0.868887 0.012885 0.013097
0 0.222549 0.467358 0.012221 0.012277
0 0.536939 0.592321 0.013911 0.014087
0 0.371763 0.807218 0.010077 0.009955
0 0.637916 0.646465 0.010464 0.010501
0 0.875307 0.426889 0.013487 0.013471
0 0.030054 0.470477 0.010973 0.010915
0 0.314491 0.790468 0.012654 0.012696
0 0.449949 0.234993 0.013507 0.013445
0 0.708357 0.254847 0.012240 0.011845
0 0.525249 0.336677 0.013226 0.013089
0 0.297030 0.902454 0.012229 0.012416
0 0.631424 0.133634 0.011322 0.011327
0 0.178891 0.645154 0.010267 0.009993
0 0.130073 0.632678 0.011889 0.012049
0 0.132232 0.674718 0.013787 0.013972
0 0.092435 0.048372 0.012752 0.012707
0 0.993001 0.706725 0.012851 0.012746
0 0.225763 0.650031 0.012335 0.011911
0 0.246912 0.741306 0.013364 0.013824
0 0.185774 0.890608 0.013540 0.013548
0 0.996210 0.187460 0.007512 0.013831
0 0.788472 0.004968 0.013036 0.009833
0 0.864001 0.384090 0.012054 0.011979
0 0.879994 0.471817 0.011781 0.011886
0 0.415484 0.734601 0.013618 0.013825
0 0.783197 0.566692 0.011171 0.011241
0 0.111107 0.980977 0.013574 0.013638
0 0.922756 0.318925 0.012603 0.012575
0 0.062135 0.670544 0.013193 0.013086
0 0.611751 0.008421 0.013394 0.013787
0 0.117366 0.820230 0.013653 0.013685
0 0.029532 0.569674 0.011226 0.011365
0 0.790234 0.595607 0.011715 0.011424
0 0.172171 0.685936 0.011171 0.011462
0 0.471582 0.829658 0.010855 0.010828
0 0.235005 0.546311 0.010838 0.011164
0 0.874093 0.315306 0.013659 0.013548
0 0.493224 0.542243 0.011854 0.011937
0 0.046634 0.971089 0.011572 0.011545
0 0.482376 0.180893 0.012539 0.012575
0 0.618261 0.251121 0.012593 0.012642
0 0.423277 0.555021 0.013438 0.013218
0 0.533635 0.994535 0.013013 0.010929
0 0.319993 0.727243 0.011913 0.011714
0 0.016475 0.354002 0.012170 0.012264
0 0.773986 0.004664 0.012949 0.009313
0 0.241823 0.535493 0.010367 0.010153
0 0.331804 0.517790 0.012151 0.012177
0 0.874533 0.586437 0.021730 0.021526
0 0.184680 0.550430 0.010829 0.010974
0 0.197604 0.911340 0.012241 0.012233
