0 0.784621 0.918484 0.012137 0.012023
0 0.843772 0.174356 0.012989 0.012917
0 0.683945 0.862753 0.012261 0.012244
0 0.695725 0.463157 0.012611 0.012557
0 0.370385 0.474270 0.013477 0.013478
0 0.342897 0.457545 0.012322 0.012158
0 0.226275 0.576966 0.012666 0.012772
0 0.345117 0.227255 0.011966 0.011642
0 0.509433 0.927173 0.013503 0.013344
0 0.344195 0.159399 0.013964 0.013848
0 0.542321 0.978158 0.013466 0.013113
0 0.040306 0.416789 0.013363 0.013279
0 0.758586 0.602137 0.013889 0.013854
0 0.797604 0.243904 0.013067 0.012922
0 0.783183 0.462944 0.013320 0.013031
0 0.091971 0.404394 0.011925 0.011867
0 0.242007 0.190310 0.013425 0.013486
0 0.173445 0.322321 0.013253 0.012951
0 0.581671 0.959221 0.013411 0.013342
0 0.588735 0.494357 0.013307 0.013229
0 0.865498 0.289283 0.012886 0.012859
0 0.448299 0.960101 0.013149 0.012978
0 0.799661 0.514673 0.012241 0.012051
0 0.308494 0.088556 0.013028 0.013159
0 0.088618 0.544595 0.013589 0.013690
0 0.746413 0.501437 0.014069 0.014005
0 0.090145 0.157025 0.013548 0.013320
0 0.696990 0.734909 0.013054 0.013111
0 0.344317 0.375559 0.012789 0.012636
0 0.221261 0.469732 0.013138 0.013080
0 0.369630 0.314260 0.011646 0.011395
0 0.176416 0.271195 0.012228 0.012394
0 0.133211 0.221373 0.014180 0.013864
0 0.389451 0.383153 0.012692 0.012639
0 0.751750 0.968688 0.012396 0.012410
0 0.520321 0.875562 0.012288 0.012268
0 0.427701 0.822679 0.013129 0.013092
0 0.687719 0.286073 0.013504 0.013547
0 0.122985 0.517255 0.011993 0.012005
0 0.761709 0.079187 0.012247 0.012222
0 0.207583 0.105939 0.013071 0.013159
0 0.448862 0.080693 0.014363 0.014661
0 0.747160 0.620080 0.013277 0.013218
0 0.673329 0.113010 0.013842 0.013733
0 0.670365 0.581926 0.013692 0.013519
0 0.581309 0.612909 0.013310 0.013420
0 0.294321 0.613424 0.013637 0.013566
0 0.681212 0.531527 0.012156 0.012191
0 0.213724 0.313423 0.013471 0.013578
0 0.820800 0.763220 0.012617 0.012785
0 0.437258 0.496715 0.011419 0.011428
0 0.764684 0.954922 0.012806 0.012806
0 0.346544 0.096255 0.014122 0.014040
0 0.074752 0.500911 0.012090 0.012151
0 0.056683 0.722107 0.013345 0.013319
0 0.731725 0.780114 0.013004 0.012846
0 0.738825 0.050575 0.013583 0.013666
0 0.245444 0.250939 0.013018 0.012910
0 0.691218 0.487637 0.012412 0.012344
0 0.781951 0.876796 0.012271 0.012326
0 0.522932 0.349505 0.013521 0.013361
0 0.089033 0.238979 0.011828 0.011926
0 0.725596 0.179725 0.012385 0.012515
0 0.815686 0.851333 0.011716 0.011841
0 0.801274 0.062520 0.012866 0.013063
0 0.728543 0.482865 0.012724 0.012470
0 0.865949 0.416031 0.012310 0.012081
0 0.929170 0.755242 0.013705 0.013822
0 0.505871 0.356657 0.012090 0.011645
0 0.496554 0.544381 0.014233 0.013983
0 0.931549 0.414212 0.011738 0.011557
0 0.181225 0.337374 0.012956 0.012967
0 0.411638 0.750553 0.012594 0.012584
0 0.017192 0.494104 0.012011 0.012278
0 0.342257 0.917125 0.013027 0.012963
0 0.107794 0.981024 0.013018 0.013157
0 0.657102 0.715397 0.013109 0.012826
0 0.936063 0.581678 0.013943 0.014087
0 0.645395 0.648547 0.013461 0.013489
0 0.941998 0.209333 0.012606 0.012566
0 0.175560 0.004897 0.014895 0.009794
0 0.966245 0.120379 0.012239 0.012306
0 0.536921 0.633177 0.015930 0.016121
0 0.877422 0.971858 0.012151 0.012208
0 0.004316 0.640985 0.008631 0.011817
0 0.224753 0.648861 0.012388 0.012092
0 0.976295 0.135551 0.011127 0.011206
0 0.788187 0.005752 0.012874 0.011504
0 0.866356 0.002378 0.012685 0.004757
0 0.798437 0.084719 0.010872 0.010898
0 0.108107 0.214306 0.012925 0.012540
0 0.326087 0.532914 0.012409 0.012506
0 0.040508 0.874157 0.012121 0.011919
0 0.966312 0.316126 0.012207 0.011960
0 0.161252 0.451928 0.010661 0.010601
0 0.106315 0.381636 0.013770 0.013385
0 0.184802 0.629375 0.012282 0.011242
0 0.389715 0.031886 0.013196 0.013926
0 0.265449 0.963730 0.011321 0.011261
0 0.823524 0.089520 0.011606 0.011920
0 0.967807 0.317322 0.011970 0.011798
0 0.400913 0.571302 0.012137 0.011713
0 0.502703 0.291162 0.010854 0.010976
0 0.963965 0.314518 0.011725 0.011994
0 0.888494 0.472627 0.012884 0.013192
0 0.186760 0.629891 0.011943 0.011181
0 0.200726 0.337741 0.012476 0.012213
0 0.084710 0.256865 0.012102 0.012560
0 0.424859 0.415690 0.010196 0.009816
0 0.783141 0.005787 0.016783 0.011574
0 0.990215 0.901824 0.011148 0.010732
0 0.903769 0.042349 0.010542 0.010653
