0 0.243072 0.506600 0.012692 0.012572
0 0.066691 0.527971 0.013376 0.013246
0 0.761131 0.423249 0.013065 0.012908
0 0.961385 0.389940 0.010390 0.010055
0 0.168848 0.154046 0.013103 0.012884
0 0.768587 0.051372 0.012663 0.012524
0 0.019597 0.321107 0.013972 0.013833
0 0.892399 0.818448 0.010938 0.010906
0 0.524649 0.346693 0.013353 0.013119
0 0.143119 0.293659 0.012404 0.012472
0 0.139565 0.407900 0.013407 0.013299
0 0.825659 0.937461 0.011405 0.011683
0 0.629686 0.642696 0.011648 0.011581
0 0.050920 0.617546 0.009009 0.008952
0 0.491723 0.725822 0.013585 0.013716
0 0.627405 0.118076 0.011843 0.012048
0 0.628071 0.836743 0.012432 0.012517
0 0.047730 0.227501 0.011178 0.011314
0 0.425936 0.473319 0.012795 0.012935
0 0.151275 0.164258 0.013259 0.012995
0 0.316969 0.101543 0.012242 0.012641
0 0.049233 0.452269 0.013513 0.013416
0 0.748842 0.615009 0.012630 0.012714
0 0.226230 0.649220 0.013011 0.012680
0 0.427205 0.889794 0.013301 0.013309
0 0.375446 0.421694 0.013375 0.013380
0 0.611799 0.968584 0.012521 0.012348
0 0.223269 0.466428 0.013198 0.013093
0 0.026211 0.636556 0.013612 0.013740
0 0.617726 0.260411 0.011946 0.011955
0 0.334899 0.474683 0.013158 0.013280
0 0.898907 0.018392 0.011661 0.011477
0 0.833112 0.833993 0.012171 0.012017
0 0.256646 0.457896 0.013379 0.013464
0 0.344689 0.300965 0.017967 0.018482
0 0.186224 0.889532 0.013238 0.013049
0 0.573668 0.830936 0.010794 0.010588
0 0.801764 0.401720 0.011908 0.011822
0 0.493028 0.263621 0.011600 0.011504
0 0.160323 0.625254 0.013162 0.013274
0 0.109714 0.979578 0.013650 0.013532
0 0.371475 0.016803 0.010850 0.010809
0 0.482844 0.608022 0.011941 0.011663
0 0.097444 0.328804 0.011140 0.011254
0 0.422453 0.828645 0.012231 0.012250
0 0.298493 0.502312 0.013288 0.013403
0 0.022234 0.919882 0.012986 0.012918
0 0.637640 0.586626 0.011838 0.011838
0 0.538713 0.005959 0.013517 0.011917
0 0.205272 0.910330 0.012977 0.012863
0 0.495700 0.558015 0.013129 0.013222
0 0.006884 0.663593 0.013615 0.014663
0 0.587240 0.247887 0.011910 0.012164
0 0.653193 0.485941 0.012504 0.012783
0 0.674692 0.210401 0.012739 0.012860
0 0.358720 0.052544 0.012405 0.012432
0 0.434585 0.570904 0.013435 0.013500
0 0.440539 0.059002 0.011824 0.011945
0 0.414615 0.233594 0.012102 0.012126
0 0.613756 0.515748 0.008648 0.008742
0 0.543599 0.972305 0.012704 0.012445
0 0.192461 0.316801 0.011672 0.011561
0 0.586656 0.371876 0.013103 0.012742
0 0.589706 0.520466 0.012392 0.012402
0 0.689124 0.546485 0.011646 0.011174
0 0.711954 0.736960 0.010658 0.010954
0 0.772506 0.115778 0.012634 0.012811
0 0.086456 0.857424 0.011547 0.011504
0 0.428504 0.239793 0.012189 0.012168
0 0.331585 0.517611 0.011751 0.011935
0 0.700829 0.822373 0.019007 0.018859
0 0.848526 0.718078 0.020432 0.019956
0 0.712975 0.470243 0.012478 0.012365
0 0.462042 0.959297 0.013237 0.013200
0 0.657810 0.135140 0.011486 0.011779
0 0.449919 0.776063 0.012942 0.013033
0 0.847541 0.237125 0.010815 0.010547
0 0.921336 0.145087 0.018002 0.017863
0 0.659293 0.843655 0.009070 0.008759
0 0.487212 0.635514 0.010443 0.010583
0 0.733639 0.140961 0.011024 0.011219
0 0.983376 0.264163 0.010313 0.010147
0 0.359001 0.191207 0.010289 0.010657
0 0.352968 0.391423 0.012562 0.012400
0 0.788546 0.004201 0.012396 0.008403
0 0.826696 0.212820 0.012151 0.012392
0 0.529895 0.635928 0.022489 0.022697
0 0.786309 0.004374 0.013078 0.008659
0 0.529776 0.294027 0.010844 0.010774
0 0.516720 0.304851 0.010234 0.010190
0 0.375105 0.227235 0.019007 0.019213
