0 0.816878 0.443470 0.013744 0.013744
0 0.579203 0.861109 0.014095 0.014015
0 0.717487 0.098376 0.013645 0.013607
0 0.763969 0.206248 0.012226 0.012271
0 0.016184 0.153217 0.013182 0.012964
0 0.816372 0.352619 0.012484 0.012367
0 0.473797 0.124741 0.013369 0.013504
0 0.891238 0.443080 0.013632 0.013603
0 0.193544 0.506238 0.012230 0.012109
0 0.748207 0.616808 0.013651 0.013441
0 0.888137 0.687204 0.013135 0.013335
0 0.343326 0.498697 0.013131 0.012890
0 0.534414 0.021725 0.013684 0.013633
0 0.340895 0.908252 0.012860 0.012781
0 0.826192 0.190281 0.012470 0.012048
0 0.515167 0.042865 0.012662 0.012875
0 0.454559 0.499950 0.013477 0.013533
0 0.241089 0.042901 0.013749 0.013742
0 0.659392 0.038107 0.013116 0.013088
0 0.431864 0.018663 0.011619 0.011744
0 0.595391 0.679451 0.013414 0.013411
0 0.632902 0.143307 0.013370 0.013263
0 0.809080 0.560730 0.012012 0.011896
0 0.460974 0.958772 0.013827 0.013699
0 0.027665 0.056979 0.011694 0.011837
0 0.478185 0.607477 0.012387 0.012246
0 0.723346 0.368855 0.012593 0.012787
0 0.131734 0.028923 0.013674 0.013715
0 0.769437 0.668504 0.013111 0.013347
0 0.914708 0.328153 0.013006 0.013037
0 0.659972 0.108272 0.013382 0.013269
0 0.632350 0.652852 0.010257 0.010247
0 0.290994 0.850272 0.012999 0.013110
0 0.398290 0.237441 0.013176 0.013108
0 0.689777 0.937362 0.012633 0.012733
0 0.495825 0.150073 0.013150 0.013019
0 0.345481 0.544752 0.011465 0.011486
0 0.257980 0.161228 0.013723 0.013924
0 0.240146 0.210770 0.014377 0.014143
0 0.487564 0.876340 0.013950 0.014039
0 0.302398 0.433468 0.012671 0.012624
0 0.626964 0.585343 0.013280 0.013393
0 0.240543 0.483291 0.012347 0.012249
0 0.544225 0.971749 0.013696 0.013522
0 0.775592 0.878967 0.012941 0.012891
0 0.472870 0.708925 0.013397 0.013185
0 0.088861 0.053872 0.012419 0.012534
0 0.050178 0.630572 0.013270 0.012955
0 0.718872 0.627468 0.013582 0.013370
0 0.949234 0.969926 0.012274 0.012260
0 0.266876 0.567014 0.011336 0.011278
0 0.977042 0.239793 0.011538 0.011154
0 0.533145 0.484157 0.011960 0.011986
0 0.087998 0.804155 0.014025 0.013918
0 0.437692 0.775311 0.012741 0.012358
0 0.117138 0.639197 0.011933 0.011778
0 0.655374 0.230196 0.013637 0.013558
0 0.879724 0.473351 0.011570 0.011392
0 0.637412 0.068470 0.013282 0.013060
0 0.424499 0.274578 0.012080 0.012461
0 0.026580 0.241558 0.012001 0.011676
0 0.263167 0.816267 0.013120 0.012939
0 0.680516 0.996802 0.011461 0.006397
0 0.186510 0.890563 0.013171 0.013190
0 0.789815 0.068574 0.012922 0.012681
0 0.925285 0.522750 0.009096 0.009135
0 0.344326 0.844456 0.012420 0.012244
0 0.044458 0.531912 0.011848 0.011843
0 0.244325 0.003620 0.012696 0.007240
0 0.158847 0.713216 0.013188 0.013183
0 0.954549 0.325509 0.012018 0.012333
0 0.770702 0.858566 0.013214 0.013178
0 0.034623 0.916704 0.013082 0.012937
0 0.425537 0.715866 0.013296 0.013490
0 0.370989 0.806039 0.010124 0.010088
0 0.147189 0.302954 0.012619 0.012506
0 0.511132 0.836362 0.011288 0.011383
0 0.442425 0.059062 0.013573 0.013375
0 0.995718 0.974984 0.008564 0.012835
0 0.499584 0.189612 0.014039 0.014341
0 0.208291 0.720645 0.011324 0.011402
0 0.995886 0.754074 0.008227 0.013932
0 0.836164 0.133047 0.011643 0.011053
0 0.684291 0.299787 0.011269 0.011249
0 0.283232 0.711985 0.012649 0.012401
0 0.195590 0.684621 0.011377 0.011452
0 0.226631 0.650493 0.012337 0.012174
0 0.189044 0.566376 0.011208 0.011398
0 0.787878 0.004901 0.013075 0.009666
0 0.758992 0.774903 0.013292 0.013072
0 0.222372 0.467641 0.012298 0.012237
0 0.521553 0.343699 0.012368 0.011807
0 0.256195 0.059555 0.011180 0.010953
0 0.389621 0.509171 0.010727 0.010460
0 0.337465 0.743705 0.009676 0.009691
0 0.108836 0.979894 0.013512 0.013703
0 0.028165 0.454205 0.011181 0.011144
0 0.494921 0.541590 0.011739 0.011450
0 0.596247 0.020426 0.011795 0.011487
0 0.519426 0.342587 0.012512 0.012280
0 0.422374 0.555117 0.013088 0.013065
0 0.395091 0.944705 0.011034 0.010861
0 0.054010 0.355778 0.012317 0.012172
