0 0.749318 0.617529 0.013439 0.013483
0 0.400292 0.110166 0.013916 0.013944
0 0.340329 0.566428 0.011806 0.011828
0 0.625655 0.881527 0.013950 0.013862
0 0.247907 0.484455 0.013000 0.012731
0 0.856859 0.117255 0.014102 0.014015
0 0.118046 0.035224 0.012476 0.012836
0 0.600216 0.467043 0.013155 0.013120
0 0.292209 0.648397 0.013169 0.013139
0 0.171006 0.529200 0.012401 0.012216
0 0.596233 0.108978 0.013375 0.013154
0 0.600434 0.308593 0.013303 0.013305
0 0.581389 0.031135 0.013855 0.013701
0 0.266966 0.161600 0.014016 0.013886
0 0.525801 0.347120 0.013319 0.013172
0 0.514638 0.042696 0.012704 0.012581
0 0.490950 0.325599 0.012970 0.013094
0 0.150926 0.636242 0.013063 0.012866
0 0.430608 0.286997 0.012539 0.012731
0 0.309916 0.748231 0.013200 0.013252
0 0.083322 0.120360 0.012266 0.011695
0 0.129358 0.775562 0.013861 0.013812
0 0.901208 0.612321 0.012896 0.013018
0 0.587215 0.662789 0.013801 0.013827
0 0.673068 0.729273 0.012387 0.012335
0 0.307377 0.335817 0.013288 0.013295
0 0.379558 0.204123 0.012741 0.012591
0 0.140943 0.705799 0.013610 0.013548
0 0.444465 0.711635 0.013656 0.013556
0 0.638238 0.975163 0.012811 0.012537
0 0.812308 0.090540 0.012704 0.012784
0 0.230952 0.838051 0.013433 0.013362
0 0.509666 0.807363 0.012623 0.012784
0 0.720979 0.881574 0.013603 0.013589
0 0.321301 0.978830 0.013585 0.013301
0 0.285432 0.407021 0.011377 0.011567
0 0.904426 0.991681 0.012682 0.012834
0 0.709385 0.320754 0.012022 0.011963
0 0.437547 0.065983 0.013163 0.012979
0 0.337889 0.636493 0.010947 0.010841
0 0.544733 0.973563 0.014063 0.013773
0 0.332085 0.517424 0.011950 0.012004
0 0.041638 0.419712 0.013748 0.013700
0 0.160101 0.868240 0.012419 0.012317
0 0.773164 0.931799 0.011460 0.011631
0 0.980237 0.634746 0.012193 0.012286
0 0.339657 0.812177 0.013992 0.013872
0 0.627794 0.233460 0.012655 0.012971
0 0.251249 0.653685 0.011770 0.011754
0 0.566280 0.783743 0.013303 0.013200
0 0.156835 0.020593 0.012268 0.012201
0 0.738681 0.165739 0.012731 0.012747
0 0.689691 0.322410 0.012650 0.012470
0 0.683798 0.977996 0.012260 0.012472
0 0.891466 0.375166 0.012877 0.012910
0 0.278490 0.223733 0.012586 0.012618
0 0.184601 0.889251 0.013219 0.013195
0 0.822576 0.595174 0.012557 0.012867
0 0.428487 0.664946 0.010987 0.011299
0 0.536894 0.149625 0.011995 0.012179
0 0.858344 0.065862 0.012375 0.012467
0 0.109845 0.980247 0.013865 0.013844
0 0.480649 0.757687 0.012675 0.013484
0 0.611891 0.178077 0.013265 0.013297
0 0.847723 0.691011 0.013144 0.012695
0 0.461270 0.959846 0.013096 0.012897
0 0.063904 0.478342 0.012353 0.012212
0 0.226403 0.651207 0.012543 0.012120
0 0.920390 0.385091 0.011394 0.011446
0 0.197553 0.581171 0.013214 0.013054
0 0.933880 0.168888 0.011526 0.011889
0 0.222403 0.468166 0.012554 0.012455
0 0.822849 0.615531 0.012264 0.012248
0 0.371924 0.807271 0.010251 0.010192
0 0.355772 0.876205 0.012792 0.012743
0 0.359242 0.494812 0.010651 0.010548
0 0.835211 0.282551 0.010647 0.010595
0 0.141328 0.831425 0.011615 0.011574
0 0.103524 0.459771 0.011533 0.011740
0 0.787780 0.004863 0.013150 0.009637
0 0.146376 0.299480 0.012507 0.012716
0 0.494902 0.541975 0.012248 0.012025
0 0.304050 0.008231 0.012472 0.012613
0 0.554545 0.583742 0.013447 0.013284
0 0.064906 0.319021 0.012112 0.012464
0 0.592242 0.747261 0.011002 0.010855
0 0.650315 0.107382 0.012526 0.012714
0 0.729993 0.227579 0.011198 0.011150
0 0.879929 0.471691 0.012454 0.012786
0 0.714945 0.583399 0.012052 0.011541
0 0.098553 0.439739 0.010839 0.010956
0 0.775515 0.908323 0.012323 0.012052
0 0.003788 0.595780 0.007575 0.012249
0 0.211010 0.593065 0.012338 0.012586
0 0.324675 0.952458 0.012591 0.012393
0 0.652055 0.014541 0.011765 0.011635
0 0.061110 0.379639 0.010645 0.011213
0 0.373829 0.641870 0.011495 0.011094
0 0.422202 0.440170 0.009957 0.009882
0 0.003011 0.626031 0.005984 0.014052
