0 0.696719 0.462888 0.012488 0.012325
0 0.142158 0.437558 0.013111 0.012856
0 0.749391 0.616988 0.013592 0.013548
0 0.637530 0.171657 0.013175 0.013109
0 0.096034 0.367501 0.013892 0.013805
0 0.842278 0.172112 0.012345 0.012372
0 0.215690 0.211416 0.012440 0.012329
0 0.734790 0.680970 0.014209 0.014083
0 0.777691 0.331172 0.012909 0.012776
0 0.113867 0.495600 0.011494 0.011281
0 0.308474 0.387127 0.012743 0.012730
0 0.313313 0.151052 0.012645 0.012447
0 0.394520 0.136309 0.014028 0.014166
0 0.748167 0.370061 0.013461 0.013236
0 0.666528 0.344201 0.013583 0.013420
0 0.046919 0.151420 0.012629 0.012723
0 0.123566 0.749642 0.012379 0.012246
0 0.902299 0.021777 0.013428 0.013305
0 0.088761 0.865019 0.012991 0.012911
0 0.524968 0.347046 0.013669 0.013429
0 0.611258 0.190733 0.012781 0.012746
0 0.844572 0.304496 0.011936 0.011850
0 0.495160 0.540057 0.014227 0.014253
0 0.445203 0.064031 0.013036 0.013160
0 0.566652 0.424892 0.011527 0.011563
0 0.589113 0.233056 0.013010 0.013052
0 0.867091 0.284394 0.013493 0.013302
0 0.940521 0.043917 0.012014 0.011925
0 0.383740 0.231074 0.015327 0.015043
0 0.591737 0.059797 0.011455 0.011395
0 0.014383 0.576199 0.013479 0.013490
0 0.232724 0.618533 0.012190 0.012177
0 0.078244 0.738128 0.014248 0.014261
0 0.014920 0.801362 0.012753 0.012744
0 0.027087 0.878145 0.013079 0.013299
0 0.782742 0.712732 0.012832 0.012590
0 0.763824 0.788938 0.014020 0.013876
0 0.353256 0.647350 0.013727 0.013467
0 0.309053 0.603777 0.011680 0.011650
0 0.110183 0.980094 0.013898 0.013699
0 0.345315 0.824075 0.013234 0.013265
0 0.584699 0.436134 0.012518 0.012616
0 0.627373 0.079946 0.013813 0.013829
0 0.425436 0.504780 0.010882 0.010755
0 0.200047 0.158727 0.011462 0.011452
0 0.186523 0.890266 0.013257 0.013190
0 0.562071 0.665724 0.011615 0.011498
0 0.514093 0.061076 0.011751 0.011767
0 0.954943 0.178663 0.012536 0.012670
0 0.251992 0.866875 0.012126 0.012395
0 0.981080 0.296299 0.011843 0.012123
0 0.135787 0.478154 0.012327 0.012091
0 0.219755 0.166794 0.015115 0.015224
0 0.544024 0.973305 0.012702 0.012570
0 0.226016 0.648423 0.011785 0.011621
0 0.145134 0.828689 0.013362 0.013636
0 0.460079 0.960869 0.013186 0.013011
0 0.222973 0.467713 0.012431 0.012405
0 0.636862 0.543981 0.012593 0.012535
0 0.325661 0.542565 0.011728 0.011838
0 0.008803 0.223183 0.011701 0.011714
0 0.161825 0.949948 0.012404 0.012241
0 0.141589 0.662739 0.011862 0.011887
0 0.052613 0.194946 0.012657 0.012681
0 0.746816 0.075073 0.011521 0.011088
0 0.274779 0.854115 0.011925 0.011609
0 0.788430 0.005024 0.012835 0.009937
0 0.363326 0.813954 0.009825 0.009596
0 0.956921 0.255134 0.012387 0.012214
0 0.573969 0.968001 0.011960 0.011691
0 0.326217 0.034882 0.011678 0.012232
0 0.749543 0.471629 0.011232 0.011076
0 0.181859 0.776570 0.010626 0.010377
0 0.312323 0.789391 0.011891 0.011754
0 0.464914 0.413489 0.012416 0.012391
0 0.614172 0.792370 0.013050 0.013139
0 0.386938 0.749649 0.014220 0.014173
0 0.142899 0.550691 0.010807 0.010927
0 0.785167 0.520074 0.012792 0.012604
0 0.230792 0.177449 0.011227 0.011436
0 0.836844 0.003762 0.011222 0.007523
0 0.791698 0.057419 0.011300 0.010796
0 0.470831 0.246799 0.011953 0.011777
0 0.344239 0.294263 0.024608 0.024175
0 0.793091 0.059215 0.010976 0.010846
0 0.704339 0.630411 0.009709 0.009814
0 0.396240 0.945479 0.009753 0.009633
0 0.477583 0.341496 0.011643 0.011891
0 0.729984 0.786511 0.011876 0.011770
0 0.385402 0.748293 0.014402 0.014519
