0 0.733145 0.622706 0.013809 0.013778
0 0.948702 0.373647 0.011060 0.010956
0 0.461901 0.133321 0.013048 0.012874
0 0.437665 0.023179 0.013773 0.013939
0 0.464161 0.504114 0.012469 0.012327
0 0.808668 0.188034 0.012915 0.012791
0 0.095017 0.336422 0.013728 0.013801
0 0.281536 0.546207 0.012140 0.012226
0 0.712846 0.589618 0.012365 0.012332
0 0.278772 0.436556 0.011768 0.011582
0 0.931183 0.042123 0.011592 0.011511
0 0.530902 0.585431 0.013122 0.013273
0 0.185765 0.610594 0.011868 0.011676
0 0.974853 0.282887 0.013938 0.014089
0 0.552034 0.424979 0.012565 0.012479
0 0.649411 0.577118 0.012321 0.012212
0 0.753757 0.028405 0.012274 0.011989
0 0.039197 0.038685 0.012326 0.012525
0 0.269556 0.645452 0.012100 0.012225
0 0.706616 0.433428 0.011567 0.011628
0 0.948284 0.627994 0.012251 0.012206
0 0.937311 0.497986 0.013229 0.013176
0 0.027035 0.393982 0.014344 0.014589
0 0.454398 0.591065 0.013018 0.012919
0 0.395611 0.271862 0.014226 0.014167
0 0.621194 0.154448 0.012410 0.012321
0 0.140588 0.027452 0.012707 0.012563
0 0.059907 0.352801 0.012676 0.012536
0 0.788292 0.361679 0.012876 0.013045
0 0.211459 0.435329 0.013327 0.013172
0 0.724408 0.256088 0.012492 0.012454
0 0.966540 0.611518 0.011681 0.011222
0 0.825300 0.228576 0.012702 0.012733
0 0.342224 0.366569 0.012927 0.012928
0 0.764314 0.591302 0.012251 0.012163
0 0.856984 0.412152 0.012361 0.012382
0 0.575005 0.510845 0.013064 0.013015
0 0.691214 0.275791 0.013049 0.013189
0 0.928119 0.857424 0.013214 0.013139
0 0.265150 0.565747 0.012745 0.012601
0 0.333656 0.577457 0.013757 0.013749
0 0.459020 0.446641 0.014036 0.013783
0 0.527975 0.358603 0.012618 0.012425
0 0.021978 0.612021 0.014030 0.013858
0 0.889216 0.589338 0.012222 0.012262
0 0.805064 0.520329 0.010564 0.010388
0 0.975938 0.324288 0.012773 0.012731
0 0.244353 0.219157 0.012818 0.012763
0 0.182127 0.737304 0.012230 0.011895
0 0.869034 0.107794 0.012070 0.011804
0 0.648024 0.677531 0.013891 0.013959
0 0.904704 0.074695 0.011749 0.011613
0 0.375351 0.793783 0.013469 0.013604
0 0.446185 0.694565 0.012713 0.012636
0 0.630963 0.407621 0.012668 0.012705
0 0.315426 0.535532 0.012964 0.012811
0 0.903683 0.541985 0.013310 0.013183
0 0.883692 0.118986 0.009472 0.009365
0 0.915134 0.817891 0.013146 0.013145
0 0.599816 0.857391 0.012751 0.012595
0 0.770149 0.099431 0.013692 0.013808
0 0.455781 0.192601 0.013946 0.013465
0 0.428403 0.720734 0.012344 0.012243
0 0.590596 0.175769 0.011571 0.011946
0 0.112311 0.761045 0.011844 0.011814
0 0.484043 0.933524 0.013858 0.013980
0 0.699341 0.704752 0.012620 0.012474
0 0.012114 0.694379 0.012253 0.012360
0 0.410524 0.900319 0.013480 0.013693
0 0.871739 0.360575 0.011083 0.011182
0 0.785526 0.800338 0.012936 0.012960
0 0.085350 0.770170 0.014235 0.014153
0 0.720430 0.989899 0.012778 0.012419
0 0.834504 0.798911 0.012058 0.012232
0 0.318035 0.241671 0.012380 0.012121
0 0.556729 0.585994 0.014034 0.014012
0 0.812388 0.480889 0.014130 0.014437
0 0.988780 0.670615 0.011642 0.011704
0 0.286287 0.659817 0.013264 0.013364
0 0.651996 0.087286 0.013380 0.013374
0 0.409693 0.400736 0.012207 0.012229
0 0.961331 0.653881 0.012815 0.013084
0 0.427384 0.651097 0.012927 0.013020
0 0.043974 0.904853 0.011691 0.011787
0 0.048769 0.811275 0.012445 0.012174
0 0.592393 0.954707 0.014321 0.014263
0 0.430067 0.752480 0.012502 0.012569
0 0.777398 0.847783 0.012239 0.012183
0 0.491746 0.341404 0.009959 0.009666
0 0.606007 0.753757 0.009645 0.009714
0 0.911186 0.923288 0.011440 0.011473
0 0.878954 0.975631 0.012672 0.012598
0 0.991277 0.237695 0.014297 0.014059
0 0.367747 0.850621 0.013580 0.013474
0 0.300294 0.839652 0.012345 0.012366
0 0.695655 0.792800 0.011391 0.011106
0 0.768034 0.533015 0.012260 0.012021
0 0.919187 0.713792 0.012666 0.012796
0 0.120492 0.184215 0.012088 0.012184
0 0.084344 0.363033 0.011549 0.011555
0 0.751821 0.437774 0.010708 0.010758
0 0.108092 0.907725 0.013422 0.013643
0 0.232498 0.427740 0.013728 0.013954
0 0.869549 0.570794 0.010927 0.010879
0 0.349941 0.290665 0.024328 0.024865
0 0.120316 0.198661 0.012109 0.011843
0 0.237736 0.814571 0.012747 0.012768
0 0.906905 0.703555 0.012284 0.012056
0 0.981799 0.513757 0.013172 0.013009
0 0.935679 0.009896 0.010755 0.011129
0 0.779628 0.938210 0.013199 0.013593
0 0.977399 0.045487 0.009789 0.009836
0 0.398059 0.955735 0.013606 0.013478
0 0.141742 0.954993 0.011250 0.011241
0 0.270265 0.944631 0.011300 0.011584
0 0.475816 0.436837 0.014324 0.014493
0 0.730231 0.859081 0.011317 0.011781
0 0.534151 0.629640 0.023545 0.023888
0 0.984026 0.513297 0.013222 0.012404
0 0.732419 0.424514 0.009039 0.009000
0 0.902906 0.997310 0.011675 0.005380
0 0.102105 0.782619 0.010628 0.010524
0 0.651222 0.473717 0.009999 0.009628
0 0.479559 0.726389 0.012164 0.012211
0 0.152944 0.895421 0.011704 0.011586
0 0.851960 0.544526 0.010577 0.010617
0 0.210683 0.997260 0.010818 0.005480
0 0.851191 0.710460 0.022334 0.021734
0 0.904848 0.997979 0.011289 0.004032
