0 0.580843 0.485895 0.014323 0.014322
0 0.356791 0.174198 0.015709 0.015786
0 0.956002 0.417380 0.013625 0.013480
0 0.960192 0.780150 0.014506 0.014466
0 0.331942 0.948847 0.014687 0.014721
0 0.209456 0.629997 0.013856 0.013753
0 0.281101 0.433385 0.015078 0.014913
0 0.122019 0.457470 0.014613 0.014390
0 0.124359 0.358862 0.014356 0.014288
0 0.947050 0.935509 0.013982 0.013884
0 0.276795 0.042737 0.014923 0.014824
0 0.858400 0.874133 0.014697 0.014866
0 0.249602 0.768723 0.014431 0.014333
0 0.342504 0.922384 0.014642 0.014623
0 0.422500 0.756572 0.014950 0.015061
0 0.123625 0.583134 0.014173 0.014162
0 0.573973 0.437463 0.014080 0.014226
0 0.761508 0.666801 0.013600 0.013377
0 0.924791 0.235206 0.013780 0.013851
0 0.507863 0.260583 0.013689 0.013823
0 0.208473 0.697160 0.014470 0.014544
0 0.501589 0.754095 0.013870 0.013829
0 0.026432 0.858243 0.013968 0.013971
0 0.471438 0.022581 0.015605 0.015495
0 0.666459 0.418896 0.014141 0.014114
0 0.067385 0.235744 0.015738 0.015729
0 0.159344 0.268475 0.014302 0.014060
0 0.560984 0.289379 0.014447 0.014121
0 0.553772 0.618696 0.014376 0.014615
0 0.360544 0.830894 0.013606 0.013710
0 0.905164 0.980623 0.014463 0.014623
0 0.468147 0.730630 0.018313 0.018470
0 0.110408 0.204112 0.014704 0.014321
0 0.621755 0.554793 0.014449 0.014654
0 0.971155 0.318633 0.014399 0.014393
0 0.302200 0.388664 0.016005 0.016084
0 0.494984 0.621056 0.014630 0.014684
0 0.153546 0.512035 0.016431 0.016330
0 0.486066 0.893784 0.014761 0.014993
0 0.482753 0.080532 0.014098 0.014080
0 0.626571 0.958162 0.014715 0.014775
0 0.850012 0.279122 0.013842 0.013712
0 0.736025 0.569863 0.013928 0.013901
0 0.792941 0.556052 0.015923 0.015713
0 0.340136 0.686876 0.014583 0.014693
0 0.691135 0.555075 0.014847 0.014835
0 0.729030 0.477445 0.013981 0.013948
0 0.243779 0.526985 0.014470 0.014561
0 0.809809 0.288794 0.014897 0.014786
0 0.973349 0.278317 0.013604 0.013557
0 0.677887 0.260152 0.014978 0.014865
0 0.707546 0.099351 0.014184 0.014186
0 0.243400 0.037693 0.013961 0.013968
0 0.613368 0.213941 0.014093 0.014489
0 0.165296 0.849675 0.013465 0.013462
0 0.876081 0.063849 0.013022 0.013115
0 0.738159 0.617780 0.015375 0.015731
0 0.830101 0.963737 0.015017 0.015261
0 0.192295 0.015093 0.015840 0.015846
0 0.125729 0.855474 0.013860 0.013928
0 0.346297 0.298338 0.023284 0.023046
0 0.117254 0.964469 0.014700 0.014570
0 0.116191 0.716732 0.014839 0.015053
0 0.599084 0.967365 0.014525 0.014439
0 0.846999 0.793655 0.015250 0.015161
0 0.143489 0.081776 0.013676 0.013410
0 0.837378 0.813600 0.013894 0.014082
0 0.773858 0.449571 0.014981 0.015018
0 0.427337 0.454019 0.014342 0.014420
0 0.848001 0.720069 0.021897 0.021499
0 0.757338 0.493113 0.013730 0.013891
0 0.624987 0.507786 0.014355 0.014667
0 0.328295 0.642010 0.014890 0.014896
0 0.826426 0.156595 0.014708 0.014705
0 0.757380 0.550311 0.014961 0.015039
0 0.669750 0.190981 0.018876 0.018968
0 0.728726 0.394780 0.015112 0.014986
0 0.389276 0.518840 0.015022 0.014955
0 0.986892 0.506671 0.016775 0.016520
0 0.271323 0.315326 0.015164 0.015207
0 0.423646 0.534337 0.014745 0.014668
0 0.949372 0.623511 0.014773 0.014706
0 0.379103 0.403141 0.014609 0.014544
0 0.228196 0.435235 0.014339 0.014416
0 0.183910 0.575482 0.014603 0.014668
0 0.595622 0.600929 0.015639 0.015500
0 0.788726 0.157937 0.014307 0.014325
0 0.467447 0.409044 0.016510 0.016314
0 0.005471 0.935414 0.010523 0.012260
0 0.736414 0.020379 0.013500 0.013623
0 0.499930 0.698671 0.014772 0.014745
0 0.031994 0.354788 0.015831 0.015400
0 0.867688 0.392281 0.013521 0.013397
0 0.889069 0.563930 0.014833 0.014707
0 0.982680 0.875364 0.015102 0.015175
0 0.992803 0.739857 0.014117 0.015406
0 0.270721 0.559071 0.014760 0.014570
0 0.442854 0.270094 0.019199 0.019519
0 0.661355 0.752867 0.014582 0.014612
0 0.558117 0.076505 0.013896 0.013889
0 0.118828 0.906440 0.014908 0.014967
0 0.319673 0.258234 0.014179 0.014304
0 0.914824 0.586913 0.014818 0.014803
0 0.750274 0.155011 0.014656 0.014684
0 0.842390 0.564325 0.016221 0.016032
0 0.005937 0.318074 0.011875 0.015931
0 0.650686 0.064572 0.014239 0.014178
0 0.815866 0.685999 0.014298 0.014224
0 0.008896 0.625665 0.013919 0.013937
0 0.995725 0.626982 0.008550 0.014758
0 0.149997 0.052045 0.015560 0.015613
0 0.517108 0.084287 0.013776 0.013900
0 0.667808 0.019950 0.014785 0.014549
0 0.608592 0.151447 0.014267 0.013985
0 0.918999 0.997947 0.014026 0.004034
0 0.987428 0.600214 0.016619 0.015670
0 0.388432 0.985980 0.013369 0.013136
0 0.340390 0.001732 0.015224 0.003463
0 0.093249 0.909155 0.015033 0.015092
0 0.532002 0.637775 0.022900 0.023136
0 0.473908 0.455076 0.014529 0.014565
0 0.634604 0.121203 0.017375 0.017657
0 0.337857 0.862667 0.015026 0.015111
0 0.571840 0.960244 0.016247 0.015989
0 0.586704 0.175097 0.015096 0.014917
0 0.578400 0.144261 0.013245 0.013439
0 0.982475 0.038881 0.012730 0.012714
0 0.854564 0.386390 0.013395 0.013205
0 0.703255 0.822515 0.020929 0.019884
0 0.802830 0.232208 0.012634 0.012457
0 0.887727 0.258644 0.018396 0.018447
0 0.430555 0.623287 0.015071 0.014788
0 0.597345 0.135610 0.015105 0.014802
0 0.053096 0.023123 0.015841 0.015074
0 0.055709 0.021456 0.016156 0.015515
0 0.733327 0.799074 0.015856 0.015873
0 0.918475 0.996793 0.013646 0.006307
0 0.828188 0.574748 0.014788 0.014795
0 0.431964 0.232725 0.016403 0.016484
0 0.912167 0.137976 0.018414 0.017927
0 0.635944 0.085940 0.020739 0.020485
0 0.547353 0.332325 0.015405 0.015140
