0 0.268079 0.342507 0.015139 0.014974
0 0.949830 0.585083 0.014198 0.014047
0 0.285408 0.862912 0.013838 0.013715
0 0.554346 0.061984 0.013957 0.014062
0 0.724883 0.440911 0.015690 0.015281
0 0.733467 0.488022 0.014125 0.014112
0 0.201970 0.377992 0.014314 0.014338
0 0.653427 0.611753 0.018071 0.018025
0 0.767351 0.424562 0.015010 0.015035
0 0.933060 0.218407 0.014083 0.013954
0 0.217090 0.777331 0.014188 0.014071
0 0.912577 0.689131 0.015648 0.015597
0 0.175899 0.520303 0.016834 0.016943
0 0.236249 0.815589 0.014440 0.014281
0 0.826716 0.325882 0.014557 0.014507
0 0.810987 0.023602 0.014433 0.014430
0 0.391061 0.318515 0.013773 0.013582
0 0.330043 0.566340 0.014351 0.014177
0 0.072021 0.665982 0.014366 0.014215
0 0.605567 0.204503 0.014952 0.014789
0 0.630414 0.155297 0.014420 0.014297
0 0.676584 0.490693 0.014455 0.014548
0 0.592725 0.291326 0.014401 0.014325
0 0.667936 0.164836 0.017631 0.017672
0 0.850706 0.959221 0.014164 0.014197
0 0.447301 0.240965 0.015803 0.015627
0 0.159188 0.856000 0.013838 0.013921
0 0.225726 0.176648 0.014024 0.013790
0 0.943910 0.287139 0.015424 0.015374
0 0.016540 0.473609 0.014710 0.014423
0 0.355578 0.708874 0.014086 0.014002
0 0.709553 0.213085 0.014287 0.014263
0 0.627570 0.568897 0.013926 0.013795
0 0.247465 0.081279 0.015619 0.015709
0 0.159516 0.800098 0.013813 0.013709
0 0.726282 0.156146 0.014157 0.014225
0 0.648664 0.397578 0.014708 0.014688
0 0.926472 0.520969 0.014156 0.014364
0 0.606203 0.533077 0.015423 0.015410
0 0.683610 0.251612 0.014053 0.014092
0 0.516611 0.554623 0.013591 0.013464
0 0.444606 0.189411 0.015264 0.015415
0 0.107496 0.924758 0.014025 0.014043
0 0.348802 0.301866 0.020514 0.020177
0 0.951863 0.947038 0.014894 0.014680
0 0.948188 0.092931 0.014862 0.014813
0 0.517438 0.051229 0.013639 0.013640
0 0.498226 0.659976 0.014995 0.014705
0 0.468409 0.253688 0.017934 0.018227
0 0.296258 0.691728 0.015204 0.015063
0 0.526203 0.859716 0.014805 0.014646
0 0.737705 0.574890 0.013445 0.013723
0 0.033860 0.453962 0.017034 0.016884
0 0.201701 0.236726 0.016712 0.016672
0 0.572219 0.670688 0.014342 0.014342
0 0.817622 0.087186 0.016030 0.015888
0 0.068472 0.866984 0.013180 0.012911
0 0.194478 0.677038 0.013657 0.013907
0 0.888309 0.436404 0.014924 0.015218
0 0.401641 0.373445 0.014714 0.014724
0 0.577202 0.608516 0.014927 0.014891
0 0.121294 0.603928 0.014404 0.014220
0 0.891268 0.388478 0.015116 0.015372
0 0.897949 0.766369 0.015165 0.015572
0 0.061032 0.176775 0.015366 0.015583
0 0.616705 0.283940 0.014552 0.014689
0 0.508130 0.596095 0.013712 0.013767
0 0.724242 0.375571 0.014632 0.014674
0 0.107892 0.675562 0.013909 0.013777
0 0.662074 0.789200 0.013723 0.013961
0 0.262055 0.882296 0.014172 0.014137
0 0.286580 0.435211 0.017628 0.017881
0 0.636489 0.088130 0.022151 0.022035
0 0.710345 0.616213 0.015432 0.015469
0 0.985426 0.504298 0.016562 0.016471
0 0.636657 0.446516 0.015820 0.015837
0 0.070143 0.318975 0.014680 0.014551
0 0.291235 0.499163 0.015242 0.015019
0 0.608541 0.907264 0.013979 0.013911
0 0.986465 0.891088 0.013902 0.013494
0 0.888732 0.262338 0.015729 0.015349
0 0.421370 0.219350 0.015154 0.014800
0 0.107664 0.841355 0.014963 0.014864
0 0.356035 0.924432 0.016263 0.015825
0 0.692936 0.502159 0.013411 0.013334
0 0.464738 0.374606 0.014191 0.013975
0 0.038681 0.063904 0.015235 0.015163
0 0.965574 0.047192 0.014214 0.014257
0 0.443142 0.416821 0.015828 0.015671
0 0.202633 0.642084 0.015529 0.015432
0 0.850007 0.721689 0.023338 0.023294
0 0.738343 0.845458 0.014324 0.014460
0 0.533938 0.639825 0.023056 0.022867
0 0.535281 0.921247 0.014619 0.014562
0 0.798074 0.771768 0.014982 0.014883
0 0.119881 0.661826 0.015364 0.015160
0 0.071236 0.583163 0.015269 0.014911
0 0.639594 0.282429 0.013170 0.012875
0 0.005703 0.700249 0.011325 0.018084
0 0.660914 0.852935 0.013200 0.013385
0 0.909375 0.991453 0.017527 0.016502
0 0.717303 0.986190 0.014261 0.014210
0 0.888146 0.127578 0.014222 0.014861
0 0.150779 0.658505 0.013887 0.013838
0 0.467978 0.423593 0.015074 0.014949
0 0.633838 0.694416 0.015604 0.015519
0 0.025812 0.027730 0.014238 0.014578
0 0.089307 0.910519 0.015553 0.015401
0 0.007085 0.101291 0.013381 0.014242
0 0.670646 0.190098 0.020421 0.020327
0 0.463218 0.457290 0.016915 0.016773
0 0.466275 0.484844 0.015784 0.015920
0 0.887997 0.321426 0.015143 0.015430
0 0.218880 0.996698 0.013600 0.006525
0 0.224298 0.536386 0.015915 0.015936
0 0.921985 0.146865 0.021313 0.021589
0 0.115573 0.005430 0.014294 0.010826
0 0.291934 0.005391 0.013300 0.010782
0 0.764718 0.214028 0.016763 0.016908
0 0.377311 0.741629 0.022888 0.022500
0 0.002652 0.962197 0.005246 0.013529
0 0.818618 0.116584 0.015854 0.016066
0 0.726464 0.933576 0.014918 0.014541
0 0.959344 0.480315 0.014554 0.014608
0 0.806609 0.992305 0.016289 0.015034
0 0.003882 0.063682 0.007763 0.016592
0 0.121097 0.239988 0.015495 0.015564
0 0.376879 0.229555 0.020480 0.020059
0 0.651264 0.361192 0.012508 0.011105
0 0.664513 0.537724 0.014654 0.014730
0 0.571272 0.727546 0.014465 0.014371
0 0.123171 0.213556 0.014959 0.014898
0 0.045979 0.296462 0.015910 0.016100
0 0.773084 0.567590 0.016224 0.016343
0 0.764862 0.932499 0.015854 0.015812
0 0.805626 0.604358 0.015912 0.016005
0 0.602808 0.722551 0.015326 0.014656
0 0.068382 0.997084 0.015750 0.005801
0 0.074619 0.348758 0.014864 0.015396
0 0.264448 0.246309 0.019673 0.019224
0 0.732889 0.612895 0.016284 0.016603
0 0.228586 0.551902 0.015080 0.015172
0 0.704426 0.823670 0.022110 0.022145
0 0.223303 0.906011 0.014365 0.014610
0 0.142980 0.255097 0.014869 0.014577
0 0.619593 0.723605 0.015524 0.015072
0 0.732502 0.610111 0.016314 0.016412
0 0.178783 0.031357 0.018680 0.018482
0 0.524825 0.018777 0.020074 0.020121
0 0.658756 0.895166 0.015917 0.015872
0 0.004037 0.387157 0.008040 0.014765
0 0.073591 0.351053 0.015103 0.015199
0 0.691857 0.717794 0.015565 0.015617
