0 0.071463 0.265222 0.012008 0.011769
0 0.723329 0.893842 0.011348 0.011065
0 0.578456 0.873009 0.013915 0.013741
0 0.691750 0.209000 0.013619 0.013530
0 0.229782 0.210542 0.013379 0.013339
0 0.460667 0.561303 0.012446 0.012359
0 0.662226 0.250169 0.013116 0.013172
0 0.776413 0.351582 0.012209 0.012193
0 0.326147 0.411377 0.013666 0.013703
0 0.748366 0.619272 0.013539 0.013315
0 0.552434 0.494865 0.011922 0.011748
0 0.739648 0.339938 0.012777 0.012785
0 0.368028 0.267697 0.013766 0.013611
0 0.979317 0.594409 0.012451 0.012341
0 0.532319 0.365314 0.013950 0.014188
0 0.873042 0.539847 0.012800 0.012636
0 0.279621 0.471996 0.013958 0.013758
0 0.762590 0.707168 0.013465 0.013462
0 0.742575 0.236643 0.013808 0.013622
0 0.128119 0.271644 0.012386 0.012365
0 0.194046 0.277897 0.014522 0.014446
0 0.921850 0.428074 0.013134 0.013068
0 0.041124 0.372903 0.014046 0.013957
0 0.885093 0.601785 0.013690 0.013556
0 0.546778 0.903447 0.012078 0.012047
0 0.107257 0.198497 0.012477 0.012331
0 0.325738 0.159544 0.013648 0.013079
0 0.333105 0.213330 0.014313 0.014297
0 0.212224 0.426947 0.013588 0.013568
0 0.334578 0.567400 0.012642 0.012514
0 0.715251 0.100555 0.013490 0.013355
0 0.139270 0.514932 0.012991 0.013167
0 0.419735 0.375792 0.012946 0.012801
0 0.264880 0.103441 0.013689 0.013559
0 0.942699 0.725226 0.012013 0.011795
0 0.509024 0.703867 0.012686 0.012573
0 0.591620 0.145804 0.012996 0.012889
0 0.822977 0.479244 0.012231 0.012228
0 0.820491 0.954207 0.011796 0.012289
0 0.330455 0.518350 0.012641 0.012463
0 0.164740 0.270548 0.012157 0.011972
0 0.118678 0.817019 0.013190 0.013345
0 0.297495 0.459185 0.012428 0.012607
0 0.222072 0.469422 0.012379 0.012448
0 0.384171 0.103487 0.012927 0.013423
0 0.964444 0.053640 0.013919 0.013980
0 0.485596 0.403303 0.013436 0.013503
0 0.477916 0.746657 0.012316 0.012074
0 0.417781 0.498529 0.012487 0.012398
0 0.286497 0.717199 0.013180 0.013182
0 0.668286 0.348559 0.011944 0.011625
0 0.479069 0.608304 0.011816 0.011707
0 0.543471 0.975492 0.012933 0.012691
0 0.462554 0.959741 0.012757 0.012811
0 0.758430 0.771542 0.012316 0.012309
0 0.243023 0.622504 0.012609 0.012731
0 0.525810 0.348770 0.012763 0.012628
0 0.156795 0.623783 0.012678 0.012732
0 0.314056 0.630761 0.011949 0.011844
0 0.958134 0.381094 0.012009 0.012063
0 0.834094 0.603580 0.011922 0.011723
0 0.885361 0.099676 0.012277 0.012329
0 0.470151 0.055626 0.013275 0.013161
0 0.805703 0.072653 0.013180 0.013321
0 0.884771 0.006048 0.013177 0.011971
0 0.378390 0.663902 0.011837 0.011993
0 0.636898 0.635488 0.012462 0.012483
0 0.426294 0.184061 0.013082 0.013032
0 0.821830 0.185350 0.013255 0.012980
0 0.140604 0.491863 0.012833 0.013137
0 0.143681 0.589285 0.012656 0.012470
0 0.108706 0.981451 0.013349 0.013592
0 0.443643 0.901834 0.009652 0.009719
0 0.171828 0.215883 0.012033 0.011799
0 0.626137 0.986950 0.011782 0.011810
0 0.222743 0.650768 0.012692 0.012687
0 0.084622 0.187529 0.012889 0.013159
0 0.258043 0.410666 0.012865 0.012759
0 0.995957 0.353657 0.008048 0.011210
0 0.848870 0.710965 0.022588 0.022475
0 0.185924 0.892432 0.013051 0.013218
0 0.678601 0.253097 0.013042 0.013315
0 0.787547 0.005594 0.013060 0.011051
0 0.950488 0.255453 0.012707 0.012702
0 0.732991 0.516864 0.011642 0.011537
0 0.399861 0.571484 0.011156 0.010967
0 0.216189 0.492779 0.012741 0.012748
0 0.494881 0.542898 0.014239 0.014459
0 0.371305 0.744693 0.010828 0.010863
0 0.217039 0.065372 0.012522 0.012287
0 0.585544 0.009020 0.014077 0.014137
0 0.002605 0.830784 0.005181 0.013544
0 0.030362 0.548851 0.011809 0.011465
0 0.117440 0.003177 0.010794 0.006354
0 0.468780 0.476008 0.011976 0.012171
0 0.428791 0.036467 0.011707 0.011769
0 0.471704 0.476607 0.012281 0.012431
0 0.458831 0.073363 0.011100 0.011370
0 0.476798 0.478083 0.012436 0.013074
0 0.431424 0.820758 0.011619 0.011318
0 0.679612 0.063674 0.013325 0.013581
0 0.344722 0.950793 0.010912 0.010850
0 0.648108 0.432682 0.012752 0.012589
