0 0.565442 0.200555 0.012760 0.012858
0 0.807891 0.478017 0.013921 0.013932
0 0.299471 0.131907 0.013780 0.013856
0 0.760830 0.217959 0.011880 0.011798
0 0.749097 0.617413 0.014017 0.014075
0 0.524897 0.347208 0.013892 0.013666
0 0.581715 0.359997 0.012473 0.012476
0 0.769590 0.285878 0.013191 0.013052
0 0.283743 0.598939 0.013965 0.013833
0 0.972651 0.532555 0.013067 0.013243
0 0.821230 0.294775 0.012242 0.012143
0 0.190019 0.354868 0.012915 0.012692
0 0.426849 0.296428 0.012702 0.012538
0 0.892386 0.251076 0.012219 0.012248
0 0.703762 0.091361 0.013377 0.013328
0 0.434621 0.017764 0.012254 0.012323
0 0.467163 0.313506 0.012067 0.012235
0 0.082520 0.413588 0.012356 0.011905
0 0.488801 0.541950 0.013381 0.013259
0 0.925558 0.047624 0.013343 0.013315
0 0.270829 0.737377 0.012864 0.012977
0 0.249986 0.802555 0.014769 0.014625
0 0.602171 0.599972 0.014069 0.013955
0 0.026709 0.415585 0.013335 0.013310
0 0.218321 0.352799 0.012746 0.012988
0 0.910488 0.450811 0.012798 0.012798
0 0.411578 0.082536 0.012959 0.013043
0 0.706509 0.197110 0.010949 0.011286
0 0.375519 0.291253 0.013334 0.013474
0 0.810863 0.537939 0.012910 0.013012
0 0.643311 0.933607 0.012485 0.012454
0 0.960098 0.515701 0.012688 0.012669
0 0.802393 0.945015 0.013273 0.013288
0 0.426513 0.144726 0.014830 0.014809
0 0.687643 0.759875 0.010956 0.011141
0 0.152651 0.466450 0.013274 0.013158
0 0.934399 0.929558 0.012771 0.012732
0 0.190803 0.857557 0.013645 0.013493
0 0.222752 0.467477 0.012853 0.012923
0 0.548765 0.781146 0.012893 0.013069
0 0.615465 0.290351 0.011973 0.011612
0 0.943868 0.314682 0.011766 0.012473
0 0.967993 0.111853 0.012621 0.012569
0 0.653685 0.100086 0.010913 0.010734
0 0.798305 0.040676 0.010591 0.010597
0 0.363231 0.584834 0.012224 0.012262
0 0.317070 0.777059 0.012571 0.012620
0 0.089832 0.301540 0.013552 0.013528
0 0.261451 0.926878 0.013027 0.013088
0 0.019501 0.367517 0.013105 0.013220
0 0.331168 0.518321 0.011717 0.011645
0 0.633342 0.170015 0.012487 0.012594
0 0.184088 0.809695 0.012986 0.013025
0 0.418440 0.112572 0.013422 0.013164
0 0.717841 0.403208 0.011899 0.012059
0 0.797882 0.679827 0.011990 0.011999
0 0.109721 0.602372 0.012904 0.012571
0 0.216113 0.836292 0.011800 0.011653
0 0.096447 0.520868 0.011292 0.011403
0 0.186284 0.890704 0.012945 0.012971
0 0.413656 0.175162 0.013189 0.013151
0 0.542890 0.973180 0.012501 0.012390
0 0.144224 0.044560 0.013436 0.013340
0 0.067094 0.331904 0.011226 0.011442
0 0.276074 0.053516 0.012172 0.012452
0 0.944549 0.563525 0.013140 0.012995
0 0.455223 0.091234 0.011955 0.011739
0 0.535417 0.377891 0.012194 0.011948
0 0.455828 0.959846 0.012687 0.012678
0 0.127148 0.338028 0.012436 0.012758
0 0.225976 0.650791 0.012672 0.012315
0 0.950596 0.144604 0.011608 0.011898
0 0.444017 0.282276 0.012438 0.012398
0 0.110578 0.748636 0.012364 0.012233
0 0.242228 0.594601 0.011247 0.011261
0 0.622619 0.046420 0.012336 0.012349
0 0.097085 0.966857 0.012844 0.012839
0 0.363996 0.023144 0.011678 0.011621
0 0.231916 0.192720 0.014087 0.013771
0 0.421563 0.555832 0.013544 0.013452
0 0.578992 0.818918 0.011024 0.010911
0 0.061756 0.622073 0.012134 0.012509
0 0.453821 0.708805 0.013569 0.013677
0 0.470906 0.035427 0.011395 0.011179
0 0.196532 0.470558 0.011992 0.012250
0 0.540994 0.818578 0.013614 0.013770
0 0.356245 0.859418 0.010031 0.009952
0 0.990270 0.115140 0.011925 0.011682
0 0.743263 0.173680 0.012626 0.012556
0 0.142478 0.942470 0.013025 0.012410
0 0.789886 0.004811 0.012930 0.009620
0 0.445384 0.456945 0.013272 0.013516
0 0.468486 0.861599 0.011962 0.011738
0 0.441661 0.058778 0.012935 0.012841
0 0.716673 0.352307 0.011121 0.011168
0 0.377818 0.127188 0.012683 0.012371
0 0.165077 0.868555 0.011953 0.011607
0 0.979339 0.070317 0.012896 0.013527
0 0.742127 0.573679 0.011141 0.011093
0 0.371396 0.808511 0.011298 0.011422
0 0.532788 0.637966 0.016864 0.016084
0 0.981883 0.479607 0.013052 0.012848
0 0.052977 0.610605 0.011561 0.011659
0 0.297334 0.895922 0.014049 0.014438
0 0.372126 0.735735 0.012295 0.012191
0 0.355681 0.895052 0.010670 0.011407
0 0.767570 0.323419 0.011872 0.011323
0 0.773852 0.004687 0.012308 0.009374
0 0.416649 0.972204 0.011579 0.011505
0 0.109664 0.980688 0.013810 0.013492
0 0.859039 0.001591 0.013183 0.003182
0 0.289242 0.613395 0.010948 0.011396
0 0.060300 0.620902 0.012477 0.012615
0 0.109618 0.625357 0.011075 0.011073
