0 0.749137 0.088347 0.015931 0.015759
0 0.601386 0.928761 0.016743 0.016521
0 0.512339 0.551729 0.015467 0.015594
0 0.132027 0.336513 0.014856 0.014786
0 0.329805 0.590050 0.014951 0.014893
0 0.787868 0.563066 0.014491 0.014637
0 0.091371 0.834492 0.014014 0.013796
0 0.405237 0.848587 0.014193 0.014240
0 0.173153 0.902543 0.015985 0.016114
0 0.389047 0.062961 0.014293 0.014136
0 0.338334 0.909896 0.014263 0.014079
0 0.792167 0.175073 0.014181 0.013992
0 0.228975 0.553988 0.014872 0.014345
0 0.404964 0.431106 0.015346 0.015198
0 0.663995 0.488820 0.014159 0.014106
0 0.106451 0.511836 0.014041 0.014062
0 0.618668 0.456100 0.014271 0.014215
0 0.211003 0.194080 0.015101 0.015424
0 0.561354 0.239222 0.013986 0.014032
0 0.709953 0.539368 0.014997 0.014847
0 0.384263 0.566372 0.014435 0.014482
0 0.592822 0.595760 0.015092 0.015000
0 0.132180 0.777324 0.014854 0.014804
0 0.060717 0.686490 0.014747 0.014831
0 0.882720 0.017985 0.015037 0.015125
0 0.318029 0.691296 0.014637 0.014393
0 0.411993 0.588039 0.014024 0.014097
0 0.469254 0.473086 0.014794 0.014799
0 0.461700 0.115051 0.014216 0.014352
0 0.808176 0.370700 0.015005 0.015001
0 0.043984 0.155633 0.014054 0.014103
0 0.160598 0.321934 0.015014 0.014916
0 0.534104 0.833052 0.014650 0.014712
0 0.518259 0.706873 0.014218 0.014393
0 0.922104 0.395592 0.014170 0.014177
0 0.347801 0.300661 0.022857 0.022668
0 0.583891 0.836976 0.013873 0.013845
0 0.367303 0.702533 0.014748 0.014661
0 0.026602 0.255689 0.014509 0.014508
0 0.494227 0.299420 0.015105 0.015104
0 0.572950 0.274514 0.015493 0.015349
0 0.746583 0.647504 0.013465 0.013305
0 0.302243 0.219548 0.014688 0.014794
0 0.551780 0.671936 0.015036 0.015169
0 0.726978 0.031585 0.013662 0.013414
0 0.114606 0.191840 0.015167 0.015219
0 0.229124 0.506596 0.016905 0.016787
0 0.231087 0.065080 0.014812 0.014836
0 0.277886 0.177858 0.015195 0.015364
0 0.198047 0.433567 0.017233 0.017240
0 0.849860 0.721911 0.022658 0.022527
0 0.739467 0.696783 0.015055 0.014961
0 0.444160 0.161955 0.014938 0.015004
0 0.053034 0.254988 0.014695 0.014910
0 0.931899 0.753593 0.014167 0.014174
0 0.068785 0.901816 0.014001 0.013927
0 0.312067 0.343770 0.015168 0.015112
0 0.935394 0.467150 0.014855 0.014971
0 0.765621 0.355122 0.014688 0.014880
0 0.277082 0.755507 0.014639 0.014655
0 0.934094 0.596993 0.014670 0.014614
0 0.746383 0.259293 0.014651 0.014609
0 0.696419 0.033094 0.015324 0.015464
0 0.692717 0.946894 0.013721 0.013894
0 0.850010 0.583557 0.015071 0.015446
0 0.147971 0.887163 0.015211 0.014990
0 0.476359 0.965471 0.014167 0.014298
0 0.953689 0.013704 0.013067 0.012934
0 0.150991 0.244924 0.015248 0.015248
0 0.859635 0.282418 0.014642 0.014894
0 0.682158 0.248840 0.015108 0.015107
0 0.404774 0.696576 0.016388 0.016016
0 0.145123 0.021652 0.015247 0.014905
0 0.558151 0.196534 0.013782 0.013171
0 0.678718 0.640865 0.017718 0.017181
0 0.575980 0.102365 0.014005 0.014209
0 0.765733 0.278448 0.014758 0.014744
0 0.716909 0.891658 0.013438 0.013505
0 0.871556 0.628679 0.014053 0.014275
0 0.209624 0.543599 0.015117 0.015444
0 0.152787 0.060181 0.014995 0.014766
0 0.310622 0.053574 0.015121 0.015144
0 0.068020 0.576572 0.022364 0.022364
0 0.555539 0.477481 0.014986 0.015031
0 0.688248 0.932728 0.014014 0.013885
0 0.667748 0.111797 0.013851 0.013992
0 0.096860 0.456565 0.016198 0.016502
0 0.681581 0.790352 0.013783 0.013725
0 0.757156 0.008911 0.014124 0.014297
0 0.718529 0.272234 0.014291 0.014157
0 0.524011 0.019155 0.018193 0.017867
0 0.991899 0.103752 0.014857 0.015066
0 0.003935 0.097304 0.007830 0.015311
0 0.841784 0.298330 0.014354 0.014052
0 0.903600 0.121129 0.014598 0.014444
0 0.088438 0.933970 0.013799 0.013739
0 0.855431 0.398127 0.015198 0.015326
0 0.537311 0.638258 0.019518 0.019473
0 0.994040 0.953168 0.011920 0.014433
0 0.703702 0.824162 0.022186 0.021934
0 0.500654 0.194605 0.013892 0.013867
0 0.960042 0.984979 0.013545 0.013676
0 0.919478 0.145675 0.017862 0.017842
0 0.417184 0.227733 0.015664 0.015985
0 0.638128 0.088303 0.018598 0.018578
0 0.857936 0.305961 0.012183 0.012222
0 0.995060 0.846563 0.009874 0.012472
0 0.003696 0.171880 0.007325 0.015019
0 0.670868 0.193037 0.020101 0.019827
0 0.843025 0.412184 0.014691 0.014672
0 0.106719 0.985221 0.014330 0.014375
0 0.265595 0.246751 0.020718 0.020748
0 0.782715 0.103480 0.013679 0.013365
0 0.542532 0.634846 0.015082 0.014787
0 0.002986 0.170378 0.005954 0.015311
0 0.451348 0.216242 0.019620 0.020032
0 0.539879 0.636343 0.017661 0.016977
0 0.006039 0.265451 0.012065 0.017280
0 0.888788 0.260760 0.019796 0.019705
