0 0.054525 0.841772 0.013089 0.013222
0 0.190175 0.361549 0.012822 0.012700
0 0.678894 0.890891 0.013120 0.012877
0 0.603890 0.899581 0.012579 0.012511
0 0.417176 0.157145 0.014233 0.014173
0 0.531884 0.434201 0.012650 0.012589
0 0.430265 0.320706 0.013776 0.013747
0 0.289672 0.494506 0.012964 0.012916
0 0.450281 0.689573 0.013433 0.013338
0 0.290093 0.201837 0.012791 0.012844
0 0.785901 0.140276 0.013636 0.013450
0 0.804610 0.025220 0.013184 0.012941
0 0.593351 0.162477 0.013513 0.013258
0 0.455458 0.795245 0.012583 0.012635
0 0.605666 0.457649 0.013506 0.013267
0 0.081583 0.882063 0.013749 0.013586
0 0.457503 0.201678 0.013825 0.013925
0 0.022849 0.276506 0.012756 0.012646
0 0.538954 0.395654 0.012485 0.012540
0 0.578844 0.262751 0.012633 0.012608
0 0.659709 0.327310 0.013312 0.013203
0 0.645062 0.936752 0.013783 0.013769
0 0.263430 0.071959 0.012200 0.011975
0 0.942306 0.845534 0.012923 0.012992
0 0.419349 0.401104 0.013336 0.013292
0 0.857809 0.071053 0.014208 0.014134
0 0.182027 0.319009 0.012448 0.012421
0 0.703939 0.873348 0.013800 0.013647
0 0.961175 0.574270 0.011893 0.011960
0 0.599056 0.231151 0.013735 0.013659
0 0.399568 0.372032 0.013611 0.013269
0 0.030317 0.686433 0.013962 0.013945
0 0.075599 0.265850 0.016499 0.016445
0 0.191140 0.497881 0.013099 0.013184
0 0.848133 0.559888 0.013804 0.013584
0 0.158132 0.787542 0.012918 0.012951
0 0.308049 0.607337 0.012217 0.011947
0 0.471202 0.758756 0.013648 0.013720
0 0.388242 0.860933 0.012605 0.012661
0 0.910257 0.089724 0.012192 0.012245
0 0.566928 0.705568 0.013104 0.013089
0 0.136171 0.119933 0.013999 0.013798
0 0.817944 0.307671 0.015885 0.015842
0 0.603553 0.677598 0.015987 0.016126
0 0.959150 0.459158 0.012913 0.012959
0 0.302224 0.122656 0.013365 0.013184
0 0.784665 0.350082 0.013099 0.013322
0 0.753832 0.742076 0.012589 0.012633
0 0.334981 0.700462 0.013837 0.013903
0 0.782581 0.489739 0.013612 0.013832
0 0.187413 0.801635 0.013812 0.013718
0 0.740033 0.518334 0.014600 0.014637
0 0.365793 0.828857 0.013919 0.013731
0 0.111590 0.819379 0.013348 0.012919
0 0.363041 0.019223 0.012926 0.012988
0 0.907463 0.200471 0.012961 0.013000
0 0.521738 0.565580 0.013832 0.013720
0 0.060466 0.956700 0.013012 0.012934
0 0.046904 0.421914 0.013192 0.013021
0 0.501814 0.509106 0.013134 0.013177
0 0.661118 0.839026 0.013127 0.013279
0 0.815917 0.966198 0.012007 0.011881
0 0.896907 0.355700 0.013684 0.013596
0 0.707234 0.469179 0.013935 0.013895
0 0.646230 0.708921 0.013056 0.012591
0 0.737008 0.211720 0.012226 0.012118
0 0.963425 0.058318 0.012276 0.012277
0 0.164198 0.967127 0.012568 0.012395
0 0.406614 0.643513 0.013612 0.013739
0 0.384856 0.622736 0.013303 0.013164
0 0.831497 0.138899 0.013465 0.013636
0 0.073501 0.923997 0.013950 0.014077
0 0.479826 0.407065 0.013709 0.013889
0 0.288670 0.294550 0.012907 0.013161
0 0.335587 0.967467 0.012162 0.012187
0 0.380446 0.402807 0.013334 0.013146
0 0.111227 0.392322 0.013088 0.013007
0 0.072609 0.078949 0.013718 0.013621
0 0.093474 0.659457 0.013255 0.013031
0 0.455397 0.533939 0.012670 0.012504
0 0.479256 0.107900 0.013447 0.013277
0 0.727006 0.611659 0.012907 0.012877
0 0.527939 0.474311 0.013324 0.013357
0 0.505836 0.466377 0.012739 0.012865
0 0.720199 0.173910 0.013197 0.013109
0 0.087085 0.461570 0.013943 0.013999
0 0.937724 0.640902 0.011555 0.011459
0 0.366223 0.359459 0.014367 0.014180
0 0.250999 0.224618 0.013695 0.013510
0 0.501658 0.664653 0.013213 0.013177
0 0.269909 0.640476 0.013373 0.013295
0 0.331481 0.763459 0.013504 0.013446
0 0.491364 0.451320 0.013560 0.013640
0 0.821395 0.871428 0.011782 0.011834
0 0.210356 0.912736 0.011746 0.011892
0 0.949949 0.013107 0.013005 0.013017
0 0.371083 0.647409 0.013322 0.013297
0 0.028508 0.887287 0.012505 0.012623
0 0.137775 0.830343 0.013166 0.012843
0 0.854716 0.350450 0.014068 0.014202
0 0.712853 0.574075 0.014189 0.014297
0 0.160242 0.849941 0.013497 0.013465
0 0.857206 0.677820 0.014003 0.014222
0 0.873035 0.672698 0.012402 0.012200
0 0.543900 0.548901 0.012350 0.012156
0 0.023254 0.381133 0.013701 0.013485
0 0.269011 0.362329 0.014478 0.014419
0 0.776232 0.458155 0.014186 0.014053
0 0.542847 0.764936 0.013315 0.013708
0 0.346558 0.231821 0.013668 0.013603
0 0.339274 0.085410 0.013825 0.013855
0 0.447372 0.906289 0.013451 0.013848
0 0.090363 0.196038 0.014224 0.014102
0 0.975117 0.174554 0.012997 0.012917
0 0.638162 0.226313 0.013414 0.013390
0 0.790015 0.187304 0.012627 0.012292
0 0.037579 0.071983 0.012073 0.011948
0 0.575129 0.104045 0.012670 0.012814
0 0.915466 0.924210 0.011728 0.011594
0 0.995053 0.697456 0.009894 0.013470
0 0.722173 0.987770 0.013430 0.013533
0 0.411533 0.899369 0.012058 0.012189
0 0.019662 0.986023 0.014834 0.014860
0 0.471336 0.582076 0.012799 0.012644
0 0.291767 0.966469 0.011754 0.011651
0 0.689933 0.660133 0.014027 0.013902
0 0.422600 0.228496 0.014559 0.014458
0 0.800704 0.220224 0.014977 0.015143
0 0.683741 0.566264 0.013042 0.013047
0 0.877688 0.170094 0.013451 0.013571
0 0.872903 0.751261 0.013763 0.013752
0 0.782195 0.995408 0.012920 0.009184
0 0.692490 0.686181 0.015349 0.015288
0 0.227054 0.679764 0.015545 0.015232
0 0.309340 0.044689 0.013140 0.013165
0 0.640535 0.254527 0.016111 0.016017
0 0.949742 0.988683 0.013532 0.013508
0 0.850573 0.603204 0.013778 0.013808
0 0.737418 0.412653 0.013395 0.013353
0 0.856523 0.817371 0.012973 0.013169
0 0.908169 0.103762 0.013267 0.013450
0 0.527812 0.604986 0.013824 0.013821
0 0.970482 0.878566 0.013979 0.013764
0 0.189130 0.007659 0.012556 0.012587
0 0.909759 0.148279 0.013809 0.013518
0 0.555412 0.534584 0.013250 0.013327
0 0.019354 0.565904 0.012092 0.012038
0 0.234928 0.491583 0.013035 0.013108
0 0.453477 0.014319 0.013251 0.013282
0 0.744673 0.315261 0.012857 0.013116
0 0.388571 0.974850 0.012921 0.012693
0 0.736858 0.671052 0.012644 0.012744
0 0.550675 0.333195 0.013644 0.013815
0 0.002496 0.541803 0.004966 0.012251
0 0.004886 0.595939 0.009735 0.013209
0 0.005223 0.630971 0.010446 0.015608
0 0.863026 0.011572 0.012928 0.012951
0 0.033317 0.249261 0.010326 0.010006
0 0.119742 0.263331 0.014227 0.013412
0 0.846656 0.909651 0.012677 0.012405
0 0.281073 0.931808 0.014741 0.013912
0 0.057446 0.213318 0.013924 0.013734
0 0.418180 0.470070 0.009374 0.009646
0 0.051337 0.233162 0.013286 0.013159
0 0.132704 0.448105 0.012709 0.012940
0 0.525954 0.023031 0.013290 0.013047
0 0.128382 0.430903 0.012584 0.012689
0 0.982487 0.192515 0.013004 0.012987
0 0.100962 0.239325 0.014796 0.014745
0 0.267098 0.719444 0.014067 0.014001
0 0.844562 0.184819 0.014799 0.014871
0 0.222046 0.073119 0.012557 0.012705
0 0.598687 0.330274 0.012699 0.012681
0 0.256796 0.117747 0.012142 0.012007
0 0.479984 0.267396 0.014959 0.015107
0 0.419365 0.430662 0.015381 0.015213
0 0.717576 0.313002 0.014799 0.014815
0 0.397575 0.393948 0.013817 0.013513
0 0.408833 0.882615 0.013126 0.012772
0 0.832758 0.780578 0.013334 0.013572
0 0.164617 0.563081 0.013418 0.013326
0 0.345615 0.290071 0.024396 0.024272
0 0.998181 0.615709 0.003637 0.011911
0 0.416392 0.431457 0.015072 0.015217
0 0.523586 0.238115 0.013280 0.013499
0 0.992402 0.066088 0.014868 0.015543
0 0.939372 0.872621 0.013381 0.013111
0 0.689401 0.195504 0.013279 0.013592
0 0.406940 0.994047 0.016299 0.011827
0 0.010968 0.440609 0.014132 0.014201
0 0.009433 0.438694 0.013679 0.013505
0 0.847745 0.931289 0.011678 0.011523
0 0.187827 0.551320 0.013969 0.014433
0 0.244827 0.727188 0.014016 0.014031
0 0.532554 0.629327 0.022268 0.022080
0 0.703757 0.812640 0.023115 0.023405
