0 0.505036 0.283701 0.012447 0.012296
0 0.520929 0.924601 0.012384 0.012341
0 0.748870 0.618660 0.013289 0.013180
0 0.660030 0.680457 0.013452 0.013477
0 0.465762 0.134748 0.012516 0.012548
0 0.463724 0.052979 0.012416 0.012316
0 0.061710 0.701237 0.013974 0.013773
0 0.812665 0.757274 0.013196 0.013071
0 0.879887 0.621415 0.011253 0.011378
0 0.517147 0.106805 0.011956 0.011911
0 0.838939 0.464976 0.012883 0.013091
0 0.345904 0.528754 0.013820 0.013679
0 0.716412 0.905228 0.011709 0.011621
0 0.192981 0.516235 0.012807 0.012696
0 0.503452 0.444887 0.011965 0.011834
0 0.450471 0.568732 0.012934 0.013080
0 0.688473 0.535686 0.012619 0.012307
0 0.457978 0.961107 0.012027 0.011845
0 0.400674 0.971060 0.011685 0.011543
0 0.147026 0.349261 0.012838 0.012754
0 0.515209 0.133947 0.013075 0.012930
0 0.271422 0.029980 0.014041 0.013867
0 0.165207 0.379825 0.013752 0.013799
0 0.623966 0.552517 0.012438 0.012192
0 0.298472 0.926873 0.012998 0.013044
0 0.502493 0.718728 0.011767 0.011915
0 0.060661 0.226465 0.012146 0.011776
0 0.949660 0.607023 0.010498 0.010644
0 0.433922 0.437701 0.011671 0.011702
0 0.774565 0.208338 0.012298 0.012169
0 0.305404 0.618193 0.013351 0.013049
0 0.291197 0.810985 0.013085 0.013107
0 0.523341 0.328560 0.013724 0.013665
0 0.439003 0.678263 0.013407 0.013438
0 0.389750 0.177898 0.012489 0.012353
0 0.416434 0.432049 0.012502 0.012549
0 0.710440 0.074818 0.012918 0.012945
0 0.541585 0.974228 0.011569 0.011293
0 0.261567 0.689777 0.013067 0.013004
0 0.088146 0.426346 0.012130 0.011978
0 0.351223 0.154427 0.012016 0.011969
0 0.642992 0.882718 0.013395 0.013306
0 0.948236 0.464477 0.012621 0.012519
0 0.254063 0.219301 0.014030 0.014131
0 0.653659 0.771220 0.010882 0.010713
0 0.889460 0.745660 0.012803 0.012514
0 0.222575 0.470110 0.012384 0.012465
0 0.291812 0.350430 0.011931 0.011856
0 0.417137 0.286145 0.012374 0.012245
0 0.525856 0.348577 0.013027 0.013135
0 0.306457 0.048076 0.012525 0.012434
0 0.526600 0.180340 0.013691 0.013682
0 0.954563 0.912899 0.012951 0.012954
0 0.798505 0.457249 0.011573 0.011625
0 0.921335 0.614990 0.011269 0.011097
0 0.408260 0.060083 0.012660 0.012482
0 0.678063 0.254605 0.012996 0.013160
0 0.812896 0.310029 0.012733 0.012461
0 0.805876 0.014410 0.010834 0.010606
0 0.126817 0.884236 0.011707 0.011964
0 0.129454 0.477856 0.012147 0.012128
0 0.112457 0.093870 0.013718 0.013481
0 0.577604 0.655795 0.011302 0.011222
0 0.130583 0.457898 0.012559 0.012228
0 0.188396 0.658732 0.012052 0.011909
0 0.893235 0.301846 0.012778 0.012828
0 0.734923 0.992491 0.012240 0.012114
0 0.435995 0.653300 0.013652 0.013581
0 0.870384 0.357249 0.011525 0.011644
0 0.332030 0.250838 0.014076 0.013813
0 0.274339 0.131169 0.013228 0.013291
0 0.026894 0.964799 0.012339 0.012493
0 0.153284 0.290713 0.013504 0.013385
0 0.851661 0.034932 0.012174 0.012328
0 0.059443 0.151581 0.012096 0.011997
0 0.169528 0.082911 0.011465 0.011277
0 0.161720 0.816101 0.012967 0.012880
0 0.643180 0.039137 0.012881 0.012920
0 0.133074 0.687060 0.012908 0.012675
0 0.207728 0.441698 0.013470 0.013280
0 0.178384 0.980491 0.012699 0.012857
0 0.294862 0.598725 0.012576 0.012840
0 0.949520 0.943666 0.011570 0.011617
0 0.331610 0.518928 0.012358 0.011972
0 0.533544 0.631596 0.020849 0.020184
0 0.705617 0.315076 0.013866 0.013773
0 0.106490 0.442356 0.013009 0.013156
0 0.827360 0.610850 0.013367 0.013292
0 0.035515 0.277822 0.011738 0.012041
0 0.524626 0.592750 0.013314 0.013319
0 0.020282 0.771053 0.011589 0.011612
0 0.071513 0.629237 0.010100 0.009963
0 0.849196 0.710783 0.022629 0.022649
0 0.969620 0.154091 0.012737 0.012700
0 0.451358 0.748326 0.012426 0.012363
0 0.875472 0.189668 0.012531 0.012603
0 0.402478 0.002531 0.012836 0.005063
0 0.326425 0.811687 0.011246 0.011161
0 0.181889 0.897159 0.012871 0.012370
0 0.226118 0.650519 0.012664 0.012498
0 0.335892 0.191460 0.012563 0.012909
0 0.823061 0.184902 0.012210 0.012208
0 0.978893 0.331721 0.011840 0.011974
0 0.225046 0.134289 0.012138 0.011971
0 0.602776 0.728916 0.010780 0.010676
0 0.775145 0.004947 0.012600 0.009894
0 0.935331 0.604267 0.014176 0.013981
0 0.343500 0.292270 0.022056 0.022069
0 0.833727 0.920088 0.011707 0.011103
0 0.697887 0.998198 0.009979 0.003604
0 0.008476 0.577415 0.011465 0.011705
0 0.911717 0.673146 0.011538 0.011852
0 0.608859 0.844134 0.012513 0.012501
0 0.673890 0.003198 0.010427 0.006369
0 0.831478 0.919154 0.012307 0.012035
0 0.526598 0.534983 0.009857 0.009741
0 0.105190 0.227046 0.012388 0.012332
0 0.401102 0.571441 0.010426 0.010414
