0 0.450175 0.240248 0.016375 0.016173
0 0.320007 0.631739 0.014691 0.014719
0 0.375179 0.817207 0.013757 0.013809
0 0.829976 0.902363 0.014205 0.014121
0 0.368642 0.169056 0.017202 0.017107
0 0.341113 0.871086 0.014599 0.014482
0 0.645820 0.605194 0.016379 0.016392
0 0.063143 0.390399 0.014642 0.014842
0 0.879801 0.541712 0.014020 0.013917
0 0.840864 0.548146 0.016509 0.016404
0 0.684822 0.098029 0.014245 0.014158
0 0.672570 0.843127 0.014018 0.014204
0 0.862821 0.341582 0.013816 0.013777
0 0.142017 0.029247 0.014659 0.014475
0 0.900786 0.183259 0.014222 0.014260
0 0.454565 0.046844 0.013770 0.013750
0 0.498919 0.192038 0.014145 0.014267
0 0.868076 0.192290 0.015067 0.015090
0 0.021388 0.427572 0.013830 0.013639
0 0.419948 0.575721 0.014455 0.014639
0 0.775112 0.491367 0.014353 0.014309
0 0.498227 0.572249 0.016428 0.016293
0 0.898464 0.668862 0.015005 0.014843
0 0.361776 0.474375 0.014869 0.014902
0 0.260279 0.536948 0.015263 0.015265
0 0.347269 0.669721 0.013663 0.013558
0 0.921995 0.225266 0.014587 0.014660
0 0.251589 0.446033 0.014241 0.014232
0 0.796978 0.465590 0.014495 0.014482
0 0.165704 0.503663 0.015177 0.015134
0 0.813471 0.120932 0.014672 0.014804
0 0.229529 0.385903 0.014656 0.014978
0 0.045956 0.644280 0.014651 0.014899
0 0.362154 0.625022 0.014196 0.014329
0 0.395147 0.145707 0.014857 0.014831
0 0.428727 0.634210 0.014996 0.014829
0 0.237783 0.599470 0.014784 0.015097
0 0.246324 0.762023 0.014864 0.015051
0 0.061818 0.981398 0.014202 0.014136
0 0.398884 0.803158 0.016947 0.016956
0 0.422001 0.306595 0.013843 0.014192
0 0.204046 0.484290 0.014652 0.014499
0 0.102047 0.464975 0.015383 0.015373
0 0.717991 0.169251 0.014310 0.014118
0 0.920917 0.571485 0.014354 0.014306
0 0.654721 0.442812 0.015257 0.015112
0 0.087553 0.913147 0.015035 0.015060
0 0.306098 0.338155 0.015080 0.014934
0 0.037667 0.956383 0.013496 0.013398
0 0.728450 0.947849 0.014157 0.014249
0 0.116932 0.628557 0.014842 0.014778
0 0.189456 0.682764 0.013619 0.013558
0 0.296401 0.012828 0.014277 0.014191
0 0.279799 0.876140 0.014031 0.014034
0 0.517464 0.326264 0.015588 0.015763
0 0.880959 0.391689 0.014096 0.014121
0 0.170076 0.734053 0.014469 0.014403
0 0.728037 0.074180 0.013985 0.013717
0 0.650297 0.800313 0.014760 0.014675
0 0.846612 0.268248 0.015088 0.015286
0 0.628499 0.946415 0.014865 0.014769
0 0.550984 0.162296 0.013609 0.013678
0 0.046106 0.826722 0.014797 0.014911
0 0.186907 0.839600 0.014960 0.014927
0 0.149625 0.862005 0.013789 0.013914
0 0.888954 0.352131 0.014652 0.015033
0 0.766118 0.529629 0.014868 0.015034
0 0.593171 0.328101 0.014782 0.014802
0 0.529941 0.491934 0.014374 0.014514
0 0.895665 0.323888 0.015137 0.015204
0 0.242228 0.678583 0.014034 0.013967
0 0.642395 0.116052 0.015265 0.015386
0 0.412629 0.156401 0.014404 0.014540
0 0.624451 0.134452 0.013404 0.013336
0 0.203141 0.523652 0.015155 0.014994
0 0.419406 0.665950 0.014500 0.014323
0 0.162807 0.163951 0.015787 0.015657
0 0.314462 0.967073 0.014494 0.014417
0 0.131554 0.214252 0.017028 0.016920
0 0.921756 0.902574 0.014350 0.014657
0 0.220689 0.752781 0.014888 0.014915
0 0.536486 0.708709 0.014144 0.014152
0 0.378123 0.901739 0.015549 0.015555
0 0.849858 0.721132 0.023498 0.023702
0 0.533532 0.640218 0.023145 0.022915
0 0.256632 0.210918 0.014645 0.014526
0 0.050274 0.120075 0.014294 0.014558
0 0.347653 0.300019 0.023171 0.023019
0 0.507636 0.120083 0.017694 0.017567
0 0.985840 0.504713 0.016656 0.016482
0 0.792203 0.286061 0.014889 0.014654
0 0.856143 0.941225 0.014608 0.014617
0 0.830570 0.312011 0.017893 0.017773
0 0.880395 0.016495 0.014665 0.014674
0 0.788832 0.558067 0.015378 0.015203
0 0.992860 0.391600 0.014271 0.015284
0 0.067761 0.576854 0.021277 0.021393
0 0.025242 0.459168 0.014998 0.014952
0 0.921719 0.146842 0.020571 0.020359
0 0.575427 0.193082 0.015089 0.015364
0 0.848763 0.630917 0.015038 0.014882
0 0.746274 0.710714 0.014708 0.014698
0 0.822842 0.733874 0.014117 0.014173
0 0.055567 0.320913 0.015596 0.015586
0 0.984354 0.203927 0.014461 0.014283
0 0.015079 0.195669 0.013525 0.013665
0 0.157776 0.832816 0.015450 0.015295
0 0.638021 0.088742 0.019311 0.019246
0 0.454323 0.347316 0.015557 0.015462
0 0.740034 0.619084 0.015954 0.016103
0 0.223021 0.612710 0.012859 0.012863
0 0.476378 0.367642 0.013791 0.013816
0 0.911660 0.992715 0.018243 0.014548
0 0.029434 0.008607 0.015929 0.015740
0 0.951029 0.028401 0.013905 0.013863
0 0.654726 0.561023 0.016740 0.016734
0 0.287776 0.804639 0.014809 0.014660
0 0.515262 0.466967 0.015520 0.015717
0 0.292532 0.453516 0.014575 0.014612
0 0.703517 0.971324 0.015061 0.015110
0 0.168593 0.313961 0.015793 0.015430
0 0.377445 0.229791 0.019974 0.020044
0 0.489761 0.405656 0.015488 0.015174
0 0.836612 0.824289 0.014288 0.014248
0 0.377380 0.741270 0.022061 0.021700
0 0.569915 0.428727 0.014824 0.014607
0 0.765965 0.992303 0.014571 0.013993
0 0.804121 0.654790 0.013912 0.014028
0 0.376597 0.365270 0.015515 0.015235
0 0.696974 0.534904 0.015124 0.015072
0 0.720530 0.418442 0.016150 0.016039
0 0.901727 0.413223 0.014868 0.014521
0 0.524332 0.019407 0.018936 0.018509
0 0.739118 0.442979 0.012511 0.012014
0 0.377198 0.381743 0.014612 0.014220
0 0.687362 0.279386 0.014902 0.014683
0 0.769631 0.734288 0.014474 0.014593
0 0.003928 0.063513 0.007835 0.016520
0 0.693719 0.320912 0.015958 0.015918
0 0.568957 0.390396 0.015676 0.015775
0 0.957029 0.946221 0.014024 0.013500
0 0.611341 0.493636 0.014075 0.014002
0 0.684686 0.496366 0.015582 0.015506
0 0.700974 0.493881 0.015175 0.015270
0 0.758747 0.256832 0.013607 0.013762
0 0.704532 0.823305 0.022430 0.022505
0 0.610115 0.491944 0.014284 0.014580
0 0.888160 0.259954 0.019634 0.019392
0 0.689248 0.278267 0.014890 0.014910
0 0.670742 0.192649 0.020241 0.019971
0 0.998076 0.213465 0.003753 0.017575
0 0.698590 0.494354 0.015082 0.015407
0 0.693422 0.324037 0.015488 0.016115
0 0.222155 0.313702 0.016671 0.015962
0 0.529902 0.103847 0.015311 0.015282
0 0.219284 0.313257 0.015242 0.015229
