0 0.946371 0.773997 0.013036 0.013038
0 0.264245 0.236114 0.013145 0.012883
0 0.155697 0.448321 0.013593 0.013293
0 0.187203 0.889426 0.013314 0.013146
0 0.749661 0.615703 0.012435 0.012170
0 0.250715 0.385045 0.012858 0.012585
0 0.545196 0.483471 0.011679 0.011618
0 0.460303 0.958469 0.012222 0.012255
0 0.173913 0.786455 0.012289 0.012040
0 0.108701 0.823632 0.013635 0.013539
0 0.267198 0.181364 0.012607 0.012550
0 0.776690 0.864259 0.012678 0.012546
0 0.241095 0.743935 0.012807 0.012647
0 0.233742 0.349382 0.011907 0.011822
0 0.158996 0.047578 0.012727 0.012677
0 0.859047 0.580336 0.012447 0.012521
0 0.320651 0.243875 0.011653 0.011606
0 0.276544 0.744300 0.012632 0.012667
0 0.396572 0.093573 0.011655 0.011575
0 0.367582 0.251361 0.011815 0.011612
0 0.158583 0.825548 0.011378 0.011428
0 0.542544 0.973601 0.011893 0.011839
0 0.605642 0.463589 0.010672 0.010892
0 0.524784 0.346406 0.012623 0.012496
0 0.899635 0.762474 0.010737 0.011810
0 0.060209 0.456442 0.011085 0.011080
0 0.572336 0.323072 0.011792 0.011588
0 0.109707 0.978405 0.013663 0.013669
0 0.523123 0.457632 0.012894 0.012884
0 0.502421 0.095402 0.012289 0.012326
0 0.357836 0.571804 0.013174 0.012993
0 0.160807 0.934969 0.011250 0.011422
0 0.846947 0.716994 0.019393 0.018792
0 0.311503 0.843120 0.011463 0.011483
0 0.695970 0.710920 0.012891 0.013226
0 0.404068 0.515466 0.010930 0.010951
0 0.042987 0.188938 0.011245 0.011334
0 0.207187 0.500609 0.014150 0.014253
0 0.125283 0.853877 0.012171 0.012113
0 0.879463 0.752294 0.010283 0.009837
0 0.044384 0.471375 0.012281 0.011954
0 0.600163 0.794914 0.011320 0.011281
0 0.107813 0.004570 0.012244 0.009141
0 0.325099 0.145654 0.010564 0.010262
0 0.850951 0.680902 0.012206 0.012060
0 0.330701 0.517014 0.011526 0.011182
0 0.226247 0.650111 0.012318 0.012022
0 0.342327 0.812614 0.010954 0.011069
0 0.618135 0.421686 0.012443 0.012247
0 0.819710 0.218360 0.010893 0.010791
0 0.108841 0.102762 0.010204 0.010302
0 0.449032 0.838934 0.010969 0.011236
0 0.454957 0.242339 0.010228 0.010729
0 0.518101 0.283134 0.012637 0.012622
0 0.312049 0.135264 0.012734 0.012532
0 0.415208 0.989359 0.012216 0.012324
0 0.616826 0.872435 0.012011 0.011688
0 0.540925 0.224272 0.010987 0.011101
0 0.472662 0.605109 0.009714 0.010008
0 0.141211 0.199604 0.012210 0.012424
0 0.345311 0.296373 0.022485 0.022541
0 0.531009 0.637193 0.021958 0.022006
0 0.442234 0.058639 0.010406 0.010437
0 0.016748 0.560908 0.010134 0.010067
0 0.724349 0.402587 0.012332 0.011984
0 0.069031 0.324383 0.009347 0.009640
