0 0.646512 0.935924 0.013419 0.013517
0 0.069797 0.071186 0.012376 0.012279
0 0.055159 0.901324 0.012599 0.012391
0 0.163818 0.032396 0.012635 0.012399
0 0.739882 0.971915 0.013196 0.013104
0 0.475200 0.660738 0.012057 0.011874
0 0.344284 0.136011 0.010598 0.010467
0 0.355387 0.049735 0.011835 0.011894
0 0.772836 0.503426 0.012517 0.012230
0 0.066528 0.838590 0.012880 0.012771
0 0.076050 0.630740 0.012952 0.012919
0 0.335985 0.216336 0.013304 0.013000
0 0.456633 0.958465 0.012514 0.012622
0 0.064490 0.975477 0.011006 0.011060
0 0.108771 0.964571 0.012858 0.012611
0 0.335661 0.491579 0.011698 0.011566
0 0.187145 0.888582 0.013446 0.013348
0 0.748919 0.615600 0.011177 0.011125
0 0.409875 0.639325 0.012241 0.011678
0 0.594285 0.883111 0.011978 0.012672
0 0.477858 0.758171 0.012179 0.012169
0 0.212624 0.501396 0.012990 0.012998
0 0.543310 0.973618 0.011770 0.011510
0 0.744811 0.897568 0.013448 0.013565
0 0.657809 0.786643 0.012793 0.012743
0 0.524300 0.345190 0.012713 0.012681
0 0.272665 0.660726 0.011723 0.011554
0 0.597584 0.786770 0.011747 0.011666
0 0.153007 0.895532 0.011928 0.011943
0 0.847680 0.718311 0.016241 0.015766
0 0.424343 0.954407 0.012540 0.012568
0 0.069545 0.456035 0.011335 0.011639
0 0.212279 0.407614 0.010851 0.011555
0 0.194519 0.529964 0.012908 0.012801
0 0.634128 0.234048 0.011066 0.011049
0 0.019423 0.402016 0.011619 0.011675
0 0.232370 0.540481 0.011070 0.011618
0 0.532451 0.633695 0.018913 0.018860
0 0.004885 0.324999 0.009721 0.012245
0 0.358553 0.069897 0.012162 0.012252
0 0.272076 0.704111 0.012812 0.012862
0 0.065939 0.516203 0.012321 0.012250
0 0.354233 0.919815 0.011852 0.011287
0 0.685796 0.643871 0.012032 0.011909
0 0.227320 0.651044 0.012118 0.011651
0 0.034963 0.462943 0.013309 0.013237
0 0.223561 0.466798 0.011554 0.011627
0 0.676180 0.090742 0.011262 0.011328
0 0.490781 0.896321 0.011376 0.011344
0 0.076068 0.374040 0.012012 0.011550
0 0.249649 0.407739 0.011290 0.011465
0 0.113882 0.285968 0.011393 0.011180
0 0.403170 0.304524 0.011774 0.011517
0 0.270362 0.256227 0.011546 0.011459
0 0.724207 0.141472 0.009392 0.009454
0 0.700636 0.820912 0.017600 0.017328
0 0.366507 0.193052 0.011402 0.011109
0 0.287870 0.087553 0.012507 0.012692
0 0.344661 0.296813 0.022222 0.022136
0 0.699480 0.686017 0.010753 0.010835
0 0.197656 0.957964 0.011495 0.011505
0 0.110912 0.980698 0.013426 0.013391
0 0.661474 0.369607 0.011554 0.011776
0 0.063727 0.573996 0.018485 0.017841
0 0.572825 0.283308 0.012791 0.012548
0 0.230870 0.601425 0.011306 0.011058
0 0.519519 0.821278 0.009774 0.009768
0 0.783972 0.731830 0.016128 0.015799
0 0.516257 0.967902 0.012889 0.012935
