0 0.926045 0.429950 0.013722 0.013735
0 0.776565 0.271870 0.012198 0.012290
0 0.908072 0.333505 0.011927 0.011826
0 0.748447 0.618413 0.013465 0.013340
0 0.812263 0.615571 0.013366 0.013235
0 0.395714 0.105693 0.014184 0.014273
0 0.787486 0.131644 0.012366 0.012076
0 0.795578 0.303454 0.013072 0.012934
0 0.273004 0.451818 0.014082 0.013890
0 0.765027 0.824977 0.013669 0.013830
0 0.520524 0.211826 0.012744 0.012664
0 0.249086 0.280710 0.012667 0.012303
0 0.269227 0.109020 0.012516 0.012403
0 0.588929 0.860766 0.013447 0.013384
0 0.761015 0.511199 0.012405 0.012331
0 0.449227 0.461040 0.014819 0.014787
0 0.905778 0.694155 0.012706 0.012537
0 0.765539 0.335049 0.011499 0.011556
0 0.245220 0.193352 0.011985 0.011945
0 0.574109 0.668705 0.012683 0.012481
0 0.866381 0.433826 0.012472 0.012452
0 0.698938 0.629608 0.011951 0.011836
0 0.853900 0.278684 0.013657 0.013442
0 0.326736 0.183277 0.013610 0.013685
0 0.454998 0.589935 0.012316 0.012328
0 0.354946 0.102705 0.011854 0.011603
0 0.730723 0.715520 0.012561 0.012380
0 0.838458 0.768373 0.012882 0.012919
0 0.404855 0.212954 0.013236 0.013254
0 0.741367 0.123694 0.013843 0.013792
0 0.335369 0.568833 0.012971 0.012846
0 0.144702 0.484535 0.013192 0.013120
0 0.434988 0.124263 0.013996 0.013711
0 0.603085 0.656165 0.012334 0.012267
0 0.115068 0.551522 0.012528 0.012267
0 0.165504 0.438693 0.013104 0.013093
0 0.405915 0.293750 0.013505 0.013323
0 0.607247 0.310052 0.013910 0.013776
0 0.848723 0.685823 0.012181 0.012176
0 0.453779 0.957611 0.012729 0.012708
0 0.913049 0.898751 0.012730 0.012910
0 0.620335 0.891298 0.012246 0.012304
0 0.768867 0.188013 0.012227 0.012360
0 0.222122 0.470179 0.013030 0.012960
0 0.465727 0.066681 0.012036 0.012027
0 0.110155 0.932565 0.012882 0.012857
0 0.448368 0.045708 0.013029 0.013063
0 0.352880 0.332815 0.013753 0.013735
0 0.542455 0.974753 0.012362 0.012189
0 0.222295 0.300681 0.012545 0.012736
0 0.501581 0.064746 0.014010 0.014295
0 0.616813 0.811915 0.011086 0.011303
0 0.544702 0.152344 0.013326 0.013603
0 0.018558 0.548357 0.013390 0.013269
0 0.058787 0.357763 0.014009 0.013561
0 0.781714 0.048023 0.012883 0.012808
0 0.197570 0.476996 0.013799 0.013441
0 0.187507 0.275683 0.013708 0.013612
0 0.100839 0.199265 0.012743 0.012576
0 0.525157 0.349179 0.013599 0.013713
0 0.550637 0.814752 0.009688 0.009618
0 0.661528 0.958050 0.012226 0.012609
0 0.593716 0.768936 0.013585 0.013378
0 0.750942 0.434890 0.011744 0.011715
0 0.882885 0.005255 0.012484 0.010509
0 0.776638 0.013156 0.011627 0.011206
0 0.444888 0.682759 0.010506 0.010749
0 0.606276 0.956334 0.011450 0.011384
0 0.108439 0.981181 0.013687 0.013632
0 0.025698 0.778286 0.013605 0.013641
0 0.203603 0.214302 0.013300 0.013105
0 0.436704 0.589722 0.009469 0.009651
0 0.884026 0.303125 0.012214 0.012129
0 0.119049 0.210658 0.012999 0.013033
0 0.585044 0.009296 0.014463 0.014192
0 0.184502 0.892169 0.013269 0.013316
0 0.481330 0.840960 0.013493 0.013568
0 0.190853 0.675048 0.011609 0.011655
0 0.823144 0.421602 0.012181 0.012235
0 0.876721 0.080723 0.010997 0.011145
0 0.823563 0.184960 0.012896 0.012680
0 0.609906 0.509902 0.013261 0.013323
0 0.938680 0.210618 0.012741 0.013444
0 0.354909 0.544675 0.011188 0.011321
0 0.790758 0.005226 0.011409 0.010257
0 0.408581 0.947320 0.014137 0.014039
0 0.369776 0.432047 0.012713 0.012291
0 0.495448 0.543904 0.014512 0.014339
0 0.303200 0.749680 0.012604 0.012460
0 0.320458 0.512180 0.012657 0.012137
0 0.338149 0.269807 0.012041 0.012286
0 0.935423 0.043468 0.009124 0.009256
0 0.013504 0.040843 0.013148 0.013361
0 0.225637 0.649695 0.012607 0.012376
0 0.641595 0.400156 0.013076 0.013079
0 0.925123 0.459629 0.011493 0.011536
0 0.438850 0.021937 0.011916 0.011891
0 0.064112 0.089038 0.012163 0.012109
0 0.467646 0.520216 0.013015 0.012879
0 0.848725 0.708590 0.021026 0.021226
0 0.892331 0.122612 0.013174 0.013121
0 0.998347 0.573847 0.003212 0.012087
0 0.524401 0.631797 0.020819 0.019403
0 0.508352 0.367391 0.013502 0.013704
0 0.320144 0.666884 0.012056 0.012080
0 0.200077 0.816292 0.011712 0.011551
0 0.994764 0.165803 0.010256 0.010742
