0 0.160819 0.664448 0.012852 0.012827
0 0.904342 0.497284 0.012497 0.012376
0 0.603658 0.899191 0.012235 0.012092
0 0.500072 0.317606 0.013139 0.012941
0 0.516479 0.046775 0.012844 0.012804
0 0.730309 0.517747 0.013210 0.013247
0 0.558693 0.868892 0.013392 0.013290
0 0.531331 0.910421 0.014419 0.014301
0 0.565686 0.350820 0.013371 0.013411
0 0.565504 0.399638 0.012788 0.012735
0 0.818254 0.650214 0.013008 0.012891
0 0.669935 0.227699 0.012866 0.012978
0 0.593518 0.162244 0.013418 0.013174
0 0.831106 0.503320 0.013271 0.013344
0 0.274014 0.456197 0.013040 0.012863
0 0.055004 0.843678 0.013308 0.013322
0 0.061450 0.508078 0.013381 0.013403
0 0.804671 0.024617 0.013062 0.012945
0 0.703283 0.746766 0.013044 0.012955
0 0.243579 0.843040 0.013029 0.012972
0 0.851663 0.311618 0.013615 0.013519
0 0.290481 0.201604 0.012943 0.013040
0 0.914822 0.728697 0.013299 0.013506
0 0.815629 0.966282 0.011997 0.011990
0 0.022891 0.727772 0.013122 0.013158
0 0.876750 0.951986 0.013428 0.013377
0 0.281952 0.575603 0.012878 0.012718
0 0.906267 0.182823 0.013074 0.012927
0 0.111683 0.391250 0.013044 0.012929
0 0.578797 0.262196 0.012303 0.012293
0 0.833412 0.433542 0.013006 0.013000
0 0.028273 0.686059 0.013818 0.013804
0 0.391798 0.170715 0.013402 0.013348
0 0.942440 0.845621 0.012844 0.012957
0 0.848806 0.594082 0.014216 0.013992
0 0.430825 0.541028 0.013092 0.013098
0 0.100119 0.415850 0.012753 0.012892
0 0.466234 0.087238 0.013321 0.013426
0 0.429601 0.759939 0.013377 0.013384
0 0.137494 0.202204 0.013419 0.013319
0 0.458238 0.576058 0.012679 0.012734
0 0.274330 0.385806 0.013448 0.013150
0 0.263894 0.071597 0.012579 0.012408
0 0.597166 0.699184 0.014124 0.014449
0 0.068190 0.215308 0.013288 0.013323
0 0.425310 0.857360 0.012984 0.013054
0 0.477753 0.113935 0.012603 0.012417
0 0.761438 0.756645 0.014573 0.014436
0 0.217879 0.291549 0.013187 0.013045
0 0.785545 0.140572 0.013518 0.013401
0 0.805797 0.099617 0.012351 0.012355
0 0.526948 0.217929 0.013982 0.014129
0 0.214312 0.340712 0.013678 0.013832
0 0.857198 0.071443 0.014105 0.013968
0 0.316650 0.967329 0.014839 0.014622
0 0.794443 0.551987 0.012889 0.012918
0 0.960953 0.573251 0.012043 0.012010
0 0.353436 0.173577 0.011663 0.011479
0 0.053872 0.806721 0.012480 0.012492
0 0.809432 0.402580 0.013277 0.013238
0 0.427018 0.475072 0.013809 0.013873
0 0.084162 0.640118 0.012166 0.011912
0 0.218297 0.644192 0.012354 0.012232
0 0.379973 0.704593 0.012902 0.013011
0 0.436469 0.889942 0.013862 0.013843
0 0.036034 0.417918 0.013989 0.013883
0 0.539378 0.395956 0.012709 0.012582
0 0.574141 0.223746 0.012899 0.012830
0 0.193821 0.358663 0.013298 0.013256
0 0.144231 0.184199 0.014191 0.013984
0 0.607073 0.843801 0.011705 0.011575
0 0.102763 0.660474 0.013250 0.013128
0 0.425631 0.122047 0.013270 0.013112
0 0.831016 0.746239 0.012030 0.011849
0 0.914206 0.603093 0.012414 0.012300
0 0.491623 0.451359 0.013688 0.013831
0 0.133756 0.832806 0.014116 0.013840
0 0.213537 0.242110 0.013191 0.013108
0 0.364008 0.607141 0.013768 0.013752
0 0.486324 0.014437 0.013989 0.013637
0 0.079965 0.428544 0.013128 0.012905
0 0.501020 0.398356 0.013345 0.013056
0 0.295096 0.163581 0.013968 0.013733
0 0.074841 0.935939 0.013751 0.013672
0 0.569683 0.609160 0.013503 0.013198
0 0.061416 0.956194 0.013416 0.013481
0 0.219745 0.021870 0.013554 0.013592
0 0.173041 0.421889 0.014334 0.014316
0 0.420014 0.240871 0.013026 0.012881
0 0.153984 0.790874 0.013500 0.013580
0 0.481188 0.266934 0.015008 0.014925
0 0.193551 0.300555 0.013920 0.013761
0 0.110123 0.151065 0.014260 0.014349
0 0.027427 0.886810 0.012675 0.012814
0 0.113207 0.810464 0.012512 0.012058
0 0.197443 0.929356 0.013728 0.013458
0 0.646068 0.934367 0.012884 0.012647
0 0.542576 0.444901 0.013198 0.013424
0 0.248331 0.929527 0.013103 0.013186
0 0.296619 0.650794 0.013614 0.013793
0 0.975541 0.174312 0.013086 0.013020
0 0.012057 0.529089 0.013304 0.013211
0 0.302121 0.817783 0.012837 0.012845
0 0.831943 0.137857 0.014087 0.014847
0 0.554373 0.598237 0.012563 0.012418
0 0.629087 0.894530 0.014547 0.014208
0 0.384941 0.977759 0.014556 0.014461
0 0.330686 0.763337 0.013307 0.013199
0 0.715843 0.132446 0.012876 0.012655
0 0.340150 0.113585 0.013272 0.013510
0 0.887856 0.037777 0.013334 0.013422
0 0.640723 0.253608 0.016161 0.016065
0 0.667754 0.407379 0.014764 0.014831
0 0.453874 0.013582 0.012903 0.013015
0 0.213208 0.091089 0.013588 0.013795
0 0.877630 0.169910 0.013410 0.013462
0 0.746049 0.406179 0.013791 0.013758
0 0.962422 0.879317 0.014241 0.014074
0 0.993719 0.762374 0.012563 0.014442
0 0.913600 0.079004 0.012303 0.012269
0 0.023305 0.766872 0.013070 0.012841
0 0.789705 0.187447 0.012458 0.012105
0 0.747562 0.983669 0.013792 0.014149
0 0.769278 0.598034 0.014589 0.014606
0 0.022035 0.381368 0.013717 0.013624
0 0.849703 0.147552 0.015182 0.015365
0 0.750982 0.438741 0.013126 0.013410
0 0.706828 0.994121 0.013132 0.011738
0 0.180388 0.236632 0.015188 0.015607
0 0.092084 0.259559 0.014752 0.014531
0 0.956097 0.333327 0.014025 0.014095
0 0.225493 0.680579 0.014296 0.014442
0 0.134656 0.519831 0.014365 0.014101
0 0.801192 0.219726 0.015278 0.015302
0 0.364705 0.219568 0.014471 0.014194
0 0.448986 0.907389 0.013721 0.013644
0 0.465024 0.648927 0.013989 0.013882
0 0.018539 0.045059 0.011750 0.011689
0 0.041280 0.212610 0.013875 0.013687
0 0.525677 0.024052 0.012995 0.012710
0 0.664368 0.057117 0.013944 0.013828
0 0.009903 0.353368 0.013941 0.013905
0 0.268992 0.667823 0.013627 0.013574
0 0.774343 0.458504 0.014378 0.014291
0 0.982714 0.192456 0.013570 0.013757
0 0.457994 0.852038 0.012914 0.013123
0 0.007630 0.066684 0.012969 0.013015
0 0.559146 0.752189 0.014613 0.014932
0 0.554087 0.079896 0.013295 0.013448
0 0.854076 0.925054 0.013294 0.012592
0 0.829433 0.285165 0.014027 0.014109
0 0.447284 0.855948 0.013974 0.014005
0 0.281725 0.026730 0.013072 0.013162
0 0.531836 0.433685 0.012138 0.012088
0 0.417014 0.367874 0.016186 0.015969
0 0.938686 0.872003 0.012798 0.012755
0 0.320305 0.701681 0.013000 0.012890
0 0.265290 0.161266 0.012848 0.012623
0 0.163241 0.563304 0.012773 0.013037
0 0.532054 0.984046 0.013680 0.013537
0 0.165581 0.005867 0.012830 0.011643
0 0.814460 0.192156 0.012516 0.012560
0 0.827929 0.885688 0.012443 0.012234
0 0.950790 0.005600 0.012444 0.011201
0 0.014060 0.447368 0.014438 0.014320
0 0.740880 0.319324 0.014087 0.014343
0 0.606278 0.679110 0.013622 0.013612
0 0.266152 0.719905 0.013624 0.013670
0 0.658557 0.472645 0.013571 0.013830
0 0.051359 0.232346 0.013489 0.013186
0 0.216964 0.979193 0.013618 0.013721
0 0.113228 0.823066 0.012546 0.011907
0 0.843398 0.184449 0.015424 0.014910
0 0.639117 0.899920 0.008746 0.009009
0 0.323877 0.406535 0.011487 0.011099
0 0.478504 0.424582 0.015152 0.015299
0 0.718027 0.333551 0.014327 0.014544
0 0.306559 0.711652 0.012798 0.012590
0 0.420825 0.410016 0.014904 0.015041
0 0.366342 0.631698 0.014305 0.014411
0 0.326305 0.406491 0.012604 0.011676
0 0.456062 0.853422 0.014423 0.013841
0 0.532810 0.628726 0.023499 0.023528
0 0.631205 0.895861 0.016009 0.013551
0 0.188258 0.006912 0.012706 0.012713
0 0.345005 0.290440 0.023509 0.023435
0 0.816510 0.299237 0.013229 0.012962
0 0.107417 0.723019 0.011180 0.011034
0 0.555208 0.081946 0.013581 0.013658
0 0.361643 0.001659 0.012649 0.003272
0 0.839343 0.574524 0.013948 0.014108
0 0.188284 0.550998 0.012964 0.013560
0 0.501936 0.107623 0.013299 0.013311
0 0.309308 0.044760 0.014178 0.014508
0 0.671454 0.505828 0.012734 0.012870
0 0.861540 0.013990 0.013252 0.013309
0 0.280633 0.810525 0.014931 0.015009
0 0.672220 0.513455 0.013714 0.012634
0 0.825254 0.884044 0.013534 0.012764
0 0.417935 0.410899 0.015576 0.015201
0 0.449788 0.854640 0.015550 0.013793
0 0.817179 0.880274 0.014935 0.014348
0 0.589373 0.742492 0.015918 0.015593
0 0.671810 0.509541 0.013301 0.013227
