0 0.903419 0.625405 0.013500 0.013524
0 0.972402 0.469128 0.013417 0.013167
0 0.184127 0.797802 0.012645 0.012632
0 0.926500 0.779804 0.013089 0.013168
0 0.159115 0.836995 0.012862 0.012933
0 0.455773 0.503282 0.013261 0.013369
0 0.068097 0.642501 0.013583 0.013583
0 0.881365 0.672301 0.012049 0.011719
0 0.350182 0.156056 0.013513 0.013469
0 0.216795 0.868590 0.012057 0.012127
0 0.247626 0.846343 0.012592 0.012360
0 0.494381 0.204557 0.011484 0.011308
0 0.524320 0.349267 0.013659 0.013417
0 0.184636 0.891705 0.012781 0.012812
0 0.405562 0.884106 0.012622 0.012477
0 0.812818 0.027850 0.012690 0.012750
0 0.694422 0.103982 0.013277 0.013274
0 0.056280 0.621581 0.013653 0.013504
0 0.918853 0.609109 0.012816 0.012848
0 0.731713 0.446221 0.013562 0.013505
0 0.478400 0.117953 0.012109 0.012205
0 0.652308 0.127442 0.012826 0.012496
0 0.694686 0.254518 0.013361 0.013271
0 0.717589 0.283341 0.012012 0.012007
0 0.655005 0.214195 0.012599 0.012321
0 0.747963 0.619355 0.013219 0.013176
0 0.351873 0.219397 0.011818 0.011579
0 0.530306 0.039489 0.013278 0.013208
0 0.317686 0.549079 0.013238 0.013162
0 0.422736 0.094239 0.013645 0.013839
0 0.463616 0.032711 0.012288 0.012272
0 0.788897 0.545700 0.012272 0.012222
0 0.358299 0.643609 0.012998 0.013229
0 0.257368 0.107087 0.013025 0.013121
0 0.284117 0.691645 0.013012 0.012826
0 0.529456 0.389861 0.012690 0.012559
0 0.439919 0.059690 0.012535 0.012526
0 0.107908 0.614360 0.012275 0.012377
0 0.558496 0.395789 0.012741 0.012338
0 0.254935 0.430320 0.012464 0.012479
0 0.377535 0.459061 0.011818 0.011687
0 0.313026 0.856988 0.012055 0.012020
0 0.548385 0.776314 0.013346 0.013300
0 0.613205 0.396014 0.011885 0.011600
0 0.192570 0.237898 0.012485 0.012381
0 0.326181 0.374292 0.012614 0.012706
0 0.935565 0.549210 0.011767 0.011393
0 0.070267 0.687559 0.012137 0.011872
0 0.499479 0.451708 0.013102 0.012914
0 0.353278 0.334447 0.012782 0.012662
0 0.146927 0.355965 0.013439 0.013437
0 0.178886 0.622112 0.013364 0.013386
0 0.188395 0.458484 0.012950 0.012921
0 0.057785 0.546030 0.013422 0.013627
0 0.226509 0.328260 0.013464 0.013405
0 0.845190 0.705432 0.015101 0.014672
0 0.597485 0.322222 0.013272 0.013215
0 0.054803 0.913203 0.012990 0.012938
0 0.333023 0.518571 0.012923 0.013040
0 0.225513 0.671111 0.013413 0.013225
0 0.222522 0.469906 0.012866 0.012630
0 0.604895 0.475809 0.012568 0.012553
0 0.606070 0.892710 0.012413 0.012410
0 0.694600 0.153462 0.012935 0.013182
0 0.909143 0.081231 0.013183 0.013210
0 0.638134 0.153763 0.012696 0.012727
0 0.422715 0.775120 0.011627 0.011874
0 0.100866 0.324393 0.012483 0.012258
0 0.721535 0.259121 0.011911 0.011661
0 0.533806 0.631654 0.017095 0.016994
0 0.320168 0.303679 0.013941 0.013857
0 0.316767 0.789174 0.012438 0.012393
0 0.805188 0.203526 0.012108 0.012076
0 0.385367 0.212722 0.015299 0.015330
0 0.146323 0.196309 0.013690 0.013582
0 0.806502 0.754530 0.013574 0.013680
0 0.626379 0.585020 0.014206 0.014158
0 0.101462 0.969040 0.012544 0.012347
0 0.953131 0.714339 0.014224 0.014521
0 0.223750 0.648057 0.012241 0.012057
0 0.903885 0.438814 0.012483 0.012685
0 0.055648 0.058498 0.014187 0.014084
0 0.899930 0.502732 0.012796 0.013221
0 0.102402 0.409267 0.013967 0.013737
0 0.797802 0.844199 0.013145 0.013165
0 0.309771 0.819520 0.011607 0.012033
0 0.640624 0.805830 0.012733 0.012759
0 0.448547 0.003931 0.010972 0.007861
0 0.203634 0.091197 0.013112 0.012918
0 0.631306 0.702600 0.013664 0.013512
0 0.636315 0.992584 0.013702 0.013364
0 0.496647 0.544021 0.014435 0.014882
0 0.400808 0.571457 0.010866 0.010668
0 0.194806 0.731492 0.012716 0.012470
0 0.122053 0.196668 0.011993 0.011914
0 0.961336 0.260170 0.013066 0.012967
0 0.163492 0.051454 0.012832 0.012870
0 0.888681 0.477122 0.012546 0.012636
0 0.396562 0.943157 0.009654 0.009534
0 0.995576 0.422109 0.008847 0.011102
0 0.649081 0.470823 0.012473 0.012178
0 0.496025 0.993044 0.011520 0.011510
0 0.409680 0.937443 0.012618 0.012378
0 0.773412 0.004641 0.013138 0.009282
0 0.524519 0.189587 0.011489 0.011214
0 0.312174 0.924901 0.012676 0.012983
