0 0.212733 0.780768 0.014030 0.013975
0 0.721967 0.442212 0.015031 0.014668
0 0.250188 0.079387 0.015933 0.015837
0 0.055431 0.188811 0.017068 0.017105
0 0.326533 0.575638 0.014499 0.014521
0 0.654287 0.498132 0.014032 0.013916
0 0.489127 0.028769 0.013432 0.013400
0 0.706390 0.216627 0.014356 0.014438
0 0.449511 0.186886 0.015316 0.015384
0 0.447866 0.240858 0.015790 0.015557
0 0.591750 0.288396 0.014174 0.014169
0 0.608195 0.203872 0.015098 0.015060
0 0.659419 0.602148 0.018330 0.018092
0 0.228029 0.177441 0.014655 0.014259
0 0.179768 0.521053 0.015086 0.015248
0 0.125752 0.604729 0.014238 0.014157
0 0.038050 0.078983 0.014600 0.014617
0 0.688089 0.481323 0.014519 0.014646
0 0.954103 0.219437 0.013851 0.013861
0 0.157850 0.857741 0.013614 0.013560
0 0.149562 0.789493 0.013666 0.013695
0 0.296262 0.533609 0.015238 0.015016
0 0.645715 0.279309 0.014268 0.014123
0 0.549779 0.065040 0.015278 0.015150
0 0.110444 0.920028 0.014799 0.014888
0 0.952762 0.576351 0.014490 0.014283
0 0.855929 0.947039 0.013904 0.013591
0 0.847851 0.771669 0.014549 0.014401
0 0.675109 0.248651 0.013962 0.013895
0 0.579856 0.605798 0.015240 0.015171
0 0.621471 0.277607 0.013735 0.013865
0 0.646633 0.396738 0.014104 0.014108
0 0.289991 0.431174 0.017384 0.017286
0 0.953130 0.947639 0.014565 0.014258
0 0.941344 0.536196 0.014319 0.014295
0 0.727204 0.489987 0.014147 0.013771
0 0.891516 0.390312 0.014188 0.014144
0 0.469132 0.251137 0.018294 0.018586
0 0.423908 0.217744 0.014799 0.014628
0 0.215936 0.979872 0.014123 0.014255
0 0.211004 0.374255 0.015591 0.015418
0 0.611232 0.721649 0.018830 0.018491
0 0.771446 0.422638 0.014186 0.014258
0 0.130989 0.197106 0.014493 0.014415
0 0.909245 0.307132 0.013427 0.013479
0 0.021774 0.956617 0.013312 0.013227
0 0.943850 0.283164 0.014416 0.014287
0 0.617339 0.900813 0.014159 0.013811
0 0.937055 0.089316 0.014634 0.014752
0 0.741260 0.843210 0.014657 0.014821
0 0.226709 0.818872 0.014111 0.014038
0 0.174105 0.946334 0.014447 0.014377
0 0.304042 0.018823 0.013913 0.013865
0 0.566804 0.546815 0.013555 0.013435
0 0.211037 0.637334 0.014865 0.014700
0 0.821604 0.320123 0.014488 0.014288
0 0.500444 0.658117 0.015039 0.015067
0 0.474325 0.480260 0.015286 0.015900
0 0.810923 0.083578 0.014582 0.014480
0 0.896528 0.320140 0.014946 0.014543
0 0.892212 0.657185 0.015270 0.015129
0 0.020910 0.692127 0.013912 0.014098
0 0.834793 0.130547 0.014713 0.014437
0 0.941922 0.593686 0.013771 0.013760
0 0.782129 0.224621 0.015233 0.015321
0 0.728630 0.930596 0.014791 0.014896
0 0.274850 0.332430 0.015084 0.015183
0 0.661187 0.832596 0.013894 0.013823
0 0.363456 0.931491 0.015134 0.014996
0 0.657184 0.154439 0.016683 0.016678
0 0.296132 0.689241 0.015954 0.016235
0 0.627406 0.563276 0.014282 0.014075
0 0.766517 0.204843 0.014548 0.014500
0 0.204566 0.687757 0.014267 0.014335
0 0.583707 0.672677 0.014476 0.014495
0 0.984936 0.891508 0.014219 0.014374
0 0.636978 0.446324 0.015682 0.015817
0 0.534362 0.640275 0.023172 0.022948
0 0.736562 0.572025 0.013662 0.013517
0 0.838090 0.035566 0.016715 0.017070
0 0.162741 0.653650 0.014643 0.014543
0 0.818678 0.115925 0.016293 0.016067
0 0.018734 0.012330 0.014298 0.014607
0 0.635620 0.087833 0.022015 0.021883
0 0.566272 0.863912 0.014332 0.014762
0 0.469222 0.424533 0.014793 0.014693
0 0.701994 0.712633 0.015057 0.015357
0 0.762692 0.163835 0.015079 0.015050
0 0.084364 0.694138 0.014137 0.013966
0 0.612295 0.537327 0.015329 0.015302
0 0.346658 0.299750 0.022696 0.022431
0 0.849806 0.721623 0.023077 0.022965
0 0.538132 0.858403 0.014844 0.014730
0 0.632089 0.770207 0.013277 0.013234
0 0.921860 0.147809 0.020410 0.020123
0 0.399064 0.299807 0.014838 0.014827
0 0.727663 0.374490 0.014511 0.014643
0 0.063101 0.586062 0.017685 0.016630
0 0.370355 0.721707 0.015028 0.015160
0 0.410110 0.372654 0.015901 0.015942
0 0.081709 0.840355 0.015067 0.015253
0 0.763981 0.933553 0.015268 0.015232
0 0.979356 0.061516 0.013787 0.013590
0 0.230344 0.530397 0.016095 0.015934
0 0.719747 0.983221 0.015011 0.015018
0 0.673684 0.694639 0.014410 0.014561
0 0.400364 0.319373 0.016945 0.016704
0 0.910809 0.991114 0.017118 0.016652
0 0.671992 0.542986 0.015142 0.015075
0 0.099958 0.614706 0.014782 0.014931
0 0.376883 0.229473 0.019685 0.019361
0 0.279605 0.861454 0.014667 0.014571
0 0.642634 0.718859 0.016523 0.016653
0 0.580764 0.722116 0.014692 0.014801
0 0.465230 0.374414 0.014233 0.013962
0 0.738516 0.617806 0.015110 0.015319
0 0.464327 0.455083 0.017509 0.016568
0 0.880083 0.590621 0.023433 0.023203
0 0.983696 0.485551 0.014861 0.014541
0 0.004028 0.123429 0.008034 0.014784
0 0.088960 0.908594 0.015306 0.015050
0 0.004791 0.403656 0.009557 0.014967
0 0.197405 0.236662 0.016802 0.017119
0 0.704027 0.823816 0.021751 0.021614
0 0.796897 0.760674 0.014852 0.014915
0 0.985900 0.505476 0.016691 0.016280
0 0.117829 0.239838 0.015900 0.015696
0 0.647420 0.361189 0.012664 0.012127
0 0.657996 0.894806 0.015536 0.015414
0 0.635377 0.697406 0.014224 0.014153
0 0.872977 0.419500 0.014545 0.014650
0 0.019681 0.470560 0.014660 0.014935
0 0.003910 0.608107 0.007655 0.015400
0 0.466207 0.561368 0.014046 0.014311
0 0.096300 0.671991 0.013817 0.013318
0 0.802628 0.602858 0.015578 0.015257
0 0.063810 0.378187 0.015879 0.015903
0 0.068732 0.997013 0.015343 0.005952
0 0.057574 0.320027 0.015890 0.015355
0 0.234963 0.545562 0.015160 0.014502
0 0.671388 0.192262 0.020026 0.019884
0 0.782156 0.564850 0.014756 0.014970
0 0.694485 0.608092 0.015927 0.015743
0 0.003239 0.061850 0.006433 0.017102
0 0.377687 0.739328 0.021787 0.021470
0 0.889194 0.260110 0.019253 0.018929
0 0.998228 0.212863 0.003493 0.017706
0 0.914005 0.442186 0.018694 0.018556
0 0.064336 0.583957 0.018245 0.017975
0 0.639438 0.721274 0.016302 0.016410
0 0.144375 0.249380 0.015587 0.015539
