0 0.204225 0.515558 0.012182 0.012148
0 0.555283 0.862205 0.013408 0.013204
0 0.279456 0.436301 0.012048 0.011955
0 0.622232 0.502094 0.013030 0.013009
0 0.369821 0.540187 0.013207 0.013088
0 0.405159 0.904679 0.014453 0.014667
0 0.926173 0.713867 0.013683 0.013689
0 0.294307 0.610082 0.013079 0.013093
0 0.552140 0.049994 0.014094 0.014038
0 0.502608 0.845845 0.013202 0.013098
0 0.116450 0.745981 0.012995 0.013138
0 0.610543 0.341024 0.012510 0.012178
0 0.033768 0.099813 0.012707 0.012509
0 0.415742 0.288011 0.013967 0.014001
0 0.086750 0.824845 0.012702 0.012697
0 0.157309 0.280640 0.012800 0.013060
0 0.764719 0.529896 0.013308 0.013238
0 0.521013 0.878606 0.012920 0.012897
0 0.191563 0.626996 0.012249 0.012213
0 0.612430 0.739627 0.014075 0.013929
0 0.104231 0.345618 0.014195 0.014238
0 0.523212 0.165925 0.012432 0.012455
0 0.900547 0.530719 0.013718 0.013708
0 0.556682 0.342685 0.011631 0.011390
0 0.666046 0.613863 0.013572 0.013374
0 0.316721 0.404727 0.013066 0.012820
0 0.124605 0.526533 0.011830 0.011936
0 0.758281 0.293943 0.012550 0.012577
0 0.627798 0.896157 0.014004 0.014042
0 0.159009 0.619313 0.013480 0.013407
0 0.477793 0.291315 0.012091 0.012091
0 0.337701 0.858580 0.012859 0.013145
0 0.427543 0.932358 0.014222 0.014259
0 0.295897 0.239241 0.013346 0.013272
0 0.568654 0.362564 0.013141 0.012984
0 0.583732 0.793411 0.012954 0.012805
0 0.809500 0.512427 0.011003 0.010751
0 0.393814 0.282599 0.012402 0.012618
0 0.736288 0.975640 0.013439 0.013501
0 0.022967 0.299278 0.013213 0.013062
0 0.943274 0.653929 0.011639 0.011619
0 0.941926 0.937672 0.012364 0.012349
0 0.735572 0.619481 0.014283 0.014309
0 0.535665 0.559758 0.013939 0.013716
0 0.151418 0.471250 0.012327 0.012258
0 0.062414 0.354287 0.014025 0.013935
0 0.023710 0.562692 0.012077 0.012164
0 0.298845 0.742234 0.013174 0.012957
0 0.225017 0.838538 0.012811 0.012680
0 0.713550 0.460584 0.012941 0.013183
0 0.095408 0.936471 0.012675 0.012775
0 0.190435 0.764570 0.012692 0.012684
0 0.014328 0.135315 0.012752 0.012806
0 0.157129 0.423701 0.011657 0.011727
0 0.709684 0.566558 0.012389 0.012088
0 0.965995 0.592017 0.012418 0.012196
0 0.942824 0.844900 0.013872 0.013914
0 0.044637 0.902320 0.013558 0.013637
0 0.587865 0.727511 0.013462 0.013375
0 0.723165 0.100490 0.014609 0.014532
0 0.629131 0.342680 0.012244 0.012138
0 0.679562 0.246540 0.010267 0.010442
0 0.364634 0.444640 0.012540 0.012483
0 0.653237 0.326118 0.011889 0.012224
0 0.905670 0.046652 0.012685 0.012651
0 0.694947 0.710448 0.013199 0.013243
0 0.666469 0.120195 0.012634 0.012640
0 0.208816 0.675723 0.011585 0.011730
0 0.652460 0.412847 0.014187 0.014224
0 0.397068 0.488461 0.012212 0.012259
0 0.902098 0.983389 0.014096 0.014072
0 0.585453 0.465363 0.013283 0.013234
0 0.697322 0.330269 0.011850 0.011717
0 0.571074 0.621603 0.014657 0.014583
0 0.234566 0.253796 0.012941 0.012881
0 0.195397 0.854836 0.013114 0.013057
0 0.565144 0.399112 0.012617 0.012550
0 0.829402 0.245364 0.012597 0.012669
0 0.108427 0.827443 0.011715 0.011830
0 0.510608 0.486286 0.013401 0.013435
0 0.694979 0.479510 0.011695 0.011599
0 0.088684 0.913403 0.012483 0.012363
0 0.497534 0.900634 0.013546 0.013592
0 0.983713 0.511514 0.016146 0.015294
0 0.867329 0.116923 0.011349 0.011135
0 0.354510 0.925786 0.011684 0.011579
0 0.007623 0.878649 0.014179 0.014507
0 0.749520 0.389446 0.012364 0.012311
0 0.161336 0.379242 0.011007 0.010785
0 0.973818 0.050561 0.010053 0.009566
0 0.889946 0.811797 0.013141 0.013111
0 0.920469 0.836325 0.011933 0.011953
0 0.709670 0.877721 0.011547 0.011251
0 0.348912 0.295552 0.023916 0.023870
0 0.329493 0.787937 0.011894 0.011955
0 0.275272 0.835966 0.012158 0.012353
0 0.971124 0.867576 0.012412 0.012271
0 0.448596 0.316208 0.014211 0.015054
0 0.919335 0.328806 0.012610 0.012735
0 0.874001 0.768546 0.013232 0.013188
0 0.576562 0.442104 0.013059 0.013162
0 0.021681 0.850075 0.011636 0.011764
0 0.871190 0.255221 0.013692 0.013536
0 0.132131 0.984223 0.011574 0.011641
0 0.947540 0.577066 0.012701 0.012806
0 0.932007 0.470145 0.011645 0.011540
0 0.921441 0.018329 0.012315 0.012640
0 0.880010 0.372000 0.012159 0.011842
0 0.844390 0.367756 0.012661 0.012496
0 0.281086 0.329199 0.014238 0.014265
0 0.881000 0.126731 0.009655 0.009842
0 0.613156 0.179708 0.010072 0.009962
0 0.774469 0.419639 0.010950 0.010908
0 0.074210 0.957944 0.012409 0.012196
0 0.004901 0.251833 0.009542 0.010468
0 0.004699 0.747766 0.009279 0.011907
0 0.532366 0.148590 0.013009 0.013315
0 0.889757 0.576060 0.013383 0.013707
0 0.865872 0.560462 0.011709 0.011925
0 0.597927 0.447534 0.012280 0.011773
0 0.850100 0.715173 0.022743 0.022249
0 0.421641 0.729774 0.012537 0.011907
0 0.537757 0.632686 0.021540 0.021170
0 0.898370 0.081172 0.011325 0.010811
0 0.598416 0.197795 0.012079 0.011721
0 0.684340 0.235269 0.013903 0.013446
0 0.800332 0.660105 0.012485 0.012432
0 0.998018 0.217600 0.003923 0.011883
0 0.689430 0.812855 0.013640 0.013646
0 0.229953 0.030490 0.012699 0.012808
0 0.067581 0.571428 0.023115 0.023209
0 0.800963 0.534593 0.012685 0.012336
0 0.311310 0.004939 0.012741 0.009869
0 0.842923 0.548739 0.011595 0.011565
0 0.786374 0.479535 0.012205 0.012230
