0 0.736924 0.040212 0.016369 0.016200
0 0.913921 0.360727 0.014491 0.014527
0 0.788271 0.114408 0.014238 0.014436
0 0.181587 0.584454 0.015818 0.015696
0 0.694053 0.487796 0.014435 0.014341
0 0.603916 0.928574 0.017095 0.016784
0 0.086193 0.811599 0.014059 0.013947
0 0.454462 0.362792 0.015876 0.015724
0 0.409596 0.019049 0.013736 0.013561
0 0.792534 0.522961 0.014993 0.014869
0 0.176012 0.349300 0.014257 0.014328
0 0.466799 0.119066 0.015102 0.014820
0 0.331812 0.746525 0.015322 0.015261
0 0.188629 0.185939 0.014767 0.014531
0 0.460985 0.820396 0.014459 0.014431
0 0.172847 0.472965 0.015371 0.015169
0 0.862336 0.401740 0.016115 0.015666
0 0.150203 0.885009 0.015747 0.015398
0 0.092159 0.657238 0.015160 0.015072
0 0.305932 0.739321 0.013687 0.013582
0 0.214802 0.111186 0.014547 0.014357
0 0.543314 0.790438 0.014543 0.014609
0 0.482711 0.454969 0.014717 0.014711
0 0.498912 0.734450 0.014465 0.014357
0 0.414713 0.721483 0.013593 0.013509
0 0.722534 0.723575 0.015069 0.015038
0 0.198095 0.076533 0.014541 0.014410
0 0.814186 0.576796 0.014642 0.014443
0 0.133353 0.181916 0.014958 0.015164
0 0.617835 0.457604 0.014394 0.014363
0 0.182334 0.904657 0.015233 0.015153
0 0.821455 0.365785 0.015098 0.014887
0 0.689040 0.900986 0.014173 0.013982
0 0.719240 0.643262 0.014000 0.014274
0 0.917150 0.142828 0.017066 0.017139
0 0.599713 0.618467 0.015671 0.015739
0 0.877782 0.648759 0.015076 0.015070
0 0.055514 0.273608 0.014070 0.013973
0 0.038482 0.184066 0.013628 0.013658
0 0.341181 0.578275 0.015243 0.015185
0 0.106976 0.507227 0.014064 0.014327
0 0.517498 0.187667 0.014315 0.014374
0 0.396964 0.424155 0.014784 0.014613
0 0.952299 0.527039 0.013873 0.013917
0 0.650961 0.923008 0.013829 0.013919
0 0.658597 0.793185 0.014647 0.015121
0 0.886821 0.247612 0.014912 0.014845
0 0.120772 0.336932 0.014588 0.014342
0 0.916781 0.462264 0.015648 0.015676
0 0.141562 0.392858 0.015210 0.015121
0 0.056477 0.828126 0.014048 0.013920
0 0.098580 0.464001 0.014954 0.014970
0 0.380120 0.867874 0.013934 0.013752
0 0.325565 0.006911 0.014012 0.013583
0 0.347572 0.300300 0.022951 0.022799
0 0.285977 0.471828 0.014452 0.014270
0 0.760168 0.079209 0.015025 0.014767
0 0.498326 0.251681 0.013929 0.013864
0 0.053135 0.247315 0.014918 0.014749
0 0.744364 0.962539 0.014060 0.014064
0 0.381320 0.731531 0.016767 0.016590
0 0.780730 0.267820 0.013647 0.013458
0 0.648279 0.813243 0.014045 0.013954
0 0.435935 0.981427 0.013926 0.013943
0 0.701338 0.819952 0.014424 0.014273
0 0.076132 0.898373 0.014194 0.014049
0 0.946763 0.605174 0.015138 0.015066
0 0.258059 0.071873 0.014730 0.014711
0 0.144131 0.239751 0.015631 0.015669
0 0.113840 0.794706 0.014209 0.014065
0 0.525105 0.703866 0.015398 0.015356
0 0.396181 0.580303 0.014359 0.014287
0 0.694987 0.094283 0.014528 0.014684
0 0.068897 0.576096 0.021785 0.022047
0 0.640283 0.020621 0.015262 0.015412
0 0.565327 0.484710 0.015118 0.015000
0 0.845667 0.821607 0.015252 0.015103
0 0.731620 0.986489 0.014010 0.014333
0 0.633400 0.089709 0.020671 0.020411
0 0.516207 0.013675 0.015362 0.015233
0 0.558897 0.196617 0.014114 0.013501
0 0.840366 0.228199 0.014091 0.013939
0 0.963214 0.865673 0.015342 0.014944
0 0.533776 0.640099 0.023133 0.022843
0 0.024142 0.989429 0.014783 0.014633
0 0.322282 0.172296 0.016222 0.016236
0 0.304049 0.353522 0.014776 0.014672
0 0.846933 0.719027 0.020904 0.020403
0 0.256395 0.220954 0.014936 0.014706
0 0.867843 0.312407 0.014378 0.014326
0 0.371917 0.584574 0.013754 0.013386
0 0.953436 0.770537 0.013471 0.013447
0 0.438090 0.204359 0.017051 0.016951
0 0.913036 0.172832 0.013979 0.013958
0 0.377082 0.227578 0.017993 0.017488
0 0.580828 0.236231 0.014123 0.014222
0 0.739400 0.008189 0.013618 0.013612
0 0.754456 0.012384 0.013649 0.013969
0 0.571753 0.579712 0.015931 0.015487
0 0.758325 0.369544 0.015754 0.015302
0 0.869583 0.311261 0.014360 0.014204
0 0.671415 0.193168 0.020786 0.020506
0 0.741554 0.277706 0.015432 0.015104
0 0.263944 0.244338 0.017653 0.017235
0 0.877280 0.591421 0.023756 0.023707
0 0.662394 0.112887 0.013628 0.013757
0 0.664534 0.106297 0.014677 0.015283
0 0.836774 0.685975 0.014448 0.014588
0 0.123998 0.984794 0.012891 0.012696
0 0.045825 0.328501 0.019993 0.020491
0 0.663377 0.111094 0.014042 0.013526
0 0.093460 0.933752 0.013520 0.013110
0 0.346466 0.556723 0.014004 0.013485
0 0.744226 0.278702 0.016241 0.015769
0 0.422598 0.768013 0.016091 0.015547
0 0.998166 0.846725 0.003641 0.013966
0 0.005312 0.266680 0.010624 0.020401
