0 0.329087 0.585231 0.014831 0.014830
0 0.600039 0.925016 0.017388 0.016967
0 0.742216 0.087002 0.016249 0.016151
0 0.118046 0.516984 0.014342 0.014135
0 0.792684 0.179540 0.013996 0.013714
0 0.343371 0.894532 0.013989 0.014024
0 0.175081 0.900303 0.016286 0.016481
0 0.776954 0.557610 0.014694 0.014639
0 0.445011 0.109825 0.014544 0.014763
0 0.683855 0.492232 0.014511 0.014280
0 0.587752 0.826159 0.013654 0.013712
0 0.178096 0.321995 0.014821 0.014739
0 0.081543 0.847567 0.013559 0.013335
0 0.393771 0.405210 0.015687 0.015564
0 0.410394 0.574707 0.013846 0.013818
0 0.928573 0.372029 0.014819 0.014684
0 0.574901 0.112437 0.014679 0.014496
0 0.951279 0.629926 0.013766 0.013790
0 0.931470 0.491315 0.014753 0.014617
0 0.276835 0.768638 0.015004 0.014803
0 0.174396 0.425876 0.015836 0.015897
0 0.724601 0.252666 0.014397 0.014641
0 0.116330 0.193420 0.015245 0.015305
0 0.219122 0.185194 0.015050 0.015304
0 0.147743 0.885990 0.015871 0.015391
0 0.220694 0.554031 0.014753 0.014478
0 0.668120 0.782446 0.013950 0.013947
0 0.433253 0.159908 0.013424 0.013415
0 0.372883 0.066015 0.014323 0.014349
0 0.539716 0.851782 0.014456 0.014362
0 0.321147 0.695299 0.014589 0.014361
0 0.724275 0.915788 0.014390 0.014265
0 0.766041 0.262095 0.014660 0.014651
0 0.187400 0.539969 0.015371 0.015433
0 0.519147 0.547670 0.014548 0.014502
0 0.701440 0.257973 0.014874 0.014878
0 0.470321 0.467037 0.015073 0.015070
0 0.307607 0.329953 0.015775 0.015710
0 0.724494 0.031000 0.014081 0.013835
0 0.613502 0.453398 0.014527 0.014416
0 0.734653 0.598040 0.016735 0.016703
0 0.657905 0.631028 0.015617 0.015305
0 0.939512 0.753570 0.014412 0.014330
0 0.409371 0.602495 0.013469 0.013538
0 0.683130 0.930756 0.013543 0.013471
0 0.849557 0.722041 0.021988 0.021644
0 0.097867 0.436250 0.014583 0.014430
0 0.770623 0.028938 0.014095 0.014044
0 0.520373 0.584316 0.014541 0.014478
0 0.889683 0.634165 0.014817 0.014833
0 0.406423 0.829729 0.014070 0.013953
0 0.477495 0.302771 0.014958 0.014788
0 0.075326 0.692649 0.015052 0.014796
0 0.534514 0.639838 0.022553 0.022419
0 0.859622 0.272611 0.014218 0.014527
0 0.525276 0.709174 0.014162 0.013975
0 0.347831 0.300684 0.022985 0.022813
0 0.714039 0.706181 0.014603 0.014762
0 0.940924 0.116768 0.015038 0.015076
0 0.235082 0.490968 0.015789 0.015666
0 0.493924 0.015816 0.015199 0.015236
0 0.475543 0.970239 0.014584 0.014336
0 0.070627 0.900215 0.013919 0.013810
0 0.124363 0.339544 0.014415 0.014315
0 0.584298 0.596050 0.015169 0.014914
0 0.540705 0.666150 0.015169 0.015183
0 0.991339 0.913865 0.015736 0.015835
0 0.117683 0.808777 0.015515 0.015491
0 0.014383 0.168364 0.014275 0.014427
0 0.188696 0.093615 0.014055 0.014056
0 0.329410 0.006415 0.014570 0.012829
0 0.710834 0.951289 0.014393 0.014195
0 0.161695 0.049159 0.014047 0.013893
0 0.946052 0.008410 0.014664 0.015092
0 0.067934 0.576947 0.021373 0.021289
0 0.556271 0.485325 0.014472 0.014433
0 0.307025 0.055101 0.015270 0.015268
0 0.738874 0.682927 0.015208 0.015007
0 0.694382 0.793816 0.014090 0.013896
0 0.004588 0.096372 0.009176 0.014350
0 0.558239 0.196524 0.014267 0.013783
0 0.850200 0.403200 0.015321 0.015103
0 0.367347 0.703168 0.014721 0.014655
0 0.835519 0.286494 0.013709 0.013798
0 0.150824 0.242172 0.015448 0.015260
0 0.140116 0.006962 0.014281 0.013409
0 0.035315 0.248237 0.014101 0.014152
0 0.742528 0.953131 0.013712 0.013558
0 0.416631 0.709686 0.013891 0.013887
0 0.837821 0.303704 0.013268 0.013437
0 0.993662 0.095474 0.012676 0.014859
0 0.266820 0.176730 0.014733 0.014715
0 0.521275 0.020611 0.016322 0.015958
0 0.507892 0.190135 0.014237 0.014256
0 0.858190 0.571368 0.014985 0.015139
0 0.702851 0.824472 0.020778 0.020691
0 0.564335 0.235726 0.013558 0.013659
0 0.163989 0.029733 0.015417 0.015325
0 0.090157 0.935324 0.014045 0.013911
0 0.989942 0.821761 0.014305 0.014227
0 0.671517 0.193543 0.019776 0.019315
0 0.264960 0.246674 0.019792 0.019515
0 0.921950 0.147663 0.020680 0.020570
0 0.658459 0.128676 0.013479 0.013350
0 0.835276 0.794774 0.014234 0.014292
0 0.003319 0.903993 0.006547 0.014522
0 0.890433 0.009732 0.014561 0.014342
0 0.578303 0.249907 0.013903 0.014091
0 0.941807 0.594445 0.014901 0.014898
0 0.713599 0.001853 0.014296 0.003707
0 0.413197 0.229799 0.015977 0.015722
0 0.783621 0.340554 0.015135 0.015028
0 0.995216 0.846726 0.009569 0.012653
0 0.664137 0.116275 0.013939 0.013995
0 0.380196 0.625287 0.018772 0.018028
0 0.538317 0.737597 0.017822 0.017360
0 0.889142 0.007498 0.014910 0.014120
0 0.787915 0.100659 0.014519 0.014287
0 0.781321 0.341181 0.013990 0.013890
0 0.636339 0.088681 0.021635 0.021668
0 0.108909 0.985800 0.014489 0.014431
0 0.045520 0.327611 0.019177 0.018909
0 0.306189 0.199133 0.014672 0.014612
