0 0.700798 0.440395 0.011056 0.010848
0 0.318530 0.130056 0.013325 0.013293
0 0.749660 0.615499 0.012580 0.012393
0 0.465039 0.329134 0.011707 0.011668
0 0.415926 0.181334 0.014151 0.014088
0 0.632030 0.691668 0.012723 0.012673
0 0.174409 0.762019 0.013385 0.013313
0 0.548815 0.336255 0.012613 0.012522
0 0.042782 0.559839 0.011695 0.011541
0 0.020184 0.507119 0.012767 0.012524
0 0.742705 0.290274 0.012504 0.012369
0 0.371618 0.180534 0.011312 0.011237
0 0.164830 0.344288 0.012546 0.012538
0 0.848755 0.717993 0.017340 0.016998
0 0.436771 0.764066 0.012988 0.012835
0 0.749286 0.734403 0.013279 0.013214
0 0.482938 0.055880 0.011981 0.012070
0 0.096801 0.264499 0.013137 0.013106
0 0.126645 0.473456 0.012423 0.012322
0 0.120911 0.576393 0.011568 0.011561
0 0.186994 0.889657 0.012960 0.013033
0 0.439210 0.288715 0.013576 0.013351
0 0.680448 0.114087 0.010910 0.010853
0 0.402305 0.649634 0.012209 0.012061
0 0.514871 0.686512 0.012413 0.012500
0 0.626115 0.114343 0.011896 0.011957
0 0.441797 0.442475 0.011777 0.011555
0 0.211069 0.788016 0.012397 0.012438
0 0.919400 0.390406 0.012796 0.012809
0 0.767172 0.821288 0.011953 0.012019
0 0.225363 0.650486 0.012281 0.011863
0 0.458652 0.957902 0.013144 0.013093
0 0.060977 0.750782 0.012846 0.012762
0 0.234753 0.026756 0.011696 0.011445
0 0.016604 0.357334 0.011625 0.011841
0 0.895542 0.285597 0.011041 0.011156
0 0.183842 0.521766 0.013159 0.013274
0 0.177912 0.640238 0.012134 0.012052
0 0.776145 0.220618 0.012199 0.011957
0 0.375453 0.359881 0.011897 0.011993
0 0.331059 0.516954 0.011780 0.011701
0 0.844591 0.009672 0.011458 0.011552
0 0.797475 0.130738 0.011401 0.011460
0 0.662665 0.314926 0.012236 0.012473
0 0.367443 0.430097 0.012461 0.012597
0 0.284834 0.331192 0.012306 0.012410
0 0.123219 0.413465 0.012205 0.012328
0 0.005891 0.221522 0.011766 0.014387
0 0.529194 0.360918 0.013145 0.013269
0 0.344121 0.296359 0.022169 0.021850
0 0.138397 0.300196 0.012355 0.012364
0 0.403316 0.009258 0.012353 0.012319
0 0.530145 0.636455 0.021777 0.021869
0 0.722059 0.950858 0.011732 0.012066
0 0.069391 0.606239 0.014447 0.014389
0 0.109363 0.979804 0.013002 0.013132
0 0.955801 0.060660 0.010669 0.010636
0 0.525424 0.345615 0.013656 0.013450
0 0.240751 0.135825 0.011648 0.011688
0 0.056374 0.073815 0.011722 0.011741
0 0.563253 0.660395 0.010312 0.010550
0 0.119806 0.112850 0.011962 0.012012
0 0.893170 0.041290 0.012489 0.012309
0 0.753744 0.903765 0.011906 0.011784
0 0.462713 0.437835 0.010846 0.011204
0 0.266261 0.452987 0.013018 0.013034
0 0.473752 0.511682 0.012531 0.011929
0 0.543565 0.971316 0.013565 0.013164
0 0.272453 0.003344 0.012600 0.006688
0 0.973195 0.977905 0.012268 0.012147
0 0.825376 0.220311 0.011331 0.011128
0 0.021111 0.382975 0.011150 0.010978
0 0.564452 0.377351 0.011726 0.011903
0 0.718736 0.458352 0.011363 0.011654
0 0.700358 0.821654 0.018280 0.017888
0 0.375120 0.226193 0.017391 0.017251
0 0.140390 0.883840 0.010956 0.010889
0 0.962022 0.440650 0.011456 0.011698
0 0.818753 0.508348 0.011455 0.011449
0 0.534670 0.957430 0.011632 0.011735
0 0.353947 0.830857 0.010002 0.009786
0 0.424758 0.218233 0.011520 0.011283
0 0.784524 0.730373 0.018241 0.017734
0 0.067136 0.570794 0.017673 0.017863
