0 0.349088 0.790792 0.012777 0.012696
0 0.141671 0.271718 0.012997 0.012905
0 0.373727 0.384805 0.011812 0.011740
0 0.298974 0.318961 0.013477 0.013233
0 0.369768 0.090390 0.013328 0.013022
0 0.391074 0.493775 0.012417 0.012477
0 0.938703 0.698571 0.013418 0.013487
0 0.589091 0.365085 0.012476 0.012301
0 0.623844 0.716732 0.012934 0.012928
0 0.497605 0.266076 0.012769 0.012383
0 0.224456 0.737715 0.012515 0.012489
0 0.666962 0.131413 0.012612 0.012896
0 0.317855 0.864872 0.013449 0.013242
0 0.772465 0.645498 0.013676 0.013531
0 0.831060 0.298930 0.012527 0.012460
0 0.186309 0.362882 0.012391 0.012451
0 0.794815 0.949161 0.013554 0.013622
0 0.463706 0.234405 0.012602 0.012758
0 0.486830 0.667508 0.012511 0.012369
0 0.473108 0.524961 0.013482 0.013381
0 0.260612 0.357802 0.012720 0.012504
0 0.260820 0.270058 0.012204 0.012114
0 0.490502 0.144275 0.012774 0.012790
0 0.366470 0.439086 0.012677 0.012455
0 0.473638 0.365782 0.011542 0.011585
0 0.450235 0.473519 0.013023 0.013259
0 0.116983 0.852723 0.013213 0.013235
0 0.720929 0.829393 0.012254 0.012165
0 0.168231 0.128579 0.013364 0.013130
0 0.873268 0.460315 0.013597 0.013407
0 0.975626 0.472920 0.013240 0.013206
0 0.852775 0.655474 0.011845 0.011795
0 0.778942 0.376247 0.013057 0.012869
0 0.969439 0.558966 0.014030 0.014097
0 0.756400 0.142029 0.014216 0.014189
0 0.237720 0.081803 0.013564 0.013471
0 0.352815 0.689078 0.012464 0.012414
0 0.373020 0.562197 0.013911 0.013892
0 0.051849 0.752836 0.012573 0.012470
0 0.239572 0.524216 0.012763 0.012825
0 0.528241 0.593041 0.011923 0.011879
0 0.141538 0.312008 0.011917 0.011927
0 0.361996 0.665321 0.012889 0.012861
0 0.466837 0.714445 0.012217 0.011844
0 0.179774 0.513148 0.011664 0.011717
0 0.782358 0.244813 0.012771 0.012671
0 0.610951 0.329257 0.017124 0.017060
0 0.301576 0.201876 0.014309 0.013858
0 0.123565 0.929428 0.011634 0.011506
0 0.634168 0.258581 0.011042 0.011153
0 0.911139 0.257730 0.012916 0.013182
0 0.188046 0.099814 0.012864 0.012829
0 0.155851 0.470888 0.012411 0.012290
0 0.897646 0.621347 0.013803 0.013826
0 0.306858 0.092342 0.013882 0.013811
0 0.264999 0.466294 0.013733 0.013773
0 0.336907 0.638737 0.011491 0.011507
0 0.125111 0.211078 0.013662 0.013333
0 0.558684 0.444525 0.014096 0.013891
0 0.139905 0.091162 0.011864 0.011682
0 0.309926 0.504625 0.012445 0.012319
0 0.205642 0.188312 0.013090 0.012916
0 0.326267 0.460036 0.012513 0.012656
0 0.911465 0.310436 0.012862 0.012733
0 0.970106 0.859476 0.014968 0.014974
0 0.512130 0.827259 0.013491 0.013520
0 0.433572 0.126670 0.013890 0.013781
0 0.284909 0.554398 0.013288 0.013277
0 0.512663 0.572538 0.012606 0.012486
0 0.624166 0.212883 0.013797 0.013791
0 0.938931 0.591665 0.012173 0.012079
0 0.521240 0.122569 0.013314 0.013619
0 0.320758 0.268313 0.013061 0.013209
0 0.877503 0.366154 0.013351 0.013269
0 0.464837 0.744797 0.011914 0.011918
0 0.068516 0.681506 0.013596 0.013410
0 0.229099 0.884943 0.012520 0.012461
0 0.268176 0.497519 0.011685 0.011520
0 0.657429 0.728388 0.012545 0.012458
0 0.715945 0.515004 0.012829 0.012860
0 0.591108 0.745619 0.012559 0.012303
0 0.800091 0.407276 0.013354 0.013184
0 0.795998 0.355196 0.013073 0.012938
0 0.115739 0.517406 0.013309 0.013279
0 0.678993 0.384178 0.014404 0.014316
0 0.644903 0.882027 0.014133 0.014087
0 0.323930 0.102504 0.013098 0.012967
0 0.748024 0.585321 0.012969 0.013011
0 0.820814 0.015230 0.012243 0.012347
0 0.053952 0.287684 0.012184 0.012292
0 0.086511 0.986612 0.014370 0.014312
0 0.914284 0.140560 0.014038 0.013742
0 0.883404 0.772368 0.012553 0.012491
0 0.033496 0.942076 0.013057 0.012970
0 0.903732 0.904994 0.012824 0.012832
0 0.257254 0.642736 0.012638 0.012540
0 0.942038 0.966116 0.009745 0.009535
0 0.675282 0.273006 0.012980 0.012888
0 0.005830 0.341115 0.011661 0.012729
0 0.471709 0.494361 0.011874 0.011962
0 0.862651 0.412508 0.013987 0.013992
0 0.855526 0.014997 0.010818 0.010940
0 0.119652 0.416071 0.011166 0.010987
0 0.162912 0.355042 0.013746 0.013470
0 0.875035 0.698829 0.012696 0.012428
0 0.398524 0.068286 0.012765 0.012949
0 0.477824 0.013749 0.013163 0.013025
0 0.719741 0.801443 0.010651 0.010559
0 0.026044 0.771949 0.013174 0.012855
0 0.907326 0.545901 0.012421 0.012461
0 0.346328 0.426074 0.014190 0.014219
0 0.514963 0.012741 0.013960 0.013928
0 0.122189 0.655381 0.014060 0.014413
0 0.562573 0.950737 0.013638 0.013193
0 0.854722 0.746629 0.014316 0.014181
0 0.139557 0.048979 0.013689 0.013497
0 0.908418 0.518258 0.013251 0.013472
0 0.071684 0.026666 0.012421 0.012423
0 0.449342 0.968403 0.014332 0.014424
0 0.225556 0.356440 0.011096 0.010970
0 0.005319 0.708744 0.010637 0.014368
0 0.448496 0.380680 0.011970 0.011874
0 0.768873 0.490575 0.012870 0.013070
0 0.962388 0.176320 0.011238 0.011369
0 0.825281 0.457347 0.013454 0.013452
0 0.329989 0.243029 0.013204 0.013103
0 0.813712 0.766828 0.012328 0.012225
0 0.995470 0.857197 0.009060 0.014016
0 0.337293 0.948083 0.012586 0.012512
0 0.602270 0.300817 0.013993 0.013890
0 0.122697 0.697879 0.012384 0.012166
0 0.317204 0.576467 0.011464 0.011565
0 0.993615 0.447188 0.012474 0.013605
0 0.822412 0.137211 0.013657 0.013686
0 0.703654 0.935574 0.013465 0.013289
0 0.530523 0.628711 0.017078 0.017423
0 0.991581 0.244267 0.011819 0.011743
0 0.937217 0.513350 0.011972 0.011993
0 0.877995 0.261091 0.014248 0.014188
0 0.594899 0.448423 0.013706 0.013768
0 0.530615 0.651227 0.012109 0.012152
0 0.568015 0.468730 0.013453 0.013310
0 0.257063 0.806727 0.011429 0.010953
0 0.555513 0.870449 0.011957 0.011786
0 0.977607 0.304677 0.012267 0.012266
0 0.903082 0.579869 0.013097 0.012944
0 0.309634 0.563305 0.011750 0.011553
0 0.153086 0.730083 0.012825 0.012612
0 0.524879 0.748676 0.014674 0.014591
0 0.110565 0.549970 0.013596 0.013722
0 0.058579 0.850309 0.013101 0.013073
0 0.870100 0.930582 0.010477 0.010497
0 0.291953 0.629226 0.012811 0.012985
0 0.664283 0.216564 0.011628 0.011797
0 0.602134 0.413403 0.010388 0.010376
0 0.232945 0.691994 0.013180 0.013523
0 0.993414 0.726200 0.012618 0.013231
0 0.461578 0.054635 0.015727 0.015559
0 0.462510 0.810184 0.011947 0.011951
0 0.136844 0.468775 0.012268 0.012298
0 0.634131 0.323163 0.012090 0.012683
0 0.195146 0.910439 0.011271 0.011228
0 0.116510 0.712610 0.012530 0.012780
0 0.243820 0.741801 0.011651 0.011462
0 0.962627 0.127924 0.010403 0.011459
0 0.566311 0.231922 0.012358 0.011770
0 0.185958 0.392543 0.012842 0.012610
0 0.760298 0.479567 0.013215 0.013231
0 0.477637 0.705130 0.011877 0.011615
0 0.016586 0.144619 0.014131 0.013929
0 0.544994 0.053181 0.018676 0.017991
0 0.653065 0.343030 0.014798 0.014438
0 0.558571 0.761325 0.010745 0.010811
0 0.507877 0.467187 0.015924 0.015753
0 0.645072 0.313910 0.011373 0.010915
0 0.850675 0.709178 0.022265 0.021939
0 0.531801 0.724700 0.011816 0.011607
0 0.606241 0.236522 0.010015 0.009724
0 0.623439 0.298038 0.009433 0.009670
0 0.479574 0.236727 0.011458 0.011808
0 0.556265 0.055228 0.013840 0.015205
0 0.040362 0.318754 0.012987 0.012988
0 0.690495 0.329376 0.012535 0.012128
0 0.536252 0.556426 0.014394 0.015140
0 0.886728 0.052339 0.013315 0.013697
0 0.553399 0.054720 0.016051 0.016431
0 0.273899 0.233717 0.009296 0.009904
0 0.299669 0.590087 0.010418 0.010448
0 0.701258 0.813369 0.019506 0.019273
0 0.959918 0.502257 0.010223 0.010107
0 0.312305 0.942620 0.013305 0.013319
0 0.969151 0.238707 0.013087 0.013083
