0 0.934818 0.263246 0.012527 0.012419
0 0.411874 0.432399 0.011835 0.011646
0 0.459238 0.158618 0.013711 0.013672
0 0.530521 0.022062 0.012427 0.012461
0 0.784425 0.291332 0.012323 0.012181
0 0.337684 0.374510 0.012563 0.012388
0 0.853156 0.042190 0.012074 0.011920
0 0.110291 0.491787 0.011821 0.011793
0 0.020516 0.359704 0.012585 0.012509
0 0.632725 0.886975 0.013362 0.013478
0 0.649460 0.164961 0.012914 0.012874
0 0.625189 0.231209 0.013547 0.013422
0 0.432567 0.223837 0.013925 0.014011
0 0.853445 0.673208 0.012443 0.012563
0 0.785507 0.152769 0.012956 0.012983
0 0.542438 0.340408 0.012712 0.013102
0 0.353106 0.092319 0.011357 0.011232
0 0.898181 0.246447 0.013431 0.013406
0 0.752780 0.378119 0.013915 0.013847
0 0.475911 0.504626 0.013317 0.013391
0 0.749232 0.616878 0.013254 0.013297
0 0.905213 0.462964 0.012105 0.012240
0 0.430313 0.085120 0.013511 0.013490
0 0.250620 0.175703 0.011354 0.011454
0 0.616028 0.322912 0.011659 0.011607
0 0.771818 0.603432 0.013103 0.013217
0 0.555887 0.784191 0.011897 0.011736
0 0.026193 0.244406 0.012698 0.012752
0 0.440352 0.059403 0.012202 0.012188
0 0.195711 0.810703 0.013997 0.013911
0 0.141085 0.705373 0.013146 0.012735
0 0.051842 0.289519 0.011235 0.011114
0 0.613392 0.549069 0.013558 0.013767
0 0.710703 0.788261 0.012163 0.012111
0 0.461327 0.960349 0.013548 0.013340
0 0.325467 0.557508 0.012831 0.012776
0 0.733042 0.155442 0.011519 0.011427
0 0.183565 0.687631 0.011554 0.011521
0 0.016875 0.760448 0.013740 0.013469
0 0.221265 0.622616 0.012305 0.012363
0 0.565680 0.216872 0.011696 0.011840
0 0.666110 0.529614 0.011032 0.011110
0 0.079213 0.392525 0.013789 0.013892
0 0.222512 0.467812 0.012801 0.012787
0 0.345514 0.835879 0.012692 0.012620
0 0.340338 0.019377 0.011786 0.011932
0 0.427927 0.026274 0.012542 0.012334
0 0.067685 0.154039 0.012751 0.012568
0 0.151440 0.454351 0.012594 0.012624
0 0.331385 0.518018 0.012160 0.012095
0 0.622222 0.405524 0.012684 0.012852
0 0.390096 0.484830 0.011886 0.011744
0 0.544576 0.973201 0.012773 0.012569
0 0.083207 0.590383 0.012940 0.012865
0 0.569512 0.144818 0.011479 0.011512
0 0.879322 0.225265 0.012528 0.012517
0 0.891171 0.035971 0.012128 0.011816
0 0.083891 0.873682 0.012970 0.012944
0 0.225278 0.649067 0.012264 0.011749
0 0.290776 0.630919 0.013347 0.013099
0 0.625534 0.379004 0.010106 0.010003
0 0.122657 0.333888 0.011276 0.011245
0 0.072237 0.562224 0.013975 0.013855
0 0.523896 0.347849 0.013917 0.013795
0 0.549370 0.435932 0.011007 0.010864
0 0.734630 0.461604 0.011572 0.011434
0 0.554033 0.053054 0.011869 0.012018
0 0.750006 0.112372 0.012333 0.012137
0 0.737199 0.897000 0.010161 0.010340
0 0.962196 0.233184 0.012654 0.012202
0 0.915825 0.493623 0.012648 0.013028
0 0.186501 0.890833 0.012982 0.013009
0 0.284769 0.601231 0.010790 0.010725
0 0.108808 0.980090 0.013441 0.013620
0 0.371750 0.739712 0.017703 0.017354
0 0.390628 0.746086 0.012907 0.012730
0 0.057488 0.597548 0.013167 0.013252
0 0.794646 0.165701 0.012325 0.012305
0 0.292463 0.815675 0.009775 0.009764
0 0.172545 0.754003 0.010222 0.010042
0 0.486548 0.324618 0.011012 0.011000
0 0.600773 0.004396 0.012098 0.008777
0 0.149947 0.659269 0.011282 0.011189
0 0.303519 0.722730 0.010734 0.010731
0 0.344383 0.970813 0.011530 0.011411
0 0.207913 0.081158 0.012258 0.012293
0 0.600613 0.002888 0.012009 0.005775
0 0.225930 0.193181 0.013492 0.013474
0 0.319079 0.787761 0.013026 0.013200
0 0.601279 0.006561 0.012127 0.012130
0 0.032509 0.922549 0.012858 0.012310
0 0.788879 0.004638 0.011747 0.009235
0 0.580190 0.652253 0.011254 0.011178
0 0.397033 0.944798 0.010244 0.010154
0 0.765566 0.488417 0.013234 0.013741
