0 0.145786 0.380791 0.012070 0.011912
0 0.100822 0.714755 0.013802 0.013618
0 0.157837 0.448992 0.012770 0.012715
0 0.608462 0.868546 0.012929 0.012835
0 0.265515 0.160409 0.012406 0.012438
0 0.148638 0.706729 0.012813 0.012723
0 0.741117 0.721454 0.014307 0.014214
0 0.379685 0.152721 0.012765 0.012690
0 0.597321 0.785265 0.012022 0.011917
0 0.266951 0.786295 0.011851 0.011700
0 0.326000 0.715165 0.012137 0.012159
0 0.450338 0.743072 0.012787 0.012821
0 0.278961 0.908490 0.012881 0.013139
0 0.774786 0.893766 0.013109 0.012833
0 0.176625 0.798336 0.013886 0.013852
0 0.655680 0.924953 0.013362 0.013102
0 0.513880 0.782220 0.012788 0.012870
0 0.590890 0.346287 0.013069 0.013183
0 0.021254 0.443493 0.011969 0.011674
0 0.374634 0.590699 0.012275 0.012507
0 0.171429 0.076340 0.011107 0.011474
0 0.427150 0.270826 0.012689 0.012657
0 0.254502 0.407774 0.011986 0.012073
0 0.868722 0.818529 0.011866 0.011848
0 0.187277 0.889867 0.012902 0.012790
0 0.105767 0.680037 0.013331 0.013608
0 0.799874 0.357556 0.012673 0.012630
0 0.207987 0.165687 0.009522 0.009105
0 0.458459 0.957678 0.012331 0.012287
0 0.016011 0.959618 0.013418 0.013198
0 0.226483 0.650693 0.012407 0.012308
0 0.682580 0.649891 0.011757 0.011637
0 0.724654 0.437243 0.011547 0.011798
0 0.422251 0.106484 0.010259 0.010107
0 0.962921 0.812000 0.013122 0.013015
0 0.330491 0.517611 0.011268 0.011075
0 0.751443 0.965033 0.011500 0.011366
0 0.525397 0.346997 0.012507 0.012418
0 0.068800 0.514437 0.012365 0.012307
0 0.101625 0.934350 0.012094 0.012168
0 0.579312 0.253099 0.012732 0.012498
0 0.399383 0.825303 0.011738 0.011806
0 0.109324 0.979224 0.013278 0.013285
0 0.847351 0.718882 0.018354 0.018002
0 0.067925 0.175154 0.010895 0.011116
0 0.026486 0.831604 0.011866 0.011913
0 0.068723 0.483960 0.012534 0.012566
0 0.542915 0.973523 0.011634 0.011560
0 0.740188 0.601739 0.011809 0.011926
0 0.153581 0.933601 0.013573 0.013653
0 0.488857 0.891249 0.012463 0.012335
0 0.247414 0.477344 0.011072 0.010987
0 0.569180 0.082943 0.012481 0.012121
0 0.664966 0.809871 0.011107 0.010961
0 0.276732 0.222099 0.010909 0.010751
0 0.007987 0.637449 0.012334 0.012238
0 0.248662 0.839593 0.012103 0.012125
0 0.683305 0.014379 0.011903 0.011693
0 0.788166 0.861037 0.011325 0.011473
0 0.993803 0.565173 0.012370 0.014057
0 0.701691 0.814972 0.014219 0.013086
0 0.223398 0.466302 0.011930 0.011815
0 0.375518 0.743877 0.014794 0.013916
0 0.749611 0.615516 0.011874 0.011522
0 0.807374 0.543355 0.010656 0.010658
0 0.782258 0.730423 0.015708 0.015729
0 0.530205 0.636519 0.021201 0.021169
0 0.345446 0.297366 0.022232 0.022196
0 0.376805 0.745472 0.014874 0.013146
0 0.836135 0.808143 0.011454 0.011075
0 0.303743 0.537472 0.011094 0.010486
0 0.506707 0.927657 0.010197 0.010759
0 0.159667 0.478254 0.011189 0.011252
0 0.633294 0.546596 0.012666 0.012897
