0 0.129134 0.231944 0.012606 0.012613
0 0.655192 0.496914 0.012988 0.013040
0 0.101640 0.549610 0.012785 0.012562
0 0.060624 0.662564 0.012242 0.012256
0 0.121207 0.768496 0.012658 0.012605
0 0.314231 0.195722 0.012585 0.012496
0 0.178843 0.454845 0.012168 0.012178
0 0.661446 0.256848 0.013198 0.013109
0 0.576901 0.036076 0.012556 0.012572
0 0.639631 0.596110 0.013192 0.013044
0 0.105420 0.094775 0.011574 0.011800
0 0.157698 0.551259 0.011813 0.011727
0 0.938900 0.384811 0.012798 0.012695
0 0.548987 0.094850 0.012699 0.012475
0 0.868118 0.627352 0.013335 0.013331
0 0.178043 0.183241 0.012345 0.012332
0 0.179422 0.360498 0.014332 0.014211
0 0.141332 0.494205 0.012647 0.012556
0 0.719054 0.308579 0.011942 0.011967
0 0.480758 0.222854 0.013733 0.013650
0 0.581253 0.517173 0.013197 0.013182
0 0.177428 0.048523 0.013184 0.012884
0 0.035471 0.030969 0.013351 0.013361
0 0.310718 0.324915 0.011836 0.011847
0 0.823401 0.650375 0.013208 0.013372
0 0.293627 0.537324 0.012879 0.012978
0 0.844306 0.379889 0.012997 0.012844
0 0.663426 0.575811 0.013317 0.013073
0 0.734878 0.621552 0.014571 0.014500
0 0.493141 0.013685 0.012270 0.012154
0 0.163637 0.286492 0.012122 0.012303
0 0.747762 0.382208 0.012306 0.012387
0 0.107486 0.429453 0.011799 0.011890
0 0.808211 0.454635 0.012801 0.012585
0 0.009852 0.176816 0.012066 0.011730
0 0.956104 0.508771 0.015412 0.015125
0 0.672644 0.421852 0.012100 0.012153
0 0.279166 0.436587 0.011920 0.011654
0 0.823043 0.491260 0.012233 0.012158
0 0.144386 0.760716 0.012455 0.012408
0 0.165537 0.812447 0.012464 0.012792
0 0.202083 0.139002 0.011061 0.010834
0 0.787177 0.026353 0.011560 0.011371
0 0.080614 0.846374 0.012417 0.012576
0 0.788672 0.342545 0.012078 0.012210
0 0.111940 0.892651 0.012914 0.012799
0 0.917701 0.353142 0.014194 0.014222
0 0.638552 0.183448 0.012738 0.012614
0 0.742133 0.095023 0.013034 0.012937
0 0.174331 0.140096 0.013650 0.013705
0 0.777155 0.523071 0.011494 0.011534
0 0.336262 0.656883 0.012221 0.011880
0 0.183232 0.735326 0.013279 0.013761
0 0.778386 0.678149 0.011928 0.011970
0 0.006257 0.414646 0.012254 0.013092
0 0.451824 0.463616 0.011986 0.012069
0 0.144930 0.387906 0.012703 0.012753
0 0.949567 0.963134 0.012597 0.012578
0 0.620421 0.922553 0.012873 0.012868
0 0.193146 0.210346 0.013567 0.013600
0 0.905792 0.062108 0.013393 0.013105
0 0.550863 0.222521 0.013337 0.013251
0 0.665080 0.445103 0.012404 0.012390
0 0.292306 0.677399 0.013286 0.013191
0 0.559405 0.402431 0.012247 0.012312
0 0.804453 0.921664 0.012052 0.012065
0 0.895465 0.527534 0.012044 0.012413
0 0.294703 0.828461 0.011461 0.011232
0 0.829060 0.595723 0.013688 0.013464
0 0.772422 0.003913 0.011141 0.007827
0 0.072086 0.974822 0.011769 0.011735
0 0.758062 0.057705 0.012077 0.012211
0 0.810386 0.734871 0.011852 0.011682
0 0.159704 0.953949 0.012257 0.012209
0 0.526040 0.594111 0.012209 0.012393
0 0.608125 0.677361 0.012962 0.013368
0 0.824948 0.973685 0.011456 0.011427
0 0.730397 0.877734 0.011852 0.011653
0 0.575213 0.435209 0.014386 0.014129
0 0.480052 0.912487 0.012632 0.012394
0 0.820771 0.623992 0.012812 0.013079
0 0.599738 0.506901 0.009993 0.009950
0 0.003486 0.808595 0.006765 0.014158
0 0.818504 0.515285 0.013874 0.013951
0 0.949993 0.099669 0.012730 0.012590
0 0.894231 0.815142 0.013372 0.013002
0 0.892174 0.963693 0.013955 0.013916
0 0.510997 0.869188 0.012724 0.012637
0 0.020370 0.715397 0.012007 0.011616
0 0.835050 0.912838 0.010918 0.011021
0 0.719580 0.867349 0.012033 0.011463
0 0.661977 0.367850 0.011491 0.011054
0 0.952068 0.056899 0.014289 0.014509
0 0.680295 0.375111 0.011901 0.011898
0 0.508464 0.544817 0.012445 0.012798
0 0.721863 0.369811 0.013391 0.013325
