0 0.538959 0.396696 0.012925 0.012980
0 0.381980 0.378984 0.012804 0.012560
0 0.054463 0.842872 0.012945 0.013070
0 0.629478 0.577440 0.013901 0.013861
0 0.603615 0.899511 0.012359 0.012281
0 0.263889 0.071388 0.012350 0.012085
0 0.290343 0.202435 0.013139 0.013162
0 0.939684 0.634587 0.013126 0.013061
0 0.408287 0.167190 0.013476 0.013574
0 0.136063 0.174678 0.013473 0.013308
0 0.593665 0.162050 0.013701 0.013603
0 0.611799 0.502486 0.013533 0.013403
0 0.307578 0.531822 0.013279 0.013113
0 0.531660 0.434028 0.012721 0.012592
0 0.804437 0.023891 0.012695 0.012482
0 0.157701 0.790735 0.013084 0.013025
0 0.858247 0.071358 0.014048 0.014024
0 0.232425 0.590805 0.013299 0.013190
0 0.669069 0.311544 0.013251 0.013047
0 0.354485 0.144038 0.012830 0.012918
0 0.889398 0.361073 0.012546 0.012337
0 0.073350 0.505370 0.013160 0.013097
0 0.565893 0.688885 0.013090 0.012908
0 0.319217 0.473039 0.012705 0.012710
0 0.348610 0.452715 0.012550 0.012511
0 0.550434 0.755536 0.012314 0.012388
0 0.849330 0.428812 0.012697 0.012611
0 0.807053 0.784999 0.012166 0.012215
0 0.503663 0.342170 0.013734 0.013577
0 0.325944 0.919643 0.012200 0.012063
0 0.681411 0.641951 0.012118 0.012129
0 0.877276 0.869778 0.012736 0.012632
0 0.060605 0.957142 0.013137 0.013059
0 0.645252 0.936655 0.013546 0.013647
0 0.184192 0.368729 0.012708 0.012641
0 0.503087 0.607109 0.012953 0.012940
0 0.289517 0.180565 0.013139 0.013162
0 0.199490 0.494242 0.012831 0.012824
0 0.480414 0.108995 0.013513 0.013388
0 0.744397 0.854778 0.013996 0.014075
0 0.111696 0.391287 0.013345 0.013135
0 0.893418 0.903002 0.012917 0.012841
0 0.078640 0.021953 0.013076 0.012844
0 0.952415 0.462330 0.013868 0.013813
0 0.829966 0.346244 0.014262 0.014185
0 0.225879 0.632358 0.013124 0.013057
0 0.613695 0.719555 0.013337 0.013169
0 0.555822 0.465386 0.013856 0.013616
0 0.923750 0.945665 0.014540 0.014497
0 0.354367 0.353648 0.012946 0.013079
0 0.832090 0.138231 0.013275 0.013447
0 0.109925 0.225495 0.013299 0.013232
0 0.026291 0.887275 0.012569 0.012564
0 0.956743 0.796853 0.013308 0.013393
0 0.824417 0.955810 0.012867 0.012571
0 0.150415 0.243528 0.013671 0.013708
0 0.071848 0.091007 0.013406 0.013499
0 0.223078 0.057542 0.012694 0.012734
0 0.489866 0.799137 0.013311 0.013446
0 0.443581 0.315441 0.013549 0.013462
0 0.022563 0.381150 0.013459 0.013213
0 0.490320 0.389900 0.013834 0.013528
0 0.028151 0.686936 0.014099 0.014042
0 0.490630 0.647037 0.013918 0.013877
0 0.755046 0.529356 0.013396 0.013243
0 0.396915 0.900685 0.012771 0.012786
0 0.210825 0.801699 0.012701 0.012827
0 0.720167 0.472178 0.013925 0.013947
0 0.515091 0.158907 0.013293 0.013380
0 0.876544 0.466579 0.013008 0.013019
0 0.942349 0.845768 0.013268 0.013315
0 0.458051 0.875694 0.014089 0.014313
0 0.120204 0.898297 0.013757 0.013644
0 0.775899 0.458201 0.014042 0.014020
0 0.599504 0.227706 0.012143 0.012263
0 0.972748 0.666006 0.013486 0.013243
0 0.293260 0.915835 0.011607 0.011912
0 0.791514 0.515650 0.013444 0.013390
0 0.106222 0.257664 0.013257 0.013080
0 0.452263 0.638129 0.012375 0.012293
0 0.171546 0.918657 0.012102 0.011805
0 0.418384 0.687598 0.012865 0.012977
0 0.570124 0.618109 0.012921 0.012744
0 0.049683 0.415312 0.014946 0.014935
0 0.152389 0.854796 0.012648 0.012723
0 0.735847 0.316638 0.013708 0.013577
0 0.745436 0.406428 0.013633 0.013353
0 0.133099 0.468681 0.013748 0.013738
0 0.880280 0.168664 0.012873 0.013002
0 0.328625 0.603228 0.013829 0.013917
0 0.526099 0.217408 0.013349 0.013532
0 0.788008 0.140669 0.012547 0.012509
0 0.397917 0.256209 0.013928 0.013861
0 0.961795 0.574141 0.012056 0.011960
0 0.089672 0.649792 0.013003 0.012958
0 0.303244 0.676942 0.013335 0.013227
0 0.458354 0.576017 0.012940 0.013000
0 0.554759 0.514714 0.013969 0.014071
0 0.225396 0.308411 0.013512 0.013309
0 0.840695 0.674495 0.013135 0.013167
0 0.799501 0.263006 0.013785 0.013760
0 0.907236 0.225274 0.012376 0.012543
0 0.660008 0.774430 0.013064 0.012979
0 0.137418 0.346514 0.013083 0.013391
0 0.371560 0.030495 0.013813 0.013913
0 0.352741 0.272309 0.013866 0.013849
0 0.975153 0.174730 0.013018 0.012873
0 0.618153 0.228133 0.013095 0.013208
0 0.799832 0.219713 0.014901 0.014889
0 0.435880 0.573477 0.012374 0.012168
0 0.112491 0.822748 0.013535 0.013268
0 0.993297 0.549562 0.013405 0.015458
0 0.536876 0.535057 0.014833 0.014827
0 0.227635 0.680435 0.014786 0.014641
0 0.640589 0.253721 0.015928 0.015791
0 0.720095 0.736650 0.012474 0.012437
0 0.848622 0.604161 0.015561 0.015268
0 0.039704 0.992663 0.014280 0.013941
0 0.050089 0.232599 0.013379 0.013344
0 0.340270 0.084846 0.014076 0.013993
0 0.373936 0.170694 0.015439 0.015211
0 0.827126 0.920301 0.013271 0.013153
0 0.207929 0.243190 0.014012 0.014070
0 0.894274 0.121334 0.013877 0.013926
0 0.769490 0.143186 0.012607 0.012856
0 0.331266 0.763664 0.013390 0.013263
0 0.916780 0.707928 0.013230 0.013119
0 0.376816 0.671773 0.014854 0.015124
0 0.187895 0.099989 0.013507 0.013697
0 0.936790 0.015478 0.013174 0.013086
0 0.742508 0.073459 0.013853 0.013964
0 0.647597 0.636101 0.013468 0.013701
0 0.931156 0.989785 0.012125 0.011914
0 0.801906 0.296298 0.012103 0.012227
0 0.135125 0.784789 0.015156 0.015009
0 0.526536 0.022810 0.013151 0.013046
0 0.992013 0.681542 0.014375 0.014966
0 0.649899 0.846153 0.012693 0.012884
0 0.447642 0.906592 0.013923 0.013995
0 0.407662 0.468222 0.013659 0.013437
0 0.921138 0.322693 0.012935 0.013025
0 0.717015 0.112117 0.012609 0.012553
0 0.189602 0.007132 0.012629 0.012495
0 0.647465 0.690402 0.013790 0.013659
0 0.015832 0.128490 0.013961 0.014065
0 0.310240 0.044949 0.013394 0.013514
0 0.962480 0.878049 0.013914 0.013719
0 0.250105 0.237119 0.014354 0.014419
0 0.104403 0.284969 0.013745 0.013663
0 0.316501 0.820126 0.013623 0.013603
0 0.387324 0.972155 0.012598 0.012634
0 0.157464 0.429254 0.013261 0.013383
0 0.380876 0.324404 0.014429 0.014443
0 0.928912 0.872157 0.011602 0.011481
0 0.578391 0.253402 0.012133 0.012310
0 0.581844 0.212708 0.012628 0.012562
0 0.963117 0.069893 0.013118 0.013003
0 0.300615 0.882578 0.013688 0.014177
0 0.453161 0.013984 0.013602 0.013703
0 0.214985 0.083530 0.013312 0.013080
0 0.880810 0.137396 0.014358 0.014318
0 0.014185 0.447403 0.014031 0.013917
0 0.164051 0.564523 0.013488 0.013704
0 0.188558 0.551377 0.014493 0.014989
0 0.954992 0.083533 0.012561 0.012063
0 0.300848 0.995400 0.013043 0.009200
0 0.982538 0.191879 0.012941 0.012919
0 0.844383 0.183961 0.014933 0.014711
0 0.480319 0.266592 0.014544 0.014510
0 0.946293 0.980535 0.014168 0.014421
0 0.770382 0.598773 0.013661 0.013943
0 0.493060 0.455460 0.015477 0.015834
0 0.893830 0.998355 0.012062 0.003284
0 0.787626 0.187409 0.012333 0.012220
0 0.270283 0.668239 0.013524 0.013740
0 0.156001 0.430484 0.013347 0.013498
0 0.370759 0.648966 0.013669 0.013842
0 0.864073 0.011715 0.013099 0.013082
0 0.938466 0.109517 0.011280 0.011243
0 0.885535 0.776134 0.011009 0.010701
0 0.196567 0.840495 0.012632 0.012466
0 0.142818 0.703549 0.013431 0.013543
0 0.162063 0.695435 0.011890 0.011389
0 0.773985 0.793536 0.010544 0.010111
0 0.532641 0.633199 0.016978 0.016819
0 0.533551 0.635356 0.016079 0.015746
0 0.605620 0.680037 0.013267 0.013919
0 0.222429 0.746203 0.011300 0.011070
0 0.267540 0.719321 0.013955 0.013925
0 0.535438 0.638466 0.013790 0.014281
0 0.734122 0.799880 0.011161 0.010734
0 0.619461 0.675099 0.013160 0.013559
0 0.016143 0.567609 0.012805 0.012991
0 0.708332 0.170160 0.013178 0.013027
0 0.020586 0.042821 0.011848 0.011702
