0 0.749603 0.616298 0.013192 0.012911
0 0.460732 0.089920 0.013713 0.013585
0 0.786825 0.115907 0.013172 0.012999
0 0.619506 0.975486 0.013055 0.013090
0 0.434403 0.439624 0.013219 0.013327
0 0.085742 0.205274 0.012646 0.012548
0 0.522024 0.311007 0.011744 0.011628
0 0.159740 0.724641 0.013767 0.013813
0 0.177779 0.203865 0.013901 0.013776
0 0.459811 0.956255 0.013348 0.013432
0 0.140914 0.290757 0.013112 0.012962
0 0.145141 0.467445 0.013167 0.013085
0 0.070883 0.753657 0.013587 0.013639
0 0.515476 0.184180 0.012796 0.012917
0 0.282711 0.159086 0.012906 0.012922
0 0.542787 0.972684 0.013923 0.013584
0 0.827782 0.765792 0.013440 0.013398
0 0.404020 0.178470 0.013406 0.013019
0 0.145401 0.600095 0.012138 0.012097
0 0.248216 0.476626 0.011987 0.011876
0 0.955045 0.586587 0.012768 0.012762
0 0.487069 0.328653 0.011759 0.011388
0 0.142546 0.542972 0.013552 0.013579
0 0.341369 0.300323 0.017267 0.017122
0 0.759813 0.820357 0.012094 0.012099
0 0.467057 0.428533 0.011600 0.011493
0 0.684347 0.023224 0.012335 0.012416
0 0.406831 0.715032 0.013830 0.013877
0 0.056050 0.734341 0.014055 0.013742
0 0.554760 0.948545 0.013771 0.013608
0 0.360380 0.120207 0.013151 0.013209
0 0.720359 0.738535 0.012481 0.012673
0 0.834219 0.840904 0.011402 0.011209
0 0.526298 0.346581 0.013063 0.013127
0 0.226513 0.650275 0.012574 0.012166
0 0.848442 0.740397 0.012838 0.012786
0 0.780750 0.789353 0.011712 0.011682
0 0.721362 0.413143 0.011211 0.011024
0 0.515243 0.223837 0.012267 0.012295
0 0.033995 0.387001 0.011105 0.011167
0 0.181321 0.415457 0.011361 0.011390
0 0.223046 0.720193 0.011432 0.011866
0 0.334396 0.409383 0.011488 0.011508
0 0.223420 0.466684 0.013556 0.013383
0 0.847406 0.716545 0.020682 0.020804
0 0.238263 0.244797 0.012691 0.012659
0 0.833572 0.405468 0.011555 0.011345
0 0.814629 0.293950 0.011655 0.011552
0 0.331586 0.517367 0.011465 0.011290
0 0.945512 0.395477 0.011069 0.010995
0 0.985518 0.362801 0.009546 0.009294
0 0.186438 0.893048 0.010980 0.010832
0 0.757367 0.991123 0.012627 0.012673
0 0.177247 0.488882 0.013286 0.013554
0 0.463454 0.766076 0.012268 0.011979
0 0.531341 0.637260 0.020140 0.020356
0 0.874542 0.374062 0.011169 0.011469
0 0.125079 0.689521 0.010610 0.010598
0 0.757660 0.837533 0.013315 0.013322
0 0.812300 0.587931 0.011935 0.011649
0 0.907747 0.072576 0.011915 0.011796
0 0.606720 0.376234 0.013223 0.012796
0 0.475854 0.524138 0.013015 0.012844
0 0.133757 0.084530 0.012202 0.012132
0 0.109571 0.979536 0.013537 0.013642
0 0.907132 0.212837 0.010657 0.010827
0 0.153336 0.510643 0.011368 0.011180
0 0.394774 0.247923 0.011430 0.011524
0 0.917076 0.140299 0.011831 0.011649
0 0.467189 0.465604 0.011320 0.011655
0 0.796502 0.474920 0.009945 0.009779
0 0.021489 0.508795 0.010593 0.010508
0 0.497544 0.543270 0.015088 0.015317
0 0.700884 0.821091 0.021303 0.020560
0 0.748020 0.580644 0.011253 0.011008
0 0.202821 0.824730 0.012478 0.012207
0 0.374380 0.226752 0.019497 0.019700
0 0.546939 0.319612 0.011514 0.011596
0 0.998299 0.064391 0.003402 0.013230
0 0.716916 0.691915 0.011069 0.010734
0 0.497223 0.860285 0.009101 0.008907
0 0.767589 0.358307 0.010342 0.009867
