0 0.113126 0.385420 0.012442 0.012230
0 0.834030 0.038196 0.012683 0.012721
0 0.371423 0.459622 0.011992 0.012008
0 0.119437 0.471340 0.012369 0.012137
0 0.177829 0.618919 0.012823 0.012863
0 0.036945 0.381439 0.012166 0.012139
0 0.800726 0.092979 0.012716 0.012669
0 0.216124 0.504972 0.013182 0.013067
0 0.961773 0.811094 0.012912 0.012792
0 0.281872 0.070226 0.011708 0.011470
0 0.278528 0.436651 0.011890 0.011778
0 0.349264 0.710320 0.013026 0.012884
0 0.348213 0.387971 0.012628 0.012455
0 0.385252 0.531180 0.014324 0.014212
0 0.525616 0.391437 0.012262 0.012074
0 0.662791 0.431090 0.013300 0.013046
0 0.585653 0.219564 0.012716 0.012757
0 0.235819 0.803713 0.012258 0.012123
0 0.796342 0.382473 0.013206 0.013195
0 0.898667 0.235451 0.012849 0.012777
0 0.958751 0.301873 0.013654 0.013568
0 0.241493 0.449166 0.014235 0.014194
0 0.524003 0.752031 0.012896 0.012735
0 0.243310 0.601863 0.014076 0.013979
0 0.890028 0.867391 0.012008 0.012069
0 0.244647 0.316223 0.012718 0.012835
0 0.152700 0.546392 0.013656 0.013633
0 0.492337 0.569707 0.013065 0.013137
0 0.599078 0.195084 0.012714 0.012696
0 0.064834 0.757541 0.012609 0.012653
0 0.333900 0.213720 0.012803 0.012597
0 0.635252 0.690285 0.013842 0.013763
0 0.874927 0.217858 0.013169 0.013107
0 0.915353 0.244635 0.013196 0.013114
0 0.249808 0.113847 0.012341 0.012353
0 0.138599 0.703949 0.013028 0.013225
0 0.655797 0.177922 0.012151 0.012157
0 0.322864 0.732156 0.012552 0.012422
0 0.902785 0.542570 0.013095 0.013063
0 0.733998 0.370594 0.014349 0.014238
0 0.448689 0.620701 0.012295 0.012462
0 0.366594 0.353353 0.012144 0.012089
0 0.767537 0.533916 0.012988 0.012857
0 0.493164 0.449684 0.014268 0.014203
0 0.103081 0.347138 0.013751 0.013633
0 0.291551 0.762946 0.012583 0.012592
0 0.930187 0.859997 0.013130 0.012930
0 0.062109 0.656324 0.011526 0.011444
0 0.271123 0.814937 0.012302 0.012485
0 0.017797 0.830499 0.012440 0.012403
0 0.220174 0.953328 0.012572 0.012498
0 0.721747 0.012041 0.012662 0.012373
0 0.770983 0.101525 0.013066 0.012600
0 0.068693 0.195069 0.012475 0.012647
0 0.484566 0.515754 0.011952 0.011944
0 0.614666 0.538222 0.012031 0.012187
0 0.667067 0.659674 0.013658 0.013676
0 0.954238 0.771641 0.012596 0.012607
0 0.863072 0.107843 0.011778 0.011558
0 0.888397 0.589650 0.012259 0.012113
0 0.412038 0.938111 0.013665 0.013480
0 0.877350 0.119251 0.009532 0.009423
0 0.707570 0.237989 0.012422 0.012387
0 0.901679 0.076654 0.012063 0.011856
0 0.417358 0.894601 0.012295 0.012012
0 0.346374 0.898129 0.012465 0.012531
0 0.329624 0.772961 0.013187 0.013260
0 0.833941 0.389573 0.011183 0.010880
0 0.188965 0.833015 0.012419 0.012410
0 0.960268 0.620724 0.011509 0.011244
0 0.101911 0.931366 0.012747 0.012304
0 0.683543 0.268256 0.013026 0.012899
0 0.319745 0.376828 0.014026 0.013930
0 0.906546 0.926670 0.012314 0.012511
0 0.733524 0.623160 0.013958 0.013911
0 0.652186 0.085899 0.013061 0.013024
0 0.720531 0.542823 0.013252 0.012902
0 0.203781 0.921924 0.011363 0.011290
0 0.588203 0.777449 0.013066 0.012921
0 0.512936 0.106221 0.013279 0.013353
0 0.133855 0.211443 0.012210 0.012288
0 0.982180 0.460060 0.012450 0.012292
0 0.647078 0.576690 0.011573 0.011452
0 0.450516 0.382159 0.012473 0.012709
0 0.993673 0.589822 0.012467 0.013577
0 0.098667 0.721326 0.012759 0.012589
0 0.349680 0.290907 0.024015 0.024411
0 0.551746 0.593293 0.013759 0.013910
0 0.775012 0.815567 0.012848 0.012951
0 0.311384 0.993200 0.014024 0.013281
0 0.900416 0.995126 0.012024 0.009747
0 0.779217 0.942739 0.011194 0.011045
0 0.843657 0.880082 0.013703 0.013540
0 0.936715 0.434195 0.012713 0.012893
0 0.282866 0.933587 0.011996 0.011872
0 0.745500 0.703033 0.011350 0.011177
0 0.725642 0.672498 0.011837 0.011632
0 0.876094 0.977050 0.013731 0.013805
0 0.824749 0.703549 0.012800 0.012778
0 0.538844 0.635201 0.014569 0.014099
0 0.868038 0.571026 0.011333 0.011443
0 0.977284 0.050841 0.010047 0.009653
0 0.824586 0.556976 0.013639 0.013634
0 0.981396 0.513752 0.013824 0.013537
0 0.363909 0.744222 0.013295 0.013164
0 0.966283 0.710290 0.010928 0.010837
0 0.087970 0.934598 0.011110 0.011053
0 0.400424 0.004379 0.011583 0.008758
0 0.003284 0.321923 0.006288 0.013928
0 0.432521 0.105228 0.012664 0.012416
0 0.850620 0.545794 0.011425 0.011326
0 0.803388 0.540204 0.011175 0.011119
0 0.937623 0.056299 0.011825 0.011766
0 0.497319 0.778065 0.011735 0.011470
0 0.916127 0.004777 0.010099 0.008933
0 0.984188 0.513560 0.013430 0.013128
0 0.650882 0.473644 0.010494 0.009963
0 0.780039 0.427617 0.011727 0.011815
