0 0.623312 0.890877 0.017872 0.017726
0 0.257145 0.600152 0.013883 0.013743
0 0.951905 0.938682 0.014493 0.014243
0 0.385041 0.105641 0.015674 0.015814
0 0.207071 0.806273 0.014106 0.014329
0 0.326714 0.940716 0.014033 0.013853
0 0.436985 0.697919 0.013928 0.013956
0 0.425163 0.760420 0.014495 0.014588
0 0.209627 0.628004 0.013535 0.013334
0 0.534781 0.500016 0.014731 0.014504
0 0.413604 0.335083 0.014527 0.014503
0 0.602878 0.434467 0.013961 0.013975
0 0.508563 0.345808 0.014011 0.014261
0 0.770647 0.670189 0.014340 0.014172
0 0.437414 0.546648 0.013907 0.013945
0 0.324450 0.796306 0.014338 0.014142
0 0.897626 0.681625 0.013628 0.013583
0 0.981093 0.433987 0.013721 0.013640
0 0.494257 0.618515 0.014274 0.014207
0 0.360519 0.605124 0.014262 0.014225
0 0.792899 0.556982 0.016137 0.015868
0 0.908789 0.981069 0.014964 0.015390
0 0.482302 0.895839 0.015178 0.015042
0 0.667768 0.487843 0.014044 0.014022
0 0.362065 0.398277 0.013951 0.013799
0 0.043517 0.595174 0.014158 0.013851
0 0.051973 0.231516 0.013723 0.013362
0 0.470707 0.344269 0.014429 0.014564
0 0.351740 0.016409 0.014202 0.013924
0 0.960908 0.728503 0.014216 0.014186
0 0.968990 0.702357 0.015034 0.015103
0 0.771950 0.840548 0.014526 0.014449
0 0.174581 0.473468 0.013917 0.013841
0 0.627595 0.949402 0.015239 0.015205
0 0.129618 0.850098 0.013705 0.013788
0 0.278760 0.763149 0.014865 0.014968
0 0.804856 0.315907 0.014023 0.014169
0 0.309103 0.336858 0.015501 0.015552
0 0.311378 0.743889 0.014220 0.014098
0 0.212607 0.066428 0.013735 0.013768
0 0.873570 0.389058 0.013636 0.013790
0 0.460508 0.229773 0.013612 0.013918
0 0.075919 0.972907 0.014487 0.014353
0 0.241319 0.030545 0.015056 0.015226
0 0.104086 0.448604 0.014560 0.014410
0 0.412380 0.671792 0.014478 0.014373
0 0.194287 0.332609 0.014468 0.014117
0 0.535921 0.106825 0.015057 0.014921
0 0.286164 0.239695 0.014395 0.014623
0 0.774049 0.362209 0.014706 0.014487
0 0.266228 0.187960 0.014189 0.014075
0 0.280160 0.432415 0.014333 0.014246
0 0.545639 0.739824 0.014146 0.014320
0 0.676304 0.275844 0.014132 0.014271
0 0.571271 0.343609 0.014765 0.014999
0 0.046472 0.084799 0.014837 0.014770
0 0.125982 0.284890 0.013803 0.013775
0 0.841675 0.775215 0.014157 0.014338
0 0.643051 0.469024 0.013318 0.013516
0 0.561137 0.637890 0.013962 0.013980
0 0.736859 0.616866 0.016141 0.016417
0 0.166309 0.093769 0.015353 0.015411
0 0.205682 0.525044 0.014881 0.015122
0 0.690475 0.078049 0.013978 0.013867
0 0.757298 0.547489 0.014490 0.014457
0 0.756437 0.936591 0.015568 0.015401
0 0.928197 0.669085 0.013345 0.013470
0 0.727916 0.387733 0.014909 0.014669
0 0.788638 0.215259 0.014820 0.014775
0 0.898331 0.753482 0.013888 0.013895
0 0.940742 0.640253 0.017467 0.017381
0 0.847441 0.720347 0.023240 0.023211
0 0.755752 0.496884 0.012915 0.012971
0 0.875325 0.357255 0.014244 0.014559
0 0.047979 0.519432 0.013639 0.013539
0 0.037895 0.287533 0.014606 0.015064
0 0.894752 0.572672 0.014360 0.014517
0 0.225427 0.722527 0.013724 0.013701
0 0.459327 0.169749 0.014485 0.014620
0 0.804612 0.053417 0.015336 0.015446
0 0.447035 0.154628 0.014205 0.014240
0 0.476364 0.980858 0.014590 0.014568
0 0.904138 0.450099 0.013533 0.013376
0 0.117895 0.053641 0.017604 0.017627
0 0.694172 0.400979 0.016099 0.016262
0 0.759694 0.067955 0.013647 0.013737
0 0.774428 0.456568 0.013930 0.014316
0 0.109538 0.016136 0.014659 0.014854
0 0.327937 0.471903 0.014105 0.014042
0 0.924071 0.297661 0.013290 0.013312
0 0.785523 0.949537 0.015265 0.015342
0 0.261808 0.417309 0.015152 0.014941
0 0.592485 0.362423 0.013723 0.013732
0 0.899023 0.267836 0.013387 0.013537
0 0.310948 0.984540 0.014103 0.013807
0 0.610855 0.164713 0.014220 0.014149
0 0.071083 0.833498 0.014446 0.014029
0 0.837536 0.993456 0.016964 0.013088
0 0.447435 0.955365 0.013822 0.013909
0 0.299055 0.573850 0.014682 0.014931
0 0.839850 0.571041 0.017033 0.016691
0 0.743582 0.220625 0.014937 0.015052
0 0.504771 0.227278 0.014164 0.013940
0 0.457660 0.648156 0.016327 0.016069
0 0.987265 0.506664 0.016644 0.016224
0 0.026862 0.156758 0.014025 0.014092
0 0.988883 0.299521 0.014101 0.014025
0 0.666340 0.189097 0.014310 0.014273
0 0.965162 0.086822 0.014686 0.014587
0 0.120587 0.903934 0.014351 0.014416
0 0.920378 0.145843 0.019200 0.018805
0 0.740076 0.028708 0.014358 0.014333
0 0.985848 0.614688 0.015098 0.014859
0 0.531256 0.638145 0.023422 0.023173
0 0.867720 0.042927 0.015214 0.015924
0 0.343574 0.295293 0.021940 0.021968
0 0.669580 0.040946 0.013888 0.013750
0 0.684963 0.521823 0.013747 0.013317
0 0.083187 0.746502 0.015127 0.015212
0 0.692753 0.055101 0.015235 0.015509
0 0.485470 0.741095 0.016932 0.016520
0 0.531434 0.011832 0.015160 0.015161
0 0.614320 0.063101 0.015369 0.015261
0 0.370843 0.353515 0.013140 0.013639
0 0.198510 0.876336 0.014383 0.013654
0 0.975354 0.873009 0.013826 0.013837
0 0.691852 0.638428 0.013559 0.013311
0 0.181055 0.596598 0.014610 0.014260
0 0.980062 0.989640 0.013063 0.013029
0 0.694425 0.293344 0.011846 0.011786
0 0.577376 0.197700 0.013940 0.013713
0 0.840420 0.150013 0.014309 0.014546
0 0.634527 0.086094 0.021376 0.021208
0 0.029156 0.030519 0.015447 0.015151
0 0.700600 0.516961 0.014337 0.014358
0 0.074512 0.575457 0.016320 0.016114
0 0.003105 0.342737 0.006181 0.015896
0 0.135080 0.471825 0.014001 0.013896
0 0.868906 0.612502 0.014611 0.014685
0 0.885565 0.258829 0.013031 0.012997
0 0.264602 0.245603 0.015471 0.015138
0 0.701883 0.822863 0.021992 0.021601
0 0.698988 0.211082 0.014751 0.014927
0 0.158089 0.352952 0.013688 0.013326
0 0.012083 0.914772 0.014348 0.014213
0 0.376241 0.228622 0.020753 0.020726
0 0.299510 0.484202 0.013294 0.012874
0 0.367936 0.279874 0.016202 0.016410
0 0.451189 0.215709 0.019071 0.018986
0 0.998327 0.213042 0.003305 0.017191
0 0.078883 0.575735 0.015885 0.015308
