0 0.033589 0.230848 0.013445 0.013444
0 0.712776 0.564898 0.012591 0.012586
0 0.267837 0.797050 0.012199 0.012095
0 0.369208 0.185728 0.013276 0.013313
0 0.458324 0.957111 0.012251 0.012159
0 0.027111 0.296376 0.012514 0.012422
0 0.369042 0.071849 0.012087 0.012264
0 0.047929 0.958382 0.013576 0.013589
0 0.647967 0.911187 0.013254 0.013155
0 0.242564 0.432493 0.011193 0.010957
0 0.359165 0.443552 0.012320 0.012246
0 0.105556 0.212525 0.011455 0.011473
0 0.916246 0.785032 0.013432 0.013404
0 0.132362 0.493080 0.013859 0.014010
0 0.524692 0.346819 0.012770 0.012497
0 0.017642 0.037477 0.011702 0.011583
0 0.014427 0.469266 0.013511 0.013413
0 0.734958 0.877544 0.012110 0.012072
0 0.764180 0.531862 0.012027 0.011914
0 0.065628 0.263787 0.013601 0.013482
0 0.900501 0.904554 0.010682 0.010777
0 0.673915 0.661249 0.013003 0.012918
0 0.970413 0.305226 0.012986 0.012912
0 0.657610 0.610856 0.012299 0.012562
0 0.110639 0.979708 0.013448 0.013626
0 0.162127 0.119387 0.011952 0.011893
0 0.604991 0.847394 0.012516 0.012475
0 0.543801 0.929115 0.012467 0.012404
0 0.801716 0.366909 0.012714 0.012871
0 0.299570 0.071238 0.013102 0.013228
0 0.750388 0.972555 0.012236 0.012082
0 0.618605 0.302714 0.012341 0.012117
0 0.122304 0.729084 0.012646 0.012829
0 0.667349 0.797955 0.011835 0.011870
0 0.604397 0.750842 0.011565 0.011267
0 0.006855 0.683510 0.013177 0.013590
0 0.532502 0.635189 0.014202 0.014175
0 0.614785 0.181249 0.012052 0.012008
0 0.007226 0.826377 0.012122 0.012105
0 0.403695 0.850371 0.011538 0.011456
0 0.748390 0.615447 0.011511 0.011224
0 0.700948 0.822596 0.017026 0.016195
0 0.543325 0.973048 0.011637 0.011430
0 0.249845 0.409332 0.012337 0.012370
0 0.722251 0.923724 0.011728 0.011437
0 0.960397 0.886981 0.010588 0.010172
0 0.341797 0.607222 0.012510 0.012554
0 0.187273 0.889207 0.014402 0.014042
0 0.877091 0.976708 0.010868 0.010839
0 0.388728 0.206773 0.013408 0.013296
0 0.225700 0.650247 0.012451 0.012263
0 0.188400 0.954360 0.012950 0.012848
0 0.988619 0.865301 0.010890 0.010954
0 0.848657 0.718836 0.018996 0.018432
0 0.795094 0.516099 0.011163 0.011377
0 0.195624 0.875712 0.011741 0.011943
0 0.428926 0.985642 0.013571 0.013621
0 0.465291 0.770971 0.012439 0.012606
0 0.004505 0.549410 0.009007 0.014624
0 0.500691 0.897682 0.012323 0.012542
0 0.280096 0.674192 0.013349 0.013189
0 0.222937 0.485108 0.012089 0.012264
0 0.209870 0.608065 0.011282 0.011172
0 0.490953 0.920319 0.009965 0.009796
0 0.694635 0.745864 0.012079 0.011855
0 0.668853 0.212208 0.011922 0.011973
0 0.416454 0.757988 0.010485 0.010441
0 0.770351 0.128406 0.010485 0.010612
0 0.335483 0.828099 0.011601 0.011756
0 0.376115 0.226877 0.017277 0.017285
0 0.449263 0.212987 0.014065 0.014023
0 0.344634 0.297218 0.022010 0.022017
0 0.454542 0.883120 0.011525 0.011565
0 0.066939 0.457287 0.011155 0.011054
0 0.520995 0.605917 0.012214 0.012023
0 0.034943 0.435494 0.013233 0.012697
0 0.681117 0.014024 0.011831 0.011718
