0 0.103023 0.339460 0.012496 0.012202
0 0.435952 0.501134 0.012833 0.012786
0 0.278166 0.529044 0.012711 0.012747
0 0.950705 0.704943 0.012820 0.012758
0 0.836968 0.365139 0.013914 0.014104
0 0.444252 0.104427 0.013124 0.013034
0 0.126622 0.184000 0.012897 0.012916
0 0.035618 0.339515 0.013285 0.013209
0 0.811402 0.200028 0.013241 0.013007
0 0.259285 0.176387 0.012848 0.012815
0 0.530899 0.580543 0.012951 0.012966
0 0.278530 0.436762 0.011784 0.011637
0 0.028515 0.644695 0.013394 0.013348
0 0.067793 0.014804 0.011936 0.011864
0 0.463180 0.747550 0.013321 0.013194
0 0.482975 0.674912 0.012757 0.012903
0 0.508329 0.660873 0.012782 0.012653
0 0.882487 0.314645 0.013226 0.013007
0 0.903981 0.075431 0.011632 0.011574
0 0.389305 0.454058 0.012570 0.012599
0 0.285471 0.563025 0.011909 0.011989
0 0.929566 0.046272 0.011482 0.011531
0 0.926306 0.854994 0.013039 0.012981
0 0.841904 0.485451 0.014193 0.014065
0 0.132092 0.203585 0.012745 0.012629
0 0.353239 0.461343 0.012324 0.012420
0 0.323167 0.308958 0.012945 0.012834
0 0.394938 0.326673 0.013764 0.013731
0 0.502269 0.410165 0.012086 0.012052
0 0.714450 0.776409 0.013302 0.013260
0 0.890379 0.587007 0.012469 0.012395
0 0.879645 0.676836 0.011715 0.011956
0 0.033935 0.593599 0.013632 0.013654
0 0.055872 0.810027 0.012688 0.012550
0 0.127439 0.036878 0.010907 0.010784
0 0.130823 0.747171 0.012635 0.012562
0 0.323169 0.366184 0.012402 0.012275
0 0.572358 0.229208 0.011989 0.012091
0 0.512759 0.594206 0.013147 0.013017
0 0.522450 0.361659 0.012605 0.012368
0 0.771928 0.108191 0.013382 0.013451
0 0.066049 0.888998 0.013601 0.013725
0 0.903601 0.542061 0.013275 0.013262
0 0.371714 0.870752 0.014339 0.014089
0 0.450222 0.200071 0.013745 0.013516
0 0.484851 0.955294 0.013778 0.013732
0 0.689357 0.685976 0.012689 0.012795
0 0.668693 0.666641 0.014108 0.014140
0 0.078117 0.352891 0.011834 0.011565
0 0.736048 0.622039 0.013898 0.013724
0 0.683083 0.291778 0.012501 0.012514
0 0.910310 0.368846 0.011856 0.011859
0 0.866575 0.108521 0.011475 0.011266
0 0.742593 0.601138 0.013009 0.013050
0 0.644850 0.570016 0.011867 0.011719
0 0.705547 0.283659 0.012136 0.011985
0 0.312380 0.531330 0.012554 0.012403
0 0.237965 0.438620 0.011096 0.011335
0 0.943032 0.315346 0.013927 0.014020
0 0.354501 0.789966 0.012895 0.012652
0 0.794066 0.914274 0.012818 0.013106
0 0.059414 0.352849 0.012456 0.012315
0 0.504252 0.277735 0.012629 0.012496
0 0.612558 0.170329 0.012704 0.012623
0 0.095677 0.843109 0.011070 0.011095
0 0.750286 0.437267 0.011652 0.011762
0 0.881583 0.120215 0.009342 0.009418
0 0.932554 0.545772 0.012676 0.012891
0 0.766520 0.890825 0.013204 0.013023
0 0.322577 0.833584 0.013043 0.013280
0 0.607945 0.551407 0.012645 0.012772
0 0.447895 0.693246 0.012534 0.012549
0 0.605045 0.754417 0.011801 0.011900
0 0.390197 0.968999 0.012750 0.012589
0 0.763626 0.595300 0.010665 0.010511
0 0.183192 0.619909 0.012405 0.012142
0 0.967378 0.606935 0.011595 0.011173
0 0.656545 0.095393 0.011913 0.012141
0 0.626424 0.861855 0.012288 0.012221
0 0.951404 0.833589 0.014002 0.013723
0 0.839858 0.191204 0.012781 0.012750
0 0.791783 0.512442 0.011312 0.011168
0 0.230924 0.803627 0.012332 0.012341
0 0.284110 0.943341 0.012031 0.011776
0 0.147265 0.876877 0.012071 0.011838
0 0.976721 0.048880 0.010452 0.010432
0 0.421117 0.889490 0.012843 0.013257
0 0.138133 0.964035 0.012362 0.012502
0 0.467565 0.440776 0.014240 0.014256
0 0.562347 0.209779 0.012753 0.012876
0 0.373119 0.594139 0.012975 0.013220
0 0.768596 0.373724 0.014105 0.014108
0 0.816921 0.764666 0.012913 0.013019
0 0.651749 0.433249 0.012270 0.012182
0 0.676097 0.436324 0.012765 0.012550
0 0.154792 0.684524 0.012210 0.012461
0 0.126461 0.984040 0.013073 0.012919
0 0.349949 0.291125 0.024075 0.024473
0 0.050185 0.901588 0.011871 0.011544
0 0.958154 0.619959 0.010277 0.010382
0 0.956199 0.356563 0.010673 0.010665
0 0.768037 0.533713 0.012809 0.012587
0 0.909403 0.665316 0.011785 0.011781
0 0.980833 0.514116 0.015144 0.014503
0 0.868685 0.569816 0.011458 0.011570
0 0.476252 0.279489 0.012245 0.012097
0 0.270354 0.643697 0.013136 0.013214
0 0.965030 0.440743 0.011827 0.011899
0 0.936128 0.013546 0.010963 0.010819
0 0.650426 0.474213 0.010216 0.009677
0 0.502764 0.792923 0.012716 0.012710
0 0.618157 0.991088 0.014414 0.014279
0 0.989933 0.335966 0.013418 0.013310
0 0.088370 0.927274 0.011969 0.011820
0 0.997930 0.220639 0.004140 0.013487
0 0.807656 0.740501 0.013163 0.013061
0 0.911967 0.923759 0.011545 0.011494
0 0.868321 0.540048 0.010542 0.010149
0 0.983345 0.513662 0.015286 0.013795
0 0.527556 0.965047 0.012276 0.012391
0 0.215411 0.997562 0.011058 0.004860
0 0.104618 0.784126 0.010029 0.009837
0 0.880541 0.977020 0.012717 0.012516
0 0.903182 0.997995 0.011942 0.003942
0 0.996857 0.221083 0.006286 0.012986
0 0.991894 0.335372 0.013667 0.013818
0 0.848738 0.545584 0.011021 0.011005
0 0.159484 0.756706 0.011451 0.011769
