0 0.749588 0.616153 0.013539 0.013337
0 0.209785 0.363911 0.013234 0.013098
0 0.461535 0.958661 0.013125 0.013017
0 0.267282 0.109796 0.013361 0.013157
0 0.460551 0.641318 0.012596 0.012279
0 0.192459 0.258715 0.012452 0.012324
0 0.355930 0.953517 0.013653 0.013651
0 0.201133 0.846456 0.011860 0.011685
0 0.699386 0.618323 0.012555 0.012556
0 0.210140 0.546058 0.012872 0.012750
0 0.200439 0.081127 0.012256 0.012279
0 0.419378 0.187249 0.012994 0.012814
0 0.681644 0.365464 0.012923 0.012906
0 0.182069 0.287986 0.012768 0.012942
0 0.410356 0.807212 0.012076 0.011902
0 0.406272 0.383283 0.011815 0.011809
0 0.564716 0.883050 0.011918 0.011889
0 0.543734 0.972873 0.013274 0.012989
0 0.623090 0.703792 0.011978 0.011852
0 0.118472 0.580672 0.011762 0.011800
0 0.360341 0.574736 0.012854 0.012998
0 0.128494 0.663935 0.013753 0.013688
0 0.309052 0.604759 0.013666 0.013629
0 0.186651 0.889704 0.012821 0.012829
0 0.677365 0.548993 0.011285 0.011103
0 0.145090 0.305559 0.012436 0.012579
0 0.128333 0.829501 0.013718 0.013522
0 0.568917 0.586930 0.009251 0.009294
0 0.343104 0.427797 0.013109 0.012658
0 0.462971 0.256180 0.011569 0.011452
0 0.241257 0.339190 0.012567 0.012661
0 0.271181 0.782763 0.011995 0.011864
0 0.036919 0.462007 0.013230 0.012996
0 0.480534 0.599260 0.012153 0.012143
0 0.517967 0.323841 0.012942 0.013229
0 0.193286 0.190211 0.012176 0.012297
0 0.647939 0.879028 0.012639 0.012557
0 0.542906 0.266984 0.012484 0.012540
0 0.788927 0.655216 0.010451 0.010361
0 0.560112 0.845070 0.011601 0.011770
0 0.349815 0.553087 0.012584 0.012592
0 0.440530 0.058890 0.011170 0.011219
0 0.223988 0.466837 0.013011 0.013124
0 0.634063 0.678578 0.012695 0.012679
0 0.724825 0.368035 0.012731 0.012920
0 0.830559 0.834752 0.012471 0.012455
0 0.226784 0.649975 0.012205 0.011848
0 0.610882 0.649059 0.011178 0.011064
0 0.344322 0.295913 0.022474 0.022365
0 0.437057 0.543989 0.011002 0.010566
0 0.524750 0.347076 0.013592 0.013405
0 0.604287 0.595665 0.010626 0.010527
0 0.480778 0.575210 0.015213 0.015108
0 0.848107 0.717918 0.020185 0.019538
0 0.724667 0.887782 0.012937 0.012850
0 0.626820 0.113359 0.012710 0.012653
0 0.527695 0.639077 0.019590 0.019380
0 0.109416 0.979604 0.013059 0.013082
0 0.995321 0.586448 0.009328 0.013227
0 0.011000 0.426659 0.010240 0.010300
0 0.812310 0.552288 0.010805 0.011474
0 0.131276 0.773166 0.012088 0.012370
0 0.865611 0.024224 0.012855 0.013051
0 0.381311 0.819505 0.013542 0.013625
0 0.844633 0.615223 0.011445 0.011395
0 0.319280 0.290133 0.010709 0.010737
0 0.088280 0.050003 0.011047 0.011090
0 0.331844 0.517130 0.011544 0.011545
0 0.668216 0.126534 0.011688 0.011685
0 0.778884 0.067494 0.011895 0.011727
0 0.217776 0.749242 0.014046 0.013932
0 0.809436 0.069501 0.010260 0.010221
0 0.535833 0.482830 0.010865 0.010780
0 0.549576 0.323256 0.013552 0.013255
0 0.635183 0.084003 0.013144 0.012907
0 0.700690 0.822787 0.018951 0.018122
0 0.950010 0.037197 0.010270 0.010168
0 0.022330 0.987100 0.011960 0.011906
0 0.077389 0.342169 0.011812 0.011859
0 0.840352 0.852122 0.012535 0.012593
0 0.381590 0.290536 0.011068 0.011323
0 0.641818 0.447459 0.011209 0.011239
0 0.702601 0.183216 0.010390 0.010298
0 0.029400 0.149982 0.010294 0.010363
0 0.486627 0.464932 0.011072 0.011098
0 0.412050 0.212038 0.011425 0.011263
