0 0.040988 0.600592 0.012367 0.012398
0 0.398432 0.660650 0.012172 0.012041
0 0.480409 0.501882 0.013836 0.013545
0 0.154355 0.633573 0.013186 0.012848
0 0.255239 0.131832 0.012731 0.012695
0 0.469335 0.740138 0.013619 0.013601
0 0.383403 0.503785 0.013978 0.013898
0 0.299026 0.742835 0.012866 0.012823
0 0.886506 0.692040 0.013429 0.013417
0 0.552674 0.567225 0.013795 0.013759
0 0.458073 0.138749 0.014032 0.013997
0 0.858942 0.034978 0.013908 0.013798
0 0.151426 0.665822 0.012936 0.013117
0 0.747985 0.619213 0.013488 0.013335
0 0.546470 0.368422 0.011862 0.011811
0 0.546889 0.311871 0.014296 0.014153
0 0.052869 0.399919 0.014155 0.013975
0 0.427794 0.643707 0.013954 0.013984
0 0.487305 0.607135 0.013671 0.013653
0 0.461439 0.409795 0.013654 0.013414
0 0.523600 0.091325 0.013165 0.012930
0 0.815592 0.522755 0.012790 0.012679
0 0.100586 0.823238 0.012999 0.012964
0 0.268818 0.030230 0.013067 0.012875
0 0.293470 0.550945 0.012427 0.012206
0 0.105076 0.232244 0.011899 0.011856
0 0.578172 0.656786 0.014002 0.013995
0 0.133700 0.545318 0.012821 0.012493
0 0.164588 0.378566 0.012563 0.012272
0 0.437625 0.495638 0.011858 0.011468
0 0.377782 0.013405 0.012112 0.012082
0 0.591901 0.891195 0.011285 0.011266
0 0.246300 0.486488 0.013707 0.013567
0 0.270947 0.437956 0.012626 0.012762
0 0.158090 0.569362 0.011770 0.011814
0 0.050119 0.487385 0.013283 0.013112
0 0.106670 0.196495 0.012227 0.012195
0 0.960497 0.407120 0.012503 0.012475
0 0.584572 0.062911 0.013239 0.013183
0 0.222812 0.469022 0.012750 0.012746
0 0.593043 0.516008 0.012430 0.012376
0 0.185060 0.891345 0.012977 0.012842
0 0.558429 0.946694 0.012355 0.012439
0 0.277276 0.824317 0.011347 0.011188
0 0.611186 0.959184 0.012942 0.013044
0 0.542376 0.975506 0.012958 0.012751
0 0.269091 0.175846 0.013586 0.013911
0 0.796633 0.705182 0.013690 0.013433
0 0.495789 0.544262 0.014465 0.014666
0 0.719611 0.009846 0.012724 0.012868
0 0.358888 0.321269 0.012219 0.012253
0 0.112852 0.807079 0.013538 0.013524
0 0.676859 0.444636 0.012703 0.012786
0 0.799595 0.489676 0.012377 0.012380
0 0.352039 0.215326 0.014154 0.014036
0 0.899819 0.054207 0.012603 0.012652
0 0.201557 0.296710 0.012931 0.012993
0 0.857361 0.446418 0.012822 0.013379
0 0.804373 0.556777 0.012813 0.012871
0 0.826808 0.301768 0.013697 0.013620
0 0.872271 0.761400 0.012830 0.012923
0 0.102397 0.263184 0.011113 0.011602
0 0.232204 0.076149 0.011588 0.011681
0 0.279305 0.514092 0.013670 0.013658
0 0.459502 0.958893 0.012339 0.012293
0 0.440839 0.060365 0.012034 0.012023
0 0.331317 0.518502 0.011939 0.011938
0 0.579744 0.336510 0.012381 0.012491
0 0.934227 0.227343 0.013220 0.013227
0 0.463703 0.038428 0.012816 0.013007
0 0.215278 0.401723 0.011652 0.011701
0 0.466940 0.992513 0.011715 0.011479
0 0.708319 0.070505 0.013992 0.014042
0 0.789107 0.366605 0.013791 0.013508
0 0.332416 0.210941 0.012493 0.012243
0 0.971422 0.840679 0.012368 0.012172
0 0.608474 0.184791 0.011724 0.011664
0 0.759125 0.069349 0.012260 0.012108
0 0.704232 0.693506 0.010462 0.010622
0 0.057546 0.235567 0.011251 0.011090
0 0.271325 0.277232 0.012391 0.012227
0 0.133634 0.497392 0.010991 0.011028
0 0.677186 0.384995 0.012150 0.012111
0 0.805072 0.008673 0.012947 0.012790
0 0.120319 0.429467 0.012139 0.012062
0 0.103060 0.416657 0.012838 0.013173
0 0.652650 0.528091 0.012728 0.012734
0 0.227892 0.664235 0.011019 0.010688
0 0.006776 0.300015 0.011595 0.012482
0 0.700055 0.370579 0.011883 0.012052
0 0.108478 0.981116 0.013411 0.013601
0 0.455276 0.829013 0.011885 0.011810
0 0.526056 0.347317 0.013124 0.012980
0 0.613116 0.248312 0.012618 0.012308
0 0.848914 0.710973 0.023765 0.024043
0 0.912345 0.023417 0.013820 0.013774
0 0.587757 0.686779 0.011028 0.011033
0 0.183756 0.109331 0.012001 0.012006
0 0.383834 0.746748 0.012503 0.012030
0 0.157033 0.244198 0.012421 0.012114
0 0.583370 0.017089 0.013101 0.012969
0 0.437481 0.590495 0.010443 0.010519
0 0.305826 0.107996 0.011774 0.011640
0 0.776644 0.005892 0.014853 0.011639
0 0.056585 0.018403 0.013052 0.013015
0 0.571440 0.005302 0.016442 0.010605
0 0.243555 0.201976 0.010049 0.010359
0 0.990813 0.121267 0.013116 0.013101
0 0.002114 0.843255 0.004174 0.013933
0 0.666863 0.044447 0.014621 0.014035
0 0.921328 0.140856 0.018572 0.019039
0 0.400294 0.571351 0.011220 0.011090
