0 0.925015 0.667090 0.017684 0.017811
0 0.838975 0.926999 0.014278 0.014413
0 0.261821 0.837030 0.014198 0.014191
0 0.472091 0.981582 0.016866 0.016874
0 0.435326 0.691036 0.014722 0.014773
0 0.196447 0.364101 0.014187 0.014311
0 0.631812 0.941319 0.014236 0.014463
0 0.285069 0.517222 0.014040 0.013841
0 0.102969 0.540434 0.014309 0.014391
0 0.387879 0.066559 0.014682 0.014685
0 0.400140 0.800810 0.014202 0.014155
0 0.351197 0.614332 0.013898 0.014165
0 0.403487 0.131856 0.014206 0.014167
0 0.525883 0.239275 0.014046 0.014130
0 0.550253 0.433957 0.014293 0.014183
0 0.680127 0.540051 0.014575 0.014560
0 0.289853 0.158010 0.014519 0.014478
0 0.733210 0.848645 0.014035 0.014187
0 0.224725 0.096654 0.016176 0.016091
0 0.323324 0.776434 0.014004 0.014040
0 0.303320 0.819466 0.014293 0.014465
0 0.131762 0.311980 0.013648 0.013723
0 0.766334 0.663717 0.013678 0.013735
0 0.725009 0.390004 0.015442 0.015182
0 0.475689 0.630086 0.014121 0.014284
0 0.057996 0.809647 0.014330 0.014107
0 0.060142 0.097307 0.015499 0.015210
0 0.650878 0.217864 0.014286 0.014415
0 0.184022 0.741572 0.014239 0.014059
0 0.546632 0.554618 0.014318 0.014565
0 0.892467 0.939560 0.014783 0.014871
0 0.228576 0.531922 0.014912 0.014828
0 0.467466 0.558269 0.013962 0.014126
0 0.219194 0.016738 0.014407 0.014273
0 0.906954 0.704975 0.014928 0.014902
0 0.334860 0.339444 0.013749 0.013719
0 0.725299 0.308416 0.013871 0.014144
0 0.847376 0.432056 0.013670 0.013665
0 0.119198 0.862678 0.013720 0.013943
0 0.842721 0.358088 0.015172 0.015086
0 0.648980 0.254901 0.014189 0.014351
0 0.066229 0.376278 0.014589 0.014520
0 0.214295 0.223549 0.014351 0.014321
0 0.054134 0.262528 0.017536 0.017805
0 0.092546 0.874643 0.013950 0.013921
0 0.634812 0.919793 0.014087 0.014270
0 0.245114 0.419725 0.015606 0.015821
0 0.170439 0.955402 0.014245 0.014120
0 0.275568 0.739042 0.013488 0.013398
0 0.421734 0.406153 0.014503 0.014442
0 0.754854 0.500535 0.012889 0.013005
0 0.635504 0.521576 0.014112 0.014064
0 0.131828 0.403727 0.014777 0.014743
0 0.641869 0.676432 0.014892 0.014656
0 0.120766 0.133786 0.013436 0.013534
0 0.817594 0.044241 0.014291 0.014402
0 0.193020 0.076053 0.014415 0.014250
0 0.118805 0.011293 0.014227 0.014107
0 0.227910 0.505902 0.014867 0.014745
0 0.815396 0.171763 0.013697 0.013766
0 0.421810 0.918419 0.016945 0.016859
0 0.859984 0.216124 0.014663 0.014488
0 0.472516 0.832917 0.017750 0.017897
0 0.712919 0.161821 0.015514 0.015326
0 0.346360 0.298348 0.023296 0.022998
0 0.202771 0.623646 0.014517 0.014441
0 0.910122 0.988032 0.017159 0.016963
0 0.804979 0.220524 0.013542 0.013361
0 0.057173 0.630111 0.013557 0.013794
0 0.761335 0.943562 0.015218 0.014951
0 0.647650 0.142389 0.014333 0.014173
0 0.473935 0.311987 0.013092 0.012909
0 0.761457 0.042764 0.014015 0.014043
0 0.507228 0.708129 0.014518 0.014069
0 0.950042 0.943845 0.014368 0.014235
0 0.041379 0.054753 0.016042 0.015738
0 0.971069 0.087032 0.014837 0.015185
0 0.769984 0.455712 0.014823 0.015023
0 0.668077 0.006124 0.015307 0.012248
0 0.983207 0.153687 0.014045 0.014125
0 0.483509 0.261762 0.014685 0.014715
0 0.450174 0.426363 0.014149 0.014191
0 0.005340 0.844498 0.010570 0.015338
0 0.699574 0.953333 0.014673 0.014572
0 0.283642 0.433152 0.013891 0.013846
0 0.292106 0.570841 0.015261 0.015362
0 0.005530 0.126593 0.010976 0.016125
0 0.943259 0.171939 0.013527 0.013401
0 0.655851 0.481736 0.014708 0.014979
0 0.320259 0.304426 0.014013 0.013937
0 0.072984 0.247900 0.014882 0.014777
0 0.868956 0.159227 0.014740 0.014379
0 0.817578 0.289467 0.014795 0.015120
0 0.700711 0.060821 0.014155 0.014374
0 0.832379 0.662339 0.013649 0.013816
0 0.021266 0.345721 0.013479 0.013822
0 0.443539 0.181791 0.015050 0.014922
0 0.845550 0.086477 0.013510 0.013602
0 0.738690 0.617686 0.015451 0.016059
0 0.260747 0.638252 0.014902 0.014896
0 0.834357 0.579584 0.016654 0.016365
0 0.010779 0.159348 0.013392 0.013210
0 0.731036 0.220598 0.015042 0.014949
0 0.320247 0.380235 0.014406 0.014354
0 0.010808 0.924298 0.014224 0.014459
0 0.251144 0.498347 0.014088 0.013922
0 0.738757 0.198005 0.014103 0.014093
0 0.458260 0.302647 0.016759 0.016673
0 0.290683 0.360915 0.015030 0.015006
0 0.131642 0.203602 0.016421 0.016498
0 0.858401 0.624752 0.014481 0.014495
0 0.615839 0.137123 0.016742 0.016639
0 0.921036 0.145875 0.020028 0.019571
0 0.253232 0.229126 0.015906 0.015851
0 0.585775 0.097218 0.014151 0.014217
0 0.845823 0.721526 0.021796 0.021176
0 0.375779 0.228073 0.020454 0.020355
0 0.531953 0.638441 0.023671 0.023492
0 0.989591 0.079885 0.013176 0.012973
0 0.335760 0.384870 0.011698 0.012054
0 0.689375 0.599675 0.018153 0.018247
0 0.791849 0.558184 0.016454 0.015977
0 0.368605 0.312761 0.014634 0.014623
0 0.242829 0.253261 0.014124 0.014169
0 0.396715 0.300921 0.014736 0.014731
0 0.968758 0.498216 0.015619 0.016214
0 0.888607 0.367491 0.015622 0.015607
0 0.898975 0.596449 0.015442 0.015358
0 0.701585 0.822210 0.021510 0.020721
0 0.986490 0.506197 0.016682 0.016167
0 0.065083 0.148956 0.014783 0.014256
0 0.377947 0.331235 0.015717 0.015685
0 0.669779 0.190608 0.019249 0.019104
0 0.887567 0.258415 0.016797 0.016559
0 0.586766 0.264139 0.015445 0.015328
0 0.748674 0.534280 0.015264 0.015074
0 0.472979 0.288349 0.014757 0.014734
0 0.119481 0.921721 0.014702 0.014428
0 0.523093 0.017459 0.018949 0.018849
0 0.517222 0.434708 0.014724 0.014663
0 0.998372 0.322744 0.003256 0.015970
0 0.543078 0.388628 0.011584 0.011741
0 0.634018 0.086430 0.021016 0.020448
