0 0.756668 0.070392 0.013445 0.013553
0 0.192864 0.146144 0.013239 0.013251
0 0.310081 0.583454 0.012808 0.012569
0 0.345126 0.479748 0.011617 0.011447
0 0.749025 0.617377 0.013094 0.013012
0 0.915221 0.046035 0.012898 0.012869
0 0.390214 0.490322 0.012837 0.012795
0 0.525165 0.347876 0.013610 0.013517
0 0.456500 0.448717 0.011846 0.011895
0 0.911143 0.439951 0.013805 0.013783
0 0.641581 0.588969 0.012984 0.012880
0 0.949312 0.942659 0.012496 0.012262
0 0.797004 0.590996 0.013136 0.012897
0 0.715411 0.956270 0.013513 0.013524
0 0.076572 0.798970 0.013337 0.013302
0 0.542677 0.054922 0.011936 0.011763
0 0.144513 0.302344 0.011383 0.011382
0 0.828945 0.909400 0.013857 0.013590
0 0.675044 0.540180 0.012829 0.012605
0 0.479473 0.828239 0.013404 0.013290
0 0.362534 0.331431 0.013068 0.013019
0 0.480130 0.026826 0.011725 0.011640
0 0.661074 0.331001 0.013727 0.013629
0 0.667456 0.960228 0.013187 0.012959
0 0.926933 0.081180 0.013275 0.013413
0 0.566373 0.232827 0.014372 0.014401
0 0.502600 0.457770 0.012399 0.012227
0 0.515382 0.530683 0.010770 0.010617
0 0.560619 0.472604 0.011618 0.011493
0 0.746265 0.164954 0.011315 0.011297
0 0.156504 0.266055 0.013156 0.013059
0 0.525204 0.929388 0.013613 0.013658
0 0.765980 0.210856 0.012617 0.012622
0 0.590417 0.432155 0.013921 0.013914
0 0.222395 0.221478 0.013352 0.013434
0 0.352726 0.527240 0.012696 0.012502
0 0.212021 0.484206 0.012333 0.012361
0 0.461508 0.958743 0.012918 0.012861
0 0.426369 0.642346 0.014028 0.013985
0 0.822598 0.041660 0.013715 0.013679
0 0.567593 0.078688 0.013555 0.013474
0 0.024422 0.154107 0.011057 0.011282
0 0.185980 0.889813 0.013369 0.013383
0 0.542857 0.725649 0.014517 0.014418
0 0.423613 0.887600 0.012819 0.012806
0 0.521652 0.230448 0.011932 0.011816
0 0.544921 0.972809 0.013654 0.013482
0 0.043121 0.368868 0.012013 0.012073
0 0.943979 0.690143 0.011938 0.012322
0 0.812104 0.063947 0.012817 0.012870
0 0.396468 0.671904 0.012463 0.012498
0 0.091233 0.961958 0.012395 0.012355
0 0.490320 0.254553 0.013090 0.013163
0 0.058106 0.063258 0.012389 0.012189
0 0.314241 0.637523 0.012683 0.012790
0 0.979719 0.260829 0.012378 0.012268
0 0.884223 0.383976 0.011616 0.011755
0 0.331289 0.517865 0.011987 0.011931
0 0.526079 0.726069 0.009580 0.009540
0 0.431760 0.072609 0.012813 0.012871
0 0.428171 0.777322 0.013147 0.013178
0 0.047274 0.913873 0.012284 0.012322
0 0.564662 0.141579 0.011782 0.011763
0 0.816911 0.841121 0.012107 0.011879
0 0.152832 0.901524 0.012519 0.012702
0 0.431703 0.304688 0.012452 0.012564
0 0.225301 0.649367 0.012782 0.012381
0 0.870074 0.476602 0.010792 0.010633
0 0.148080 0.695643 0.013546 0.013570
0 0.567512 0.983282 0.012599 0.012502
0 0.109381 0.980709 0.013451 0.013294
0 0.240777 0.594527 0.011848 0.011767
0 0.653024 0.163073 0.012324 0.012473
0 0.475650 0.704613 0.012012 0.012159
0 0.781310 0.727460 0.014460 0.014436
0 0.117803 0.715319 0.013147 0.013242
0 0.091904 0.653056 0.012197 0.012306
0 0.687330 0.159608 0.013194 0.013058
0 0.925503 0.769589 0.012352 0.011958
0 0.423559 0.040154 0.012318 0.012314
0 0.214178 0.363432 0.011487 0.011757
0 0.017732 0.370125 0.014119 0.014199
0 0.662777 0.025533 0.012987 0.013009
0 0.422647 0.554853 0.012744 0.012531
0 0.114030 0.607112 0.014025 0.013702
0 0.634281 0.097484 0.012613 0.011798
0 0.394683 0.229106 0.012250 0.012175
0 0.599321 0.522815 0.011399 0.011592
0 0.722650 0.317177 0.011180 0.011285
0 0.997563 0.685780 0.004754 0.011152
0 0.372558 0.807858 0.010985 0.010806
0 0.060210 0.523374 0.011821 0.011741
0 0.789008 0.005060 0.012357 0.010103
0 0.455443 0.216893 0.014574 0.013305
0 0.305673 0.901777 0.011942 0.011805
0 0.842701 0.348721 0.011626 0.011499
0 0.936763 0.388189 0.010359 0.010181
0 0.218922 0.573537 0.012226 0.012263
0 0.496197 0.542311 0.014241 0.014216
0 0.998296 0.465822 0.003362 0.012071
0 0.575614 0.281692 0.009009 0.009061
0 0.530305 0.635602 0.023359 0.023933
0 0.008050 0.621828 0.013351 0.013303
0 0.477987 0.884247 0.011079 0.010962
0 0.298011 0.856059 0.010293 0.010174
0 0.974803 0.480047 0.012274 0.013027
