0 0.420598 0.327565 0.012791 0.012602
0 0.934061 0.282050 0.012498 0.012431
0 0.748918 0.616088 0.013071 0.012925
0 0.684311 0.515893 0.013468 0.013237
0 0.545588 0.298924 0.012566 0.012667
0 0.496744 0.371946 0.012830 0.012443
0 0.223688 0.334476 0.012200 0.012189
0 0.137325 0.262974 0.011006 0.010779
0 0.645158 0.891601 0.012097 0.012018
0 0.611470 0.890030 0.011701 0.011527
0 0.300868 0.577697 0.013186 0.013154
0 0.382723 0.200888 0.012752 0.012698
0 0.506529 0.305636 0.012246 0.012215
0 0.668123 0.409534 0.012920 0.012624
0 0.468957 0.318570 0.011808 0.011821
0 0.698638 0.072128 0.011654 0.011806
0 0.143653 0.296145 0.012617 0.012674
0 0.462027 0.958727 0.013326 0.013220
0 0.417520 0.422462 0.012824 0.012691
0 0.751170 0.529104 0.013611 0.013637
0 0.824877 0.221574 0.011987 0.012147
0 0.327980 0.022105 0.012642 0.012620
0 0.181506 0.344775 0.012117 0.012026
0 0.578205 0.302178 0.012487 0.012208
0 0.776253 0.512689 0.013612 0.013611
0 0.281394 0.473819 0.013340 0.013331
0 0.440685 0.174715 0.013266 0.013198
0 0.223178 0.467073 0.012934 0.012707
0 0.231896 0.537115 0.012560 0.012421
0 0.523492 0.347104 0.013328 0.013128
0 0.972893 0.925446 0.011974 0.011953
0 0.941777 0.019155 0.010827 0.010875
0 0.637813 0.857558 0.013155 0.013173
0 0.282710 0.933082 0.013161 0.013284
0 0.170940 0.523905 0.012764 0.012760
0 0.187472 0.889678 0.012867 0.012807
0 0.053381 0.416669 0.012047 0.012071
0 0.086993 0.506669 0.012909 0.012840
0 0.725219 0.162177 0.012481 0.012614
0 0.478674 0.592966 0.011252 0.011163
0 0.751313 0.792522 0.011911 0.011820
0 0.169033 0.753882 0.011646 0.011570
0 0.179708 0.431902 0.013917 0.014267
0 0.601113 0.247744 0.011461 0.011415
0 0.594597 0.745522 0.011589 0.011370
0 0.899438 0.822419 0.010531 0.010703
0 0.332333 0.176008 0.012259 0.012394
0 0.341254 0.222975 0.013227 0.013121
0 0.811236 0.142957 0.012601 0.012486
0 0.110017 0.978840 0.013677 0.013665
0 0.085416 0.853028 0.011925 0.011742
0 0.654166 0.502676 0.011601 0.011465
0 0.226314 0.649661 0.012476 0.012324
0 0.820742 0.048784 0.012451 0.012467
0 0.344796 0.296802 0.022729 0.022565
0 0.848945 0.025634 0.011003 0.011090
0 0.169436 0.458074 0.011146 0.011483
0 0.627837 0.115095 0.011991 0.012048
0 0.198700 0.134147 0.013094 0.013108
0 0.363755 0.371379 0.011753 0.011460
0 0.238738 0.028683 0.011434 0.011535
0 0.543867 0.972573 0.012231 0.012041
0 0.847748 0.717758 0.021210 0.020954
0 0.536783 0.578208 0.010229 0.010145
0 0.058285 0.388236 0.012700 0.012623
0 0.886924 0.784549 0.011794 0.011787
0 0.422129 0.800888 0.014227 0.014475
0 0.629865 0.803603 0.011235 0.011284
0 0.448705 0.212297 0.016107 0.016047
0 0.346440 0.098960 0.012827 0.012971
0 0.845622 0.196101 0.010169 0.010423
0 0.371921 0.678693 0.011740 0.011744
0 0.529735 0.636499 0.023200 0.023575
0 0.269101 0.002017 0.011438 0.004022
0 0.651652 0.629889 0.010739 0.010708
0 0.672900 0.238369 0.011466 0.011518
0 0.330516 0.517568 0.011258 0.011230
0 0.536184 0.738349 0.012228 0.011924
0 0.961840 0.377839 0.010387 0.010412
0 0.260756 0.730475 0.011786 0.012063
0 0.465324 0.690550 0.009767 0.009813
0 0.376693 0.227712 0.017395 0.017400
0 0.592017 0.432668 0.010410 0.010427
0 0.054667 0.605235 0.011680 0.011522
0 0.200294 0.463735 0.013163 0.012970
0 0.988376 0.660533 0.013346 0.012997
0 0.787496 0.004279 0.012376 0.008523
0 0.485136 0.074219 0.011956 0.011838
0 0.783824 0.730403 0.021832 0.021625
0 0.773168 0.004117 0.011709 0.008234
0 0.699998 0.821056 0.021259 0.021064
