0 0.404308 0.178921 0.013920 0.013698
0 0.464042 0.091974 0.013837 0.013662
0 0.778231 0.587431 0.013150 0.013203
0 0.524810 0.347005 0.013409 0.013158
0 0.906972 0.469965 0.013600 0.013807
0 0.942196 0.413430 0.013480 0.013304
0 0.749230 0.616619 0.013010 0.012906
0 0.351727 0.130307 0.013140 0.013092
0 0.466160 0.451193 0.013078 0.012998
0 0.140948 0.292304 0.013385 0.013243
0 0.539083 0.858439 0.013097 0.012921
0 0.459506 0.957549 0.013407 0.013410
0 0.210599 0.387575 0.012448 0.012360
0 0.192004 0.243487 0.012420 0.012550
0 0.543353 0.972470 0.013703 0.013390
0 0.675619 0.371545 0.011384 0.011461
0 0.253807 0.440914 0.011805 0.011703
0 0.183427 0.202515 0.013444 0.013446
0 0.235252 0.371436 0.013125 0.013083
0 0.437174 0.419144 0.012797 0.012711
0 0.335636 0.408121 0.010831 0.010502
0 0.236621 0.478479 0.014019 0.014019
0 0.294028 0.079120 0.013250 0.013180
0 0.710878 0.498888 0.011809 0.011521
0 0.171335 0.343470 0.013119 0.012764
0 0.511347 0.235785 0.012040 0.012127
0 0.039090 0.400570 0.011367 0.011235
0 0.142712 0.595440 0.013677 0.013571
0 0.670071 0.422811 0.011819 0.012180
0 0.298699 0.572736 0.011536 0.011341
0 0.407715 0.958743 0.012730 0.012833
0 0.735718 0.422019 0.010194 0.010230
0 0.157313 0.445553 0.012149 0.012159
0 0.786984 0.334852 0.010982 0.010790
0 0.216741 0.251219 0.011691 0.011728
0 0.675898 0.022522 0.011515 0.011608
0 0.222051 0.466637 0.013803 0.013662
0 0.765193 0.811056 0.013082 0.012905
0 0.020658 0.542162 0.012094 0.012441
0 0.156797 0.488390 0.013115 0.013179
0 0.976407 0.524738 0.012334 0.012456
0 0.109876 0.979900 0.013605 0.013791
0 0.332109 0.517252 0.010879 0.010868
0 0.225044 0.650466 0.012320 0.012008
0 0.187262 0.890088 0.012803 0.012908
0 0.174365 0.753010 0.012523 0.012060
0 0.345090 0.295960 0.022809 0.022944
0 0.296647 0.494612 0.011849 0.011777
0 0.858562 0.837362 0.010549 0.010336
0 0.559992 0.575420 0.012426 0.012808
0 0.043576 0.226152 0.011533 0.011591
0 0.513870 0.561014 0.010666 0.010655
0 0.864027 0.741655 0.012413 0.012344
0 0.878743 0.096674 0.011933 0.011866
0 0.639566 0.293888 0.012326 0.012415
0 0.696026 0.822442 0.015183 0.014957
0 0.578031 0.645725 0.011972 0.012036
0 0.084430 0.575467 0.010654 0.010529
0 0.960826 0.225553 0.012734 0.012524
0 0.462688 0.495110 0.012352 0.012567
0 0.006502 0.697065 0.012416 0.012120
0 0.443703 0.783323 0.011490 0.011625
0 0.530593 0.637131 0.022771 0.023204
0 0.152574 0.739973 0.013750 0.013869
0 0.373131 0.273716 0.012060 0.012218
0 0.392373 0.722789 0.012146 0.012004
0 0.235357 0.804053 0.012595 0.012628
0 0.037615 0.744472 0.013089 0.013253
0 0.787717 0.004316 0.012430 0.008632
0 0.564946 0.238034 0.012643 0.012256
0 0.920037 0.145076 0.018405 0.018362
0 0.555980 0.943969 0.013877 0.013337
0 0.648041 0.046766 0.012155 0.012084
0 0.847993 0.718374 0.018871 0.018557
0 0.583882 0.370264 0.011208 0.010883
0 0.591604 0.279873 0.011792 0.011895
0 0.974586 0.145408 0.011259 0.010943
0 0.012402 0.282629 0.010581 0.010688
0 0.229749 0.671653 0.011436 0.011948
0 0.666760 0.337746 0.010049 0.010319
0 0.145300 0.794884 0.012698 0.012310
0 0.194525 0.849020 0.010648 0.010550
0 0.784714 0.729878 0.019296 0.019081
0 0.678130 0.326958 0.007936 0.007861
0 0.753211 0.773937 0.014035 0.013458
0 0.814583 0.388848 0.011420 0.011476
0 0.497144 0.541092 0.012943 0.012491
