0 0.281451 0.433679 0.014182 0.014083
0 0.530032 0.424142 0.014405 0.014358
0 0.128630 0.187267 0.013400 0.013466
0 0.473759 0.850798 0.019332 0.019412
0 0.089554 0.856354 0.015513 0.015664
0 0.379465 0.066624 0.014156 0.014036
0 0.170276 0.069552 0.014363 0.014633
0 0.336878 0.386484 0.014079 0.014178
0 0.261005 0.841407 0.014376 0.014141
0 0.121801 0.930009 0.017243 0.017138
0 0.398044 0.806344 0.014134 0.014115
0 0.112385 0.332217 0.014363 0.014378
0 0.923520 0.668841 0.018043 0.018067
0 0.200306 0.715281 0.013586 0.013454
0 0.846289 0.916545 0.014102 0.014187
0 0.213957 0.632701 0.013529 0.013508
0 0.122679 0.525783 0.013850 0.013718
0 0.222458 0.299397 0.014406 0.014519
0 0.877668 0.974955 0.014447 0.014500
0 0.211372 0.062938 0.013150 0.013175
0 0.121144 0.861774 0.013919 0.013929
0 0.249850 0.544508 0.014585 0.014405
0 0.723653 0.402154 0.014282 0.014158
0 0.680021 0.523365 0.016459 0.016264
0 0.550024 0.393006 0.015341 0.015482
0 0.305111 0.822899 0.014996 0.015036
0 0.385389 0.174132 0.013357 0.013364
0 0.397634 0.299068 0.013918 0.013896
0 0.331570 0.752968 0.014280 0.014165
0 0.055930 0.099366 0.014896 0.014822
0 0.211563 0.007700 0.015641 0.015096
0 0.615340 0.876570 0.014647 0.014811
0 0.608483 0.543088 0.014734 0.014717
0 0.250569 0.726229 0.013388 0.013347
0 0.250808 0.503032 0.014308 0.014231
0 0.470907 0.628953 0.013779 0.013673
0 0.954917 0.946462 0.014558 0.014401
0 0.074553 0.145178 0.015317 0.015279
0 0.655385 0.584449 0.014758 0.014498
0 0.769528 0.678193 0.013607 0.013494
0 0.017185 0.361149 0.014187 0.014058
0 0.895201 0.709102 0.014231 0.014133
0 0.873556 0.167495 0.014078 0.013904
0 0.714758 0.223507 0.013937 0.013846
0 0.740111 0.330650 0.013701 0.013829
0 0.405406 0.338852 0.014423 0.014388
0 0.634510 0.955873 0.014578 0.014537
0 0.158357 0.409662 0.014655 0.014608
0 0.238284 0.403603 0.014227 0.014008
0 0.198396 0.931839 0.014475 0.014287
0 0.033782 0.060934 0.014820 0.014688
0 0.457570 0.691487 0.014487 0.014901
0 0.773287 0.852700 0.014336 0.014452
0 0.776759 0.455862 0.014500 0.014588
0 0.823436 0.102422 0.013882 0.014076
0 0.634874 0.143842 0.014696 0.014782
0 0.416702 0.920234 0.015786 0.015599
0 0.187028 0.363910 0.014459 0.014437
0 0.672791 0.086081 0.014992 0.014567
0 0.452839 0.992814 0.017617 0.014372
0 0.324605 0.330345 0.014017 0.014227
0 0.080976 0.282088 0.014815 0.014732
0 0.345992 0.297932 0.023228 0.022916
0 0.216175 0.521094 0.013732 0.013848
0 0.895685 0.393150 0.013985 0.013942
0 0.809702 0.254334 0.013802 0.013756
0 0.313323 0.208162 0.015023 0.014931
0 0.809289 0.050503 0.014141 0.014164
0 0.554908 0.571679 0.014332 0.014062
0 0.533349 0.709614 0.014932 0.015144
0 0.886860 0.949245 0.014450 0.014497
0 0.349952 0.613139 0.014113 0.014503
0 0.409452 0.766887 0.013317 0.013217
0 0.972036 0.170134 0.013120 0.013049
0 0.912169 0.987073 0.015716 0.015943
0 0.928761 0.171532 0.014726 0.014801
0 0.607483 0.140617 0.016102 0.016042
0 0.779197 0.977520 0.014899 0.014892
0 0.830863 0.016940 0.015298 0.015476
0 0.057728 0.823452 0.013604 0.013581
0 0.263144 0.609296 0.014485 0.014325
0 0.799255 0.197428 0.013858 0.013764
0 0.802518 0.215101 0.014891 0.015062
0 0.050763 0.280237 0.015551 0.015578
0 0.420068 0.190127 0.014778 0.014696
0 0.871795 0.220578 0.014404 0.014478
0 0.922519 0.146088 0.020023 0.019468
0 0.696961 0.183415 0.014988 0.014694
0 0.478990 0.275424 0.014376 0.014352
0 0.302792 0.305492 0.014992 0.015376
0 0.644981 0.170820 0.014220 0.014224
0 0.502799 0.523515 0.013301 0.013162
0 0.628002 0.195406 0.014405 0.014297
0 0.637409 0.234716 0.014172 0.014114
0 0.813783 0.669552 0.013528 0.013493
0 0.847845 0.719589 0.023050 0.022759
0 0.307387 0.385886 0.014817 0.014597
0 0.777979 0.067372 0.013836 0.013770
0 0.062959 0.173790 0.015263 0.015129
0 0.994311 0.917917 0.011378 0.015959
0 0.700571 0.056205 0.014361 0.014645
0 0.842926 0.328818 0.016435 0.016595
0 0.569969 0.218855 0.014144 0.014299
0 0.441624 0.417079 0.014086 0.013964
0 0.056883 0.319820 0.014190 0.014029
0 0.771131 0.234201 0.014679 0.014819
0 0.005537 0.796673 0.010969 0.013135
0 0.991498 0.089768 0.014870 0.014354
0 0.821321 0.704298 0.014542 0.014625
0 0.964485 0.317444 0.015580 0.015452
0 0.262641 0.003719 0.014915 0.007438
0 0.417095 0.005497 0.011942 0.010887
0 0.995851 0.480547 0.008298 0.015211
0 0.187040 0.251995 0.015171 0.015478
0 0.857415 0.625588 0.014848 0.014845
0 0.829057 0.368099 0.014760 0.014864
0 0.523579 0.018319 0.018228 0.017734
0 0.473767 0.324268 0.013357 0.013259
0 0.003634 0.412758 0.007216 0.015877
0 0.608273 0.668648 0.015041 0.014731
0 0.805554 0.728035 0.016764 0.016340
0 0.313506 0.983072 0.015181 0.015247
0 0.216640 0.669780 0.014789 0.014782
0 0.009718 0.137096 0.013587 0.013362
0 0.088234 0.927278 0.013976 0.013983
0 0.986420 0.506383 0.016435 0.016188
0 0.659844 0.009221 0.015294 0.014931
0 0.938452 0.331194 0.014629 0.015033
0 0.010874 0.930553 0.014288 0.014657
0 0.976784 0.095106 0.012527 0.012040
0 0.701998 0.822680 0.021594 0.021310
0 0.901694 0.593796 0.014538 0.014026
0 0.026283 0.632499 0.013951 0.014103
0 0.724666 0.995285 0.017283 0.009366
0 0.833917 0.580832 0.016687 0.016341
0 0.166039 0.153588 0.015082 0.014566
0 0.375967 0.227986 0.021088 0.021392
0 0.794094 0.559396 0.017115 0.016698
0 0.279687 0.364908 0.016460 0.016833
0 0.758868 0.498021 0.013238 0.013130
0 0.459023 0.317417 0.016969 0.016555
0 0.333954 0.572771 0.015883 0.015912
0 0.368955 0.337531 0.015353 0.015521
0 0.635217 0.086855 0.021414 0.021352
0 0.246708 0.252177 0.014798 0.014757
0 0.150428 0.149175 0.014190 0.014146
0 0.697010 0.892186 0.016010 0.015970
0 0.734363 0.618603 0.016409 0.016164
0 0.118671 0.011004 0.015341 0.015611
0 0.754475 0.542173 0.014259 0.014209
0 0.531719 0.638891 0.023339 0.023297
0 0.439874 0.417975 0.014407 0.013942
