0 0.833543 0.527671 0.013631 0.013509
0 0.827303 0.611427 0.013432 0.013406
0 0.953203 0.768446 0.013509 0.013541
0 0.645448 0.030085 0.013449 0.013430
0 0.748713 0.618634 0.013475 0.013319
0 0.055370 0.126463 0.011923 0.011849
0 0.321627 0.481297 0.012979 0.012943
0 0.114090 0.313387 0.012790 0.012816
0 0.126232 0.201720 0.013155 0.013105
0 0.711600 0.917446 0.013735 0.013904
0 0.031418 0.974573 0.012766 0.012633
0 0.108317 0.384117 0.012452 0.012453
0 0.613789 0.898352 0.012733 0.012735
0 0.463432 0.555643 0.010959 0.010858
0 0.708076 0.704427 0.012642 0.012639
0 0.509022 0.736488 0.013038 0.012907
0 0.561201 0.440429 0.012733 0.012660
0 0.638055 0.655275 0.012487 0.012404
0 0.513428 0.112539 0.012308 0.012344
0 0.848691 0.795437 0.013348 0.013337
0 0.142551 0.426209 0.013012 0.012837
0 0.258261 0.920703 0.012579 0.012777
0 0.186794 0.148694 0.011855 0.012007
0 0.532273 0.758299 0.013475 0.013563
0 0.457901 0.961714 0.012737 0.012593
0 0.657582 0.485493 0.013165 0.013088
0 0.499203 0.344318 0.012307 0.012142
0 0.043830 0.194404 0.013140 0.012875
0 0.495481 0.283035 0.012228 0.012197
0 0.315933 0.399721 0.012008 0.011891
0 0.239663 0.626553 0.013696 0.013566
0 0.716477 0.539563 0.013205 0.013157
0 0.250246 0.311848 0.012834 0.013207
0 0.525813 0.348965 0.012580 0.012438
0 0.273138 0.544867 0.012966 0.013002
0 0.743129 0.883671 0.012135 0.012051
0 0.566067 0.350490 0.014023 0.014019
0 0.108873 0.981065 0.013782 0.013685
0 0.764158 0.462897 0.012655 0.012452
0 0.222270 0.469781 0.013070 0.013130
0 0.564865 0.607185 0.013093 0.013033
0 0.669664 0.439292 0.013397 0.013273
0 0.212335 0.204977 0.013970 0.013752
0 0.531264 0.172299 0.012959 0.012490
0 0.398180 0.854152 0.012475 0.012481
0 0.991045 0.525041 0.014523 0.014343
0 0.331236 0.518993 0.012230 0.012098
0 0.223166 0.218399 0.011937 0.012329
0 0.213543 0.189307 0.013136 0.012954
0 0.933027 0.182561 0.012640 0.012573
0 0.246708 0.136067 0.011385 0.011253
0 0.376135 0.144801 0.013501 0.013450
0 0.804413 0.059521 0.013731 0.013718
0 0.289620 0.808241 0.013051 0.012960
0 0.540300 0.973833 0.011769 0.011621
0 0.848922 0.710919 0.022237 0.021846
0 0.553284 0.098371 0.013249 0.013234
0 0.363327 0.061773 0.012371 0.012227
0 0.185467 0.891701 0.012512 0.012560
0 0.128316 0.555785 0.012677 0.013130
0 0.265434 0.212860 0.011765 0.011773
0 0.420659 0.626466 0.014076 0.014350
0 0.920201 0.264721 0.011774 0.011765
0 0.637714 0.073743 0.013042 0.013583
0 0.264813 0.117426 0.012428 0.012444
0 0.157037 0.809416 0.011938 0.011769
0 0.343402 0.811849 0.013374 0.013405
0 0.410320 0.080451 0.011740 0.011878
0 0.891679 0.292928 0.012067 0.012353
0 0.542162 0.859032 0.012701 0.012776
0 0.263766 0.998080 0.011566 0.003785
0 0.401328 0.495921 0.012155 0.012437
0 0.346040 0.290374 0.024629 0.024482
0 0.404015 0.877100 0.011330 0.011487
0 0.865760 0.956008 0.011171 0.011048
0 0.441640 0.058521 0.012036 0.012012
0 0.254579 0.223038 0.012294 0.011887
0 0.685949 0.743465 0.013022 0.012987
0 0.788568 0.005486 0.013161 0.010757
0 0.225170 0.651919 0.013021 0.012662
0 0.034967 0.602185 0.011456 0.011504
0 0.602210 0.078994 0.013501 0.013472
0 0.494293 0.542435 0.013885 0.013493
0 0.221371 0.766358 0.010986 0.011180
0 0.837380 0.364280 0.012777 0.012862
0 0.497571 0.967398 0.011051 0.010899
0 0.002472 0.783581 0.004878 0.012775
0 0.019587 0.689161 0.011114 0.010887
0 0.200931 0.167424 0.013632 0.013177
0 0.702726 0.813915 0.023336 0.023439
0 0.850018 0.819628 0.012094 0.011920
0 0.023470 0.551881 0.010228 0.010280
