0 0.053997 0.728264 0.013248 0.012981
0 0.108690 0.161264 0.012301 0.012216
0 0.903337 0.454770 0.011957 0.011940
0 0.656659 0.498073 0.013160 0.013205
0 0.779593 0.037506 0.013756 0.013458
0 0.202768 0.095042 0.012234 0.011829
0 0.070977 0.144501 0.012565 0.012429
0 0.164286 0.305639 0.012672 0.012582
0 0.866868 0.429978 0.012224 0.012040
0 0.026499 0.466047 0.013169 0.013171
0 0.168845 0.784636 0.012306 0.012595
0 0.130989 0.694381 0.011808 0.012119
0 0.691928 0.685552 0.012738 0.012587
0 0.243262 0.748080 0.012924 0.012806
0 0.644290 0.572716 0.013471 0.013426
0 0.527990 0.202412 0.012858 0.012918
0 0.557585 0.106327 0.012297 0.012203
0 0.802236 0.326848 0.013073 0.012927
0 0.428820 0.838401 0.010964 0.010901
0 0.955933 0.509163 0.015734 0.015491
0 0.573640 0.577553 0.012156 0.012029
0 0.764391 0.023335 0.013551 0.013604
0 0.813529 0.454396 0.013208 0.013088
0 0.664557 0.434580 0.013115 0.013065
0 0.080114 0.350783 0.013241 0.013348
0 0.451841 0.166562 0.012769 0.012889
0 0.297485 0.263036 0.012952 0.012975
0 0.008890 0.183308 0.011280 0.011102
0 0.193116 0.719972 0.012227 0.012339
0 0.615984 0.012902 0.012205 0.012364
0 0.866509 0.629123 0.013088 0.013004
0 0.444897 0.864866 0.011322 0.011657
0 0.785999 0.384175 0.014112 0.014024
0 0.937209 0.374686 0.013829 0.013937
0 0.622192 0.599527 0.012655 0.012841
0 0.324822 0.325744 0.012724 0.012670
0 0.101295 0.668607 0.013734 0.013679
0 0.457679 0.060890 0.012137 0.012144
0 0.581973 0.293881 0.012979 0.012900
0 0.572661 0.055484 0.012520 0.012597
0 0.770368 0.579935 0.012656 0.012352
0 0.750736 0.069188 0.012887 0.012834
0 0.543100 0.329879 0.012970 0.012837
0 0.418188 0.246560 0.013203 0.013350
0 0.617359 0.674336 0.013364 0.013362
0 0.690689 0.458935 0.013444 0.013415
0 0.380474 0.863884 0.011216 0.011240
0 0.413258 0.290952 0.014400 0.014371
0 0.529678 0.902727 0.012607 0.012369
0 0.106053 0.576455 0.011483 0.011716
0 0.160221 0.520856 0.013244 0.013420
0 0.848243 0.453259 0.015169 0.015394
0 0.995571 0.451053 0.008821 0.013854
0 0.014742 0.401508 0.013484 0.013523
0 0.822683 0.651326 0.013569 0.013724
0 0.189310 0.855378 0.011931 0.012166
0 0.482525 0.958036 0.012758 0.012467
0 0.490559 0.715949 0.013044 0.013068
0 0.588932 0.429316 0.012154 0.012114
0 0.085684 0.840696 0.012505 0.012423
0 0.275861 0.539099 0.012593 0.012610
0 0.711800 0.322507 0.011637 0.011772
0 0.735189 0.620801 0.014008 0.014181
0 0.779544 0.523156 0.011789 0.011620
0 0.273199 0.675551 0.012498 0.012488
0 0.893686 0.830114 0.013086 0.013098
0 0.546187 0.470458 0.011629 0.011474
0 0.021882 0.791350 0.013334 0.013278
0 0.526915 0.428807 0.013624 0.013498
0 0.834556 0.490436 0.012438 0.012647
0 0.413900 0.482132 0.013092 0.013106
0 0.460004 0.535312 0.011084 0.010954
0 0.748059 0.643134 0.011938 0.012157
0 0.614907 0.900807 0.012120 0.012404
0 0.462973 0.519195 0.012043 0.012306
0 0.829536 0.596295 0.014689 0.014252
0 0.610961 0.824717 0.012659 0.012607
0 0.880819 0.880888 0.013157 0.013284
0 0.120780 0.625994 0.013689 0.013831
0 0.814938 0.727673 0.013215 0.013383
0 0.279655 0.436489 0.012286 0.012016
0 0.148545 0.228345 0.011791 0.011764
0 0.821722 0.516091 0.014630 0.014511
0 0.010486 0.383642 0.012896 0.012619
0 0.978369 0.339032 0.013560 0.013926
0 0.072982 0.975956 0.011560 0.011650
0 0.813700 0.974279 0.012550 0.012509
0 0.426196 0.164038 0.014197 0.014267
0 0.937366 0.559019 0.011956 0.011868
0 0.807360 0.747661 0.012400 0.012258
0 0.142015 0.111785 0.014258 0.013715
0 0.821878 0.752670 0.013989 0.014276
0 0.726947 0.857667 0.012226 0.012254
0 0.800064 0.554626 0.012725 0.012812
0 0.029530 0.863068 0.011418 0.010917
0 0.716359 0.382276 0.012409 0.012566
0 0.926914 0.802148 0.014445 0.014375
0 0.820090 0.772189 0.013219 0.013210
0 0.515920 0.970498 0.011477 0.011366
0 0.820537 0.624655 0.012770 0.013015
0 0.824131 0.517160 0.015227 0.014923
0 0.140738 0.113242 0.014268 0.013758
0 0.960377 0.052700 0.013464 0.013655
