0 0.580201 0.937372 0.018404 0.018252
0 0.805521 0.542101 0.014568 0.014439
0 0.830759 0.412471 0.015223 0.014924
0 0.611040 0.447675 0.014894 0.015034
0 0.449453 0.646450 0.013855 0.013905
0 0.738062 0.036690 0.016863 0.016705
0 0.150901 0.216752 0.015689 0.015847
0 0.402527 0.881306 0.014443 0.014454
0 0.416851 0.449647 0.015200 0.015240
0 0.915328 0.674239 0.014193 0.014310
0 0.453315 0.123637 0.014743 0.014583
0 0.287952 0.441321 0.014647 0.014594
0 0.488412 0.489067 0.014684 0.014705
0 0.962646 0.363645 0.014583 0.014554
0 0.434177 0.810035 0.014456 0.014315
0 0.516828 0.754469 0.013658 0.013382
0 0.411530 0.586093 0.014422 0.014374
0 0.731950 0.348699 0.015013 0.015099
0 0.114768 0.780495 0.014886 0.015117
0 0.341153 0.517853 0.015536 0.015415
0 0.857829 0.125551 0.013708 0.013729
0 0.615678 0.832595 0.014104 0.013977
0 0.927659 0.580131 0.014293 0.014271
0 0.227415 0.062344 0.013915 0.013788
0 0.142900 0.333334 0.014339 0.014296
0 0.863176 0.518163 0.015184 0.015199
0 0.678362 0.494551 0.014138 0.014156
0 0.095949 0.715317 0.014515 0.014559
0 0.745693 0.400823 0.015378 0.015565
0 0.515996 0.343234 0.015021 0.014804
0 0.571820 0.567981 0.014616 0.014748
0 0.431646 0.035792 0.013416 0.013362
0 0.422477 0.962293 0.013747 0.013792
0 0.161166 0.420631 0.015048 0.015123
0 0.645876 0.954745 0.013062 0.013192
0 0.191013 0.101572 0.014779 0.014859
0 0.154245 0.551399 0.014984 0.014744
0 0.323995 0.535108 0.014594 0.014490
0 0.741586 0.221458 0.014520 0.014422
0 0.017151 0.741916 0.014074 0.013904
0 0.139277 0.027640 0.015104 0.015327
0 0.765534 0.243613 0.015406 0.015236
0 0.330280 0.719889 0.013899 0.013642
0 0.432004 0.598417 0.015094 0.014888
0 0.753015 0.295426 0.014157 0.014037
0 0.281869 0.372210 0.015456 0.015343
0 0.265261 0.184052 0.014577 0.014376
0 0.520192 0.201005 0.014516 0.014193
0 0.880308 0.216538 0.014623 0.014583
0 0.731005 0.370460 0.016099 0.016041
0 0.031619 0.215094 0.014988 0.014830
0 0.849388 0.721631 0.022533 0.022479
0 0.803193 0.798026 0.014411 0.014205
0 0.190600 0.185894 0.014965 0.014694
0 0.389402 0.721492 0.015388 0.015355
0 0.578436 0.102277 0.014906 0.014907
0 0.613142 0.576876 0.015298 0.015383
0 0.313098 0.050253 0.014775 0.014767
0 0.675473 0.103733 0.014577 0.014553
0 0.573108 0.811979 0.015371 0.015392
0 0.058235 0.452172 0.014911 0.014921
0 0.311133 0.720410 0.014309 0.014328
0 0.063853 0.899194 0.014528 0.014232
0 0.359769 0.028126 0.013644 0.013897
0 0.456867 0.167821 0.018445 0.018166
0 0.838560 0.815009 0.014583 0.014697
0 0.966389 0.071649 0.014642 0.014493
0 0.868150 0.016977 0.013873 0.014096
0 0.027569 0.253893 0.014488 0.014615
0 0.016983 0.424637 0.014065 0.013995
0 0.945391 0.766922 0.014744 0.014544
0 0.533654 0.640515 0.022586 0.022194
0 0.519403 0.705757 0.015323 0.015481
0 0.348329 0.301293 0.022381 0.022369
0 0.033879 0.933089 0.013372 0.013371
0 0.309693 0.948475 0.014517 0.014450
0 0.506897 0.041978 0.014621 0.014947
0 0.921352 0.147210 0.020570 0.020268
0 0.951241 0.398638 0.014634 0.014813
0 0.006066 0.899959 0.012113 0.014258
0 0.355135 0.577747 0.014654 0.014526
0 0.096987 0.359740 0.017165 0.017137
0 0.625936 0.799797 0.014187 0.014289
0 0.851799 0.396715 0.015966 0.016181
0 0.568685 0.994496 0.014612 0.011007
0 0.706414 0.697547 0.014947 0.015049
0 0.855408 0.247325 0.014394 0.014136
0 0.720749 0.653386 0.018062 0.018017
0 0.963380 0.991726 0.015548 0.015290
0 0.377810 0.229435 0.019417 0.019830
0 0.727588 0.898663 0.015074 0.015170
0 0.671580 0.192181 0.020316 0.019956
0 0.123771 0.270520 0.014163 0.014398
0 0.940774 0.621592 0.014217 0.014212
0 0.068605 0.575636 0.018641 0.018547
0 0.902936 0.308991 0.013366 0.013383
0 0.703504 0.824384 0.021777 0.021769
0 0.396756 0.981158 0.016125 0.015855
0 0.938856 0.902434 0.015341 0.015588
0 0.560771 0.201602 0.015270 0.014956
0 0.552934 0.214257 0.014412 0.014150
0 0.074124 0.549782 0.014225 0.013886
0 0.068248 0.787420 0.013565 0.013569
0 0.131904 0.454954 0.013991 0.013739
0 0.715985 0.913693 0.014020 0.014069
0 0.166062 0.892957 0.017934 0.017548
0 0.146375 0.886697 0.016860 0.016289
0 0.908026 0.294176 0.014301 0.013684
0 0.997136 0.850643 0.005717 0.014673
0 0.885472 0.256841 0.016131 0.016220
0 0.636045 0.087627 0.022546 0.022570
0 0.525346 0.019213 0.017564 0.017659
0 0.101624 0.982492 0.014815 0.015742
0 0.843423 0.780165 0.015005 0.014955
0 0.563760 0.001960 0.014029 0.003910
0 0.525756 0.233390 0.014355 0.014467
0 0.718279 0.043472 0.014612 0.014425
0 0.084614 0.933047 0.014779 0.014543
0 0.788798 0.734837 0.021605 0.022117
0 0.879759 0.591722 0.023718 0.023584
0 0.904348 0.307608 0.013207 0.013359
0 0.045769 0.327664 0.019075 0.018607
0 0.070208 0.788576 0.014042 0.013786
