0 0.550467 0.373681 0.013329 0.013360
0 0.882165 0.758252 0.011821 0.011712
0 0.748627 0.618505 0.013205 0.013100
0 0.140155 0.462079 0.013247 0.013198
0 0.419446 0.627332 0.012547 0.012374
0 0.161798 0.130889 0.012933 0.012746
0 0.592124 0.496370 0.013708 0.013802
0 0.235259 0.233970 0.013244 0.013117
0 0.499802 0.608565 0.013153 0.013329
0 0.524760 0.349617 0.012936 0.012722
0 0.709851 0.679904 0.013127 0.013166
0 0.106678 0.413992 0.012335 0.012230
0 0.921338 0.772171 0.012930 0.012789
0 0.707472 0.975372 0.012805 0.012669
0 0.885048 0.494964 0.013304 0.013193
0 0.281122 0.032016 0.012828 0.012394
0 0.255664 0.219784 0.014093 0.014363
0 0.148157 0.300385 0.013683 0.013941
0 0.433604 0.347405 0.011471 0.011450
0 0.652842 0.868160 0.013229 0.013318
0 0.411852 0.761977 0.013432 0.013390
0 0.945819 0.560123 0.013386 0.013655
0 0.150257 0.172146 0.013154 0.013006
0 0.707790 0.625526 0.013021 0.013047
0 0.517965 0.090788 0.012674 0.012562
0 0.749829 0.912909 0.013349 0.013371
0 0.222761 0.470364 0.012500 0.012527
0 0.447381 0.121684 0.013451 0.013341
0 0.038343 0.688009 0.012224 0.012112
0 0.432869 0.482341 0.013303 0.013533
0 0.038072 0.959561 0.013198 0.012933
0 0.239243 0.550893 0.012537 0.012684
0 0.097453 0.344888 0.013399 0.013113
0 0.284135 0.807657 0.012766 0.012981
0 0.458242 0.962311 0.012870 0.012810
0 0.076332 0.192792 0.013626 0.013798
0 0.586546 0.624211 0.012078 0.011847
0 0.179110 0.611272 0.012852 0.012846
0 0.841301 0.767721 0.012430 0.012551
0 0.411479 0.320594 0.012372 0.012434
0 0.274222 0.772584 0.011599 0.011837
0 0.501313 0.183871 0.013731 0.013888
0 0.303352 0.215520 0.012664 0.012812
0 0.565647 0.694592 0.012928 0.012979
0 0.629443 0.698586 0.013316 0.013276
0 0.351155 0.092482 0.012337 0.012321
0 0.887569 0.201355 0.012743 0.012504
0 0.420558 0.366912 0.013903 0.013604
0 0.529135 0.481099 0.011952 0.011715
0 0.226991 0.264595 0.012928 0.013081
0 0.025541 0.827910 0.012741 0.012686
0 0.529781 0.041461 0.012659 0.012599
0 0.026800 0.572405 0.012574 0.012659
0 0.778207 0.079264 0.013048 0.013037
0 0.541285 0.973551 0.011978 0.011846
0 0.489888 0.829579 0.012564 0.012508
0 0.352605 0.533584 0.011987 0.011962
0 0.826156 0.622825 0.013552 0.013388
0 0.331788 0.518920 0.012412 0.012548
0 0.109418 0.980960 0.013361 0.013505
0 0.416561 0.841158 0.011765 0.011551
0 0.573447 0.007731 0.011662 0.011647
0 0.947584 0.219011 0.011752 0.011518
0 0.471104 0.121233 0.012062 0.012239
0 0.200565 0.724111 0.011295 0.011250
0 0.019547 0.128939 0.012009 0.011970
0 0.298288 0.671790 0.012231 0.012082
0 0.655187 0.045777 0.012407 0.012372
0 0.827091 0.663616 0.012183 0.012073
0 0.185090 0.388372 0.012958 0.013299
0 0.006277 0.743305 0.012102 0.012710
0 0.274927 0.141419 0.011649 0.011616
0 0.268750 0.272599 0.011525 0.011306
0 0.471174 0.993815 0.012830 0.012119
0 0.296461 0.390853 0.012119 0.011970
0 0.875220 0.997337 0.012555 0.005305
0 0.720532 0.788707 0.011042 0.010921
0 0.534425 0.626670 0.016778 0.016667
0 0.455106 0.003625 0.012515 0.007250
0 0.365581 0.054262 0.011505 0.011114
0 0.226398 0.652069 0.012575 0.012435
0 0.859359 0.293236 0.012660 0.012773
0 0.609793 0.014956 0.012327 0.012097
0 0.696561 0.049493 0.012160 0.012299
0 0.097210 0.935278 0.011311 0.011373
0 0.306947 0.782146 0.012073 0.012200
0 0.440920 0.060113 0.011939 0.011994
0 0.849675 0.710823 0.023389 0.024087
0 0.788772 0.005470 0.012411 0.010862
0 0.483380 0.893787 0.011477 0.011274
0 0.186264 0.892275 0.012661 0.012718
0 0.992457 0.699615 0.012334 0.012262
0 0.220285 0.042294 0.011498 0.011365
0 0.882785 0.360802 0.012975 0.012795
0 0.845197 0.041049 0.012140 0.012129
0 0.439546 0.831614 0.013490 0.013818
0 0.343922 0.303871 0.013543 0.012203
0 0.552992 0.068437 0.012990 0.012984
0 0.614784 0.268237 0.012554 0.012458
0 0.760912 0.296710 0.010910 0.010990
0 0.720532 0.598601 0.013001 0.012841
0 0.496291 0.544509 0.014915 0.014897
0 0.451404 0.573961 0.010764 0.010520
0 0.997431 0.965733 0.005111 0.012547
