0 0.242283 0.432256 0.012331 0.012270
0 0.748950 0.105169 0.012994 0.012899
0 0.298498 0.318776 0.013725 0.013503
0 0.148386 0.858224 0.012818 0.012623
0 0.729211 0.607875 0.013083 0.012972
0 0.193879 0.072701 0.011994 0.011852
0 0.366557 0.439467 0.012474 0.012623
0 0.371050 0.089895 0.013116 0.012762
0 0.508459 0.288439 0.012903 0.012710
0 0.734990 0.687971 0.011848 0.011731
0 0.831129 0.277264 0.011681 0.011698
0 0.473678 0.365522 0.012066 0.012070
0 0.676818 0.871060 0.014017 0.013854
0 0.155458 0.472134 0.012313 0.012232
0 0.940791 0.613372 0.014409 0.014417
0 0.140607 0.271354 0.012753 0.012768
0 0.624515 0.717106 0.012867 0.013005
0 0.851454 0.655291 0.011832 0.011541
0 0.742026 0.513258 0.013536 0.013504
0 0.229688 0.884875 0.012659 0.012522
0 0.225197 0.735270 0.013500 0.013157
0 0.522414 0.122534 0.013654 0.013639
0 0.945313 0.582103 0.012480 0.012374
0 0.965482 0.876685 0.012558 0.012672
0 0.720531 0.108163 0.013532 0.013527
0 0.799684 0.390433 0.013242 0.013186
0 0.939462 0.698427 0.013657 0.013571
0 0.307303 0.381107 0.012307 0.011971
0 0.090300 0.603608 0.012736 0.012627
0 0.310134 0.563595 0.012305 0.012190
0 0.850503 0.974498 0.012458 0.012480
0 0.775788 0.200800 0.012054 0.011921
0 0.117805 0.516919 0.013018 0.012929
0 0.765009 0.418943 0.012829 0.012859
0 0.421005 0.343843 0.013251 0.013307
0 0.208693 0.938729 0.010730 0.010636
0 0.446250 0.082401 0.013931 0.013791
0 0.382264 0.556591 0.013880 0.013655
0 0.792287 0.478594 0.012410 0.012387
0 0.451077 0.474638 0.012863 0.012857
0 0.269260 0.606627 0.011333 0.011332
0 0.529701 0.513006 0.012115 0.012234
0 0.511946 0.842714 0.012105 0.012059
0 0.070952 0.389641 0.013235 0.013129
0 0.909113 0.517854 0.014080 0.014012
0 0.349476 0.791230 0.012776 0.012806
0 0.210059 0.558559 0.012283 0.012257
0 0.321893 0.129637 0.012460 0.012431
0 0.261171 0.270285 0.012069 0.011934
0 0.154704 0.777817 0.012342 0.012208
0 0.111197 0.931249 0.011470 0.011312
0 0.830975 0.255863 0.013145 0.012960
0 0.552037 0.825339 0.012862 0.012849
0 0.480437 0.238048 0.012497 0.012641
0 0.400356 0.363448 0.012961 0.013091
0 0.785673 0.935287 0.013552 0.013342
0 0.336370 0.638752 0.011782 0.011920
0 0.563318 0.191011 0.013191 0.013107
0 0.089345 0.570436 0.012721 0.012733
0 0.289346 0.599514 0.012189 0.012310
0 0.407183 0.236782 0.014069 0.014296
0 0.287054 0.122866 0.014553 0.014604
0 0.610279 0.329438 0.017171 0.017061
0 0.588294 0.357132 0.012056 0.012066
0 0.915987 0.794716 0.012280 0.012147
0 0.639006 0.479180 0.011882 0.011868
0 0.655606 0.264113 0.012883 0.013146
0 0.834306 0.680746 0.013503 0.013556
0 0.182024 0.347612 0.012215 0.012257
0 0.398328 0.111233 0.014600 0.014294
0 0.258483 0.803110 0.012127 0.012244
0 0.622861 0.452990 0.014210 0.014286
0 0.152952 0.729548 0.013480 0.013276
0 0.339294 0.966427 0.012728 0.012683
0 0.255844 0.244875 0.012785 0.012698
0 0.295072 0.517785 0.012668 0.012779
0 0.871442 0.339733 0.012844 0.012758
0 0.870659 0.441821 0.011008 0.010895
0 0.944176 0.665546 0.011860 0.011881
0 0.871021 0.242173 0.013876 0.013809
0 0.764289 0.493204 0.013622 0.013573
0 0.491261 0.699381 0.012556 0.012492
0 0.820909 0.015223 0.012485 0.012594
0 0.120078 0.415407 0.011390 0.011015
0 0.534619 0.568429 0.014130 0.013991
0 0.509752 0.506645 0.014460 0.014560
0 0.686197 0.100820 0.012689 0.012786
0 0.230248 0.460256 0.012970 0.012842
0 0.964994 0.422526 0.012288 0.012397
0 0.864213 0.065765 0.013204 0.012999
0 0.176031 0.797375 0.013566 0.013404
0 0.105861 0.724941 0.013144 0.013015
0 0.291088 0.486016 0.012727 0.012580
0 0.955813 0.746744 0.012081 0.012326
0 0.501381 0.606208 0.011305 0.011109
0 0.195477 0.909789 0.012054 0.011965
0 0.977823 0.545499 0.014259 0.014484
0 0.912794 0.144695 0.013820 0.013626
0 0.524796 0.752870 0.013415 0.013257
0 0.152970 0.100597 0.011425 0.011160
0 0.249464 0.354582 0.011371 0.011450
0 0.004555 0.600581 0.009023 0.013270
0 0.567834 0.753481 0.012407 0.012390
0 0.509483 0.248907 0.012765 0.012566
0 0.806838 0.510388 0.014117 0.013937
0 0.456277 0.116850 0.011387 0.011272
0 0.283361 0.195411 0.011957 0.011996
0 0.472564 0.697162 0.010562 0.010738
0 0.962607 0.176882 0.011467 0.011598
0 0.114771 0.689658 0.013143 0.013328
0 0.243759 0.564089 0.011652 0.011488
0 0.977787 0.304675 0.011993 0.011919
0 0.531580 0.724240 0.013803 0.013291
0 0.318490 0.609392 0.013287 0.013397
0 0.045604 0.102405 0.014415 0.014679
0 0.389683 0.396153 0.014474 0.014697
0 0.387193 0.711541 0.012708 0.012670
0 0.192155 0.197947 0.012667 0.012635
0 0.869554 0.931683 0.011123 0.011193
0 0.874559 0.698662 0.012616 0.012342
0 0.070087 0.987591 0.013981 0.014082
0 0.963039 0.552617 0.011777 0.011442
0 0.562132 0.951325 0.013497 0.013155
0 0.169463 0.758181 0.012057 0.011967
0 0.600491 0.454754 0.012567 0.012729
0 0.306398 0.693750 0.012991 0.013034
0 0.412722 0.064697 0.012279 0.012034
0 0.837940 0.352557 0.011508 0.011780
0 0.788969 0.964880 0.012720 0.012704
0 0.112751 0.246963 0.014705 0.015066
0 0.771184 0.776326 0.010976 0.011000
0 0.026407 0.804377 0.013046 0.013197
0 0.564007 0.473028 0.014307 0.014254
0 0.881103 0.500627 0.014444 0.014333
0 0.991850 0.244010 0.011973 0.012350
0 0.663925 0.216747 0.012232 0.012192
0 0.087378 0.701958 0.015686 0.015627
0 0.060208 0.782036 0.011630 0.011823
0 0.807533 0.586821 0.013196 0.013015
0 0.661926 0.490367 0.014180 0.014016
0 0.029992 0.955245 0.014136 0.014101
0 0.567268 0.218489 0.013783 0.013748
0 0.690135 0.344904 0.012232 0.012452
0 0.334152 0.905987 0.013261 0.013092
0 0.545087 0.052242 0.019127 0.018853
0 0.515672 0.039955 0.013521 0.013641
0 0.153823 0.285914 0.012298 0.012257
0 0.592228 0.596091 0.011215 0.011325
0 0.448661 0.972871 0.013482 0.013019
0 0.142931 0.090331 0.012910 0.012910
0 0.964819 0.257039 0.010855 0.010963
0 0.758617 0.480236 0.013223 0.012961
0 0.550995 0.709135 0.012280 0.012282
0 0.221274 0.475595 0.013889 0.014035
0 0.169496 0.362597 0.015526 0.014644
0 0.480153 0.016327 0.011239 0.011302
0 0.831950 0.391296 0.011053 0.011754
0 0.688637 0.255239 0.012554 0.012162
0 0.515168 0.573187 0.011993 0.011807
0 0.373772 0.418542 0.013642 0.013843
0 0.602692 0.237159 0.011179 0.010331
0 0.040194 0.321715 0.013110 0.013345
0 0.849984 0.708268 0.020879 0.020664
0 0.536487 0.852546 0.011277 0.011132
0 0.519283 0.465023 0.016182 0.015361
0 0.462832 0.055376 0.015438 0.015570
0 0.373117 0.710967 0.011049 0.011262
0 0.185708 0.363455 0.011745 0.012026
0 0.451167 0.854705 0.012587 0.012341
0 0.350613 0.940253 0.011077 0.010727
0 0.619806 0.301960 0.010782 0.010930
0 0.601731 0.238905 0.012296 0.012595
0 0.641221 0.300916 0.013112 0.012453
0 0.167514 0.049724 0.014834 0.014867
0 0.550332 0.053356 0.019674 0.017940
0 0.997617 0.132044 0.004766 0.011224
0 0.516156 0.466463 0.017365 0.016835
0 0.390168 0.507460 0.012773 0.012754
0 0.657294 0.326058 0.010816 0.010528
