0 0.324497 0.484419 0.012890 0.012754
0 0.434266 0.465583 0.011682 0.011643
0 0.287019 0.605059 0.012990 0.013053
0 0.747891 0.618951 0.012954 0.012858
0 0.377054 0.529682 0.012125 0.012029
0 0.527123 0.390360 0.013328 0.013412
0 0.344936 0.036672 0.013194 0.012905
0 0.839145 0.209209 0.012272 0.012213
0 0.348563 0.848132 0.012355 0.012393
0 0.760610 0.793720 0.012392 0.012306
0 0.931660 0.357204 0.013175 0.012954
0 0.563243 0.368093 0.013127 0.013138
0 0.225563 0.618579 0.013859 0.013943
0 0.048937 0.926453 0.013292 0.013042
0 0.502701 0.631190 0.012596 0.012577
0 0.159511 0.853868 0.012882 0.012809
0 0.823767 0.655600 0.013256 0.013177
0 0.976398 0.832075 0.012896 0.012845
0 0.696425 0.359994 0.013495 0.013406
0 0.168343 0.685111 0.013491 0.013369
0 0.888180 0.367864 0.012528 0.012368
0 0.132804 0.267135 0.013411 0.013543
0 0.315961 0.028430 0.012474 0.012346
0 0.244808 0.028050 0.013098 0.013025
0 0.525354 0.349576 0.013363 0.013307
0 0.358457 0.421896 0.012600 0.012398
0 0.422257 0.555240 0.011755 0.011932
0 0.098062 0.718704 0.012251 0.012129
0 0.183815 0.891667 0.012604 0.012579
0 0.095077 0.809690 0.013036 0.013075
0 0.291706 0.509253 0.012162 0.012155
0 0.880738 0.526144 0.012579 0.012374
0 0.533385 0.422703 0.013412 0.013228
0 0.181276 0.243485 0.012915 0.012821
0 0.466586 0.684627 0.013819 0.013842
0 0.662609 0.624158 0.013372 0.012784
0 0.912171 0.055616 0.013970 0.013889
0 0.446958 0.131815 0.013294 0.013138
0 0.221784 0.469859 0.012574 0.012443
0 0.421492 0.352948 0.011752 0.011574
0 0.614008 0.459180 0.013562 0.013624
0 0.724964 0.135502 0.012674 0.012467
0 0.453946 0.958015 0.013048 0.013254
0 0.311161 0.060381 0.012415 0.012380
0 0.443969 0.056374 0.014260 0.014211
0 0.380146 0.658326 0.012551 0.012587
0 0.331396 0.518189 0.012570 0.012322
0 0.311309 0.174273 0.013954 0.013899
0 0.437944 0.076864 0.012581 0.012882
0 0.028058 0.572699 0.013503 0.013557
0 0.501504 0.801104 0.012123 0.012253
0 0.495009 0.544664 0.014096 0.014199
0 0.409176 0.253129 0.012304 0.012399
0 0.108691 0.980883 0.013665 0.013696
0 0.089096 0.403269 0.012850 0.012738
0 0.089390 0.565299 0.011975 0.012211
0 0.265913 0.455998 0.012426 0.012606
0 0.606471 0.531012 0.013236 0.013214
0 0.009501 0.447163 0.013565 0.013596
0 0.248581 0.242277 0.013990 0.013871
0 0.764897 0.186090 0.012123 0.012283
0 0.574752 0.686810 0.011684 0.011768
0 0.050871 0.476773 0.012970 0.012829
0 0.541366 0.976561 0.012360 0.012247
0 0.808611 0.233237 0.011667 0.011545
0 0.775249 0.728039 0.015541 0.015994
0 0.223072 0.648464 0.012028 0.011900
0 0.395659 0.510403 0.014015 0.013938
0 0.648172 0.618166 0.013700 0.013652
0 0.847268 0.302029 0.011811 0.011978
0 0.718156 0.241426 0.012159 0.012079
0 0.791374 0.005103 0.014244 0.010158
0 0.793552 0.436777 0.013893 0.014071
0 0.974199 0.528988 0.014387 0.014258
0 0.360156 0.777305 0.013257 0.013212
0 0.528765 0.047266 0.011320 0.011338
0 0.438871 0.031842 0.012801 0.012873
0 0.314566 0.893280 0.012488 0.012435
0 0.046119 0.378424 0.011829 0.011568
0 0.399781 0.570548 0.011095 0.010625
0 0.665452 0.197045 0.011109 0.011002
0 0.022191 0.393185 0.011946 0.011981
0 0.474564 0.367457 0.012250 0.012506
0 0.574902 0.273615 0.012087 0.012123
0 0.011910 0.081588 0.013315 0.013476
0 0.116639 0.757708 0.010653 0.010329
0 0.059346 0.867325 0.011551 0.011535
0 0.400389 0.920881 0.012743 0.012451
0 0.227461 0.673227 0.012920 0.012570
0 0.849511 0.711184 0.022867 0.022691
0 0.822527 0.184047 0.012407 0.012283
0 0.836577 0.143084 0.013242 0.013343
0 0.345944 0.313452 0.011390 0.011190
0 0.396334 0.943172 0.009789 0.009644
0 0.041924 0.189147 0.011980 0.012199
0 0.532992 0.222465 0.012452 0.012595
0 0.346199 0.295361 0.021217 0.021930
0 0.146915 0.798906 0.011088 0.010761
0 0.530312 0.730536 0.014972 0.014981
0 0.536627 0.208993 0.010870 0.010663
0 0.630760 0.992455 0.010587 0.010746
