0 0.200825 0.086414 0.013092 0.012941
0 0.153358 0.439328 0.013267 0.013095
0 0.645206 0.936328 0.013393 0.013376
0 0.531189 0.434225 0.012844 0.012728
0 0.603459 0.899358 0.012441 0.012367
0 0.763153 0.442799 0.013069 0.012888
0 0.508307 0.334259 0.012827 0.012738
0 0.539079 0.397857 0.012906 0.013065
0 0.786241 0.140940 0.013797 0.013664
0 0.686490 0.246995 0.012785 0.012645
0 0.592888 0.162413 0.013660 0.013443
0 0.212986 0.376334 0.012686 0.012629
0 0.749942 0.577520 0.012501 0.012546
0 0.110209 0.448909 0.013521 0.013338
0 0.902693 0.278892 0.013004 0.013117
0 0.457324 0.854752 0.014103 0.014156
0 0.810295 0.329561 0.013242 0.013183
0 0.158034 0.789211 0.012591 0.012594
0 0.218752 0.479264 0.013246 0.013193
0 0.233039 0.627496 0.013170 0.013056
0 0.034175 0.761074 0.012635 0.012532
0 0.952519 0.785975 0.013342 0.013201
0 0.137330 0.615562 0.013562 0.013300
0 0.104809 0.813898 0.014371 0.014211
0 0.425450 0.678561 0.012580 0.012580
0 0.013974 0.149878 0.012909 0.013010
0 0.590082 0.582048 0.013411 0.013321
0 0.807426 0.396369 0.013175 0.013071
0 0.178030 0.736749 0.012867 0.013170
0 0.864909 0.078480 0.014583 0.014665
0 0.821350 0.636684 0.013717 0.013852
0 0.804414 0.283769 0.013477 0.013501
0 0.064062 0.818427 0.011427 0.011315
0 0.119197 0.203503 0.013278 0.013096
0 0.598611 0.971611 0.014304 0.014177
0 0.453971 0.073347 0.013070 0.013039
0 0.816791 0.966662 0.012648 0.012665
0 0.457811 0.576325 0.012603 0.012775
0 0.052423 0.839936 0.012209 0.012236
0 0.061206 0.956324 0.012789 0.012736
0 0.331265 0.625232 0.014297 0.014186
0 0.253395 0.022065 0.013310 0.013245
0 0.775518 0.789538 0.012785 0.012643
0 0.887482 0.601248 0.014986 0.015195
0 0.157822 0.854126 0.012749 0.012679
0 0.310842 0.518521 0.012925 0.012748
0 0.526480 0.218291 0.013596 0.013812
0 0.354283 0.362148 0.014349 0.014592
0 0.741235 0.296460 0.013857 0.013640
0 0.935812 0.499769 0.012839 0.013028
0 0.202292 0.494262 0.012766 0.012696
0 0.810630 0.371599 0.014276 0.014116
0 0.182939 0.375908 0.013063 0.012994
0 0.636141 0.229662 0.013325 0.013296
0 0.269077 0.075237 0.013661 0.013778
0 0.316638 0.860216 0.014276 0.014326
0 0.939969 0.721174 0.014295 0.014194
0 0.941026 0.845052 0.013019 0.012922
0 0.029776 0.685962 0.013527 0.013626
0 0.304932 0.125955 0.012950 0.012655
0 0.369767 0.648629 0.013091 0.012947
0 0.550412 0.597249 0.013966 0.013894
0 0.961426 0.574214 0.012197 0.012198
0 0.321406 0.571317 0.013154 0.013300
0 0.155451 0.154673 0.013556 0.013479
0 0.712292 0.018844 0.012911 0.012841
0 0.136611 0.983686 0.012613 0.012689
0 0.839883 0.873461 0.013472 0.013545
0 0.087918 0.243537 0.014313 0.014291
0 0.710470 0.696396 0.011855 0.011939
0 0.290853 0.013251 0.013081 0.013045
0 0.588442 0.333355 0.013384 0.013436
0 0.845590 0.591405 0.013892 0.013868
0 0.744371 0.406833 0.013522 0.013321
0 0.697268 0.392669 0.012402 0.012260
0 0.698977 0.585696 0.012531 0.012426
0 0.112971 0.526089 0.013257 0.013218
0 0.076708 0.084243 0.013203 0.013073
0 0.477884 0.327033 0.013188 0.013093
0 0.362440 0.833957 0.014017 0.013993
0 0.524671 0.775161 0.014277 0.014349
0 0.221654 0.169751 0.013717 0.013900
0 0.622802 0.119573 0.015464 0.015448
0 0.436058 0.155804 0.014129 0.014139
0 0.055035 0.532754 0.013142 0.013071
0 0.490607 0.036827 0.013582 0.013691
0 0.702507 0.102130 0.013764 0.013635
0 0.994480 0.509820 0.011041 0.013284
0 0.366607 0.578135 0.013843 0.013888
0 0.430145 0.338820 0.013596 0.013495
0 0.515295 0.146249 0.014946 0.014666
0 0.300404 0.318538 0.013667 0.013699
0 0.153198 0.072063 0.015057 0.014712
0 0.222603 0.788523 0.013486 0.013562
0 0.750526 0.844796 0.014255 0.014112
0 0.454232 0.014121 0.013049 0.013017
0 0.723091 0.357059 0.013602 0.013655
0 0.448311 0.907096 0.013512 0.013759
0 0.042582 0.599765 0.012078 0.012155
0 0.992397 0.415373 0.013541 0.013384
0 0.564032 0.717319 0.013941 0.013936
0 0.071052 0.333200 0.013193 0.013473
0 0.165763 0.674353 0.013634 0.013650
0 0.514406 0.504600 0.014131 0.014278
0 0.338569 0.084121 0.013995 0.013940
0 0.854214 0.747740 0.014445 0.014240
0 0.022037 0.382121 0.013793 0.013522
0 0.142248 0.392376 0.014649 0.014023
0 0.913421 0.883043 0.013333 0.013578
0 0.849822 0.956009 0.013359 0.013266
0 0.801197 0.220098 0.014825 0.014936
0 0.004639 0.181744 0.009277 0.012004
0 0.832034 0.138754 0.013400 0.013598
0 0.530676 0.986289 0.012446 0.012115
0 0.893405 0.766488 0.013305 0.013436
0 0.026541 0.886688 0.012647 0.012775
0 0.961543 0.900270 0.013094 0.013041
0 0.449750 0.401160 0.013052 0.012756
0 0.878538 0.169971 0.013525 0.013549
0 0.621622 0.812029 0.014891 0.015111
0 0.773190 0.917794 0.012943 0.012893
0 0.949448 0.046908 0.013898 0.014048
0 0.062087 0.993434 0.012837 0.012763
0 0.358403 0.033092 0.013210 0.013347
0 0.713550 0.638582 0.013690 0.013811
0 0.110869 0.391870 0.012171 0.012140
0 0.418031 0.716691 0.013972 0.013766
0 0.528723 0.321900 0.012776 0.012775
0 0.384428 0.973784 0.013652 0.013321
0 0.189290 0.007629 0.012891 0.013181
0 0.158575 0.707218 0.012083 0.012074
0 0.810792 0.696069 0.014007 0.014148
0 0.154535 0.183718 0.012769 0.012866
0 0.662438 0.847402 0.013146 0.013138
0 0.078939 0.428349 0.013011 0.012914
0 0.976466 0.174355 0.013290 0.013268
0 0.219288 0.195827 0.014249 0.014190
0 0.598964 0.731391 0.013022 0.012920
0 0.738689 0.478437 0.013714 0.014042
0 0.062939 0.434892 0.013137 0.012691
0 0.848912 0.710611 0.019489 0.019157
0 0.775205 0.459664 0.014377 0.014277
0 0.004033 0.959669 0.007968 0.013068
0 0.330510 0.763988 0.013522 0.013696
0 0.864858 0.011384 0.013092 0.013245
0 0.049301 0.233037 0.013897 0.013912
0 0.845233 0.184177 0.014526 0.014568
0 0.003072 0.494221 0.006089 0.012768
0 0.606596 0.686653 0.014057 0.013618
0 0.790489 0.187575 0.012764 0.012422
0 0.432157 0.972794 0.013268 0.013222
0 0.996744 0.555465 0.006502 0.014877
0 0.882097 0.277163 0.014558 0.014863
0 0.481410 0.106114 0.013193 0.012950
0 0.491395 0.451187 0.013667 0.013592
0 0.339053 0.646660 0.011304 0.011049
0 0.386997 0.199976 0.013991 0.014092
0 0.405135 0.947809 0.013753 0.013978
0 0.479429 0.266694 0.014667 0.014802
0 0.961922 0.878894 0.014900 0.014824
0 0.394277 0.696846 0.014110 0.014075
0 0.600201 0.623212 0.012191 0.012046
0 0.509831 0.946833 0.012687 0.012786
0 0.524790 0.024178 0.013421 0.013364
0 0.576136 0.250880 0.011953 0.012019
0 0.318882 0.933641 0.014512 0.014195
0 0.288952 0.202047 0.012997 0.012722
0 0.790576 0.920117 0.013354 0.013330
0 0.503894 0.486247 0.012939 0.012906
0 0.270119 0.668295 0.013841 0.014024
0 0.945269 0.986081 0.013491 0.013254
0 0.938659 0.871973 0.013856 0.013912
0 0.982376 0.191961 0.012962 0.013116
0 0.937327 0.003851 0.013942 0.007702
0 0.639913 0.254042 0.016323 0.016352
0 0.803181 0.024573 0.013377 0.013144
0 0.020626 0.042850 0.012089 0.011728
0 0.126967 0.389748 0.013199 0.013201
0 0.887396 0.230767 0.013619 0.013595
0 0.014516 0.447020 0.014293 0.014055
0 0.551158 0.370139 0.014332 0.014407
0 0.092984 0.363992 0.013559 0.013635
0 0.402689 0.460446 0.016014 0.015271
0 0.626708 0.561599 0.012482 0.013127
0 0.900935 0.835189 0.013179 0.012977
0 0.222224 0.745676 0.012046 0.011843
0 0.243984 0.728473 0.013670 0.013697
0 0.187707 0.551270 0.014528 0.014935
0 0.226371 0.681995 0.015429 0.015335
0 0.164399 0.563936 0.012743 0.012715
0 0.532021 0.629479 0.023415 0.023407
0 0.313450 0.212682 0.014065 0.013979
0 0.207494 0.628785 0.011089 0.010667
0 0.052618 0.739004 0.012506 0.012609
0 0.310072 0.046256 0.012709 0.012886
0 0.874864 0.575662 0.014698 0.015020
0 0.345805 0.290336 0.024626 0.024505
0 0.740801 0.320022 0.014358 0.014595
0 0.617661 0.559634 0.014036 0.013668
0 0.266498 0.720476 0.014064 0.013817
0 0.305212 0.211893 0.013803 0.013644
0 0.399356 0.460265 0.015998 0.015149
0 0.561504 0.204962 0.012277 0.012437
0 0.702436 0.815263 0.020624 0.020392
0 0.769572 0.597528 0.014443 0.014413
0 0.624757 0.560850 0.012216 0.013365
0 0.622250 0.560644 0.013747 0.013492
0 0.308990 0.212673 0.014600 0.013696
0 0.874128 0.734465 0.011205 0.010897
0 0.306488 0.096599 0.014022 0.013974
