0 0.452722 0.136445 0.013009 0.012992
0 0.666452 0.636442 0.014326 0.014403
0 0.674727 0.272870 0.012588 0.012557
0 0.278630 0.436661 0.011983 0.011843
0 0.656666 0.799819 0.012501 0.012453
0 0.577889 0.752679 0.012135 0.012110
0 0.401199 0.441574 0.012553 0.012437
0 0.434548 0.470914 0.012314 0.012204
0 0.712426 0.650272 0.012620 0.012581
0 0.456348 0.649806 0.012619 0.012569
0 0.640786 0.459809 0.012233 0.012188
0 0.303158 0.501987 0.012436 0.012410
0 0.526360 0.586435 0.011002 0.010928
0 0.911658 0.372811 0.011131 0.011045
0 0.515875 0.264111 0.012309 0.012536
0 0.253548 0.216378 0.012988 0.012938
0 0.666469 0.411142 0.012444 0.012326
0 0.583391 0.207146 0.012898 0.012816
0 0.648339 0.577839 0.012612 0.012464
0 0.335521 0.363121 0.012665 0.012586
0 0.928813 0.049914 0.011892 0.011906
0 0.522442 0.354044 0.012510 0.012438
0 0.378367 0.555974 0.013017 0.012980
0 0.192896 0.618369 0.012044 0.012227
0 0.546191 0.579599 0.012120 0.012174
0 0.030653 0.593637 0.013180 0.013060
0 0.734075 0.622280 0.014412 0.014146
0 0.485330 0.737545 0.012328 0.012333
0 0.049609 0.705268 0.012610 0.012658
0 0.796247 0.526653 0.011086 0.010940
0 0.463557 0.933890 0.014152 0.014060
0 0.370402 0.875951 0.011796 0.011745
0 0.297882 0.548110 0.013169 0.012988
0 0.128700 0.704599 0.011976 0.011963
0 0.906836 0.076002 0.011125 0.011120
0 0.715810 0.275594 0.012309 0.012168
0 0.495517 0.565554 0.012655 0.012531
0 0.542972 0.155813 0.012320 0.012152
0 0.030020 0.737267 0.014123 0.014007
0 0.216031 0.613203 0.011863 0.012048
0 0.959343 0.700004 0.012712 0.012654
0 0.901738 0.542640 0.013203 0.013187
0 0.368961 0.958293 0.013821 0.013584
0 0.925855 0.857625 0.013884 0.013746
0 0.482022 0.264401 0.012923 0.013056
0 0.256689 0.976164 0.011613 0.011568
0 0.570002 0.163214 0.014249 0.014234
0 0.847900 0.324992 0.012827 0.012902
0 0.060614 0.804943 0.013210 0.013113
0 0.749473 0.438852 0.012156 0.012057
0 0.387695 0.476810 0.012696 0.012776
0 0.515818 0.656735 0.012369 0.012410
0 0.204945 0.432996 0.012637 0.012677
0 0.066142 0.354093 0.012663 0.012695
0 0.279003 0.929068 0.011985 0.011820
0 0.622212 0.549539 0.012067 0.011871
0 0.806842 0.453783 0.013239 0.013270
0 0.297008 0.566201 0.012017 0.011981
0 0.754834 0.568990 0.011420 0.011739
0 0.610286 0.955714 0.014799 0.014560
0 0.437325 0.208841 0.014341 0.014335
0 0.783624 0.094758 0.013161 0.013185
0 0.767088 0.529692 0.013051 0.012767
0 0.487519 0.426045 0.013279 0.013435
0 0.048370 0.904794 0.011958 0.011927
0 0.661048 0.089584 0.012222 0.012123
0 0.280598 0.653258 0.012729 0.012593
0 0.145112 0.208833 0.012366 0.012428
0 0.758751 0.843341 0.014138 0.014179
0 0.146844 0.161944 0.012676 0.012796
0 0.149303 0.700624 0.012464 0.012579
0 0.815111 0.912401 0.013034 0.012765
0 0.868722 0.108461 0.012285 0.011980
0 0.369618 0.276485 0.014459 0.014557
0 0.236104 0.816168 0.012654 0.012389
0 0.452491 0.695655 0.011173 0.011098
0 0.246269 0.438902 0.013627 0.013669
0 0.861694 0.199803 0.012143 0.012285
0 0.436902 0.772378 0.012488 0.012309
0 0.971852 0.332879 0.012532 0.012708
0 0.979971 0.051074 0.010039 0.009582
0 0.825520 0.199599 0.011659 0.011648
0 0.368832 0.799155 0.012210 0.012191
0 0.989777 0.265250 0.013999 0.013767
0 0.829663 0.599567 0.011842 0.011698
0 0.885493 0.589527 0.011789 0.011871
0 0.030691 0.288522 0.010233 0.009808
0 0.843198 0.396391 0.013906 0.013893
0 0.858090 0.661988 0.012060 0.011827
0 0.212143 0.891553 0.013268 0.013310
0 0.143873 0.138925 0.012405 0.012460
0 0.725143 0.354170 0.012898 0.012883
0 0.961242 0.186109 0.011869 0.011937
0 0.883269 0.120038 0.009315 0.009249
0 0.832842 0.797549 0.013227 0.013152
0 0.093543 0.337533 0.010866 0.010778
0 0.982956 0.513119 0.014293 0.013528
0 0.823770 0.553729 0.010446 0.010483
0 0.878726 0.977228 0.013385 0.013428
0 0.083311 0.666446 0.011787 0.011808
0 0.993347 0.386723 0.012635 0.012877
0 0.135857 0.969404 0.011619 0.011687
0 0.911083 0.924641 0.011668 0.011638
0 0.932225 0.654335 0.012017 0.012253
0 0.865401 0.570119 0.011346 0.011425
0 0.960349 0.608890 0.011036 0.011077
0 0.104784 0.781938 0.010637 0.010440
0 0.087189 0.927962 0.012139 0.012411
0 0.112343 0.002064 0.014413 0.004103
0 0.647557 0.215415 0.010111 0.010052
0 0.852650 0.542663 0.010991 0.010799
0 0.901363 0.998258 0.012275 0.003440
0 0.473466 0.283117 0.011750 0.011646
0 0.533895 0.630391 0.024036 0.023838
0 0.778434 0.037409 0.012475 0.012920
0 0.379596 0.220644 0.021434 0.021552
0 0.702595 0.784328 0.011206 0.011662
0 0.346525 0.289684 0.022734 0.021758
0 0.445019 0.728287 0.014433 0.014669
0 0.874011 0.534473 0.010171 0.010358
