0 0.252000 0.006000 0.015625 0.015625
0 0.519000 0.009000 0.015625 0.015625
0 0.206000 0.020000 0.015625 0.015625
0 0.419000 0.022000 0.015625 0.015625
0 0.780000 0.041000 0.015625 0.015625
0 0.872000 0.092000 0.015625 0.015625
0 0.572000 0.102000 0.015625 0.015625
0 0.347000 0.117000 0.015625 0.015625
0 0.780000 0.142000 0.015625 0.015625
0 0.150000 0.150000 0.015625 0.015625
0 0.088000 0.158000 0.015625 0.015625
0 0.775000 0.240000 0.015625 0.015625
0 0.342000 0.242000 0.015625 0.015625
0 0.138000 0.300000 0.015625 0.015625
0 0.908000 0.302000 0.015625 0.015625
0 0.492000 0.340000 0.015625 0.015625
0 0.072000 0.378000 0.015625 0.015625
0 0.528000 0.380000 0.015625 0.015625
0 0.738000 0.436000 0.015625 0.015625
0 0.086000 0.440000 0.015625 0.015625
0 0.008000 0.446000 0.015625 0.015625
0 0.155000 0.466000 0.015625 0.015625
0 0.110000 0.486000 0.015625 0.015625
0 0.210000 0.498000 0.015625 0.015625
0 0.312000 0.514000 0.015625 0.015625
0 0.170000 0.530000 0.015625 0.015625
0 0.333000 0.544000 0.015625 0.015625
0 0.340000 0.562000 0.015625 0.015625
0 0.700000 0.576000 0.015625 0.015625
0 0.846000 0.628000 0.015625 0.015625
0 0.153000 0.642000 0.015625 0.015625
0 0.180000 0.646000 0.015625 0.015625
0 0.298000 0.662000 0.015625 0.015625
0 0.718000 0.664000 0.015625 0.015625
0 0.825000 0.682000 0.015625 0.015625
0 0.442000 0.688000 0.015625 0.015625
0 0.518000 0.700000 0.015625 0.015625
0 0.006000 0.704000 0.015625 0.015625
0 0.936000 0.704000 0.015625 0.015625
0 0.155000 0.758000 0.015625 0.015625
0 0.720000 0.762000 0.015625 0.015625
0 0.190000 0.794000 0.015625 0.015625
0 0.590000 0.796000 0.015625 0.015625
0 0.884000 0.804000 0.015625 0.015625
0 0.528000 0.808000 0.015625 0.015625
0 0.775000 0.840000 0.015625 0.015625
0 0.242000 0.860000 0.015625 0.015625
0 0.170000 0.862000 0.015625 0.015625
0 0.012000 0.890000 0.015625 0.015625
0 0.614000 0.904000 0.015625 0.015625
0 0.432000 0.910000 0.015625 0.015625
0 0.353000 0.946000 0.015625 0.015625
0 0.467000 0.968000 0.015625 0.015625
0 0.539000 0.972000 0.015625 0.015625
0 0.168000 0.982000 0.015625 0.015625
0 0.936000 0.986000 0.015625 0.015625
0 0.075900 0.420188 0.015625 0.015625
