0 0.505000 0.010000 0.015625 0.015625
0 0.250000 0.012000 0.015625 0.015625
0 0.206000 0.018000 0.015625 0.015625
0 0.800000 0.030000 0.015625 0.015625
0 0.582000 0.048000 0.015625 0.015625
0 0.590000 0.122000 0.015625 0.015625
0 0.555000 0.126000 0.015625 0.015625
0 0.932000 0.132000 0.015625 0.015625
0 0.610000 0.146000 0.015625 0.015625
0 0.778000 0.168000 0.015625 0.015625
0 0.240000 0.192000 0.015625 0.015625
0 0.842000 0.256000 0.015625 0.015625
0 0.908000 0.294000 0.015625 0.015625
0 0.592000 0.302000 0.015625 0.015625
0 0.936000 0.306000 0.015625 0.015625
0 0.390000 0.370000 0.015625 0.015625
0 0.068000 0.382000 0.015625 0.015625
0 0.394000 0.398000 0.015625 0.015625
0 0.046000 0.406000 0.015625 0.015625
0 0.072000 0.446000 0.015625 0.015625
0 0.008000 0.452000 0.015625 0.015625
0 0.104000 0.454000 0.015625 0.015625
0 0.530000 0.460000 0.015625 0.015625
0 0.128000 0.480000 0.015625 0.015625
0 0.202000 0.500000 0.015625 0.015625
0 0.336000 0.502000 0.015625 0.015625
0 0.318000 0.514000 0.015625 0.015625
0 0.142000 0.526000 0.015625 0.015625
0 0.332000 0.546000 0.015625 0.015625
0 0.688000 0.572000 0.015625 0.015625
0 0.224000 0.590000 0.015625 0.015625
0 0.670000 0.596000 0.015625 0.015625
0 0.578000 0.626000 0.015625 0.015625
0 0.770000 0.658000 0.015625 0.015625
0 0.134000 0.718000 0.015625 0.015625
0 0.460000 0.718000 0.015625 0.015625
0 0.180000 0.724000 0.015625 0.015625
0 0.630000 0.730000 0.015625 0.015625
0 0.106000 0.752000 0.015625 0.015625
0 0.720000 0.762000 0.015625 0.015625
0 0.798000 0.768000 0.015625 0.015625
0 0.966000 0.774000 0.015625 0.015625
0 0.580000 0.796000 0.015625 0.015625
0 0.146000 0.808000 0.015625 0.015625
0 0.306000 0.808000 0.015625 0.015625
0 0.528000 0.808000 0.015625 0.015625
0 0.358000 0.828000 0.015625 0.015625
0 0.846000 0.868000 0.015625 0.015625
0 0.554000 0.918000 0.015625 0.015625
0 0.924000 0.948000 0.015625 0.015625
0 0.394000 0.968000 0.015625 0.015625
0 0.526000 0.984000 0.015625 0.015625
0 0.720000 0.984000 0.015625 0.015625
0 0.516235 0.993000 0.015892 0.013733
0 0.802559 0.880729 0.016111 0.016043
