0 0.584600 0.755682 0.015924 0.016148
0 0.208000 0.018000 0.015625 0.015625
0 0.252000 0.020000 0.015625 0.015625
0 0.782000 0.032000 0.015625 0.015625
0 0.624000 0.138000 0.015625 0.015625
0 0.348000 0.140000 0.015625 0.015625
0 0.748000 0.210000 0.015625 0.015625
0 0.262000 0.244000 0.015625 0.015625
0 0.918000 0.262000 0.015625 0.015625
0 0.626000 0.272000 0.015625 0.015625
0 0.052000 0.320000 0.015625 0.015625
0 0.254000 0.428000 0.015625 0.015625
0 0.356000 0.432000 0.015625 0.015625
0 0.672000 0.448000 0.015625 0.015625
0 0.794000 0.470000 0.015625 0.015625
0 0.580000 0.488000 0.015625 0.015625
0 0.116000 0.500000 0.015625 0.015625
0 0.652000 0.512000 0.015625 0.015625
0 0.536000 0.532000 0.015625 0.015625
0 0.288000 0.568000 0.015625 0.015625
0 0.418000 0.572000 0.015625 0.015625
0 0.178000 0.574000 0.015625 0.015625
0 0.790000 0.576000 0.015625 0.015625
0 0.234000 0.592000 0.015625 0.015625
0 0.608000 0.596000 0.015625 0.015625
0 0.288000 0.632000 0.015625 0.015625
0 0.158000 0.638000 0.015625 0.015625
0 0.810000 0.660000 0.015625 0.015625
0 0.008000 0.682000 0.015625 0.015625
0 0.722000 0.758000 0.015625 0.015625
0 0.530000 0.762000 0.015625 0.015625
0 0.026000 0.800000 0.015625 0.015625
0 0.148000 0.802000 0.015625 0.015625
0 0.930000 0.822000 0.015625 0.015625
0 0.334000 0.834000 0.015625 0.015625
0 0.806000 0.884000 0.015625 0.015625
0 0.814000 0.932000 0.015625 0.015625
0 0.374000 0.942000 0.015625 0.015625
0 0.302000 0.956000 0.015625 0.015625
0 0.234000 0.964000 0.015625 0.015625
0 0.410000 0.968000 0.015625 0.015625
0 0.482000 0.968000 0.015625 0.015625
0 0.034722 0.445833 0.015625 0.015625
0 0.069444 0.444444 0.015625 0.015625
