0 0.214063 0.009375 0.015625 0.015625
0 0.248438 0.009375 0.015625 0.015625
0 0.593750 0.009375 0.015625 0.015625
0 0.465625 0.020313 0.015625 0.015625
0 0.800000 0.048438 0.015625 0.015625
0 0.287500 0.087500 0.015625 0.015625
0 0.093750 0.106250 0.015625 0.015625
0 0.537500 0.118750 0.015625 0.015625
0 0.773438 0.137500 0.015625 0.015625
0 0.409375 0.145313 0.015625 0.015625
0 0.209375 0.156250 0.015625 0.015625
0 0.915625 0.165625 0.015625 0.015625
0 0.406250 0.215625 0.015625 0.015625
0 0.921875 0.264063 0.015625 0.015625
0 0.906250 0.304688 0.015625 0.015625
0 0.076563 0.309375 0.015625 0.015625
0 0.462500 0.343750 0.015625 0.015625
0 0.078125 0.381250 0.015625 0.015625
0 0.054688 0.407813 0.015625 0.015625
0 0.012500 0.450000 0.015625 0.015625
0 0.087500 0.450000 0.015625 0.015625
0 0.507813 0.457813 0.015625 0.015625
0 0.157813 0.462500 0.015625 0.015625
0 0.214063 0.493750 0.015625 0.015625
0 0.101563 0.501563 0.015625 0.015625
0 0.318750 0.501563 0.015625 0.015625
0 0.640625 0.534375 0.015625 0.015625
0 0.342188 0.540625 0.015625 0.015625
0 0.768750 0.601563 0.015625 0.015625
0 0.465625 0.618750 0.015625 0.015625
0 0.351563 0.640625 0.015625 0.015625
0 0.285938 0.665625 0.015625 0.015625
0 0.718750 0.695313 0.015625 0.015625
0 0.159375 0.700000 0.015625 0.015625
0 0.481250 0.728125 0.015625 0.015625
0 0.912500 0.729688 0.015625 0.015625
0 0.885938 0.748438 0.015625 0.015625
0 0.778125 0.754688 0.015625 0.015625
0 0.598438 0.762500 0.015625 0.015625
0 0.714063 0.762500 0.015625 0.015625
0 0.590625 0.795313 0.015625 0.015625
0 0.170313 0.800000 0.015625 0.015625
0 0.845313 0.818750 0.015625 0.015625
0 0.537500 0.820313 0.015625 0.015625
0 0.357813 0.882813 0.015625 0.015625
0 0.681250 0.898438 0.015625 0.015625
0 0.450000 0.900000 0.015625 0.015625
0 0.434375 0.918750 0.015625 0.015625
0 0.109375 0.937500 0.015625 0.015625
0 0.750000 0.937500 0.015625 0.015625
0 0.954688 0.937500 0.015625 0.015625
0 0.509375 0.962500 0.015625 0.015625
0 0.173438 0.984375 0.015625 0.015625
0 0.078247 0.420188 0.015625 0.015625
0 0.168182 0.509128 0.016435 0.016260
0 0.576990 0.005479 0.017056 0.010937
