0 0.253000 0.012000 0.015625 0.015625
0 0.537000 0.031000 0.015625 0.015625
0 0.786000 0.033000 0.015625 0.015625
0 0.571000 0.103000 0.015625 0.015625
0 0.173000 0.115000 0.015625 0.015625
0 0.780000 0.171000 0.015625 0.015625
0 0.007000 0.193000 0.015625 0.015625
0 0.448000 0.201000 0.015625 0.015625
0 0.327000 0.213000 0.015625 0.015625
0 0.973000 0.265000 0.015625 0.015625
0 0.725000 0.281000 0.015625 0.015625
0 0.887000 0.339000 0.015625 0.015625
0 0.070000 0.355000 0.015625 0.015625
0 0.677000 0.363000 0.015625 0.015625
0 0.225000 0.379000 0.015625 0.015625
0 0.048000 0.407000 0.015625 0.015625
0 0.445000 0.445000 0.015625 0.015625
0 0.009000 0.447000 0.015625 0.015625
0 0.085000 0.451000 0.015625 0.015625
0 0.181000 0.477000 0.015625 0.015625
0 0.131000 0.504000 0.015625 0.015625
0 0.519000 0.505000 0.015625 0.015625
0 0.227000 0.507000 0.015625 0.015625
0 0.307000 0.533000 0.015625 0.015625
0 0.337000 0.559000 0.015625 0.015625
0 0.813000 0.569000 0.015625 0.015625
0 0.333000 0.583000 0.015625 0.015625
0 0.653000 0.585000 0.015625 0.015625
0 0.669000 0.627000 0.015625 0.015625
0 0.483000 0.633000 0.015625 0.015625
0 0.613000 0.649000 0.015625 0.015625
0 0.209000 0.719000 0.015625 0.015625
0 0.465000 0.721000 0.015625 0.015625
0 0.149000 0.747000 0.015625 0.015625
0 0.929000 0.773000 0.015625 0.015625
0 0.717000 0.775000 0.015625 0.015625
0 0.113000 0.797000 0.015625 0.015625
0 0.577000 0.807000 0.015625 0.015625
0 0.519000 0.809000 0.015625 0.015625
0 0.825000 0.819000 0.015625 0.015625
0 0.425000 0.839000 0.015625 0.015625
0 0.741000 0.843000 0.015625 0.015625
0 0.361000 0.865000 0.015625 0.015625
0 0.819000 0.865000 0.015625 0.015625
0 0.504000 0.953000 0.015625 0.015625
0 0.341000 0.959000 0.015625 0.015625
0 0.681000 0.987000 0.015625 0.015625
0 0.853000 0.991000 0.015625 0.015625
0 0.205790 0.015649 0.015625 0.015625
0 0.078873 0.419100 0.015826 0.015894
