0 0.266000 0.008000 0.015625 0.015625
0 0.586000 0.010000 0.015625 0.015625
0 0.200000 0.018000 0.015625 0.015625
0 0.248000 0.024000 0.015625 0.015625
0 0.440000 0.038000 0.015625 0.015625
0 0.796000 0.044000 0.015625 0.015625
0 0.501000 0.092000 0.015625 0.015625
0 0.778000 0.140000 0.015625 0.015625
0 0.290000 0.148000 0.015625 0.015625
0 0.892000 0.174000 0.015625 0.015625
0 0.100000 0.204000 0.015625 0.015625
0 0.172000 0.222000 0.015625 0.015625
0 0.786000 0.278000 0.015625 0.015625
0 0.256000 0.284000 0.015625 0.015625
0 0.904000 0.304000 0.015625 0.015625
0 0.482000 0.322000 0.015625 0.015625
0 0.066000 0.382000 0.015625 0.015625
0 0.048000 0.412000 0.015625 0.015625
0 0.474000 0.416000 0.015625 0.015625
0 0.698000 0.420000 0.015625 0.015625
0 0.166000 0.434000 0.015625 0.015625
0 0.086000 0.446000 0.015625 0.015625
0 0.014000 0.448000 0.015625 0.015625
0 0.214000 0.494000 0.015625 0.015625
0 0.318000 0.508000 0.015625 0.015625
0 0.134000 0.528000 0.015625 0.015625
0 0.338000 0.546000 0.015625 0.015625
0 0.850000 0.568000 0.015625 0.015625
0 0.474000 0.638000 0.015625 0.015625
0 0.258000 0.642000 0.015625 0.015625
0 0.454000 0.654000 0.015625 0.015625
0 0.340000 0.656000 0.015625 0.015625
0 0.726000 0.684000 0.015625 0.015625
0 0.100000 0.750000 0.015625 0.015625
0 0.010000 0.754000 0.015625 0.015625
0 0.718000 0.766000 0.015625 0.015625
0 0.886000 0.770000 0.015625 0.015625
0 0.586000 0.792000 0.015625 0.015625
0 0.528000 0.806000 0.015625 0.015625
0 0.494000 0.842000 0.015625 0.015625
0 0.182000 0.854000 0.015625 0.015625
0 0.314000 0.864000 0.015625 0.015625
0 0.010000 0.904000 0.015625 0.015625
0 0.626000 0.904000 0.015625 0.015625
0 0.826000 0.906000 0.015625 0.015625
0 0.306000 0.928000 0.015625 0.015625
0 0.466000 0.938000 0.015625 0.015625
0 0.282000 0.946000 0.015625 0.015625
0 0.518000 0.956000 0.015625 0.015625
0 0.386000 0.958000 0.015625 0.015625
0 0.764000 0.958000 0.015625 0.015625
0 0.858000 0.974000 0.015625 0.015625
0 0.170000 0.986000 0.015625 0.015625
0 0.564185 0.007111 0.017393 0.014223
0 0.077708 0.419377 0.015731 0.015570
