0 0.248438 0.007813 0.015625 0.015625
0 0.406250 0.009375 0.015625 0.015625
0 0.204688 0.017188 0.015625 0.015625
0 0.803125 0.031250 0.015625 0.015625
0 0.573438 0.032813 0.015625 0.015625
0 0.562500 0.070313 0.015625 0.015625
0 0.962500 0.115625 0.015625 0.015625
0 0.582813 0.143750 0.015625 0.015625
0 0.793750 0.175000 0.015625 0.015625
0 0.253125 0.267188 0.015625 0.015625
0 0.845313 0.267188 0.015625 0.015625
0 0.425000 0.271875 0.015625 0.015625
0 0.904688 0.335938 0.015625 0.015625
0 0.653125 0.354688 0.015625 0.015625
0 0.057813 0.382813 0.015625 0.015625
0 0.440625 0.389063 0.015625 0.015625
0 0.217188 0.401563 0.015625 0.015625
0 0.606250 0.421875 0.015625 0.015625
0 0.085938 0.448438 0.015625 0.015625
0 0.350000 0.448438 0.015625 0.015625
0 0.765625 0.460938 0.015625 0.015625
0 0.014063 0.462500 0.015625 0.015625
0 0.154688 0.485938 0.015625 0.015625
0 0.034375 0.498438 0.015625 0.015625
0 0.126563 0.514063 0.015625 0.015625
0 0.214063 0.514063 0.015625 0.015625
0 0.257813 0.529688 0.015625 0.015625
0 0.314063 0.545313 0.015625 0.015625
0 0.326563 0.585938 0.015625 0.015625
0 0.668750 0.617188 0.015625 0.015625
0 0.162500 0.626563 0.015625 0.015625
0 0.721875 0.637500 0.015625 0.015625
0 0.545313 0.653125 0.015625 0.015625
0 0.137500 0.682813 0.015625 0.015625
0 0.693750 0.710938 0.015625 0.015625
0 0.456250 0.717188 0.015625 0.015625
0 0.718750 0.778125 0.015625 0.015625
0 0.517188 0.793750 0.015625 0.015625
0 0.926563 0.793750 0.015625 0.015625
0 0.573438 0.803125 0.015625 0.015625
0 0.796875 0.812500 0.015625 0.015625
0 0.823438 0.831250 0.015625 0.015625
0 0.360938 0.853125 0.015625 0.015625
0 0.757813 0.868750 0.015625 0.015625
0 0.393750 0.873438 0.015625 0.015625
0 0.617188 0.879688 0.015625 0.015625
0 0.785938 0.940625 0.015625 0.015625
0 0.932813 0.960938 0.015625 0.015625
0 0.284375 0.978125 0.015625 0.015625
0 0.525000 0.985938 0.015625 0.015625
0 0.136142 0.822084 0.015487 0.015473
0 0.075217 0.421518 0.015105 0.015232
