0 0.206000 0.014000 0.015625 0.015625
0 0.277000 0.015000 0.015625 0.015625
0 0.247000 0.017000 0.015625 0.015625
0 0.793000 0.027000 0.015625 0.015625
0 0.437000 0.033000 0.015625 0.015625
0 0.471000 0.053000 0.015625 0.015625
0 0.531000 0.057000 0.015625 0.015625
0 0.401000 0.087000 0.015625 0.015625
0 0.571000 0.151000 0.015625 0.015625
0 0.789000 0.173000 0.015625 0.015625
0 0.992000 0.213000 0.015625 0.015625
0 0.315000 0.247000 0.015625 0.015625
0 0.265000 0.321000 0.015625 0.015625
0 0.917000 0.322000 0.015625 0.015625
0 0.343000 0.333000 0.015625 0.015625
0 0.918000 0.350000 0.015625 0.015625
0 0.417000 0.379000 0.015625 0.015625
0 0.056000 0.386000 0.015625 0.015625
0 0.680000 0.400000 0.015625 0.015625
0 0.517000 0.403000 0.015625 0.015625
0 0.033000 0.417000 0.015625 0.015625
0 0.077000 0.447000 0.015625 0.015625
0 0.011000 0.459000 0.015625 0.015625
0 0.345000 0.475000 0.015625 0.015625
0 0.177000 0.483000 0.015625 0.015625
0 0.191000 0.499000 0.015625 0.015625
0 0.233000 0.533000 0.015625 0.015625
0 0.055000 0.538000 0.015625 0.015625
0 0.305000 0.553000 0.015625 0.015625
0 0.570000 0.578000 0.015625 0.015625
0 0.317000 0.589000 0.015625 0.015625
0 0.737000 0.619000 0.015625 0.015625
0 0.659000 0.625000 0.015625 0.015625
0 0.161000 0.627000 0.015625 0.015625
0 0.504000 0.691000 0.015625 0.015625
0 0.149000 0.713000 0.015625 0.015625
0 0.465000 0.723000 0.015625 0.015625
0 0.605000 0.757000 0.015625 0.015625
0 0.713000 0.773000 0.015625 0.015625
0 0.517000 0.787000 0.015625 0.015625
0 0.573000 0.789000 0.015625 0.015625
0 0.369000 0.809000 0.015625 0.015625
0 0.006000 0.812000 0.015625 0.015625
0 0.117000 0.827000 0.015625 0.015625
0 0.833000 0.847000 0.015625 0.015625
0 0.345000 0.855000 0.015625 0.015625
0 0.749000 0.859000 0.015625 0.015625
0 0.753000 0.885000 0.015625 0.015625
0 0.593000 0.893000 0.015625 0.015625
0 0.817000 0.907000 0.015625 0.015625
0 0.694000 0.926000 0.015625 0.015625
0 0.285000 0.937000 0.015625 0.015625
0 0.965000 0.949000 0.015625 0.015625
0 0.533000 0.971000 0.015625 0.015625
0 0.074335 0.423318 0.015625 0.015625
0 0.146322 0.471831 0.015625 0.015625
0 0.209703 0.514867 0.015625 0.015625
