0 0.545000 0.010000 0.015625 0.015625
0 0.445000 0.012000 0.015625 0.015625
0 0.247000 0.015000 0.015625 0.015625
0 0.208000 0.016000 0.015625 0.015625
0 0.785000 0.025000 0.015625 0.015625
0 0.570000 0.060000 0.015625 0.015625
0 0.566000 0.104000 0.015625 0.015625
0 0.015000 0.172000 0.015625 0.015625
0 0.793000 0.172000 0.015625 0.015625
0 0.442000 0.198000 0.015625 0.015625
0 0.340000 0.218000 0.015625 0.015625
0 0.970000 0.218000 0.015625 0.015625
0 0.794000 0.306000 0.015625 0.015625
0 0.890000 0.336000 0.015625 0.015625
0 0.068000 0.370000 0.015625 0.015625
0 0.690000 0.380000 0.015625 0.015625
0 0.078000 0.418000 0.015625 0.015625
0 0.238000 0.448000 0.015625 0.015625
0 0.012000 0.452000 0.015625 0.015625
0 0.086000 0.452000 0.015625 0.015625
0 0.434000 0.456000 0.015625 0.015625
0 0.182000 0.480000 0.015625 0.015625
0 0.514000 0.494000 0.015625 0.015625
0 0.230000 0.505000 0.015625 0.015625
0 0.328000 0.526000 0.015625 0.015625
0 0.128000 0.528000 0.015625 0.015625
0 0.302000 0.542000 0.015625 0.015625
0 0.340000 0.570000 0.015625 0.015625
0 0.806000 0.570000 0.015625 0.015625
0 0.634000 0.588000 0.015625 0.015625
0 0.490000 0.654000 0.015625 0.015625
0 0.660000 0.676000 0.015625 0.015625
0 0.174000 0.694000 0.015625 0.015625
0 0.610000 0.710000 0.015625 0.015625
0 0.270000 0.720000 0.015625 0.015625
0 0.462000 0.720000 0.015625 0.015625
0 0.926000 0.760000 0.015625 0.015625
0 0.714000 0.774000 0.015625 0.015625
0 0.114000 0.796000 0.015625 0.015625
0 0.390000 0.796000 0.015625 0.015625
0 0.578000 0.806000 0.015625 0.015625
0 0.518000 0.808000 0.015625 0.015625
0 0.834000 0.818000 0.015625 0.015625
0 0.746000 0.842000 0.015625 0.015625
0 0.846000 0.866000 0.015625 0.015625
0 0.334000 0.900000 0.015625 0.015625
0 0.514000 0.956000 0.015625 0.015625
0 0.394000 0.960000 0.015625 0.015625
0 0.866000 0.968000 0.015625 0.015625
0 0.250000 0.994000 0.015625 0.015625
