0 0.805421 0.887373 0.016519 0.016303
0 0.954954 0.784750 0.015888 0.015762
0 0.252000 0.010000 0.015625 0.015625
0 0.204000 0.012000 0.015625 0.015625
0 0.794000 0.024000 0.015625 0.015625
0 0.574000 0.056000 0.015625 0.015625
0 0.604000 0.116000 0.015625 0.015625
0 0.906000 0.150000 0.015625 0.015625
0 0.776000 0.164000 0.015625 0.015625
0 0.220000 0.168000 0.015625 0.015625
0 0.850000 0.206000 0.015625 0.015625
0 0.278000 0.212000 0.015625 0.015625
0 0.912000 0.266000 0.015625 0.015625
0 0.916000 0.294000 0.015625 0.015625
0 0.586000 0.308000 0.015625 0.015625
0 0.066000 0.386000 0.015625 0.015625
0 0.396000 0.388000 0.015625 0.015625
0 0.054000 0.408000 0.015625 0.015625
0 0.010000 0.454000 0.015625 0.015625
0 0.544000 0.460000 0.015625 0.015625
0 0.150000 0.464000 0.015625 0.015625
0 0.208000 0.500000 0.015625 0.015625
0 0.346000 0.510000 0.015625 0.015625
0 0.158000 0.518000 0.015625 0.015625
0 0.334000 0.548000 0.015625 0.015625
0 0.718000 0.568000 0.015625 0.015625
0 0.670000 0.580000 0.015625 0.015625
0 0.214000 0.602000 0.015625 0.015625
0 0.576000 0.650000 0.015625 0.015625
0 0.838000 0.666000 0.015625 0.015625
0 0.178000 0.690000 0.015625 0.015625
0 0.458000 0.724000 0.015625 0.015625
0 0.130000 0.736000 0.015625 0.015625
0 0.034000 0.746000 0.015625 0.015625
0 0.620000 0.748000 0.015625 0.015625
0 0.730000 0.764000 0.015625 0.015625
0 0.538000 0.802000 0.015625 0.015625
0 0.146000 0.808000 0.015625 0.015625
0 0.740000 0.832000 0.015625 0.015625
0 0.362000 0.834000 0.015625 0.015625
0 0.842000 0.866000 0.015625 0.015625
0 0.900000 0.914000 0.015625 0.015625
0 0.554000 0.926000 0.015625 0.015625
0 0.406000 0.970000 0.015625 0.015625
0 0.522000 0.990000 0.015625 0.015625
0 0.594135 0.793057 0.015570 0.015141
0 0.313958 0.819487 0.016052 0.015813
0 0.311329 0.515941 0.015850 0.015719
0 0.721644 0.981604 0.016331 0.016467
