0 0.204880 0.012479 0.016291 0.016272
0 0.972784 0.726297 0.015684 0.015806
0 0.250000 0.015625 0.015625 0.015625
0 0.203125 0.031250 0.015625 0.015625
0 0.609375 0.031250 0.015625 0.015625
0 0.789063 0.031250 0.015625 0.015625
0 0.578125 0.109375 0.015625 0.015625
0 0.390625 0.218750 0.015625 0.015625
0 0.796875 0.265625 0.015625 0.015625
0 0.906250 0.265625 0.015625 0.015625
0 0.617188 0.328125 0.015625 0.015625
0 0.195313 0.375000 0.015625 0.015625
0 0.078125 0.390625 0.015625 0.015625
0 0.015625 0.421875 0.015625 0.015625
0 0.250000 0.468750 0.015625 0.015625
0 0.937500 0.484375 0.015625 0.015625
0 0.140625 0.515625 0.015625 0.015625
0 0.593750 0.515625 0.015625 0.015625
0 0.312500 0.562500 0.015625 0.015625
0 0.578125 0.562500 0.015625 0.015625
0 0.421875 0.578125 0.015625 0.015625
0 0.781250 0.578125 0.015625 0.015625
0 0.171875 0.593750 0.015625 0.015625
0 0.578125 0.593750 0.015625 0.015625
0 0.203125 0.625000 0.015625 0.015625
0 0.656250 0.625000 0.015625 0.015625
0 0.906250 0.640625 0.015625 0.015625
0 0.656250 0.656250 0.015625 0.015625
0 0.406250 0.750000 0.015625 0.015625
0 0.718750 0.765625 0.015625 0.015625
0 0.585938 0.789063 0.015625 0.015625
0 0.062500 0.796875 0.015625 0.015625
0 0.531250 0.800000 0.015625 0.015625
0 0.281250 0.843750 0.015625 0.015625
0 0.750000 0.875000 0.015625 0.015625
0 0.921875 0.890625 0.015625 0.015625
0 0.406250 0.906250 0.015625 0.015625
0 0.695313 0.921875 0.015625 0.015625
0 0.453125 0.937500 0.015625 0.015625
0 0.937500 0.953125 0.015625 0.015625
0 0.203125 0.953125 0.015625 0.015625
0 0.281250 0.953125 0.015625 0.015625
0 0.500000 0.968750 0.015625 0.015625
0 0.226563 0.976563 0.015625 0.015625
0 0.128258 0.465118 0.015467 0.015310
