0 0.276000 0.008000 0.015625 0.015625
0 0.210000 0.010000 0.015625 0.015625
0 0.248000 0.016000 0.015625 0.015625
0 0.516000 0.022000 0.015625 0.015625
0 0.554000 0.028000 0.015625 0.015625
0 0.782000 0.032000 0.015625 0.015625
0 0.524000 0.086000 0.015625 0.015625
0 0.412000 0.090000 0.015625 0.015625
0 0.576000 0.154000 0.015625 0.015625
0 0.770000 0.180000 0.015625 0.015625
0 0.282000 0.202000 0.015625 0.015625
0 0.318000 0.226000 0.015625 0.015625
0 0.908000 0.328000 0.015625 0.015625
0 0.684000 0.358000 0.015625 0.015625
0 0.954000 0.370000 0.015625 0.015625
0 0.410000 0.376000 0.015625 0.015625
0 0.062000 0.384000 0.015625 0.015625
0 0.280000 0.414000 0.015625 0.015625
0 0.072000 0.446000 0.015625 0.015625
0 0.110000 0.454000 0.015625 0.015625
0 0.012000 0.456000 0.015625 0.015625
0 0.150000 0.472000 0.015625 0.015625
0 0.346000 0.472000 0.015625 0.015625
0 0.534000 0.488000 0.015625 0.015625
0 0.156000 0.508000 0.015625 0.015625
0 0.216000 0.516000 0.015625 0.015625
0 0.234000 0.532000 0.015625 0.015625
0 0.732000 0.536000 0.015625 0.015625
0 0.708000 0.542000 0.015625 0.015625
0 0.314000 0.550000 0.015625 0.015625
0 0.326000 0.582000 0.015625 0.015625
0 0.806000 0.606000 0.015625 0.015625
0 0.086000 0.628000 0.015625 0.015625
0 0.470000 0.660000 0.015625 0.015625
0 0.158000 0.716000 0.015625 0.015625
0 0.466000 0.722000 0.015625 0.015625
0 0.134000 0.748000 0.015625 0.015625
0 0.714000 0.764000 0.015625 0.015625
0 0.882000 0.780000 0.015625 0.015625
0 0.570000 0.794000 0.015625 0.015625
0 0.526000 0.810000 0.015625 0.015625
0 0.090000 0.816000 0.015625 0.015625
0 0.618000 0.820000 0.015625 0.015625
0 0.346000 0.842000 0.015625 0.015625
0 0.302000 0.850000 0.015625 0.015625
0 0.638000 0.850000 0.015625 0.015625
0 0.854000 0.860000 0.015625 0.015625
0 0.762000 0.890000 0.015625 0.015625
0 0.690000 0.924000 0.015625 0.015625
0 0.578000 0.926000 0.015625 0.015625
0 0.510000 0.960000 0.015625 0.015625
0 0.934000 0.986000 0.015625 0.015625
0 0.758000 0.990000 0.015625 0.015625
0 0.359155 0.916275 0.015625 0.015625
