0 0.206000 0.016000 0.015625 0.015625
0 0.786000 0.044000 0.015625 0.015625
0 0.014000 0.072000 0.015625 0.015625
0 0.626000 0.088000 0.015625 0.015625
0 0.488000 0.092000 0.015625 0.015625
0 0.570000 0.100000 0.015625 0.015625
0 0.170000 0.118000 0.015625 0.015625
0 0.990000 0.122000 0.015625 0.015625
0 0.526000 0.130000 0.015625 0.015625
0 0.780000 0.184000 0.015625 0.015625
0 0.284000 0.228000 0.015625 0.015625
0 0.388000 0.264000 0.015625 0.015625
0 0.912000 0.318000 0.015625 0.015625
0 0.312000 0.338000 0.015625 0.015625
0 0.644000 0.348000 0.015625 0.015625
0 0.388000 0.380000 0.015625 0.015625
0 0.064000 0.382000 0.015625 0.015625
0 0.982000 0.388000 0.015625 0.015625
0 0.054000 0.410000 0.015625 0.015625
0 0.552000 0.414000 0.015625 0.015625
0 0.904000 0.422000 0.015625 0.015625
0 0.078000 0.448000 0.015625 0.015625
0 0.108000 0.452000 0.015625 0.015625
0 0.010000 0.456000 0.015625 0.015625
0 0.148000 0.470000 0.015625 0.015625
0 0.418000 0.501000 0.015625 0.015625
0 0.208000 0.508000 0.015625 0.015625
0 0.160000 0.512000 0.015625 0.015625
0 0.312000 0.530000 0.015625 0.015625
0 0.216000 0.546000 0.015625 0.015625
0 0.322000 0.568000 0.015625 0.015625
0 0.574000 0.580000 0.015625 0.015625
0 0.726000 0.606000 0.015625 0.015625
0 0.798000 0.610000 0.015625 0.015625
0 0.526000 0.620000 0.015625 0.015625
0 0.828000 0.630000 0.015625 0.015625
0 0.086000 0.636000 0.015625 0.015625
0 0.100000 0.696000 0.015625 0.015625
0 0.460000 0.718000 0.015625 0.015625
0 0.166000 0.720000 0.015625 0.015625
0 0.566000 0.754000 0.015625 0.015625
0 0.678000 0.754000 0.015625 0.015625
0 0.720000 0.758000 0.015625 0.015625
0 0.604000 0.796000 0.015625 0.015625
0 0.946000 0.796000 0.015625 0.015625
0 0.586000 0.802000 0.015625 0.015625
0 0.260000 0.804000 0.015625 0.015625
0 0.094000 0.810000 0.015625 0.015625
0 0.538000 0.816000 0.015625 0.015625
0 0.360000 0.840000 0.015625 0.015625
0 0.794000 0.874000 0.015625 0.015625
0 0.850000 0.890000 0.015625 0.015625
0 0.366000 0.900000 0.015625 0.015625
0 0.570000 0.922000 0.015625 0.015625
0 0.954000 0.924000 0.015625 0.015625
0 0.490000 0.968000 0.015625 0.015625
0 0.714000 0.990000 0.015625 0.015625
0 0.549296 0.005477 0.015625 0.015625
0 0.251174 0.014085 0.015625 0.015625
