0 0.919831 0.731141 0.015830 0.015992
0 0.550000 0.006000 0.015625 0.015625
0 0.255000 0.008000 0.015625 0.015625
0 0.895000 0.012000 0.015625 0.015625
0 0.212000 0.015000 0.015625 0.015625
0 0.806000 0.060000 0.015625 0.015625
0 0.645000 0.082000 0.015625 0.015625
0 0.900000 0.150000 0.015625 0.015625
0 0.576000 0.154000 0.015625 0.015625
0 0.035000 0.254000 0.015625 0.015625
0 0.906000 0.268000 0.015625 0.015625
0 0.230000 0.286000 0.015625 0.015625
0 0.295000 0.304000 0.015625 0.015625
0 0.400000 0.346000 0.015625 0.015625
0 0.484000 0.408000 0.015625 0.015625
0 0.010000 0.440000 0.015625 0.015625
0 0.180000 0.446000 0.015625 0.015625
0 0.990000 0.450000 0.015625 0.015625
0 0.320000 0.464000 0.015625 0.015625
0 0.216000 0.468000 0.015625 0.015625
0 0.348000 0.490000 0.015625 0.015625
0 0.734000 0.540000 0.015625 0.015625
0 0.208000 0.554000 0.015625 0.015625
0 0.128000 0.562000 0.015625 0.015625
0 0.148000 0.574000 0.015625 0.015625
0 0.326000 0.574000 0.015625 0.015625
0 0.448000 0.588000 0.015625 0.015625
0 0.626000 0.596000 0.015625 0.015625
0 0.424000 0.606000 0.015625 0.015625
0 0.452000 0.634000 0.015625 0.015625
0 0.568000 0.658000 0.015625 0.015625
0 0.680000 0.668000 0.015625 0.015625
0 0.714000 0.676000 0.015625 0.015625
0 0.598000 0.728000 0.015625 0.015625
0 0.114000 0.742000 0.015625 0.015625
0 0.724000 0.774000 0.015625 0.015625
0 0.214000 0.780000 0.015625 0.015625
0 0.686000 0.790000 0.015625 0.015625
0 0.822000 0.824000 0.015625 0.015625
0 0.592000 0.830000 0.015625 0.015625
0 0.330000 0.838000 0.015625 0.015625
0 0.538000 0.850000 0.015625 0.015625
0 0.382000 0.898000 0.015625 0.015625
0 0.154000 0.916000 0.015625 0.015625
0 0.694000 0.926000 0.015625 0.015625
0 0.486000 0.960000 0.015625 0.015625
0 0.518000 0.962000 0.015625 0.015625
0 0.234000 0.982000 0.015625 0.015625
0 0.075117 0.413928 0.015625 0.015625
0 0.082942 0.446009 0.015625 0.015625
0 0.107981 0.448357 0.015625 0.015625
0 0.165884 0.905321 0.015625 0.015625
0 0.868618 0.006297 0.015005 0.012594
0 0.071399 0.375189 0.016611 0.016299
