0 0.589063 0.725005 0.016042 0.016188
0 0.078125 0.012500 0.015625 0.015625
0 0.250000 0.015625 0.015625 0.015625
0 0.312500 0.015625 0.015625 0.015625
0 0.210938 0.023438 0.015625 0.015625
0 0.781250 0.031250 0.015625 0.015625
0 0.648438 0.093750 0.015625 0.015625
0 0.070313 0.109375 0.015625 0.015625
0 0.414063 0.148438 0.015625 0.015625
0 0.171875 0.156250 0.015625 0.015625
0 0.523438 0.203125 0.015625 0.015625
0 0.921875 0.257813 0.015625 0.015625
0 0.617188 0.273438 0.015625 0.015625
0 0.062500 0.328125 0.015625 0.015625
0 0.757813 0.335938 0.015625 0.015625
0 0.226563 0.437500 0.015625 0.015625
0 0.773438 0.460938 0.015625 0.015625
0 0.289063 0.476563 0.015625 0.015625
0 0.875000 0.476563 0.015625 0.015625
0 0.125000 0.492188 0.015625 0.015625
0 0.625000 0.492188 0.015625 0.015625
0 0.992188 0.500000 0.015625 0.015625
0 0.523438 0.523438 0.015625 0.015625
0 0.304688 0.539063 0.015625 0.015625
0 0.218750 0.554688 0.015625 0.015625
0 0.429688 0.554688 0.015625 0.015625
0 0.593750 0.562500 0.015625 0.015625
0 0.210938 0.609375 0.015625 0.015625
0 0.007813 0.632813 0.015625 0.015625
0 0.234375 0.632813 0.015625 0.015625
0 0.156250 0.640625 0.015625 0.015625
0 0.617188 0.640625 0.015625 0.015625
0 0.539063 0.679688 0.015625 0.015625
0 0.531250 0.726563 0.015625 0.015625
0 0.789063 0.726563 0.015625 0.015625
0 0.226563 0.750000 0.015625 0.015625
0 0.726563 0.757813 0.015625 0.015625
0 0.750000 0.789063 0.015625 0.015625
0 0.117188 0.800000 0.015625 0.015625
0 0.882813 0.835938 0.015625 0.015625
0 0.015625 0.851563 0.015625 0.015625
0 0.781250 0.867188 0.015625 0.015625
0 0.312500 0.882813 0.015625 0.015625
0 0.367188 0.953125 0.015625 0.015625
0 0.242188 0.968750 0.015625 0.015625
0 0.492188 0.984375 0.015625 0.015625
0 0.945313 0.992188 0.015625 0.015625
0 0.047222 0.438889 0.015625 0.015625
0 0.498379 0.995147 0.015749 0.009705
