0 0.250000 0.008000 0.015625 0.015625
0 0.930000 0.017000 0.015625 0.015625
0 0.508000 0.020000 0.015625 0.015625
0 0.796000 0.047000 0.015625 0.015625
0 0.584000 0.096000 0.015625 0.015625
0 0.756000 0.114000 0.015625 0.015625
0 0.172000 0.117000 0.015625 0.015625
0 0.408000 0.122000 0.015625 0.015625
0 0.804000 0.128000 0.015625 0.015625
0 0.008000 0.130000 0.015625 0.015625
0 0.342000 0.133000 0.015625 0.015625
0 0.762000 0.218000 0.015625 0.015625
0 0.537000 0.254000 0.015625 0.015625
0 0.594000 0.283000 0.015625 0.015625
0 0.528000 0.302000 0.015625 0.015625
0 0.895000 0.337000 0.015625 0.015625
0 0.060000 0.386000 0.015625 0.015625
0 0.466000 0.392000 0.015625 0.015625
0 0.678000 0.398000 0.015625 0.015625
0 0.329000 0.407000 0.015625 0.015625
0 0.073000 0.416000 0.015625 0.015625
0 0.651000 0.436000 0.015625 0.015625
0 0.014000 0.448000 0.015625 0.015625
0 0.078000 0.448000 0.015625 0.015625
0 0.218000 0.472000 0.015625 0.015625
0 0.357000 0.481000 0.015625 0.015625
0 0.180000 0.488000 0.015625 0.015625
0 0.258000 0.488000 0.015625 0.015625
0 0.383000 0.514000 0.015625 0.015625
0 0.224000 0.520000 0.015625 0.015625
0 0.379000 0.529000 0.015625 0.015625
0 0.739000 0.558000 0.015625 0.015625
0 0.699000 0.568000 0.015625 0.015625
0 0.574000 0.580000 0.015625 0.015625
0 0.713000 0.606000 0.015625 0.015625
0 0.282000 0.628000 0.015625 0.015625
0 0.158000 0.640000 0.015625 0.015625
0 0.608000 0.646000 0.015625 0.015625
0 0.424000 0.670000 0.015625 0.015625
0 0.248000 0.678000 0.015625 0.015625
0 0.124000 0.742000 0.015625 0.015625
0 0.298000 0.754000 0.015625 0.015625
0 0.718000 0.778000 0.015625 0.015625
0 0.510000 0.784000 0.015625 0.015625
0 0.574000 0.788000 0.015625 0.015625
0 0.717000 0.823000 0.015625 0.015625
0 0.772000 0.841000 0.015625 0.015625
0 0.948000 0.844000 0.015625 0.015625
0 0.882000 0.872000 0.015625 0.015625
0 0.988000 0.906000 0.015625 0.015625
0 0.696000 0.922000 0.015625 0.015625
0 0.354000 0.930000 0.015625 0.015625
0 0.584000 0.942000 0.015625 0.015625
0 0.522000 0.970000 0.015625 0.015625
0 0.338000 0.985000 0.015625 0.015625
0 0.452000 0.988000 0.015625 0.015625
0 0.246000 0.994000 0.015625 0.015625
0 0.205790 0.016432 0.015625 0.015625
0 0.007347 0.461612 0.014408 0.016038
