0 0.570000 0.005000 0.015625 0.015625
0 0.450000 0.015000 0.015625 0.015625
0 0.930000 0.015000 0.015625 0.015625
0 0.980000 0.020000 0.015625 0.015625
0 0.780000 0.025000 0.015625 0.015625
0 0.270000 0.050000 0.015625 0.015625
0 0.800000 0.120000 0.015625 0.015625
0 0.560000 0.150000 0.015625 0.015625
0 0.900000 0.280000 0.015625 0.015625
0 0.880000 0.290000 0.015625 0.015625
0 0.200000 0.300000 0.015625 0.015625
0 0.320000 0.305000 0.015625 0.015625
0 0.420000 0.340000 0.015625 0.015625
0 0.250000 0.390000 0.015625 0.015625
0 0.180000 0.430000 0.015625 0.015625
0 0.080000 0.440000 0.015625 0.015625
0 0.400000 0.445000 0.015625 0.015625
0 0.010000 0.450000 0.015625 0.015625
0 0.220000 0.460000 0.015625 0.015625
0 0.320000 0.460000 0.015625 0.015625
0 0.990000 0.475000 0.015625 0.015625
0 0.350000 0.480000 0.015625 0.015625
0 0.550000 0.495000 0.015625 0.015625
0 0.120000 0.510000 0.015625 0.015625
0 0.510000 0.515000 0.015625 0.015625
0 0.200000 0.530000 0.015625 0.015625
0 0.340000 0.560000 0.015625 0.015625
0 0.740000 0.585000 0.015625 0.015625
0 0.960000 0.610000 0.015625 0.015625
0 0.690000 0.615000 0.015625 0.015625
0 0.520000 0.640000 0.015625 0.015625
0 0.450000 0.650000 0.015625 0.015625
0 0.720000 0.725000 0.015625 0.015625
0 0.200000 0.745000 0.015625 0.015625
0 0.770000 0.745000 0.015625 0.015625
0 0.900000 0.745000 0.015625 0.015625
0 0.660000 0.765000 0.015625 0.015625
0 0.720000 0.765000 0.015625 0.015625
0 0.580000 0.795000 0.015625 0.015625
0 0.520000 0.805000 0.015625 0.015625
0 0.900000 0.810000 0.015625 0.015625
0 0.270000 0.885000 0.015625 0.015625
0 0.180000 0.900000 0.015625 0.015625
0 0.630000 0.930000 0.015625 0.015625
0 0.430000 0.935000 0.015625 0.015625
0 0.160000 0.945000 0.015625 0.015625
0 0.490000 0.950000 0.015625 0.015625
0 0.210000 0.980000 0.015625 0.015625
0 0.500000 0.980000 0.015625 0.015625
0 0.870000 0.985000 0.015625 0.015625
0 0.251389 0.015278 0.015625 0.015625
0 0.200000 0.015278 0.015625 0.015625
0 0.056944 0.177778 0.015625 0.015625
0 0.073611 0.415278 0.015625 0.015625
0 0.069436 0.373245 0.016426 0.016573
