0 0.589500 0.826889 0.016092 0.016035
0 0.806765 0.060761 0.015783 0.015704
0 0.256250 0.007813 0.015625 0.015625
0 0.204688 0.014063 0.015625 0.015625
0 0.934375 0.015625 0.015625 0.015625
0 0.526563 0.028125 0.015625 0.015625
0 0.800000 0.028125 0.015625 0.015625
0 0.598438 0.056250 0.015625 0.015625
0 0.548438 0.134375 0.015625 0.015625
0 0.900000 0.184375 0.015625 0.015625
0 0.907813 0.268750 0.015625 0.015625
0 0.034375 0.276563 0.015625 0.015625
0 0.226563 0.285938 0.015625 0.015625
0 0.370313 0.285938 0.015625 0.015625
0 0.409375 0.362500 0.015625 0.015625
0 0.071875 0.379688 0.015625 0.015625
0 0.012500 0.429688 0.015625 0.015625
0 0.179688 0.442188 0.015625 0.015625
0 0.498438 0.442188 0.015625 0.015625
0 0.992188 0.450000 0.015625 0.015625
0 0.098438 0.451563 0.015625 0.015625
0 0.318750 0.457813 0.015625 0.015625
0 0.215625 0.465625 0.015625 0.015625
0 0.348438 0.482813 0.015625 0.015625
0 0.765625 0.537500 0.015625 0.015625
0 0.215625 0.551563 0.015625 0.015625
0 0.434375 0.551563 0.015625 0.015625
0 0.318750 0.568750 0.015625 0.015625
0 0.157813 0.579688 0.015625 0.015625
0 0.393750 0.593750 0.015625 0.015625
0 0.170313 0.600000 0.015625 0.015625
0 0.637500 0.621875 0.015625 0.015625
0 0.445313 0.628125 0.015625 0.015625
0 0.685938 0.632813 0.015625 0.015625
0 0.573438 0.664063 0.015625 0.015625
0 0.590625 0.687500 0.015625 0.015625
0 0.114063 0.723438 0.015625 0.015625
0 0.918750 0.734375 0.015625 0.015625
0 0.706250 0.740625 0.015625 0.015625
0 0.718750 0.776563 0.015625 0.015625
0 0.345313 0.815625 0.015625 0.015625
0 0.221875 0.821875 0.015625 0.015625
0 0.737500 0.821875 0.015625 0.015625
0 0.018750 0.828125 0.015625 0.015625
0 0.829688 0.843750 0.015625 0.015625
0 0.537500 0.851563 0.015625 0.015625
0 0.362500 0.873438 0.015625 0.015625
0 0.126563 0.937500 0.015625 0.015625
0 0.931250 0.937500 0.015625 0.015625
0 0.493750 0.951563 0.015625 0.015625
0 0.507813 0.970313 0.015625 0.015625
0 0.209375 0.984375 0.015625 0.015625
