0 0.492000 0.009000 0.015625 0.015625
0 0.209000 0.017000 0.015625 0.015625
0 0.258000 0.021000 0.015625 0.015625
0 0.874000 0.026000 0.015625 0.015625
0 0.646000 0.034000 0.015625 0.015625
0 0.797000 0.043000 0.015625 0.015625
0 0.609000 0.146000 0.015625 0.015625
0 0.347000 0.153000 0.015625 0.015625
0 0.700000 0.255000 0.015625 0.015625
0 0.909000 0.263000 0.015625 0.015625
0 0.292000 0.359000 0.015625 0.015625
0 0.596000 0.368000 0.015625 0.015625
0 0.232000 0.370000 0.015625 0.015625
0 0.008000 0.394000 0.015625 0.015625
0 0.608000 0.442000 0.015625 0.015625
0 0.244000 0.444000 0.015625 0.015625
0 0.206000 0.446000 0.015625 0.015625
0 0.554000 0.448000 0.015625 0.015625
0 0.784000 0.474000 0.015625 0.015625
0 0.644000 0.480000 0.015625 0.015625
0 0.128000 0.505000 0.015625 0.015625
0 0.892000 0.512000 0.015625 0.015625
0 0.558000 0.514000 0.015625 0.015625
0 0.290000 0.566000 0.015625 0.015625
0 0.412000 0.580000 0.015625 0.015625
0 0.166000 0.597000 0.015625 0.015625
0 0.230000 0.597000 0.015625 0.015625
0 0.602000 0.674000 0.015625 0.015625
0 0.056000 0.684000 0.015625 0.015625
0 0.364000 0.692000 0.015625 0.015625
0 0.790000 0.712000 0.015625 0.015625
0 0.990000 0.736000 0.015625 0.015625
0 0.684000 0.740000 0.015625 0.015625
0 0.584000 0.758000 0.015625 0.015625
0 0.719000 0.760000 0.015625 0.015625
0 0.528000 0.764000 0.015625 0.015625
0 0.024000 0.820000 0.015625 0.015625
0 0.286000 0.832000 0.015625 0.015625
0 0.920000 0.838000 0.015625 0.015625
0 0.752000 0.846000 0.015625 0.015625
0 0.028000 0.884000 0.015625 0.015625
0 0.840000 0.908000 0.015625 0.015625
0 0.348000 0.930000 0.015625 0.015625
0 0.418000 0.958000 0.015625 0.015625
0 0.226000 0.968000 0.015625 0.015625
0 0.380000 0.968000 0.015625 0.015625
0 0.056000 0.970000 0.015625 0.015625
0 0.948000 0.990000 0.015625 0.015625
0 0.492000 0.994000 0.015625 0.015625
0 0.059414 0.428241 0.015625 0.015625
