0 0.929688 0.015625 0.015625 0.015625
0 0.562500 0.031250 0.015625 0.015625
0 0.796875 0.046875 0.015625 0.015625
0 0.171875 0.109375 0.015625 0.015625
0 0.632812 0.125000 0.015625 0.015625
0 0.359375 0.132812 0.015625 0.015625
0 0.703125 0.187500 0.015625 0.015625
0 0.140625 0.265625 0.015625 0.015625
0 0.914062 0.265625 0.015625 0.015625
0 0.656250 0.296875 0.015625 0.015625
0 0.054688 0.328125 0.015625 0.015625
0 0.312500 0.375000 0.015625 0.015625
0 0.234375 0.437500 0.015625 0.015625
0 0.679688 0.453125 0.015625 0.015625
0 0.867188 0.484375 0.015625 0.015625
0 0.125000 0.500000 0.015625 0.015625
0 0.687500 0.507812 0.015625 0.015625
0 0.750000 0.507812 0.015625 0.015625
0 0.656250 0.539062 0.015625 0.015625
0 0.992188 0.546875 0.015625 0.015625
0 0.468750 0.554688 0.015625 0.015625
0 0.179688 0.562500 0.015625 0.015625
0 0.414062 0.562500 0.015625 0.015625
0 0.578125 0.578125 0.015625 0.015625
0 0.210938 0.609375 0.015625 0.015625
0 0.304688 0.632812 0.015625 0.015625
0 0.578125 0.632812 0.015625 0.015625
0 0.156250 0.640625 0.015625 0.015625
0 0.601562 0.679688 0.015625 0.015625
0 0.531250 0.750000 0.015625 0.015625
0 0.585938 0.750000 0.015625 0.015625
0 0.062500 0.757812 0.015625 0.015625
0 0.726562 0.757812 0.015625 0.015625
0 0.828125 0.820312 0.015625 0.015625
0 0.898438 0.820312 0.015625 0.015625
0 0.328125 0.851562 0.015625 0.015625
0 0.718750 0.921875 0.015625 0.015625
0 0.375000 0.937500 0.015625 0.015625
0 0.398438 0.960938 0.015625 0.015625
0 0.234375 0.968750 0.015625 0.015625
0 0.476562 0.992188 0.015625 0.015625
0 0.047222 0.441667 0.015625 0.015625
0 0.252778 0.012500 0.015625 0.015625
0 0.208333 0.019444 0.015625 0.015625
0 0.787500 0.650000 0.015625 0.015625
0 0.155556 0.773611 0.015625 0.015625
0 0.016839 0.023316 0.015625 0.015625
0 0.300518 0.547927 0.015625 0.015625
0 0.393782 0.531088 0.015625 0.015625
