0 0.250000 0.010000 0.015625 0.015625
0 0.492000 0.030000 0.015625 0.015625
0 0.782000 0.042000 0.015625 0.015625
0 0.568000 0.094000 0.015625 0.015625
0 0.026000 0.135000 0.015625 0.015625
0 0.302000 0.142000 0.015625 0.015625
0 0.792000 0.152000 0.015625 0.015625
0 0.372000 0.172000 0.015625 0.015625
0 0.672000 0.178000 0.015625 0.015625
0 0.895000 0.340000 0.015625 0.015625
0 0.116000 0.366000 0.015625 0.015625
0 0.060000 0.376000 0.015625 0.015625
0 0.708000 0.392000 0.015625 0.015625
0 0.522000 0.400000 0.015625 0.015625
0 0.050000 0.408000 0.015625 0.015625
0 0.406000 0.412000 0.015625 0.015625
0 0.076000 0.448000 0.015625 0.015625
0 0.008000 0.456000 0.015625 0.015625
0 0.310000 0.474000 0.015625 0.015625
0 0.206000 0.480000 0.015625 0.015625
0 0.840000 0.498000 0.015625 0.015625
0 0.146000 0.500000 0.015625 0.015625
0 0.246000 0.501000 0.015625 0.015625
0 0.344000 0.524000 0.015625 0.015625
0 0.296000 0.530000 0.015625 0.015625
0 0.366000 0.558000 0.015625 0.015625
0 0.498000 0.562000 0.015625 0.015625
0 0.678000 0.570000 0.015625 0.015625
0 0.574000 0.580000 0.015625 0.015625
0 0.734000 0.624000 0.015625 0.015625
0 0.436000 0.670000 0.015625 0.015625
0 0.200000 0.690000 0.015625 0.015625
0 0.458000 0.720000 0.015625 0.015625
0 0.814000 0.734000 0.015625 0.015625
0 0.138000 0.742000 0.015625 0.015625
0 0.718000 0.776000 0.015625 0.015625
0 0.890000 0.788000 0.015625 0.015625
0 0.582000 0.810000 0.015625 0.015625
0 0.518000 0.814000 0.015625 0.015625
0 0.714000 0.820000 0.015625 0.015625
0 0.314000 0.830000 0.015625 0.015625
0 0.954000 0.902000 0.015625 0.015625
0 0.350000 0.930000 0.015625 0.015625
0 0.606000 0.940000 0.015625 0.015625
0 0.501000 0.950000 0.015625 0.015625
0 0.770000 0.984000 0.015625 0.015625
0 0.209703 0.010172 0.015625 0.015625
0 0.076682 0.417058 0.015625 0.015625
