0 0.245000 0.010000 0.015625 0.015625
0 0.494000 0.022000 0.015625 0.015625
0 0.792000 0.044000 0.015625 0.015625
0 0.588000 0.094000 0.015625 0.015625
0 0.770000 0.106000 0.015625 0.015625
0 0.804000 0.126000 0.015625 0.015625
0 0.006000 0.132000 0.015625 0.015625
0 0.396000 0.134000 0.015625 0.015625
0 0.620000 0.238000 0.015625 0.015625
0 0.516000 0.256000 0.015625 0.015625
0 0.534000 0.282000 0.015625 0.015625
0 0.894000 0.336000 0.015625 0.015625
0 0.070000 0.376000 0.015625 0.015625
0 0.324000 0.384000 0.015625 0.015625
0 0.480000 0.398000 0.015625 0.015625
0 0.046000 0.408000 0.015625 0.015625
0 0.654000 0.428000 0.015625 0.015625
0 0.080000 0.446000 0.015625 0.015625
0 0.008000 0.458000 0.015625 0.015625
0 0.360000 0.470000 0.015625 0.015625
0 0.214000 0.472000 0.015625 0.015625
0 0.192000 0.488000 0.015625 0.015625
0 0.254000 0.488000 0.015625 0.015625
0 0.382000 0.500000 0.015625 0.015625
0 0.188000 0.526000 0.015625 0.015625
0 0.738000 0.558000 0.015625 0.015625
0 0.694000 0.560000 0.015625 0.015625
0 0.606000 0.626000 0.015625 0.015625
0 0.704000 0.626000 0.015625 0.015625
0 0.336000 0.664000 0.015625 0.015625
0 0.246000 0.668000 0.015625 0.015625
0 0.424000 0.668000 0.015625 0.015625
0 0.306000 0.726000 0.015625 0.015625
0 0.124000 0.744000 0.015625 0.015625
0 0.716000 0.770000 0.015625 0.015625
0 0.508000 0.788000 0.015625 0.015625
0 0.570000 0.788000 0.015625 0.015625
0 0.888000 0.818000 0.015625 0.015625
0 0.718000 0.820000 0.015625 0.015625
0 0.966000 0.828000 0.015625 0.015625
0 0.774000 0.854000 0.015625 0.015625
0 0.976000 0.892000 0.015625 0.015625
0 0.790000 0.898000 0.015625 0.015625
0 0.346000 0.932000 0.015625 0.015625
0 0.588000 0.934000 0.015625 0.015625
0 0.250000 0.958000 0.015625 0.015625
0 0.514000 0.968000 0.015625 0.015625
0 0.344000 0.990000 0.015625 0.015625
0 0.448000 0.990000 0.015625 0.015625
0 0.167449 0.535211 0.015625 0.015625
0 0.074620 0.423923 0.015694 0.015597
