0 0.250000 0.010000 0.015625 0.015625
0 0.208000 0.012000 0.015625 0.015625
0 0.568000 0.012000 0.015625 0.015625
0 0.108000 0.016000 0.015625 0.015625
0 0.796000 0.044000 0.015625 0.015625
0 0.484000 0.076000 0.015625 0.015625
0 0.264000 0.090000 0.015625 0.015625
0 0.684000 0.098000 0.015625 0.015625
0 0.018000 0.102000 0.015625 0.015625
0 0.576000 0.112000 0.015625 0.015625
0 0.772000 0.150000 0.015625 0.015625
0 0.890000 0.176000 0.015625 0.015625
0 0.306000 0.224000 0.015625 0.015625
0 0.964000 0.244000 0.015625 0.015625
0 0.498000 0.262000 0.015625 0.015625
0 0.472000 0.286000 0.015625 0.015625
0 0.908000 0.290000 0.015625 0.015625
0 0.868000 0.294000 0.015625 0.015625
0 0.460000 0.328000 0.015625 0.015625
0 0.236000 0.334000 0.015625 0.015625
0 0.066000 0.380000 0.015625 0.015625
0 0.078000 0.440000 0.015625 0.015625
0 0.014000 0.454000 0.015625 0.015625
0 0.726000 0.454000 0.015625 0.015625
0 0.154000 0.466000 0.015625 0.015625
0 0.528000 0.470000 0.015625 0.015625
0 0.490000 0.488000 0.015625 0.015625
0 0.210000 0.494000 0.015625 0.015625
0 0.106000 0.501000 0.015625 0.015625
0 0.314000 0.518000 0.015625 0.015625
0 0.334000 0.554000 0.015625 0.015625
0 0.478000 0.610000 0.015625 0.015625
0 0.694000 0.620000 0.015625 0.015625
0 0.628000 0.700000 0.015625 0.015625
0 0.182000 0.708000 0.015625 0.015625
0 0.770000 0.714000 0.015625 0.015625
0 0.066000 0.720000 0.015625 0.015625
0 0.186000 0.728000 0.015625 0.015625
0 0.474000 0.730000 0.015625 0.015625
0 0.902000 0.766000 0.015625 0.015625
0 0.718000 0.770000 0.015625 0.015625
0 0.250000 0.786000 0.015625 0.015625
0 0.634000 0.798000 0.015625 0.015625
0 0.188000 0.810000 0.015625 0.015625
0 0.590000 0.810000 0.015625 0.015625
0 0.530000 0.818000 0.015625 0.015625
0 0.038000 0.820000 0.015625 0.015625
0 0.674000 0.824000 0.015625 0.015625
0 0.790000 0.860000 0.015625 0.015625
0 0.924000 0.860000 0.015625 0.015625
0 0.174000 0.874000 0.015625 0.015625
0 0.422000 0.884000 0.015625 0.015625
0 0.880000 0.900000 0.015625 0.015625
0 0.508000 0.954000 0.015625 0.015625
0 0.390000 0.978000 0.015625 0.015625
0 0.208000 0.990000 0.015625 0.015625
0 0.080595 0.417840 0.015625 0.015625
