0 0.715921 0.818790 0.015603 0.015857
0 0.554000 0.010000 0.015625 0.015625
0 0.248000 0.012000 0.015625 0.015625
0 0.206000 0.016000 0.015625 0.015625
0 0.796000 0.026000 0.015625 0.015625
0 0.546000 0.036000 0.015625 0.015625
0 0.323000 0.084000 0.015625 0.015625
0 0.566000 0.094000 0.015625 0.015625
0 0.472000 0.118000 0.015625 0.015625
0 0.014000 0.126000 0.015625 0.015625
0 0.786000 0.130000 0.015625 0.015625
0 0.008000 0.230000 0.015625 0.015625
0 0.468000 0.262000 0.015625 0.015625
0 0.890000 0.334000 0.015625 0.015625
0 0.538000 0.366000 0.015625 0.015625
0 0.066000 0.376000 0.015625 0.015625
0 0.434000 0.378000 0.015625 0.015625
0 0.038000 0.408000 0.015625 0.015625
0 0.150000 0.438000 0.015625 0.015625
0 0.084000 0.448000 0.015625 0.015625
0 0.010000 0.454000 0.015625 0.015625
0 0.808000 0.490000 0.015625 0.015625
0 0.226000 0.494000 0.015625 0.015625
0 0.355000 0.500000 0.015625 0.015625
0 0.254000 0.505000 0.015625 0.015625
0 0.666000 0.506000 0.015625 0.015625
0 0.146000 0.510000 0.015625 0.015625
0 0.190000 0.528000 0.015625 0.015625
0 0.378000 0.538000 0.015625 0.015625
0 0.802000 0.582000 0.015625 0.015625
0 0.250000 0.632000 0.015625 0.015625
0 0.614000 0.658000 0.015625 0.015625
0 0.544000 0.670000 0.015625 0.015625
0 0.444000 0.680000 0.015625 0.015625
0 0.234000 0.690000 0.015625 0.015625
0 0.582000 0.716000 0.015625 0.015625
0 0.122000 0.766000 0.015625 0.015625
0 0.718000 0.772000 0.015625 0.015625
0 0.892000 0.790000 0.015625 0.015625
0 0.382000 0.794000 0.015625 0.015625
0 0.516000 0.804000 0.015625 0.015625
0 0.854000 0.906000 0.015625 0.015625
0 0.958000 0.934000 0.015625 0.015625
0 0.344000 0.940000 0.015625 0.015625
0 0.538000 0.948000 0.015625 0.015625
0 0.600000 0.976000 0.015625 0.015625
0 0.786000 0.994000 0.015625 0.015625
0 0.075117 0.420188 0.015625 0.015625
0 0.577758 0.799390 0.015354 0.015190
