0 0.947113 0.730263 0.015731 0.015771
0 0.252000 0.010000 0.015625 0.015625
0 0.214000 0.012000 0.015625 0.015625
0 0.804000 0.039000 0.015625 0.015625
0 0.622000 0.118000 0.015625 0.015625
0 0.726000 0.222000 0.015625 0.015625
0 0.352000 0.228000 0.015625 0.015625
0 0.896000 0.260000 0.015625 0.015625
0 0.926000 0.260000 0.015625 0.015625
0 0.276000 0.300000 0.015625 0.015625
0 0.560000 0.320000 0.015625 0.015625
0 0.092000 0.382000 0.015625 0.015625
0 0.020000 0.412000 0.015625 0.015625
0 0.792000 0.428000 0.015625 0.015625
0 0.086000 0.444000 0.015625 0.015625
0 0.192000 0.456000 0.015625 0.015625
0 0.608000 0.472000 0.015625 0.015625
0 0.656000 0.500000 0.015625 0.015625
0 0.852000 0.501000 0.015625 0.015625
0 0.138000 0.510000 0.015625 0.015625
0 0.272000 0.524000 0.015625 0.015625
0 0.516000 0.526000 0.015625 0.015625
0 0.640000 0.544000 0.015625 0.015625
0 0.320000 0.570000 0.015625 0.015625
0 0.416000 0.578000 0.015625 0.015625
0 0.168000 0.588000 0.015625 0.015625
0 0.632000 0.602000 0.015625 0.015625
0 0.232000 0.614000 0.015625 0.015625
0 0.550000 0.664000 0.015625 0.015625
0 0.916000 0.670000 0.015625 0.015625
0 0.090000 0.680000 0.015625 0.015625
0 0.720000 0.766000 0.015625 0.015625
0 0.584000 0.786000 0.015625 0.015625
0 0.052000 0.796000 0.015625 0.015625
0 0.530000 0.804000 0.015625 0.015625
0 0.428000 0.806000 0.015625 0.015625
0 0.292000 0.812000 0.015625 0.015625
0 0.912000 0.882000 0.015625 0.015625
0 0.716000 0.898000 0.015625 0.015625
0 0.368000 0.916000 0.015625 0.015625
0 0.434000 0.946000 0.015625 0.015625
0 0.228000 0.972000 0.015625 0.015625
0 0.692651 0.921158 0.015438 0.015458
