0 0.690000 0.020000 0.015625 0.015625
0 0.570000 0.160000 0.015625 0.015625
0 0.840000 0.190000 0.015625 0.015625
0 0.270000 0.200000 0.015625 0.015625
0 0.890000 0.270000 0.015625 0.015625
0 0.410000 0.330000 0.015625 0.015625
0 0.260000 0.340000 0.015625 0.015625
0 0.070000 0.380000 0.015625 0.015625
0 0.500000 0.400000 0.015625 0.015625
0 0.180000 0.440000 0.015625 0.015625
0 0.010000 0.450000 0.015625 0.015625
0 0.320000 0.460000 0.015625 0.015625
0 0.220000 0.470000 0.015625 0.015625
0 0.100000 0.480000 0.015625 0.015625
0 0.350000 0.480000 0.015625 0.015625
0 0.470000 0.520000 0.015625 0.015625
0 0.120000 0.550000 0.015625 0.015625
0 0.190000 0.560000 0.015625 0.015625
0 0.340000 0.560000 0.015625 0.015625
0 0.810000 0.570000 0.015625 0.015625
0 0.450000 0.620000 0.015625 0.015625
0 0.660000 0.640000 0.015625 0.015625
0 0.550000 0.650000 0.015625 0.015625
0 0.110000 0.680000 0.015625 0.015625
0 0.710000 0.680000 0.015625 0.015625
0 0.590000 0.720000 0.015625 0.015625
0 0.900000 0.750000 0.015625 0.015625
0 0.650000 0.760000 0.015625 0.015625
0 0.210000 0.770000 0.015625 0.015625
0 0.720000 0.780000 0.015625 0.015625
0 0.830000 0.800000 0.015625 0.015625
0 0.020000 0.820000 0.015625 0.015625
0 0.580000 0.830000 0.015625 0.015625
0 0.660000 0.840000 0.015625 0.015625
0 0.310000 0.850000 0.015625 0.015625
0 0.530000 0.850000 0.015625 0.015625
0 0.400000 0.940000 0.015625 0.015625
0 0.190000 0.980000 0.015625 0.015625
0 0.230000 0.980000 0.015625 0.015625
0 0.530000 0.980000 0.015625 0.015625
0 0.660000 0.990000 0.015625 0.015625
0 0.494444 0.951389 0.015625 0.015625
0 0.194444 0.902778 0.015625 0.015625
0 0.966667 0.490278 0.015625 0.015625
0 0.265278 0.066667 0.015625 0.015625
0 0.247222 0.018056 0.015625 0.015625
0 0.204167 0.008333 0.015625 0.015625
0 0.034722 0.216667 0.015625 0.015625
0 0.781944 0.037500 0.015625 0.015625
0 0.825000 0.063889 0.015625 0.015625
0 0.523474 0.632238 0.015625 0.015625
