0 0.247000 0.007000 0.015625 0.015625
0 0.205000 0.015000 0.015625 0.015625
0 0.500000 0.021000 0.015625 0.015625
0 0.791000 0.043000 0.015625 0.015625
0 0.569000 0.097000 0.015625 0.015625
0 0.023000 0.145000 0.015625 0.015625
0 0.797000 0.149000 0.015625 0.015625
0 0.309000 0.153000 0.015625 0.015625
0 0.713000 0.159000 0.015625 0.015625
0 0.370000 0.167000 0.015625 0.015625
0 0.373000 0.213000 0.015625 0.015625
0 0.991000 0.251000 0.015625 0.015625
0 0.893000 0.335000 0.015625 0.015625
0 0.107000 0.365000 0.015625 0.015625
0 0.061000 0.381000 0.015625 0.015625
0 0.707000 0.383000 0.015625 0.015625
0 0.517000 0.401000 0.015625 0.015625
0 0.045000 0.413000 0.015625 0.015625
0 0.393000 0.417000 0.015625 0.015625
0 0.325000 0.419000 0.015625 0.015625
0 0.085000 0.449000 0.015625 0.015625
0 0.013000 0.455000 0.015625 0.015625
0 0.203000 0.489000 0.015625 0.015625
0 0.153000 0.491000 0.015625 0.015625
0 0.835000 0.500000 0.015625 0.015625
0 0.241000 0.504000 0.015625 0.015625
0 0.309000 0.511000 0.015625 0.015625
0 0.365000 0.549000 0.015625 0.015625
0 0.515000 0.549000 0.015625 0.015625
0 0.700000 0.571000 0.015625 0.015625
0 0.576000 0.578000 0.015625 0.015625
0 0.731000 0.617000 0.015625 0.015625
0 0.434000 0.673000 0.015625 0.015625
0 0.202000 0.689000 0.015625 0.015625
0 0.459000 0.719000 0.015625 0.015625
0 0.847000 0.735000 0.015625 0.015625
0 0.139000 0.737000 0.015625 0.015625
0 0.723000 0.779000 0.015625 0.015625
0 0.851000 0.793000 0.015625 0.015625
0 0.519000 0.809000 0.015625 0.015625
0 0.579000 0.809000 0.015625 0.015625
0 0.311000 0.837000 0.015625 0.015625
0 0.959000 0.895000 0.015625 0.015625
0 0.331000 0.903000 0.015625 0.015625
0 0.355000 0.927000 0.015625 0.015625
0 0.603000 0.941000 0.015625 0.015625
0 0.502000 0.959000 0.015625 0.015625
0 0.771000 0.969000 0.015625 0.015625
0 0.714255 0.817183 0.015504 0.015634
0 0.346350 0.511961 0.015194 0.014971
