0 0.067370 0.011474 0.017035 0.016889
0 0.170588 0.136185 0.015939 0.015788
0 0.050000 0.010000 0.015625 0.015625
0 0.250000 0.010000 0.015625 0.015625
0 0.210000 0.020000 0.015625 0.015625
0 0.780000 0.030000 0.015625 0.015625
0 0.140000 0.040000 0.015625 0.015625
0 0.120000 0.070000 0.015625 0.015625
0 0.660000 0.090000 0.015625 0.015625
0 0.440000 0.100000 0.015625 0.015625
0 0.550000 0.250000 0.015625 0.015625
0 0.920000 0.250000 0.015625 0.015625
0 0.720000 0.280000 0.015625 0.015625
0 0.660000 0.310000 0.015625 0.015625
0 0.060000 0.330000 0.015625 0.015625
0 0.210000 0.430000 0.015625 0.015625
0 0.240000 0.430000 0.015625 0.015625
0 0.060000 0.440000 0.015625 0.015625
0 0.680000 0.460000 0.015625 0.015625
0 0.770000 0.460000 0.015625 0.015625
0 0.510000 0.470000 0.015625 0.015625
0 0.995000 0.480000 0.015625 0.015625
0 0.120000 0.490000 0.015625 0.015625
0 0.870000 0.490000 0.015625 0.015625
0 0.230000 0.500000 0.015625 0.015625
0 0.310000 0.530000 0.015625 0.015625
0 0.440000 0.560000 0.015625 0.015625
0 0.590000 0.560000 0.015625 0.015625
0 0.190000 0.580000 0.015625 0.015625
0 0.550000 0.580000 0.015625 0.015625
0 0.995000 0.590000 0.015625 0.015625
0 0.240000 0.600000 0.015625 0.015625
0 0.660000 0.620000 0.015625 0.015625
0 0.260000 0.630000 0.015625 0.015625
0 0.160000 0.640000 0.015625 0.015625
0 0.520000 0.670000 0.015625 0.015625
0 0.770000 0.710000 0.015625 0.015625
0 0.530000 0.730000 0.015625 0.015625
0 0.590000 0.730000 0.015625 0.015625
0 0.630000 0.730000 0.015625 0.015625
0 0.730000 0.730000 0.015625 0.015625
0 0.250000 0.750000 0.015625 0.015625
0 0.720000 0.760000 0.015625 0.015625
0 0.090000 0.800000 0.015625 0.015625
0 0.010000 0.820000 0.015625 0.015625
0 0.870000 0.850000 0.015625 0.015625
0 0.320000 0.880000 0.015625 0.015625
0 0.800000 0.880000 0.015625 0.015625
0 0.360000 0.940000 0.015625 0.015625
0 0.240000 0.970000 0.015625 0.015625
0 0.360000 0.970000 0.015625 0.015625
0 0.500000 0.980000 0.015625 0.015625
0 0.260000 0.990000 0.015625 0.015625
0 0.880000 0.990000 0.015625 0.015625
