0 0.872073 0.330907 0.016438 0.016835
0 0.929688 0.015625 0.015625 0.015625
0 0.250000 0.023438 0.015625 0.015625
0 0.546875 0.031250 0.015625 0.015625
0 0.796875 0.039062 0.015625 0.015625
0 0.492188 0.093750 0.015625 0.015625
0 0.171875 0.117188 0.015625 0.015625
0 0.804688 0.117188 0.015625 0.015625
0 0.289062 0.125000 0.015625 0.015625
0 0.343750 0.132812 0.015625 0.015625
0 0.570312 0.148438 0.015625 0.015625
0 0.070312 0.218750 0.015625 0.015625
0 0.882812 0.304688 0.015625 0.015625
0 0.117188 0.328125 0.015625 0.015625
0 0.234375 0.343750 0.015625 0.015625
0 0.414062 0.367188 0.015625 0.015625
0 0.062500 0.382812 0.015625 0.015625
0 0.226562 0.390625 0.015625 0.015625
0 0.390625 0.414062 0.015625 0.015625
0 0.179688 0.429688 0.015625 0.015625
0 0.085938 0.445312 0.015625 0.015625
0 0.007812 0.453125 0.015625 0.015625
0 0.718750 0.453125 0.015625 0.015625
0 0.218750 0.460938 0.015625 0.015625
0 0.328125 0.460938 0.015625 0.015625
0 0.625000 0.476562 0.015625 0.015625
0 0.351562 0.484375 0.015625 0.015625
0 0.132812 0.523438 0.015625 0.015625
0 0.203125 0.539062 0.015625 0.015625
0 0.343750 0.539062 0.015625 0.015625
0 0.992188 0.593750 0.015625 0.015625
0 0.476562 0.617188 0.015625 0.015625
0 0.500000 0.625000 0.015625 0.015625
0 0.156250 0.640625 0.015625 0.015625
0 0.445312 0.640625 0.015625 0.015625
0 0.718750 0.648438 0.015625 0.015625
0 0.671875 0.671875 0.015625 0.015625
0 0.164062 0.734375 0.015625 0.015625
0 0.500000 0.742188 0.015625 0.015625
0 0.906250 0.757812 0.015625 0.015625
0 0.718750 0.765625 0.015625 0.015625
0 0.664062 0.781250 0.015625 0.015625
0 0.523438 0.789062 0.015625 0.015625
0 0.882812 0.812500 0.015625 0.015625
0 0.382812 0.820312 0.015625 0.015625
0 0.203125 0.835938 0.015625 0.015625
0 0.765625 0.875000 0.015625 0.015625
0 0.289062 0.906250 0.015625 0.015625
0 0.625000 0.906250 0.015625 0.015625
0 0.492188 0.945312 0.015625 0.015625
0 0.179688 0.960938 0.015625 0.015625
0 0.500000 0.968750 0.015625 0.015625
0 0.218750 0.976562 0.015625 0.015625
0 0.281250 0.976562 0.015625 0.015625
0 0.804688 0.984375 0.015625 0.015625
0 0.269444 0.005556 0.015625 0.015625
0 0.205556 0.011111 0.015625 0.015625
0 0.168056 0.758333 0.015625 0.015625
0 0.081377 0.417840 0.015625 0.015625
0 0.581683 0.784853 0.015589 0.015521
