0 0.804899 0.888008 0.016037 0.016173
0 0.256000 0.008000 0.015625 0.015625
0 0.208000 0.016000 0.015625 0.015625
0 0.796000 0.024000 0.015625 0.015625
0 0.566000 0.066000 0.015625 0.015625
0 0.590000 0.116000 0.015625 0.015625
0 0.214000 0.138000 0.015625 0.015625
0 0.554000 0.138000 0.015625 0.015625
0 0.912000 0.144000 0.015625 0.015625
0 0.606000 0.158000 0.015625 0.015625
0 0.768000 0.164000 0.015625 0.015625
0 0.294000 0.200000 0.015625 0.015625
0 0.894000 0.208000 0.015625 0.015625
0 0.936000 0.258000 0.015625 0.015625
0 0.908000 0.292000 0.015625 0.015625
0 0.574000 0.314000 0.015625 0.015625
0 0.358000 0.368000 0.015625 0.015625
0 0.066000 0.384000 0.015625 0.015625
0 0.404000 0.390000 0.015625 0.015625
0 0.048000 0.416000 0.015625 0.015625
0 0.084000 0.452000 0.015625 0.015625
0 0.012000 0.456000 0.015625 0.015625
0 0.154000 0.456000 0.015625 0.015625
0 0.106000 0.474000 0.015625 0.015625
0 0.546000 0.498000 0.015625 0.015625
0 0.209000 0.501000 0.015625 0.015625
0 0.162000 0.508000 0.015625 0.015625
0 0.314000 0.518000 0.015625 0.015625
0 0.358000 0.528000 0.015625 0.015625
0 0.330000 0.554000 0.015625 0.015625
0 0.734000 0.570000 0.015625 0.015625
0 0.670000 0.586000 0.015625 0.015625
0 0.206000 0.602000 0.015625 0.015625
0 0.574000 0.656000 0.015625 0.015625
0 0.186000 0.694000 0.015625 0.015625
0 0.046000 0.718000 0.015625 0.015625
0 0.462000 0.724000 0.015625 0.015625
0 0.630000 0.746000 0.015625 0.015625
0 0.798000 0.754000 0.015625 0.015625
0 0.714000 0.770000 0.015625 0.015625
0 0.954000 0.786000 0.015625 0.015625
0 0.582000 0.798000 0.015625 0.015625
0 0.526000 0.806000 0.015625 0.015625
0 0.766000 0.806000 0.015625 0.015625
0 0.166000 0.810000 0.015625 0.015625
0 0.286000 0.842000 0.015625 0.015625
0 0.378000 0.850000 0.015625 0.015625
0 0.830000 0.866000 0.015625 0.015625
0 0.918000 0.914000 0.015625 0.015625
0 0.554000 0.926000 0.015625 0.015625
0 0.746000 0.936000 0.015625 0.015625
0 0.434000 0.954000 0.015625 0.015625
0 0.530000 0.986000 0.015625 0.015625
