0 0.215000 0.008000 0.015625 0.015625
0 0.250000 0.008000 0.015625 0.015625
0 0.790000 0.040000 0.015625 0.015625
0 0.266000 0.050000 0.015625 0.015625
0 0.708000 0.050000 0.015625 0.015625
0 0.824000 0.058000 0.015625 0.015625
0 0.830000 0.152000 0.015625 0.015625
0 0.576000 0.158000 0.015625 0.015625
0 0.034000 0.222000 0.015625 0.015625
0 0.244000 0.254000 0.015625 0.015625
0 0.902000 0.270000 0.015625 0.015625
0 0.262000 0.326000 0.015625 0.015625
0 0.406000 0.334000 0.015625 0.015625
0 0.492000 0.382000 0.015625 0.015625
0 0.180000 0.438000 0.015625 0.015625
0 0.098000 0.446000 0.015625 0.015625
0 0.010000 0.448000 0.015625 0.015625
0 0.324000 0.458000 0.015625 0.015625
0 0.214000 0.464000 0.015625 0.015625
0 0.992000 0.474000 0.015625 0.015625
0 0.346000 0.480000 0.015625 0.015625
0 0.462000 0.538000 0.015625 0.015625
0 0.192000 0.542000 0.015625 0.015625
0 0.320000 0.560000 0.015625 0.015625
0 0.764000 0.560000 0.015625 0.015625
0 0.152000 0.580000 0.015625 0.015625
0 0.482000 0.602000 0.015625 0.015625
0 0.448000 0.612000 0.015625 0.015625
0 0.704000 0.644000 0.015625 0.015625
0 0.554000 0.656000 0.015625 0.015625
0 0.582000 0.686000 0.015625 0.015625
0 0.706000 0.686000 0.015625 0.015625
0 0.128000 0.732000 0.015625 0.015625
0 0.904000 0.738000 0.015625 0.015625
0 0.644000 0.756000 0.015625 0.015625
0 0.720000 0.772000 0.015625 0.015625
0 0.208000 0.782000 0.015625 0.015625
0 0.840000 0.804000 0.015625 0.015625
0 0.664000 0.824000 0.015625 0.015625
0 0.584000 0.828000 0.015625 0.015625
0 0.336000 0.842000 0.015625 0.015625
0 0.536000 0.848000 0.015625 0.015625
0 0.152000 0.904000 0.015625 0.015625
0 0.388000 0.928000 0.015625 0.015625
0 0.172000 0.938000 0.015625 0.015625
0 0.484000 0.952000 0.015625 0.015625
0 0.524000 0.968000 0.015625 0.015625
0 0.232000 0.980000 0.015625 0.015625
0 0.660000 0.988000 0.015625 0.015625
