0 0.917000 0.010000 0.015625 0.015625
0 0.209000 0.015000 0.015625 0.015625
0 0.296000 0.035000 0.015625 0.015625
0 0.809000 0.045000 0.015625 0.015625
0 0.690000 0.064000 0.015625 0.015625
0 0.563000 0.066000 0.015625 0.015625
0 0.023000 0.070000 0.015625 0.015625
0 0.475000 0.072000 0.015625 0.015625
0 0.281000 0.120000 0.015625 0.015625
0 0.845000 0.136000 0.015625 0.015625
0 0.161000 0.155000 0.015625 0.015625
0 0.269000 0.190000 0.015625 0.015625
0 0.473000 0.195000 0.015625 0.015625
0 0.533000 0.201000 0.015625 0.015625
0 0.661000 0.205000 0.015625 0.015625
0 0.701000 0.210000 0.015625 0.015625
0 0.380000 0.230000 0.015625 0.015625
0 0.452000 0.232000 0.015625 0.015625
0 0.935000 0.242000 0.015625 0.015625
0 0.360000 0.245000 0.015625 0.015625
0 0.859000 0.250000 0.015625 0.015625
0 0.011000 0.253000 0.015625 0.015625
0 0.745000 0.255000 0.015625 0.015625
0 0.169000 0.267000 0.015625 0.015625
0 0.841000 0.275000 0.015625 0.015625
0 0.728000 0.292000 0.015625 0.015625
0 0.232000 0.295000 0.015625 0.015625
0 0.936000 0.300000 0.015625 0.015625
0 0.872000 0.305000 0.015625 0.015625
0 0.822000 0.310000 0.015625 0.015625
0 0.908000 0.315000 0.015625 0.015625
0 0.536000 0.320000 0.015625 0.015625
0 0.470000 0.325000 0.015625 0.015625
0 0.564000 0.332000 0.015625 0.015625
0 0.500000 0.345000 0.015625 0.015625
0 0.616000 0.345000 0.015625 0.015625
0 0.340000 0.350000 0.015625 0.015625
0 0.170000 0.360000 0.015625 0.015625
0 0.760000 0.360000 0.015625 0.015625
0 0.684000 0.365000 0.015625 0.015625
0 0.045000 0.370000 0.015625 0.015625
0 0.992000 0.392000 0.015625 0.015625
0 0.132000 0.400000 0.015625 0.015625
0 0.712000 0.405000 0.015625 0.015625
0 0.918000 0.405000 0.015625 0.015625
0 0.672000 0.425000 0.015625 0.015625
0 0.548000 0.435000 0.015625 0.015625
0 0.978000 0.452000 0.015625 0.015625
0 0.628000 0.460000 0.015625 0.015625
0 0.174000 0.462000 0.015625 0.015625
0 0.056000 0.468000 0.015625 0.015625
0 0.412000 0.485000 0.015625 0.015625
0 0.904000 0.492000 0.015625 0.015625
0 0.658000 0.495000 0.015625 0.015625
0 0.080000 0.510000 0.015625 0.015625
0 0.484000 0.515000 0.015625 0.015625
0 0.872000 0.516000 0.015625 0.015625
0 0.172000 0.530000 0.015625 0.015625
0 0.390000 0.535000 0.015625 0.015625
0 0.076000 0.550000 0.015625 0.015625
0 0.540000 0.565000 0.015625 0.015625
0 0.924000 0.566000 0.015625 0.015625
0 0.192000 0.578000 0.015625 0.015625
0 0.640000 0.582000 0.015625 0.015625
0 0.904000 0.605000 0.015625 0.015625
0 0.772000 0.612000 0.015625 0.015625
0 0.992000 0.614000 0.015625 0.015625
0 0.212000 0.635000 0.015625 0.015625
0 0.672000 0.648000 0.015625 0.015625
0 0.108000 0.655000 0.015625 0.015625
0 0.948000 0.672000 0.015625 0.015625
0 0.376000 0.692000 0.015625 0.015625
0 0.392000 0.705000 0.015625 0.015625
0 0.804000 0.710000 0.015625 0.015625
0 0.616000 0.712000 0.015625 0.015625
0 0.300000 0.728000 0.015625 0.015625
0 0.368000 0.745000 0.015625 0.015625
0 0.868000 0.748000 0.015625 0.015625
0 0.268000 0.752000 0.015625 0.015625
0 0.914000 0.768000 0.015625 0.015625
0 0.124000 0.778000 0.015625 0.015625
0 0.196000 0.788000 0.015625 0.015625
0 0.464000 0.795000 0.015625 0.015625
0 0.056000 0.825000 0.015625 0.015625
0 0.712000 0.825000 0.015625 0.015625
0 0.844000 0.830000 0.015625 0.015625
0 0.044000 0.845000 0.015625 0.015625
0 0.938000 0.845000 0.015625 0.015625
0 0.324000 0.855000 0.015625 0.015625
0 0.472000 0.885000 0.015625 0.015625
0 0.188000 0.895000 0.015625 0.015625
0 0.536000 0.896000 0.015625 0.015625
0 0.872000 0.908000 0.015625 0.015625
0 0.828000 0.910000 0.015625 0.015625
0 0.224000 0.912000 0.015625 0.015625
0 0.432000 0.912000 0.015625 0.015625
0 0.088000 0.935000 0.015625 0.015625
0 0.868000 0.948000 0.015625 0.015625
0 0.208000 0.952000 0.015625 0.015625
0 0.944000 0.955000 0.015625 0.015625
0 0.136000 0.965000 0.015625 0.015625
0 0.664000 0.968000 0.015625 0.015625
0 0.372000 0.975000 0.015625 0.015625
0 0.844000 0.978000 0.015625 0.015625
0 0.417722 0.437412 0.015625 0.015625
0 0.464135 0.444444 0.015625 0.015625
0 0.593530 0.194093 0.015625 0.015625
0 0.555556 0.147679 0.015625 0.015625
0 0.718706 0.075949 0.015625 0.015625
0 0.898734 0.194093 0.015625 0.015625
0 0.015471 0.444444 0.015625 0.015625
0 0.911392 0.623066 0.015625 0.015625
0 0.361463 0.196906 0.015625 0.015625
0 0.426160 0.174402 0.015625 0.015625
0 0.631377 0.994541 0.015556 0.010917
0 0.995234 0.023011 0.009532 0.013248
0 0.546961 0.352507 0.015463 0.015482
