0 0.871278 0.972782 0.016051 0.015862
0 0.315000 0.010000 0.015625 0.015625
0 0.546000 0.038000 0.015625 0.015625
0 0.166000 0.048000 0.015625 0.015625
0 0.008000 0.084000 0.015625 0.015625
0 0.948000 0.092000 0.015625 0.015625
0 0.446000 0.100000 0.015625 0.015625
0 0.886000 0.104000 0.015625 0.015625
0 0.142000 0.134000 0.015625 0.015625
0 0.666000 0.136000 0.015625 0.015625
0 0.788000 0.158000 0.015625 0.015625
0 0.234000 0.160000 0.015625 0.015625
0 0.826000 0.160000 0.015625 0.015625
0 0.418000 0.166000 0.015625 0.015625
0 0.298000 0.168000 0.015625 0.015625
0 0.760000 0.168000 0.015625 0.015625
0 0.638000 0.170000 0.015625 0.015625
0 0.600000 0.190000 0.015625 0.015625
0 0.906000 0.204000 0.015625 0.015625
0 0.406000 0.210000 0.015625 0.015625
0 0.618000 0.210000 0.015625 0.015625
0 0.708000 0.214000 0.015625 0.015625
0 0.206000 0.224000 0.015625 0.015625
0 0.462000 0.226000 0.015625 0.015625
0 0.364000 0.234000 0.015625 0.015625
0 0.722000 0.234000 0.015625 0.015625
0 0.056000 0.238000 0.015625 0.015625
0 0.758000 0.242000 0.015625 0.015625
0 0.626000 0.246000 0.015625 0.015625
0 0.236000 0.260000 0.015625 0.015625
0 0.482000 0.262000 0.015625 0.015625
0 0.810000 0.280000 0.015625 0.015625
0 0.270000 0.284000 0.015625 0.015625
0 0.946000 0.284000 0.015625 0.015625
0 0.876000 0.296000 0.015625 0.015625
0 0.510000 0.300000 0.015625 0.015625
0 0.008000 0.314000 0.015625 0.015625
0 0.170000 0.344000 0.015625 0.015625
0 0.522000 0.354000 0.015625 0.015625
0 0.178000 0.360000 0.015625 0.015625
0 0.656000 0.364000 0.015625 0.015625
0 0.414000 0.372000 0.015625 0.015625
0 0.620000 0.372000 0.015625 0.015625
0 0.960000 0.376000 0.015625 0.015625
0 0.076000 0.410000 0.015625 0.015625
0 0.630000 0.414000 0.015625 0.015625
0 0.180000 0.424000 0.015625 0.015625
0 0.726000 0.430000 0.015625 0.015625
0 0.774000 0.434000 0.015625 0.015625
0 0.682000 0.436000 0.015625 0.015625
0 0.354000 0.440000 0.015625 0.015625
0 0.030000 0.442000 0.015625 0.015625
0 0.120000 0.444000 0.015625 0.015625
0 0.382000 0.456000 0.015625 0.015625
0 0.710000 0.456000 0.015625 0.015625
0 0.880000 0.456000 0.015625 0.015625
0 0.518000 0.458000 0.015625 0.015625
0 0.186000 0.460000 0.015625 0.015625
0 0.986000 0.462000 0.015625 0.015625
0 0.606000 0.476000 0.015625 0.015625
0 0.362000 0.490000 0.015625 0.015625
0 0.618000 0.498000 0.015625 0.015625
0 0.726000 0.498000 0.015625 0.015625
0 0.054000 0.508000 0.015625 0.015625
0 0.874000 0.520000 0.015625 0.015625
0 0.394000 0.530000 0.015625 0.015625
0 0.846000 0.530000 0.015625 0.015625
0 0.034000 0.532000 0.015625 0.015625
0 0.518000 0.532000 0.015625 0.015625
0 0.158000 0.538000 0.015625 0.015625
0 0.078000 0.540000 0.015625 0.015625
0 0.286000 0.540000 0.015625 0.015625
0 0.866000 0.556000 0.015625 0.015625
0 0.454000 0.566000 0.015625 0.015625
0 0.690000 0.584000 0.015625 0.015625
0 0.738000 0.592000 0.015625 0.015625
0 0.362000 0.604000 0.015625 0.015625
0 0.810000 0.606000 0.015625 0.015625
0 0.842000 0.620000 0.015625 0.015625
0 0.018000 0.622000 0.015625 0.015625
0 0.610000 0.634000 0.015625 0.015625
0 0.538000 0.644000 0.015625 0.015625
0 0.214000 0.646000 0.015625 0.015625
0 0.878000 0.646000 0.015625 0.015625
0 0.218000 0.678000 0.015625 0.015625
0 0.290000 0.704000 0.015625 0.015625
0 0.654000 0.716000 0.015625 0.015625
0 0.354000 0.724000 0.015625 0.015625
0 0.406000 0.746000 0.015625 0.015625
0 0.860000 0.748000 0.015625 0.015625
0 0.898000 0.756000 0.015625 0.015625
0 0.686000 0.770000 0.015625 0.015625
0 0.294000 0.784000 0.015625 0.015625
0 0.142000 0.786000 0.015625 0.015625
0 0.458000 0.814000 0.015625 0.015625
0 0.990000 0.814000 0.015625 0.015625
0 0.180000 0.824000 0.015625 0.015625
0 0.086000 0.844000 0.015625 0.015625
0 0.760000 0.844000 0.015625 0.015625
0 0.874000 0.844000 0.015625 0.015625
0 0.322000 0.850000 0.015625 0.015625
0 0.088000 0.872000 0.015625 0.015625
0 0.790000 0.886000 0.015625 0.015625
0 0.196000 0.894000 0.015625 0.015625
0 0.554000 0.894000 0.015625 0.015625
0 0.834000 0.910000 0.015625 0.015625
0 0.920000 0.916000 0.015625 0.015625
0 0.734000 0.924000 0.015625 0.015625
0 0.206000 0.948000 0.015625 0.015625
0 0.166710 0.950893 0.015023 0.014722
0 0.663882 0.993747 0.014815 0.012410
0 0.920793 0.971723 0.016378 0.016376
0 0.066294 0.986143 0.014530 0.014619
0 0.117044 0.803979 0.016279 0.015417
0 0.017481 0.588621 0.015972 0.016057
0 0.234838 0.141640 0.015877 0.015671
0 0.362191 0.984453 0.015381 0.015253
0 0.520349 0.941707 0.015081 0.014927
