0 0.892983 0.754668 0.016169 0.015670
0 0.562500 0.065625 0.015625 0.015625
0 0.726562 0.093750 0.015625 0.015625
0 0.539062 0.106250 0.015625 0.015625
0 0.832812 0.118750 0.015625 0.015625
0 0.964062 0.140625 0.015625 0.015625
0 0.273438 0.142188 0.015625 0.015625
0 0.925000 0.160938 0.015625 0.015625
0 0.570312 0.171875 0.015625 0.015625
0 0.778125 0.173438 0.015625 0.015625
0 0.714062 0.195312 0.015625 0.015625
0 0.681250 0.229688 0.015625 0.015625
0 0.371875 0.232812 0.015625 0.015625
0 0.429688 0.232812 0.015625 0.015625
0 0.842188 0.245312 0.015625 0.015625
0 0.653125 0.267188 0.015625 0.015625
0 0.535938 0.271875 0.015625 0.015625
0 0.600000 0.284375 0.015625 0.015625
0 0.321875 0.292188 0.015625 0.015625
0 0.950000 0.295312 0.015625 0.015625
0 0.468750 0.317188 0.015625 0.015625
0 0.375000 0.320312 0.015625 0.015625
0 0.617188 0.350000 0.015625 0.015625
0 0.707031 0.354688 0.015625 0.015625
0 0.181250 0.362500 0.015625 0.015625
0 0.640625 0.371875 0.015625 0.015625
0 0.550000 0.385938 0.015625 0.015625
0 0.193750 0.393750 0.015625 0.015625
0 0.125000 0.398438 0.015625 0.015625
0 0.653125 0.401562 0.015625 0.015625
0 0.070312 0.406250 0.015625 0.015625
0 0.734375 0.420312 0.015625 0.015625
0 0.681250 0.421875 0.015625 0.015625
0 0.860938 0.428125 0.015625 0.015625
0 0.632812 0.429688 0.015625 0.015625
0 0.990625 0.440625 0.015625 0.015625
0 0.025000 0.442188 0.015625 0.015625
0 0.593750 0.460938 0.015625 0.015625
0 0.421875 0.473438 0.015625 0.015625
0 0.357812 0.478125 0.015625 0.015625
0 0.473438 0.485938 0.015625 0.015625
0 0.385938 0.493750 0.015625 0.015625
0 0.178125 0.501562 0.015625 0.015625
0 0.217188 0.534375 0.015625 0.015625
0 0.385938 0.537500 0.015625 0.015625
0 0.806250 0.537500 0.015625 0.015625
0 0.493750 0.545312 0.015625 0.015625
0 0.060938 0.578125 0.015625 0.015625
0 0.826562 0.578125 0.015625 0.015625
0 0.565625 0.590625 0.015625 0.015625
0 0.901562 0.593750 0.015625 0.015625
0 0.701562 0.614062 0.015625 0.015625
0 0.221875 0.617188 0.015625 0.015625
0 0.868750 0.635938 0.015625 0.015625
0 0.921875 0.637500 0.015625 0.015625
0 0.204688 0.650000 0.015625 0.015625
0 0.865625 0.673438 0.015625 0.015625
0 0.109375 0.682812 0.015625 0.015625
0 0.209375 0.685938 0.015625 0.015625
0 0.337500 0.721875 0.015625 0.015625
0 0.393750 0.742188 0.015625 0.015625
0 0.685938 0.742188 0.015625 0.015625
0 0.906250 0.753125 0.015625 0.015625
0 0.101562 0.754688 0.015625 0.015625
0 0.193750 0.789062 0.015625 0.015625
0 0.484375 0.806250 0.015625 0.015625
0 0.796875 0.806250 0.015625 0.015625
0 0.073438 0.826562 0.015625 0.015625
0 0.953125 0.826562 0.015625 0.015625
0 0.992188 0.843750 0.015625 0.015625
0 0.325000 0.853125 0.015625 0.015625
0 0.232812 0.857812 0.015625 0.015625
0 0.445312 0.878125 0.015625 0.015625
0 0.201562 0.893750 0.015625 0.015625
0 0.704688 0.893750 0.015625 0.015625
0 0.440625 0.898438 0.015625 0.015625
0 0.853125 0.910938 0.015625 0.015625
0 0.550000 0.914062 0.015625 0.015625
0 0.892188 0.937500 0.015625 0.015625
0 0.850000 0.942188 0.015625 0.015625
0 0.281250 0.945312 0.015625 0.015625
0 0.789062 0.953125 0.015625 0.015625
0 0.945312 0.954688 0.015625 0.015625
0 0.162500 0.960938 0.015625 0.015625
0 0.285938 0.973438 0.015625 0.015625
0 0.632812 0.981250 0.015625 0.015625
0 0.664062 0.984375 0.015625 0.015625
0 0.342188 0.985938 0.015625 0.015625
0 0.920312 0.989062 0.015625 0.015625
0 0.706944 0.815278 0.015625 0.015625
0 0.100000 0.879167 0.015625 0.015625
0 0.073611 0.958333 0.015625 0.015625
0 0.683333 0.855556 0.015625 0.015625
0 0.876389 0.523611 0.015625 0.015625
0 0.815278 0.388889 0.015625 0.015625
0 0.845833 0.401389 0.015625 0.015625
0 0.041667 0.540278 0.015625 0.015625
0 0.795833 0.351389 0.015625 0.015625
0 0.818056 0.279167 0.015625 0.015625
0 0.797222 0.286111 0.015625 0.015625
0 0.169444 0.261111 0.015625 0.015625
0 0.198611 0.181944 0.015625 0.015625
0 0.345833 0.198611 0.015625 0.015625
0 0.422222 0.166667 0.015625 0.015625
0 0.558333 0.205556 0.015625 0.015625
0 0.920833 0.063889 0.015625 0.015625
0 0.990278 0.038889 0.015625 0.015625
0 0.786111 0.027778 0.015625 0.015625
0 0.387500 0.020833 0.015625 0.015625
0 0.459722 0.048611 0.015625 0.015625
0 0.212500 0.022222 0.015625 0.015625
0 0.004167 0.397222 0.015625 0.015625
0 0.680322 0.069283 0.015126 0.015044
0 0.623279 0.994913 0.015049 0.010174
0 0.216204 0.553513 0.014805 0.014366
0 0.624766 0.993962 0.015162 0.012075
0 0.354548 0.989747 0.015478 0.015805
