0 0.014063 0.017188 0.015625 0.015625
0 0.982813 0.021875 0.015625 0.015625
0 0.793750 0.034375 0.015625 0.015625
0 0.468750 0.045313 0.015625 0.015625
0 0.685938 0.071875 0.015625 0.015625
0 0.851563 0.126563 0.015625 0.015625
0 0.510938 0.142188 0.015625 0.015625
0 0.562500 0.179688 0.015625 0.015625
0 0.670313 0.201563 0.015625 0.015625
0 0.520313 0.215625 0.015625 0.015625
0 0.465625 0.226563 0.015625 0.015625
0 0.710938 0.235938 0.015625 0.015625
0 0.860938 0.240625 0.015625 0.015625
0 0.368750 0.256250 0.015625 0.015625
0 0.440625 0.259375 0.015625 0.015625
0 0.781250 0.278125 0.015625 0.015625
0 0.181250 0.285938 0.015625 0.015625
0 0.581250 0.287500 0.015625 0.015625
0 0.934375 0.295313 0.015625 0.015625
0 0.245313 0.306250 0.015625 0.015625
0 0.745313 0.307813 0.015625 0.015625
0 0.503125 0.317188 0.015625 0.015625
0 0.354688 0.335938 0.015625 0.015625
0 0.840625 0.335938 0.015625 0.015625
0 0.471875 0.339063 0.015625 0.015625
0 0.434375 0.345313 0.015625 0.015625
0 0.620313 0.348438 0.015625 0.015625
0 0.743750 0.354688 0.015625 0.015625
0 0.179688 0.364063 0.015625 0.015625
0 0.554688 0.370313 0.015625 0.015625
0 0.670313 0.385938 0.015625 0.015625
0 0.150000 0.387500 0.015625 0.015625
0 0.710938 0.406250 0.015625 0.015625
0 0.976563 0.429688 0.015625 0.015625
0 0.034375 0.434375 0.015625 0.015625
0 0.904688 0.437500 0.015625 0.015625
0 0.496875 0.450000 0.015625 0.015625
0 0.217188 0.451563 0.015625 0.015625
0 0.423438 0.453125 0.015625 0.015625
0 0.634375 0.468750 0.015625 0.015625
0 0.656250 0.470313 0.015625 0.015625
0 0.420313 0.489063 0.015625 0.015625
0 0.132813 0.489063 0.015625 0.015625
0 0.060938 0.495313 0.015625 0.015625
0 0.282813 0.510938 0.015625 0.015625
0 0.868750 0.512500 0.015625 0.015625
0 0.895313 0.517188 0.015625 0.015625
0 0.218750 0.517188 0.015625 0.015625
0 0.492188 0.528125 0.015625 0.015625
0 0.054688 0.532813 0.015625 0.015625
0 0.392188 0.532813 0.015625 0.015625
0 0.545313 0.560938 0.015625 0.015625
0 0.571875 0.562500 0.015625 0.015625
0 0.798438 0.568750 0.015625 0.015625
0 0.953125 0.571875 0.015625 0.015625
0 0.184375 0.576563 0.015625 0.015625
0 0.207813 0.628125 0.015625 0.015625
0 0.923438 0.643750 0.015625 0.015625
0 0.651563 0.648438 0.015625 0.015625
0 0.104688 0.651563 0.015625 0.015625
0 0.814063 0.692188 0.015625 0.015625
0 0.404688 0.704688 0.015625 0.015625
0 0.676563 0.723438 0.015625 0.015625
0 0.370313 0.740625 0.015625 0.015625
0 0.284375 0.743750 0.015625 0.015625
0 0.900000 0.753125 0.015625 0.015625
0 0.232813 0.757813 0.015625 0.015625
0 0.187500 0.781250 0.015625 0.015625
0 0.464063 0.798438 0.015625 0.015625
0 0.743750 0.814063 0.015625 0.015625
0 0.076563 0.843750 0.015625 0.015625
0 0.953125 0.843750 0.015625 0.015625
0 0.312500 0.851563 0.015625 0.015625
0 0.462500 0.862500 0.015625 0.015625
0 0.020313 0.867188 0.015625 0.015625
0 0.223438 0.868750 0.015625 0.015625
0 0.771875 0.871875 0.015625 0.015625
0 0.189063 0.895313 0.015625 0.015625
0 0.545313 0.904688 0.015625 0.015625
0 0.435938 0.909375 0.015625 0.015625
0 0.873438 0.914063 0.015625 0.015625
0 0.806250 0.918750 0.015625 0.015625
0 0.078125 0.953125 0.015625 0.015625
0 0.209375 0.953125 0.015625 0.015625
0 0.246875 0.954688 0.015625 0.015625
0 0.131250 0.959375 0.015625 0.015625
0 0.860938 0.965625 0.015625 0.015625
0 0.907813 0.967188 0.015625 0.015625
0 0.975000 0.987500 0.015625 0.015625
0 0.632813 0.989063 0.015625 0.015625
0 0.392188 0.990625 0.015625 0.015625
0 0.324895 0.043601 0.015625 0.015625
0 0.189873 0.012658 0.015625 0.015625
0 0.223629 0.180028 0.015625 0.015625
0 0.137834 0.180028 0.015625 0.015625
0 0.281294 0.123769 0.015625 0.015625
0 0.324895 0.222222 0.015625 0.015625
0 0.433193 0.174402 0.015625 0.015625
0 0.562588 0.341772 0.015625 0.015625
0 0.669480 0.433193 0.015625 0.015625
0 0.817159 0.386779 0.015625 0.015625
0 0.088608 0.805907 0.015625 0.015625
0 0.793249 0.966245 0.015625 0.015625
0 0.793249 0.990155 0.015625 0.015625
0 0.981716 0.938115 0.015625 0.015625
0 0.901547 0.616034 0.015625 0.015625
0 0.292546 0.977496 0.015625 0.015625
0 0.824191 0.907173 0.015625 0.015625
0 0.902954 0.255977 0.015625 0.015625
0 0.836850 0.278481 0.015625 0.015625
0 0.876231 0.161744 0.015625 0.015625
0 0.564046 0.065920 0.015665 0.015405
