0 0.894454 0.972506 0.015890 0.015800
0 0.980000 0.009000 0.015625 0.015625
0 0.483000 0.013000 0.015625 0.015625
0 0.255000 0.015000 0.015625 0.015625
0 0.537000 0.025000 0.015625 0.015625
0 0.584000 0.033000 0.015625 0.015625
0 0.203000 0.037000 0.015625 0.015625
0 0.619000 0.067000 0.015625 0.015625
0 0.907000 0.087000 0.015625 0.015625
0 0.423000 0.101000 0.015625 0.015625
0 0.668000 0.113000 0.015625 0.015625
0 0.245000 0.127000 0.015625 0.015625
0 0.839000 0.131000 0.015625 0.015625
0 0.753000 0.141000 0.015625 0.015625
0 0.935000 0.152000 0.015625 0.015625
0 0.685000 0.164000 0.015625 0.015625
0 0.719000 0.171000 0.015625 0.015625
0 0.465000 0.231000 0.015625 0.015625
0 0.028000 0.233000 0.015625 0.015625
0 0.379000 0.233000 0.015625 0.015625
0 0.757000 0.237000 0.015625 0.015625
0 0.659000 0.243000 0.015625 0.015625
0 0.309000 0.255000 0.015625 0.015625
0 0.105000 0.257000 0.015625 0.015625
0 0.723000 0.257000 0.015625 0.015625
0 0.835000 0.263000 0.015625 0.015625
0 0.445000 0.267000 0.015625 0.015625
0 0.745000 0.267000 0.015625 0.015625
0 0.259000 0.281000 0.015625 0.015625
0 0.797000 0.283000 0.015625 0.015625
0 0.473000 0.287000 0.015625 0.015625
0 0.842000 0.290000 0.015625 0.015625
0 0.241000 0.293000 0.015625 0.015625
0 0.945000 0.293000 0.015625 0.015625
0 0.434000 0.314000 0.015625 0.015625
0 0.877000 0.325000 0.015625 0.015625
0 0.481000 0.331000 0.015625 0.015625
0 0.637000 0.341000 0.015625 0.015625
0 0.438000 0.343000 0.015625 0.015625
0 0.137000 0.353000 0.015625 0.015625
0 0.889000 0.357000 0.015625 0.015625
0 0.509000 0.369000 0.015625 0.015625
0 0.161000 0.381000 0.015625 0.015625
0 0.925000 0.385000 0.015625 0.015625
0 0.817000 0.387000 0.015625 0.015625
0 0.025000 0.389000 0.015625 0.015625
0 0.773000 0.409000 0.015625 0.015625
0 0.419000 0.413000 0.015625 0.015625
0 0.544000 0.423000 0.015625 0.015625
0 0.585000 0.427000 0.015625 0.015625
0 0.693000 0.429000 0.015625 0.015625
0 0.189000 0.433000 0.015625 0.015625
0 0.285000 0.433000 0.015625 0.015625
0 0.025000 0.443000 0.015625 0.015625
0 0.546000 0.463000 0.015625 0.015625
0 0.817000 0.465000 0.015625 0.015625
0 0.990000 0.465000 0.015625 0.015625
0 0.069000 0.477000 0.015625 0.015625
0 0.275000 0.500000 0.015625 0.015625
0 0.419000 0.505000 0.015625 0.015625
0 0.097000 0.513000 0.015625 0.015625
0 0.606000 0.523000 0.015625 0.015625
0 0.868000 0.525000 0.015625 0.015625
0 0.015000 0.533000 0.015625 0.015625
0 0.457000 0.533000 0.015625 0.015625
0 0.381000 0.535000 0.015625 0.015625
0 0.225000 0.555000 0.015625 0.015625
0 0.777000 0.557000 0.015625 0.015625
0 0.901000 0.561000 0.015625 0.015625
0 0.533000 0.565000 0.015625 0.015625
0 0.604000 0.565000 0.015625 0.015625
0 0.149000 0.567000 0.015625 0.015625
0 0.077000 0.571000 0.015625 0.015625
0 0.370000 0.575000 0.015625 0.015625
0 0.797000 0.591000 0.015625 0.015625
0 0.973000 0.591000 0.015625 0.015625
0 0.765000 0.593000 0.015625 0.015625
0 0.825000 0.605000 0.015625 0.015625
0 0.857000 0.629000 0.015625 0.015625
0 0.205000 0.633000 0.015625 0.015625
0 0.645000 0.635000 0.015625 0.015625
0 0.905000 0.647000 0.015625 0.015625
0 0.017000 0.661000 0.015625 0.015625
0 0.597000 0.685000 0.015625 0.015625
0 0.086000 0.689000 0.015625 0.015625
0 0.377000 0.733000 0.015625 0.015625
0 0.166000 0.734000 0.015625 0.015625
0 0.305000 0.739000 0.015625 0.015625
0 0.865000 0.743000 0.015625 0.015625
0 0.308000 0.766000 0.015625 0.015625
0 0.660000 0.768000 0.015625 0.015625
0 0.953000 0.779000 0.015625 0.015625
0 0.377000 0.785000 0.015625 0.015625
0 0.713000 0.789000 0.015625 0.015625
0 0.146000 0.806000 0.015625 0.015625
0 0.109000 0.825000 0.015625 0.015625
0 0.469000 0.835000 0.015625 0.015625
0 0.357000 0.837000 0.015625 0.015625
0 0.325000 0.845000 0.015625 0.015625
0 0.241000 0.863000 0.015625 0.015625
0 0.810000 0.870000 0.015625 0.015625
0 0.529000 0.879000 0.015625 0.015625
0 0.197000 0.895000 0.015625 0.015625
0 0.557000 0.905000 0.015625 0.015625
0 0.826000 0.906000 0.015625 0.015625
0 0.081000 0.911000 0.015625 0.015625
0 0.925000 0.931000 0.015625 0.015625
0 0.719000 0.935000 0.015625 0.015625
0 0.519000 0.941000 0.015625 0.015625
0 0.963208 0.975347 0.015910 0.015961
0 0.384719 0.462491 0.015142 0.014941
0 0.286229 0.971233 0.016120 0.015957
0 0.675295 0.989473 0.015702 0.015571
0 0.947274 0.952331 0.016032 0.016088
