0 0.340000 0.028000 0.015625 0.015625
0 0.204000 0.030000 0.015625 0.015625
0 0.614000 0.056000 0.015625 0.015625
0 0.724000 0.072000 0.015625 0.015625
0 0.065000 0.082000 0.015625 0.015625
0 0.890000 0.104000 0.015625 0.015625
0 0.500000 0.106000 0.015625 0.015625
0 0.318000 0.126000 0.015625 0.015625
0 0.364000 0.146000 0.015625 0.015625
0 0.974000 0.172000 0.015625 0.015625
0 0.586000 0.192000 0.015625 0.015625
0 0.794000 0.208000 0.015625 0.015625
0 0.302000 0.211000 0.015625 0.015625
0 0.726000 0.226000 0.015625 0.015625
0 0.814000 0.226000 0.015625 0.015625
0 0.554000 0.235000 0.015625 0.015625
0 0.934000 0.242000 0.015625 0.015625
0 0.421000 0.245000 0.015625 0.015625
0 0.210000 0.256000 0.015625 0.015625
0 0.734000 0.282000 0.015625 0.015625
0 0.234000 0.300000 0.015625 0.015625
0 0.942000 0.300000 0.015625 0.015625
0 0.454000 0.302000 0.015625 0.015625
0 0.482000 0.318000 0.015625 0.015625
0 0.380000 0.322000 0.015625 0.015625
0 0.650000 0.338000 0.015625 0.015625
0 0.690000 0.352000 0.015625 0.015625
0 0.346000 0.356000 0.015625 0.015625
0 0.442000 0.370000 0.015625 0.015625
0 0.526000 0.376000 0.015625 0.015625
0 0.826000 0.376000 0.015625 0.015625
0 0.606000 0.400000 0.015625 0.015625
0 0.270000 0.410000 0.015625 0.015625
0 0.846000 0.414000 0.015625 0.015625
0 0.674000 0.430000 0.015625 0.015625
0 0.886000 0.450000 0.015625 0.015625
0 0.790000 0.468000 0.015625 0.015625
0 0.104000 0.472000 0.015625 0.015625
0 0.334000 0.496000 0.015625 0.015625
0 0.614000 0.496000 0.015625 0.015625
0 0.886000 0.516000 0.015625 0.015625
0 0.694000 0.518000 0.015625 0.015625
0 0.534000 0.526000 0.015625 0.015625
0 0.414000 0.532000 0.015625 0.015625
0 0.186000 0.562000 0.015625 0.015625
0 0.942000 0.586000 0.015625 0.015625
0 0.474000 0.590000 0.015625 0.015625
0 0.780000 0.596000 0.015625 0.015625
0 0.910000 0.614000 0.015625 0.015625
0 0.670000 0.646000 0.015625 0.015625
0 0.606000 0.662000 0.015625 0.015625
0 0.414000 0.672000 0.015625 0.015625
0 0.270000 0.682000 0.015625 0.015625
0 0.964000 0.690000 0.015625 0.015625
0 0.450000 0.700000 0.015625 0.015625
0 0.886000 0.714000 0.015625 0.015625
0 0.760000 0.740000 0.015625 0.015625
0 0.374000 0.742000 0.015625 0.015625
0 0.326000 0.760000 0.015625 0.015625
0 0.186000 0.800000 0.015625 0.015625
0 0.466000 0.800000 0.015625 0.015625
0 0.746000 0.806000 0.015625 0.015625
0 0.954000 0.822000 0.015625 0.015625
0 0.226000 0.836000 0.015625 0.015625
0 0.074000 0.842000 0.015625 0.015625
0 0.314000 0.850000 0.015625 0.015625
0 0.834000 0.860000 0.015625 0.015625
0 0.126000 0.882000 0.015625 0.015625
0 0.458000 0.890000 0.015625 0.015625
0 0.194000 0.896000 0.015625 0.015625
0 0.534000 0.906000 0.015625 0.015625
0 0.926000 0.910000 0.015625 0.015625
0 0.422000 0.914000 0.015625 0.015625
0 0.774000 0.916000 0.015625 0.015625
0 0.790000 0.916000 0.015625 0.015625
0 0.234000 0.922000 0.015625 0.015625
0 0.046000 0.926000 0.015625 0.015625
0 0.524000 0.942000 0.015625 0.015625
0 0.314000 0.954000 0.015625 0.015625
0 0.974000 0.954000 0.015625 0.015625
0 0.714000 0.962000 0.015625 0.015625
0 0.206000 0.976000 0.015625 0.015625
0 0.670000 0.976000 0.015625 0.015625
0 0.860000 0.976000 0.015625 0.015625
0 0.697609 0.118143 0.015625 0.015625
0 0.786217 0.030942 0.015625 0.015625
0 0.977496 0.050633 0.015625 0.015625
0 0.559775 0.136428 0.015625 0.015625
0 0.556962 0.088608 0.015625 0.015625
0 0.424754 0.175809 0.015625 0.015625
0 0.431786 0.205345 0.015625 0.015625
0 0.462729 0.240506 0.015625 0.015625
0 0.160338 0.353024 0.015625 0.015625
0 0.285513 0.372714 0.015625 0.015625
0 0.080169 0.338959 0.015625 0.015625
0 0.057665 0.371308 0.015625 0.015625
0 0.075949 0.382560 0.015625 0.015625
0 0.005626 0.436006 0.015625 0.015625
0 0.018284 0.251758 0.015625 0.015625
0 0.059072 0.008439 0.015625 0.015625
0 0.797468 0.285513 0.015625 0.015625
0 0.883263 0.358650 0.015625 0.015625
0 0.907173 0.388186 0.015625 0.015625
0 0.980309 0.364276 0.015625 0.015625
0 0.957806 0.436006 0.015625 0.015625
0 0.978903 0.468354 0.015625 0.015625
0 0.721519 0.428973 0.015625 0.015625
0 0.690577 0.396624 0.015625 0.015625
0 0.606188 0.447257 0.015625 0.015625
0 0.468354 0.448664 0.015625 0.015625
0 0.676512 0.597750 0.015625 0.015625
0 0.351617 0.419128 0.015625 0.015625
0 0.395218 0.424754 0.015625 0.015625
0 0.078762 0.548523 0.015625 0.015625
0 0.098453 0.583685 0.015625 0.015625
0 0.118143 0.575246 0.015625 0.015625
0 0.206751 0.478200 0.015625 0.015625
0 0.216596 0.621660 0.015625 0.015625
0 0.216596 0.654008 0.015625 0.015625
0 0.050633 0.715893 0.015625 0.015625
0 0.218003 0.777778 0.015625 0.015625
0 0.379141 0.235518 0.015274 0.015021
0 0.387530 0.946087 0.016202 0.016418
0 0.823827 0.907282 0.016174 0.016166
