0 0.374495 0.038380 0.016213 0.016172
0 0.857449 0.213853 0.016008 0.016031
0 0.142510 0.839139 0.015978 0.015731
0 0.505738 0.523325 0.015894 0.015739
0 0.821158 0.202963 0.015821 0.015707
0 0.889332 0.262013 0.015793 0.015548
0 0.740000 0.020000 0.015625 0.015625
0 0.980000 0.035000 0.015625 0.015625
0 0.270000 0.045000 0.015625 0.015625
0 0.585000 0.050000 0.015625 0.015625
0 0.650000 0.055000 0.015625 0.015625
0 0.940000 0.060000 0.015625 0.015625
0 0.760000 0.070000 0.015625 0.015625
0 0.870000 0.085000 0.015625 0.015625
0 0.580000 0.110000 0.015625 0.015625
0 0.120000 0.125000 0.015625 0.015625
0 0.840000 0.130000 0.015625 0.015625
0 0.690000 0.145000 0.015625 0.015625
0 0.240000 0.155000 0.015625 0.015625
0 0.050000 0.160000 0.015625 0.015625
0 0.440000 0.165000 0.015625 0.015625
0 0.620000 0.170000 0.015625 0.015625
0 0.980000 0.175000 0.015625 0.015625
0 0.590000 0.210000 0.015625 0.015625
0 0.040000 0.215000 0.015625 0.015625
0 0.470000 0.220000 0.015625 0.015625
0 0.150000 0.230000 0.015625 0.015625
0 0.370000 0.230000 0.015625 0.015625
0 0.710000 0.240000 0.015625 0.015625
0 0.930000 0.240000 0.015625 0.015625
0 0.230000 0.260000 0.015625 0.015625
0 0.320000 0.260000 0.015625 0.015625
0 0.710000 0.270000 0.015625 0.015625
0 0.670000 0.275000 0.015625 0.015625
0 0.510000 0.285000 0.015625 0.015625
0 0.030000 0.310000 0.015625 0.015625
0 0.740000 0.315000 0.015625 0.015625
0 0.180000 0.340000 0.015625 0.015625
0 0.090000 0.350000 0.015625 0.015625
0 0.690000 0.350000 0.015625 0.015625
0 0.790000 0.355000 0.015625 0.015625
0 0.420000 0.370000 0.015625 0.015625
0 0.560000 0.370000 0.015625 0.015625
0 0.970000 0.370000 0.015625 0.015625
0 0.660000 0.375000 0.015625 0.015625
0 0.360000 0.385000 0.015625 0.015625
0 0.140000 0.395000 0.015625 0.015625
0 0.010000 0.425000 0.015625 0.015625
0 0.990000 0.435000 0.015625 0.015625
0 0.320000 0.440000 0.015625 0.015625
0 0.680000 0.440000 0.015625 0.015625
0 0.550000 0.445000 0.015625 0.015625
0 0.610000 0.450000 0.015625 0.015625
0 0.750000 0.450000 0.015625 0.015625
0 0.170000 0.470000 0.015625 0.015625
0 0.670000 0.480000 0.015625 0.015625
0 0.620000 0.495000 0.015625 0.015625
0 0.020000 0.500000 0.015625 0.015625
0 0.870000 0.520000 0.015625 0.015625
0 0.300000 0.530000 0.015625 0.015625
0 0.390000 0.540000 0.015625 0.015625
0 0.770000 0.565000 0.015625 0.015625
0 0.330000 0.570000 0.015625 0.015625
0 0.500000 0.570000 0.015625 0.015625
0 0.990000 0.570000 0.015625 0.015625
0 0.160000 0.580000 0.015625 0.015625
0 0.640000 0.580000 0.015625 0.015625
0 0.690000 0.610000 0.015625 0.015625
0 0.800000 0.620000 0.015625 0.015625
0 0.870000 0.625000 0.015625 0.015625
0 0.200000 0.640000 0.015625 0.015625
0 0.540000 0.650000 0.015625 0.015625
0 0.220000 0.695000 0.015625 0.015625
0 0.660000 0.720000 0.015625 0.015625
0 0.925000 0.720000 0.015625 0.015625
0 0.320000 0.725000 0.015625 0.015625
0 0.870000 0.735000 0.015625 0.015625
0 0.030000 0.740000 0.015625 0.015625
0 0.400000 0.760000 0.015625 0.015625
0 0.730000 0.795000 0.015625 0.015625
0 0.560000 0.800000 0.015625 0.015625
0 0.030000 0.805000 0.015625 0.015625
0 0.470000 0.815000 0.015625 0.015625
0 0.080000 0.830000 0.015625 0.015625
0 0.180000 0.845000 0.015625 0.015625
0 0.450000 0.850000 0.015625 0.015625
0 0.320000 0.855000 0.015625 0.015625
0 0.790000 0.860000 0.015625 0.015625
0 0.800000 0.885000 0.015625 0.015625
0 0.390000 0.890000 0.015625 0.015625
0 0.190000 0.895000 0.015625 0.015625
0 0.910000 0.895000 0.015625 0.015625
0 0.530000 0.900000 0.015625 0.015625
0 0.960000 0.935000 0.015625 0.015625
0 0.520000 0.940000 0.015625 0.015625
0 0.160000 0.945000 0.015625 0.015625
0 0.320000 0.945000 0.015625 0.015625
0 0.390000 0.945000 0.015625 0.015625
0 0.580000 0.980000 0.015625 0.015625
0 0.190000 0.985000 0.015625 0.015625
0 0.670000 0.985000 0.015625 0.015625
0 0.910000 0.990000 0.015625 0.015625
0 0.940000 0.990000 0.015625 0.015625
0 0.880666 0.647751 0.015671 0.015545
0 0.791597 0.588781 0.015568 0.015421
0 0.091112 0.395738 0.015654 0.015333
0 0.422771 0.431132 0.015533 0.015242
0 0.787703 0.561175 0.015925 0.015880
0 0.623106 0.081553 0.015246 0.015194
0 0.960919 0.872967 0.016014 0.015905
0 0.183758 0.029232 0.015750 0.015560
0 0.647831 0.714270 0.015600 0.015666
0 0.567948 0.045999 0.015440 0.014658
0 0.175774 0.364417 0.014676 0.014730
0 0.929792 0.283195 0.015691 0.015623
0 0.787275 0.314253 0.015926 0.016009
0 0.773117 0.074038 0.015231 0.015274
