0 0.931250 0.010938 0.015625 0.015625
0 0.201563 0.020313 0.015625 0.015625
0 0.600000 0.031250 0.015625 0.015625
0 0.770313 0.040625 0.015625 0.015625
0 0.520313 0.070313 0.015625 0.015625
0 0.709375 0.079688 0.015625 0.015625
0 0.900000 0.079688 0.015625 0.015625
0 0.300000 0.134375 0.015625 0.015625
0 0.770313 0.150000 0.015625 0.015625
0 0.379688 0.170313 0.015625 0.015625
0 0.429688 0.179688 0.015625 0.015625
0 0.300000 0.184375 0.015625 0.015625
0 0.570313 0.200000 0.015625 0.015625
0 0.529688 0.204688 0.015625 0.015625
0 0.929688 0.243750 0.015625 0.015625
0 0.120313 0.250000 0.015625 0.015625
0 0.609375 0.254688 0.015625 0.015625
0 0.709375 0.273438 0.015625 0.015625
0 0.429688 0.279688 0.015625 0.015625
0 0.279688 0.284375 0.015625 0.015625
0 0.548438 0.284375 0.015625 0.015625
0 0.268750 0.314063 0.015625 0.015625
0 0.195313 0.314063 0.015625 0.015625
0 0.773438 0.320313 0.015625 0.015625
0 0.459375 0.325000 0.015625 0.015625
0 0.589063 0.334375 0.015625 0.015625
0 0.070313 0.354688 0.015625 0.015625
0 0.559375 0.354688 0.015625 0.015625
0 0.664063 0.364063 0.015625 0.015625
0 0.968750 0.364063 0.015625 0.015625
0 0.134375 0.375000 0.015625 0.015625
0 0.104688 0.393750 0.015625 0.015625
0 0.318750 0.393750 0.015625 0.015625
0 0.020313 0.423438 0.015625 0.015625
0 0.843750 0.429688 0.015625 0.015625
0 0.968750 0.443750 0.015625 0.015625
0 0.609375 0.450000 0.015625 0.015625
0 0.200000 0.453125 0.015625 0.015625
0 0.348438 0.464063 0.015625 0.015625
0 0.773438 0.464063 0.015625 0.015625
0 0.393750 0.493750 0.015625 0.015625
0 0.668750 0.504688 0.015625 0.015625
0 0.873438 0.514063 0.015625 0.015625
0 0.548438 0.523438 0.015625 0.015625
0 0.218750 0.543750 0.015625 0.015625
0 0.100000 0.570313 0.015625 0.015625
0 0.518750 0.573438 0.015625 0.015625
0 0.923438 0.584375 0.015625 0.015625
0 0.714063 0.584375 0.015625 0.015625
0 0.882813 0.614063 0.015625 0.015625
0 0.203125 0.625000 0.015625 0.015625
0 0.593750 0.632813 0.015625 0.015625
0 0.264063 0.640625 0.015625 0.015625
0 0.714063 0.640625 0.015625 0.015625
0 0.073438 0.643750 0.015625 0.015625
0 0.382813 0.653125 0.015625 0.015625
0 0.018750 0.664063 0.015625 0.015625
0 0.059375 0.664063 0.015625 0.015625
0 0.034375 0.673438 0.015625 0.015625
0 0.073438 0.673438 0.015625 0.015625
0 0.973438 0.684375 0.015625 0.015625
0 0.237500 0.693750 0.015625 0.015625
0 0.598438 0.703125 0.015625 0.015625
0 0.084375 0.734375 0.015625 0.015625
0 0.223438 0.734375 0.015625 0.015625
0 0.368750 0.734375 0.015625 0.015625
0 0.314063 0.743750 0.015625 0.015625
0 0.534375 0.745313 0.015625 0.015625
0 0.515625 0.750000 0.015625 0.015625
0 0.554688 0.759375 0.015625 0.015625
0 0.834375 0.765625 0.015625 0.015625
0 0.200000 0.784375 0.015625 0.015625
0 0.789063 0.795313 0.015625 0.015625
0 0.473438 0.804688 0.015625 0.015625
0 0.089063 0.825000 0.015625 0.015625
0 0.614063 0.834375 0.015625 0.015625
0 0.948438 0.843750 0.015625 0.015625
0 0.318750 0.854688 0.015625 0.015625
0 0.414063 0.854688 0.015625 0.015625
0 0.773438 0.854688 0.015625 0.015625
0 0.104688 0.865625 0.015625 0.015625
0 0.193750 0.895313 0.015625 0.015625
0 0.545313 0.904688 0.015625 0.015625
0 0.828125 0.904688 0.015625 0.015625
0 0.359375 0.914063 0.015625 0.015625
0 0.154688 0.914063 0.015625 0.015625
0 0.804688 0.925000 0.015625 0.015625
0 0.418750 0.934375 0.015625 0.015625
0 0.098438 0.954688 0.015625 0.015625
0 0.968750 0.964063 0.015625 0.015625
0 0.193750 0.973438 0.015625 0.015625
0 0.623438 0.973438 0.015625 0.015625
0 0.543750 0.984375 0.015625 0.015625
0 0.668750 0.984375 0.015625 0.015625
0 0.723438 0.984375 0.015625 0.015625
0 0.873438 0.989063 0.015625 0.015625
0 0.745429 0.745429 0.015625 0.015625
0 0.817159 0.385373 0.015625 0.015625
0 0.841069 0.379747 0.015625 0.015625
0 0.905767 0.274262 0.015625 0.015625
0 0.926864 0.282700 0.015625 0.015625
0 0.893108 0.247539 0.015625 0.015625
0 0.793249 0.282700 0.015625 0.015625
0 0.374121 0.237693 0.015625 0.015625
0 0.423347 0.216596 0.015625 0.015625
0 0.025316 0.070323 0.015625 0.015625
0 0.052039 0.070323 0.015625 0.015625
0 0.073136 0.007032 0.015625 0.015625
0 0.046414 0.481013 0.015625 0.015625
0 0.132208 0.576653 0.015625 0.015625
0 0.140647 0.551336 0.015625 0.015625
0 0.167370 0.552743 0.015625 0.015625
0 0.383966 0.533052 0.015625 0.015625
0 0.471167 0.459916 0.015625 0.015625
0 0.469761 0.364276 0.015625 0.015625
0 0.683544 0.436006 0.015625 0.015625
0 0.703235 0.298172 0.015625 0.015625
0 0.645570 0.395218 0.015625 0.015625
0 0.707454 0.230661 0.015625 0.015625
0 0.543942 0.856673 0.015087 0.014863
0 0.618936 0.497894 0.015368 0.015417
0 0.577859 0.304026 0.015698 0.014852
