0 0.522295 0.221320 0.015945 0.015874
0 0.781250 0.031250 0.015625 0.015625
0 0.562500 0.062500 0.015625 0.015625
0 0.687500 0.078125 0.015625 0.015625
0 0.671875 0.187500 0.015625 0.015625
0 0.890625 0.218750 0.015625 0.015625
0 0.484375 0.234375 0.015625 0.015625
0 0.523438 0.234375 0.015625 0.015625
0 0.703125 0.240625 0.015625 0.015625
0 0.195312 0.281250 0.015625 0.015625
0 0.804688 0.281250 0.015625 0.015625
0 0.710938 0.304688 0.015625 0.015625
0 0.250000 0.320312 0.015625 0.015625
0 0.367188 0.332812 0.015625 0.015625
0 0.476562 0.343750 0.015625 0.015625
0 0.742188 0.351562 0.015625 0.015625
0 0.835938 0.351562 0.015625 0.015625
0 0.101562 0.375000 0.015625 0.015625
0 0.164062 0.375000 0.015625 0.015625
0 0.183594 0.375000 0.015625 0.015625
0 0.558594 0.382812 0.015625 0.015625
0 0.812500 0.382812 0.015625 0.015625
0 0.671875 0.390625 0.015625 0.015625
0 0.703125 0.410156 0.015625 0.015625
0 0.671875 0.429688 0.015625 0.015625
0 0.031250 0.437500 0.015625 0.015625
0 0.875000 0.437500 0.015625 0.015625
0 0.234375 0.453125 0.015625 0.015625
0 0.656250 0.468750 0.015625 0.015625
0 0.492188 0.476562 0.015625 0.015625
0 0.632812 0.476562 0.015625 0.015625
0 0.085938 0.484375 0.015625 0.015625
0 0.406250 0.484375 0.015625 0.015625
0 0.023438 0.500000 0.015625 0.015625
0 0.210938 0.500000 0.015625 0.015625
0 0.281250 0.500000 0.015625 0.015625
0 0.414062 0.500000 0.015625 0.015625
0 0.156250 0.515625 0.015625 0.015625
0 0.593750 0.531250 0.015625 0.015625
0 0.062500 0.539062 0.015625 0.015625
0 0.500000 0.539062 0.015625 0.015625
0 0.554688 0.562500 0.015625 0.015625
0 0.953125 0.562500 0.015625 0.015625
0 0.187500 0.578125 0.015625 0.015625
0 0.835938 0.578125 0.015625 0.015625
0 0.210938 0.625000 0.015625 0.015625
0 0.906250 0.625000 0.015625 0.015625
0 0.109375 0.648438 0.015625 0.015625
0 0.656250 0.650000 0.015625 0.015625
0 0.937500 0.656250 0.015625 0.015625
0 0.812500 0.695312 0.015625 0.015625
0 0.414062 0.703125 0.015625 0.015625
0 0.671875 0.734375 0.015625 0.015625
0 0.289062 0.750000 0.015625 0.015625
0 0.375000 0.750000 0.015625 0.015625
0 0.906250 0.750000 0.015625 0.015625
0 0.242188 0.765625 0.015625 0.015625
0 0.195312 0.796875 0.015625 0.015625
0 0.468750 0.804688 0.015625 0.015625
0 0.750000 0.812500 0.015625 0.015625
0 0.093750 0.851562 0.015625 0.015625
0 0.312500 0.851562 0.015625 0.015625
0 0.453125 0.859375 0.015625 0.015625
0 0.234375 0.875000 0.015625 0.015625
0 0.015625 0.890625 0.015625 0.015625
0 0.796875 0.890625 0.015625 0.015625
0 0.195312 0.906250 0.015625 0.015625
0 0.437500 0.906250 0.015625 0.015625
0 0.546875 0.910156 0.015625 0.015625
0 0.796875 0.914062 0.015625 0.015625
0 0.531250 0.937500 0.015625 0.015625
0 0.078125 0.953125 0.015625 0.015625
0 0.125000 0.953125 0.015625 0.015625
0 0.289062 0.953125 0.015625 0.015625
0 0.773438 0.968750 0.015625 0.015625
0 0.914062 0.976562 0.015625 0.015625
0 0.390625 0.984375 0.015625 0.015625
0 0.476562 0.984375 0.015625 0.015625
0 0.632812 0.984375 0.015625 0.015625
0 0.671875 0.984375 0.015625 0.015625
0 0.968750 0.984375 0.015625 0.015625
0 0.992188 0.992188 0.015625 0.015625
0 0.336146 0.039381 0.015625 0.015625
0 0.181435 0.012658 0.015625 0.015625
0 0.102672 0.165963 0.015625 0.015625
0 0.216596 0.184248 0.015625 0.015625
0 0.282700 0.130802 0.015625 0.015625
0 0.514768 0.136428 0.015625 0.015625
0 0.436006 0.175809 0.015625 0.015625
0 0.402250 0.230661 0.015625 0.015625
0 0.316456 0.219409 0.015625 0.015625
0 0.500703 0.296765 0.015625 0.015625
0 0.593530 0.288326 0.015625 0.015625
0 0.627286 0.331927 0.015625 0.015625
0 0.836850 0.281294 0.015625 0.015625
0 0.940928 0.298172 0.015625 0.015625
0 0.884669 0.153305 0.015625 0.015625
0 0.862166 0.091421 0.015625 0.015625
0 0.843882 0.135021 0.015625 0.015625
0 0.984529 0.469761 0.015625 0.015625
0 0.895921 0.518987 0.015625 0.015625
0 0.874824 0.520394 0.015625 0.015625
0 0.954993 0.856540 0.015625 0.015625
0 0.077356 0.773558 0.015625 0.015625
0 0.229255 0.960619 0.015625 0.015625
0 0.959212 0.938115 0.015625 0.015625
0 0.856540 0.969058 0.015625 0.015625
0 0.870605 0.915612 0.015625 0.015625
0 0.822785 0.905767 0.015625 0.015625
0 0.784810 0.983122 0.015625 0.015625
0 0.789030 0.299578 0.015625 0.015625
0 0.507736 0.060478 0.015625 0.015625
0 0.485232 0.043601 0.015625 0.015625
0 0.177215 0.337553 0.015625 0.015625
0 0.419128 0.267229 0.015625 0.015625
0 0.586498 0.218003 0.015625 0.015625
0 0.382646 0.994134 0.014638 0.011732
0 0.630523 0.994923 0.015675 0.010154
0 0.563011 0.350702 0.015593 0.015317
0 0.069321 0.965237 0.015811 0.015763
0 0.780226 0.911619 0.016337 0.016341
0 0.437334 0.359696 0.016063 0.016199
0 0.780053 0.186836 0.015856 0.015741
0 0.656880 0.991114 0.015413 0.015253
0 0.219111 0.993570 0.015699 0.012691
0 0.353739 0.234274 0.014968 0.014577
0 0.613697 0.351024 0.015135 0.015050
