0 0.047342 0.352385 0.015577 0.015709
0 0.950000 0.014000 0.015625 0.015625
0 0.200000 0.018000 0.015625 0.015625
0 0.970000 0.018000 0.015625 0.015625
0 0.550000 0.030000 0.015625 0.015625
0 0.486000 0.040000 0.015625 0.015625
0 0.172000 0.044000 0.015625 0.015625
0 0.340000 0.045000 0.015625 0.015625
0 0.798000 0.058000 0.015625 0.015625
0 0.566000 0.070000 0.015625 0.015625
0 0.830000 0.070000 0.015625 0.015625
0 0.056000 0.112000 0.015625 0.015625
0 0.834000 0.134000 0.015625 0.015625
0 0.274000 0.140000 0.015625 0.015625
0 0.910000 0.142000 0.015625 0.015625
0 0.966000 0.156000 0.015625 0.015625
0 0.780000 0.182000 0.015625 0.015625
0 0.828000 0.194000 0.015625 0.015625
0 0.306000 0.206000 0.015625 0.015625
0 0.890000 0.206000 0.015625 0.015625
0 0.380000 0.208000 0.015625 0.015625
0 0.008000 0.214000 0.015625 0.015625
0 0.718000 0.214000 0.015625 0.015625
0 0.686000 0.226000 0.015625 0.015625
0 0.152000 0.234000 0.015625 0.015625
0 0.566000 0.240000 0.015625 0.015625
0 0.326000 0.246000 0.015625 0.015625
0 0.638000 0.254000 0.015625 0.015625
0 0.850000 0.254000 0.015625 0.015625
0 0.454000 0.256000 0.015625 0.015625
0 0.424000 0.258000 0.015625 0.015625
0 0.268000 0.266000 0.015625 0.015625
0 0.526000 0.270000 0.015625 0.015625
0 0.326000 0.278000 0.015625 0.015625
0 0.494000 0.282000 0.015625 0.015625
0 0.926000 0.284000 0.015625 0.015625
0 0.258000 0.292000 0.015625 0.015625
0 0.706000 0.296000 0.015625 0.015625
0 0.122000 0.316000 0.015625 0.015625
0 0.022000 0.318000 0.015625 0.015625
0 0.770000 0.318000 0.015625 0.015625
0 0.680000 0.352000 0.015625 0.015625
0 0.434000 0.360000 0.015625 0.015625
0 0.505000 0.362000 0.015625 0.015625
0 0.770000 0.370000 0.015625 0.015625
0 0.634000 0.384000 0.015625 0.015625
0 0.290000 0.390000 0.015625 0.015625
0 0.186000 0.396000 0.015625 0.015625
0 0.574000 0.396000 0.015625 0.015625
0 0.986000 0.396000 0.015625 0.015625
0 0.028000 0.428000 0.015625 0.015625
0 0.666000 0.432000 0.015625 0.015625
0 0.750000 0.434000 0.015625 0.015625
0 0.372000 0.438000 0.015625 0.015625
0 0.030000 0.464000 0.015625 0.015625
0 0.498000 0.470000 0.015625 0.015625
0 0.070000 0.472000 0.015625 0.015625
0 0.900000 0.474000 0.015625 0.015625
0 0.986000 0.476000 0.015625 0.015625
0 0.650000 0.478000 0.015625 0.015625
0 0.180000 0.482000 0.015625 0.015625
0 0.622000 0.496000 0.015625 0.015625
0 0.480000 0.514000 0.015625 0.015625
0 0.870000 0.520000 0.015625 0.015625
0 0.846000 0.526000 0.015625 0.015625
0 0.920000 0.534000 0.015625 0.015625
0 0.018000 0.536000 0.015625 0.015625
0 0.260000 0.536000 0.015625 0.015625
0 0.040000 0.538000 0.015625 0.015625
0 0.390000 0.538000 0.015625 0.015625
0 0.558000 0.542000 0.015625 0.015625
0 0.294000 0.544000 0.015625 0.015625
0 0.770000 0.548000 0.015625 0.015625
0 0.086000 0.568000 0.015625 0.015625
0 0.986000 0.574000 0.015625 0.015625
0 0.234000 0.576000 0.015625 0.015625
0 0.778000 0.602000 0.015625 0.015625
0 0.720000 0.606000 0.015625 0.015625
0 0.834000 0.614000 0.015625 0.015625
0 0.882000 0.622000 0.015625 0.015625
0 0.206000 0.646000 0.015625 0.015625
0 0.670000 0.646000 0.015625 0.015625
0 0.458000 0.650000 0.015625 0.015625
0 0.882000 0.650000 0.015625 0.015625
0 0.010000 0.684000 0.015625 0.015625
0 0.198000 0.684000 0.015625 0.015625
0 0.890000 0.696000 0.015625 0.015625
0 0.150000 0.726000 0.015625 0.015625
0 0.370000 0.734000 0.015625 0.015625
0 0.442000 0.736000 0.015625 0.015625
0 0.086000 0.738000 0.015625 0.015625
0 0.314000 0.744000 0.015625 0.015625
0 0.630000 0.744000 0.015625 0.015625
0 0.866000 0.746000 0.015625 0.015625
0 0.096000 0.772000 0.015625 0.015625
0 0.070000 0.786000 0.015625 0.015625
0 0.466000 0.796000 0.015625 0.015625
0 0.670000 0.796000 0.015625 0.015625
0 0.546000 0.804000 0.015625 0.015625
0 0.240000 0.820000 0.015625 0.015625
0 0.706000 0.834000 0.015625 0.015625
0 0.134000 0.854000 0.015625 0.015625
0 0.322000 0.854000 0.015625 0.015625
0 0.902000 0.854000 0.015625 0.015625
0 0.870000 0.890000 0.015625 0.015625
0 0.418000 0.892000 0.015625 0.015625
0 0.790000 0.894000 0.015625 0.015625
0 0.190000 0.896000 0.015625 0.015625
0 0.826000 0.908000 0.015625 0.015625
0 0.479606 0.943741 0.015625 0.015625
0 0.533052 0.911392 0.015625 0.015625
0 0.848101 0.956399 0.015625 0.015625
0 0.935302 0.971871 0.015625 0.015625
0 0.181435 0.956399 0.015625 0.015625
0 0.171589 0.936709 0.015625 0.015625
0 0.181435 0.365682 0.015625 0.015625
0 0.627286 0.109705 0.015625 0.015625
0 0.601969 0.094233 0.015625 0.015625
0 0.421941 0.423347 0.015625 0.015625
0 0.392405 0.388186 0.015625 0.015625
0 0.206751 0.617440 0.015625 0.015625
0 0.035162 0.014065 0.015625 0.015625
0 0.797468 0.285513 0.015625 0.015625
0 0.674171 0.987932 0.015794 0.015363
0 0.454031 0.845896 0.015502 0.015405
0 0.162701 0.948619 0.015202 0.015293
