0 0.921875 0.015625 0.015625 0.015625
0 0.781250 0.031250 0.015625 0.015625
0 0.984375 0.031250 0.015625 0.015625
0 0.203125 0.039062 0.015625 0.015625
0 0.328125 0.039062 0.015625 0.015625
0 0.671875 0.062500 0.015625 0.015625
0 0.828125 0.085938 0.015625 0.015625
0 0.515625 0.101562 0.015625 0.015625
0 0.265625 0.125000 0.015625 0.015625
0 0.554688 0.171875 0.015625 0.015625
0 0.312500 0.187500 0.015625 0.015625
0 0.789062 0.187500 0.015625 0.015625
0 0.593750 0.218750 0.015625 0.015625
0 0.437500 0.226562 0.015625 0.015625
0 0.375000 0.234375 0.015625 0.015625
0 0.750000 0.234375 0.015625 0.015625
0 0.937500 0.242188 0.015625 0.015625
0 0.710938 0.257812 0.015625 0.015625
0 0.210938 0.273438 0.015625 0.015625
0 0.390625 0.273438 0.015625 0.015625
0 0.812500 0.281250 0.015625 0.015625
0 0.289062 0.289062 0.015625 0.015625
0 0.625000 0.304688 0.015625 0.015625
0 0.578125 0.320312 0.015625 0.015625
0 0.796875 0.328125 0.015625 0.015625
0 0.757812 0.343750 0.015625 0.015625
0 0.054688 0.351562 0.015625 0.015625
0 0.117188 0.359375 0.015625 0.015625
0 0.195312 0.367188 0.015625 0.015625
0 0.234375 0.375000 0.015625 0.015625
0 0.429688 0.375000 0.015625 0.015625
0 0.976562 0.375000 0.015625 0.015625
0 0.710938 0.382812 0.015625 0.015625
0 0.687500 0.414062 0.015625 0.015625
0 0.031250 0.429688 0.015625 0.015625
0 0.351562 0.429688 0.015625 0.015625
0 0.585938 0.429688 0.015625 0.015625
0 0.898438 0.429688 0.015625 0.015625
0 0.023438 0.460938 0.015625 0.015625
0 0.671875 0.460938 0.015625 0.015625
0 0.492188 0.468750 0.015625 0.015625
0 0.984375 0.476562 0.015625 0.015625
0 0.210938 0.484375 0.015625 0.015625
0 0.851562 0.484375 0.015625 0.015625
0 0.289062 0.492188 0.015625 0.015625
0 0.695312 0.492188 0.015625 0.015625
0 0.445312 0.507812 0.015625 0.015625
0 0.882812 0.519531 0.015625 0.015625
0 0.523438 0.527344 0.015625 0.015625
0 0.390625 0.539062 0.015625 0.015625
0 0.960938 0.562500 0.015625 0.015625
0 0.054688 0.570312 0.015625 0.015625
0 0.148438 0.570312 0.015625 0.015625
0 0.468750 0.570312 0.015625 0.015625
0 0.671875 0.609375 0.015625 0.015625
0 0.914062 0.609375 0.015625 0.015625
0 0.632812 0.617188 0.015625 0.015625
0 0.210938 0.625000 0.015625 0.015625
0 0.812500 0.628906 0.015625 0.015625
0 0.117188 0.636719 0.015625 0.015625
0 0.945312 0.656250 0.015625 0.015625
0 0.257812 0.664062 0.015625 0.015625
0 0.390625 0.667969 0.015625 0.015625
0 0.445312 0.671875 0.015625 0.015625
0 0.789062 0.691406 0.015625 0.015625
0 0.648438 0.703125 0.015625 0.015625
0 0.882812 0.718750 0.015625 0.015625
0 0.382812 0.738281 0.015625 0.015625
0 0.140625 0.742188 0.015625 0.015625
0 0.195312 0.750000 0.015625 0.015625
0 0.351562 0.765625 0.015625 0.015625
0 0.187500 0.789062 0.015625 0.015625
0 0.734375 0.796875 0.015625 0.015625
0 0.929688 0.820312 0.015625 0.015625
0 0.945312 0.828125 0.015625 0.015625
0 0.078125 0.843750 0.015625 0.015625
0 0.835938 0.847656 0.015625 0.015625
0 0.312500 0.851562 0.015625 0.015625
0 0.195312 0.878906 0.015625 0.015625
0 0.101562 0.890625 0.015625 0.015625
0 0.984375 0.898438 0.015625 0.015625
0 0.429688 0.906250 0.015625 0.015625
0 0.554688 0.906250 0.015625 0.015625
0 0.054688 0.910156 0.015625 0.015625
0 0.742188 0.914062 0.015625 0.015625
0 0.195312 0.917969 0.015625 0.015625
0 0.468750 0.917969 0.015625 0.015625
0 0.843750 0.917969 0.015625 0.015625
0 0.906250 0.929688 0.015625 0.015625
0 0.523438 0.937500 0.015625 0.015625
0 0.250000 0.949219 0.015625 0.015625
0 0.726562 0.949219 0.015625 0.015625
0 0.984375 0.960938 0.015625 0.015625
0 0.882812 0.968750 0.015625 0.015625
0 0.148438 0.984375 0.015625 0.015625
0 0.632812 0.984375 0.015625 0.015625
0 0.695312 0.984375 0.015625 0.015625
0 0.664062 0.988281 0.015625 0.015625
0 0.165963 0.012658 0.015625 0.015625
0 0.087201 0.137834 0.015625 0.015625
0 0.433193 0.167370 0.015625 0.015625
0 0.488045 0.015471 0.015625 0.015625
0 0.466948 0.326301 0.015625 0.015625
0 0.455696 0.303797 0.015625 0.015625
0 0.575246 0.355837 0.015625 0.015625
0 0.524613 0.331927 0.015625 0.015625
0 0.663854 0.329114 0.015625 0.015625
0 0.825598 0.388186 0.015625 0.015625
0 0.976090 0.151899 0.015625 0.015625
0 0.887482 0.263010 0.015625 0.015625
0 0.932489 0.284107 0.015625 0.015625
0 0.926864 0.316456 0.015625 0.015625
0 0.984529 0.305204 0.015625 0.015625
0 0.427567 0.987342 0.015625 0.015625
0 0.533052 0.203938 0.015625 0.015625
0 0.589311 0.192686 0.015625 0.015625
0 0.374121 0.320675 0.015625 0.015625
0 0.090014 0.313643 0.015625 0.015625
0 0.085795 0.469761 0.015625 0.015625
0 0.187060 0.547117 0.015625 0.015625
0 0.000000 0.787623 0.015625 0.015625
0 0.007032 0.745429 0.015625 0.015625
0 0.714487 0.032349 0.015625 0.015625
0 0.236882 0.359146 0.015224 0.015512
0 0.461922 0.798320 0.015549 0.015729
