0 0.475000 0.016000 0.015625 0.015625
0 0.967000 0.045000 0.015625 0.015625
0 0.207000 0.047000 0.015625 0.015625
0 0.825000 0.080000 0.015625 0.015625
0 0.110000 0.102000 0.015625 0.015625
0 0.423000 0.123000 0.015625 0.015625
0 0.677000 0.125000 0.015625 0.015625
0 0.222000 0.134000 0.015625 0.015625
0 0.639000 0.153000 0.015625 0.015625
0 0.776000 0.170000 0.015625 0.015625
0 0.923000 0.171000 0.015625 0.015625
0 0.807000 0.180000 0.015625 0.015625
0 0.433000 0.211000 0.015625 0.015625
0 0.735000 0.223000 0.015625 0.015625
0 0.262000 0.224000 0.015625 0.015625
0 0.645000 0.224000 0.015625 0.015625
0 0.004000 0.226000 0.015625 0.015625
0 0.462000 0.228000 0.015625 0.015625
0 0.969000 0.228000 0.015625 0.015625
0 0.842000 0.229000 0.015625 0.015625
0 0.377000 0.233000 0.015625 0.015625
0 0.564000 0.248000 0.015625 0.015625
0 0.730000 0.261000 0.015625 0.015625
0 0.518000 0.282000 0.015625 0.015625
0 0.870000 0.290000 0.015625 0.015625
0 0.928000 0.294000 0.015625 0.015625
0 0.092000 0.298000 0.015625 0.015625
0 0.266000 0.300000 0.015625 0.015625
0 0.542000 0.308000 0.015625 0.015625
0 0.872000 0.332000 0.015625 0.015625
0 0.043000 0.336000 0.015625 0.015625
0 0.158000 0.342000 0.015625 0.015625
0 0.814000 0.342000 0.015625 0.015625
0 0.630000 0.346000 0.015625 0.015625
0 0.390000 0.348000 0.015625 0.015625
0 0.694000 0.357000 0.015625 0.015625
0 0.334000 0.371000 0.015625 0.015625
0 0.846000 0.371000 0.015625 0.015625
0 0.013000 0.372000 0.015625 0.015625
0 0.510000 0.404000 0.015625 0.015625
0 0.874000 0.408000 0.015625 0.015625
0 0.098000 0.410000 0.015625 0.015625
0 0.442000 0.418000 0.015625 0.015625
0 0.690000 0.430000 0.015625 0.015625
0 0.016000 0.438000 0.015625 0.015625
0 0.334000 0.450000 0.015625 0.015625
0 0.886000 0.450000 0.015625 0.015625
0 0.984000 0.450000 0.015625 0.015625
0 0.218000 0.456000 0.015625 0.015625
0 0.574000 0.466000 0.015625 0.015625
0 0.505000 0.468000 0.015625 0.015625
0 0.166000 0.478000 0.015625 0.015625
0 0.810000 0.484000 0.015625 0.015625
0 0.530000 0.494000 0.015625 0.015625
0 0.462000 0.518000 0.015625 0.015625
0 0.866000 0.520000 0.015625 0.015625
0 0.810000 0.526000 0.015625 0.015625
0 0.386000 0.528000 0.015625 0.015625
0 0.646000 0.540000 0.015625 0.015625
0 0.238000 0.544000 0.015625 0.015625
0 0.054000 0.548000 0.015625 0.015625
0 0.462000 0.562000 0.015625 0.015625
0 0.878000 0.568000 0.015625 0.015625
0 0.738000 0.570000 0.015625 0.015625
0 0.062000 0.578000 0.015625 0.015625
0 0.102000 0.590000 0.015625 0.015625
0 0.826000 0.590000 0.015625 0.015625
0 0.866000 0.622000 0.015625 0.015625
0 0.310000 0.628000 0.015625 0.015625
0 0.602000 0.638000 0.015625 0.015625
0 0.210000 0.640000 0.015625 0.015625
0 0.706000 0.642000 0.015625 0.015625
0 0.110000 0.658000 0.015625 0.015625
0 0.666000 0.658000 0.015625 0.015625
0 0.850000 0.664000 0.015625 0.015625
0 0.626000 0.706000 0.015625 0.015625
0 0.326000 0.728000 0.015625 0.015625
0 0.386000 0.740000 0.015625 0.015625
0 0.686000 0.744000 0.015625 0.015625
0 0.854000 0.750000 0.015625 0.015625
0 0.346000 0.752000 0.015625 0.015625
0 0.090000 0.764000 0.015625 0.015625
0 0.346000 0.774000 0.015625 0.015625
0 0.940000 0.780000 0.015625 0.015625
0 0.154000 0.788000 0.015625 0.015625
0 0.574000 0.794000 0.015625 0.015625
0 0.470000 0.810000 0.015625 0.015625
0 0.446000 0.814000 0.015625 0.015625
0 0.782000 0.834000 0.015625 0.015625
0 0.318000 0.854000 0.015625 0.015625
0 0.780000 0.870000 0.015625 0.015625
0 0.734000 0.880000 0.015625 0.015625
0 0.190000 0.896000 0.015625 0.015625
0 0.066000 0.904000 0.015625 0.015625
0 0.534000 0.906000 0.015625 0.015625
0 0.826000 0.912000 0.015625 0.015625
0 0.918000 0.936000 0.015625 0.015625
0 0.522000 0.942000 0.015625 0.015625
0 0.206000 0.960000 0.015625 0.015625
0 0.298000 0.970000 0.015625 0.015625
0 0.170000 0.976000 0.015625 0.015625
0 0.406000 0.980000 0.015625 0.015625
0 0.734000 0.980000 0.015625 0.015625
0 0.910000 0.982000 0.015625 0.015625
0 0.470000 0.986000 0.015625 0.015625
0 0.554000 0.986000 0.015625 0.015625
0 0.660000 0.986000 0.015625 0.015625
0 0.098000 0.990000 0.015625 0.015625
0 0.619135 0.498066 0.015801 0.015858
0 0.665617 0.171435 0.015749 0.015617
0 0.974348 0.011309 0.014755 0.014680
