0 0.220586 0.111554 0.015896 0.015462
0 0.484375 0.015625 0.015625 0.015625
0 0.714063 0.020313 0.015625 0.015625
0 0.090625 0.028125 0.015625 0.015625
0 0.934375 0.029688 0.015625 0.015625
0 0.371875 0.037500 0.015625 0.015625
0 0.904688 0.042188 0.015625 0.015625
0 0.340625 0.087500 0.015625 0.015625
0 0.839063 0.090625 0.015625 0.015625
0 0.268750 0.115625 0.015625 0.015625
0 0.409375 0.120313 0.015625 0.015625
0 0.678125 0.142188 0.015625 0.015625
0 0.785938 0.157813 0.015625 0.015625
0 0.670313 0.178125 0.015625 0.015625
0 0.907813 0.182813 0.015625 0.015625
0 0.693750 0.207813 0.015625 0.015625
0 0.454688 0.220313 0.015625 0.015625
0 0.707813 0.232813 0.015625 0.015625
0 0.378125 0.234375 0.015625 0.015625
0 0.646875 0.242188 0.015625 0.015625
0 0.940625 0.242188 0.015625 0.015625
0 0.218750 0.262500 0.015625 0.015625
0 0.643750 0.262500 0.015625 0.015625
0 0.514063 0.267188 0.015625 0.015625
0 0.700000 0.271875 0.015625 0.015625
0 0.079688 0.300000 0.015625 0.015625
0 0.262500 0.300000 0.015625 0.015625
0 0.942188 0.300000 0.015625 0.015625
0 0.826563 0.306250 0.015625 0.015625
0 0.714063 0.307813 0.015625 0.015625
0 0.793750 0.310938 0.015625 0.015625
0 0.039063 0.321875 0.015625 0.015625
0 0.400000 0.323438 0.015625 0.015625
0 0.185938 0.343750 0.015625 0.015625
0 0.470313 0.346875 0.015625 0.015625
0 0.885938 0.346875 0.015625 0.015625
0 0.282813 0.360938 0.015625 0.015625
0 0.660938 0.368750 0.015625 0.015625
0 0.770313 0.382813 0.015625 0.015625
0 0.918750 0.387500 0.015625 0.015625
0 0.985938 0.392188 0.015625 0.015625
0 0.504688 0.400000 0.015625 0.015625
0 0.370313 0.401563 0.015625 0.015625
0 0.134375 0.407813 0.015625 0.015625
0 0.220313 0.418750 0.015625 0.015625
0 0.501563 0.423438 0.015625 0.015625
0 0.014063 0.434375 0.015625 0.015625
0 0.685938 0.439063 0.015625 0.015625
0 0.806250 0.450000 0.015625 0.015625
0 0.987500 0.467188 0.015625 0.015625
0 0.346875 0.476563 0.015625 0.015625
0 0.529688 0.493750 0.015625 0.015625
0 0.165625 0.496875 0.015625 0.015625
0 0.650000 0.518750 0.015625 0.015625
0 0.871875 0.520313 0.015625 0.015625
0 0.234375 0.528125 0.015625 0.015625
0 0.057813 0.535938 0.015625 0.015625
0 0.873438 0.548438 0.015625 0.015625
0 0.106250 0.550000 0.015625 0.015625
0 0.485938 0.551563 0.015625 0.015625
0 0.446875 0.556250 0.015625 0.015625
0 0.853125 0.557813 0.015625 0.015625
0 0.023438 0.582813 0.015625 0.015625
0 0.817188 0.606250 0.015625 0.015625
0 0.989063 0.623438 0.015625 0.015625
0 0.321875 0.629688 0.015625 0.015625
0 0.678125 0.629688 0.015625 0.015625
0 0.865625 0.640625 0.015625 0.015625
0 0.210938 0.646875 0.015625 0.015625
0 0.717188 0.651563 0.015625 0.015625
0 0.893750 0.660938 0.015625 0.015625
0 0.565625 0.670313 0.015625 0.015625
0 0.076563 0.671875 0.015625 0.015625
0 0.657813 0.689063 0.015625 0.015625
0 0.160938 0.709375 0.015625 0.015625
0 0.326563 0.734375 0.015625 0.015625
0 0.859375 0.746875 0.015625 0.015625
0 0.610938 0.750000 0.015625 0.015625
0 0.926563 0.757813 0.015625 0.015625
0 0.367188 0.779688 0.015625 0.015625
0 0.206250 0.803125 0.015625 0.015625
0 0.401563 0.810938 0.015625 0.015625
0 0.450000 0.818750 0.015625 0.015625
0 0.107813 0.828125 0.015625 0.015625
0 0.700000 0.843750 0.015625 0.015625
0 0.489063 0.848438 0.015625 0.015625
0 0.317188 0.850000 0.015625 0.015625
0 0.806250 0.873438 0.015625 0.015625
0 0.678125 0.879688 0.015625 0.015625
0 0.193750 0.896875 0.015625 0.015625
0 0.553125 0.896875 0.015625 0.015625
0 0.306250 0.907813 0.015625 0.015625
0 0.829688 0.909375 0.015625 0.015625
0 0.800000 0.920313 0.015625 0.015625
0 0.965625 0.920313 0.015625 0.015625
0 0.881250 0.923438 0.015625 0.015625
0 0.109375 0.928125 0.015625 0.015625
0 0.517188 0.940625 0.015625 0.015625
0 0.065625 0.957813 0.015625 0.015625
0 0.553125 0.965625 0.015625 0.015625
0 0.893750 0.965625 0.015625 0.015625
0 0.290625 0.970313 0.015625 0.015625
0 0.653125 0.984375 0.015625 0.015625
0 0.550000 0.985938 0.015625 0.015625
0 0.174478 0.073431 0.015520 0.015372
0 0.219140 0.056511 0.015650 0.015810
0 0.059123 0.020484 0.015728 0.015486
0 0.823867 0.098324 0.015497 0.015462
0 0.616716 0.509962 0.015762 0.015146
0 0.361152 0.741542 0.016083 0.015857
0 0.240267 0.033026 0.015803 0.015795
