0 0.100338 0.848945 0.015850 0.016058
0 0.332000 0.008000 0.015625 0.015625
0 0.192000 0.028000 0.015625 0.015625
0 0.898000 0.050000 0.015625 0.015625
0 0.470000 0.056000 0.015625 0.015625
0 0.556000 0.068000 0.015625 0.015625
0 0.820000 0.068000 0.015625 0.015625
0 0.690000 0.080000 0.015625 0.015625
0 0.990000 0.080000 0.015625 0.015625
0 0.852000 0.092000 0.015625 0.015625
0 0.974000 0.092000 0.015625 0.015625
0 0.544000 0.108000 0.015625 0.015625
0 0.060000 0.120000 0.015625 0.015625
0 0.248000 0.126000 0.015625 0.015625
0 0.766000 0.168000 0.015625 0.015625
0 0.254000 0.170000 0.015625 0.015625
0 0.976000 0.192000 0.015625 0.015625
0 0.436000 0.194000 0.015625 0.015625
0 0.672000 0.206000 0.015625 0.015625
0 0.888000 0.206000 0.015625 0.015625
0 0.758000 0.222000 0.015625 0.015625
0 0.544000 0.230000 0.015625 0.015625
0 0.582000 0.230000 0.015625 0.015625
0 0.364000 0.234000 0.015625 0.015625
0 0.718000 0.236000 0.015625 0.015625
0 0.930000 0.244000 0.015625 0.015625
0 0.988000 0.252000 0.015625 0.015625
0 0.368000 0.258000 0.015625 0.015625
0 0.220000 0.270000 0.015625 0.015625
0 0.428000 0.270000 0.015625 0.015625
0 0.668000 0.282000 0.015625 0.015625
0 0.938000 0.282000 0.015625 0.015625
0 0.268000 0.292000 0.015625 0.015625
0 0.438000 0.296000 0.015625 0.015625
0 0.384000 0.298000 0.015625 0.015625
0 0.854000 0.316000 0.015625 0.015625
0 0.756000 0.326000 0.015625 0.015625
0 0.530000 0.332000 0.015625 0.015625
0 0.456000 0.352000 0.015625 0.015625
0 0.172000 0.368000 0.015625 0.015625
0 0.616000 0.370000 0.015625 0.015625
0 0.532000 0.380000 0.015625 0.015625
0 0.068000 0.398000 0.015625 0.015625
0 0.984000 0.404000 0.015625 0.015625
0 0.742000 0.422000 0.015625 0.015625
0 0.388000 0.424000 0.015625 0.015625
0 0.672000 0.424000 0.015625 0.015625
0 0.824000 0.424000 0.015625 0.015625
0 0.116000 0.450000 0.015625 0.015625
0 0.278000 0.462000 0.015625 0.015625
0 0.476000 0.468000 0.015625 0.015625
0 0.640000 0.468000 0.015625 0.015625
0 0.028000 0.488000 0.015625 0.015625
0 0.392000 0.492000 0.015625 0.015625
0 0.608000 0.492000 0.015625 0.015625
0 0.144000 0.504000 0.015625 0.015625
0 0.468000 0.516000 0.015625 0.015625
0 0.872000 0.516000 0.015625 0.015625
0 0.668000 0.520000 0.015625 0.015625
0 0.224000 0.528000 0.015625 0.015625
0 0.076000 0.530000 0.015625 0.015625
0 0.840000 0.556000 0.015625 0.015625
0 0.608000 0.558000 0.015625 0.015625
0 0.972000 0.572000 0.015625 0.015625
0 0.742000 0.594000 0.015625 0.015625
0 0.638000 0.616000 0.015625 0.015625
0 0.852000 0.622000 0.015625 0.015625
0 0.204000 0.624000 0.015625 0.015625
0 0.932000 0.634000 0.015625 0.015625
0 0.834000 0.648000 0.015625 0.015625
0 0.396000 0.688000 0.015625 0.015625
0 0.492000 0.696000 0.015625 0.015625
0 0.228000 0.704000 0.015625 0.015625
0 0.104000 0.708000 0.015625 0.015625
0 0.842000 0.722000 0.015625 0.015625
0 0.818000 0.730000 0.015625 0.015625
0 0.384000 0.738000 0.015625 0.015625
0 0.304000 0.742000 0.015625 0.015625
0 0.664000 0.744000 0.015625 0.015625
0 0.068000 0.754000 0.015625 0.015625
0 0.012000 0.782000 0.015625 0.015625
0 0.188000 0.798000 0.015625 0.015625
0 0.458000 0.798000 0.015625 0.015625
0 0.224000 0.808000 0.015625 0.015625
0 0.724000 0.814000 0.015625 0.015625
0 0.892000 0.828000 0.015625 0.015625
0 0.106000 0.834000 0.015625 0.015625
0 0.320000 0.852000 0.015625 0.015625
0 0.432000 0.878000 0.015625 0.015625
0 0.196000 0.892000 0.015625 0.015625
0 0.534000 0.894000 0.015625 0.015625
0 0.824000 0.908000 0.015625 0.015625
0 0.968000 0.916000 0.015625 0.015625
0 0.754000 0.932000 0.015625 0.015625
0 0.156000 0.934000 0.015625 0.015625
0 0.304000 0.940000 0.015625 0.015625
0 0.812000 0.942000 0.015625 0.015625
0 0.988000 0.952000 0.015625 0.015625
0 0.484000 0.956000 0.015625 0.015625
0 0.752000 0.956000 0.015625 0.015625
0 0.868000 0.958000 0.015625 0.015625
0 0.624000 0.978000 0.015625 0.015625
0 0.658000 0.984000 0.015625 0.015625
0 0.884000 0.984000 0.015625 0.015625
0 0.195499 0.929677 0.015625 0.015625
0 0.139241 0.353024 0.015625 0.015625
0 0.012658 0.253165 0.015625 0.015625
0 0.130802 0.147679 0.015625 0.015625
0 0.803094 0.279887 0.015625 0.015625
0 0.905767 0.149086 0.015625 0.015625
0 0.727145 0.781997 0.015625 0.015625
0 0.222034 0.636804 0.015652 0.015274
0 0.818708 0.007846 0.015170 0.014872
0 0.648857 0.276369 0.015671 0.015554
0 0.029921 0.425201 0.015771 0.015660
