0 0.789566 0.986864 0.015731 0.015710
0 0.180000 0.022000 0.015625 0.015625
0 0.074000 0.032000 0.015625 0.015625
0 0.924000 0.038000 0.015625 0.015625
0 0.880000 0.070000 0.015625 0.015625
0 0.954000 0.076000 0.015625 0.015625
0 0.614000 0.078000 0.015625 0.015625
0 0.152000 0.084000 0.015625 0.015625
0 0.438000 0.100000 0.015625 0.015625
0 0.260000 0.136000 0.015625 0.015625
0 0.890000 0.150000 0.015625 0.015625
0 0.682000 0.154000 0.015625 0.015625
0 0.646000 0.170000 0.015625 0.015625
0 0.354000 0.194000 0.015625 0.015625
0 0.938000 0.200000 0.015625 0.015625
0 0.854000 0.204000 0.015625 0.015625
0 0.718000 0.206000 0.015625 0.015625
0 0.838000 0.206000 0.015625 0.015625
0 0.690000 0.214000 0.015625 0.015625
0 0.048000 0.228000 0.015625 0.015625
0 0.380000 0.232000 0.015625 0.015625
0 0.586000 0.232000 0.015625 0.015625
0 0.460000 0.236000 0.015625 0.015625
0 0.626000 0.250000 0.015625 0.015625
0 0.738000 0.256000 0.015625 0.015625
0 0.082000 0.258000 0.015625 0.015625
0 0.276000 0.270000 0.015625 0.015625
0 0.536000 0.282000 0.015625 0.015625
0 0.234000 0.286000 0.015625 0.015625
0 0.260000 0.290000 0.015625 0.015625
0 0.826000 0.290000 0.015625 0.015625
0 0.930000 0.298000 0.015625 0.015625
0 0.114000 0.310000 0.015625 0.015625
0 0.370000 0.314000 0.015625 0.015625
0 0.922000 0.326000 0.015625 0.015625
0 0.074000 0.340000 0.015625 0.015625
0 0.922000 0.354000 0.015625 0.015625
0 0.050000 0.362000 0.015625 0.015625
0 0.634000 0.368000 0.015625 0.015625
0 0.586000 0.380000 0.015625 0.015625
0 0.980000 0.382000 0.015625 0.015625
0 0.166000 0.386000 0.015625 0.015625
0 0.694000 0.392000 0.015625 0.015625
0 0.858000 0.394000 0.015625 0.015625
0 0.222000 0.396000 0.015625 0.015625
0 0.982000 0.402000 0.015625 0.015625
0 0.098000 0.418000 0.015625 0.015625
0 0.862000 0.420000 0.015625 0.015625
0 0.034000 0.426000 0.015625 0.015625
0 0.386000 0.430000 0.015625 0.015625
0 0.686000 0.432000 0.015625 0.015625
0 0.526000 0.438000 0.015625 0.015625
0 0.798000 0.450000 0.015625 0.015625
0 0.610000 0.454000 0.015625 0.015625
0 0.466000 0.460000 0.015625 0.015625
0 0.206000 0.462000 0.015625 0.015625
0 0.986000 0.464000 0.015625 0.015625
0 0.900000 0.468000 0.015625 0.015625
0 0.326000 0.470000 0.015625 0.015625
0 0.286000 0.474000 0.015625 0.015625
0 0.554000 0.478000 0.015625 0.015625
0 0.374000 0.501000 0.015625 0.015625
0 0.626000 0.503000 0.015625 0.015625
0 0.242000 0.512000 0.015625 0.015625
0 0.874000 0.522000 0.015625 0.015625
0 0.106000 0.526000 0.015625 0.015625
0 0.766000 0.544000 0.015625 0.015625
0 0.466000 0.546000 0.015625 0.015625
0 0.986000 0.550000 0.015625 0.015625
0 0.908000 0.556000 0.015625 0.015625
0 0.838000 0.574000 0.015625 0.015625
0 0.146000 0.590000 0.015625 0.015625
0 0.760000 0.598000 0.015625 0.015625
0 0.206000 0.628000 0.015625 0.015625
0 0.354000 0.632000 0.015625 0.015625
0 0.870000 0.632000 0.015625 0.015625
0 0.826000 0.638000 0.015625 0.015625
0 0.092000 0.646000 0.015625 0.015625
0 0.598000 0.650000 0.015625 0.015625
0 0.010000 0.654000 0.015625 0.015625
0 0.638000 0.654000 0.015625 0.015625
0 0.210000 0.660000 0.015625 0.015625
0 0.046000 0.662000 0.015625 0.015625
0 0.438000 0.686000 0.015625 0.015625
0 0.698000 0.734000 0.015625 0.015625
0 0.858000 0.734000 0.015625 0.015625
0 0.366000 0.740000 0.015625 0.015625
0 0.314000 0.754000 0.015625 0.015625
0 0.526000 0.754000 0.015625 0.015625
0 0.486000 0.758000 0.015625 0.015625
0 0.382000 0.760000 0.015625 0.015625
0 0.558000 0.760000 0.015625 0.015625
0 0.330000 0.766000 0.015625 0.015625
0 0.654000 0.766000 0.015625 0.015625
0 0.126000 0.776000 0.015625 0.015625
0 0.446000 0.814000 0.015625 0.015625
0 0.062000 0.846000 0.015625 0.015625
0 0.190000 0.850000 0.015625 0.015625
0 0.318000 0.854000 0.015625 0.015625
0 0.786000 0.876000 0.015625 0.015625
0 0.198000 0.896000 0.015625 0.015625
0 0.908000 0.900000 0.015625 0.015625
0 0.554000 0.902000 0.015625 0.015625
0 0.874000 0.918000 0.015625 0.015625
0 0.326000 0.924000 0.015625 0.015625
0 0.220000 0.946000 0.015625 0.015625
0 0.862000 0.948000 0.015625 0.015625
0 0.098000 0.966000 0.015625 0.015625
0 0.190000 0.966000 0.015625 0.015625
0 0.472574 0.018284 0.015625 0.015625
0 0.575246 0.029536 0.015625 0.015625
0 0.895739 0.970355 0.015866 0.015921
0 0.673898 0.992834 0.015502 0.014103
0 0.445296 0.996045 0.015613 0.007911
