0 0.543336 0.535437 0.015680 0.015727
0 0.484375 0.009375 0.015625 0.015625
0 0.709375 0.020313 0.015625 0.015625
0 0.960938 0.026563 0.015625 0.015625
0 0.201563 0.031250 0.015625 0.015625
0 0.565625 0.067188 0.015625 0.015625
0 0.868750 0.067188 0.015625 0.015625
0 0.412500 0.107813 0.015625 0.015625
0 0.214063 0.128125 0.015625 0.015625
0 0.870313 0.148438 0.015625 0.015625
0 0.929688 0.150000 0.015625 0.015625
0 0.637500 0.151563 0.015625 0.015625
0 0.764063 0.171875 0.015625 0.015625
0 0.789063 0.187500 0.015625 0.015625
0 0.909375 0.221875 0.015625 0.015625
0 0.457813 0.226563 0.015625 0.015625
0 0.385938 0.229688 0.015625 0.015625
0 0.717188 0.229688 0.015625 0.015625
0 0.629688 0.232813 0.015625 0.015625
0 0.017188 0.237500 0.015625 0.015625
0 0.937500 0.242188 0.015625 0.015625
0 0.848438 0.265625 0.015625 0.015625
0 0.757813 0.267188 0.015625 0.015625
0 0.621875 0.273438 0.015625 0.015625
0 0.503125 0.276563 0.015625 0.015625
0 0.932813 0.293750 0.015625 0.015625
0 0.098438 0.304688 0.015625 0.015625
0 0.525000 0.306250 0.015625 0.015625
0 0.912500 0.334375 0.015625 0.015625
0 0.704688 0.348438 0.015625 0.015625
0 0.259375 0.356250 0.015625 0.015625
0 0.140625 0.357813 0.015625 0.015625
0 0.379688 0.357813 0.015625 0.015625
0 0.621875 0.362500 0.015625 0.015625
0 0.817188 0.362500 0.015625 0.015625
0 0.582813 0.370313 0.015625 0.015625
0 0.500000 0.373438 0.015625 0.015625
0 0.032813 0.390625 0.015625 0.015625
0 0.832813 0.390625 0.015625 0.015625
0 0.917188 0.393750 0.015625 0.015625
0 0.389063 0.412500 0.015625 0.015625
0 0.685938 0.418750 0.015625 0.015625
0 0.565625 0.420313 0.015625 0.015625
0 0.104688 0.434375 0.015625 0.015625
0 0.229688 0.435938 0.015625 0.015625
0 0.029688 0.437500 0.015625 0.015625
0 0.260938 0.442188 0.015625 0.015625
0 0.859375 0.445313 0.015625 0.015625
0 0.540625 0.457813 0.015625 0.015625
0 0.976563 0.462500 0.015625 0.015625
0 0.553125 0.478125 0.015625 0.015625
0 0.432813 0.485938 0.015625 0.015625
0 0.392188 0.487500 0.015625 0.015625
0 0.745313 0.498438 0.015625 0.015625
0 0.012500 0.500000 0.015625 0.015625
0 0.592188 0.514063 0.015625 0.015625
0 0.989063 0.514063 0.015625 0.015625
0 0.875000 0.518750 0.015625 0.015625
0 0.825000 0.520313 0.015625 0.015625
0 0.376563 0.531250 0.015625 0.015625
0 0.265625 0.535938 0.015625 0.015625
0 0.472656 0.537500 0.015625 0.015625
0 0.621094 0.542188 0.015625 0.015625
0 0.909375 0.565625 0.015625 0.015625
0 0.009375 0.570313 0.015625 0.015625
0 0.040625 0.585938 0.015625 0.015625
0 0.325000 0.585938 0.015625 0.015625
0 0.136719 0.589063 0.015625 0.015625
0 0.345313 0.606250 0.015625 0.015625
0 0.989063 0.614063 0.015625 0.015625
0 0.209375 0.620313 0.015625 0.015625
0 0.060938 0.621875 0.015625 0.015625
0 0.853125 0.628125 0.015625 0.015625
0 0.220313 0.645313 0.015625 0.015625
0 0.576563 0.645313 0.015625 0.015625
0 0.684375 0.651563 0.015625 0.015625
0 0.012500 0.657813 0.015625 0.015625
0 0.868750 0.665625 0.015625 0.015625
0 0.120313 0.673438 0.015625 0.015625
0 0.064063 0.681250 0.015625 0.015625
0 0.696875 0.701563 0.015625 0.015625
0 0.384375 0.734375 0.015625 0.015625
0 0.968750 0.734375 0.015625 0.015625
0 0.864063 0.742188 0.015625 0.015625
0 0.460938 0.750000 0.015625 0.015625
0 0.512500 0.751563 0.015625 0.015625
0 0.300000 0.753125 0.015625 0.015625
0 0.078125 0.762500 0.015625 0.015625
0 0.345313 0.765625 0.015625 0.015625
0 0.681250 0.778125 0.015625 0.015625
0 0.576563 0.785938 0.015625 0.015625
0 0.481250 0.814063 0.015625 0.015625
0 0.453125 0.817188 0.015625 0.015625
0 0.140625 0.821875 0.015625 0.015625
0 0.064063 0.857813 0.015625 0.015625
0 0.381250 0.862500 0.015625 0.015625
0 0.776563 0.865625 0.015625 0.015625
0 0.800000 0.884375 0.015625 0.015625
0 0.685938 0.890625 0.015625 0.015625
0 0.196875 0.893750 0.015625 0.015625
0 0.553125 0.903125 0.015625 0.015625
0 0.832813 0.910938 0.015625 0.015625
0 0.912500 0.918750 0.015625 0.015625
0 0.525000 0.937500 0.015625 0.015625
0 0.920313 0.962500 0.015625 0.015625
0 0.464063 0.965625 0.015625 0.015625
0 0.085938 0.970313 0.015625 0.015625
0 0.175000 0.986111 0.015625 0.015625
0 0.205556 0.966667 0.015625 0.015625
0 0.301389 0.972222 0.015625 0.015625
0 0.570833 0.977778 0.015625 0.015625
0 0.450000 0.995833 0.015625 0.015625
0 0.676389 0.987500 0.015625 0.015625
0 0.768056 0.970833 0.015625 0.015625
0 0.793056 0.579167 0.015625 0.015625
0 0.838889 0.602778 0.015625 0.015625
0 0.444444 0.141667 0.015625 0.015625
0 0.437500 0.173611 0.015625 0.015625
0 0.362500 0.206944 0.015625 0.015625
0 0.340278 0.273611 0.015625 0.015625
0 0.298611 0.275000 0.015625 0.015625
0 0.279167 0.281944 0.015625 0.015625
0 0.168056 0.112500 0.015625 0.015625
0 0.588889 0.036111 0.015625 0.015625
0 0.093056 0.515278 0.015625 0.015625
0 0.123611 0.515278 0.015625 0.015625
0 0.322866 0.847663 0.015424 0.015102
0 0.436726 0.254994 0.015251 0.015222
0 0.991864 0.350956 0.015689 0.016363
