0 0.773438 0.039062 0.015625 0.015625
0 0.601562 0.040625 0.015625 0.015625
0 0.871875 0.082812 0.015625 0.015625
0 0.300000 0.125000 0.015625 0.015625
0 0.773438 0.162500 0.015625 0.015625
0 0.292188 0.170312 0.015625 0.015625
0 0.568750 0.203125 0.015625 0.015625
0 0.531250 0.212500 0.015625 0.015625
0 0.431250 0.215625 0.015625 0.015625
0 0.390625 0.234375 0.015625 0.015625
0 0.140625 0.246875 0.015625 0.015625
0 0.881250 0.248437 0.015625 0.015625
0 0.925000 0.278125 0.015625 0.015625
0 0.531250 0.303125 0.015625 0.015625
0 0.693750 0.306250 0.015625 0.015625
0 0.462500 0.318750 0.015625 0.015625
0 0.190625 0.321875 0.015625 0.015625
0 0.281250 0.321875 0.015625 0.015625
0 0.775000 0.321875 0.015625 0.015625
0 0.440625 0.328125 0.015625 0.015625
0 0.571875 0.356250 0.015625 0.015625
0 0.550000 0.359375 0.015625 0.015625
0 0.981250 0.362500 0.015625 0.015625
0 0.662500 0.365625 0.015625 0.015625
0 0.490625 0.371875 0.015625 0.015625
0 0.062500 0.375000 0.015625 0.015625
0 0.840625 0.375000 0.015625 0.015625
0 0.125000 0.384375 0.015625 0.015625
0 0.331250 0.384375 0.015625 0.015625
0 0.850000 0.406250 0.015625 0.015625
0 0.690625 0.421875 0.015625 0.015625
0 0.931250 0.431250 0.015625 0.015625
0 0.831250 0.434375 0.015625 0.015625
0 0.212500 0.440625 0.015625 0.015625
0 0.975000 0.443750 0.015625 0.015625
0 0.612500 0.450000 0.015625 0.015625
0 0.350000 0.453125 0.015625 0.015625
0 0.775000 0.465625 0.015625 0.015625
0 0.393750 0.503125 0.015625 0.015625
0 0.671875 0.515625 0.015625 0.015625
0 0.890625 0.521875 0.015625 0.015625
0 0.553125 0.528125 0.015625 0.015625
0 0.193750 0.543750 0.015625 0.015625
0 0.390625 0.546875 0.015625 0.015625
0 0.131250 0.553125 0.015625 0.015625
0 0.100000 0.571875 0.015625 0.015625
0 0.525000 0.581250 0.015625 0.015625
0 0.925000 0.590625 0.015625 0.015625
0 0.884375 0.621875 0.015625 0.015625
0 0.918750 0.625000 0.015625 0.015625
0 0.715625 0.640625 0.015625 0.015625
0 0.584375 0.643750 0.015625 0.015625
0 0.284375 0.646875 0.015625 0.015625
0 0.375000 0.671875 0.015625 0.015625
0 0.971875 0.681250 0.015625 0.015625
0 0.234375 0.690625 0.015625 0.015625
0 0.590625 0.703125 0.015625 0.015625
0 0.096875 0.734375 0.015625 0.015625
0 0.246875 0.746875 0.015625 0.015625
0 0.306250 0.750000 0.015625 0.015625
0 0.365625 0.753125 0.015625 0.015625
0 0.768750 0.753125 0.015625 0.015625
0 0.843750 0.771875 0.015625 0.015625
0 0.771875 0.784375 0.015625 0.015625
0 0.196875 0.790625 0.015625 0.015625
0 0.090625 0.831250 0.015625 0.015625
0 0.959375 0.840625 0.015625 0.015625
0 0.615625 0.846875 0.015625 0.015625
0 0.315625 0.856250 0.015625 0.015625
0 0.096875 0.859375 0.015625 0.015625
0 0.543750 0.862500 0.015625 0.015625
0 0.743750 0.862500 0.015625 0.015625
0 0.418750 0.865625 0.015625 0.015625
0 0.190625 0.903125 0.015625 0.015625
0 0.550000 0.912500 0.015625 0.015625
0 0.831250 0.915625 0.015625 0.015625
0 0.362500 0.921875 0.015625 0.015625
0 0.790625 0.921875 0.015625 0.015625
0 0.165625 0.928125 0.015625 0.015625
0 0.796875 0.940625 0.015625 0.015625
0 0.421875 0.943750 0.015625 0.015625
0 0.521875 0.943750 0.015625 0.015625
0 0.093750 0.965625 0.015625 0.015625
0 0.425000 0.971875 0.015625 0.015625
0 0.196875 0.975000 0.015625 0.015625
0 0.981250 0.975000 0.015625 0.015625
0 0.628125 0.981250 0.015625 0.015625
0 0.728125 0.981250 0.015625 0.015625
0 0.662500 0.984375 0.015625 0.015625
0 0.303797 0.014065 0.015625 0.015625
0 0.208158 0.018284 0.015625 0.015625
0 0.181435 0.015471 0.015625 0.015625
0 0.085795 0.009845 0.015625 0.015625
0 0.059072 0.081575 0.015625 0.015625
0 0.012658 0.067511 0.015625 0.015625
0 0.696203 0.080169 0.015625 0.015625
0 0.914205 0.087201 0.015625 0.015625
0 0.500703 0.057665 0.015625 0.015625
0 0.526020 0.070323 0.015625 0.015625
0 0.713080 0.016878 0.015625 0.015625
0 0.389592 0.177215 0.015625 0.015625
0 0.426160 0.174402 0.015625 0.015625
0 0.592124 0.257384 0.015625 0.015625
0 0.797468 0.284107 0.015625 0.015625
0 0.706048 0.241913 0.015625 0.015625
0 0.707454 0.279887 0.015625 0.015625
0 0.945148 0.386779 0.015625 0.015625
0 0.098453 0.476793 0.015625 0.015625
0 0.014065 0.436006 0.015625 0.015625
0 0.212377 0.624473 0.015625 0.015625
0 0.137834 0.573840 0.015625 0.015625
0 0.464147 0.800906 0.015634 0.015520
0 0.124851 0.246319 0.015225 0.015166
0 0.829154 0.766836 0.015681 0.015205
0 0.859892 0.995192 0.015993 0.009616
0 0.003665 0.257330 0.007329 0.015981
0 0.235509 0.737998 0.015455 0.015646
0 0.631294 0.375549 0.015371 0.015410
