0 0.054000 0.010000 0.015625 0.015625
0 0.470000 0.012000 0.015625 0.015625
0 0.914000 0.030000 0.015625 0.015625
0 0.171000 0.037000 0.015625 0.015625
0 0.590000 0.056000 0.015625 0.015625
0 0.942000 0.060000 0.015625 0.015625
0 0.186000 0.088000 0.015625 0.015625
0 0.242000 0.116000 0.015625 0.015625
0 0.940000 0.118000 0.015625 0.015625
0 0.658000 0.134000 0.015625 0.015625
0 0.908000 0.142000 0.015625 0.015625
0 0.764000 0.144000 0.015625 0.015625
0 0.622000 0.156000 0.015625 0.015625
0 0.436000 0.170000 0.015625 0.015625
0 0.778000 0.170000 0.015625 0.015625
0 0.674000 0.180000 0.015625 0.015625
0 0.786000 0.196000 0.015625 0.015625
0 0.034000 0.206000 0.015625 0.015625
0 0.836000 0.208000 0.015625 0.015625
0 0.452000 0.222000 0.015625 0.015625
0 0.876000 0.222000 0.015625 0.015625
0 0.370000 0.234000 0.015625 0.015625
0 0.738000 0.234000 0.015625 0.015625
0 0.262000 0.244000 0.015625 0.015625
0 0.640000 0.244000 0.015625 0.015625
0 0.886000 0.266000 0.015625 0.015625
0 0.208000 0.270000 0.015625 0.015625
0 0.562000 0.272000 0.015625 0.015625
0 0.742000 0.274000 0.015625 0.015625
0 0.292000 0.282000 0.015625 0.015625
0 0.806000 0.282000 0.015625 0.015625
0 0.930000 0.294000 0.015625 0.015625
0 0.498000 0.300000 0.015625 0.015625
0 0.010000 0.304000 0.015625 0.015625
0 0.090000 0.308000 0.015625 0.015625
0 0.400000 0.308000 0.015625 0.015625
0 0.806000 0.336000 0.015625 0.015625
0 0.172000 0.340000 0.015625 0.015625
0 0.988000 0.342000 0.015625 0.015625
0 0.094000 0.344000 0.015625 0.015625
0 0.888000 0.344000 0.015625 0.015625
0 0.660000 0.346000 0.015625 0.015625
0 0.556000 0.354000 0.015625 0.015625
0 0.012000 0.370000 0.015625 0.015625
0 0.514000 0.380000 0.015625 0.015625
0 0.914000 0.386000 0.015625 0.015625
0 0.718000 0.392000 0.015625 0.015625
0 0.874000 0.396000 0.015625 0.015625
0 0.486000 0.404000 0.015625 0.015625
0 0.078000 0.408000 0.015625 0.015625
0 0.738000 0.410000 0.015625 0.015625
0 0.414000 0.420000 0.015625 0.015625
0 0.505000 0.424000 0.015625 0.015625
0 0.670000 0.424000 0.015625 0.015625
0 0.222000 0.428000 0.015625 0.015625
0 0.170000 0.432000 0.015625 0.015625
0 0.014000 0.438000 0.015625 0.015625
0 0.566000 0.444000 0.015625 0.015625
0 0.410000 0.464000 0.015625 0.015625
0 0.590000 0.468000 0.015625 0.015625
0 0.814000 0.472000 0.015625 0.015625
0 0.106000 0.476000 0.015625 0.015625
0 0.658000 0.486000 0.015625 0.015625
0 0.310000 0.498000 0.015625 0.015625
0 0.624000 0.498000 0.015625 0.015625
0 0.372000 0.505000 0.015625 0.015625
0 0.030000 0.514000 0.015625 0.015625
0 0.870000 0.518000 0.015625 0.015625
0 0.758000 0.524000 0.015625 0.015625
0 0.842000 0.538000 0.015625 0.015625
0 0.080000 0.558000 0.015625 0.015625
0 0.438000 0.564000 0.015625 0.015625
0 0.854000 0.568000 0.015625 0.015625
0 0.386000 0.604000 0.015625 0.015625
0 0.754000 0.604000 0.015625 0.015625
0 0.822000 0.608000 0.015625 0.015625
0 0.600000 0.618000 0.015625 0.015625
0 0.130000 0.624000 0.015625 0.015625
0 0.872000 0.632000 0.015625 0.015625
0 0.364000 0.634000 0.015625 0.015625
0 0.946000 0.636000 0.015625 0.015625
0 0.210000 0.640000 0.015625 0.015625
0 0.084000 0.642000 0.015625 0.015625
0 0.846000 0.646000 0.015625 0.015625
0 0.626000 0.668000 0.015625 0.015625
0 0.110000 0.706000 0.015625 0.015625
0 0.358000 0.730000 0.015625 0.015625
0 0.866000 0.744000 0.015625 0.015625
0 0.366000 0.750000 0.015625 0.015625
0 0.676000 0.750000 0.015625 0.015625
0 0.434000 0.764000 0.015625 0.015625
0 0.146000 0.796000 0.015625 0.015625
0 0.314000 0.798000 0.015625 0.015625
0 0.242000 0.810000 0.015625 0.015625
0 0.448000 0.816000 0.015625 0.015625
0 0.304000 0.846000 0.015625 0.015625
0 0.834000 0.858000 0.015625 0.015625
0 0.746000 0.864000 0.015625 0.015625
0 0.078000 0.866000 0.015625 0.015625
0 0.786000 0.872000 0.015625 0.015625
0 0.802000 0.888000 0.015625 0.015625
0 0.198000 0.894000 0.015625 0.015625
0 0.536000 0.894000 0.015625 0.015625
0 0.850000 0.920000 0.015625 0.015625
0 0.878000 0.926000 0.015625 0.015625
0 0.520000 0.940000 0.015625 0.015625
0 0.782000 0.946000 0.015625 0.015625
0 0.212000 0.948000 0.015625 0.015625
0 0.351617 0.158931 0.015625 0.015625
0 0.420534 0.109705 0.015625 0.015625
0 0.544304 0.991561 0.015625 0.015625
0 0.483826 0.966245 0.015625 0.015625
0 0.924051 0.959212 0.015625 0.015625
0 0.984529 0.981716 0.015625 0.015625
0 0.981716 0.464135 0.015625 0.015625
0 0.825598 0.383966 0.015625 0.015625
0 0.506329 0.452883 0.015625 0.015625
0 0.276019 0.547238 0.015325 0.015418
0 0.676254 0.991536 0.015319 0.015071
0 0.913581 0.982153 0.014696 0.014709
0 0.652867 0.172207 0.015484 0.015234
0 0.304190 0.963566 0.015945 0.015687
0 0.191934 0.966301 0.015580 0.015168
