0 0.078056 0.744473 0.015931 0.015669
0 0.214000 0.014000 0.015625 0.015625
0 0.430000 0.016000 0.015625 0.015625
0 0.200000 0.036000 0.015625 0.015625
0 0.470000 0.052000 0.015625 0.015625
0 0.818000 0.052000 0.015625 0.015625
0 0.534000 0.054000 0.015625 0.015625
0 0.924000 0.060000 0.015625 0.015625
0 0.700000 0.074000 0.015625 0.015625
0 0.952000 0.096000 0.015625 0.015625
0 0.072000 0.118000 0.015625 0.015625
0 0.530000 0.118000 0.015625 0.015625
0 0.904000 0.118000 0.015625 0.015625
0 0.250000 0.128000 0.015625 0.015625
0 0.956000 0.146000 0.015625 0.015625
0 0.904000 0.154000 0.015625 0.015625
0 0.774000 0.164000 0.015625 0.015625
0 0.700000 0.170000 0.015625 0.015625
0 0.438000 0.172000 0.015625 0.015625
0 0.878000 0.204000 0.015625 0.015625
0 0.248000 0.212000 0.015625 0.015625
0 0.918000 0.228000 0.015625 0.015625
0 0.354000 0.230000 0.015625 0.015625
0 0.734000 0.234000 0.015625 0.015625
0 0.554000 0.236000 0.015625 0.015625
0 0.938000 0.238000 0.015625 0.015625
0 0.584000 0.244000 0.015625 0.015625
0 0.006000 0.256000 0.015625 0.015625
0 0.394000 0.264000 0.015625 0.015625
0 0.658000 0.280000 0.015625 0.015625
0 0.290000 0.282000 0.015625 0.015625
0 0.946000 0.282000 0.015625 0.015625
0 0.214000 0.284000 0.015625 0.015625
0 0.470000 0.294000 0.015625 0.015625
0 0.846000 0.300000 0.015625 0.015625
0 0.534000 0.312000 0.015625 0.015625
0 0.346000 0.330000 0.015625 0.015625
0 0.398000 0.332000 0.015625 0.015625
0 0.536000 0.334000 0.015625 0.015625
0 0.470000 0.336000 0.015625 0.015625
0 0.766000 0.344000 0.015625 0.015625
0 0.174000 0.370000 0.015625 0.015625
0 0.626000 0.382000 0.015625 0.015625
0 0.542000 0.396000 0.015625 0.015625
0 0.714000 0.404000 0.015625 0.015625
0 0.062000 0.406000 0.015625 0.015625
0 0.990000 0.412000 0.015625 0.015625
0 0.826000 0.414000 0.015625 0.015625
0 0.022000 0.432000 0.015625 0.015625
0 0.666000 0.438000 0.015625 0.015625
0 0.990000 0.440000 0.015625 0.015625
0 0.382000 0.448000 0.015625 0.015625
0 0.158000 0.452000 0.015625 0.015625
0 0.646000 0.474000 0.015625 0.015625
0 0.466000 0.486000 0.015625 0.015625
0 0.146000 0.490000 0.015625 0.015625
0 0.618000 0.498000 0.015625 0.015625
0 0.470000 0.514000 0.015625 0.015625
0 0.874000 0.514000 0.015625 0.015625
0 0.398000 0.534000 0.015625 0.015625
0 0.234000 0.536000 0.015625 0.015625
0 0.626000 0.536000 0.015625 0.015625
0 0.126000 0.542000 0.015625 0.015625
0 0.054000 0.544000 0.015625 0.015625
0 0.742000 0.590000 0.015625 0.015625
0 0.966000 0.590000 0.015625 0.015625
0 0.666000 0.612000 0.015625 0.015625
0 0.854000 0.618000 0.015625 0.015625
0 0.894000 0.620000 0.015625 0.015625
0 0.206000 0.624000 0.015625 0.015625
0 0.230000 0.642000 0.015625 0.015625
0 0.838000 0.646000 0.015625 0.015625
0 0.490000 0.688000 0.015625 0.015625
0 0.106000 0.696000 0.015625 0.015625
0 0.230000 0.698000 0.015625 0.015625
0 0.010000 0.720000 0.015625 0.015625
0 0.846000 0.736000 0.015625 0.015625
0 0.318000 0.742000 0.015625 0.015625
0 0.414000 0.754000 0.015625 0.015625
0 0.650000 0.778000 0.015625 0.015625
0 0.706000 0.790000 0.015625 0.015625
0 0.198000 0.794000 0.015625 0.015625
0 0.446000 0.794000 0.015625 0.015625
0 0.230000 0.806000 0.015625 0.015625
0 0.110000 0.820000 0.015625 0.015625
0 0.906000 0.830000 0.015625 0.015625
0 0.742000 0.838000 0.015625 0.015625
0 0.326000 0.854000 0.015625 0.015625
0 0.102000 0.860000 0.015625 0.015625
0 0.666000 0.860000 0.015625 0.015625
0 0.434000 0.870000 0.015625 0.015625
0 0.194000 0.894000 0.015625 0.015625
0 0.438000 0.900000 0.015625 0.015625
0 0.826000 0.908000 0.015625 0.015625
0 0.970000 0.908000 0.015625 0.015625
0 0.550000 0.910000 0.015625 0.015625
0 0.762000 0.930000 0.015625 0.015625
0 0.182000 0.950000 0.015625 0.015625
0 0.258000 0.950000 0.015625 0.015625
0 0.710000 0.950000 0.015625 0.015625
0 0.838000 0.954000 0.015625 0.015625
0 0.842000 0.970000 0.015625 0.015625
0 0.882000 0.970000 0.015625 0.015625
0 0.622000 0.980000 0.015625 0.015625
0 0.450000 0.988000 0.015625 0.015625
0 0.654000 0.990000 0.015625 0.015625
0 0.100000 0.996000 0.015625 0.015625
0 0.137834 0.351617 0.015625 0.015625
0 0.777778 0.247539 0.015625 0.015625
0 0.836850 0.544304 0.015625 0.015625
0 0.308920 0.437548 0.015266 0.015150
0 0.805595 0.012984 0.015102 0.014993
0 0.936908 0.220618 0.015540 0.015829
0 0.418641 0.784269 0.015800 0.014972
