0 0.810938 0.012500 0.015625 0.015625
0 0.453125 0.014063 0.015625 0.015625
0 0.203125 0.025000 0.015625 0.015625
0 0.925000 0.054688 0.015625 0.015625
0 0.812500 0.075000 0.015625 0.015625
0 0.962500 0.093750 0.015625 0.015625
0 0.690625 0.096875 0.015625 0.015625
0 0.539063 0.098438 0.015625 0.015625
0 0.064063 0.117188 0.015625 0.015625
0 0.882813 0.118750 0.015625 0.015625
0 0.254688 0.120313 0.015625 0.015625
0 0.901563 0.150000 0.015625 0.015625
0 0.760938 0.164063 0.015625 0.015625
0 0.253125 0.170313 0.015625 0.015625
0 0.440625 0.184375 0.015625 0.015625
0 0.684375 0.184375 0.015625 0.015625
0 0.882813 0.203125 0.015625 0.015625
0 0.931250 0.226563 0.015625 0.015625
0 0.348438 0.231250 0.015625 0.015625
0 0.725000 0.234375 0.015625 0.015625
0 0.004688 0.253125 0.015625 0.015625
0 0.220313 0.273438 0.015625 0.015625
0 0.654688 0.276563 0.015625 0.015625
0 0.281250 0.281250 0.015625 0.015625
0 0.945313 0.281250 0.015625 0.015625
0 0.460938 0.298438 0.015625 0.015625
0 0.525000 0.306250 0.015625 0.015625
0 0.853125 0.307813 0.015625 0.015625
0 0.353125 0.317188 0.015625 0.015625
0 0.406250 0.323438 0.015625 0.015625
0 0.545313 0.331250 0.015625 0.015625
0 0.765625 0.335938 0.015625 0.015625
0 0.129688 0.356250 0.015625 0.015625
0 0.003125 0.364063 0.015625 0.015625
0 0.181250 0.370313 0.015625 0.015625
0 0.625000 0.375000 0.015625 0.015625
0 0.545313 0.395313 0.015625 0.015625
0 0.065625 0.401563 0.015625 0.015625
0 0.989063 0.403125 0.015625 0.015625
0 0.726563 0.421875 0.015625 0.015625
0 0.835938 0.421875 0.015625 0.015625
0 0.671875 0.428125 0.015625 0.015625
0 0.381250 0.445313 0.015625 0.015625
0 0.289063 0.450000 0.015625 0.015625
0 0.031250 0.451563 0.015625 0.015625
0 0.151563 0.453125 0.015625 0.015625
0 0.981250 0.460938 0.015625 0.015625
0 0.460938 0.473438 0.015625 0.015625
0 0.656250 0.475000 0.015625 0.015625
0 0.153125 0.492188 0.015625 0.015625
0 0.621875 0.498438 0.015625 0.015625
0 0.471875 0.514063 0.015625 0.015625
0 0.881250 0.517188 0.015625 0.015625
0 0.107813 0.521875 0.015625 0.015625
0 0.056250 0.532813 0.015625 0.015625
0 0.229688 0.534375 0.015625 0.015625
0 0.385938 0.534375 0.015625 0.015625
0 0.609375 0.543750 0.015625 0.015625
0 0.960938 0.585938 0.015625 0.015625
0 0.740625 0.595313 0.015625 0.015625
0 0.660938 0.604688 0.015625 0.015625
0 0.904688 0.618750 0.015625 0.015625
0 0.851563 0.621875 0.015625 0.015625
0 0.201563 0.623438 0.015625 0.015625
0 0.231250 0.639063 0.015625 0.015625
0 0.840625 0.640625 0.015625 0.015625
0 0.484375 0.685938 0.015625 0.015625
0 0.109375 0.701563 0.015625 0.015625
0 0.232813 0.704688 0.015625 0.015625
0 0.837500 0.732813 0.015625 0.015625
0 0.315625 0.742188 0.015625 0.015625
0 0.381250 0.742188 0.015625 0.015625
0 0.517188 0.746875 0.015625 0.015625
0 0.546875 0.750000 0.015625 0.015625
0 0.531250 0.754688 0.015625 0.015625
0 0.656250 0.762500 0.015625 0.015625
0 0.710938 0.782813 0.015625 0.015625
0 0.189063 0.796875 0.015625 0.015625
0 0.460938 0.796875 0.015625 0.015625
0 0.229688 0.809375 0.015625 0.015625
0 0.114063 0.820313 0.015625 0.015625
0 0.909375 0.825000 0.015625 0.015625
0 0.720313 0.829688 0.015625 0.015625
0 0.685938 0.837500 0.015625 0.015625
0 0.331250 0.845313 0.015625 0.015625
0 0.110938 0.854688 0.015625 0.015625
0 0.437500 0.873438 0.015625 0.015625
0 0.193750 0.893750 0.015625 0.015625
0 0.548438 0.904688 0.015625 0.015625
0 0.825000 0.912500 0.015625 0.015625
0 0.973438 0.912500 0.015625 0.015625
0 0.523438 0.939063 0.015625 0.015625
0 0.712500 0.948438 0.015625 0.015625
0 0.173438 0.954688 0.015625 0.015625
0 0.835938 0.954688 0.015625 0.015625
0 0.851563 0.962500 0.015625 0.015625
0 0.445313 0.979688 0.015625 0.015625
0 0.907813 0.979688 0.015625 0.015625
0 0.625000 0.982813 0.015625 0.015625
0 0.660938 0.987500 0.015625 0.015625
0 0.772222 0.244444 0.015625 0.015625
0 0.795833 0.284722 0.015625 0.015625
0 0.958333 0.147222 0.015625 0.015625
0 0.983333 0.108333 0.015625 0.015625
0 0.820833 0.052778 0.015625 0.015625
0 0.276389 0.304167 0.015625 0.015625
0 0.009722 0.431944 0.015625 0.015625
0 0.373611 0.488889 0.015625 0.015625
0 0.826389 0.552778 0.015625 0.015625
0 0.820833 0.387500 0.015625 0.015625
0 0.069444 0.752778 0.015625 0.015625
0 0.284722 0.940278 0.015625 0.015625
0 0.692078 0.073963 0.015789 0.015454
0 0.530877 0.067755 0.014853 0.014519
0 0.907717 0.059591 0.015925 0.015911
0 0.548331 0.238125 0.015646 0.015655
0 0.459992 0.342275 0.015506 0.015200
0 0.381003 0.233446 0.015970 0.015638
