0 0.203125 0.015625 0.015625 0.015625
0 0.906250 0.023438 0.015625 0.015625
0 0.296875 0.026562 0.015625 0.015625
0 0.796875 0.032812 0.015625 0.015625
0 0.687500 0.062500 0.015625 0.015625
0 0.031250 0.070312 0.015625 0.015625
0 0.273438 0.114062 0.015625 0.015625
0 0.873438 0.131250 0.015625 0.015625
0 0.562500 0.137500 0.015625 0.015625
0 0.171875 0.146875 0.015625 0.015625
0 0.585938 0.185938 0.015625 0.015625
0 0.781250 0.190625 0.015625 0.015625
0 0.468750 0.195312 0.015625 0.015625
0 0.531250 0.204688 0.015625 0.015625
0 0.648438 0.210938 0.015625 0.015625
0 0.699219 0.215625 0.015625 0.015625
0 0.932812 0.242188 0.015625 0.015625
0 0.375000 0.246875 0.015625 0.015625
0 0.009375 0.254688 0.015625 0.015625
0 0.832812 0.273438 0.015625 0.015625
0 0.164062 0.276562 0.015625 0.015625
0 0.234375 0.296875 0.015625 0.015625
0 0.910938 0.314062 0.015625 0.015625
0 0.562500 0.317188 0.015625 0.015625
0 0.457812 0.334375 0.015625 0.015625
0 0.500000 0.343750 0.015625 0.015625
0 0.617188 0.345312 0.015625 0.015625
0 0.542188 0.351562 0.015625 0.015625
0 0.762500 0.360938 0.015625 0.015625
0 0.685938 0.364062 0.015625 0.015625
0 0.054688 0.370312 0.015625 0.015625
0 0.989062 0.395312 0.015625 0.015625
0 0.125000 0.404688 0.015625 0.015625
0 0.710938 0.406250 0.015625 0.015625
0 0.418750 0.431250 0.015625 0.015625
0 0.668750 0.431250 0.015625 0.015625
0 0.546875 0.437500 0.015625 0.015625
0 0.023438 0.440625 0.015625 0.015625
0 0.185938 0.454688 0.015625 0.015625
0 0.632812 0.460938 0.015625 0.015625
0 0.046875 0.464062 0.015625 0.015625
0 0.409375 0.481250 0.015625 0.015625
0 0.656250 0.495312 0.015625 0.015625
0 0.882812 0.501562 0.015625 0.015625
0 0.303125 0.515625 0.015625 0.015625
0 0.484375 0.515625 0.015625 0.015625
0 0.171875 0.531250 0.015625 0.015625
0 0.539062 0.565625 0.015625 0.015625
0 0.203125 0.592188 0.015625 0.015625
0 0.906250 0.595312 0.015625 0.015625
0 0.773438 0.610938 0.015625 0.015625
0 0.989062 0.615625 0.015625 0.015625
0 0.203125 0.635938 0.015625 0.015625
0 0.664062 0.651562 0.015625 0.015625
0 0.106250 0.656250 0.015625 0.015625
0 0.945312 0.671875 0.015625 0.015625
0 0.384375 0.701562 0.015625 0.015625
0 0.612500 0.715625 0.015625 0.015625
0 0.812500 0.715625 0.015625 0.015625
0 0.284375 0.742188 0.015625 0.015625
0 0.371875 0.742188 0.015625 0.015625
0 0.876562 0.756250 0.015625 0.015625
0 0.914062 0.765625 0.015625 0.015625
0 0.137500 0.776562 0.015625 0.015625
0 0.201562 0.792188 0.015625 0.015625
0 0.457812 0.796875 0.015625 0.015625
0 0.723438 0.821875 0.015625 0.015625
0 0.054688 0.826562 0.015625 0.015625
0 0.843750 0.832812 0.015625 0.015625
0 0.053125 0.851562 0.015625 0.015625
0 0.320312 0.851562 0.015625 0.015625
0 0.468750 0.885938 0.015625 0.015625
0 0.542188 0.901562 0.015625 0.015625
0 0.862500 0.910938 0.015625 0.015625
0 0.225000 0.915625 0.015625 0.015625
0 0.435938 0.915625 0.015625 0.015625
0 0.092188 0.935938 0.015625 0.015625
0 0.523438 0.942188 0.015625 0.015625
0 0.253125 0.956250 0.015625 0.015625
0 0.943750 0.956250 0.015625 0.015625
0 0.882812 0.971875 0.015625 0.015625
0 0.371875 0.976562 0.015625 0.015625
0 0.662500 0.976562 0.015625 0.015625
0 0.842188 0.981250 0.015625 0.015625
0 0.984375 0.984375 0.015625 0.015625
0 0.632812 0.985938 0.015625 0.015625
0 0.725738 0.074543 0.015625 0.015625
0 0.258790 0.191280 0.015625 0.015625
0 0.355837 0.206751 0.015625 0.015625
0 0.441632 0.168776 0.015625 0.015625
0 0.888889 0.175809 0.015625 0.015625
0 0.857947 0.246132 0.015625 0.015625
0 0.864979 0.305204 0.015625 0.015625
0 0.939522 0.299578 0.015625 0.015625
0 0.824191 0.315049 0.015625 0.015625
0 0.803094 0.285513 0.015625 0.015625
0 0.725738 0.299578 0.015625 0.015625
0 0.824191 0.389592 0.015625 0.015625
0 0.929677 0.399437 0.015625 0.015625
0 0.985935 0.375527 0.015625 0.015625
0 0.984529 0.462729 0.015625 0.015625
0 0.655415 0.580872 0.015625 0.015625
0 0.452883 0.452883 0.015625 0.015625
0 0.481013 0.033755 0.015625 0.015625
0 0.466948 0.088608 0.015625 0.015625
0 0.341772 0.347398 0.015625 0.015625
0 0.160338 0.358650 0.015625 0.015625
0 0.175809 0.353024 0.015625 0.015625
0 0.085795 0.549930 0.015625 0.015625
0 0.057665 0.510549 0.015625 0.015625
0 0.393812 0.527426 0.015625 0.015625
0 0.931083 0.846695 0.015625 0.015625
0 0.905767 0.628692 0.015625 0.015625
0 0.926864 0.583685 0.015625 0.015625
0 0.873418 0.530239 0.015625 0.015625
0 0.137224 0.963601 0.015454 0.015122
0 0.857911 0.952655 0.015065 0.015241
0 0.997829 0.019117 0.004341 0.012203
