0 0.434770 0.913755 0.015783 0.015663
0 0.632594 0.470670 0.015829 0.015570
0 0.189000 0.016000 0.015625 0.015625
0 0.471000 0.023000 0.015625 0.015625
0 0.802000 0.025000 0.015625 0.015625
0 0.991000 0.030000 0.015625 0.015625
0 0.023000 0.031000 0.015625 0.015625
0 0.322000 0.048000 0.015625 0.015625
0 0.690000 0.059000 0.015625 0.015625
0 0.463000 0.064000 0.015625 0.015625
0 0.562000 0.070000 0.015625 0.015625
0 0.289000 0.121000 0.015625 0.015625
0 0.841000 0.134000 0.015625 0.015625
0 0.511000 0.146000 0.015625 0.015625
0 0.160000 0.176000 0.015625 0.015625
0 0.560000 0.199000 0.015625 0.015625
0 0.521000 0.210000 0.015625 0.015625
0 0.466000 0.211000 0.015625 0.015625
0 0.664000 0.211000 0.015625 0.015625
0 0.704000 0.231000 0.015625 0.015625
0 0.379000 0.236000 0.015625 0.015625
0 0.934000 0.244000 0.015625 0.015625
0 0.354000 0.246000 0.015625 0.015625
0 0.854000 0.250000 0.015625 0.015625
0 0.429000 0.251000 0.015625 0.015625
0 0.714000 0.274000 0.015625 0.015625
0 0.840000 0.276000 0.015625 0.015625
0 0.170000 0.286000 0.015625 0.015625
0 0.904000 0.290000 0.015625 0.015625
0 0.934000 0.300000 0.015625 0.015625
0 0.234000 0.306000 0.015625 0.015625
0 0.800000 0.306000 0.015625 0.015625
0 0.599000 0.316000 0.015625 0.015625
0 0.839000 0.326000 0.015625 0.015625
0 0.154000 0.336000 0.015625 0.015625
0 0.344000 0.336000 0.015625 0.015625
0 0.474000 0.336000 0.015625 0.015625
0 0.554000 0.341000 0.015625 0.015625
0 0.024000 0.346000 0.015625 0.015625
0 0.624000 0.346000 0.015625 0.015625
0 0.754000 0.356000 0.015625 0.015625
0 0.180000 0.366000 0.015625 0.015625
0 0.664000 0.376000 0.015625 0.015625
0 0.134000 0.396000 0.015625 0.015625
0 0.709000 0.416000 0.015625 0.015625
0 0.959000 0.416000 0.015625 0.015625
0 0.894000 0.421000 0.015625 0.015625
0 0.674000 0.426000 0.015625 0.015625
0 0.030000 0.436000 0.015625 0.015625
0 0.204000 0.446000 0.015625 0.015625
0 0.434000 0.446000 0.015625 0.015625
0 0.504000 0.446000 0.015625 0.015625
0 0.990000 0.456000 0.015625 0.015625
0 0.064000 0.486000 0.015625 0.015625
0 0.634000 0.486000 0.015625 0.015625
0 0.664000 0.486000 0.015625 0.015625
0 0.414000 0.496000 0.015625 0.015625
0 0.899000 0.516000 0.015625 0.015625
0 0.874000 0.521000 0.015625 0.015625
0 0.204000 0.526000 0.015625 0.015625
0 0.074000 0.536000 0.015625 0.015625
0 0.484000 0.536000 0.015625 0.015625
0 0.389000 0.546000 0.015625 0.015625
0 0.534000 0.556000 0.015625 0.015625
0 0.599000 0.576000 0.015625 0.015625
0 0.954000 0.586000 0.015625 0.015625
0 0.184000 0.586000 0.015625 0.015625
0 0.789000 0.596000 0.015625 0.015625
0 0.909000 0.616000 0.015625 0.015625
0 0.209000 0.636000 0.015625 0.015625
0 0.649000 0.656000 0.015625 0.015625
0 0.104000 0.656000 0.015625 0.015625
0 0.944000 0.666000 0.015625 0.015625
0 0.409000 0.706000 0.015625 0.015625
0 0.819000 0.711000 0.015625 0.015625
0 0.654000 0.716000 0.015625 0.015625
0 0.284000 0.736000 0.015625 0.015625
0 0.244000 0.746000 0.015625 0.015625
0 0.369000 0.756000 0.015625 0.015625
0 0.904000 0.766000 0.015625 0.015625
0 0.204000 0.796000 0.015625 0.015625
0 0.104000 0.806000 0.015625 0.015625
0 0.734000 0.816000 0.015625 0.015625
0 0.064000 0.846000 0.015625 0.015625
0 0.954000 0.851000 0.015625 0.015625
0 0.314000 0.856000 0.015625 0.015625
0 0.784000 0.856000 0.015625 0.015625
0 0.024000 0.866000 0.015625 0.015625
0 0.469000 0.876000 0.015625 0.015625
0 0.244000 0.896000 0.015625 0.015625
0 0.189000 0.901000 0.015625 0.015625
0 0.544000 0.901000 0.015625 0.015625
0 0.990000 0.906000 0.015625 0.015625
0 0.834000 0.931000 0.015625 0.015625
0 0.894000 0.931000 0.015625 0.015625
0 0.524000 0.941000 0.015625 0.015625
0 0.134000 0.966000 0.015625 0.015625
0 0.859000 0.966000 0.015625 0.015625
0 0.919000 0.966000 0.015625 0.015625
0 0.784000 0.981000 0.015625 0.015625
0 0.974000 0.981000 0.015625 0.015625
0 0.634000 0.986000 0.015625 0.015625
0 0.664000 0.986000 0.015625 0.015625
0 0.881857 0.174402 0.015625 0.015625
0 0.905767 0.054852 0.015625 0.015625
0 0.431786 0.171589 0.015625 0.015625
0 0.240506 0.189873 0.015625 0.015625
0 0.347398 0.222222 0.015625 0.015625
0 0.288326 0.516174 0.015625 0.015625
0 0.824191 0.395218 0.015625 0.015625
0 0.081575 0.938115 0.015625 0.015625
0 0.461322 0.797468 0.015625 0.015625
0 0.367235 0.984745 0.015320 0.015279
0 0.780173 0.192277 0.016068 0.015802
