0 0.406000 0.008000 0.015625 0.015625
0 0.886000 0.008000 0.015625 0.015625
0 0.452000 0.014000 0.015625 0.015625
0 0.505000 0.024000 0.015625 0.015625
0 0.976000 0.024000 0.015625 0.015625
0 0.180000 0.030000 0.015625 0.015625
0 0.726000 0.030000 0.015625 0.015625
0 0.638000 0.056000 0.015625 0.015625
0 0.566000 0.058000 0.015625 0.015625
0 0.940000 0.064000 0.015625 0.015625
0 0.764000 0.076000 0.015625 0.015625
0 0.610000 0.080000 0.015625 0.015625
0 0.956000 0.080000 0.015625 0.015625
0 0.868000 0.086000 0.015625 0.015625
0 0.590000 0.106000 0.015625 0.015625
0 0.072000 0.122000 0.015625 0.015625
0 0.124000 0.128000 0.015625 0.015625
0 0.838000 0.136000 0.015625 0.015625
0 0.238000 0.146000 0.015625 0.015625
0 0.698000 0.148000 0.015625 0.015625
0 0.046000 0.168000 0.015625 0.015625
0 0.444000 0.172000 0.015625 0.015625
0 0.618000 0.176000 0.015625 0.015625
0 0.976000 0.182000 0.015625 0.015625
0 0.818000 0.186000 0.015625 0.015625
0 0.040000 0.214000 0.015625 0.015625
0 0.594000 0.214000 0.015625 0.015625
0 0.474000 0.218000 0.015625 0.015625
0 0.868000 0.218000 0.015625 0.015625
0 0.370000 0.224000 0.015625 0.015625
0 0.668000 0.232000 0.015625 0.015625
0 0.142000 0.238000 0.015625 0.015625
0 0.378000 0.238000 0.015625 0.015625
0 0.466000 0.240000 0.015625 0.015625
0 0.330000 0.254000 0.015625 0.015625
0 0.230000 0.262000 0.015625 0.015625
0 0.708000 0.264000 0.015625 0.015625
0 0.505000 0.286000 0.015625 0.015625
0 0.892000 0.286000 0.015625 0.015625
0 0.928000 0.290000 0.015625 0.015625
0 0.738000 0.304000 0.015625 0.015625
0 0.050000 0.306000 0.015625 0.015625
0 0.796000 0.326000 0.015625 0.015625
0 0.086000 0.342000 0.015625 0.015625
0 0.420000 0.344000 0.015625 0.015625
0 0.700000 0.344000 0.015625 0.015625
0 0.794000 0.348000 0.015625 0.015625
0 0.556000 0.350000 0.015625 0.015625
0 0.178000 0.358000 0.015625 0.015625
0 0.666000 0.370000 0.015625 0.015625
0 0.958000 0.370000 0.015625 0.015625
0 0.430000 0.384000 0.015625 0.015625
0 0.976000 0.396000 0.015625 0.015625
0 0.142000 0.406000 0.015625 0.015625
0 0.574000 0.418000 0.015625 0.015625
0 0.100000 0.424000 0.015625 0.015625
0 0.406000 0.424000 0.015625 0.015625
0 0.970000 0.424000 0.015625 0.015625
0 0.036000 0.436000 0.015625 0.015625
0 0.682000 0.438000 0.015625 0.015625
0 0.014000 0.442000 0.015625 0.015625
0 0.318000 0.444000 0.015625 0.015625
0 0.606000 0.450000 0.015625 0.015625
0 0.758000 0.450000 0.015625 0.015625
0 0.150000 0.452000 0.015625 0.015625
0 0.450000 0.456000 0.015625 0.015625
0 0.358000 0.464000 0.015625 0.015625
0 0.986000 0.464000 0.015625 0.015625
0 0.530000 0.466000 0.015625 0.015625
0 0.658000 0.476000 0.015625 0.015625
0 0.858000 0.486000 0.015625 0.015625
0 0.505000 0.518000 0.015625 0.015625
0 0.870000 0.518000 0.015625 0.015625
0 0.286000 0.528000 0.015625 0.015625
0 0.394000 0.530000 0.015625 0.015625
0 0.764000 0.560000 0.015625 0.015625
0 0.802000 0.560000 0.015625 0.015625
0 0.138000 0.564000 0.015625 0.015625
0 0.505000 0.570000 0.015625 0.015625
0 0.986000 0.570000 0.015625 0.015625
0 0.630000 0.574000 0.015625 0.015625
0 0.340000 0.594000 0.015625 0.015625
0 0.686000 0.608000 0.015625 0.015625
0 0.866000 0.622000 0.015625 0.015625
0 0.210000 0.638000 0.015625 0.015625
0 0.788000 0.644000 0.015625 0.015625
0 0.880000 0.648000 0.015625 0.015625
0 0.542000 0.666000 0.015625 0.015625
0 0.214000 0.684000 0.015625 0.015625
0 0.932000 0.714000 0.015625 0.015625
0 0.660000 0.720000 0.015625 0.015625
0 0.850000 0.724000 0.015625 0.015625
0 0.322000 0.726000 0.015625 0.015625
0 0.866000 0.740000 0.015625 0.015625
0 0.034000 0.744000 0.015625 0.015625
0 0.360000 0.746000 0.015625 0.015625
0 0.426000 0.766000 0.015625 0.015625
0 0.722000 0.780000 0.015625 0.015625
0 0.078000 0.810000 0.015625 0.015625
0 0.466000 0.810000 0.015625 0.015625
0 0.558000 0.810000 0.015625 0.015625
0 0.150000 0.832000 0.015625 0.015625
0 0.214000 0.840000 0.015625 0.015625
0 0.322000 0.854000 0.015625 0.015625
0 0.182000 0.858000 0.015625 0.015625
0 0.078000 0.860000 0.015625 0.015625
0 0.442000 0.860000 0.015625 0.015625
0 0.804000 0.860000 0.015625 0.015625
0 0.208158 0.890295 0.015625 0.015625
0 0.151899 0.940928 0.015625 0.015625
0 0.174402 0.967651 0.015625 0.015625
0 0.306610 0.945148 0.015625 0.015625
0 0.386779 0.893108 0.015625 0.015625
0 0.402250 0.933896 0.015625 0.015625
0 0.530239 0.912799 0.015625 0.015625
0 0.676512 0.987342 0.015625 0.015625
0 0.898734 0.895921 0.015625 0.015625
0 0.970464 0.874824 0.015625 0.015625
0 0.957806 0.946554 0.015625 0.015625
0 0.911392 0.976090 0.015625 0.015625
0 0.347096 0.383099 0.015302 0.015237
0 0.872912 0.006138 0.014603 0.012276
