0 0.205000 0.025000 0.015625 0.015625
0 0.470000 0.060000 0.015625 0.015625
0 0.915000 0.060000 0.015625 0.015625
0 0.690000 0.075000 0.015625 0.015625
0 0.525000 0.080000 0.015625 0.015625
0 0.990000 0.085000 0.015625 0.015625
0 0.885000 0.095000 0.015625 0.015625
0 0.550000 0.100000 0.015625 0.015625
0 0.960000 0.100000 0.015625 0.015625
0 0.070000 0.115000 0.015625 0.015625
0 0.245000 0.130000 0.015625 0.015625
0 0.900000 0.145000 0.015625 0.015625
0 0.240000 0.165000 0.015625 0.015625
0 0.755000 0.170000 0.015625 0.015625
0 0.435000 0.195000 0.015625 0.015625
0 0.940000 0.200000 0.015625 0.015625
0 0.890000 0.205000 0.015625 0.015625
0 0.350000 0.230000 0.015625 0.015625
0 0.550000 0.230000 0.015625 0.015625
0 0.765000 0.230000 0.015625 0.015625
0 0.725000 0.235000 0.015625 0.015625
0 0.940000 0.240000 0.015625 0.015625
0 0.005000 0.255000 0.015625 0.015625
0 0.380000 0.260000 0.015625 0.015625
0 0.430000 0.265000 0.015625 0.015625
0 0.225000 0.275000 0.015625 0.015625
0 0.275000 0.285000 0.015625 0.015625
0 0.665000 0.285000 0.015625 0.015625
0 0.940000 0.285000 0.015625 0.015625
0 0.485000 0.310000 0.015625 0.015625
0 0.855000 0.310000 0.015625 0.015625
0 0.370000 0.315000 0.015625 0.015625
0 0.535000 0.315000 0.015625 0.015625
0 0.405000 0.335000 0.015625 0.015625
0 0.545000 0.335000 0.015625 0.015625
0 0.760000 0.335000 0.015625 0.015625
0 0.455000 0.345000 0.015625 0.015625
0 0.125000 0.365000 0.015625 0.015625
0 0.175000 0.370000 0.015625 0.015625
0 0.625000 0.380000 0.015625 0.015625
0 0.530000 0.390000 0.015625 0.015625
0 0.065000 0.400000 0.015625 0.015625
0 0.810000 0.415000 0.015625 0.015625
0 0.990000 0.415000 0.015625 0.015625
0 0.725000 0.420000 0.015625 0.015625
0 0.020000 0.425000 0.015625 0.015625
0 0.670000 0.430000 0.015625 0.015625
0 0.380000 0.445000 0.015625 0.015625
0 0.295000 0.455000 0.015625 0.015625
0 0.645000 0.460000 0.015625 0.015625
0 0.135000 0.465000 0.015625 0.015625
0 0.460000 0.465000 0.015625 0.015625
0 0.640000 0.475000 0.015625 0.015625
0 0.385000 0.490000 0.015625 0.015625
0 0.615000 0.495000 0.015625 0.015625
0 0.470000 0.510000 0.015625 0.015625
0 0.875000 0.520000 0.015625 0.015625
0 0.225000 0.530000 0.015625 0.015625
0 0.070000 0.535000 0.015625 0.015625
0 0.405000 0.535000 0.015625 0.015625
0 0.600000 0.555000 0.015625 0.015625
0 0.835000 0.555000 0.015625 0.015625
0 0.965000 0.580000 0.015625 0.015625
0 0.735000 0.595000 0.015625 0.015625
0 0.655000 0.615000 0.015625 0.015625
0 0.925000 0.615000 0.015625 0.015625
0 0.860000 0.620000 0.015625 0.015625
0 0.215000 0.635000 0.015625 0.015625
0 0.830000 0.645000 0.015625 0.015625
0 0.110000 0.695000 0.015625 0.015625
0 0.495000 0.695000 0.015625 0.015625
0 0.230000 0.705000 0.015625 0.015625
0 0.385000 0.715000 0.015625 0.015625
0 0.825000 0.730000 0.015625 0.015625
0 0.850000 0.730000 0.015625 0.015625
0 0.305000 0.745000 0.015625 0.015625
0 0.370000 0.745000 0.015625 0.015625
0 0.655000 0.760000 0.015625 0.015625
0 0.715000 0.775000 0.015625 0.015625
0 0.450000 0.795000 0.015625 0.015625
0 0.715000 0.820000 0.015625 0.015625
0 0.105000 0.835000 0.015625 0.015625
0 0.900000 0.835000 0.015625 0.015625
0 0.315000 0.855000 0.015625 0.015625
0 0.195000 0.895000 0.015625 0.015625
0 0.440000 0.900000 0.015625 0.015625
0 0.535000 0.900000 0.015625 0.015625
0 0.825000 0.915000 0.015625 0.015625
0 0.975000 0.915000 0.015625 0.015625
0 0.745000 0.930000 0.015625 0.015625
0 0.160000 0.945000 0.015625 0.015625
0 0.295000 0.945000 0.015625 0.015625
0 0.255000 0.955000 0.015625 0.015625
0 0.825000 0.955000 0.015625 0.015625
0 0.465000 0.965000 0.015625 0.015625
0 0.625000 0.980000 0.015625 0.015625
0 0.885000 0.985000 0.015625 0.015625
0 0.192686 0.045007 0.015625 0.015625
0 0.804501 0.075949 0.015625 0.015625
0 0.819972 0.052039 0.015625 0.015625
0 0.974684 0.461322 0.015625 0.015625
0 0.233474 0.810127 0.015625 0.015625
0 0.208158 0.798875 0.015625 0.015625
0 0.185654 0.946554 0.015625 0.015625
0 0.662447 0.985935 0.015625 0.015625
0 0.154712 0.509142 0.015625 0.015625
0 0.289733 0.316456 0.015625 0.015625
0 0.793249 0.282700 0.015625 0.015625
0 0.690577 0.194093 0.015625 0.015625
0 0.133615 0.137834 0.015625 0.015625
0 0.728432 0.814554 0.015362 0.015324
0 0.815065 0.011733 0.015468 0.014868
0 0.574152 0.240606 0.015263 0.015369
0 0.100113 0.849579 0.016192 0.016162
0 0.057016 0.456397 0.016338 0.016219
0 0.521912 0.940893 0.015948 0.016163
