0 0.471875 0.012500 0.015625 0.015625
0 0.592188 0.017188 0.015625 0.015625
0 0.885938 0.026563 0.015625 0.015625
0 0.548438 0.029688 0.015625 0.015625
0 0.028125 0.037500 0.015625 0.015625
0 0.200000 0.037500 0.015625 0.015625
0 0.951563 0.084375 0.015625 0.015625
0 0.426563 0.090625 0.015625 0.015625
0 0.690625 0.129688 0.015625 0.015625
0 0.129688 0.131250 0.015625 0.015625
0 0.950000 0.137500 0.015625 0.015625
0 0.726563 0.143750 0.015625 0.015625
0 0.225000 0.146875 0.015625 0.015625
0 0.790625 0.159375 0.015625 0.015625
0 0.359375 0.168750 0.015625 0.015625
0 0.642188 0.170313 0.015625 0.015625
0 0.707813 0.173438 0.015625 0.015625
0 0.890625 0.178125 0.015625 0.015625
0 0.226563 0.179688 0.015625 0.015625
0 0.621875 0.198438 0.015625 0.015625
0 0.129688 0.220313 0.015625 0.015625
0 0.034375 0.221875 0.015625 0.015625
0 0.600000 0.221875 0.015625 0.015625
0 0.659375 0.221875 0.015625 0.015625
0 0.459375 0.226563 0.015625 0.015625
0 0.284375 0.232813 0.015625 0.015625
0 0.720313 0.232813 0.015625 0.015625
0 0.759375 0.232813 0.015625 0.015625
0 0.382813 0.234375 0.015625 0.015625
0 0.837500 0.250000 0.015625 0.015625
0 0.581250 0.257813 0.015625 0.015625
0 0.429688 0.270313 0.015625 0.015625
0 0.785938 0.282813 0.015625 0.015625
0 0.498438 0.285938 0.015625 0.015625
0 0.243750 0.287500 0.015625 0.015625
0 0.929688 0.287500 0.015625 0.015625
0 0.854688 0.290625 0.015625 0.015625
0 0.062500 0.307813 0.015625 0.015625
0 0.854688 0.314063 0.015625 0.015625
0 0.987500 0.329688 0.015625 0.015625
0 0.173438 0.335938 0.015625 0.015625
0 0.542188 0.337500 0.015625 0.015625
0 0.637500 0.354688 0.015625 0.015625
0 0.006250 0.356250 0.015625 0.015625
0 0.979688 0.368750 0.015625 0.015625
0 0.590625 0.371875 0.015625 0.015625
0 0.162500 0.376563 0.015625 0.015625
0 0.337500 0.404688 0.015625 0.015625
0 0.514063 0.406250 0.015625 0.015625
0 0.742188 0.407813 0.015625 0.015625
0 0.814063 0.421875 0.015625 0.015625
0 0.478125 0.426563 0.015625 0.015625
0 0.693750 0.434375 0.015625 0.015625
0 0.029688 0.440625 0.015625 0.015625
0 0.428125 0.443750 0.015625 0.015625
0 0.157813 0.457813 0.015625 0.015625
0 0.581250 0.457813 0.015625 0.015625
0 0.693750 0.457813 0.015625 0.015625
0 0.990625 0.459375 0.015625 0.015625
0 0.885938 0.462500 0.015625 0.015625
0 0.129688 0.464063 0.015625 0.015625
0 0.554688 0.465625 0.015625 0.015625
0 0.273438 0.479688 0.015625 0.015625
0 0.009375 0.492188 0.015625 0.015625
0 0.693750 0.493750 0.015625 0.015625
0 0.618750 0.495313 0.015625 0.015625
0 0.054688 0.498438 0.015625 0.015625
0 0.337500 0.504688 0.015625 0.015625
0 0.501563 0.514063 0.015625 0.015625
0 0.878125 0.518750 0.015625 0.015625
0 0.273438 0.523438 0.015625 0.015625
0 0.401563 0.526563 0.015625 0.015625
0 0.034375 0.540625 0.015625 0.015625
0 0.837500 0.568750 0.015625 0.015625
0 0.465625 0.581250 0.015625 0.015625
0 0.157813 0.584375 0.015625 0.015625
0 0.779688 0.593750 0.015625 0.015625
0 0.345313 0.606250 0.015625 0.015625
0 0.206250 0.623438 0.015625 0.015625
0 0.690625 0.629688 0.015625 0.015625
0 0.865625 0.642188 0.015625 0.015625
0 0.021875 0.643750 0.015625 0.015625
0 0.770313 0.643750 0.015625 0.015625
0 0.207813 0.645313 0.015625 0.015625
0 0.657813 0.648438 0.015625 0.015625
0 0.557813 0.654688 0.015625 0.015625
0 0.457813 0.715625 0.015625 0.015625
0 0.918750 0.723438 0.015625 0.015625
0 0.365625 0.729688 0.015625 0.015625
0 0.326563 0.737500 0.015625 0.015625
0 0.865625 0.740625 0.015625 0.015625
0 0.898438 0.790625 0.015625 0.015625
0 0.306250 0.809375 0.015625 0.015625
0 0.673438 0.814063 0.015625 0.015625
0 0.462500 0.815625 0.015625 0.015625
0 0.106250 0.826563 0.015625 0.015625
0 0.121875 0.835938 0.015625 0.015625
0 0.750000 0.851563 0.015625 0.015625
0 0.234375 0.854688 0.015625 0.015625
0 0.318750 0.857813 0.015625 0.015625
0 0.790625 0.884375 0.015625 0.015625
0 0.034375 0.892188 0.015625 0.015625
0 0.537500 0.893750 0.015625 0.015625
0 0.198438 0.895313 0.015625 0.015625
0 0.914063 0.900000 0.015625 0.015625
0 0.826563 0.909375 0.015625 0.015625
0 0.521875 0.942188 0.015625 0.015625
0 0.750000 0.945313 0.015625 0.015625
0 0.201125 0.952180 0.015625 0.015625
0 0.163150 0.952180 0.015625 0.015625
0 0.440225 0.963432 0.015625 0.015625
0 0.905767 0.977496 0.015625 0.015625
0 0.872011 0.947961 0.015625 0.015625
0 0.721519 0.739803 0.015625 0.015625
0 0.828411 0.389592 0.015625 0.015625
0 0.282700 0.022504 0.015625 0.015625
0 0.028129 0.022956 0.015060 0.014746
0 0.387714 0.148707 0.014794 0.014948
0 0.671891 0.993372 0.016226 0.013256
0 0.553918 0.992562 0.015789 0.014174
0 0.575135 0.014260 0.015802 0.015789
