0 0.767729 0.968055 0.016585 0.016320
0 0.471875 0.014063 0.015625 0.015625
0 0.526563 0.023438 0.015625 0.015625
0 0.964063 0.025000 0.015625 0.015625
0 0.717188 0.032813 0.015625 0.015625
0 0.204688 0.035938 0.015625 0.015625
0 0.581250 0.042188 0.015625 0.015625
0 0.562500 0.067188 0.015625 0.015625
0 0.892188 0.100000 0.015625 0.015625
0 0.415625 0.101563 0.015625 0.015625
0 0.840625 0.103125 0.015625 0.015625
0 0.164063 0.121875 0.015625 0.015625
0 0.212500 0.132813 0.015625 0.015625
0 0.656250 0.135938 0.015625 0.015625
0 0.425000 0.140625 0.015625 0.015625
0 0.637500 0.148438 0.015625 0.015625
0 0.937500 0.150000 0.015625 0.015625
0 0.665625 0.170313 0.015625 0.015625
0 0.768750 0.192188 0.015625 0.015625
0 0.917188 0.206250 0.015625 0.015625
0 0.628125 0.220313 0.015625 0.015625
0 0.712500 0.220313 0.015625 0.015625
0 0.460938 0.225000 0.015625 0.015625
0 0.412500 0.232813 0.015625 0.015625
0 0.009375 0.234375 0.015625 0.015625
0 0.373438 0.235938 0.015625 0.015625
0 0.725000 0.250000 0.015625 0.015625
0 0.853125 0.265625 0.015625 0.015625
0 0.284375 0.267188 0.015625 0.015625
0 0.759375 0.271875 0.015625 0.015625
0 0.589063 0.273438 0.015625 0.015625
0 0.301563 0.278125 0.015625 0.015625
0 0.510938 0.278125 0.015625 0.015625
0 0.925000 0.292188 0.015625 0.015625
0 0.087500 0.300000 0.015625 0.015625
0 0.510938 0.304688 0.015625 0.015625
0 0.085938 0.328125 0.015625 0.015625
0 0.278125 0.337500 0.015625 0.015625
0 0.909375 0.345313 0.015625 0.015625
0 0.140625 0.351563 0.015625 0.015625
0 0.703125 0.356250 0.015625 0.015625
0 0.376563 0.357813 0.015625 0.015625
0 0.609375 0.360938 0.015625 0.015625
0 0.826563 0.364063 0.015625 0.015625
0 0.828125 0.387500 0.015625 0.015625
0 0.026563 0.389063 0.015625 0.015625
0 0.400000 0.400000 0.015625 0.015625
0 0.504688 0.404688 0.015625 0.015625
0 0.673438 0.418750 0.015625 0.015625
0 0.909375 0.431250 0.015625 0.015625
0 0.084375 0.432813 0.015625 0.015625
0 0.281250 0.432813 0.015625 0.015625
0 0.028125 0.442188 0.015625 0.015625
0 0.225000 0.445313 0.015625 0.015625
0 0.867188 0.454688 0.015625 0.015625
0 0.532813 0.460938 0.015625 0.015625
0 0.406250 0.462500 0.015625 0.015625
0 0.989063 0.468750 0.015625 0.015625
0 0.545313 0.476563 0.015625 0.015625
0 0.389063 0.487500 0.015625 0.015625
0 0.587500 0.493750 0.015625 0.015625
0 0.618750 0.496875 0.015625 0.015625
0 0.765625 0.504688 0.015625 0.015625
0 0.007813 0.509375 0.015625 0.015625
0 0.989063 0.509375 0.015625 0.015625
0 0.104688 0.512500 0.015625 0.015625
0 0.826563 0.518750 0.015625 0.015625
0 0.868750 0.518750 0.015625 0.015625
0 0.621875 0.535938 0.015625 0.015625
0 0.253125 0.539063 0.015625 0.015625
0 0.471875 0.540625 0.015625 0.015625
0 0.545313 0.542188 0.015625 0.015625
0 0.787500 0.565625 0.015625 0.015625
0 0.896875 0.567188 0.015625 0.015625
0 0.104688 0.570313 0.015625 0.015625
0 0.032813 0.575000 0.015625 0.015625
0 0.337500 0.617188 0.015625 0.015625
0 0.045313 0.618750 0.015625 0.015625
0 0.209375 0.618750 0.015625 0.015625
0 0.985938 0.618750 0.015625 0.015625
0 0.865625 0.629688 0.015625 0.015625
0 0.220313 0.645313 0.015625 0.015625
0 0.581250 0.645313 0.015625 0.015625
0 0.707813 0.651563 0.015625 0.015625
0 0.675000 0.659375 0.015625 0.015625
0 0.017188 0.664063 0.015625 0.015625
0 0.867188 0.667188 0.015625 0.015625
0 0.117188 0.668750 0.015625 0.015625
0 0.946875 0.735938 0.015625 0.015625
0 0.384375 0.739063 0.015625 0.015625
0 0.865625 0.742188 0.015625 0.015625
0 0.296875 0.746875 0.015625 0.015625
0 0.075000 0.762500 0.015625 0.015625
0 0.340625 0.762500 0.015625 0.015625
0 0.667188 0.781250 0.015625 0.015625
0 0.585938 0.785938 0.015625 0.015625
0 0.007813 0.789063 0.015625 0.015625
0 0.481250 0.809375 0.015625 0.015625
0 0.131250 0.817188 0.015625 0.015625
0 0.448438 0.818750 0.015625 0.015625
0 0.379688 0.826563 0.015625 0.015625
0 0.321875 0.851563 0.015625 0.015625
0 0.073438 0.857813 0.015625 0.015625
0 0.757813 0.870313 0.015625 0.015625
0 0.776563 0.873438 0.015625 0.015625
0 0.681250 0.879688 0.015625 0.015625
0 0.198438 0.893750 0.015625 0.015625
0 0.832813 0.903125 0.015625 0.015625
0 0.553125 0.907813 0.015625 0.015625
0 0.078776 0.967857 0.015696 0.015414
0 0.669292 0.993112 0.015718 0.013674
0 0.912498 0.918111 0.016645 0.016669
0 0.169141 0.990442 0.014806 0.014571
0 0.521942 0.940995 0.015291 0.015263
0 0.997032 0.347809 0.005936 0.014281
0 0.923666 0.965784 0.016297 0.016169
