0 0.358000 0.008000 0.015625 0.015625
0 0.486000 0.033000 0.015625 0.015625
0 0.537000 0.035000 0.015625 0.015625
0 0.947000 0.040000 0.015625 0.015625
0 0.825000 0.079000 0.015625 0.015625
0 0.532000 0.105000 0.015625 0.015625
0 0.885000 0.113000 0.015625 0.015625
0 0.625000 0.127000 0.015625 0.015625
0 0.120000 0.135000 0.015625 0.015625
0 0.265000 0.147000 0.015625 0.015625
0 0.969000 0.150000 0.015625 0.015625
0 0.325000 0.155000 0.015625 0.015625
0 0.785000 0.173000 0.015625 0.015625
0 0.852000 0.173000 0.015625 0.015625
0 0.145000 0.233000 0.015625 0.015625
0 0.895000 0.233000 0.015625 0.015625
0 0.609000 0.239000 0.015625 0.015625
0 0.669000 0.243000 0.015625 0.015625
0 0.835000 0.245000 0.015625 0.015625
0 0.465000 0.255000 0.015625 0.015625
0 0.277000 0.261000 0.015625 0.015625
0 0.529000 0.263000 0.015625 0.015625
0 0.395000 0.267000 0.015625 0.015625
0 0.485000 0.269000 0.015625 0.015625
0 0.709000 0.273000 0.015625 0.015625
0 0.805000 0.283000 0.015625 0.015625
0 0.945000 0.299000 0.015625 0.015625
0 0.029000 0.305000 0.015625 0.015625
0 0.401000 0.307000 0.015625 0.015625
0 0.705000 0.309000 0.015625 0.015625
0 0.245000 0.317000 0.015625 0.015625
0 0.779000 0.319000 0.015625 0.015625
0 0.501000 0.325000 0.015625 0.015625
0 0.375000 0.333000 0.015625 0.015625
0 0.487000 0.343000 0.015625 0.015625
0 0.745000 0.343000 0.015625 0.015625
0 0.153000 0.345000 0.015625 0.015625
0 0.303000 0.345000 0.015625 0.015625
0 0.629000 0.353000 0.015625 0.015625
0 0.298000 0.389000 0.015625 0.015625
0 0.825000 0.389000 0.015625 0.015625
0 0.539000 0.393000 0.015625 0.015625
0 0.019000 0.429000 0.015625 0.015625
0 0.949000 0.429000 0.015625 0.015625
0 0.673000 0.439000 0.015625 0.015625
0 0.729000 0.439000 0.015625 0.015625
0 0.429000 0.449000 0.015625 0.015625
0 0.645000 0.453000 0.015625 0.015625
0 0.149000 0.455000 0.015625 0.015625
0 0.383000 0.469000 0.015625 0.015625
0 0.077000 0.473000 0.015625 0.015625
0 0.293000 0.479000 0.015625 0.015625
0 0.605000 0.483000 0.015625 0.015625
0 0.505000 0.485000 0.015625 0.015625
0 0.469000 0.519000 0.015625 0.015625
0 0.769000 0.519000 0.015625 0.015625
0 0.869000 0.519000 0.015625 0.015625
0 0.929000 0.529000 0.015625 0.015625
0 0.315000 0.535000 0.015625 0.015625
0 0.395000 0.535000 0.015625 0.015625
0 0.525000 0.535000 0.015625 0.015625
0 0.075000 0.547000 0.015625 0.015625
0 0.275000 0.549000 0.015625 0.015625
0 0.899000 0.549000 0.015625 0.015625
0 0.699000 0.559000 0.015625 0.015625
0 0.033000 0.573000 0.015625 0.015625
0 0.775000 0.585000 0.015625 0.015625
0 0.011000 0.599000 0.015625 0.015625
0 0.629000 0.615000 0.015625 0.015625
0 0.205000 0.623000 0.015625 0.015625
0 0.799000 0.629000 0.015625 0.015625
0 0.873000 0.639000 0.015625 0.015625
0 0.209000 0.655000 0.015625 0.015625
0 0.479000 0.665000 0.015625 0.015625
0 0.915000 0.675000 0.015625 0.015625
0 0.009000 0.695000 0.015625 0.015625
0 0.809000 0.705000 0.015625 0.015625
0 0.173000 0.709000 0.015625 0.015625
0 0.359000 0.735000 0.015625 0.015625
0 0.855000 0.735000 0.015625 0.015625
0 0.073000 0.745000 0.015625 0.015625
0 0.385000 0.755000 0.015625 0.015625
0 0.179000 0.775000 0.015625 0.015625
0 0.659000 0.779000 0.015625 0.015625
0 0.743000 0.779000 0.015625 0.015625
0 0.463000 0.807000 0.015625 0.015625
0 0.129000 0.815000 0.015625 0.015625
0 0.959000 0.819000 0.015625 0.015625
0 0.319000 0.859000 0.015625 0.015625
0 0.505000 0.865000 0.015625 0.015625
0 0.789000 0.879000 0.015625 0.015625
0 0.409000 0.885000 0.015625 0.015625
0 0.189000 0.895000 0.015625 0.015625
0 0.859000 0.895000 0.015625 0.015625
0 0.875000 0.905000 0.015625 0.015625
0 0.555000 0.909000 0.015625 0.015625
0 0.163000 0.945000 0.015625 0.015625
0 0.425000 0.955000 0.015625 0.015625
0 0.879000 0.979000 0.015625 0.015625
0 0.196906 0.052039 0.015625 0.015625
0 0.212377 0.014065 0.015625 0.015625
0 0.064698 0.019691 0.015625 0.015625
0 0.032349 0.123769 0.015625 0.015625
0 0.198312 0.556962 0.015625 0.015625
0 0.368495 0.234880 0.015625 0.015625
0 0.419128 0.189873 0.015625 0.015625
0 0.601969 0.099859 0.015625 0.015625
0 0.621660 0.184248 0.015625 0.015625
0 0.783404 0.046414 0.015625 0.015625
0 0.651195 0.973277 0.015625 0.015625
0 0.790436 0.926864 0.015625 0.015625
0 0.834037 0.904360 0.015625 0.015625
0 0.902954 0.983122 0.015625 0.015625
0 0.278481 0.950774 0.015625 0.015625
0 0.059072 0.774965 0.015625 0.015625
0 0.521733 0.941728 0.015667 0.015517
0 0.473316 0.838916 0.014931 0.015038
0 0.026815 0.250443 0.016280 0.016156
0 0.186866 0.359953 0.015802 0.015825
0 0.944593 0.284721 0.016406 0.016358
0 0.989573 0.024389 0.015139 0.014775
0 0.929044 0.996297 0.015596 0.007406
0 0.448807 0.013252 0.016211 0.016098
0 0.963998 0.427909 0.016590 0.016333
