0 0.712323 0.275274 0.016588 0.016358
0 0.193750 0.028125 0.015625 0.015625
0 0.718750 0.031250 0.015625 0.015625
0 0.501563 0.032813 0.015625 0.015625
0 0.943750 0.045313 0.015625 0.015625
0 0.350000 0.051563 0.015625 0.015625
0 0.770313 0.071875 0.015625 0.015625
0 0.635938 0.104688 0.015625 0.015625
0 0.126563 0.109375 0.015625 0.015625
0 0.584375 0.126563 0.015625 0.015625
0 0.834375 0.135938 0.015625 0.015625
0 0.945313 0.142188 0.015625 0.015625
0 0.251563 0.159375 0.015625 0.015625
0 0.457813 0.159375 0.015625 0.015625
0 0.970313 0.159375 0.015625 0.015625
0 0.629688 0.171875 0.015625 0.015625
0 0.657813 0.176563 0.015625 0.015625
0 0.348438 0.198438 0.015625 0.015625
0 0.842188 0.200000 0.015625 0.015625
0 0.043750 0.201563 0.015625 0.015625
0 0.942188 0.209375 0.015625 0.015625
0 0.609375 0.217188 0.015625 0.015625
0 0.135938 0.221875 0.015625 0.015625
0 0.426563 0.221875 0.015625 0.015625
0 0.770313 0.226563 0.015625 0.015625
0 0.370313 0.229688 0.015625 0.015625
0 0.557813 0.229688 0.015625 0.015625
0 0.059375 0.234375 0.015625 0.015625
0 0.509375 0.235938 0.015625 0.015625
0 0.406250 0.245313 0.015625 0.015625
0 0.251563 0.248438 0.015625 0.015625
0 0.801563 0.254688 0.015625 0.015625
0 0.654688 0.257813 0.015625 0.015625
0 0.687500 0.264063 0.015625 0.015625
0 0.929688 0.285938 0.015625 0.015625
0 0.485938 0.292188 0.015625 0.015625
0 0.328125 0.293750 0.015625 0.015625
0 0.034375 0.315625 0.015625 0.015625
0 0.206250 0.328125 0.015625 0.015625
0 0.721875 0.331250 0.015625 0.015625
0 0.131250 0.334375 0.015625 0.015625
0 0.745313 0.340625 0.015625 0.015625
0 0.514063 0.350000 0.015625 0.015625
0 0.445313 0.354688 0.015625 0.015625
0 0.770313 0.357813 0.015625 0.015625
0 0.157813 0.365625 0.015625 0.015625
0 0.970313 0.373438 0.015625 0.015625
0 0.378125 0.376563 0.015625 0.015625
0 0.642188 0.378125 0.015625 0.015625
0 0.029688 0.407813 0.015625 0.015625
0 0.309375 0.407813 0.015625 0.015625
0 0.685938 0.432813 0.015625 0.015625
0 0.100000 0.435938 0.015625 0.015625
0 0.545313 0.437500 0.015625 0.015625
0 0.628125 0.443750 0.015625 0.015625
0 0.742188 0.451563 0.015625 0.015625
0 0.985938 0.456250 0.015625 0.015625
0 0.434375 0.478125 0.015625 0.015625
0 0.590625 0.478125 0.015625 0.015625
0 0.173438 0.479688 0.015625 0.015625
0 0.085938 0.507813 0.015625 0.015625
0 0.918750 0.509375 0.015625 0.015625
0 0.873438 0.521875 0.015625 0.015625
0 0.900000 0.523438 0.015625 0.015625
0 0.390625 0.535938 0.015625 0.015625
0 0.020313 0.537500 0.015625 0.015625
0 0.301563 0.543750 0.015625 0.015625
0 0.498438 0.556250 0.015625 0.015625
0 0.757813 0.562500 0.015625 0.015625
0 0.285938 0.568750 0.015625 0.015625
0 0.178125 0.570313 0.015625 0.015625
0 0.793750 0.570313 0.015625 0.015625
0 0.654688 0.579688 0.015625 0.015625
0 0.657813 0.598438 0.015625 0.015625
0 0.770313 0.598438 0.015625 0.015625
0 0.078125 0.614063 0.015625 0.015625
0 0.890625 0.626563 0.015625 0.015625
0 0.201563 0.648438 0.015625 0.015625
0 0.873438 0.650000 0.015625 0.015625
0 0.504688 0.654688 0.015625 0.015625
0 0.979688 0.656250 0.015625 0.015625
0 0.926563 0.698438 0.015625 0.015625
0 0.209375 0.707813 0.015625 0.015625
0 0.429688 0.709375 0.015625 0.015625
0 0.345313 0.717188 0.015625 0.015625
0 0.314063 0.721875 0.015625 0.015625
0 0.614063 0.737500 0.015625 0.015625
0 0.370313 0.743750 0.015625 0.015625
0 0.056250 0.750000 0.015625 0.015625
0 0.857813 0.754688 0.015625 0.015625
0 0.826563 0.773438 0.015625 0.015625
0 0.179688 0.784375 0.015625 0.015625
0 0.198438 0.809375 0.015625 0.015625
0 0.457813 0.809375 0.015625 0.015625
0 0.657813 0.814063 0.015625 0.015625
0 0.929688 0.826563 0.015625 0.015625
0 0.020313 0.829688 0.015625 0.015625
0 0.126563 0.842188 0.015625 0.015625
0 0.093750 0.845313 0.015625 0.015625
0 0.321875 0.848438 0.015625 0.015625
0 0.457813 0.862500 0.015625 0.015625
0 0.834375 0.870313 0.015625 0.015625
0 0.434375 0.878125 0.015625 0.015625
0 0.785938 0.878125 0.015625 0.015625
0 0.742188 0.890625 0.015625 0.015625
0 0.193750 0.895313 0.015625 0.015625
0 0.537500 0.906250 0.015625 0.015625
0 0.900000 0.909375 0.015625 0.015625
0 0.052039 0.084388 0.015625 0.015625
0 0.860759 0.991561 0.015625 0.015625
0 0.908579 0.991561 0.015625 0.015625
0 0.936709 0.971871 0.015625 0.015625
0 0.922644 0.964838 0.015625 0.015625
0 0.988748 0.928270 0.015625 0.015625
0 0.416315 0.925457 0.015625 0.015625
0 0.171589 0.957806 0.015625 0.015625
0 0.203938 0.973277 0.015625 0.015625
0 0.846695 0.070323 0.015625 0.015625
0 0.407876 0.426160 0.015625 0.015625
0 0.395218 0.402250 0.015625 0.015625
0 0.337553 0.459916 0.015625 0.015625
0 0.832028 0.907081 0.015428 0.015448
0 0.770213 0.055632 0.015338 0.015399
0 0.662855 0.509353 0.015223 0.015111
0 0.861695 0.073195 0.015116 0.014629
0 0.997250 0.047324 0.005500 0.013952
0 0.654174 0.992226 0.015862 0.014585
0 0.755337 0.866095 0.014711 0.014439
0 0.496156 0.534369 0.015421 0.014839
0 0.997167 0.544463 0.005665 0.014610
