0 0.484000 0.012000 0.015625 0.015625
0 0.952000 0.018000 0.015625 0.015625
0 0.918000 0.022000 0.015625 0.015625
0 0.195000 0.030000 0.015625 0.015625
0 0.866000 0.072000 0.015625 0.015625
0 0.400000 0.118000 0.015625 0.015625
0 0.906000 0.122000 0.015625 0.015625
0 0.224000 0.130000 0.015625 0.015625
0 0.924000 0.146000 0.015625 0.015625
0 0.666000 0.148000 0.015625 0.015625
0 0.640000 0.158000 0.015625 0.015625
0 0.780000 0.186000 0.015625 0.015625
0 0.346000 0.204000 0.015625 0.015625
0 0.458000 0.224000 0.015625 0.015625
0 0.760000 0.224000 0.015625 0.015625
0 0.700000 0.226000 0.015625 0.015625
0 0.022000 0.228000 0.015625 0.015625
0 0.376000 0.232000 0.015625 0.015625
0 0.632000 0.236000 0.015625 0.015625
0 0.746000 0.250000 0.015625 0.015625
0 0.876000 0.250000 0.015625 0.015625
0 0.310000 0.260000 0.015625 0.015625
0 0.436000 0.262000 0.015625 0.015625
0 0.498000 0.262000 0.015625 0.015625
0 0.270000 0.272000 0.015625 0.015625
0 0.838000 0.274000 0.015625 0.015625
0 0.262000 0.298000 0.015625 0.015625
0 0.528000 0.300000 0.015625 0.015625
0 0.090000 0.306000 0.015625 0.015625
0 0.920000 0.310000 0.015625 0.015625
0 0.376000 0.348000 0.015625 0.015625
0 0.700000 0.350000 0.015625 0.015625
0 0.988000 0.358000 0.015625 0.015625
0 0.470000 0.360000 0.015625 0.015625
0 0.814000 0.362000 0.015625 0.015625
0 0.620000 0.364000 0.015625 0.015625
0 0.140000 0.366000 0.015625 0.015625
0 0.046000 0.376000 0.015625 0.015625
0 0.554000 0.378000 0.015625 0.015625
0 0.886000 0.378000 0.015625 0.015625
0 0.282000 0.386000 0.015625 0.015625
0 0.376000 0.416000 0.015625 0.015625
0 0.670000 0.420000 0.015625 0.015625
0 0.126000 0.436000 0.015625 0.015625
0 0.028000 0.438000 0.015625 0.015625
0 0.230000 0.440000 0.015625 0.015625
0 0.846000 0.454000 0.015625 0.015625
0 0.540000 0.456000 0.015625 0.015625
0 0.270000 0.476000 0.015625 0.015625
0 0.078000 0.506000 0.015625 0.015625
0 0.402000 0.506000 0.015625 0.015625
0 0.582000 0.510000 0.015625 0.015625
0 0.734000 0.514000 0.015625 0.015625
0 0.826000 0.514000 0.015625 0.015625
0 0.872000 0.520000 0.015625 0.015625
0 0.538000 0.528000 0.015625 0.015625
0 0.988000 0.528000 0.015625 0.015625
0 0.366000 0.530000 0.015625 0.015625
0 0.264000 0.534000 0.015625 0.015625
0 0.460000 0.540000 0.015625 0.015625
0 0.630000 0.546000 0.015625 0.015625
0 0.910000 0.560000 0.015625 0.015625
0 0.826000 0.586000 0.015625 0.015625
0 0.146000 0.590000 0.015625 0.015625
0 0.014000 0.594000 0.015625 0.015625
0 0.990000 0.598000 0.015625 0.015625
0 0.054000 0.600000 0.015625 0.015625
0 0.338000 0.604000 0.015625 0.015625
0 0.094000 0.608000 0.015625 0.015625
0 0.210000 0.620000 0.015625 0.015625
0 0.870000 0.630000 0.015625 0.015625
0 0.574000 0.644000 0.015625 0.015625
0 0.222000 0.650000 0.015625 0.015625
0 0.690000 0.656000 0.015625 0.015625
0 0.010000 0.666000 0.015625 0.015625
0 0.874000 0.670000 0.015625 0.015625
0 0.122000 0.674000 0.015625 0.015625
0 0.060000 0.680000 0.015625 0.015625
0 0.696000 0.714000 0.015625 0.015625
0 0.846000 0.736000 0.015625 0.015625
0 0.980000 0.738000 0.015625 0.015625
0 0.366000 0.746000 0.015625 0.015625
0 0.322000 0.760000 0.015625 0.015625
0 0.080000 0.764000 0.015625 0.015625
0 0.694000 0.772000 0.015625 0.015625
0 0.490000 0.808000 0.015625 0.015625
0 0.458000 0.828000 0.015625 0.015625
0 0.142000 0.834000 0.015625 0.015625
0 0.322000 0.846000 0.015625 0.015625
0 0.058000 0.864000 0.015625 0.015625
0 0.778000 0.870000 0.015625 0.015625
0 0.198000 0.894000 0.015625 0.015625
0 0.560000 0.906000 0.015625 0.015625
0 0.690000 0.910000 0.015625 0.015625
0 0.838000 0.910000 0.015625 0.015625
0 0.922000 0.914000 0.015625 0.015625
0 0.520000 0.942000 0.015625 0.015625
0 0.810000 0.958000 0.015625 0.015625
0 0.924000 0.960000 0.015625 0.015625
0 0.290000 0.970000 0.015625 0.015625
0 0.254000 0.978000 0.015625 0.015625
0 0.570000 0.978000 0.015625 0.015625
0 0.452000 0.982000 0.015625 0.015625
0 0.090000 0.984000 0.015625 0.015625
0 0.680000 0.986000 0.015625 0.015625
0 0.850000 0.986000 0.015625 0.015625
0 0.584645 0.786127 0.015701 0.015401
0 0.416307 0.857350 0.015086 0.015013
0 0.934332 0.240367 0.016014 0.015658
