0 0.497477 0.375156 0.015587 0.015668
0 0.912500 0.012500 0.015625 0.015625
0 0.481250 0.026563 0.015625 0.015625
0 0.810938 0.051563 0.015625 0.015625
0 0.690625 0.070313 0.015625 0.015625
0 0.751563 0.073438 0.015625 0.015625
0 0.270313 0.125000 0.015625 0.015625
0 0.160938 0.131250 0.015625 0.015625
0 0.559375 0.151563 0.015625 0.015625
0 0.845313 0.165625 0.015625 0.015625
0 0.650000 0.181250 0.015625 0.015625
0 0.540625 0.206250 0.015625 0.015625
0 0.720313 0.210938 0.015625 0.015625
0 0.384375 0.237500 0.015625 0.015625
0 0.935938 0.242188 0.015625 0.015625
0 0.367188 0.245313 0.015625 0.015625
0 0.435938 0.248438 0.015625 0.015625
0 0.860938 0.254688 0.015625 0.015625
0 0.170313 0.260938 0.015625 0.015625
0 0.015625 0.265625 0.015625 0.015625
0 0.234375 0.290625 0.015625 0.015625
0 0.923438 0.296875 0.015625 0.015625
0 0.882813 0.301563 0.015625 0.015625
0 0.464063 0.314063 0.015625 0.015625
0 0.717188 0.321875 0.015625 0.015625
0 0.820313 0.325000 0.015625 0.015625
0 0.534375 0.328125 0.015625 0.015625
0 0.984375 0.335938 0.015625 0.015625
0 0.621875 0.351563 0.015625 0.015625
0 0.776563 0.362500 0.015625 0.015625
0 0.340625 0.364063 0.015625 0.015625
0 0.923438 0.373438 0.015625 0.015625
0 0.720313 0.389063 0.015625 0.015625
0 0.039063 0.390625 0.015625 0.015625
0 0.987500 0.393750 0.015625 0.015625
0 0.676563 0.425000 0.015625 0.015625
0 0.020313 0.440625 0.015625 0.015625
0 0.421875 0.442188 0.015625 0.015625
0 0.625000 0.451563 0.015625 0.015625
0 0.565625 0.453125 0.015625 0.015625
0 0.901563 0.465625 0.015625 0.015625
0 0.417188 0.479688 0.015625 0.015625
0 0.089063 0.481250 0.015625 0.015625
0 0.621875 0.495313 0.015625 0.015625
0 0.660938 0.503125 0.015625 0.015625
0 0.489063 0.512500 0.015625 0.015625
0 0.312500 0.520313 0.015625 0.015625
0 0.171875 0.531250 0.015625 0.015625
0 0.384375 0.545313 0.015625 0.015625
0 0.684375 0.565625 0.015625 0.015625
0 0.537500 0.573438 0.015625 0.015625
0 0.926563 0.573438 0.015625 0.015625
0 0.909375 0.604688 0.015625 0.015625
0 0.989063 0.609375 0.015625 0.015625
0 0.204688 0.640625 0.015625 0.015625
0 0.112500 0.654688 0.015625 0.015625
0 0.417188 0.667188 0.015625 0.015625
0 0.953125 0.676563 0.015625 0.015625
0 0.404688 0.704688 0.015625 0.015625
0 0.040625 0.707813 0.015625 0.015625
0 0.010938 0.709375 0.015625 0.015625
0 0.796875 0.718750 0.015625 0.015625
0 0.026563 0.721875 0.015625 0.015625
0 0.601563 0.725000 0.015625 0.015625
0 0.317188 0.729688 0.015625 0.015625
0 0.857813 0.737500 0.015625 0.015625
0 0.373438 0.740625 0.015625 0.015625
0 0.525000 0.745313 0.015625 0.015625
0 0.117188 0.750000 0.015625 0.015625
0 0.504688 0.751563 0.015625 0.015625
0 0.540625 0.757813 0.015625 0.015625
0 0.557813 0.760938 0.015625 0.015625
0 0.285938 0.765625 0.015625 0.015625
0 0.912500 0.776563 0.015625 0.015625
0 0.201563 0.789063 0.015625 0.015625
0 0.460938 0.796875 0.015625 0.015625
0 0.060938 0.812500 0.015625 0.015625
0 0.704688 0.820313 0.015625 0.015625
0 0.937500 0.845313 0.015625 0.015625
0 0.325000 0.854688 0.015625 0.015625
0 0.068750 0.860938 0.015625 0.015625
0 0.860938 0.873438 0.015625 0.015625
0 0.481250 0.893750 0.015625 0.015625
0 0.548438 0.895313 0.015625 0.015625
0 0.189063 0.901563 0.015625 0.015625
0 0.432813 0.915625 0.015625 0.015625
0 0.217188 0.918750 0.015625 0.015625
0 0.257813 0.921875 0.015625 0.015625
0 0.101563 0.932813 0.015625 0.015625
0 0.692188 0.945313 0.015625 0.015625
0 0.845313 0.954688 0.015625 0.015625
0 0.137500 0.965625 0.015625 0.015625
0 0.957813 0.971875 0.015625 0.015625
0 0.381250 0.975000 0.015625 0.015625
0 0.673438 0.975000 0.015625 0.015625
0 0.218750 0.976563 0.015625 0.015625
0 0.632813 0.979688 0.015625 0.015625
0 0.865625 0.979688 0.015625 0.015625
0 0.978125 0.979688 0.015625 0.015625
0 0.785938 0.989063 0.015625 0.015625
0 0.364276 0.194093 0.015625 0.015625
0 0.423347 0.177215 0.015625 0.015625
0 0.472574 0.097046 0.015625 0.015625
0 0.277075 0.196906 0.015625 0.015625
0 0.744023 0.255977 0.015625 0.015625
0 0.791842 0.279887 0.015625 0.015625
0 0.940928 0.206751 0.015625 0.015625
0 0.306610 0.005626 0.015625 0.015625
0 0.208158 0.019691 0.015625 0.015625
0 0.170183 0.355837 0.015625 0.015625
0 0.184248 0.389592 0.015625 0.015625
0 0.115331 0.396624 0.015625 0.015625
0 0.112518 0.357243 0.015625 0.015625
0 0.869198 0.523207 0.015625 0.015625
0 0.980309 0.468354 0.015625 0.015625
0 0.762307 0.620253 0.015625 0.015625
0 0.691983 0.641350 0.015625 0.015625
0 0.839662 0.914205 0.015625 0.015625
0 0.993584 0.022670 0.012832 0.015418
0 0.557487 0.338440 0.015980 0.015809
0 0.425521 0.996303 0.014530 0.007393
0 0.060483 0.528162 0.016043 0.016209
0 0.085029 0.553555 0.016205 0.016047
0 0.995950 0.976142 0.008101 0.015421
0 0.628648 0.992251 0.015420 0.014187
0 0.294669 0.010365 0.014923 0.014881
