0 0.431673 0.361358 0.016229 0.015992
0 0.826828 0.297514 0.015860 0.015770
0 0.062500 0.009375 0.015625 0.015625
0 0.218750 0.009375 0.015625 0.015625
0 0.453125 0.012500 0.015625 0.015625
0 0.531250 0.034375 0.015625 0.015625
0 0.570312 0.070312 0.015625 0.015625
0 0.968750 0.078125 0.015625 0.015625
0 0.875000 0.117188 0.015625 0.015625
0 0.429688 0.121875 0.015625 0.015625
0 0.250000 0.140625 0.015625 0.015625
0 0.671875 0.143750 0.015625 0.015625
0 0.960938 0.146875 0.015625 0.015625
0 0.109375 0.150000 0.015625 0.015625
0 0.781250 0.164062 0.015625 0.015625
0 0.632812 0.175000 0.015625 0.015625
0 0.437500 0.187500 0.015625 0.015625
0 0.312500 0.193750 0.015625 0.015625
0 0.609375 0.193750 0.015625 0.015625
0 0.875000 0.212500 0.015625 0.015625
0 0.734375 0.225000 0.015625 0.015625
0 0.453125 0.228125 0.015625 0.015625
0 0.117188 0.242188 0.015625 0.015625
0 0.937500 0.243750 0.015625 0.015625
0 0.656250 0.250000 0.015625 0.015625
0 0.039062 0.253125 0.015625 0.015625
0 0.492188 0.265625 0.015625 0.015625
0 0.890625 0.278125 0.015625 0.015625
0 0.500000 0.289062 0.015625 0.015625
0 0.937500 0.296875 0.015625 0.015625
0 0.273438 0.304688 0.015625 0.015625
0 0.562500 0.340625 0.015625 0.015625
0 0.203125 0.343750 0.015625 0.015625
0 0.359375 0.346875 0.015625 0.015625
0 0.156250 0.351562 0.015625 0.015625
0 0.960938 0.362500 0.015625 0.015625
0 0.632812 0.371875 0.015625 0.015625
0 0.664062 0.393750 0.015625 0.015625
0 0.734375 0.406250 0.015625 0.015625
0 0.406250 0.425000 0.015625 0.015625
0 0.671875 0.425000 0.015625 0.015625
0 0.351562 0.434375 0.015625 0.015625
0 0.445312 0.434375 0.015625 0.015625
0 0.523438 0.434375 0.015625 0.015625
0 0.140625 0.440625 0.015625 0.015625
0 0.625000 0.443750 0.015625 0.015625
0 0.882812 0.453125 0.015625 0.015625
0 0.992188 0.453125 0.015625 0.015625
0 0.078125 0.464062 0.015625 0.015625
0 0.710938 0.465625 0.015625 0.015625
0 0.226562 0.471875 0.015625 0.015625
0 0.351562 0.475000 0.015625 0.015625
0 0.703125 0.512500 0.015625 0.015625
0 0.125000 0.534375 0.015625 0.015625
0 0.390625 0.534375 0.015625 0.015625
0 0.523438 0.534375 0.015625 0.015625
0 0.875000 0.534375 0.015625 0.015625
0 0.015625 0.556250 0.015625 0.015625
0 0.296875 0.556250 0.015625 0.015625
0 0.476562 0.565625 0.015625 0.015625
0 0.804688 0.565625 0.015625 0.015625
0 0.875000 0.565625 0.015625 0.015625
0 0.781250 0.575000 0.015625 0.015625
0 0.664062 0.584375 0.015625 0.015625
0 0.343750 0.596875 0.015625 0.015625
0 0.992188 0.596875 0.015625 0.015625
0 0.226562 0.615625 0.015625 0.015625
0 0.023438 0.621875 0.015625 0.015625
0 0.546875 0.634375 0.015625 0.015625
0 0.609375 0.634375 0.015625 0.015625
0 0.218750 0.643750 0.015625 0.015625
0 0.226562 0.693750 0.015625 0.015625
0 0.460938 0.715625 0.015625 0.015625
0 0.367188 0.728125 0.015625 0.015625
0 0.867188 0.746875 0.015625 0.015625
0 0.367188 0.759375 0.015625 0.015625
0 0.648438 0.765625 0.015625 0.015625
0 0.312500 0.775000 0.015625 0.015625
0 0.703125 0.787500 0.015625 0.015625
0 0.906250 0.796875 0.015625 0.015625
0 0.445312 0.803125 0.015625 0.015625
0 0.992188 0.803125 0.015625 0.015625
0 0.136719 0.806250 0.015625 0.015625
0 0.203125 0.806250 0.015625 0.015625
0 0.273438 0.815625 0.015625 0.015625
0 0.867188 0.834375 0.015625 0.015625
0 0.312500 0.843750 0.015625 0.015625
0 0.804688 0.843750 0.015625 0.015625
0 0.136719 0.856250 0.015625 0.015625
0 0.796875 0.875000 0.015625 0.015625
0 0.085938 0.884375 0.015625 0.015625
0 0.203125 0.893750 0.015625 0.015625
0 0.546875 0.915625 0.015625 0.015625
0 0.835938 0.915625 0.015625 0.015625
0 0.757812 0.925000 0.015625 0.015625
0 0.906250 0.925000 0.015625 0.015625
0 0.398438 0.934375 0.015625 0.015625
0 0.523438 0.943750 0.015625 0.015625
0 0.164062 0.953125 0.015625 0.015625
0 0.203125 0.953125 0.015625 0.015625
0 0.914062 0.965625 0.015625 0.015625
0 0.945312 0.965625 0.015625 0.015625
0 0.367188 0.975000 0.015625 0.015625
0 0.445312 0.975000 0.015625 0.015625
0 0.578125 0.984375 0.015625 0.015625
0 0.664062 0.984375 0.015625 0.015625
0 0.976562 0.993750 0.015625 0.015625
0 0.872222 0.652778 0.015625 0.015625
0 0.854167 0.609722 0.015625 0.015625
0 0.012500 0.377778 0.015625 0.015625
0 0.013889 0.444444 0.015625 0.015625
0 0.019444 0.290278 0.015625 0.015625
0 0.261111 0.245833 0.015625 0.015625
0 0.241667 0.209722 0.015625 0.015625
0 0.352778 0.241667 0.015625 0.015625
0 0.456944 0.193056 0.015625 0.015625
0 0.313889 0.019444 0.015625 0.015625
0 0.168056 0.036111 0.015625 0.015625
0 0.008333 0.055556 0.015625 0.015625
0 0.736111 0.268056 0.015625 0.015625
0 0.697222 0.245833 0.015625 0.015625
0 0.815278 0.304167 0.015625 0.015625
0 0.893056 0.027778 0.015625 0.015625
0 0.843056 0.016667 0.015625 0.015625
0 0.891965 0.927299 0.015551 0.015542
0 0.861723 0.821556 0.015470 0.015388
0 0.603436 0.181196 0.015607 0.014952
0 0.367322 0.234652 0.015166 0.014853
0 0.572090 0.994554 0.015435 0.010893
0 0.654735 0.141079 0.015212 0.015279
