0 0.172000 0.030000 0.015625 0.015625
0 0.970000 0.036000 0.015625 0.015625
0 0.350000 0.040000 0.015625 0.015625
0 0.750000 0.044000 0.015625 0.015625
0 0.456000 0.048000 0.015625 0.015625
0 0.566000 0.068000 0.015625 0.015625
0 0.700000 0.084000 0.015625 0.015625
0 0.052000 0.100000 0.015625 0.015625
0 0.834000 0.110000 0.015625 0.015625
0 0.592000 0.112000 0.015625 0.015625
0 0.254000 0.138000 0.015625 0.015625
0 0.274000 0.170000 0.015625 0.015625
0 0.902000 0.188000 0.015625 0.015625
0 0.450000 0.208000 0.015625 0.015625
0 0.524000 0.218000 0.015625 0.015625
0 0.696000 0.218000 0.015625 0.015625
0 0.554000 0.222000 0.015625 0.015625
0 0.884000 0.232000 0.015625 0.015625
0 0.368000 0.236000 0.015625 0.015625
0 0.318000 0.254000 0.015625 0.015625
0 0.450000 0.278000 0.015625 0.015625
0 0.670000 0.280000 0.015625 0.015625
0 0.800000 0.280000 0.015625 0.015625
0 0.732000 0.282000 0.015625 0.015625
0 0.938000 0.282000 0.015625 0.015625
0 0.882000 0.292000 0.015625 0.015625
0 0.228000 0.296000 0.015625 0.015625
0 0.704000 0.308000 0.015625 0.015625
0 0.794000 0.318000 0.015625 0.015625
0 0.554000 0.322000 0.015625 0.015625
0 0.501000 0.326000 0.015625 0.015625
0 0.808000 0.338000 0.015625 0.015625
0 0.410000 0.344000 0.015625 0.015625
0 0.362000 0.358000 0.015625 0.015625
0 0.510000 0.358000 0.015625 0.015625
0 0.624000 0.358000 0.015625 0.015625
0 0.170000 0.362000 0.015625 0.015625
0 0.010000 0.370000 0.015625 0.015625
0 0.574000 0.372000 0.015625 0.015625
0 0.990000 0.376000 0.015625 0.015625
0 0.090000 0.378000 0.015625 0.015625
0 0.130000 0.398000 0.015625 0.015625
0 0.766000 0.414000 0.015625 0.015625
0 0.630000 0.420000 0.015625 0.015625
0 0.994000 0.424000 0.015625 0.015625
0 0.674000 0.430000 0.015625 0.015625
0 0.034000 0.436000 0.015625 0.015625
0 0.634000 0.458000 0.015625 0.015625
0 0.374000 0.470000 0.015625 0.015625
0 0.424000 0.472000 0.015625 0.015625
0 0.822000 0.474000 0.015625 0.015625
0 0.518000 0.476000 0.015625 0.015625
0 0.340000 0.494000 0.015625 0.015625
0 0.676000 0.506000 0.015625 0.015625
0 0.246000 0.510000 0.015625 0.015625
0 0.501000 0.518000 0.015625 0.015625
0 0.872000 0.518000 0.015625 0.015625
0 0.182000 0.528000 0.015625 0.015625
0 0.388000 0.540000 0.015625 0.015625
0 0.226000 0.576000 0.015625 0.015625
0 0.082000 0.578000 0.015625 0.015625
0 0.770000 0.586000 0.015625 0.015625
0 0.580000 0.590000 0.015625 0.015625
0 0.838000 0.600000 0.015625 0.015625
0 0.210000 0.640000 0.015625 0.015625
0 0.670000 0.652000 0.015625 0.015625
0 0.860000 0.654000 0.015625 0.015625
0 0.918000 0.664000 0.015625 0.015625
0 0.114000 0.698000 0.015625 0.015625
0 0.838000 0.700000 0.015625 0.015625
0 0.186000 0.706000 0.015625 0.015625
0 0.394000 0.706000 0.015625 0.015625
0 0.876000 0.710000 0.015625 0.015625
0 0.306000 0.718000 0.015625 0.015625
0 0.618000 0.726000 0.015625 0.015625
0 0.426000 0.730000 0.015625 0.015625
0 0.360000 0.744000 0.015625 0.015625
0 0.096000 0.780000 0.015625 0.015625
0 0.190000 0.796000 0.015625 0.015625
0 0.744000 0.804000 0.015625 0.015625
0 0.470000 0.808000 0.015625 0.015625
0 0.238000 0.814000 0.015625 0.015625
0 0.780000 0.842000 0.015625 0.015625
0 0.326000 0.848000 0.015625 0.015625
0 0.900000 0.850000 0.015625 0.015625
0 0.710000 0.852000 0.015625 0.015625
0 0.054000 0.860000 0.015625 0.015625
0 0.098000 0.866000 0.015625 0.015625
0 0.442000 0.886000 0.015625 0.015625
0 0.546000 0.892000 0.015625 0.015625
0 0.200000 0.894000 0.015625 0.015625
0 0.834000 0.910000 0.015625 0.015625
0 0.860000 0.914000 0.015625 0.015625
0 0.946000 0.928000 0.015625 0.015625
0 0.200000 0.934000 0.015625 0.015625
0 0.522000 0.940000 0.015625 0.015625
0 0.172000 0.944000 0.015625 0.015625
0 0.808000 0.960000 0.015625 0.015625
0 0.780000 0.970000 0.015625 0.015625
0 0.668000 0.980000 0.015625 0.015625
0 0.970000 0.980000 0.015625 0.015625
0 0.258000 0.988000 0.015625 0.015625
0 0.926000 0.988000 0.015625 0.015625
0 0.346000 0.994000 0.015625 0.015625
0 0.009845 0.284107 0.015625 0.015625
0 0.120956 0.158931 0.015625 0.015625
0 0.431786 0.174402 0.015625 0.015625
0 0.817159 0.390999 0.015625 0.015625
0 0.984529 0.462729 0.015625 0.015625
0 0.670420 0.541633 0.014780 0.014794
0 0.258379 0.282413 0.016538 0.016203
0 0.184326 0.340000 0.014787 0.014744
0 0.618874 0.497479 0.015314 0.015439
