0 0.296285 0.972129 0.016140 0.015904
0 0.496000 0.008000 0.015625 0.015625
0 0.928000 0.012000 0.015625 0.015625
0 0.954000 0.012000 0.015625 0.015625
0 0.186000 0.036000 0.015625 0.015625
0 0.604000 0.054000 0.015625 0.015625
0 0.866000 0.084000 0.015625 0.015625
0 0.405000 0.109000 0.015625 0.015625
0 0.229000 0.126000 0.015625 0.015625
0 0.907000 0.149000 0.015625 0.015625
0 0.647000 0.157000 0.015625 0.015625
0 0.675000 0.173000 0.015625 0.015625
0 0.777000 0.173000 0.015625 0.015625
0 0.340000 0.202000 0.015625 0.015625
0 0.709000 0.205000 0.015625 0.015625
0 0.737000 0.209000 0.015625 0.015625
0 0.019000 0.213000 0.015625 0.015625
0 0.457000 0.227000 0.015625 0.015625
0 0.379000 0.231000 0.015625 0.015625
0 0.741000 0.233000 0.015625 0.015625
0 0.299000 0.237000 0.015625 0.015625
0 0.629000 0.237000 0.015625 0.015625
0 0.933000 0.243000 0.015625 0.015625
0 0.453000 0.259000 0.015625 0.015625
0 0.270000 0.263000 0.015625 0.015625
0 0.791000 0.269000 0.015625 0.015625
0 0.827000 0.273000 0.015625 0.015625
0 0.889000 0.279000 0.015625 0.015625
0 0.485000 0.285000 0.015625 0.015625
0 0.233000 0.289000 0.015625 0.015625
0 0.533000 0.293000 0.015625 0.015625
0 0.083000 0.297000 0.015625 0.015625
0 0.913000 0.301000 0.015625 0.015625
0 0.377000 0.333000 0.015625 0.015625
0 0.693000 0.347000 0.015625 0.015625
0 0.526000 0.351000 0.015625 0.015625
0 0.805000 0.359000 0.015625 0.015625
0 0.973000 0.365000 0.015625 0.015625
0 0.629000 0.369000 0.015625 0.015625
0 0.151000 0.371000 0.015625 0.015625
0 0.053000 0.373000 0.015625 0.015625
0 0.899000 0.375000 0.015625 0.015625
0 0.437000 0.381000 0.015625 0.015625
0 0.081000 0.389000 0.015625 0.015625
0 0.837000 0.389000 0.015625 0.015625
0 0.289000 0.403000 0.015625 0.015625
0 0.145000 0.407000 0.015625 0.015625
0 0.377000 0.419000 0.015625 0.015625
0 0.033000 0.431000 0.015625 0.015625
0 0.677000 0.435000 0.015625 0.015625
0 0.237000 0.437000 0.015625 0.015625
0 0.845000 0.447000 0.015625 0.015625
0 0.544000 0.448000 0.015625 0.015625
0 0.981000 0.458000 0.015625 0.015625
0 0.519000 0.465000 0.015625 0.015625
0 0.544000 0.468000 0.015625 0.015625
0 0.066000 0.477000 0.015625 0.015625
0 0.348000 0.497000 0.015625 0.015625
0 0.304000 0.500000 0.015625 0.015625
0 0.829000 0.504000 0.015625 0.015625
0 0.059000 0.507000 0.015625 0.015625
0 0.527000 0.517000 0.015625 0.015625
0 0.873000 0.519000 0.015625 0.015625
0 0.619000 0.523000 0.015625 0.015625
0 0.265000 0.525000 0.015625 0.015625
0 0.370000 0.529000 0.015625 0.015625
0 0.737000 0.529000 0.015625 0.015625
0 0.985000 0.535000 0.015625 0.015625
0 0.457000 0.539000 0.015625 0.015625
0 0.645000 0.553000 0.015625 0.015625
0 0.907000 0.553000 0.015625 0.015625
0 0.853000 0.565000 0.015625 0.015625
0 0.829000 0.603000 0.015625 0.015625
0 0.325000 0.605000 0.015625 0.015625
0 0.013000 0.613000 0.015625 0.015625
0 0.137000 0.613000 0.015625 0.015625
0 0.297000 0.617000 0.015625 0.015625
0 0.035000 0.621000 0.015625 0.015625
0 0.109000 0.623000 0.015625 0.015625
0 0.859000 0.629000 0.015625 0.015625
0 0.217000 0.649000 0.015625 0.015625
0 0.573000 0.649000 0.015625 0.015625
0 0.693000 0.649000 0.015625 0.015625
0 0.022000 0.670000 0.015625 0.015625
0 0.125000 0.681000 0.015625 0.015625
0 0.677000 0.729000 0.015625 0.015625
0 0.365000 0.739000 0.015625 0.015625
0 0.865000 0.739000 0.015625 0.015625
0 0.989000 0.759000 0.015625 0.015625
0 0.689000 0.767000 0.015625 0.015625
0 0.339000 0.769000 0.015625 0.015625
0 0.077000 0.771000 0.015625 0.015625
0 0.349000 0.785000 0.015625 0.015625
0 0.008000 0.792000 0.015625 0.015625
0 0.485000 0.819000 0.015625 0.015625
0 0.453000 0.823000 0.015625 0.015625
0 0.157000 0.839000 0.015625 0.015625
0 0.325000 0.849000 0.015625 0.015625
0 0.427000 0.853000 0.015625 0.015625
0 0.777000 0.853000 0.015625 0.015625
0 0.785000 0.875000 0.015625 0.015625
0 0.057000 0.883000 0.015625 0.015625
0 0.197000 0.893000 0.015625 0.015625
0 0.733000 0.907000 0.015625 0.015625
0 0.825000 0.909000 0.015625 0.015625
0 0.905000 0.909000 0.015625 0.015625
0 0.933000 0.909000 0.015625 0.015625
0 0.545000 0.913000 0.015625 0.015625
0 0.521000 0.941000 0.015625 0.015625
0 0.025454 0.013560 0.015563 0.015296
0 0.593777 0.780871 0.015248 0.014985
0 0.874532 0.669594 0.015176 0.015053
0 0.067663 0.981360 0.015080 0.014921
0 0.913872 0.954650 0.016549 0.016624
0 0.668546 0.979430 0.016351 0.016530
0 0.619678 0.497688 0.015734 0.015780
0 0.442886 0.995214 0.015837 0.009572
