0 0.233245 0.906589 0.016135 0.016103
0 0.200000 0.030000 0.015625 0.015625
0 0.720000 0.070000 0.015625 0.015625
0 0.960000 0.070000 0.015625 0.015625
0 0.670000 0.075000 0.015625 0.015625
0 0.040000 0.110000 0.015625 0.015625
0 0.830000 0.110000 0.015625 0.015625
0 0.550000 0.130000 0.015625 0.015625
0 0.960000 0.130000 0.015625 0.015625
0 0.260000 0.140000 0.015625 0.015625
0 0.770000 0.170000 0.015625 0.015625
0 0.540000 0.200000 0.015625 0.015625
0 0.700000 0.200000 0.015625 0.015625
0 0.710000 0.220000 0.015625 0.015625
0 0.380000 0.230000 0.015625 0.015625
0 0.590000 0.240000 0.015625 0.015625
0 0.930000 0.240000 0.015625 0.015625
0 0.670000 0.270000 0.015625 0.015625
0 0.800000 0.270000 0.015625 0.015625
0 0.830000 0.270000 0.015625 0.015625
0 0.180000 0.280000 0.015625 0.015625
0 0.280000 0.290000 0.015625 0.015625
0 0.940000 0.290000 0.015625 0.015625
0 0.540000 0.310000 0.015625 0.015625
0 0.480000 0.320000 0.015625 0.015625
0 0.420000 0.330000 0.015625 0.015625
0 0.810000 0.330000 0.015625 0.015625
0 0.610000 0.340000 0.015625 0.015625
0 0.240000 0.350000 0.015625 0.015625
0 0.840000 0.350000 0.015625 0.015625
0 0.180000 0.360000 0.015625 0.015625
0 0.640000 0.360000 0.015625 0.015625
0 0.130000 0.380000 0.015625 0.015625
0 0.030000 0.390000 0.015625 0.015625
0 0.580000 0.390000 0.015625 0.015625
0 0.640000 0.400000 0.015625 0.015625
0 0.690000 0.420000 0.015625 0.015625
0 0.080000 0.430000 0.015625 0.015625
0 0.030000 0.440000 0.015625 0.015625
0 0.630000 0.440000 0.015625 0.015625
0 0.860000 0.440000 0.015625 0.015625
0 0.590000 0.470000 0.015625 0.015625
0 0.980000 0.470000 0.015625 0.015625
0 0.400000 0.490000 0.015625 0.015625
0 0.480000 0.490000 0.015625 0.015625
0 0.170000 0.500000 0.015625 0.015625
0 0.380000 0.530000 0.015625 0.015625
0 0.490000 0.550000 0.015625 0.015625
0 0.040000 0.560000 0.015625 0.015625
0 0.700000 0.570000 0.015625 0.015625
0 0.570000 0.590000 0.015625 0.015625
0 0.790000 0.590000 0.015625 0.015625
0 0.900000 0.590000 0.015625 0.015625
0 0.200000 0.620000 0.015625 0.015625
0 0.810000 0.620000 0.015625 0.015625
0 0.190000 0.650000 0.015625 0.015625
0 0.680000 0.650000 0.015625 0.015625
0 0.910000 0.650000 0.015625 0.015625
0 0.870000 0.660000 0.015625 0.015625
0 0.170000 0.680000 0.015625 0.015625
0 0.110000 0.690000 0.015625 0.015625
0 0.420000 0.690000 0.015625 0.015625
0 0.320000 0.710000 0.015625 0.015625
0 0.380000 0.740000 0.015625 0.015625
0 0.900000 0.750000 0.015625 0.015625
0 0.120000 0.760000 0.015625 0.015625
0 0.640000 0.770000 0.015625 0.015625
0 0.180000 0.790000 0.015625 0.015625
0 0.460000 0.790000 0.015625 0.015625
0 0.730000 0.820000 0.015625 0.015625
0 0.030000 0.830000 0.015625 0.015625
0 0.230000 0.830000 0.015625 0.015625
0 0.930000 0.830000 0.015625 0.015625
0 0.640000 0.850000 0.015625 0.015625
0 0.440000 0.890000 0.015625 0.015625
0 0.110000 0.900000 0.015625 0.015625
0 0.200000 0.900000 0.015625 0.015625
0 0.540000 0.910000 0.015625 0.015625
0 0.520000 0.940000 0.015625 0.015625
0 0.980000 0.940000 0.015625 0.015625
0 0.180000 0.950000 0.015625 0.015625
0 0.250000 0.950000 0.015625 0.015625
0 0.070000 0.970000 0.015625 0.015625
0 0.780000 0.970000 0.015625 0.015625
0 0.320000 0.990000 0.015625 0.015625
0 0.581944 0.148611 0.015625 0.015625
0 0.756944 0.130556 0.015625 0.015625
0 0.768056 0.022222 0.015625 0.015625
0 0.579167 0.090278 0.015625 0.015625
0 0.322222 0.204167 0.015625 0.015625
0 0.433333 0.175000 0.015625 0.015625
0 0.152778 0.176389 0.015625 0.015625
0 0.025000 0.366667 0.015625 0.015625
0 0.201389 0.551389 0.015625 0.015625
0 0.047222 0.527778 0.015625 0.015625
0 0.351389 0.486111 0.015625 0.015625
0 0.825000 0.534722 0.015625 0.015625
0 0.866667 0.525000 0.015625 0.015625
0 0.315278 0.847222 0.015625 0.015625
0 0.613889 0.990278 0.015625 0.015625
0 0.676389 0.981944 0.015625 0.015625
0 0.836111 0.954167 0.015625 0.015625
0 0.819444 0.913889 0.015625 0.015625
0 0.890278 0.927778 0.015625 0.015625
0 0.463889 0.056944 0.015625 0.015625
0 0.345833 0.011111 0.015625 0.015625
0 0.862500 0.159722 0.015625 0.015625
0 0.858333 0.243056 0.015625 0.015625
0 0.713889 0.323611 0.015625 0.015625
0 0.825000 0.390278 0.015625 0.015625
0 0.738889 0.445833 0.015625 0.015625
0 0.330556 0.279167 0.015625 0.015625
0 0.309722 0.275000 0.015625 0.015625
0 0.448611 0.297222 0.015625 0.015625
0 0.458333 0.279167 0.015625 0.015625
0 0.266667 0.543056 0.015625 0.015625
0 0.204996 0.653581 0.016254 0.016146
