0 0.181250 0.028125 0.015625 0.015625
0 0.332813 0.043750 0.015625 0.015625
0 0.748438 0.043750 0.015625 0.015625
0 0.464063 0.054688 0.015625 0.015625
0 0.981250 0.054688 0.015625 0.015625
0 0.579688 0.065625 0.015625 0.015625
0 0.684375 0.073438 0.015625 0.015625
0 0.051563 0.098438 0.015625 0.015625
0 0.831250 0.109375 0.015625 0.015625
0 0.585938 0.131250 0.015625 0.015625
0 0.251563 0.134375 0.015625 0.015625
0 0.751563 0.139063 0.015625 0.015625
0 0.970313 0.142188 0.015625 0.015625
0 0.456250 0.167188 0.015625 0.015625
0 0.118750 0.173438 0.015625 0.015625
0 0.534375 0.195313 0.015625 0.015625
0 0.881250 0.195313 0.015625 0.015625
0 0.985938 0.201563 0.015625 0.015625
0 0.314063 0.204688 0.015625 0.015625
0 0.700000 0.209375 0.015625 0.015625
0 0.396875 0.223438 0.015625 0.015625
0 0.565625 0.229688 0.015625 0.015625
0 0.365625 0.234375 0.015625 0.015625
0 0.881250 0.251563 0.015625 0.015625
0 0.287500 0.254688 0.015625 0.015625
0 0.273438 0.262500 0.015625 0.015625
0 0.656250 0.268750 0.015625 0.015625
0 0.793750 0.282813 0.015625 0.015625
0 0.845313 0.287500 0.015625 0.015625
0 0.201563 0.290625 0.015625 0.015625
0 0.942188 0.298438 0.015625 0.015625
0 0.434375 0.301563 0.015625 0.015625
0 0.215625 0.304688 0.015625 0.015625
0 0.485938 0.315625 0.015625 0.015625
0 0.706250 0.320313 0.015625 0.015625
0 0.548438 0.326563 0.015625 0.015625
0 0.814063 0.332813 0.015625 0.015625
0 0.568750 0.343750 0.015625 0.015625
0 0.818750 0.351563 0.015625 0.015625
0 0.643750 0.353125 0.015625 0.015625
0 0.615625 0.357813 0.015625 0.015625
0 0.170313 0.360938 0.015625 0.015625
0 0.381250 0.375000 0.015625 0.015625
0 0.415625 0.376563 0.015625 0.015625
0 0.023438 0.379688 0.015625 0.015625
0 0.114063 0.379688 0.015625 0.015625
0 0.045313 0.382813 0.015625 0.015625
0 0.826563 0.389063 0.015625 0.015625
0 0.579688 0.393750 0.015625 0.015625
0 0.637500 0.412500 0.015625 0.015625
0 0.684375 0.418750 0.015625 0.015625
0 0.034375 0.431250 0.015625 0.015625
0 0.765625 0.431250 0.015625 0.015625
0 0.109375 0.432813 0.015625 0.015625
0 0.634375 0.448438 0.015625 0.015625
0 0.856250 0.468750 0.015625 0.015625
0 0.985938 0.479688 0.015625 0.015625
0 0.493750 0.487500 0.015625 0.015625
0 0.385938 0.489063 0.015625 0.015625
0 0.418750 0.489063 0.015625 0.015625
0 0.593750 0.501563 0.015625 0.015625
0 0.868750 0.517188 0.015625 0.015625
0 0.254688 0.518750 0.015625 0.015625
0 0.195313 0.532813 0.015625 0.015625
0 0.393750 0.534375 0.015625 0.015625
0 0.100000 0.539063 0.015625 0.015625
0 0.501563 0.539063 0.015625 0.015625
0 0.662500 0.539063 0.015625 0.015625
0 0.229688 0.559375 0.015625 0.015625
0 0.854688 0.570313 0.015625 0.015625
0 0.051563 0.581250 0.015625 0.015625
0 0.778125 0.582813 0.015625 0.015625
0 0.573438 0.593750 0.015625 0.015625
0 0.857813 0.603125 0.015625 0.015625
0 0.201563 0.626563 0.015625 0.015625
0 0.834375 0.637500 0.015625 0.015625
0 0.201563 0.648438 0.015625 0.015625
0 0.900000 0.651563 0.015625 0.015625
0 0.690625 0.653125 0.015625 0.015625
0 0.857813 0.662500 0.015625 0.015625
0 0.170313 0.690625 0.015625 0.015625
0 0.114063 0.696875 0.015625 0.015625
0 0.314063 0.709375 0.015625 0.015625
0 0.362500 0.709375 0.015625 0.015625
0 0.014063 0.729688 0.015625 0.015625
0 0.901563 0.732813 0.015625 0.015625
0 0.392188 0.734375 0.015625 0.015625
0 0.365625 0.739063 0.015625 0.015625
0 0.509375 0.753125 0.015625 0.015625
0 0.620313 0.765625 0.015625 0.015625
0 0.118750 0.770313 0.015625 0.015625
0 0.537500 0.787500 0.015625 0.015625
0 0.185938 0.793750 0.015625 0.015625
0 0.473438 0.806250 0.015625 0.015625
0 0.234375 0.812500 0.015625 0.015625
0 0.737500 0.818750 0.015625 0.015625
0 0.918750 0.837500 0.015625 0.015625
0 0.742188 0.840625 0.015625 0.015625
0 0.037500 0.846875 0.015625 0.015625
0 0.326563 0.853125 0.015625 0.015625
0 0.650000 0.867188 0.015625 0.015625
0 0.437500 0.881250 0.015625 0.015625
0 0.106250 0.901563 0.015625 0.015625
0 0.437500 0.901563 0.015625 0.015625
0 0.554688 0.909375 0.015625 0.015625
0 0.829688 0.915625 0.015625 0.015625
0 0.878125 0.915625 0.015625 0.015625
0 0.976563 0.925000 0.015625 0.015625
0 0.836850 0.942335 0.015625 0.015625
0 0.827004 0.957806 0.015625 0.015625
0 0.684951 0.987342 0.015625 0.015625
0 0.803094 0.980309 0.015625 0.015625
0 0.234880 0.943741 0.015625 0.015625
0 0.188467 0.942335 0.015625 0.015625
0 0.201125 0.895921 0.015625 0.015625
0 0.713080 0.225035 0.015625 0.015625
0 0.071730 0.983122 0.015625 0.015625
0 0.628985 0.993822 0.015110 0.012356
0 0.322515 0.995721 0.015290 0.008558
0 0.774806 0.174682 0.015220 0.015093
0 0.439656 0.494073 0.015027 0.014715
