0 0.337511 0.221133 0.016327 0.016414
0 0.556000 0.038000 0.015625 0.015625
0 0.172000 0.046000 0.015625 0.015625
0 0.892000 0.074000 0.015625 0.015625
0 0.448000 0.082000 0.015625 0.015625
0 0.938000 0.100000 0.015625 0.015625
0 0.140000 0.112000 0.015625 0.015625
0 0.676000 0.136000 0.015625 0.015625
0 0.236000 0.144000 0.015625 0.015625
0 0.834000 0.156000 0.015625 0.015625
0 0.336000 0.158000 0.015625 0.015625
0 0.418000 0.162000 0.015625 0.015625
0 0.790000 0.166000 0.015625 0.015625
0 0.682000 0.168000 0.015625 0.015625
0 0.646000 0.176000 0.015625 0.015625
0 0.908000 0.194000 0.015625 0.015625
0 0.762000 0.200000 0.015625 0.015625
0 0.606000 0.204000 0.015625 0.015625
0 0.458000 0.224000 0.015625 0.015625
0 0.714000 0.226000 0.015625 0.015625
0 0.056000 0.228000 0.015625 0.015625
0 0.746000 0.230000 0.015625 0.015625
0 0.604000 0.232000 0.015625 0.015625
0 0.186000 0.234000 0.015625 0.015625
0 0.374000 0.236000 0.015625 0.015625
0 0.234000 0.266000 0.015625 0.015625
0 0.276000 0.270000 0.015625 0.015625
0 0.806000 0.270000 0.015625 0.015625
0 0.492000 0.274000 0.015625 0.015625
0 0.510000 0.284000 0.015625 0.015625
0 0.940000 0.288000 0.015625 0.015625
0 0.872000 0.300000 0.015625 0.015625
0 0.546000 0.318000 0.015625 0.015625
0 0.006000 0.322000 0.015625 0.015625
0 0.166000 0.350000 0.015625 0.015625
0 0.650000 0.356000 0.015625 0.015625
0 0.054000 0.378000 0.015625 0.015625
0 0.970000 0.382000 0.015625 0.015625
0 0.810000 0.386000 0.015625 0.015625
0 0.430000 0.390000 0.015625 0.015625
0 0.610000 0.396000 0.015625 0.015625
0 0.500000 0.402000 0.015625 0.015625
0 0.620000 0.426000 0.015625 0.015625
0 0.674000 0.434000 0.015625 0.015625
0 0.806000 0.434000 0.015625 0.015625
0 0.018000 0.440000 0.015625 0.015625
0 0.166000 0.442000 0.015625 0.015625
0 0.338000 0.444000 0.015625 0.015625
0 0.740000 0.452000 0.015625 0.015625
0 0.886000 0.454000 0.015625 0.015625
0 0.694000 0.466000 0.015625 0.015625
0 0.988000 0.466000 0.015625 0.015625
0 0.518000 0.468000 0.015625 0.015625
0 0.090000 0.472000 0.015625 0.015625
0 0.402000 0.472000 0.015625 0.015625
0 0.600000 0.472000 0.015625 0.015625
0 0.714000 0.490000 0.015625 0.015625
0 0.358000 0.494000 0.015625 0.015625
0 0.014000 0.500000 0.015625 0.015625
0 0.056000 0.510000 0.015625 0.015625
0 0.086000 0.520000 0.015625 0.015625
0 0.870000 0.522000 0.015625 0.015625
0 0.838000 0.526000 0.015625 0.015625
0 0.406000 0.528000 0.015625 0.015625
0 0.514000 0.528000 0.015625 0.015625
0 0.282000 0.530000 0.015625 0.015625
0 0.850000 0.556000 0.015625 0.015625
0 0.154000 0.570000 0.015625 0.015625
0 0.460000 0.576000 0.015625 0.015625
0 0.694000 0.590000 0.015625 0.015625
0 0.746000 0.600000 0.015625 0.015625
0 0.370000 0.614000 0.015625 0.015625
0 0.026000 0.628000 0.015625 0.015625
0 0.806000 0.628000 0.015625 0.015625
0 0.834000 0.630000 0.015625 0.015625
0 0.218000 0.646000 0.015625 0.015625
0 0.520000 0.646000 0.015625 0.015625
0 0.610000 0.646000 0.015625 0.015625
0 0.878000 0.646000 0.015625 0.015625
0 0.674000 0.710000 0.015625 0.015625
0 0.340000 0.726000 0.015625 0.015625
0 0.370000 0.730000 0.015625 0.015625
0 0.876000 0.744000 0.015625 0.015625
0 0.670000 0.772000 0.015625 0.015625
0 0.406000 0.776000 0.015625 0.015625
0 0.306000 0.794000 0.015625 0.015625
0 0.130000 0.800000 0.015625 0.015625
0 0.106000 0.810000 0.015625 0.015625
0 0.460000 0.816000 0.015625 0.015625
0 0.994000 0.822000 0.015625 0.015625
0 0.200000 0.824000 0.015625 0.015625
0 0.880000 0.836000 0.015625 0.015625
0 0.760000 0.840000 0.015625 0.015625
0 0.066000 0.848000 0.015625 0.015625
0 0.100000 0.864000 0.015625 0.015625
0 0.766000 0.868000 0.015625 0.015625
0 0.786000 0.876000 0.015625 0.015625
0 0.198000 0.894000 0.015625 0.015625
0 0.550000 0.894000 0.015625 0.015625
0 0.926000 0.908000 0.015625 0.015625
0 0.834000 0.910000 0.015625 0.015625
0 0.734000 0.928000 0.015625 0.015625
0 0.206000 0.948000 0.015625 0.015625
0 0.166000 0.950000 0.015625 0.015625
0 0.430000 0.970000 0.015625 0.015625
0 0.858000 0.970000 0.015625 0.015625
0 0.914000 0.976000 0.015625 0.015625
0 0.566000 0.980000 0.015625 0.015625
0 0.370000 0.986000 0.015625 0.015625
0 0.317386 0.853541 0.015539 0.015082
0 0.501526 0.369281 0.015236 0.015282
0 0.618927 0.498167 0.015209 0.015284
0 0.898043 0.013662 0.015172 0.014880
0 0.656184 0.993213 0.015927 0.013521
0 0.051016 0.996482 0.015652 0.007037
0 0.994681 0.353948 0.010638 0.014860
