0 0.526000 0.008000 0.015625 0.015625
0 0.808000 0.012000 0.015625 0.015625
0 0.428000 0.018000 0.015625 0.015625
0 0.370000 0.020000 0.015625 0.015625
0 0.930000 0.024000 0.015625 0.015625
0 0.176000 0.028000 0.015625 0.015625
0 0.470000 0.054000 0.015625 0.015625
0 0.814000 0.070000 0.015625 0.015625
0 0.694000 0.074000 0.015625 0.015625
0 0.734000 0.074000 0.015625 0.015625
0 0.586000 0.096000 0.015625 0.015625
0 0.062000 0.104000 0.015625 0.015625
0 0.846000 0.106000 0.015625 0.015625
0 0.990000 0.136000 0.015625 0.015625
0 0.250000 0.138000 0.015625 0.015625
0 0.262000 0.160000 0.015625 0.015625
0 0.904000 0.218000 0.015625 0.015625
0 0.536000 0.226000 0.015625 0.015625
0 0.558000 0.228000 0.015625 0.015625
0 0.700000 0.234000 0.015625 0.015625
0 0.354000 0.244000 0.015625 0.015625
0 0.382000 0.264000 0.015625 0.015625
0 0.020000 0.272000 0.015625 0.015625
0 0.802000 0.282000 0.015625 0.015625
0 0.936000 0.282000 0.015625 0.015625
0 0.434000 0.284000 0.015625 0.015625
0 0.662000 0.284000 0.015625 0.015625
0 0.250000 0.286000 0.015625 0.015625
0 0.470000 0.294000 0.015625 0.015625
0 0.534000 0.306000 0.015625 0.015625
0 0.686000 0.308000 0.015625 0.015625
0 0.256000 0.316000 0.015625 0.015625
0 0.778000 0.320000 0.015625 0.015625
0 0.494000 0.326000 0.015625 0.015625
0 0.372000 0.328000 0.015625 0.015625
0 0.830000 0.340000 0.015625 0.015625
0 0.432000 0.350000 0.015625 0.015625
0 0.620000 0.356000 0.015625 0.015625
0 0.170000 0.362000 0.015625 0.015625
0 0.558000 0.370000 0.015625 0.015625
0 0.620000 0.380000 0.015625 0.015625
0 0.082000 0.384000 0.015625 0.015625
0 0.826000 0.390000 0.015625 0.015625
0 0.978000 0.392000 0.015625 0.015625
0 0.106000 0.410000 0.015625 0.015625
0 0.670000 0.424000 0.015625 0.015625
0 0.628000 0.426000 0.015625 0.015625
0 0.038000 0.428000 0.015625 0.015625
0 0.726000 0.432000 0.015625 0.015625
0 0.505000 0.444000 0.015625 0.015625
0 0.422000 0.446000 0.015625 0.015625
0 0.806000 0.446000 0.015625 0.015625
0 0.386000 0.470000 0.015625 0.015625
0 0.462000 0.472000 0.015625 0.015625
0 0.634000 0.478000 0.015625 0.015625
0 0.314000 0.486000 0.015625 0.015625
0 0.494000 0.510000 0.015625 0.015625
0 0.226000 0.516000 0.015625 0.015625
0 0.872000 0.520000 0.015625 0.015625
0 0.138000 0.522000 0.015625 0.015625
0 0.390000 0.534000 0.015625 0.015625
0 0.110000 0.546000 0.015625 0.015625
0 0.058000 0.558000 0.015625 0.015625
0 0.986000 0.558000 0.015625 0.015625
0 0.210000 0.576000 0.015625 0.015625
0 0.578000 0.580000 0.015625 0.015625
0 0.810000 0.580000 0.015625 0.015625
0 0.746000 0.602000 0.015625 0.015625
0 0.664000 0.638000 0.015625 0.015625
0 0.214000 0.640000 0.015625 0.015625
0 0.842000 0.646000 0.015625 0.015625
0 0.926000 0.654000 0.015625 0.015625
0 0.108000 0.704000 0.015625 0.015625
0 0.460000 0.704000 0.015625 0.015625
0 0.426000 0.706000 0.015625 0.015625
0 0.838000 0.706000 0.015625 0.015625
0 0.654000 0.716000 0.015625 0.015625
0 0.200000 0.720000 0.015625 0.015625
0 0.290000 0.730000 0.015625 0.015625
0 0.370000 0.730000 0.015625 0.015625
0 0.794000 0.744000 0.015625 0.015625
0 0.086000 0.776000 0.015625 0.015625
0 0.740000 0.786000 0.015625 0.015625
0 0.186000 0.796000 0.015625 0.015625
0 0.462000 0.802000 0.015625 0.015625
0 0.762000 0.804000 0.015625 0.015625
0 0.230000 0.810000 0.015625 0.015625
0 0.710000 0.826000 0.015625 0.015625
0 0.106000 0.830000 0.015625 0.015625
0 0.322000 0.850000 0.015625 0.015625
0 0.886000 0.850000 0.015625 0.015625
0 0.438000 0.886000 0.015625 0.015625
0 0.542000 0.894000 0.015625 0.015625
0 0.202000 0.896000 0.015625 0.015625
0 0.834000 0.906000 0.015625 0.015625
0 0.178000 0.920000 0.015625 0.015625
0 0.966000 0.930000 0.015625 0.015625
0 0.780000 0.944000 0.015625 0.015625
0 0.806000 0.952000 0.015625 0.015625
0 0.178000 0.954000 0.015625 0.015625
0 0.866000 0.960000 0.015625 0.015625
0 0.306000 0.978000 0.015625 0.015625
0 0.660000 0.978000 0.015625 0.015625
0 0.626000 0.980000 0.015625 0.015625
0 0.172996 0.386779 0.015625 0.015625
0 0.122363 0.158931 0.015625 0.015625
0 0.670886 0.538678 0.015625 0.015625
0 0.980309 0.465541 0.015625 0.015625
0 0.087201 0.877637 0.015625 0.015625
0 0.005626 0.365682 0.015625 0.015625
0 0.778329 0.010148 0.015654 0.015393
0 0.953193 0.168520 0.015392 0.015376
0 0.862054 0.992571 0.015364 0.014234
0 0.996597 0.231472 0.006806 0.014648
0 0.935270 0.240999 0.015193 0.015045
0 0.619171 0.496942 0.015248 0.015405
0 0.563148 0.067076 0.015276 0.015071
