0 0.214063 0.007813 0.015625 0.015625
0 0.081250 0.010938 0.015625 0.015625
0 0.451563 0.012500 0.015625 0.015625
0 0.967188 0.026563 0.015625 0.015625
0 0.739063 0.028125 0.015625 0.015625
0 0.332813 0.029688 0.015625 0.015625
0 0.510938 0.032813 0.015625 0.015625
0 0.773438 0.048438 0.015625 0.015625
0 0.562500 0.064063 0.015625 0.015625
0 0.968750 0.068750 0.015625 0.015625
0 0.832813 0.071875 0.015625 0.015625
0 0.020313 0.110938 0.015625 0.015625
0 0.640625 0.110938 0.015625 0.015625
0 0.531250 0.121875 0.015625 0.015625
0 0.148438 0.132813 0.015625 0.015625
0 0.642188 0.137500 0.015625 0.015625
0 0.260938 0.151563 0.015625 0.015625
0 0.960938 0.151563 0.015625 0.015625
0 0.339063 0.170313 0.015625 0.015625
0 0.437500 0.171875 0.015625 0.015625
0 0.779688 0.179688 0.015625 0.015625
0 0.646875 0.185938 0.015625 0.015625
0 0.140625 0.232813 0.015625 0.015625
0 0.039063 0.234375 0.015625 0.015625
0 0.371875 0.234375 0.015625 0.015625
0 0.617188 0.234375 0.015625 0.015625
0 0.937500 0.240625 0.015625 0.015625
0 0.457813 0.246875 0.015625 0.015625
0 0.821875 0.246875 0.015625 0.015625
0 0.531250 0.250000 0.015625 0.015625
0 0.262500 0.253125 0.015625 0.015625
0 0.640625 0.253125 0.015625 0.015625
0 0.673438 0.257813 0.015625 0.015625
0 0.718750 0.276563 0.015625 0.015625
0 0.528125 0.279688 0.015625 0.015625
0 0.929688 0.281250 0.015625 0.015625
0 0.478125 0.285938 0.015625 0.015625
0 0.023438 0.309375 0.015625 0.015625
0 0.392188 0.309375 0.015625 0.015625
0 0.239063 0.323438 0.015625 0.015625
0 0.726563 0.326563 0.015625 0.015625
0 0.414063 0.332813 0.015625 0.015625
0 0.482813 0.335938 0.015625 0.015625
0 0.150000 0.348438 0.015625 0.015625
0 0.750000 0.351563 0.015625 0.015625
0 0.189063 0.359375 0.015625 0.015625
0 0.298438 0.360938 0.015625 0.015625
0 0.615625 0.360938 0.015625 0.015625
0 0.992188 0.367188 0.015625 0.015625
0 0.812500 0.385938 0.015625 0.015625
0 0.296875 0.400000 0.015625 0.015625
0 0.535938 0.406250 0.015625 0.015625
0 0.015625 0.426563 0.015625 0.015625
0 0.676563 0.429688 0.015625 0.015625
0 0.937500 0.437500 0.015625 0.015625
0 0.414063 0.442188 0.015625 0.015625
0 0.648438 0.442188 0.015625 0.015625
0 0.738281 0.446875 0.015625 0.015625
0 0.085938 0.453125 0.015625 0.015625
0 0.332813 0.464063 0.015625 0.015625
0 0.132813 0.468750 0.015625 0.015625
0 0.406250 0.478125 0.015625 0.015625
0 0.531250 0.484375 0.015625 0.015625
0 0.614063 0.498438 0.015625 0.015625
0 0.470313 0.515625 0.015625 0.015625
0 0.179688 0.520313 0.015625 0.015625
0 0.875000 0.523438 0.015625 0.015625
0 0.109375 0.528125 0.015625 0.015625
0 0.523438 0.531250 0.015625 0.015625
0 0.390625 0.542188 0.015625 0.015625
0 0.281250 0.546875 0.015625 0.015625
0 0.882813 0.550781 0.015625 0.015625
0 0.679688 0.559375 0.015625 0.015625
0 0.035938 0.562500 0.015625 0.015625
0 0.765625 0.562500 0.015625 0.015625
0 0.765625 0.593750 0.015625 0.015625
0 0.642188 0.606250 0.015625 0.015625
0 0.789063 0.632813 0.015625 0.015625
0 0.882813 0.645313 0.015625 0.015625
0 0.210938 0.648438 0.015625 0.015625
0 0.984375 0.656250 0.015625 0.015625
0 0.492188 0.660938 0.015625 0.015625
0 0.921875 0.679688 0.015625 0.015625
0 0.187500 0.714063 0.015625 0.015625
0 0.351563 0.722656 0.015625 0.015625
0 0.808594 0.734375 0.015625 0.015625
0 0.859375 0.739063 0.015625 0.015625
0 0.078125 0.746875 0.015625 0.015625
0 0.382813 0.746875 0.015625 0.015625
0 0.015625 0.765625 0.015625 0.015625
0 0.671875 0.770313 0.015625 0.015625
0 0.195313 0.773438 0.015625 0.015625
0 0.437500 0.773438 0.015625 0.015625
0 0.195313 0.796875 0.015625 0.015625
0 0.464844 0.808594 0.015625 0.015625
0 0.687500 0.809375 0.015625 0.015625
0 0.945313 0.812500 0.015625 0.015625
0 0.117188 0.820313 0.015625 0.015625
0 0.503906 0.832031 0.015625 0.015625
0 0.316406 0.851563 0.015625 0.015625
0 0.414063 0.886719 0.015625 0.015625
0 0.203125 0.898438 0.015625 0.015625
0 0.554688 0.898438 0.015625 0.015625
0 0.468750 0.898438 0.015625 0.015625
0 0.851389 0.888889 0.015625 0.015625
0 0.790278 0.869444 0.015625 0.015625
0 0.833333 0.908333 0.015625 0.015625
0 0.877778 0.901389 0.015625 0.015625
0 0.751389 0.943056 0.015625 0.015625
0 0.651389 0.984722 0.015625 0.015625
0 0.873611 0.984722 0.015625 0.015625
0 0.929167 0.991667 0.015625 0.015625
0 0.991667 0.930556 0.015625 0.015625
0 0.429167 0.950000 0.015625 0.015625
0 0.215278 0.976389 0.015625 0.015625
0 0.166667 0.944444 0.015625 0.015625
0 0.037500 0.800000 0.015625 0.015625
0 0.208333 0.622222 0.015625 0.015625
0 0.111111 0.448611 0.015625 0.015625
0 0.925000 0.527778 0.015625 0.015625
0 0.981944 0.472222 0.015625 0.015625
0 0.801389 0.284722 0.015625 0.015625
0 0.844444 0.175000 0.015625 0.015625
0 0.911111 0.227778 0.015625 0.015625
0 0.866667 0.106944 0.015625 0.015625
0 0.843056 0.123611 0.015625 0.015625
0 0.089460 0.531287 0.015203 0.015043
