0 0.085000 0.014000 0.015625 0.015625
0 0.858000 0.014000 0.015625 0.015625
0 0.447000 0.016000 0.015625 0.015625
0 0.957000 0.031000 0.015625 0.015625
0 0.203000 0.033000 0.015625 0.015625
0 0.731000 0.033000 0.015625 0.015625
0 0.502000 0.036000 0.015625 0.015625
0 0.769000 0.045000 0.015625 0.015625
0 0.981000 0.070000 0.015625 0.015625
0 0.837000 0.078000 0.015625 0.015625
0 0.633000 0.119000 0.015625 0.015625
0 0.543000 0.123000 0.015625 0.015625
0 0.146000 0.136000 0.015625 0.015625
0 0.647000 0.141000 0.015625 0.015625
0 0.961000 0.147000 0.015625 0.015625
0 0.267000 0.159000 0.015625 0.015625
0 0.443000 0.169000 0.015625 0.015625
0 0.351000 0.177000 0.015625 0.015625
0 0.843000 0.179000 0.015625 0.015625
0 0.773000 0.205000 0.015625 0.015625
0 0.611000 0.229000 0.015625 0.015625
0 0.449000 0.231000 0.015625 0.015625
0 0.143000 0.233000 0.015625 0.015625
0 0.371000 0.235000 0.015625 0.015625
0 0.047000 0.238000 0.015625 0.015625
0 0.649000 0.245000 0.015625 0.015625
0 0.271000 0.251000 0.015625 0.015625
0 0.625000 0.251000 0.015625 0.015625
0 0.527000 0.253000 0.015625 0.015625
0 0.677000 0.253000 0.015625 0.015625
0 0.819000 0.255000 0.015625 0.015625
0 0.715000 0.277000 0.015625 0.015625
0 0.477000 0.283000 0.015625 0.015625
0 0.927000 0.287000 0.015625 0.015625
0 0.385000 0.295000 0.015625 0.015625
0 0.025000 0.307000 0.015625 0.015625
0 0.247000 0.323000 0.015625 0.015625
0 0.727000 0.327000 0.015625 0.015625
0 0.407000 0.329000 0.015625 0.015625
0 0.215000 0.333000 0.015625 0.015625
0 0.471000 0.339000 0.015625 0.015625
0 0.151000 0.349000 0.015625 0.015625
0 0.183000 0.355000 0.015625 0.015625
0 0.755000 0.355000 0.015625 0.015625
0 0.621000 0.359000 0.015625 0.015625
0 0.991000 0.367000 0.015625 0.015625
0 0.315000 0.373000 0.015625 0.015625
0 0.291000 0.401000 0.015625 0.015625
0 0.543000 0.425000 0.015625 0.015625
0 0.023000 0.427000 0.015625 0.015625
0 0.085000 0.431000 0.015625 0.015625
0 0.675000 0.433000 0.015625 0.015625
0 0.115000 0.449000 0.015625 0.015625
0 0.647000 0.449000 0.015625 0.015625
0 0.737000 0.449000 0.015625 0.015625
0 0.955000 0.449000 0.015625 0.015625
0 0.983000 0.461000 0.015625 0.015625
0 0.331000 0.467000 0.015625 0.015625
0 0.133000 0.469000 0.015625 0.015625
0 0.411000 0.477000 0.015625 0.015625
0 0.527000 0.487000 0.015625 0.015625
0 0.615000 0.497000 0.015625 0.015625
0 0.875000 0.525000 0.015625 0.015625
0 0.467000 0.527000 0.015625 0.015625
0 0.523000 0.529000 0.015625 0.015625
0 0.091000 0.533000 0.015625 0.015625
0 0.171000 0.537000 0.015625 0.015625
0 0.385000 0.537000 0.015625 0.015625
0 0.287000 0.547000 0.015625 0.015625
0 0.675000 0.553000 0.015625 0.015625
0 0.035000 0.559000 0.015625 0.015625
0 0.877000 0.559000 0.015625 0.015625
0 0.755000 0.567000 0.015625 0.015625
0 0.635000 0.609000 0.015625 0.015625
0 0.881000 0.647000 0.015625 0.015625
0 0.205000 0.657000 0.015625 0.015625
0 0.981000 0.657000 0.015625 0.015625
0 0.495000 0.661000 0.015625 0.015625
0 0.919000 0.681000 0.015625 0.015625
0 0.187000 0.709000 0.015625 0.015625
0 0.355000 0.725000 0.015625 0.015625
0 0.795000 0.725000 0.015625 0.015625
0 0.387000 0.745000 0.015625 0.015625
0 0.847000 0.747000 0.015625 0.015625
0 0.075000 0.751000 0.015625 0.015625
0 0.435000 0.755000 0.015625 0.015625
0 0.019000 0.777000 0.015625 0.015625
0 0.189000 0.779000 0.015625 0.015625
0 0.655000 0.779000 0.015625 0.015625
0 0.035000 0.799000 0.015625 0.015625
0 0.459000 0.809000 0.015625 0.015625
0 0.701000 0.811000 0.015625 0.015625
0 0.939000 0.819000 0.015625 0.015625
0 0.119000 0.827000 0.015625 0.015625
0 0.319000 0.855000 0.015625 0.015625
0 0.787000 0.877000 0.015625 0.015625
0 0.855000 0.883000 0.015625 0.015625
0 0.419000 0.885000 0.015625 0.015625
0 0.467000 0.893000 0.015625 0.015625
0 0.549000 0.895000 0.015625 0.015625
0 0.195000 0.897000 0.015625 0.015625
0 0.827000 0.905000 0.015625 0.015625
0 0.885000 0.911000 0.015625 0.015625
0 0.427000 0.939000 0.015625 0.015625
0 0.987000 0.939000 0.015625 0.015625
0 0.747000 0.941000 0.015625 0.015625
0 0.171000 0.945000 0.015625 0.015625
0 0.207000 0.977000 0.015625 0.015625
0 0.883263 0.095640 0.015625 0.015625
0 0.835443 0.146273 0.015625 0.015625
0 0.334740 0.032349 0.015625 0.015625
0 0.648383 0.977496 0.015625 0.015625
0 0.841722 0.010947 0.015699 0.015238
0 0.503181 0.833168 0.015399 0.015136
0 0.422614 0.440533 0.015520 0.015522
0 0.996555 0.936194 0.006890 0.014201
0 0.006922 0.995127 0.012951 0.009600
0 0.922610 0.996199 0.014768 0.007602
