0 0.396260 0.631336 0.017201 0.017175
0 0.973240 0.319211 0.017051 0.016885
0 0.408684 0.695381 0.017130 0.016796
0 0.940554 0.905968 0.017064 0.016592
0 0.008905 0.369623 0.016274 0.017332
0 0.880370 0.829798 0.016755 0.016702
0 0.069486 0.592720 0.016865 0.016586
0 0.632016 0.383907 0.016668 0.016600
0 0.220043 0.775617 0.016677 0.016585
0 0.140999 0.712295 0.016684 0.016547
0 0.462278 0.907254 0.016536 0.016654
0 0.809325 0.794676 0.016691 0.016460
0 0.654210 0.272629 0.016732 0.016414
0 0.252230 0.462838 0.016660 0.016442
0 0.071140 0.826397 0.016647 0.016391
0 0.147331 0.302400 0.016434 0.016426
0 0.071010 0.481549 0.016304 0.016461
0 0.616191 0.532844 0.016462 0.016293
0 0.798444 0.374951 0.016525 0.016228
0 0.106708 0.420674 0.016291 0.016417
0 0.617559 0.328057 0.016422 0.016240
0 0.595303 0.619911 0.016340 0.016313
0 0.319372 0.668317 0.016260 0.016321
0 0.433964 0.676284 0.016394 0.016173
0 0.270896 0.661658 0.016340 0.016169
0 0.226699 0.637240 0.016290 0.016191
0 0.250734 0.112652 0.016237 0.016151
0 0.285092 0.283066 0.016165 0.016222
0 0.536144 0.697196 0.016329 0.016058
0 0.984352 0.657286 0.016327 0.016020
0 0.708122 0.757082 0.016216 0.016111
0 0.065318 0.295484 0.016158 0.016166
0 0.685776 0.705524 0.016152 0.016165
0 0.758238 0.260598 0.016223 0.016084
0 0.241600 0.660982 0.016049 0.016234
0 0.557957 0.808602 0.016231 0.015993
0 0.628720 0.969647 0.016184 0.016035
0 0.729791 0.160942 0.016212 0.015993
0 0.526086 0.096917 0.016110 0.016091
0 0.906398 0.668649 0.016194 0.016006
0 0.975778 0.373586 0.015970 0.016202
0 0.066444 0.512622 0.015887 0.016277
0 0.670611 0.631057 0.016092 0.016063
0 0.521006 0.499299 0.016226 0.015909
0 0.740543 0.736893 0.016280 0.015847
0 0.400336 0.734079 0.016185 0.015928
0 0.915703 0.722058 0.016000 0.016086
0 0.137846 0.338633 0.015615 0.016464
0 0.293331 0.495674 0.016055 0.016008
0 0.940841 0.181732 0.015865 0.016176
0 0.371184 0.269166 0.015910 0.016119
0 0.594037 0.040949 0.015972 0.016036
0 0.863521 0.676030 0.016012 0.015969
0 0.816082 0.165358 0.016115 0.015854
0 0.748402 0.445008 0.016045 0.015863
0 0.990913 0.214978 0.015987 0.015913
0 0.226608 0.499689 0.016072 0.015798
0 0.167682 0.558917 0.015494 0.016362
0 0.864747 0.428660 0.016092 0.015745
0 0.980239 0.436953 0.015959 0.015873
0 0.183177 0.944202 0.015791 0.016014
0 0.434135 0.081595 0.015833 0.015948
0 0.530517 0.304777 0.015937 0.015827
0 0.882574 0.404674 0.015827 0.015928
0 0.727696 0.820091 0.015929 0.015808
0 0.629172 0.498776 0.016007 0.015704
0 0.671265 0.500274 0.015942 0.015692
0 0.665923 0.818413 0.015938 0.015662
0 0.761378 0.341803 0.015446 0.016153
0 0.359048 0.088565 0.015643 0.015918
0 0.910096 0.229801 0.015758 0.015801
0 0.350985 0.744555 0.015752 0.015777
0 0.231959 0.130896 0.015812 0.015695
0 0.307110 0.893237 0.015769 0.015722
0 0.178311 0.612735 0.015990 0.015452
0 0.453058 0.727763 0.015698 0.015729
0 0.199749 0.189312 0.015699 0.015726
0 0.631832 0.144431 0.015750 0.015663
0 0.624488 0.170977 0.015846 0.015517
0 0.504263 0.538692 0.015849 0.015477
0 0.594083 0.652809 0.015695 0.015615
0 0.900316 0.514603 0.015762 0.015545
0 0.472488 0.304113 0.015694 0.015600
0 0.991915 0.972290 0.015217 0.016068
0 0.527020 0.207252 0.015507 0.015752
0 0.365598 0.305714 0.015668 0.015588
0 0.697318 0.224841 0.015689 0.015529
0 0.227163 0.377235 0.015601 0.015600
0 0.961260 0.668649 0.015610 0.015590
0 0.594481 0.429735 0.015755 0.015433
0 0.950300 0.715301 0.015535 0.015645
0 0.037946 0.187777 0.015314 0.015830
0 0.772218 0.736913 0.015718 0.015409
0 0.520113 0.961306 0.015639 0.015458
0 0.092202 0.732366 0.015437 0.015606
0 0.805673 0.430518 0.015602 0.015403
0 0.830191 0.040327 0.015607 0.015395
0 0.562715 0.733557 0.015470 0.015517
0 0.300122 0.468655 0.015616 0.015321
0 0.577997 0.791440 0.015583 0.015265
0 0.026659 0.962279 0.015665 0.015170
0 0.749730 0.421694 0.015348 0.015481
0 0.105023 0.606617 0.015498 0.015326
0 0.485827 0.468700 0.015259 0.015551
0 0.239991 0.902080 0.015538 0.015246
0 0.861677 0.206354 0.015318 0.015460
0 0.031570 0.533086 0.015480 0.015297
0 0.628340 0.754681 0.015523 0.015215
0 0.129046 0.060389 0.015417 0.015305
0 0.532122 0.721612 0.015356 0.015358
0 0.832945 0.936395 0.015546 0.015150
0 0.880615 0.582628 0.015319 0.015357
0 0.648771 0.165717 0.015245 0.015418
0 0.774761 0.480333 0.015333 0.015327
0 0.212504 0.856739 0.015393 0.015248
0 0.282633 0.801140 0.015275 0.015314
0 0.741309 0.650883 0.015372 0.015212
0 0.647985 0.432328 0.015176 0.015334
0 0.737017 0.507276 0.015305 0.015199
0 0.885170 0.039263 0.015324 0.015076
0 0.018307 0.856390 0.015042 0.015141
0 0.829464 0.126778 0.015044 0.015132
0 0.447337 0.488900 0.015108 0.015040
0 0.190517 0.991748 0.015533 0.014588
0 0.713325 0.009451 0.014967 0.014974
0 0.060521 0.707171 0.014766 0.014951
0 0.979012 0.554141 0.014934 0.014755
0 0.923636 0.049751 0.014854 0.014614
0 0.755756 0.025718 0.014709 0.014717
0 0.038668 0.702291 0.014781 0.014541
0 0.246689 0.968472 0.014521 0.014475
0 0.994678 0.093340 0.010643 0.014514
0 0.004010 0.803315 0.008021 0.014692
0 0.483795 0.996554 0.016540 0.006892
0 0.997568 0.346304 0.004863 0.016434
0 0.002311 0.188557 0.004622 0.016516
