0 0.054050 0.427967 0.018423 0.018208
0 0.732739 0.771432 0.017462 0.017473
0 0.042198 0.655707 0.017490 0.017184
0 0.519366 0.934563 0.017204 0.017337
0 0.056744 0.782788 0.017378 0.017159
0 0.895309 0.468655 0.017260 0.017251
0 0.395236 0.067706 0.017096 0.016971
0 0.991455 0.262973 0.016383 0.017527
0 0.190279 0.140801 0.016954 0.016679
0 0.101196 0.542134 0.016736 0.016893
0 0.679745 0.781850 0.016690 0.016793
0 0.141039 0.280520 0.016715 0.016732
0 0.065919 0.934588 0.016554 0.016824
0 0.093276 0.284024 0.016659 0.016530
0 0.504692 0.538244 0.016703 0.016466
0 0.618578 0.649887 0.016589 0.016516
0 0.674099 0.727496 0.016617 0.016469
0 0.561996 0.733431 0.016498 0.016586
0 0.246840 0.779323 0.016485 0.016580
0 0.314939 0.344140 0.016608 0.016388
0 0.927651 0.187382 0.016595 0.016358
0 0.640304 0.412909 0.016755 0.016197
0 0.541325 0.694740 0.016398 0.016407
0 0.226982 0.631808 0.016342 0.016459
0 0.452719 0.781956 0.016423 0.016313
0 0.239891 0.089489 0.016492 0.016184
0 0.110887 0.493899 0.016272 0.016303
0 0.681934 0.311757 0.016344 0.016223
0 0.464664 0.278064 0.016417 0.016125
0 0.718576 0.578964 0.016216 0.016300
0 0.617764 0.325783 0.016501 0.016002
0 0.386738 0.962832 0.016261 0.016187
0 0.927034 0.421796 0.016177 0.016217
0 0.062247 0.708988 0.016004 0.016352
0 0.482009 0.197065 0.016203 0.016145
0 0.976582 0.345966 0.016066 0.016246
0 0.012126 0.960026 0.015854 0.016420
0 0.173240 0.395607 0.016201 0.016065
0 0.980851 0.553550 0.016455 0.015815
0 0.094497 0.876497 0.016622 0.015651
0 0.077949 0.244395 0.016371 0.015870
0 0.323141 0.669607 0.016181 0.016045
0 0.654190 0.677998 0.016163 0.015983
0 0.175449 0.746546 0.016094 0.016022
0 0.203202 0.745724 0.016092 0.016015
0 0.420235 0.734344 0.016142 0.015941
0 0.077702 0.871523 0.016063 0.015978
0 0.443458 0.140851 0.015619 0.016419
0 0.223314 0.581972 0.016014 0.016008
0 0.453404 0.830538 0.016033 0.015975
0 0.355026 0.425969 0.016043 0.015951
0 0.782001 0.938996 0.016000 0.015987
0 0.618210 0.532383 0.016101 0.015872
0 0.379373 0.263201 0.016356 0.015583
0 0.458246 0.634626 0.016065 0.015827
0 0.205318 0.461287 0.016044 0.015837
0 0.130060 0.393605 0.016108 0.015741
0 0.012227 0.843826 0.015973 0.015870
0 0.251548 0.717561 0.016149 0.015691
0 0.861996 0.392980 0.015945 0.015882
0 0.410499 0.489466 0.015917 0.015873
0 0.173842 0.781434 0.015973 0.015796
0 0.571048 0.598005 0.015926 0.015840
0 0.090926 0.818515 0.015992 0.015765
0 0.034246 0.534017 0.015962 0.015793
0 0.176634 0.073477 0.015955 0.015760
0 0.727741 0.315796 0.015921 0.015761
0 0.824258 0.187824 0.016011 0.015654
0 0.569553 0.076977 0.015784 0.015856
0 0.644978 0.603429 0.015852 0.015751
0 0.369643 0.555457 0.015817 0.015758
0 0.231961 0.373918 0.015979 0.015582
0 0.815010 0.858678 0.015798 0.015712
0 0.532114 0.520446 0.015785 0.015718
0 0.456580 0.224452 0.015770 0.015716
0 0.238019 0.921933 0.015609 0.015875
0 0.918161 0.290194 0.015834 0.015633
0 0.023902 0.435827 0.015852 0.015573
0 0.746848 0.507304 0.015734 0.015672
0 0.926627 0.147263 0.015577 0.015755
0 0.418983 0.640763 0.015871 0.015457
0 0.967182 0.666938 0.015878 0.015441
0 0.303261 0.257326 0.015857 0.015387
0 0.363956 0.490225 0.015806 0.015412
0 0.083559 0.050726 0.015723 0.015489
0 0.782664 0.347414 0.015970 0.015239
0 0.382595 0.292520 0.015764 0.015429
0 0.269422 0.044325 0.015475 0.015696
0 0.709015 0.757686 0.015679 0.015475
0 0.317749 0.902060 0.015547 0.015590
0 0.513250 0.427956 0.015464 0.015672
0 0.669888 0.497554 0.015601 0.015519
0 0.282640 0.800920 0.015613 0.015491
0 0.880540 0.581145 0.015641 0.015429
0 0.953789 0.903294 0.015536 0.015522
0 0.901417 0.762408 0.015595 0.015409
0 0.205655 0.095529 0.015594 0.015386
0 0.502161 0.692155 0.015650 0.015280
0 0.893213 0.491534 0.015541 0.015350
0 0.604158 0.798434 0.015537 0.015339
0 0.487056 0.330515 0.015459 0.015380
0 0.303863 0.466246 0.015600 0.015171
0 0.459281 0.760578 0.015435 0.015329
0 0.715611 0.221961 0.015406 0.015346
0 0.872158 0.455722 0.015335 0.015391
0 0.739758 0.628175 0.015376 0.015344
0 0.765641 0.111262 0.015432 0.015176
0 0.178957 0.692390 0.015410 0.015190
0 0.129969 0.408932 0.015254 0.015325
0 0.100991 0.026209 0.015344 0.015185
0 0.899844 0.151603 0.015216 0.015230
0 0.173518 0.558958 0.015235 0.015210
0 0.944957 0.554514 0.015224 0.015216
0 0.853381 0.524735 0.015282 0.015148
0 0.620988 0.287679 0.015403 0.015027
0 0.805195 0.490543 0.015327 0.015098
0 0.366947 0.885360 0.015255 0.015137
0 0.896358 0.842129 0.015149 0.015169
0 0.291958 0.504337 0.015044 0.015266
0 0.451118 0.808093 0.015074 0.015220
0 0.580045 0.790927 0.014924 0.015315
0 0.490866 0.375274 0.015089 0.015132
0 0.777955 0.241432 0.015149 0.014961
0 0.716250 0.145842 0.015146 0.014953
0 0.863327 0.678158 0.014810 0.015035
0 0.179692 0.611763 0.015071 0.014676
0 0.908539 0.223503 0.014886 0.014688
0 0.966622 0.933061 0.014579 0.014444
0 0.828967 0.016675 0.014168 0.014234
0 0.865784 0.993895 0.015946 0.012210
0 0.004355 0.110034 0.008710 0.016418
0 0.971272 0.004010 0.017210 0.007976
0 0.960976 0.996486 0.013247 0.007029
0 0.997242 0.130491 0.005515 0.014766
0 0.002104 0.680038 0.004209 0.016663
