0 0.681133 0.820902 0.018030 0.017925
0 0.379502 0.926090 0.017359 0.017260
0 0.106710 0.345481 0.017329 0.017079
0 0.381434 0.051393 0.017019 0.017057
0 0.673725 0.735792 0.016944 0.016945
0 0.516542 0.624144 0.016923 0.016726
0 0.733415 0.911473 0.016760 0.016841
0 0.174452 0.562028 0.016670 0.016882
0 0.079553 0.244243 0.016736 0.016634
0 0.058511 0.870589 0.016734 0.016569
0 0.597196 0.630699 0.016627 0.016653
0 0.877958 0.385500 0.016853 0.016310
0 0.480210 0.806750 0.016715 0.016431
0 0.522308 0.972220 0.016445 0.016580
0 0.130214 0.252631 0.016623 0.016375
0 0.533514 0.698168 0.016410 0.016559
0 0.718863 0.566913 0.016400 0.016547
0 0.680545 0.497665 0.016317 0.016594
0 0.644877 0.616631 0.016378 0.016527
0 0.035539 0.780419 0.016455 0.016347
0 0.462421 0.858498 0.016337 0.016434
0 0.443884 0.186663 0.016398 0.016347
0 0.934918 0.418743 0.016193 0.016526
0 0.868176 0.724980 0.016396 0.016264
0 0.496036 0.929342 0.016363 0.016273
0 0.014707 0.813706 0.016310 0.016317
0 0.772258 0.638283 0.016444 0.016175
0 0.142408 0.038568 0.016162 0.016406
0 0.090938 0.658558 0.016391 0.016168
0 0.609679 0.332353 0.016479 0.016073
0 0.615476 0.532701 0.016364 0.016170
0 0.725978 0.956655 0.016252 0.016266
0 0.201811 0.755328 0.016330 0.016127
0 0.949833 0.259134 0.016150 0.016270
0 0.820914 0.838329 0.016313 0.016080
0 0.186966 0.110014 0.015955 0.016417
0 0.508904 0.641160 0.016099 0.016254
0 0.378140 0.887569 0.016360 0.015985
0 0.574616 0.792130 0.016022 0.016316
0 0.443872 0.547544 0.016182 0.016154
0 0.037030 0.676919 0.016191 0.016111
0 0.532931 0.721147 0.016153 0.016130
0 0.076704 0.938492 0.016241 0.016018
0 0.678206 0.368559 0.016067 0.016165
0 0.584594 0.599964 0.016253 0.015979
0 0.576467 0.714301 0.016149 0.016073
0 0.382228 0.531916 0.016061 0.016160
0 0.176777 0.380517 0.016184 0.016022
0 0.906103 0.197250 0.016077 0.016028
0 0.486931 0.378928 0.015992 0.016077
0 0.131684 0.495590 0.016107 0.015943
0 0.291617 0.502078 0.016040 0.016006
0 0.869566 0.554410 0.015992 0.015962
0 0.423897 0.211926 0.016220 0.015737
0 0.015380 0.148542 0.016195 0.015716
0 0.655328 0.396937 0.015864 0.016019
0 0.014781 0.963891 0.015983 0.015879
0 0.851310 0.795161 0.015900 0.015950
0 0.938673 0.875832 0.015920 0.015912
0 0.926202 0.134050 0.015918 0.015911
0 0.008713 0.187604 0.015979 0.015820
0 0.348121 0.446210 0.015877 0.015908
0 0.700447 0.808720 0.015839 0.015939
0 0.720824 0.221668 0.015922 0.015846
0 0.293070 0.929307 0.015794 0.015940
0 0.892995 0.848965 0.016116 0.015596
0 0.708361 0.763742 0.016003 0.015703
0 0.556666 0.119110 0.015881 0.015816
0 0.124943 0.900334 0.015695 0.015995
0 0.329673 0.662581 0.016013 0.015665
0 0.149120 0.400729 0.015866 0.015810
0 0.950309 0.136024 0.015877 0.015790
0 0.459172 0.657899 0.015784 0.015881
0 0.364225 0.358688 0.015889 0.015742
0 0.443914 0.751755 0.015725 0.015815
0 0.241083 0.633800 0.015698 0.015829
0 0.507571 0.540811 0.015872 0.015593
0 0.434879 0.785300 0.015755 0.015684
0 0.449434 0.811629 0.015736 0.015699
0 0.480358 0.019168 0.015790 0.015641
0 0.195688 0.584185 0.015640 0.015781
0 0.377527 0.459137 0.015577 0.015808
0 0.287605 0.075074 0.015717 0.015657
0 0.081071 0.729568 0.015709 0.015641
0 0.175867 0.784651 0.015604 0.015740
0 0.944030 0.317503 0.015713 0.015629
0 0.646038 0.339043 0.015761 0.015512
0 0.665249 0.294711 0.015675 0.015581
0 0.975759 0.535147 0.015586 0.015658
0 0.229888 0.093873 0.015643 0.015589
0 0.340624 0.244442 0.015567 0.015612
0 0.317483 0.372161 0.015512 0.015631
0 0.812516 0.390567 0.015549 0.015561
0 0.023381 0.543109 0.015664 0.015379
0 0.210394 0.479003 0.015705 0.015326
0 0.183653 0.416718 0.015623 0.015397
0 0.766154 0.116373 0.015649 0.015308
0 0.176358 0.613163 0.015554 0.015335
0 0.936422 0.363419 0.015495 0.015379
0 0.369082 0.260065 0.015394 0.015457
0 0.237645 0.375036 0.015489 0.015354
0 0.561693 0.739950 0.015183 0.015659
0 0.645349 0.426404 0.015273 0.015554
0 0.502304 0.460579 0.015403 0.015407
0 0.835165 0.481737 0.015344 0.015415
0 0.907076 0.473061 0.015295 0.015430
0 0.031078 0.702663 0.015448 0.015208
0 0.944124 0.977921 0.015337 0.015302
0 0.492292 0.281703 0.015406 0.015209
0 0.745285 0.506653 0.015249 0.015361
0 0.249362 0.249519 0.015452 0.015115
0 0.773120 0.353445 0.015328 0.015209
0 0.208268 0.681207 0.015443 0.015081
0 0.511081 0.242254 0.015235 0.015282
0 0.083718 0.026450 0.015232 0.015262
0 0.306488 0.468641 0.015173 0.015193
0 0.237221 0.729912 0.015225 0.015084
0 0.059796 0.054951 0.014853 0.015399
0 0.283716 0.802144 0.015189 0.015007
0 0.756108 0.237607 0.015092 0.015073
0 0.773015 0.163511 0.015052 0.015088
0 0.898911 0.587324 0.015110 0.014949
0 0.494382 0.220552 0.015104 0.014938
0 0.753388 0.753225 0.015081 0.014944
0 0.326705 0.874608 0.015070 0.014882
0 0.863140 0.677752 0.014740 0.014867
0 0.982528 0.554073 0.014975 0.014564
0 0.904547 0.156766 0.014857 0.014638
0 0.859914 0.010361 0.014810 0.014563
0 0.965398 0.665809 0.014589 0.014593
0 0.702604 0.151037 0.014625 0.014538
0 0.411177 0.291885 0.014728 0.014349
0 0.604807 0.993573 0.016430 0.012853
0 0.995114 0.891765 0.009773 0.014967
0 0.365079 0.996103 0.016600 0.007793
0 0.002537 0.425576 0.005074 0.017871
