0 0.900369 0.983768 0.017541 0.017517
0 0.059474 0.793753 0.017441 0.017395
0 0.087931 0.934422 0.017277 0.017199
0 0.018989 0.370877 0.017121 0.017257
0 0.020667 0.850620 0.017238 0.017014
0 0.040549 0.345165 0.017105 0.016975
0 0.193762 0.784595 0.017245 0.016817
0 0.408125 0.688441 0.017121 0.016913
0 0.612162 0.788537 0.016896 0.016823
0 0.491733 0.972504 0.016985 0.016724
0 0.011524 0.516356 0.016740 0.016873
0 0.105485 0.703987 0.017015 0.016572
0 0.451954 0.629911 0.016761 0.016746
0 0.587243 0.913375 0.016748 0.016677
0 0.864174 0.414404 0.016453 0.016941
0 0.620852 0.480576 0.016615 0.016770
0 0.070572 0.763106 0.016670 0.016711
0 0.616379 0.327986 0.016758 0.016519
0 0.675780 0.725550 0.016660 0.016613
0 0.889292 0.009646 0.016850 0.016409
0 0.658257 0.524489 0.016546 0.016683
0 0.169480 0.559852 0.016581 0.016644
0 0.661515 0.687343 0.016763 0.016432
0 0.496985 0.668059 0.016583 0.016573
0 0.448596 0.642937 0.016627 0.016520
0 0.332181 0.919204 0.016372 0.016716
0 0.728658 0.222620 0.016705 0.016370
0 0.795193 0.852357 0.016521 0.016537
0 0.215070 0.977506 0.016630 0.016416
0 0.785231 0.653953 0.016690 0.016348
0 0.131799 0.472044 0.016626 0.016400
0 0.937448 0.943115 0.016546 0.016432
0 0.336942 0.177082 0.016317 0.016660
0 0.616232 0.533339 0.016530 0.016435
0 0.754928 0.637559 0.016649 0.016303
0 0.144358 0.684612 0.016417 0.016481
0 0.520312 0.669939 0.016369 0.016523
0 0.329269 0.980736 0.016536 0.016319
0 0.503498 0.287653 0.016773 0.016079
0 0.040154 0.487679 0.016506 0.016337
0 0.381315 0.796565 0.016254 0.016565
0 0.234061 0.938036 0.016382 0.016380
0 0.614684 0.874746 0.016341 0.016389
0 0.746677 0.449942 0.016386 0.016310
0 0.202161 0.851565 0.016287 0.016401
0 0.567564 0.516966 0.016525 0.016129
0 0.638584 0.748678 0.016242 0.016387
0 0.116087 0.538466 0.016319 0.016294
0 0.435844 0.410651 0.016362 0.016241
0 0.919044 0.838133 0.016333 0.016220
0 0.966529 0.257160 0.016091 0.016266
0 0.332932 0.147313 0.016136 0.016198
0 0.893819 0.891847 0.016263 0.016063
0 0.659286 0.844051 0.016210 0.016056
0 0.302611 0.513826 0.016132 0.016106
0 0.268138 0.282532 0.016148 0.016074
0 0.563000 0.734601 0.016012 0.016117
0 0.534479 0.721061 0.016111 0.016012
0 0.948785 0.913546 0.016017 0.016039
0 0.903938 0.451345 0.016090 0.015964
0 0.085275 0.220840 0.016085 0.015926
0 0.034071 0.708677 0.016231 0.015763
0 0.738332 0.165974 0.015882 0.016093
0 0.136137 0.827782 0.016011 0.015952
0 0.158295 0.191659 0.016166 0.015784
0 0.292591 0.696534 0.015877 0.016037
0 0.224826 0.675077 0.015856 0.016055
0 0.479878 0.125160 0.016074 0.015815
0 0.825292 0.212885 0.015918 0.015967
0 0.217252 0.321800 0.016041 0.015822
0 0.503549 0.540739 0.016035 0.015824
0 0.916722 0.710387 0.016039 0.015788
0 0.343316 0.671047 0.015894 0.015916
0 0.693713 0.109812 0.015895 0.015903
0 0.644376 0.427585 0.015858 0.015928
0 0.872537 0.837924 0.015903 0.015854
0 0.393795 0.246708 0.015934 0.015818
0 0.625022 0.085793 0.015842 0.015898
0 0.905545 0.248129 0.016067 0.015668
0 0.195939 0.540271 0.015901 0.015819
0 0.860723 0.261208 0.015793 0.015912
0 0.032015 0.532917 0.015857 0.015820
0 0.611158 0.130736 0.015878 0.015798
0 0.111744 0.308270 0.015781 0.015878
0 0.014594 0.962105 0.015975 0.015683
0 0.406215 0.747635 0.015900 0.015706
0 0.710209 0.757166 0.015988 0.015615
0 0.485951 0.620432 0.015752 0.015792
0 0.987342 0.052996 0.015612 0.015915
0 0.600171 0.038033 0.015807 0.015711
0 0.708003 0.344965 0.015658 0.015840
0 0.790612 0.347262 0.015753 0.015675
0 0.514630 0.224524 0.015787 0.015633
0 0.818264 0.790412 0.015748 0.015661
0 0.189376 0.632925 0.015675 0.015705
0 0.964131 0.174209 0.015906 0.015468
0 0.661990 0.216660 0.015769 0.015587
0 0.307523 0.469283 0.015649 0.015682
0 0.138594 0.312142 0.015732 0.015575
0 0.787481 0.307394 0.015591 0.015714
0 0.241487 0.058730 0.015703 0.015572
0 0.366374 0.579255 0.015780 0.015471
0 0.091501 0.538405 0.015458 0.015773
0 0.824772 0.438793 0.015534 0.015682
0 0.062427 0.708799 0.015703 0.015466
0 0.578599 0.791609 0.015715 0.015419
0 0.859213 0.676046 0.015593 0.015526
0 0.166543 0.957065 0.015510 0.015561
0 0.228468 0.373864 0.015602 0.015431
0 0.007051 0.305982 0.014035 0.017153
0 0.076601 0.807756 0.015567 0.015443
0 0.163285 0.358271 0.015431 0.015576
0 0.190440 0.009116 0.015336 0.015642
0 0.282666 0.802248 0.015479 0.015485
0 0.788964 0.132553 0.015564 0.015394
0 0.230173 0.091449 0.015572 0.015366
0 0.325255 0.663029 0.015405 0.015520
0 0.259586 0.244915 0.015512 0.015404
0 0.744510 0.312421 0.015531 0.015372
0 0.974178 0.317057 0.015468 0.015422
0 0.181266 0.613496 0.015379 0.015484
0 0.890729 0.793571 0.015548 0.015282
0 0.193596 0.096695 0.015289 0.015517
0 0.971627 0.852369 0.015483 0.015226
0 0.083806 0.190683 0.015473 0.015223
0 0.978769 0.213408 0.015355 0.015247
0 0.376937 0.909623 0.015342 0.015231
0 0.735295 0.512855 0.015399 0.015132
0 0.600308 0.274726 0.015305 0.015193
0 0.880713 0.582291 0.015343 0.015124
0 0.464740 0.486685 0.015333 0.015098
0 0.836920 0.992295 0.015836 0.014599
0 0.054820 0.855116 0.015232 0.015128
0 0.978860 0.553188 0.015349 0.015001
0 0.771377 0.046582 0.015291 0.014955
0 0.961230 0.670095 0.014977 0.014788
0 0.272591 0.702867 0.015026 0.014679
0 0.180335 0.072690 0.014931 0.014747
0 0.820600 0.007317 0.014987 0.014042
0 0.994649 0.420351 0.010702 0.016849
0 0.002025 0.560388 0.004050 0.016195
