0 0.961837 0.976946 0.018913 0.018825
0 0.931512 0.891459 0.018408 0.018326
0 0.156111 0.986377 0.017209 0.017350
0 0.212585 0.644372 0.017204 0.017154
0 0.269704 0.286523 0.016923 0.017214
0 0.774501 0.888995 0.017031 0.016919
0 0.182135 0.356375 0.016865 0.016996
0 0.860676 0.899064 0.016986 0.016826
0 0.860660 0.845304 0.016551 0.017124
0 0.438701 0.642657 0.016726 0.016820
0 0.271444 0.893001 0.016666 0.016751
0 0.822535 0.147115 0.017023 0.016343
0 0.647437 0.170581 0.016705 0.016645
0 0.291486 0.501054 0.016880 0.016438
0 0.336433 0.639121 0.016711 0.016488
0 0.768142 0.338305 0.016631 0.016530
0 0.670572 0.199744 0.016596 0.016550
0 0.980098 0.955604 0.016688 0.016426
0 0.912105 0.179543 0.016421 0.016641
0 0.154205 0.308330 0.016549 0.016449
0 0.093823 0.933381 0.016472 0.016501
0 0.627994 0.420098 0.016518 0.016300
0 0.049920 0.837760 0.016355 0.016462
0 0.925487 0.943809 0.016433 0.016379
0 0.784270 0.401326 0.016618 0.016152
0 0.484468 0.872581 0.016407 0.016353
0 0.678468 0.719568 0.016272 0.016335
0 0.916979 0.222831 0.016189 0.016407
0 0.505871 0.962815 0.016243 0.016346
0 0.585000 0.793741 0.016318 0.016254
0 0.665492 0.656926 0.016329 0.016181
0 0.722672 0.216313 0.016227 0.016282
0 0.061018 0.868616 0.016205 0.016286
0 0.021200 0.361218 0.016233 0.016196
0 0.794462 0.174411 0.016293 0.016118
0 0.149342 0.477943 0.016133 0.016196
0 0.083912 0.525956 0.016190 0.016131
0 0.931019 0.692416 0.016378 0.015904
0 0.022412 0.754146 0.016053 0.016168
0 0.844251 0.367582 0.016084 0.016132
0 0.584452 0.968049 0.016032 0.016151
0 0.819372 0.102012 0.016111 0.016039
0 0.068335 0.678029 0.016253 0.015854
0 0.083172 0.624912 0.016175 0.015875
0 0.108613 0.881111 0.016145 0.015881
0 0.226883 0.132666 0.016097 0.015924
0 0.124773 0.570829 0.015954 0.016053
0 0.145415 0.740319 0.015967 0.016032
0 0.200241 0.783612 0.015871 0.016105
0 0.624360 0.602730 0.015919 0.016037
0 0.402187 0.686075 0.016053 0.015877
0 0.616663 0.532703 0.016022 0.015902
0 0.606639 0.817471 0.016013 0.015906
0 0.469067 0.269470 0.015949 0.015952
0 0.532368 0.034469 0.016085 0.015814
0 0.155934 0.936184 0.015974 0.015919
0 0.319996 0.511269 0.015925 0.015950
0 0.241683 0.088601 0.015988 0.015884
0 0.954383 0.306939 0.015898 0.015969
0 0.571788 0.452362 0.015902 0.015959
0 0.616576 0.327783 0.016120 0.015733
0 0.165628 0.737406 0.015999 0.015849
0 0.327256 0.663745 0.015965 0.015853
0 0.833050 0.721900 0.015941 0.015814
0 0.695047 0.555434 0.015764 0.015958
0 0.234367 0.377223 0.015956 0.015762
0 0.704867 0.658626 0.015918 0.015753
0 0.769431 0.431839 0.015965 0.015693
0 0.634024 0.965641 0.015999 0.015603
0 0.943638 0.495618 0.015812 0.015729
0 0.978054 0.672093 0.015878 0.015648
0 0.062555 0.507548 0.015878 0.015647
0 0.736835 0.646872 0.015759 0.015712
0 0.242011 0.670481 0.015759 0.015705
0 0.255279 0.238835 0.015756 0.015681
0 0.601185 0.027983 0.015684 0.015746
0 0.085932 0.247115 0.015741 0.015686
0 0.878275 0.836019 0.015801 0.015624
0 0.620349 0.656168 0.015617 0.015761
0 0.952367 0.368308 0.015543 0.015832
0 0.772837 0.051873 0.015849 0.015523
0 0.179741 0.072116 0.015793 0.015568
0 0.173357 0.560606 0.015779 0.015565
0 0.020663 0.540185 0.015560 0.015783
0 0.451723 0.616837 0.015718 0.015619
0 0.585875 0.250759 0.015759 0.015577
0 0.740358 0.510055 0.015788 0.015545
0 0.126518 0.218980 0.015717 0.015615
0 0.450265 0.671965 0.015519 0.015812
0 0.893490 0.699027 0.015721 0.015585
0 0.889676 0.403430 0.015733 0.015565
0 0.807070 0.442244 0.015801 0.015451
0 0.503891 0.539481 0.015867 0.015270
0 0.533123 0.721589 0.015734 0.015385
0 0.468312 0.334005 0.015619 0.015466
0 0.306605 0.468697 0.015490 0.015528
0 0.085915 0.326060 0.015438 0.015570
0 0.381853 0.637102 0.015491 0.015438
0 0.125260 0.915446 0.015417 0.015481
0 0.176692 0.615523 0.015423 0.015456
0 0.888201 0.049219 0.014975 0.015905
0 0.862428 0.679366 0.015395 0.015390
0 0.451890 0.485519 0.015354 0.015286
0 0.042274 0.232546 0.015387 0.015250
0 0.283059 0.801716 0.015428 0.015194
0 0.405093 0.755226 0.015458 0.015091
0 0.480899 0.207951 0.015209 0.015294
0 0.515893 0.106731 0.015331 0.015129
0 0.559037 0.739165 0.015282 0.015099
0 0.522142 0.168824 0.015124 0.015247
0 0.670060 0.497481 0.015197 0.015121
0 0.950711 0.062252 0.015170 0.015121
0 0.707263 0.788650 0.015127 0.015144
0 0.370795 0.178713 0.015233 0.015004
0 0.690689 0.035890 0.014939 0.015205
0 0.981274 0.554235 0.015204 0.014937
0 0.377753 0.713440 0.015184 0.014930
0 0.706651 0.767400 0.015216 0.014862
0 0.392823 0.961556 0.015197 0.014832
0 0.779374 0.353615 0.015054 0.014931
0 0.174262 0.693178 0.015077 0.014903
0 0.244775 0.693212 0.015014 0.014923
0 0.007716 0.957759 0.014642 0.015274
0 0.646851 0.430214 0.014785 0.014846
0 0.879529 0.582602 0.014837 0.014772
0 0.549845 0.435305 0.014600 0.014247
0 0.993346 0.268497 0.012970 0.015942
0 0.006118 0.150752 0.012237 0.016141
0 0.198810 0.006251 0.015200 0.012390
0 0.994833 0.430747 0.010314 0.016866
0 0.002875 0.269875 0.005750 0.016051
0 0.002356 0.425156 0.004711 0.016371
