0 0.848704 0.055209 0.017373 0.017693
0 0.825608 0.167746 0.017399 0.017531
0 0.977145 0.150507 0.017181 0.017449
0 0.197309 0.981108 0.016967 0.017335
0 0.140295 0.286998 0.017325 0.016955
0 0.191064 0.760846 0.017275 0.016973
0 0.173947 0.853107 0.017116 0.016984
0 0.267336 0.276120 0.017019 0.016767
0 0.130839 0.957281 0.016777 0.017000
0 0.964505 0.193814 0.016983 0.016772
0 0.129855 0.847876 0.016952 0.016690
0 0.292481 0.507452 0.017079 0.016517
0 0.227994 0.376130 0.016948 0.016603
0 0.342937 0.654190 0.016846 0.016602
0 0.224549 0.623946 0.016609 0.016805
0 0.167037 0.671146 0.016663 0.016708
0 0.090242 0.826982 0.016710 0.016599
0 0.120204 0.748580 0.016679 0.016598
0 0.797264 0.064721 0.016606 0.016614
0 0.199502 0.367007 0.016525 0.016601
0 0.927706 0.929118 0.016553 0.016504
0 0.407885 0.677339 0.016634 0.016408
0 0.026181 0.423444 0.016350 0.016650
0 0.015974 0.245153 0.016469 0.016500
0 0.545514 0.875231 0.016533 0.016425
0 0.491438 0.979916 0.016567 0.016293
0 0.191937 0.623168 0.016559 0.016294
0 0.452341 0.320769 0.016418 0.016392
0 0.439884 0.644060 0.016411 0.016306
0 0.101536 0.472194 0.016346 0.016334
0 0.067211 0.709992 0.016273 0.016381
0 0.300955 0.459533 0.016551 0.016057
0 0.247162 0.656644 0.016457 0.016084
0 0.601172 0.178028 0.016239 0.016292
0 0.138537 0.342076 0.016238 0.016260
0 0.085050 0.186973 0.016465 0.016015
0 0.582026 0.021410 0.016234 0.016200
0 0.615700 0.533105 0.016270 0.016161
0 0.009805 0.154184 0.016312 0.016118
0 0.068506 0.348841 0.016392 0.015983
0 0.054828 0.767313 0.016174 0.016188
0 0.312988 0.834039 0.016046 0.016265
0 0.153510 0.311102 0.016157 0.016144
0 0.700190 0.188040 0.016252 0.016046
0 0.561059 0.116127 0.015999 0.016287
0 0.630760 0.010399 0.016140 0.016104
0 0.093755 0.600368 0.016204 0.016031
0 0.140291 0.890856 0.016339 0.015842
0 0.270275 0.046554 0.016253 0.015904
0 0.506126 0.538052 0.016227 0.015896
0 0.428874 0.757092 0.016113 0.016001
0 0.617377 0.327492 0.016148 0.015947
0 0.938473 0.022834 0.016114 0.015980
0 0.664616 0.615325 0.016063 0.015988
0 0.649292 0.763619 0.016024 0.016010
0 0.438892 0.572620 0.015884 0.016138
0 0.587280 0.253266 0.015956 0.016064
0 0.455226 0.184896 0.015986 0.016002
0 0.601242 0.422713 0.016145 0.015833
0 0.333361 0.949077 0.015885 0.016082
0 0.442339 0.692166 0.016288 0.015679
0 0.789602 0.283619 0.016111 0.015840
0 0.926822 0.859473 0.016022 0.015922
0 0.862461 0.910644 0.015965 0.015952
0 0.679336 0.712281 0.016004 0.015908
0 0.112351 0.935292 0.016010 0.015898
0 0.091087 0.527720 0.015951 0.015942
0 0.582352 0.585510 0.015906 0.015984
0 0.748485 0.446480 0.015864 0.016018
0 0.955466 0.972924 0.016061 0.015820
0 0.240632 0.251910 0.015996 0.015863
0 0.105513 0.274668 0.015990 0.015839
0 0.173212 0.561055 0.015965 0.015810
0 0.209430 0.019280 0.016100 0.015675
0 0.817639 0.375104 0.015997 0.015773
0 0.741963 0.508225 0.015808 0.015865
0 0.283804 0.799592 0.015840 0.015794
0 0.702519 0.526415 0.015857 0.015723
0 0.929558 0.138350 0.015897 0.015654
0 0.879932 0.198920 0.015936 0.015596
0 0.506919 0.141698 0.015653 0.015827
0 0.032670 0.699328 0.016129 0.015337
0 0.297681 0.117695 0.015771 0.015645
0 0.034442 0.534002 0.015746 0.015644
0 0.917152 0.712364 0.015664 0.015725
0 0.822181 0.202127 0.015677 0.015709
0 0.320055 0.668436 0.015969 0.015394
0 0.018241 0.965182 0.015820 0.015536
0 0.642797 0.686572 0.015657 0.015682
0 0.386754 0.193785 0.015839 0.015436
0 0.656240 0.204731 0.015510 0.015684
0 0.672796 0.263586 0.015437 0.015726
0 0.582412 0.762431 0.015556 0.015574
0 0.229610 0.093408 0.015646 0.015461
0 0.606224 0.445410 0.015502 0.015580
0 0.319119 0.722914 0.015523 0.015547
0 0.534954 0.721174 0.015562 0.015500
0 0.800658 0.664720 0.015534 0.015511
0 0.577925 0.792026 0.015670 0.015316
0 0.716781 0.825558 0.015584 0.015356
0 0.619798 0.464600 0.015453 0.015475
0 0.616881 0.827758 0.015497 0.015358
0 0.705439 0.760159 0.015407 0.015426
0 0.449765 0.484403 0.015313 0.015407
0 0.637387 0.641259 0.015163 0.015377
0 0.249545 0.694252 0.015348 0.015182
0 0.790166 0.443103 0.015325 0.015154
0 0.557732 0.739201 0.015216 0.015261
0 0.864082 0.678876 0.014960 0.015376
0 0.849175 0.812814 0.015147 0.015171
0 0.883491 0.398295 0.015204 0.015100
0 0.745902 0.422044 0.015421 0.014877
0 0.849852 0.451955 0.015099 0.015153
0 0.778626 0.355681 0.015119 0.015125
0 0.764343 0.847266 0.015150 0.015056
0 0.660219 0.921792 0.015073 0.015042
0 0.023626 0.126325 0.015009 0.015106
0 0.622973 0.417796 0.015090 0.015008
0 0.006661 0.761270 0.013322 0.016919
0 0.897391 0.290449 0.015071 0.014892
0 0.963488 0.669585 0.014954 0.014813
0 0.790160 0.408544 0.014806 0.014817
0 0.828171 0.006143 0.017710 0.012248
0 0.879943 0.582545 0.014673 0.014516
0 0.865876 0.841243 0.014550 0.014494
0 0.954494 0.362324 0.014671 0.014358
0 0.982275 0.554677 0.014598 0.014229
0 0.879852 0.005577 0.018417 0.011153
0 0.005181 0.483171 0.010362 0.016357
0 0.122977 0.995715 0.015652 0.008570
0 0.029066 0.004310 0.015267 0.008620
0 0.995131 0.598512 0.009737 0.012974
0 0.003519 0.837607 0.007037 0.017562
