0 0.071757 0.486085 0.017941 0.017787
0 0.672762 0.724159 0.017316 0.017157
0 0.234284 0.626105 0.017288 0.016959
0 0.363310 0.780382 0.016973 0.017173
0 0.157847 0.979743 0.016795 0.017035
0 0.148106 0.296412 0.016842 0.016928
0 0.590142 0.654853 0.016971 0.016719
0 0.983823 0.931273 0.017006 0.016613
0 0.737657 0.767407 0.016637 0.016969
0 0.946872 0.896417 0.017027 0.016575
0 0.037195 0.984963 0.016547 0.017023
0 0.656673 0.269535 0.016606 0.016913
0 0.468891 0.666294 0.016954 0.016556
0 0.963580 0.704904 0.016839 0.016567
0 0.481453 0.283443 0.016753 0.016625
0 0.150713 0.042194 0.016502 0.016871
0 0.185424 0.059104 0.016540 0.016776
0 0.452702 0.703971 0.016737 0.016511
0 0.154011 0.711509 0.016580 0.016631
0 0.255563 0.747691 0.016601 0.016600
0 0.371331 0.647786 0.016831 0.016348
0 0.090808 0.422668 0.016663 0.016486
0 0.097595 0.604305 0.016571 0.016550
0 0.389078 0.882650 0.016638 0.016468
0 0.438658 0.852618 0.016484 0.016583
0 0.159151 0.786798 0.016490 0.016551
0 0.357155 0.669176 0.016516 0.016357
0 0.619457 0.326947 0.016616 0.016241
0 0.961645 0.670242 0.016430 0.016419
0 0.265048 0.667871 0.016619 0.016231
0 0.404099 0.563811 0.016413 0.016397
0 0.271600 0.288581 0.016529 0.016273
0 0.474669 0.767224 0.016297 0.016494
0 0.232372 0.686712 0.016349 0.016374
0 0.278905 0.718660 0.016410 0.016301
0 0.849613 0.173411 0.016237 0.016462
0 0.139813 0.334890 0.016366 0.016297
0 0.392196 0.240575 0.016182 0.016432
0 0.250287 0.947978 0.016114 0.016478
0 0.934373 0.029986 0.016313 0.016177
0 0.609343 0.154188 0.016277 0.016145
0 0.033525 0.264794 0.016318 0.016037
0 0.686399 0.208172 0.016194 0.016103
0 0.753189 0.365042 0.016083 0.016213
0 0.925791 0.169157 0.016066 0.016229
0 0.879468 0.403816 0.016246 0.015987
0 0.624435 0.502131 0.016092 0.016139
0 0.670613 0.665350 0.016039 0.016186
0 0.155914 0.502831 0.016053 0.016161
0 0.851678 0.674206 0.016169 0.016040
0 0.155834 0.175992 0.016105 0.016069
0 0.848030 0.208102 0.015771 0.016367
0 0.944760 0.214564 0.016200 0.015928
0 0.535798 0.721264 0.015998 0.016126
0 0.878087 0.041952 0.016315 0.015804
0 0.034390 0.533350 0.016160 0.015898
0 0.106802 0.770852 0.016057 0.015978
0 0.360899 0.965397 0.015907 0.016113
0 0.207980 0.111981 0.016077 0.015929
0 0.233797 0.046657 0.015923 0.016080
0 0.563734 0.742595 0.015753 0.016251
0 0.836615 0.041706 0.015967 0.015988
0 0.174751 0.316589 0.015803 0.016138
0 0.230850 0.372937 0.016091 0.015846
0 0.287685 0.451868 0.015829 0.016002
0 0.510020 0.540507 0.015945 0.015883
0 0.518380 0.329273 0.015976 0.015807
0 0.871108 0.314888 0.015824 0.015954
0 0.176854 0.953758 0.015876 0.015896
0 0.618496 0.532637 0.015842 0.015887
0 0.786451 0.671970 0.015853 0.015819
0 0.660750 0.326168 0.015947 0.015720
0 0.646917 0.427711 0.015700 0.015922
0 0.080391 0.932911 0.015730 0.015880
0 0.494551 0.208329 0.015758 0.015821
0 0.708772 0.154709 0.015862 0.015696
0 0.480852 0.471752 0.015867 0.015690
0 0.441587 0.481286 0.015716 0.015821
0 0.781341 0.354022 0.015832 0.015689
0 0.875045 0.435222 0.015760 0.015759
0 0.776117 0.307589 0.015759 0.015744
0 0.732648 0.436563 0.015886 0.015614
0 0.834338 0.757556 0.015810 0.015668
0 0.327477 0.662327 0.015793 0.015679
0 0.719832 0.500483 0.015720 0.015749
0 0.404794 0.058417 0.015833 0.015635
0 0.180042 0.613452 0.015827 0.015630
0 0.010867 0.796485 0.015699 0.015732
0 0.898485 0.463558 0.015702 0.015682
0 0.631928 0.402389 0.015776 0.015571
0 0.854793 0.787311 0.015699 0.015641
0 0.233806 0.812465 0.015845 0.015473
0 0.783462 0.422944 0.015729 0.015494
0 0.014400 0.957352 0.015552 0.015670
0 0.669782 0.827111 0.015689 0.015515
0 0.793042 0.044274 0.015798 0.015352
0 0.436687 0.103927 0.015618 0.015492
0 0.513973 0.043134 0.015666 0.015363
0 0.499000 0.937650 0.015724 0.015302
0 0.605549 0.041322 0.015703 0.015310
0 0.650607 0.942926 0.015475 0.015530
0 0.910646 0.912545 0.015610 0.015379
0 0.195793 0.476095 0.015759 0.015187
0 0.503096 0.088484 0.015628 0.015311
0 0.295499 0.496438 0.015506 0.015425
0 0.064617 0.709884 0.015409 0.015518
0 0.578601 0.791759 0.015591 0.015259
0 0.729767 0.043561 0.015566 0.015283
0 0.502902 0.460282 0.015431 0.015364
0 0.173582 0.559607 0.015386 0.015397
0 0.283330 0.802241 0.015190 0.015340
0 0.673541 0.499598 0.015192 0.015337
0 0.879917 0.582851 0.015264 0.015247
0 0.863719 0.829544 0.015202 0.015282
0 0.031875 0.765787 0.015250 0.015226
0 0.942238 0.627063 0.015369 0.015072
0 0.100185 0.480148 0.015216 0.015129
0 0.790004 0.186943 0.015251 0.015051
0 0.082026 0.746554 0.015290 0.014992
0 0.712093 0.721540 0.015062 0.015118
0 0.703823 0.762336 0.015111 0.015047
0 0.616167 0.186577 0.015115 0.014979
0 0.031078 0.861873 0.015107 0.014851
0 0.979031 0.553793 0.015111 0.014731
0 0.747665 0.506369 0.014894 0.014875
0 0.032696 0.698698 0.014885 0.014604
0 0.005799 0.195337 0.011584 0.017034
0 0.984321 0.994759 0.016372 0.010483
0 0.995493 0.194119 0.009014 0.015420
