0 0.960808 0.906982 0.017738 0.017748
0 0.846365 0.949390 0.016834 0.016792
0 0.452728 0.078069 0.016861 0.016697
0 0.904721 0.899390 0.016463 0.016509
0 0.618051 0.324757 0.016393 0.016514
0 0.165218 0.095501 0.016623 0.016258
0 0.298289 0.867272 0.016518 0.016322
0 0.965704 0.280853 0.016552 0.016279
0 0.094430 0.718750 0.016394 0.016312
0 0.732658 0.761474 0.016316 0.016376
0 0.007714 0.599866 0.015203 0.017457
0 0.382887 0.791534 0.016372 0.016169
0 0.615879 0.533372 0.016211 0.016288
0 0.066148 0.502964 0.016311 0.016143
0 0.109962 0.288640 0.016269 0.016126
0 0.216869 0.746830 0.016145 0.016247
0 0.367353 0.895637 0.016215 0.016166
0 0.785820 0.140311 0.016229 0.016139
0 0.485518 0.759658 0.015927 0.016438
0 0.880911 0.838023 0.016171 0.016175
0 0.614497 0.503840 0.016139 0.016114
0 0.862714 0.453695 0.016034 0.016198
0 0.797155 0.669930 0.016064 0.016162
0 0.279626 0.286569 0.016278 0.015927
0 0.881236 0.396362 0.016235 0.015955
0 0.662981 0.716807 0.016024 0.016137
0 0.864806 0.725334 0.016209 0.015925
0 0.415897 0.903747 0.016245 0.015889
0 0.350530 0.241443 0.016033 0.016033
0 0.696377 0.771442 0.016099 0.015954
0 0.208771 0.499823 0.016169 0.015874
0 0.237300 0.122606 0.015918 0.016074
0 0.574570 0.616088 0.015933 0.016042
0 0.617488 0.673035 0.016023 0.015939
0 0.788310 0.382421 0.015952 0.016003
0 0.105684 0.353463 0.015938 0.015995
0 0.144446 0.447839 0.016009 0.015899
0 0.157874 0.972219 0.016091 0.015810
0 0.813061 0.155699 0.016014 0.015882
0 0.154296 0.303734 0.016116 0.015703
0 0.622421 0.353883 0.015950 0.015845
0 0.778438 0.354438 0.016012 0.015773
0 0.684953 0.292710 0.015889 0.015885
0 0.162356 0.052555 0.015846 0.015921
0 0.887097 0.179911 0.015906 0.015850
0 0.487478 0.640408 0.015888 0.015856
0 0.544853 0.288234 0.015932 0.015763
0 0.065533 0.829709 0.015971 0.015685
0 0.114453 0.443580 0.015782 0.015859
0 0.484517 0.815023 0.015739 0.015899
0 0.103005 0.767631 0.015841 0.015791
0 0.011995 0.692013 0.015860 0.015750
0 0.505094 0.540585 0.015856 0.015730
0 0.866828 0.335441 0.016002 0.015578
0 0.233946 0.377091 0.015895 0.015659
0 0.085791 0.900624 0.015833 0.015648
0 0.592023 0.746064 0.015763 0.015699
0 0.302784 0.468810 0.015724 0.015731
0 0.934823 0.218581 0.015691 0.015741
0 0.538917 0.494292 0.015776 0.015647
0 0.719057 0.458917 0.015560 0.015860
0 0.305818 0.501943 0.016099 0.015328
0 0.492406 0.697634 0.015786 0.015627
0 0.724338 0.500087 0.015832 0.015569
0 0.782566 0.761173 0.015890 0.015497
0 0.872567 0.805694 0.015704 0.015675
0 0.592481 0.214622 0.015767 0.015603
0 0.522400 0.113973 0.015547 0.015822
0 0.593656 0.014432 0.015526 0.015798
0 0.988337 0.326299 0.015652 0.015670
0 0.696952 0.664392 0.015789 0.015528
0 0.176828 0.613666 0.015715 0.015599
0 0.379102 0.067303 0.015735 0.015571
0 0.021150 0.540305 0.015599 0.015685
0 0.571266 0.266355 0.015795 0.015484
0 0.165569 0.178644 0.015658 0.015448
0 0.925425 0.039882 0.015529 0.015565
0 0.092566 0.543031 0.015672 0.015421
0 0.762518 0.735709 0.015624 0.015438
0 0.510023 0.202631 0.015374 0.015687
0 0.979283 0.552042 0.015659 0.015336
0 0.981612 0.411386 0.015586 0.015402
0 0.170129 0.558687 0.015582 0.015405
0 0.985040 0.100141 0.015382 0.015596
0 0.227944 0.647301 0.015527 0.015444
0 0.511315 0.959630 0.015601 0.015368
0 0.619900 0.929020 0.015541 0.015399
0 0.644302 0.425782 0.015495 0.015396
0 0.223368 0.863090 0.015514 0.015372
0 0.248519 0.774924 0.015381 0.015502
0 0.437444 0.671450 0.015431 0.015450
0 0.093419 0.741468 0.015516 0.015308
0 0.418508 0.119551 0.015633 0.015188
0 0.746619 0.411858 0.015423 0.015369
0 0.527540 0.680478 0.015449 0.015286
0 0.081212 0.203972 0.015540 0.015177
0 0.955715 0.665057 0.015394 0.015270
0 0.578375 0.791772 0.015477 0.015154
0 0.704862 0.514496 0.015529 0.015102
0 0.813876 0.016145 0.015197 0.015402
0 0.128023 0.793922 0.015284 0.015265
0 0.639198 0.184829 0.015172 0.015370
0 0.665994 0.198086 0.015307 0.015222
0 0.220081 0.968168 0.015291 0.015191
0 0.060433 0.707248 0.015258 0.015152
0 0.717914 0.765906 0.015206 0.015159
0 0.268392 0.659460 0.015334 0.015028
0 0.283522 0.801914 0.015205 0.015140
0 0.011302 0.963404 0.015274 0.015034
0 0.880657 0.582390 0.015184 0.015112
0 0.678290 0.425291 0.015181 0.015079
0 0.720913 0.150188 0.015238 0.014993
0 0.537056 0.723341 0.015344 0.014880
0 0.333008 0.663954 0.015462 0.014737
0 0.698439 0.241035 0.015141 0.014990
0 0.444473 0.483717 0.015134 0.014978
0 0.048014 0.459922 0.015016 0.015087
0 0.245318 0.691654 0.015214 0.014866
0 0.910070 0.563516 0.014982 0.014962
0 0.554429 0.732988 0.014783 0.014806
0 0.548481 0.447025 0.014814 0.014653
0 0.746042 0.506944 0.014929 0.014479
0 0.864465 0.679881 0.014848 0.014470
0 0.399166 0.683427 0.014054 0.014090
0 0.997999 0.902726 0.004002 0.013264
