0 0.027390 0.365524 0.017331 0.017036
0 0.499760 0.961753 0.017116 0.017234
0 0.045923 0.748636 0.016956 0.017160
0 0.811777 0.162377 0.016988 0.016913
0 0.616255 0.970825 0.016553 0.017343
0 0.095090 0.934870 0.016840 0.016812
0 0.895585 0.895431 0.016835 0.016766
0 0.049425 0.861520 0.017116 0.016406
0 0.012417 0.736942 0.016683 0.016798
0 0.011668 0.771080 0.016714 0.016715
0 0.172887 0.013254 0.016917 0.016504
0 0.125575 0.231445 0.016763 0.016568
0 0.442481 0.315415 0.016627 0.016595
0 0.943377 0.945977 0.016832 0.016381
0 0.093213 0.264633 0.016813 0.016397
0 0.779146 0.351543 0.016800 0.016380
0 0.381428 0.647264 0.016605 0.016548
0 0.136905 0.734742 0.016675 0.016431
0 0.164812 0.991849 0.017527 0.015602
0 0.659285 0.658575 0.016628 0.016417
0 0.179827 0.711066 0.016517 0.016396
0 0.071292 0.641774 0.016531 0.016380
0 0.642047 0.962426 0.016496 0.016333
0 0.968058 0.969794 0.016397 0.016323
0 0.330169 0.665693 0.016446 0.016233
0 0.218736 0.631046 0.016290 0.016283
0 0.607414 0.030328 0.016253 0.016285
0 0.616758 0.532853 0.016291 0.016219
0 0.503187 0.893675 0.016279 0.016208
0 0.273599 0.274867 0.016422 0.016064
0 0.832190 0.357811 0.016277 0.016198
0 0.621550 0.600225 0.016338 0.016114
0 0.121019 0.920761 0.016347 0.016074
0 0.237905 0.090824 0.016058 0.016350
0 0.579464 0.792790 0.016121 0.016286
0 0.642171 0.173102 0.016225 0.016115
0 0.152756 0.308607 0.016225 0.016094
0 0.606118 0.817636 0.016337 0.015957
0 0.686562 0.432108 0.016179 0.016070
0 0.913031 0.171241 0.016068 0.016154
0 0.922601 0.670898 0.016232 0.015985
0 0.338658 0.643632 0.016140 0.016025
0 0.171324 0.474384 0.016131 0.016012
0 0.821758 0.104494 0.016121 0.016003
0 0.723621 0.211542 0.016402 0.015720
0 0.027741 0.534429 0.016099 0.016011
0 0.957571 0.668013 0.016242 0.015865
0 0.435146 0.669837 0.016335 0.015774
0 0.715758 0.553347 0.016141 0.015905
0 0.241997 0.669438 0.015979 0.016025
0 0.955405 0.371643 0.015973 0.016025
0 0.979422 0.962474 0.016111 0.015876
0 0.325766 0.500683 0.016082 0.015904
0 0.086469 0.527390 0.015934 0.016044
0 0.125503 0.980178 0.015886 0.016064
0 0.877772 0.397608 0.016066 0.015869
0 0.617523 0.327976 0.015905 0.016010
0 0.475999 0.262305 0.016060 0.015852
0 0.065271 0.694358 0.016083 0.015828
0 0.014814 0.956763 0.016127 0.015760
0 0.764600 0.055714 0.015849 0.016015
0 0.769729 0.878217 0.015955 0.015900
0 0.293862 0.890450 0.015897 0.015958
0 0.538653 0.125593 0.015982 0.015848
0 0.447114 0.680645 0.016163 0.015656
0 0.532234 0.721046 0.016041 0.015772
0 0.516342 0.156590 0.015792 0.015961
0 0.680740 0.726044 0.015885 0.015746
0 0.740984 0.510079 0.015880 0.015747
0 0.287354 0.220667 0.015808 0.015813
0 0.685599 0.803204 0.015800 0.015804
0 0.119698 0.565869 0.015708 0.015845
0 0.863966 0.838915 0.015734 0.015786
0 0.178225 0.614048 0.015849 0.015662
0 0.382605 0.712598 0.015655 0.015845
0 0.471738 0.205509 0.015685 0.015803
0 0.167181 0.941992 0.016032 0.015449
0 0.853266 0.898516 0.015765 0.015709
0 0.673947 0.500990 0.015790 0.015591
0 0.645535 0.425832 0.015743 0.015625
0 0.086555 0.498762 0.015742 0.015621
0 0.063281 0.224889 0.015675 0.015683
0 0.935752 0.503163 0.015645 0.015681
0 0.418174 0.745321 0.015720 0.015584
0 0.083083 0.314127 0.015774 0.015523
0 0.507166 0.537480 0.015663 0.015631
0 0.589000 0.252988 0.015490 0.015711
0 0.563044 0.447375 0.015586 0.015552
0 0.452150 0.484976 0.015614 0.015497
0 0.171658 0.562796 0.015708 0.015379
0 0.705118 0.764978 0.015590 0.015487
0 0.292601 0.501257 0.015488 0.015582
0 0.555718 0.040292 0.015608 0.015446
0 0.282018 0.800859 0.015488 0.015562
0 0.631505 0.030026 0.015466 0.015544
0 0.304925 0.469454 0.015568 0.015431
0 0.436625 0.643414 0.015559 0.015421
0 0.365626 0.186035 0.015619 0.015354
0 0.229144 0.136556 0.015499 0.015454
0 0.194311 0.785746 0.015312 0.015622
0 0.782419 0.397471 0.015602 0.015307
0 0.851610 0.674695 0.015534 0.015370
0 0.230975 0.378766 0.015431 0.015454
0 0.249448 0.696310 0.015331 0.015487
0 0.560142 0.737007 0.015355 0.015408
0 0.695423 0.634322 0.015442 0.015295
0 0.192914 0.369502 0.015492 0.015226
0 0.840228 0.731107 0.015501 0.015191
0 0.112491 0.881125 0.015297 0.015338
0 0.397004 0.698206 0.015348 0.015206
0 0.591162 0.668491 0.015251 0.015229
0 0.456688 0.629538 0.015316 0.015146
0 0.949526 0.301065 0.015042 0.015296
0 0.933307 0.695816 0.015060 0.015256
0 0.748999 0.405204 0.015183 0.015052
0 0.399597 0.946389 0.015219 0.014997
0 0.767202 0.433849 0.015149 0.014985
0 0.917727 0.230471 0.015177 0.014923
0 0.812217 0.444984 0.015017 0.015069
0 0.741333 0.622302 0.015003 0.015032
0 0.902701 0.697727 0.014913 0.015063
0 0.879516 0.582369 0.014896 0.014840
0 0.979522 0.553855 0.015070 0.014655
0 0.673651 0.031387 0.014632 0.014649
0 0.984636 0.068257 0.014289 0.014675
0 0.005166 0.151636 0.010332 0.016782
0 0.005037 0.269194 0.010074 0.016786
0 0.768719 0.004459 0.017357 0.008829
0 0.995498 0.283165 0.009005 0.016439
0 0.294217 0.996238 0.016769 0.007524
0 0.002387 0.474739 0.004773 0.016371
0 0.997537 0.429653 0.004927 0.014380
