0 0.324903 0.644449 0.017214 0.017478
0 0.971553 0.556658 0.017194 0.017166
0 0.391669 0.687253 0.017266 0.017089
0 0.628032 0.495243 0.017185 0.016889
0 0.447401 0.656151 0.016864 0.016999
0 0.616251 0.533181 0.016941 0.016843
0 0.191262 0.970353 0.016821 0.016940
0 0.131957 0.493832 0.016818 0.016894
0 0.236412 0.644972 0.016824 0.016755
0 0.138052 0.317599 0.016773 0.016798
0 0.080155 0.741272 0.016706 0.016718
0 0.305943 0.527640 0.016781 0.016627
0 0.401841 0.954971 0.016817 0.016537
0 0.971609 0.668345 0.016262 0.017039
0 0.320035 0.667403 0.016312 0.016824
0 0.482475 0.673673 0.016612 0.016518
0 0.616059 0.325874 0.016855 0.016247
0 0.119331 0.213627 0.016715 0.016373
0 0.204818 0.873179 0.016542 0.016531
0 0.491998 0.984751 0.016446 0.016569
0 0.411954 0.392068 0.016390 0.016599
0 0.246627 0.728178 0.016461 0.016523
0 0.886707 0.391281 0.016623 0.016274
0 0.157488 0.809441 0.016571 0.016253
0 0.584280 0.832990 0.016420 0.016398
0 0.108791 0.530247 0.016497 0.016314
0 0.827643 0.264764 0.016492 0.016268
0 0.926506 0.027597 0.016473 0.016286
0 0.795180 0.641958 0.016339 0.016371
0 0.679047 0.430554 0.016247 0.016428
0 0.638536 0.714186 0.016191 0.016454
0 0.724218 0.215826 0.016334 0.016282
0 0.136844 0.775362 0.016472 0.016110
0 0.966600 0.160006 0.016204 0.016355
0 0.568342 0.635583 0.016010 0.016550
0 0.903312 0.169805 0.016204 0.016320
0 0.011443 0.954449 0.016089 0.016416
0 0.220680 0.569116 0.016302 0.016169
0 0.969005 0.960305 0.016332 0.016125
0 0.907389 0.219355 0.016168 0.016256
0 0.933118 0.361994 0.016302 0.016107
0 0.739405 0.509538 0.016281 0.016114
0 0.266516 0.276263 0.016223 0.016111
0 0.835561 0.349148 0.016196 0.016131
0 0.069696 0.318689 0.016066 0.016239
0 0.066413 0.278100 0.016360 0.015924
0 0.025205 0.362034 0.016053 0.016189
0 0.304039 0.471728 0.016227 0.015949
0 0.940566 0.934167 0.016308 0.015861
0 0.379850 0.774991 0.016109 0.016037
0 0.834286 0.459412 0.016157 0.015976
0 0.371869 0.878739 0.016071 0.016047
0 0.046544 0.185352 0.016133 0.015983
0 0.503040 0.539672 0.016164 0.015873
0 0.529258 0.925104 0.015983 0.015980
0 0.246648 0.669004 0.016133 0.015791
0 0.884703 0.872392 0.016076 0.015830
0 0.312474 0.108475 0.015943 0.015943
0 0.651335 0.679540 0.015963 0.015899
0 0.741975 0.149580 0.015967 0.015868
0 0.022845 0.489219 0.015889 0.015939
0 0.320356 0.753284 0.016018 0.015768
0 0.697890 0.289317 0.015892 0.015882
0 0.759573 0.203278 0.015902 0.015843
0 0.772634 0.457793 0.015856 0.015888
0 0.780704 0.403586 0.015811 0.015915
0 0.230760 0.992125 0.016390 0.015327
0 0.881214 0.837897 0.015942 0.015752
0 0.644258 0.424716 0.015937 0.015746
0 0.071169 0.852200 0.015790 0.015866
0 0.106175 0.200353 0.015947 0.015698
0 0.747803 0.846989 0.015780 0.015852
0 0.871453 0.900965 0.015897 0.015728
0 0.662783 0.475027 0.015818 0.015798
0 0.228555 0.377515 0.015838 0.015764
0 0.669009 0.501724 0.015766 0.015775
0 0.037427 0.558559 0.015787 0.015726
0 0.423856 0.745443 0.015743 0.015761
0 0.043629 0.769055 0.015897 0.015489
0 0.299510 0.639337 0.015586 0.015797
0 0.042521 0.903132 0.015754 0.015623
0 0.850318 0.014307 0.015631 0.015740
0 0.034597 0.842019 0.015872 0.015493
0 0.383215 0.971762 0.015924 0.015377
0 0.883158 0.794976 0.015719 0.015573
0 0.692766 0.730025 0.015721 0.015563
0 0.625318 0.017842 0.015542 0.015719
0 0.477813 0.269179 0.015778 0.015417
0 0.263032 0.493359 0.015391 0.015762
0 0.745248 0.322451 0.015759 0.015374
0 0.261647 0.700597 0.015567 0.015557
0 0.302255 0.205216 0.015629 0.015476
0 0.706811 0.760286 0.015580 0.015442
0 0.460862 0.485977 0.015674 0.015341
0 0.534143 0.721349 0.015547 0.015456
0 0.333458 0.186402 0.015648 0.015356
0 0.689782 0.810693 0.015650 0.015331
0 0.807983 0.065790 0.015443 0.015536
0 0.594233 0.266604 0.015377 0.015566
0 0.555868 0.734410 0.015560 0.015339
0 0.927320 0.506048 0.015475 0.015383
0 0.150488 0.699830 0.015629 0.015167
0 0.641934 0.102798 0.015571 0.015186
0 0.775192 0.353623 0.015252 0.015472
0 0.038660 0.702389 0.015489 0.015203
0 0.282645 0.802570 0.015348 0.015333
0 0.294914 0.493208 0.015175 0.015490
0 0.772675 0.327523 0.015171 0.015449
0 0.192100 0.012609 0.015075 0.015547
0 0.752829 0.680405 0.015418 0.015168
0 0.879290 0.581962 0.015214 0.015228
0 0.064439 0.708289 0.015132 0.015158
0 0.198678 0.602866 0.015064 0.015194
0 0.194742 0.097704 0.015212 0.015034
0 0.399242 0.231574 0.015247 0.014983
0 0.638176 0.840958 0.015063 0.015140
0 0.168136 0.558778 0.015054 0.015107
0 0.992484 0.056483 0.014713 0.015353
0 0.863304 0.679480 0.014968 0.014998
0 0.679716 0.209209 0.015090 0.014854
0 0.756846 0.055900 0.014930 0.014925
0 0.176478 0.615467 0.014732 0.014859
0 0.869144 0.739351 0.014509 0.015014
0 0.178836 0.077448 0.014857 0.014568
0 0.580725 0.804431 0.015059 0.014368
0 0.434764 0.142012 0.014669 0.014535
0 0.994509 0.407938 0.010983 0.017002
0 0.996439 0.255098 0.007122 0.015612
0 0.003519 0.844497 0.007039 0.015339
0 0.002497 0.286960 0.004994 0.017275
0 0.997464 0.924520 0.005072 0.016299
0 0.002215 0.357521 0.004431 0.015230
