0 0.028716 0.255009 0.018532 0.018400
0 0.108748 0.207481 0.018329 0.017990
0 0.083513 0.901235 0.017957 0.017722
0 0.296009 0.618450 0.017339 0.017311
0 0.098878 0.845694 0.017137 0.017274
0 0.185653 0.938359 0.017217 0.017128
0 0.162586 0.987132 0.016984 0.017145
0 0.455927 0.972997 0.017100 0.016796
0 0.418649 0.836604 0.016980 0.016897
0 0.897875 0.922665 0.016822 0.017045
0 0.398853 0.931979 0.016958 0.016864
0 0.568633 0.914355 0.016537 0.017150
0 0.099160 0.747586 0.016750 0.016776
0 0.492419 0.973587 0.016761 0.016664
0 0.958285 0.674081 0.016782 0.016632
0 0.126637 0.805372 0.016683 0.016713
0 0.616124 0.533277 0.016696 0.016623
0 0.794243 0.859379 0.016854 0.016450
0 0.034450 0.299835 0.016646 0.016625
0 0.725725 0.227985 0.016646 0.016582
0 0.436506 0.705503 0.016762 0.016401
0 0.487450 0.627273 0.016705 0.016363
0 0.083179 0.680836 0.016379 0.016560
0 0.650938 0.791275 0.016349 0.016580
0 0.230601 0.891714 0.016500 0.016427
0 0.981655 0.860827 0.016465 0.016420
0 0.273440 0.277239 0.016427 0.016411
0 0.690605 0.726881 0.016376 0.016428
0 0.900278 0.836950 0.016470 0.016293
0 0.370259 0.801021 0.016391 0.016351
0 0.686558 0.861633 0.016660 0.016065
0 0.359870 0.758303 0.016497 0.016182
0 0.469644 0.293924 0.016226 0.016442
0 0.344394 0.489031 0.016468 0.016159
0 0.806512 0.194307 0.016148 0.016449
0 0.619013 0.678312 0.016393 0.016190
0 0.804474 0.167701 0.016208 0.016353
0 0.404060 0.167408 0.016320 0.016046
0 0.221834 0.516292 0.016232 0.016117
0 0.700141 0.325786 0.016292 0.016016
0 0.156023 0.811850 0.016138 0.016155
0 0.310349 0.705818 0.016112 0.016166
0 0.475592 0.128879 0.015993 0.016231
0 0.905744 0.210969 0.016316 0.015880
0 0.531056 0.648111 0.016125 0.016045
0 0.206098 0.989585 0.016094 0.016062
0 0.621296 0.568823 0.016174 0.015977
0 0.013935 0.373604 0.015981 0.016147
0 0.791332 0.777777 0.016140 0.015971
0 0.034358 0.533892 0.016056 0.016012
0 0.962314 0.966648 0.015948 0.016031
0 0.187670 0.012529 0.015867 0.016110
0 0.874640 0.977432 0.015973 0.015988
0 0.205291 0.113419 0.015978 0.015971
0 0.310192 0.170310 0.015938 0.015896
0 0.859129 0.678131 0.016027 0.015805
0 0.973540 0.911016 0.016016 0.015782
0 0.119400 0.545973 0.016036 0.015715
0 0.510150 0.537524 0.016049 0.015673
0 0.228770 0.784996 0.015850 0.015850
0 0.079528 0.779339 0.015949 0.015724
0 0.618842 0.012583 0.015737 0.015897
0 0.131737 0.301264 0.016088 0.015539
0 0.870590 0.838680 0.015742 0.015845
0 0.374235 0.639922 0.015862 0.015720
0 0.265118 0.662547 0.015852 0.015722
0 0.591279 0.464336 0.015895 0.015671
0 0.616980 0.328069 0.015928 0.015570
0 0.009657 0.849367 0.015710 0.015742
0 0.481840 0.171887 0.015949 0.015491
0 0.318349 0.668593 0.015681 0.015736
0 0.866012 0.013714 0.015730 0.015650
0 0.798915 0.048746 0.015686 0.015662
0 0.687800 0.458636 0.015456 0.015894
0 0.170632 0.549531 0.015805 0.015532
0 0.907422 0.794858 0.015704 0.015614
0 0.167072 0.205248 0.015761 0.015542
0 0.858960 0.653030 0.015513 0.015788
0 0.383583 0.457430 0.015564 0.015704
0 0.232334 0.096172 0.015860 0.015396
0 0.386402 0.275963 0.015676 0.015574
0 0.060384 0.710051 0.015627 0.015617
0 0.148331 0.319206 0.015645 0.015548
0 0.294245 0.508788 0.015695 0.015471
0 0.028588 0.452273 0.015665 0.015499
0 0.065567 0.018733 0.015571 0.015575
0 0.128934 0.519423 0.015679 0.015457
0 0.576540 0.790223 0.015567 0.015552
0 0.729063 0.443875 0.015576 0.015504
0 0.743353 0.308310 0.015624 0.015437
0 0.280614 0.248309 0.015533 0.015510
0 0.953238 0.415069 0.015546 0.015495
0 0.051022 0.779214 0.015399 0.015641
0 0.616383 0.455727 0.015602 0.015414
0 0.781614 0.360239 0.015772 0.015246
0 0.229832 0.376350 0.015655 0.015312
0 0.793782 0.130502 0.015515 0.015425
0 0.560191 0.732216 0.015546 0.015306
0 0.797882 0.498887 0.015590 0.015248
0 0.147148 0.648266 0.015392 0.015436
0 0.991295 0.351675 0.015372 0.015442
0 0.250905 0.043442 0.015343 0.015456
0 0.879119 0.427637 0.015461 0.015296
0 0.534417 0.625121 0.015459 0.015296
0 0.282307 0.802648 0.015365 0.015372
0 0.978515 0.552949 0.015524 0.015174
0 0.100277 0.587565 0.015395 0.015300
0 0.202644 0.702402 0.015380 0.015296
0 0.645771 0.427214 0.015392 0.015269
0 0.704782 0.761245 0.015524 0.015130
0 0.861749 0.227226 0.015306 0.015236
0 0.121309 0.288033 0.015495 0.015031
0 0.729429 0.513125 0.015325 0.015153
0 0.572167 0.622811 0.015347 0.015118
0 0.171924 0.614390 0.015196 0.015265
0 0.033060 0.701022 0.015346 0.015109
0 0.979201 0.296557 0.015288 0.015163
0 0.006931 0.961201 0.013863 0.016688
0 0.533231 0.721482 0.015373 0.015047
0 0.986945 0.472060 0.015208 0.015183
0 0.656978 0.114522 0.015368 0.015020
0 0.077840 0.440870 0.015258 0.015117
0 0.179448 0.073672 0.015194 0.015176
0 0.756526 0.096854 0.015393 0.014933
0 0.833295 0.662574 0.015189 0.015074
0 0.601425 0.276208 0.015225 0.015002
0 0.281403 0.710296 0.015146 0.015076
0 0.699038 0.667873 0.015352 0.014872
0 0.816854 0.455211 0.015077 0.015131
0 0.672964 0.499885 0.014990 0.015124
0 0.043991 0.483721 0.014950 0.014943
0 0.455886 0.478259 0.015056 0.014760
0 0.880612 0.582159 0.015044 0.014676
0 0.157175 0.309633 0.014955 0.014733
0 0.023120 0.993672 0.017348 0.012655
0 0.746616 0.507353 0.014838 0.014608
0 0.831982 0.390948 0.014817 0.014617
0 0.299015 0.441788 0.014640 0.014758
0 0.993957 0.225111 0.011852 0.014095
0 0.002480 0.897410 0.004960 0.019187
