0 0.287795 0.316413 0.017520 0.017383
0 0.043601 0.912484 0.017200 0.017217
0 0.838178 0.124345 0.016804 0.017391
0 0.374905 0.382243 0.017093 0.016968
0 0.459482 0.286314 0.017122 0.016929
0 0.334583 0.605703 0.016832 0.017048
0 0.066164 0.853613 0.017049 0.016565
0 0.822004 0.381054 0.016636 0.016920
0 0.313531 0.475021 0.016444 0.016975
0 0.139983 0.113990 0.016744 0.016648
0 0.014941 0.421338 0.016521 0.016800
0 0.889907 0.547347 0.016581 0.016723
0 0.042517 0.844453 0.016714 0.016576
0 0.559203 0.716447 0.016706 0.016546
0 0.204516 0.322586 0.016647 0.016561
0 0.615483 0.324850 0.016717 0.016401
0 0.893694 0.635585 0.016487 0.016556
0 0.570798 0.269912 0.016512 0.016497
0 0.319391 0.180459 0.016526 0.016476
0 0.674801 0.585472 0.016360 0.016625
0 0.912863 0.455355 0.016328 0.016606
0 0.149662 0.835735 0.016497 0.016433
0 0.890545 0.922149 0.016397 0.016450
0 0.497657 0.121673 0.016410 0.016378
0 0.627929 0.454244 0.016528 0.016259
0 0.427121 0.664479 0.016439 0.016326
0 0.183288 0.046513 0.016418 0.016307
0 0.895160 0.602375 0.016309 0.016368
0 0.325153 0.315118 0.016217 0.016416
0 0.879785 0.528528 0.016498 0.016133
0 0.671060 0.726084 0.016418 0.016197
0 0.816038 0.716786 0.016402 0.016171
0 0.482250 0.946853 0.016327 0.016235
0 0.400590 0.033456 0.016236 0.016319
0 0.713826 0.933118 0.016346 0.016196
0 0.541473 0.432637 0.016283 0.016250
0 0.623680 0.618586 0.016314 0.016218
0 0.647973 0.391554 0.016210 0.016253
0 0.442156 0.568901 0.016331 0.016123
0 0.022387 0.623647 0.016218 0.016146
0 0.131030 0.703077 0.016208 0.016129
0 0.768869 0.988371 0.016159 0.016169
0 0.524623 0.719791 0.016168 0.016151
0 0.384299 0.581672 0.016081 0.016193
0 0.467448 0.609356 0.016112 0.016107
0 0.826790 0.253621 0.016044 0.016091
0 0.963094 0.492568 0.016058 0.016066
0 0.910335 0.750506 0.016217 0.015890
0 0.542276 0.755519 0.016189 0.015899
0 0.506864 0.535303 0.016139 0.015916
0 0.125469 0.316330 0.016000 0.016037
0 0.520279 0.472393 0.016027 0.015990
0 0.919042 0.257193 0.015881 0.016096
0 0.561724 0.143452 0.016032 0.015866
0 0.279673 0.702268 0.015784 0.016036
0 0.432987 0.464316 0.015921 0.015848
0 0.567311 0.517100 0.016010 0.015728
0 0.746118 0.506455 0.015879 0.015852
0 0.870469 0.844391 0.015925 0.015765
0 0.527960 0.295776 0.016002 0.015671
0 0.328003 0.268503 0.015995 0.015668
0 0.534134 0.901424 0.015922 0.015738
0 0.868025 0.016276 0.015931 0.015721
0 0.864612 0.677450 0.015839 0.015807
0 0.057705 0.338039 0.015982 0.015656
0 0.298057 0.500132 0.015799 0.015792
0 0.233302 0.372867 0.015792 0.015784
0 0.682322 0.255127 0.015739 0.015837
0 0.047893 0.429209 0.015795 0.015752
0 0.458183 0.661185 0.016158 0.015386
0 0.942237 0.842788 0.015848 0.015639
0 0.016658 0.965077 0.015854 0.015601
0 0.980580 0.550864 0.015965 0.015487
0 0.293928 0.534090 0.015669 0.015769
0 0.859525 0.484570 0.015709 0.015724
0 0.717929 0.226745 0.015935 0.015492
0 0.558288 0.824370 0.015714 0.015671
0 0.821172 0.627616 0.015629 0.015691
0 0.231101 0.410033 0.015734 0.015586
0 0.254381 0.684496 0.015738 0.015577
0 0.628068 0.559208 0.015626 0.015640
0 0.021918 0.541667 0.015723 0.015499
0 0.190811 0.578081 0.015871 0.015353
0 0.116168 0.557168 0.015773 0.015441
0 0.818651 0.465426 0.015515 0.015626
0 0.150028 0.412437 0.015603 0.015525
0 0.190181 0.649809 0.015627 0.015494
0 0.120475 0.390401 0.015600 0.015495
0 0.611059 0.477382 0.015547 0.015539
0 0.644743 0.427420 0.015363 0.015725
0 0.975855 0.196378 0.015493 0.015577
0 0.969052 0.666519 0.015579 0.015490
0 0.441110 0.778299 0.015614 0.015444
0 0.045924 0.732831 0.015451 0.015582
0 0.234659 0.922328 0.015522 0.015432
0 0.882126 0.398301 0.015690 0.015252
0 0.707192 0.759395 0.015511 0.015427
0 0.776911 0.914334 0.015343 0.015506
0 0.770396 0.274601 0.015495 0.015306
0 0.670054 0.498064 0.015539 0.015245
0 0.319422 0.662504 0.015451 0.015297
0 0.379171 0.792892 0.015420 0.015239
0 0.081908 0.631330 0.015297 0.015324
0 0.493551 0.289802 0.015371 0.015216
0 0.182634 0.609631 0.015409 0.015147
0 0.617735 0.532000 0.015321 0.015142
0 0.283293 0.801598 0.015292 0.015147
0 0.232919 0.750733 0.015240 0.015145
0 0.293396 0.922727 0.015270 0.015090
0 0.890006 0.225047 0.015429 0.014922
0 0.577355 0.790966 0.015207 0.015079
0 0.207117 0.094600 0.015068 0.015045
0 0.780233 0.353345 0.015067 0.015016
0 0.878087 0.319596 0.015055 0.014981
0 0.237840 0.092508 0.015142 0.014886
0 0.878955 0.581664 0.014891 0.015083
0 0.166873 0.560189 0.015015 0.014839
0 0.346525 0.257660 0.014888 0.014838
0 0.742870 0.803096 0.014770 0.014926
0 0.397466 0.776678 0.014894 0.014753
0 0.746016 0.099656 0.014791 0.014736
0 0.993198 0.756843 0.013604 0.015924
0 0.005850 0.168168 0.011700 0.017073
0 0.993418 0.057533 0.013164 0.014497
0 0.994218 0.779499 0.011564 0.015669
0 0.334161 0.994432 0.015475 0.011136
0 0.995126 0.340589 0.009748 0.015876
0 0.004480 0.858888 0.008960 0.016636
0 0.356941 0.995662 0.016653 0.008675
0 0.995732 0.913736 0.008537 0.014184
0 0.997293 0.132212 0.005415 0.014551
0 0.002272 0.488521 0.004545 0.016804
