0 0.018281 0.311804 0.018438 0.018556
0 0.084137 0.894510 0.018656 0.018334
0 0.151840 0.805311 0.017751 0.017791
0 0.020017 0.250801 0.017986 0.017530
0 0.129008 0.795258 0.017386 0.017370
0 0.107881 0.535452 0.016969 0.017260
0 0.903817 0.937908 0.017035 0.017099
0 0.009515 0.380684 0.016797 0.017263
0 0.876175 0.963758 0.017062 0.016948
0 0.966708 0.969755 0.017056 0.016925
0 0.663736 0.096296 0.017099 0.016685
0 0.488850 0.618635 0.016846 0.016810
0 0.443489 0.707237 0.016979 0.016668
0 0.617660 0.010611 0.016609 0.016993
0 0.861886 0.667091 0.016631 0.016798
0 0.590547 0.813591 0.016788 0.016549
0 0.328307 0.692699 0.016740 0.016572
0 0.092843 0.682734 0.016646 0.016653
0 0.804461 0.190706 0.016776 0.016479
0 0.351947 0.762842 0.016794 0.016421
0 0.965906 0.908711 0.016570 0.016548
0 0.179615 0.925992 0.016633 0.016426
0 0.227949 0.118169 0.016438 0.016496
0 0.105948 0.751643 0.016463 0.016459
0 0.007316 0.890282 0.014632 0.018418
0 0.725947 0.229322 0.016201 0.016579
0 0.126999 0.290849 0.016406 0.016367
0 0.149636 0.199542 0.016393 0.016298
0 0.615775 0.533077 0.016348 0.016288
0 0.326251 0.488343 0.016416 0.016198
0 0.697583 0.311389 0.016318 0.016260
0 0.098242 0.212302 0.016404 0.016165
0 0.649775 0.795493 0.016322 0.016228
0 0.262390 0.678593 0.016328 0.016193
0 0.644343 0.864239 0.016198 0.016309
0 0.737400 0.101087 0.016297 0.016189
0 0.470186 0.130479 0.016116 0.016323
0 0.900154 0.835500 0.016051 0.016381
0 0.070977 0.774277 0.016248 0.016153
0 0.580437 0.912903 0.016321 0.016071
0 0.400504 0.159239 0.016170 0.016190
0 0.906112 0.210107 0.016424 0.015931
0 0.403376 0.913502 0.016190 0.016132
0 0.321145 0.665016 0.015917 0.016373
0 0.804943 0.028566 0.015959 0.016328
0 0.498507 0.975347 0.016277 0.015973
0 0.377568 0.453709 0.016150 0.016026
0 0.509958 0.537376 0.016275 0.015850
0 0.043669 0.775374 0.016111 0.016001
0 0.247103 0.869469 0.016147 0.015915
0 0.869958 0.844729 0.016157 0.015897
0 0.458813 0.287455 0.016100 0.015878
0 0.324889 0.178843 0.015824 0.016129
0 0.228211 0.528183 0.015973 0.015931
0 0.276196 0.277871 0.015956 0.015921
0 0.019417 0.445378 0.015926 0.015886
0 0.861455 0.037402 0.015798 0.015990
0 0.801508 0.131843 0.015999 0.015778
0 0.626206 0.680836 0.015968 0.015796
0 0.605509 0.459500 0.016074 0.015657
0 0.960102 0.277777 0.016037 0.015691
0 0.616887 0.328118 0.016044 0.015623
0 0.480368 0.164981 0.015925 0.015739
0 0.142744 0.529343 0.015889 0.015770
0 0.152450 0.659271 0.015795 0.015827
0 0.239213 0.024002 0.015679 0.015867
0 0.818790 0.165824 0.015607 0.015925
0 0.667610 0.569300 0.015799 0.015730
0 0.191817 0.768165 0.015764 0.015740
0 0.575685 0.469485 0.015774 0.015725
0 0.007910 0.957335 0.015089 0.016438
0 0.724501 0.449318 0.015663 0.015735
0 0.775314 0.085512 0.015531 0.015855
0 0.198652 0.570632 0.015633 0.015737
0 0.566962 0.615158 0.015706 0.015648
0 0.282694 0.802276 0.015676 0.015661
0 0.728963 0.513076 0.015798 0.015537
0 0.867618 0.230885 0.015801 0.015509
0 0.385353 0.635109 0.015808 0.015387
0 0.676492 0.879805 0.015583 0.015592
0 0.694905 0.726659 0.015594 0.015576
0 0.140383 0.305695 0.015793 0.015377
0 0.185759 0.292006 0.015571 0.015582
0 0.959668 0.668874 0.015767 0.015348
0 0.832808 0.447806 0.015675 0.015401
0 0.228236 0.374879 0.015746 0.015328
0 0.443360 0.819509 0.015637 0.015416
0 0.209113 0.705159 0.015481 0.015554
0 0.106619 0.842986 0.015580 0.015433
0 0.991051 0.860427 0.015551 0.015450
0 0.789086 0.838688 0.015601 0.015368
0 0.700896 0.654068 0.015418 0.015549
0 0.644705 0.425726 0.015534 0.015419
0 0.291610 0.613782 0.015567 0.015364
0 0.384030 0.281543 0.015398 0.015531
0 0.776633 0.357177 0.015477 0.015409
0 0.049779 0.496474 0.015258 0.015625
0 0.559535 0.732801 0.015431 0.015382
0 0.925855 0.410428 0.015331 0.015464
0 0.525123 0.659897 0.015473 0.015313
0 0.991702 0.465275 0.015167 0.015593
0 0.602599 0.274953 0.015515 0.015188
0 0.827347 0.391626 0.015395 0.015272
0 0.706468 0.291483 0.015280 0.015363
0 0.296284 0.508136 0.015204 0.015433
0 0.026234 0.851344 0.015317 0.015270
0 0.174701 0.562791 0.015384 0.015171
0 0.909233 0.793699 0.015355 0.015196
0 0.284645 0.713567 0.015241 0.015294
0 0.068469 0.574606 0.015296 0.015164
0 0.746308 0.506861 0.015308 0.015105
0 0.459289 0.479291 0.015329 0.015052
0 0.204714 0.095746 0.015237 0.015109
0 0.740425 0.316712 0.015239 0.015104
0 0.294768 0.258567 0.015210 0.015104
0 0.060641 0.709590 0.015123 0.015129
0 0.805614 0.765902 0.015091 0.015124
0 0.532371 0.722150 0.015329 0.014876
0 0.706048 0.765199 0.015100 0.015089
0 0.981714 0.553051 0.015284 0.014884
0 0.129375 0.201683 0.015062 0.015077
0 0.578457 0.791085 0.015120 0.014960
0 0.981617 0.220192 0.015211 0.014837
0 0.178783 0.074326 0.015278 0.014766
0 0.021958 0.541006 0.015135 0.014859
0 0.885703 0.418681 0.015060 0.014924
0 0.879374 0.582630 0.015015 0.014941
0 0.033426 0.698050 0.015134 0.014734
0 0.822314 0.492912 0.014886 0.014940
0 0.674994 0.502316 0.014845 0.014847
0 0.112340 0.139300 0.014831 0.014860
0 0.173560 0.612779 0.015076 0.014610
0 0.180842 0.992931 0.015667 0.013675
0 0.987895 0.993004 0.015579 0.013667
0 0.677416 0.488579 0.014449 0.014316
0 0.036757 0.005065 0.014954 0.010025
0 0.460146 0.996266 0.016798 0.007468
0 0.207610 0.003938 0.015633 0.007865
0 0.059206 0.996403 0.015745 0.007194
0 0.996320 0.429189 0.007361 0.013911
0 0.996626 0.320316 0.006747 0.014981
0 0.997574 0.688798 0.004852 0.014113
0 0.997882 0.655245 0.004236 0.013919
