0 0.471614 0.667489 0.017224 0.017338
0 0.059349 0.793771 0.017143 0.017044
0 0.678382 0.723162 0.017057 0.016999
0 0.909209 0.382444 0.017091 0.016825
0 0.218349 0.961557 0.017133 0.016634
0 0.879548 0.906672 0.016770 0.016862
0 0.038712 0.871094 0.016671 0.016811
0 0.490293 0.948669 0.016766 0.016703
0 0.456549 0.614804 0.016598 0.016747
0 0.034150 0.622191 0.016656 0.016677
0 0.518125 0.726287 0.016585 0.016497
0 0.344531 0.774198 0.016380 0.016653
0 0.745519 0.967818 0.016555 0.016446
0 0.455590 0.079352 0.016390 0.016594
0 0.579013 0.729984 0.016308 0.016575
0 0.116333 0.055997 0.016538 0.016318
0 0.012381 0.774000 0.016174 0.016673
0 0.313295 0.285401 0.016421 0.016408
0 0.407465 0.393813 0.016382 0.016410
0 0.735775 0.634118 0.016303 0.016462
0 0.220075 0.600551 0.016468 0.016263
0 0.207199 0.839995 0.016401 0.016298
0 0.480551 0.707216 0.016210 0.016455
0 0.492750 0.780760 0.016268 0.016392
0 0.492892 0.663241 0.016320 0.016275
0 0.174910 0.672246 0.016260 0.016317
0 0.618633 0.327622 0.016366 0.016156
0 0.447288 0.454196 0.016266 0.016231
0 0.575075 0.631295 0.016354 0.016134
0 0.284480 0.204174 0.016259 0.016226
0 0.330903 0.665753 0.016269 0.016120
0 0.192487 0.265629 0.016263 0.016106
0 0.421123 0.635806 0.016203 0.016152
0 0.277360 0.385872 0.016232 0.016107
0 0.332991 0.416194 0.016120 0.016200
0 0.251683 0.172994 0.016203 0.016067
0 0.091551 0.025134 0.016167 0.016099
0 0.208832 0.150992 0.016138 0.016094
0 0.198693 0.791572 0.016127 0.016069
0 0.014413 0.961291 0.016139 0.015984
0 0.123703 0.412078 0.016180 0.015928
0 0.849806 0.290053 0.016102 0.015987
0 0.634997 0.375825 0.016011 0.016072
0 0.087066 0.824523 0.016018 0.016063
0 0.783729 0.352517 0.016027 0.016032
0 0.579642 0.529731 0.016283 0.015728
0 0.229088 0.723607 0.015942 0.016012
0 0.271585 0.595391 0.016067 0.015871
0 0.667634 0.587751 0.015995 0.015940
0 0.081345 0.535466 0.016181 0.015728
0 0.950690 0.510239 0.015866 0.016008
0 0.965822 0.816102 0.016000 0.015870
0 0.301889 0.539138 0.016043 0.015823
0 0.696506 0.287934 0.016046 0.015789
0 0.823859 0.541412 0.015871 0.015947
0 0.508329 0.413667 0.015989 0.015817
0 0.852403 0.066781 0.015951 0.015845
0 0.513573 0.302369 0.015971 0.015806
0 0.859931 0.676327 0.015974 0.015791
0 0.282497 0.492957 0.015838 0.015909
0 0.618662 0.532819 0.015843 0.015891
0 0.495751 0.870716 0.015856 0.015791
0 0.952702 0.712292 0.015849 0.015791
0 0.009384 0.094898 0.015847 0.015759
0 0.407020 0.930570 0.015886 0.015715
0 0.202530 0.408171 0.015758 0.015832
0 0.451426 0.186251 0.015779 0.015790
0 0.876303 0.498696 0.015781 0.015781
0 0.747396 0.258287 0.015863 0.015699
0 0.508810 0.540398 0.015907 0.015655
0 0.798459 0.258991 0.015745 0.015798
0 0.935871 0.198345 0.015789 0.015749
0 0.808669 0.905902 0.015976 0.015557
0 0.558620 0.731534 0.015704 0.015799
0 0.305985 0.467989 0.015932 0.015562
0 0.022149 0.544299 0.015832 0.015614
0 0.366361 0.789716 0.015807 0.015630
0 0.159910 0.710329 0.015763 0.015664
0 0.558363 0.189575 0.015795 0.015523
0 0.823456 0.463065 0.015703 0.015610
0 0.147780 0.387141 0.015787 0.015523
0 0.722142 0.222352 0.015740 0.015555
0 0.880106 0.657948 0.015711 0.015579
0 0.444761 0.239731 0.015661 0.015627
0 0.007733 0.822441 0.014885 0.016398
0 0.668445 0.745226 0.015490 0.015684
0 0.875208 0.836315 0.015593 0.015577
0 0.209490 0.297720 0.015627 0.015500
0 0.609905 0.472855 0.015634 0.015467
0 0.746130 0.507027 0.015600 0.015495
0 0.232348 0.374802 0.015556 0.015521
0 0.493493 0.443276 0.015481 0.015595
0 0.706155 0.087827 0.015582 0.015491
0 0.032467 0.701098 0.015561 0.015500
0 0.710681 0.766686 0.015549 0.015510
0 0.199142 0.100260 0.015325 0.015711
0 0.963883 0.669051 0.015643 0.015385
0 0.874038 0.281330 0.015448 0.015565
0 0.180814 0.072517 0.015654 0.015359
0 0.758208 0.116857 0.015603 0.015374
0 0.834499 0.220870 0.015558 0.015418
0 0.329729 0.839407 0.015615 0.015352
0 0.700313 0.895043 0.015417 0.015519
0 0.879420 0.581800 0.015511 0.015413
0 0.111514 0.593539 0.015503 0.015408
0 0.062243 0.708818 0.015606 0.015298
0 0.796936 0.118939 0.015520 0.015375
0 0.284042 0.802107 0.015461 0.015394
0 0.826764 0.583562 0.015444 0.015386
0 0.407480 0.760871 0.015327 0.015486
0 0.717453 0.914304 0.015388 0.015401
0 0.729552 0.308958 0.015472 0.015299
0 0.645832 0.426115 0.015382 0.015387
0 0.177473 0.605826 0.015616 0.015127
0 0.762877 0.756356 0.015347 0.015363
0 0.669368 0.497330 0.015389 0.015304
0 0.604931 0.197916 0.015428 0.015234
0 0.946397 0.590753 0.015380 0.015267
0 0.398233 0.620989 0.015363 0.015211
0 0.028129 0.340313 0.015341 0.015225
0 0.792187 0.449924 0.015341 0.015197
0 0.417777 0.842314 0.015115 0.015369
0 0.678035 0.549388 0.015182 0.015095
0 0.007110 0.386298 0.014199 0.016128
0 0.229056 0.094982 0.015296 0.014918
0 0.888131 0.206748 0.015190 0.015013
0 0.979606 0.553295 0.015404 0.014803
0 0.272909 0.256297 0.015117 0.015033
0 0.578729 0.791320 0.015219 0.014931
0 0.174467 0.316067 0.014948 0.014978
0 0.173941 0.436125 0.015019 0.014754
0 0.716286 0.016346 0.014969 0.014770
0 0.171374 0.564073 0.014798 0.014637
0 0.992760 0.009345 0.013920 0.015496
0 0.446894 0.809459 0.014635 0.014565
0 0.860605 0.033027 0.014624 0.014391
0 0.005968 0.021020 0.011936 0.016707
0 0.572082 0.316670 0.013354 0.013171
0 0.670529 0.004658 0.016122 0.009295
0 0.004196 0.599328 0.008392 0.015841
0 0.946337 0.003790 0.015849 0.007580
0 0.997623 0.080145 0.004754 0.015707
0 0.997572 0.131374 0.004857 0.014669
0 0.997694 0.270618 0.004613 0.014446
0 0.997679 0.815858 0.004643 0.012875
