0 0.365627 0.016711 0.016919 0.016998
0 0.025403 0.322050 0.016822 0.016736
0 0.498804 0.932115 0.016748 0.016755
0 0.473634 0.789069 0.016710 0.016727
0 0.681142 0.716563 0.016569 0.016588
0 0.242478 0.870722 0.016647 0.016510
0 0.507602 0.306971 0.016755 0.016333
0 0.823116 0.715357 0.016451 0.016558
0 0.749433 0.970786 0.016449 0.016505
0 0.337106 0.457471 0.016517 0.016436
0 0.615441 0.325568 0.016773 0.016177
0 0.218422 0.760423 0.016743 0.016073
0 0.055546 0.857132 0.016273 0.016509
0 0.850066 0.785056 0.016352 0.016413
0 0.121485 0.484061 0.016367 0.016357
0 0.744496 0.642579 0.016512 0.016203
0 0.675460 0.329687 0.016250 0.016455
0 0.428093 0.225674 0.016531 0.016117
0 0.628388 0.652658 0.016401 0.016223
0 0.745767 0.506471 0.016223 0.016400
0 0.485509 0.120211 0.016409 0.016172
0 0.277168 0.911276 0.016636 0.015951
0 0.577628 0.929569 0.016303 0.016201
0 0.810596 0.429140 0.016241 0.016251
0 0.314211 0.525816 0.016301 0.016173
0 0.556608 0.480514 0.016312 0.016145
0 0.921065 0.199457 0.016389 0.016062
0 0.043460 0.755893 0.016229 0.016195
0 0.614836 0.870488 0.016243 0.016130
0 0.866866 0.482539 0.016227 0.016087
0 0.306739 0.978231 0.015934 0.016352
0 0.130069 0.714888 0.016226 0.016048
0 0.294751 0.510167 0.016117 0.016133
0 0.298384 0.470590 0.015958 0.016285
0 0.924722 0.249490 0.016035 0.016184
0 0.601320 0.254336 0.016171 0.016038
0 0.242385 0.427039 0.016182 0.016021
0 0.509045 0.353021 0.016064 0.016064
0 0.118349 0.342275 0.016116 0.016009
0 0.617903 0.532479 0.016168 0.015955
0 0.509029 0.471238 0.016173 0.015907
0 0.184520 0.074964 0.016185 0.015894
0 0.696702 0.975276 0.016002 0.016069
0 0.540360 0.568266 0.016070 0.015996
0 0.430057 0.866646 0.016021 0.016021
0 0.656355 0.385880 0.016101 0.015926
0 0.838517 0.952263 0.016022 0.015999
0 0.155001 0.575156 0.016029 0.015990
0 0.929976 0.567338 0.016185 0.015833
0 0.246912 0.685185 0.016139 0.015877
0 0.083441 0.208070 0.016120 0.015879
0 0.910139 0.125518 0.015950 0.016045
0 0.651206 0.764381 0.016046 0.015943
0 0.862084 0.322792 0.016055 0.015922
0 0.009321 0.962123 0.016054 0.015917
0 0.566803 0.277365 0.016098 0.015858
0 0.935579 0.639529 0.015979 0.015966
0 0.045840 0.652423 0.016003 0.015939
0 0.755800 0.102383 0.016029 0.015883
0 0.676271 0.543835 0.015931 0.015866
0 0.727549 0.788150 0.016155 0.015639
0 0.456631 0.806007 0.015846 0.015926
0 0.262691 0.327979 0.015696 0.016044
0 0.322962 0.319129 0.016036 0.015691
0 0.713941 0.226560 0.015928 0.015796
0 0.131126 0.754879 0.016070 0.015654
0 0.901171 0.399557 0.015818 0.015883
0 0.381510 0.424965 0.016192 0.015514
0 0.125995 0.029650 0.015780 0.015876
0 0.539452 0.404707 0.015901 0.015734
0 0.262663 0.464478 0.015845 0.015768
0 0.633845 0.560069 0.015875 0.015738
0 0.308672 0.241565 0.015923 0.015669
0 0.353138 0.313078 0.016047 0.015521
0 0.923374 0.867196 0.015789 0.015750
0 0.795837 0.920820 0.015723 0.015724
0 0.581870 0.784095 0.015671 0.015737
0 0.890343 0.062466 0.015832 0.015500
0 0.229577 0.377539 0.015727 0.015521
0 0.835872 0.258998 0.015667 0.015538
0 0.534035 0.698665 0.015723 0.015466
0 0.190158 0.652371 0.015663 0.015518
0 0.504193 0.538845 0.015781 0.015393
0 0.384933 0.898114 0.015661 0.015508
0 0.254135 0.768241 0.015676 0.015493
0 0.493299 0.281385 0.015411 0.015740
0 0.371559 0.816175 0.015624 0.015525
0 0.034839 0.533757 0.015622 0.015498
0 0.967736 0.666635 0.015783 0.015310
0 0.329024 0.662893 0.015727 0.015360
0 0.881733 0.854696 0.015487 0.015579
0 0.053350 0.030336 0.015534 0.015519
0 0.880376 0.581402 0.015569 0.015475
0 0.707828 0.760161 0.015591 0.015413
0 0.803686 0.169142 0.015594 0.015381
0 0.455734 0.620227 0.015630 0.015317
0 0.773000 0.263054 0.015527 0.015410
0 0.342258 0.638265 0.015501 0.015403
0 0.880706 0.512933 0.015537 0.015307
0 0.586215 0.629129 0.015447 0.015392
0 0.718774 0.013859 0.015363 0.015448
0 0.518221 0.639752 0.015360 0.015447
0 0.667450 0.496213 0.015388 0.015382
0 0.644053 0.425425 0.015544 0.015227
0 0.966712 0.252838 0.015332 0.015380
0 0.066234 0.761864 0.015339 0.015313
0 0.920123 0.953179 0.015461 0.015174
0 0.180013 0.609970 0.015379 0.015213
0 0.979959 0.552830 0.015581 0.014989
0 0.868629 0.265069 0.015379 0.015133
0 0.540902 0.728231 0.015111 0.015394
0 0.864852 0.678523 0.015332 0.015161
0 0.647507 0.451811 0.015173 0.015202
0 0.424508 0.742608 0.015264 0.015074
0 0.285304 0.800126 0.015118 0.015191
0 0.857541 0.376543 0.015198 0.015102
0 0.367087 0.267181 0.015255 0.015042
0 0.173607 0.559003 0.015094 0.015154
0 0.770889 0.351996 0.015040 0.015061
0 0.073277 0.406316 0.015200 0.014882
0 0.877871 0.342351 0.015088 0.014971
0 0.494227 0.634869 0.014956 0.015023
0 0.077842 0.075156 0.014918 0.015049
0 0.920823 0.915407 0.014985 0.014938
0 0.915765 0.996820 0.015363 0.006361
0 0.002463 0.171721 0.004926 0.014852
