0 0.669785 0.714869 0.018214 0.018263
0 0.200963 0.246104 0.017957 0.018089
0 0.107196 0.632798 0.017128 0.016934
0 0.208905 0.766227 0.016973 0.016957
0 0.297081 0.858234 0.016963 0.016927
0 0.313054 0.923052 0.016770 0.016958
0 0.809771 0.221249 0.016852 0.016827
0 0.068371 0.524027 0.016745 0.016800
0 0.716686 0.283544 0.016869 0.016675
0 0.380188 0.717058 0.017024 0.016433
0 0.042243 0.654270 0.016834 0.016580
0 0.008509 0.367860 0.015812 0.017648
0 0.848434 0.346711 0.016729 0.016643
0 0.014949 0.322026 0.016900 0.016385
0 0.082288 0.553957 0.016666 0.016576
0 0.449297 0.616698 0.016522 0.016665
0 0.901968 0.901242 0.016688 0.016488
0 0.018837 0.303465 0.016619 0.016520
0 0.616561 0.534691 0.016506 0.016462
0 0.084679 0.434911 0.016519 0.016351
0 0.322150 0.806633 0.016471 0.016384
0 0.417672 0.969451 0.016404 0.016360
0 0.364804 0.911882 0.016518 0.016224
0 0.634010 0.656315 0.016460 0.016275
0 0.312523 0.196673 0.016470 0.016263
0 0.924697 0.027674 0.016298 0.016354
0 0.074640 0.203739 0.016347 0.016237
0 0.850031 0.789681 0.016367 0.016208
0 0.710177 0.758410 0.016192 0.016273
0 0.428864 0.657576 0.016313 0.016148
0 0.180119 0.071133 0.016307 0.016137
0 0.853150 0.836430 0.016326 0.016088
0 0.923081 0.860015 0.016171 0.016209
0 0.240313 0.090105 0.016471 0.015895
0 0.782615 0.184116 0.016219 0.016131
0 0.153817 0.497046 0.016267 0.016047
0 0.902683 0.127585 0.016418 0.015861
0 0.615320 0.325901 0.016558 0.015723
0 0.728870 0.705535 0.016149 0.016114
0 0.228318 0.153729 0.016160 0.016103
0 0.643737 0.292616 0.016109 0.016152
0 0.876263 0.056201 0.016131 0.016097
0 0.197121 0.855436 0.016157 0.016022
0 0.893286 0.013269 0.016046 0.016092
0 0.692395 0.812075 0.015959 0.016176
0 0.047643 0.969009 0.016237 0.015898
0 0.289620 0.498855 0.016136 0.015961
0 0.518600 0.047792 0.016113 0.015980
0 0.274276 0.288268 0.016179 0.015886
0 0.851836 0.199760 0.016209 0.015852
0 0.880399 0.434466 0.016021 0.016021
0 0.939757 0.119135 0.016102 0.015919
0 0.741690 0.379138 0.016207 0.015808
0 0.447494 0.292494 0.016010 0.015955
0 0.869433 0.635861 0.015989 0.015961
0 0.518241 0.296375 0.015982 0.015967
0 0.101341 0.850174 0.015996 0.015940
0 0.645625 0.426849 0.015877 0.016021
0 0.858801 0.675207 0.016069 0.015826
0 0.933217 0.226087 0.016040 0.015844
0 0.596849 0.034037 0.015907 0.015922
0 0.576256 0.874620 0.015867 0.015960
0 0.112309 0.776737 0.015856 0.015914
0 0.466282 0.574754 0.015973 0.015768
0 0.618353 0.195674 0.015805 0.015927
0 0.569251 0.393843 0.015876 0.015843
0 0.261560 0.664644 0.015943 0.015757
0 0.325390 0.661563 0.015926 0.015719
0 0.585500 0.737561 0.015772 0.015865
0 0.209691 0.734359 0.015730 0.015856
0 0.792113 0.371014 0.015965 0.015594
0 0.436483 0.147337 0.015697 0.015848
0 0.971075 0.428238 0.015881 0.015655
0 0.686460 0.499431 0.015781 0.015736
0 0.667756 0.787081 0.015874 0.015635
0 0.034628 0.534264 0.015818 0.015685
0 0.508109 0.541614 0.015897 0.015587
0 0.894876 0.839683 0.015911 0.015532
0 0.443154 0.718219 0.015943 0.015471
0 0.515713 0.666671 0.015908 0.015500
0 0.709790 0.180750 0.015745 0.015659
0 0.921796 0.680447 0.015783 0.015588
0 0.565487 0.653986 0.015820 0.015531
0 0.678265 0.170516 0.015803 0.015490
0 0.342863 0.535174 0.015726 0.015561
0 0.419720 0.837802 0.015599 0.015602
0 0.137645 0.135797 0.015421 0.015772
0 0.283722 0.742934 0.015645 0.015514
0 0.424416 0.683815 0.015615 0.015526
0 0.197083 0.098321 0.015415 0.015705
0 0.606467 0.711240 0.015607 0.015509
0 0.911925 0.621909 0.015554 0.015498
0 0.052647 0.705383 0.015575 0.015469
0 0.717287 0.483289 0.015454 0.015576
0 0.624925 0.367407 0.015512 0.015517
0 0.871180 0.270143 0.015493 0.015507
0 0.212216 0.673111 0.015497 0.015473
0 0.534780 0.721103 0.015575 0.015319
0 0.282797 0.801512 0.015507 0.015370
0 0.575845 0.095524 0.015412 0.015379
0 0.097471 0.992433 0.016063 0.014732
0 0.649936 0.027955 0.015339 0.015421
0 0.965425 0.673648 0.015569 0.015138
0 0.445841 0.246790 0.015330 0.015299
0 0.135422 0.914688 0.015164 0.015427
0 0.495612 0.071767 0.015298 0.015269
0 0.488098 0.443937 0.015285 0.015278
0 0.177367 0.613110 0.015495 0.015059
0 0.743577 0.506180 0.015247 0.015233
0 0.518675 0.315719 0.015422 0.015043
0 0.731932 0.834590 0.015265 0.015196
0 0.017447 0.956934 0.015192 0.015170
0 0.612312 0.516485 0.015108 0.015195
0 0.988709 0.469029 0.015137 0.015152
0 0.578473 0.791447 0.015267 0.014969
0 0.306108 0.467188 0.015278 0.014958
0 0.878047 0.404816 0.015135 0.015093
0 0.880687 0.553599 0.015058 0.015088
0 0.232358 0.642857 0.015108 0.015016
0 0.163264 0.562569 0.014972 0.015111
0 0.554797 0.731384 0.015251 0.014821
0 0.744973 0.740602 0.014999 0.015061
0 0.980678 0.554034 0.015336 0.014711
0 0.230897 0.379759 0.015104 0.014781
0 0.780079 0.348308 0.015204 0.014661
0 0.259220 0.019812 0.014955 0.014849
0 0.435793 0.472456 0.014905 0.014834
0 0.524162 0.101207 0.014762 0.014876
0 0.411427 0.091114 0.014838 0.014773
0 0.034683 0.696905 0.014600 0.014792
0 0.699482 0.457608 0.014509 0.014668
0 0.765929 0.040862 0.014557 0.014359
0 0.844436 0.003764 0.016545 0.007528
0 0.995797 0.333426 0.008405 0.014615
0 0.002377 0.844822 0.004754 0.016293
0 0.002046 0.193080 0.004091 0.016838
