0 0.049403 0.985028 0.017806 0.017997
0 0.247790 0.979085 0.017619 0.017525
0 0.910799 0.906721 0.017503 0.017568
0 0.294533 0.856294 0.017404 0.017246
0 0.916401 0.931991 0.017745 0.016777
0 0.875760 0.914599 0.016787 0.017033
0 0.492462 0.975106 0.017012 0.016666
0 0.292689 0.492591 0.016663 0.016815
0 0.283173 0.283675 0.016791 0.016643
0 0.040615 0.393733 0.016736 0.016616
0 0.076481 0.874512 0.016777 0.016533
0 0.683648 0.324955 0.016751 0.016536
0 0.053753 0.022908 0.016579 0.016623
0 0.727914 0.202340 0.016594 0.016523
0 0.249166 0.658109 0.016730 0.016379
0 0.214144 0.637939 0.016583 0.016514
0 0.074182 0.610801 0.016519 0.016478
0 0.047893 0.856574 0.016626 0.016349
0 0.421876 0.695708 0.016461 0.016497
0 0.868563 0.836908 0.016275 0.016684
0 0.746410 0.145862 0.016271 0.016656
0 0.033124 0.787176 0.016636 0.016278
0 0.649440 0.666639 0.016391 0.016511
0 0.589268 0.462038 0.016236 0.016509
0 0.718449 0.837173 0.016324 0.016410
0 0.680459 0.413835 0.016416 0.016309
0 0.614470 0.812880 0.016485 0.016235
0 0.323640 0.668075 0.016396 0.016306
0 0.817808 0.361664 0.016569 0.016125
0 0.455037 0.642436 0.016417 0.016236
0 0.593144 0.034106 0.015986 0.016640
0 0.111246 0.973147 0.016396 0.016212
0 0.617606 0.326591 0.016377 0.016195
0 0.762365 0.377116 0.016203 0.016340
0 0.896098 0.687371 0.016344 0.016162
0 0.532977 0.971953 0.016329 0.016172
0 0.105113 0.703887 0.016385 0.016087
0 0.145976 0.756228 0.016128 0.016326
0 0.009844 0.967155 0.016307 0.016131
0 0.387740 0.620999 0.016309 0.016123
0 0.909139 0.212100 0.016306 0.016050
0 0.527632 0.839637 0.016167 0.016157
0 0.417390 0.936366 0.016332 0.015928
0 0.579246 0.420323 0.016191 0.016058
0 0.758357 0.241585 0.016362 0.015876
0 0.663194 0.154515 0.015935 0.016266
0 0.958323 0.718059 0.016120 0.016032
0 0.617160 0.532720 0.016087 0.016058
0 0.755909 0.771145 0.015994 0.016106
0 0.225793 0.150787 0.016014 0.016077
0 0.359373 0.766232 0.015936 0.016139
0 0.195655 0.685397 0.016126 0.015946
0 0.364247 0.655379 0.015951 0.016116
0 0.105356 0.326662 0.016086 0.015980
0 0.667511 0.934749 0.015982 0.016064
0 0.763250 0.442758 0.016028 0.015957
0 0.950007 0.333753 0.015873 0.016094
0 0.128654 0.273809 0.015974 0.015949
0 0.884558 0.396332 0.016071 0.015837
0 0.885741 0.737118 0.015877 0.016022
0 0.219474 0.739020 0.016059 0.015795
0 0.854083 0.020085 0.015982 0.015871
0 0.195578 0.746946 0.015977 0.015873
0 0.961826 0.224994 0.016058 0.015737
0 0.133118 0.477427 0.015946 0.015836
0 0.943023 0.048566 0.016145 0.015606
0 0.181191 0.239362 0.015946 0.015774
0 0.875768 0.147965 0.015764 0.015947
0 0.962225 0.668888 0.015837 0.015865
0 0.635359 0.691783 0.015751 0.015894
0 0.302092 0.467885 0.015863 0.015767
0 0.675315 0.708349 0.015805 0.015814
0 0.150891 0.314729 0.015779 0.015798
0 0.503897 0.345534 0.015759 0.015805
0 0.834640 0.128864 0.015802 0.015713
0 0.504972 0.141275 0.015943 0.015559
0 0.744290 0.695301 0.015830 0.015665
0 0.574717 0.773289 0.015670 0.015824
0 0.194771 0.094969 0.015723 0.015700
0 0.642048 0.302065 0.015766 0.015641
0 0.845742 0.784522 0.015810 0.015525
0 0.933271 0.486460 0.015704 0.015488
0 0.052466 0.494014 0.015429 0.015738
0 0.644853 0.425304 0.015675 0.015440
0 0.850227 0.673264 0.015678 0.015433
0 0.188827 0.767120 0.015634 0.015474
0 0.425386 0.741813 0.015431 0.015661
0 0.854157 0.427365 0.015595 0.015493
0 0.512254 0.537100 0.015613 0.015434
0 0.039935 0.702786 0.015499 0.015547
0 0.229788 0.377855 0.015541 0.015479
0 0.120163 0.917553 0.015567 0.015436
0 0.282006 0.801581 0.015609 0.015374
0 0.706298 0.653414 0.015553 0.015429
0 0.152903 0.893435 0.015469 0.015475
0 0.602761 0.478013 0.015574 0.015357
0 0.882718 0.210570 0.015644 0.015286
0 0.240419 0.090373 0.015570 0.015346
0 0.036315 0.532083 0.015487 0.015425
0 0.670910 0.499980 0.015406 0.015483
0 0.960598 0.173660 0.015333 0.015485
0 0.045003 0.220249 0.015432 0.015373
0 0.533619 0.721689 0.015532 0.015259
0 0.706820 0.759982 0.015527 0.015259
0 0.560348 0.737578 0.015260 0.015393
0 0.742930 0.508992 0.015178 0.015445
0 0.156697 0.375389 0.015445 0.015173
0 0.006956 0.760288 0.013851 0.016821
0 0.334234 0.139186 0.015073 0.015422
0 0.705937 0.467140 0.015253 0.015171
0 0.178082 0.614876 0.015228 0.015166
0 0.166724 0.561476 0.015396 0.014987
0 0.598104 0.177661 0.015183 0.015192
0 0.246872 0.486628 0.015397 0.014920
0 0.411079 0.283885 0.015175 0.015081
0 0.879640 0.582356 0.015195 0.015054
0 0.772105 0.353306 0.015114 0.015115
0 0.790387 0.379506 0.015400 0.014817
0 0.075245 0.362358 0.015013 0.015196
0 0.519028 0.062935 0.015046 0.015153
0 0.561231 0.607883 0.015159 0.014996
0 0.528476 0.424281 0.015177 0.014965
0 0.141742 0.578907 0.015201 0.014932
0 0.509144 0.108673 0.015084 0.015002
0 0.544271 0.217487 0.014896 0.015144
0 0.980870 0.554351 0.015112 0.014914
0 0.468060 0.287799 0.014853 0.015046
0 0.818739 0.016043 0.014861 0.014908
0 0.080085 0.525899 0.015094 0.014673
0 0.446863 0.487352 0.014937 0.014754
0 0.006594 0.273509 0.013188 0.016689
0 0.006079 0.879433 0.012159 0.017802
0 0.741965 0.036620 0.014610 0.014777
0 0.579515 0.793186 0.014554 0.014742
0 0.572868 0.316446 0.013354 0.013017
0 0.194471 0.995382 0.017327 0.009237
0 0.726937 0.005095 0.014729 0.010158
0 0.994956 0.096723 0.010087 0.014041
0 0.002303 0.854816 0.004606 0.015955
