0 0.066304 0.300545 0.018367 0.018386
0 0.455902 0.229472 0.017612 0.016685
0 0.406342 0.070925 0.017238 0.017045
0 0.504840 0.927952 0.017100 0.016786
0 0.290407 0.503002 0.016969 0.016692
0 0.685172 0.796191 0.016729 0.016926
0 0.051516 0.663416 0.016765 0.016809
0 0.112474 0.565431 0.016690 0.016711
0 0.105715 0.246816 0.016748 0.016575
0 0.310257 0.057075 0.016593 0.016693
0 0.735677 0.032728 0.016602 0.016651
0 0.894701 0.187600 0.016636 0.016545
0 0.057287 0.682430 0.016520 0.016629
0 0.015979 0.408603 0.016658 0.016450
0 0.177645 0.784428 0.016539 0.016529
0 0.204390 0.935519 0.016590 0.016465
0 0.120486 0.465779 0.016586 0.016430
0 0.756424 0.942803 0.016618 0.016332
0 0.642896 0.313602 0.016399 0.016504
0 0.165612 0.372767 0.016684 0.016188
0 0.223382 0.094059 0.016584 0.016231
0 0.713320 0.826207 0.016370 0.016423
0 0.398484 0.209971 0.016429 0.016334
0 0.239175 0.583668 0.016276 0.016474
0 0.605504 0.710433 0.016379 0.016351
0 0.921299 0.408954 0.016323 0.016395
0 0.026551 0.469377 0.016578 0.016138
0 0.536516 0.186753 0.016395 0.016303
0 0.365825 0.509893 0.016551 0.016112
0 0.062083 0.414998 0.016287 0.016346
0 0.377467 0.267511 0.016384 0.016242
0 0.032658 0.231355 0.016264 0.016310
0 0.668458 0.739223 0.016330 0.016208
0 0.116488 0.758856 0.016349 0.016184
0 0.573980 0.122040 0.016221 0.016302
0 0.422226 0.511938 0.016295 0.016192
0 0.482197 0.634951 0.016196 0.016260
0 0.201255 0.405531 0.016273 0.016156
0 0.385729 0.825464 0.016302 0.016107
0 0.068833 0.871374 0.016524 0.015847
0 0.316536 0.265405 0.016217 0.016135
0 0.804093 0.731487 0.016272 0.016054
0 0.470921 0.323323 0.016109 0.016013
0 0.924585 0.576703 0.015963 0.016158
0 0.545104 0.697163 0.016158 0.015912
0 0.800364 0.686309 0.015998 0.015950
0 0.419784 0.847016 0.015876 0.016068
0 0.286386 0.543798 0.015980 0.015946
0 0.009611 0.960707 0.015739 0.016166
0 0.942993 0.555264 0.015928 0.015969
0 0.934691 0.953650 0.015980 0.015899
0 0.020650 0.538549 0.016027 0.015825
0 0.832268 0.452294 0.015862 0.015937
0 0.464193 0.167367 0.015935 0.015834
0 0.590853 0.766709 0.015885 0.015843
0 0.871159 0.401033 0.016056 0.015614
0 0.456935 0.772140 0.015930 0.015712
0 0.482295 0.830433 0.015751 0.015881
0 0.330462 0.385148 0.015978 0.015600
0 0.030554 0.792546 0.015901 0.015627
0 0.590274 0.982914 0.015953 0.015564
0 0.512602 0.533407 0.015743 0.015740
0 0.122398 0.208055 0.015613 0.015860
0 0.617735 0.532653 0.015674 0.015777
0 0.171658 0.560058 0.015786 0.015664
0 0.835739 0.366123 0.015764 0.015613
0 0.612035 0.410424 0.015819 0.015558
0 0.878562 0.584601 0.015746 0.015621
0 0.678737 0.579596 0.015539 0.015796
0 0.317609 0.712058 0.015770 0.015534
0 0.889719 0.161623 0.015863 0.015410
0 0.303681 0.468986 0.015804 0.015466
0 0.236315 0.375649 0.015753 0.015498
0 0.412791 0.924555 0.015561 0.015596
0 0.354690 0.895046 0.015646 0.015499
0 0.459513 0.676662 0.015650 0.015469
0 0.346344 0.279291 0.015816 0.015297
0 0.253108 0.629648 0.015771 0.015339
0 0.504094 0.771354 0.015594 0.015469
0 0.814766 0.861568 0.015718 0.015339
0 0.894434 0.743159 0.015583 0.015439
0 0.617561 0.329043 0.015641 0.015375
0 0.098584 0.926597 0.015508 0.015494
0 0.041113 0.703625 0.015616 0.015383
0 0.327079 0.662888 0.015650 0.015348
0 0.276628 0.709528 0.015401 0.015595
0 0.746117 0.508139 0.015592 0.015356
0 0.179519 0.610587 0.015651 0.015260
0 0.205933 0.654345 0.015472 0.015429
0 0.641536 0.695628 0.015498 0.015378
0 0.385373 0.757952 0.015545 0.015303
0 0.283258 0.800763 0.015504 0.015337
0 0.194494 0.470048 0.015554 0.015284
0 0.034601 0.826723 0.015376 0.015440
0 0.793554 0.241595 0.015661 0.015158
0 0.687660 0.693712 0.015462 0.015344
0 0.546412 0.630957 0.015437 0.015356
0 0.503751 0.019248 0.015355 0.015394
0 0.822506 0.027704 0.015297 0.015441
0 0.394330 0.569773 0.015398 0.015320
0 0.497716 0.275609 0.015140 0.015468
0 0.713434 0.767587 0.015125 0.015465
0 0.990521 0.954845 0.015240 0.015348
0 0.578934 0.792412 0.015388 0.015200
0 0.876625 0.504156 0.015300 0.015285
0 0.986780 0.260516 0.015374 0.015149
0 0.974959 0.893759 0.015182 0.015330
0 0.874824 0.889551 0.015190 0.015312
0 0.232858 0.129976 0.014956 0.015538
0 0.479891 0.408947 0.015302 0.015146
0 0.535507 0.721552 0.015073 0.015340
0 0.670318 0.497616 0.015259 0.015145
0 0.716570 0.223768 0.015366 0.015017
0 0.716266 0.323549 0.015285 0.015095
0 0.955548 0.111661 0.015148 0.015205
0 0.559202 0.737019 0.015190 0.015156
0 0.979612 0.553565 0.015323 0.014846
0 0.644767 0.424853 0.015141 0.014990
0 0.605981 0.550319 0.015064 0.015006
0 0.259556 0.804087 0.015096 0.014962
0 0.898875 0.434409 0.015016 0.015036
0 0.718905 0.264016 0.015075 0.014922
0 0.108838 0.028777 0.015130 0.014853
0 0.887672 0.837581 0.014987 0.014901
0 0.766590 0.114863 0.014994 0.014873
0 0.777349 0.353561 0.014933 0.014916
0 0.834757 0.825895 0.014979 0.014743
0 0.898959 0.288577 0.014831 0.014869
0 0.862722 0.678160 0.014792 0.014895
0 0.592739 0.308990 0.014935 0.014620
0 0.735069 0.132367 0.014768 0.014725
0 0.744906 0.200873 0.014696 0.014622
0 0.968599 0.666737 0.014773 0.014494
0 0.701087 0.243535 0.014415 0.014811
0 0.048676 0.025412 0.014558 0.014639
0 0.700746 0.457201 0.014437 0.014382
0 0.005244 0.645623 0.010489 0.017064
0 0.004589 0.141709 0.009179 0.017208
0 0.991585 0.994624 0.013746 0.010725
0 0.997493 0.130286 0.005015 0.013378
