0 0.033105 0.858240 0.017436 0.017810
0 0.230495 0.802786 0.017336 0.017515
0 0.431464 0.607554 0.017194 0.017595
0 0.283025 0.492906 0.017160 0.017086
0 0.564992 0.727096 0.017181 0.016921
0 0.902865 0.364131 0.017031 0.016879
0 0.712346 0.908607 0.016978 0.016904
0 0.052328 0.802979 0.016923 0.016814
0 0.460529 0.841763 0.016995 0.016710
0 0.293269 0.184963 0.016929 0.016718
0 0.352561 0.553687 0.016826 0.016810
0 0.303969 0.387655 0.016950 0.016666
0 0.466299 0.690226 0.016791 0.016782
0 0.369916 0.680984 0.016719 0.016792
0 0.153711 0.409127 0.016961 0.016493
0 0.527552 0.727013 0.016651 0.016685
0 0.017216 0.957937 0.016613 0.016651
0 0.358211 0.624152 0.016664 0.016564
0 0.289905 0.417422 0.016636 0.016552
0 0.054817 0.621497 0.016496 0.016624
0 0.180178 0.263989 0.016647 0.016447
0 0.897999 0.902387 0.016605 0.016451
0 0.867143 0.677611 0.016714 0.016323
0 0.890288 0.410120 0.016850 0.016189
0 0.151684 0.159166 0.016594 0.016412
0 0.815168 0.498645 0.016661 0.016311
0 0.742285 0.930862 0.016431 0.016416
0 0.841518 0.206192 0.016547 0.016274
0 0.276439 0.593655 0.016381 0.016394
0 0.502448 0.955188 0.016378 0.016377
0 0.557059 0.621181 0.016320 0.016435
0 0.681753 0.732219 0.016425 0.016302
0 0.214751 0.668870 0.016502 0.016191
0 0.615794 0.533878 0.016256 0.016430
0 0.641069 0.386782 0.016430 0.016191
0 0.653015 0.536586 0.016259 0.016353
0 0.678862 0.618772 0.016324 0.016239
0 0.940769 0.203068 0.016284 0.016194
0 0.213314 0.740648 0.016258 0.016206
0 0.056798 0.557987 0.016271 0.016163
0 0.300085 0.288235 0.016165 0.016178
0 0.071766 0.036061 0.016225 0.016116
0 0.784675 0.314856 0.016081 0.016221
0 0.316334 0.168024 0.016211 0.016080
0 0.716985 0.085510 0.016227 0.016051
0 0.354556 0.772769 0.016200 0.016076
0 0.845913 0.902984 0.016170 0.016049
0 0.081902 0.544996 0.016036 0.016122
0 0.412985 0.390667 0.016035 0.016093
0 0.816175 0.302670 0.016015 0.016101
0 0.455761 0.124340 0.016013 0.016058
0 0.383599 0.986566 0.016451 0.015617
0 0.512675 0.273837 0.016098 0.015897
0 0.082612 0.845181 0.016223 0.015752
0 0.258332 0.261027 0.016166 0.015805
0 0.630918 0.491198 0.015916 0.015970
0 0.789847 0.627155 0.015994 0.015891
0 0.409160 0.844654 0.015912 0.015936
0 0.682327 0.301279 0.016011 0.015827
0 0.328210 0.661855 0.016118 0.015709
0 0.294733 0.518550 0.015898 0.015902
0 0.764583 0.699628 0.015992 0.015806
0 0.683194 0.251644 0.015987 0.015788
0 0.903189 0.532903 0.016045 0.015730
0 0.255040 0.304936 0.015924 0.015810
0 0.792779 0.116796 0.016019 0.015703
0 0.523479 0.872899 0.015873 0.015822
0 0.873024 0.839212 0.015845 0.015841
0 0.508313 0.540850 0.015911 0.015754
0 0.109996 0.062950 0.015799 0.015801
0 0.450538 0.733766 0.015849 0.015747
0 0.035688 0.697505 0.015754 0.015822
0 0.516861 0.411401 0.015842 0.015718
0 0.972582 0.827921 0.015739 0.015763
0 0.222874 0.570032 0.015659 0.015787
0 0.893868 0.344997 0.016214 0.015215
0 0.472215 0.458700 0.015619 0.015791
0 0.846117 0.163647 0.015790 0.015579
0 0.639391 0.712226 0.015763 0.015579
0 0.671199 0.500933 0.015921 0.015410
0 0.922456 0.278205 0.015764 0.015558
0 0.826986 0.072440 0.015801 0.015516
0 0.662017 0.040294 0.015669 0.015618
0 0.166750 0.306582 0.015754 0.015533
0 0.763464 0.091687 0.015616 0.015610
0 0.963524 0.668735 0.015675 0.015518
0 0.172374 0.379013 0.015571 0.015618
0 0.788196 0.443040 0.015442 0.015648
0 0.834661 0.453687 0.015630 0.015449
0 0.154936 0.465153 0.015643 0.015427
0 0.794973 0.572876 0.015552 0.015510
0 0.746100 0.507076 0.015513 0.015544
0 0.645662 0.426666 0.015466 0.015514
0 0.090752 0.365662 0.015578 0.015397
0 0.116531 0.626608 0.015682 0.015277
0 0.228100 0.374505 0.015646 0.015291
0 0.870531 0.241075 0.015312 0.015597
0 0.718202 0.222352 0.015333 0.015557
0 0.777369 0.025071 0.015482 0.015403
0 0.777619 0.352992 0.015472 0.015395
0 0.179888 0.605460 0.015275 0.015497
0 0.618816 0.327575 0.015522 0.015250
0 0.283674 0.802407 0.015371 0.015371
0 0.456005 0.195959 0.015492 0.015198
0 0.982150 0.553757 0.015508 0.015138
0 0.063015 0.708960 0.015236 0.015401
0 0.181838 0.678820 0.015654 0.014986
0 0.961087 0.707381 0.015385 0.015227
0 0.442765 0.961622 0.015364 0.015223
0 0.878437 0.581506 0.015228 0.015319
0 0.022577 0.543691 0.015417 0.015095
0 0.331656 0.837550 0.015189 0.015274
0 0.724665 0.310717 0.015340 0.014997
0 0.991897 0.804715 0.014842 0.015448
0 0.953182 0.545203 0.015363 0.014909
0 0.671766 0.214314 0.015162 0.015093
0 0.306962 0.465032 0.015143 0.014950
0 0.171554 0.562657 0.015082 0.014991
0 0.713752 0.767658 0.015038 0.014956
0 0.487091 0.261899 0.015028 0.014891
0 0.579732 0.791990 0.015036 0.014771
0 0.535378 0.200477 0.015014 0.014751
0 0.992627 0.017899 0.014008 0.014485
0 0.006313 0.409969 0.012613 0.015936
0 0.132052 0.994323 0.016861 0.011353
0 0.735555 0.005829 0.016412 0.011658
0 0.994616 0.105660 0.010768 0.015581
0 0.293266 0.002528 0.017703 0.005056
