0 0.885471 0.179562 0.017707 0.018016
0 0.021989 0.616631 0.017637 0.017877
0 0.814796 0.979886 0.017580 0.017438
0 0.724847 0.039727 0.017345 0.017390
0 0.750352 0.217686 0.017613 0.017050
0 0.190956 0.988558 0.017121 0.017431
0 0.294318 0.506875 0.017196 0.017130
0 0.444506 0.633730 0.017181 0.016713
0 0.760904 0.022557 0.016833 0.016783
0 0.072722 0.291173 0.016886 0.016674
0 0.895141 0.924922 0.016872 0.016674
0 0.533638 0.597498 0.016849 0.016665
0 0.141633 0.222001 0.016816 0.016690
0 0.272674 0.254704 0.016898 0.016601
0 0.031046 0.820703 0.016574 0.016839
0 0.111238 0.906061 0.016822 0.016507
0 0.283817 0.297580 0.016620 0.016661
0 0.201953 0.840875 0.016708 0.016544
0 0.116765 0.261540 0.016858 0.016353
0 0.154957 0.107107 0.016705 0.016493
0 0.070351 0.756764 0.016491 0.016672
0 0.627571 0.802940 0.016705 0.016420
0 0.814750 0.103893 0.016570 0.016543
0 0.233197 0.375630 0.016595 0.016408
0 0.135428 0.782333 0.016480 0.016484
0 0.447755 0.312297 0.016726 0.016216
0 0.445668 0.706390 0.016578 0.016313
0 0.812224 0.181916 0.016464 0.016342
0 0.175308 0.342941 0.016319 0.016476
0 0.880236 0.364169 0.016409 0.016305
0 0.389810 0.729473 0.016516 0.016198
0 0.371505 0.143637 0.016229 0.016464
0 0.908838 0.076172 0.016515 0.016159
0 0.848434 0.207745 0.016242 0.016370
0 0.069349 0.008279 0.016479 0.016128
0 0.476931 0.758680 0.016373 0.016228
0 0.214364 0.317524 0.016460 0.016141
0 0.132400 0.385993 0.016276 0.016301
0 0.353347 0.969564 0.016413 0.016145
0 0.486755 0.951664 0.016372 0.016146
0 0.030765 0.486106 0.016277 0.016236
0 0.121816 0.877621 0.016209 0.016237
0 0.151480 0.300062 0.016440 0.015996
0 0.667830 0.630572 0.016220 0.016198
0 0.876358 0.261327 0.016254 0.016150
0 0.200532 0.228425 0.016114 0.016263
0 0.616654 0.534733 0.016207 0.016148
0 0.744593 0.507340 0.016031 0.016224
0 0.150056 0.492966 0.016064 0.016178
0 0.287377 0.615724 0.016034 0.016207
0 0.759040 0.747141 0.016132 0.016084
0 0.402706 0.191933 0.016322 0.015876
0 0.901344 0.829835 0.015924 0.016205
0 0.732469 0.587443 0.016146 0.015876
0 0.690614 0.803803 0.016078 0.015922
0 0.303019 0.653384 0.016084 0.015861
0 0.249756 0.131734 0.016043 0.015892
0 0.260083 0.892169 0.015877 0.016035
0 0.024287 0.369718 0.016050 0.015847
0 0.127122 0.410448 0.015725 0.016148
0 0.848896 0.558865 0.015962 0.015892
0 0.479440 0.660914 0.015968 0.015821
0 0.910496 0.222444 0.016036 0.015736
0 0.632448 0.877944 0.015786 0.015979
0 0.988751 0.160072 0.015689 0.016039
0 0.671001 0.728612 0.015948 0.015778
0 0.348098 0.428552 0.015755 0.015918
0 0.534709 0.847500 0.015832 0.015818
0 0.057993 0.958537 0.015899 0.015715
0 0.885630 0.868698 0.015401 0.016176
0 0.748451 0.109601 0.015771 0.015752
0 0.617571 0.327323 0.015807 0.015702
0 0.579396 0.641406 0.015779 0.015693
0 0.837743 0.877057 0.015700 0.015769
0 0.728431 0.382513 0.015762 0.015651
0 0.866052 0.467119 0.015887 0.015520
0 0.132024 0.431114 0.015741 0.015625
0 0.081585 0.597614 0.015852 0.015465
0 0.596557 0.554035 0.015701 0.015590
0 0.802184 0.305448 0.015698 0.015510
0 0.871835 0.841183 0.015650 0.015557
0 0.469771 0.474254 0.015736 0.015426
0 0.817397 0.500011 0.015659 0.015482
0 0.910334 0.626585 0.015550 0.015557
0 0.356029 0.208013 0.015764 0.015336
0 0.033695 0.532250 0.015408 0.015688
0 0.829660 0.282789 0.015569 0.015525
0 0.670998 0.882771 0.015588 0.015460
0 0.961814 0.668415 0.015530 0.015508
0 0.719095 0.298345 0.015497 0.015492
0 0.670009 0.498661 0.015601 0.015287
0 0.373260 0.562814 0.015468 0.015367
0 0.572578 0.471120 0.015507 0.015316
0 0.982041 0.223452 0.015728 0.015097
0 0.643959 0.301046 0.015342 0.015471
0 0.328246 0.664819 0.015479 0.015301
0 0.577974 0.792740 0.015417 0.015355
0 0.955082 0.269550 0.015458 0.015298
0 0.074651 0.724691 0.015466 0.015257
0 0.243495 0.712044 0.015400 0.015313
0 0.508187 0.536607 0.015389 0.015301
0 0.307770 0.472563 0.015317 0.015369
0 0.303208 0.707948 0.015372 0.015309
0 0.281840 0.802444 0.015373 0.015303
0 0.492265 0.181527 0.015276 0.015354
0 0.644986 0.425005 0.015359 0.015223
0 0.245341 0.732503 0.015284 0.015257
0 0.068905 0.335412 0.015418 0.015102
0 0.154959 0.713552 0.015383 0.015117
0 0.018311 0.962603 0.015255 0.015236
0 0.461681 0.338281 0.015126 0.015352
0 0.330858 0.404481 0.015298 0.015155
0 0.179893 0.628469 0.015291 0.015132
0 0.738009 0.542051 0.015305 0.015118
0 0.706769 0.766049 0.015385 0.015014
0 0.860023 0.037005 0.015157 0.015206
0 0.502214 0.987473 0.015419 0.014934
0 0.688935 0.913524 0.015183 0.015152
0 0.543092 0.720822 0.015068 0.015241
0 0.016338 0.007772 0.015505 0.014745
0 0.062316 0.709369 0.015174 0.015064
0 0.450760 0.176979 0.015128 0.015056
0 0.328770 0.611631 0.015251 0.014911
0 0.927910 0.794419 0.015208 0.014948
0 0.166619 0.564545 0.015066 0.015042
0 0.865392 0.679800 0.015281 0.014809
0 0.879272 0.035262 0.014969 0.015065
0 0.777342 0.441358 0.015076 0.014921
0 0.034905 0.697951 0.015103 0.014858
0 0.880966 0.401541 0.015129 0.014826
0 0.788291 0.349205 0.015096 0.014829
0 0.174353 0.613927 0.014862 0.015059
0 0.874272 0.611766 0.014952 0.014804
0 0.904978 0.151737 0.015043 0.014702
0 0.123218 0.545990 0.014779 0.014917
0 0.979692 0.553950 0.014937 0.014717
0 0.337456 0.593077 0.014694 0.014793
0 0.369084 0.850101 0.014765 0.014655
0 0.885353 0.712780 0.014669 0.014709
0 0.879814 0.582319 0.014647 0.014636
0 0.642752 0.005603 0.017577 0.011158
0 0.572863 0.316236 0.013637 0.013349
0 0.997133 0.171761 0.005733 0.013939
0 0.002398 0.856278 0.004795 0.014518
