0 0.062265 0.013718 0.017672 0.017915
0 0.370132 0.560386 0.017471 0.017545
0 0.916688 0.812517 0.017025 0.017186
0 0.186705 0.131019 0.016970 0.017138
0 0.364797 0.640767 0.017261 0.016723
0 0.084587 0.471398 0.016809 0.017124
0 0.148564 0.599588 0.016717 0.017165
0 0.154675 0.785309 0.017019 0.016818
0 0.332009 0.919425 0.016807 0.017000
0 0.691722 0.757574 0.016872 0.016736
0 0.318828 0.760405 0.016807 0.016641
0 0.952009 0.124552 0.016951 0.016371
0 0.192969 0.697482 0.016589 0.016713
0 0.592772 0.674774 0.016633 0.016615
0 0.237033 0.633091 0.016711 0.016481
0 0.957973 0.259009 0.016792 0.016380
0 0.577234 0.644294 0.016523 0.016575
0 0.168780 0.489826 0.016588 0.016467
0 0.454698 0.686454 0.016478 0.016477
0 0.392173 0.611298 0.016769 0.016179
0 0.268154 0.781166 0.016524 0.016312
0 0.924562 0.902737 0.016315 0.016494
0 0.897367 0.774703 0.016388 0.016416
0 0.537504 0.457732 0.016250 0.016546
0 0.085151 0.724451 0.016557 0.016215
0 0.262436 0.668488 0.016244 0.016511
0 0.008342 0.966093 0.016085 0.016663
0 0.653443 0.800976 0.016598 0.016125
0 0.037596 0.974987 0.016314 0.016396
0 0.863298 0.053082 0.016298 0.016408
0 0.953336 0.229338 0.016609 0.016030
0 0.715279 0.987917 0.016495 0.016128
0 0.425591 0.875777 0.016223 0.016388
0 0.153082 0.949356 0.016374 0.016202
0 0.873727 0.706627 0.016308 0.016228
0 0.922511 0.551072 0.016193 0.016298
0 0.745731 0.691938 0.016275 0.016163
0 0.906859 0.253102 0.016228 0.016206
0 0.062057 0.393338 0.016163 0.016220
0 0.847429 0.797489 0.016162 0.016150
0 0.506637 0.536545 0.016316 0.015983
0 0.061775 0.478625 0.016576 0.015728
0 0.660401 0.712132 0.016083 0.016208
0 0.317832 0.860132 0.016050 0.016167
0 0.276120 0.282981 0.016077 0.016135
0 0.076133 0.850062 0.016121 0.016031
0 0.889673 0.445110 0.016228 0.015894
0 0.427766 0.578101 0.016192 0.015916
0 0.175514 0.848562 0.015922 0.016166
0 0.585256 0.034622 0.016067 0.015998
0 0.329775 0.663215 0.016098 0.015948
0 0.493721 0.328098 0.016128 0.015854
0 0.616570 0.533258 0.015914 0.016064
0 0.231718 0.372722 0.016054 0.015905
0 0.742864 0.367458 0.015986 0.015963
0 0.659853 0.304922 0.016061 0.015875
0 0.160516 0.207041 0.016078 0.015856
0 0.203940 0.092588 0.016148 0.015770
0 0.278930 0.453280 0.016030 0.015838
0 0.238803 0.087134 0.015949 0.015903
0 0.990361 0.424347 0.016019 0.015832
0 0.474679 0.710768 0.015851 0.015998
0 0.030684 0.532743 0.015754 0.016092
0 0.935556 0.601363 0.015883 0.015959
0 0.728071 0.474551 0.016087 0.015734
0 0.879135 0.581520 0.015910 0.015893
0 0.940900 0.032655 0.016042 0.015760
0 0.463140 0.554682 0.015885 0.015867
0 0.711759 0.176049 0.015982 0.015754
0 0.460078 0.830443 0.015893 0.015838
0 0.534126 0.720697 0.015973 0.015733
0 0.781162 0.355997 0.015762 0.015896
0 0.889577 0.401182 0.015898 0.015758
0 0.179881 0.071263 0.015964 0.015662
0 0.634433 0.197342 0.015919 0.015689
0 0.135334 0.264060 0.015782 0.015789
0 0.132890 0.722291 0.015775 0.015783
0 0.139585 0.445357 0.015882 0.015673
0 0.835876 0.337616 0.015845 0.015709
0 0.850792 0.837613 0.015746 0.015800
0 0.616091 0.324914 0.015991 0.015530
0 0.509071 0.090956 0.015936 0.015500
0 0.576805 0.793073 0.015756 0.015674
0 0.336451 0.735857 0.015737 0.015612
0 0.587012 0.729129 0.015594 0.015754
0 0.913798 0.132398 0.015753 0.015552
0 0.717933 0.546627 0.015580 0.015716
0 0.291214 0.492334 0.015789 0.015503
0 0.884875 0.799295 0.015712 0.015578
0 0.688182 0.951144 0.015629 0.015660
0 0.609666 0.101589 0.015911 0.015360
0 0.677906 0.509138 0.015583 0.015655
0 0.166098 0.314268 0.015668 0.015560
0 0.714638 0.763728 0.015805 0.015413
0 0.475604 0.949875 0.015676 0.015537
0 0.485666 0.206327 0.015628 0.015469
0 0.074006 0.774384 0.015854 0.015222
0 0.177194 0.611664 0.015713 0.015347
0 0.648636 0.426258 0.015474 0.015580
0 0.723549 0.301637 0.015478 0.015545
0 0.881355 0.834319 0.015502 0.015477
0 0.051823 0.825705 0.015583 0.015390
0 0.939515 0.273439 0.015392 0.015549
0 0.439594 0.476177 0.015554 0.015380
0 0.778397 0.392129 0.015540 0.015391
0 0.763655 0.225985 0.015526 0.015400
0 0.809233 0.225502 0.015552 0.015368
0 0.961077 0.672160 0.015512 0.015386
0 0.861804 0.677334 0.015454 0.015377
0 0.617076 0.428309 0.015488 0.015273
0 0.980885 0.553965 0.015546 0.015214
0 0.745329 0.506995 0.015384 0.015368
0 0.063035 0.708527 0.015390 0.015355
0 0.357433 0.230678 0.015510 0.015218
0 0.802896 0.016293 0.015441 0.015264
0 0.531377 0.189411 0.015433 0.015215
0 0.743481 0.138669 0.015296 0.015290
0 0.468627 0.282270 0.015402 0.015143
0 0.315976 0.986217 0.015518 0.014981
0 0.171875 0.562220 0.015202 0.015286
0 0.719241 0.828543 0.015351 0.015119
0 0.556774 0.737354 0.015114 0.015356
0 0.614497 0.508479 0.015376 0.015094
0 0.630720 0.369515 0.015312 0.015072
0 0.504411 0.704805 0.015305 0.015037
0 0.033343 0.696849 0.015247 0.015088
0 0.912741 0.695096 0.015102 0.015088
0 0.393971 0.103392 0.015120 0.015039
0 0.305945 0.470390 0.015202 0.014911
0 0.283215 0.801694 0.015101 0.014967
0 0.918974 0.497141 0.015119 0.014924
0 0.016501 0.203482 0.014660 0.014320
0 0.699312 0.458444 0.014399 0.014050
0 0.995430 0.970359 0.009141 0.016890
0 0.995559 0.357364 0.008882 0.013870
0 0.997365 0.026706 0.005269 0.014728
0 0.002201 0.675262 0.004402 0.015752
