0 0.047137 0.779514 0.017619 0.017424
0 0.263419 0.656666 0.017658 0.017373
0 0.826691 0.691751 0.017381 0.017543
0 0.396465 0.655908 0.017361 0.017228
0 0.176620 0.947743 0.017060 0.017445
0 0.206218 0.648784 0.016904 0.016837
0 0.043029 0.815608 0.017028 0.016690
0 0.059804 0.399308 0.016814 0.016804
0 0.157483 0.317270 0.016660 0.016695
0 0.281781 0.278341 0.016778 0.016568
0 0.213749 0.858701 0.016651 0.016666
0 0.079933 0.502780 0.016643 0.016627
0 0.542161 0.972398 0.016833 0.016434
0 0.159310 0.433227 0.016567 0.016686
0 0.865721 0.824009 0.016726 0.016523
0 0.740309 0.460782 0.016674 0.016567
0 0.122176 0.320249 0.016466 0.016738
0 0.676584 0.723888 0.016534 0.016599
0 0.374841 0.914667 0.016488 0.016633
0 0.706268 0.343833 0.016639 0.016462
0 0.175967 0.780201 0.016378 0.016650
0 0.189688 0.246611 0.016569 0.016436
0 0.783140 0.791854 0.016452 0.016547
0 0.166810 0.361605 0.016533 0.016439
0 0.108974 0.523010 0.016483 0.016389
0 0.633007 0.498514 0.016543 0.016328
0 0.483730 0.845540 0.016463 0.016370
0 0.169357 0.919306 0.016396 0.016390
0 0.712161 0.298515 0.016511 0.016187
0 0.042051 0.243342 0.016513 0.016179
0 0.830808 0.928529 0.016216 0.016430
0 0.144834 0.936191 0.016398 0.016244
0 0.066363 0.530100 0.016022 0.016617
0 0.877191 0.964795 0.016383 0.016246
0 0.616995 0.533969 0.016262 0.016315
0 0.637214 0.788627 0.016060 0.016504
0 0.731116 0.134620 0.016375 0.016178
0 0.906764 0.245599 0.016421 0.016091
0 0.550462 0.310138 0.016182 0.016316
0 0.343334 0.803234 0.016175 0.016271
0 0.017071 0.956661 0.016274 0.016158
0 0.824547 0.380469 0.016263 0.016167
0 0.080074 0.780713 0.016173 0.016210
0 0.440167 0.625846 0.016386 0.015989
0 0.944389 0.700695 0.016191 0.016131
0 0.205858 0.708578 0.016191 0.016123
0 0.391430 0.693164 0.016165 0.016143
0 0.303746 0.468042 0.016177 0.016124
0 0.035011 0.606215 0.016098 0.016158
0 0.619862 0.645575 0.016165 0.016042
0 0.618136 0.328259 0.016165 0.016027
0 0.929704 0.029090 0.016000 0.016180
0 0.260511 0.027602 0.016195 0.015973
0 0.470138 0.307509 0.016065 0.016064
0 0.772929 0.044122 0.015948 0.016177
0 0.327729 0.664578 0.016127 0.015990
0 0.034999 0.534332 0.016131 0.015971
0 0.373993 0.681395 0.015951 0.016140
0 0.938303 0.394621 0.016072 0.016016
0 0.324176 0.486891 0.016124 0.015876
0 0.254392 0.123886 0.016187 0.015797
0 0.608287 0.464970 0.016050 0.015905
0 0.865562 0.708618 0.016044 0.015891
0 0.428997 0.307208 0.015902 0.015937
0 0.717682 0.236856 0.016316 0.015454
0 0.231055 0.373034 0.015790 0.015943
0 0.715160 0.757151 0.015802 0.015924
0 0.176807 0.024396 0.015975 0.015730
0 0.293327 0.494975 0.015871 0.015797
0 0.527984 0.476380 0.015823 0.015836
0 0.953588 0.906442 0.015924 0.015711
0 0.371928 0.301223 0.015887 0.015742
0 0.435512 0.722237 0.015798 0.015771
0 0.781914 0.097025 0.015705 0.015734
0 0.888840 0.394826 0.015696 0.015657
0 0.245916 0.481197 0.015742 0.015609
0 0.610333 0.236995 0.015852 0.015480
0 0.557420 0.733225 0.015752 0.015565
0 0.764014 0.698542 0.015632 0.015678
0 0.095671 0.590691 0.015723 0.015571
0 0.125749 0.707078 0.015666 0.015619
0 0.824487 0.763469 0.015695 0.015566
0 0.806448 0.459619 0.015546 0.015695
0 0.962505 0.667547 0.015570 0.015608
0 0.867697 0.350542 0.015694 0.015464
0 0.508940 0.537196 0.015556 0.015580
0 0.669298 0.185323 0.015607 0.015516
0 0.947743 0.016929 0.015449 0.015651
0 0.443499 0.487128 0.015636 0.015355
0 0.177659 0.613142 0.015663 0.015302
0 0.832640 0.039224 0.015627 0.015337
0 0.669424 0.500418 0.015623 0.015335
0 0.060386 0.708805 0.015539 0.015373
0 0.731588 0.511210 0.015399 0.015468
0 0.644230 0.425307 0.015475 0.015373
0 0.166530 0.559264 0.015402 0.015428
0 0.849431 0.416141 0.015294 0.015535
0 0.598577 0.664784 0.015598 0.015226
0 0.590152 0.011621 0.015532 0.015244
0 0.534300 0.720785 0.015408 0.015304
0 0.833147 0.457465 0.015406 0.015271
0 0.283217 0.801891 0.015370 0.015291
0 0.503918 0.126798 0.015288 0.015333
0 0.057612 0.761515 0.015383 0.015196
0 0.180151 0.751830 0.015417 0.015126
0 0.577315 0.792103 0.015583 0.014935
0 0.722490 0.642957 0.015391 0.015086
0 0.982030 0.554261 0.015388 0.015084
0 0.334735 0.118927 0.015201 0.015254
0 0.983840 0.921836 0.015303 0.015123
0 0.693002 0.823688 0.015313 0.015063
0 0.536909 0.209632 0.015254 0.015099
0 0.154135 0.993249 0.016973 0.013502
0 0.632064 0.976788 0.015129 0.015068
0 0.878917 0.582649 0.015109 0.015042
0 0.809072 0.102941 0.014935 0.015147
0 0.777910 0.353731 0.015092 0.014965
0 0.072474 0.006878 0.016416 0.013757
0 0.863089 0.678362 0.014846 0.015067
0 0.790982 0.705681 0.015040 0.014841
0 0.444101 0.099785 0.014948 0.014722
0 0.559536 0.041446 0.014820 0.014704
0 0.880694 0.837724 0.014711 0.014387
0 0.935484 0.530775 0.014516 0.014493
0 0.710058 0.469868 0.014471 0.014461
0 0.059310 0.992668 0.015106 0.013770
0 0.509305 0.995070 0.016669 0.009859
0 0.995426 0.093272 0.009148 0.014079
