0 0.137553 0.214038 0.017897 0.017671
0 0.728474 0.219335 0.017765 0.017706
0 0.351810 0.668409 0.017388 0.017106
0 0.483658 0.671981 0.017332 0.016920
0 0.962588 0.947800 0.017241 0.016959
0 0.365088 0.904482 0.017138 0.016998
0 0.400174 0.688828 0.016862 0.017232
0 0.318947 0.743111 0.017056 0.016902
0 0.491793 0.982202 0.016905 0.016831
0 0.880213 0.389264 0.016769 0.016706
0 0.930412 0.339544 0.016839 0.016633
0 0.398522 0.968230 0.016728 0.016711
0 0.393198 0.776578 0.016826 0.016571
0 0.618046 0.533258 0.016521 0.016751
0 0.108824 0.758573 0.016617 0.016642
0 0.665308 0.488969 0.016182 0.016959
0 0.617957 0.801134 0.016495 0.016406
0 0.739994 0.510482 0.016658 0.016235
0 0.492057 0.895201 0.016534 0.016317
0 0.046424 0.186621 0.016467 0.016378
0 0.685835 0.391242 0.016216 0.016621
0 0.394008 0.381787 0.016475 0.016334
0 0.321263 0.666869 0.016355 0.016330
0 0.243106 0.723337 0.016415 0.016259
0 0.870233 0.897701 0.016372 0.016286
0 0.583455 0.641874 0.016504 0.016152
0 0.621964 0.495843 0.016534 0.016096
0 0.103341 0.531795 0.016411 0.016200
0 0.245698 0.668874 0.016526 0.016038
0 0.844204 0.460750 0.016412 0.016133
0 0.494487 0.286142 0.016321 0.016210
0 0.866468 0.740176 0.016439 0.016089
0 0.016487 0.358643 0.016536 0.015980
0 0.877200 0.857043 0.016476 0.016019
0 0.079195 0.745059 0.016373 0.016111
0 0.617905 0.328069 0.016321 0.016155
0 0.156844 0.347544 0.016244 0.016210
0 0.269097 0.276123 0.016250 0.016202
0 0.136462 0.323589 0.016161 0.016268
0 0.773537 0.403831 0.016289 0.016117
0 0.934655 0.170218 0.016217 0.016137
0 0.426860 0.644642 0.016145 0.016177
0 0.676255 0.302043 0.016056 0.016152
0 0.886215 0.830846 0.016230 0.015956
0 0.092059 0.319898 0.016018 0.016137
0 0.184547 0.965104 0.015955 0.016153
0 0.184226 0.902873 0.016121 0.015902
0 0.928306 0.237613 0.016040 0.015945
0 0.015876 0.275448 0.015946 0.016037
0 0.656478 0.726716 0.016350 0.015626
0 0.687654 0.847062 0.015927 0.016029
0 0.178097 0.827451 0.016003 0.015951
0 0.819370 0.065554 0.015862 0.016049
0 0.200795 0.015789 0.015784 0.016122
0 0.008894 0.832075 0.015784 0.016101
0 0.635270 0.841974 0.016095 0.015787
0 0.326370 0.129694 0.015991 0.015868
0 0.833080 0.031843 0.016037 0.015732
0 0.230502 0.377334 0.015935 0.015832
0 0.905166 0.394504 0.015790 0.015949
0 0.743942 0.158496 0.015799 0.015908
0 0.227667 0.575244 0.015992 0.015700
0 0.151661 0.010918 0.015835 0.015848
0 0.881891 0.171000 0.015953 0.015717
0 0.984620 0.655200 0.015792 0.015820
0 0.436364 0.131431 0.015792 0.015788
0 0.592345 0.263086 0.015786 0.015665
0 0.696549 0.730229 0.015762 0.015677
0 0.762912 0.459362 0.015747 0.015657
0 0.504978 0.542196 0.015922 0.015479
0 0.777750 0.343862 0.015848 0.015508
0 0.299800 0.500867 0.015821 0.015534
0 0.861230 0.675930 0.015800 0.015531
0 0.836713 0.279933 0.015663 0.015653
0 0.155478 0.677505 0.015626 0.015689
0 0.534105 0.721275 0.015765 0.015544
0 0.644863 0.425906 0.015652 0.015646
0 0.027671 0.486779 0.015735 0.015519
0 0.731334 0.661352 0.015779 0.015471
0 0.282901 0.801991 0.015653 0.015579
0 0.980631 0.554530 0.015730 0.015441
0 0.596253 0.107740 0.015693 0.015464
0 0.046640 0.895044 0.015599 0.015538
0 0.656235 0.676035 0.015552 0.015540
0 0.964410 0.668722 0.015626 0.015414
0 0.059295 0.852453 0.015471 0.015557
0 0.034486 0.531491 0.015441 0.015576
0 0.399000 0.229026 0.015633 0.015359
0 0.884060 0.044715 0.015623 0.015359
0 0.144991 0.467354 0.015584 0.015394
0 0.779193 0.640244 0.015550 0.015389
0 0.460179 0.485631 0.015595 0.015318
0 0.009190 0.959754 0.015422 0.015479
0 0.688495 0.228952 0.015422 0.015470
0 0.739847 0.341657 0.015665 0.015222
0 0.170836 0.558947 0.015475 0.015406
0 0.555415 0.737261 0.015407 0.015437
0 0.260315 0.699141 0.015472 0.015361
0 0.919333 0.527053 0.015437 0.015350
0 0.290927 0.630541 0.015537 0.015244
0 0.704168 0.762710 0.015371 0.015395
0 0.100032 0.838492 0.015408 0.015349
0 0.196188 0.096426 0.015421 0.015324
0 0.627313 0.022022 0.015335 0.015375
0 0.974027 0.035937 0.015461 0.015166
0 0.967028 0.576879 0.015330 0.015249
0 0.300348 0.469097 0.015261 0.015278
0 0.306684 0.183539 0.015333 0.015194
0 0.766116 0.820409 0.015162 0.015217
0 0.178003 0.611121 0.015496 0.014881
0 0.072733 0.812631 0.015166 0.015201
0 0.457166 0.254925 0.015302 0.015033
0 0.039670 0.702593 0.015259 0.015067
0 0.880276 0.582131 0.015281 0.014960
0 0.774676 0.054441 0.015070 0.015124
0 0.853139 0.755381 0.015145 0.015037
0 0.879594 0.794913 0.015051 0.015098
0 0.389223 0.949539 0.015251 0.014858
0 0.726589 0.194416 0.015217 0.014846
0 0.911759 0.935971 0.015175 0.014855
0 0.579336 0.793002 0.015030 0.014950
0 0.265262 0.492251 0.015032 0.014745
0 0.166910 0.605853 0.014980 0.014793
0 0.204622 0.581713 0.014863 0.014891
0 0.094420 0.544369 0.014659 0.014660
0 0.623833 0.096792 0.014413 0.014815
0 0.323454 0.199401 0.014414 0.014630
0 0.199397 0.993913 0.016653 0.012174
0 0.006300 0.806655 0.012600 0.015961
0 0.225615 0.006774 0.014959 0.013320
0 0.005371 0.358560 0.010742 0.015122
0 0.019580 0.004252 0.016268 0.008503
0 0.997276 0.924812 0.005448 0.015728
0 0.997422 0.888119 0.005157 0.014111
