0 0.146751 0.867411 0.017974 0.018085
0 0.388664 0.681048 0.017075 0.017204
0 0.721770 0.223799 0.017007 0.017061
0 0.593433 0.492776 0.017115 0.016901
0 0.381947 0.776393 0.016905 0.016961
0 0.584007 0.671586 0.016761 0.016870
0 0.118650 0.755558 0.016681 0.016850
0 0.378705 0.362864 0.016831 0.016630
0 0.213415 0.685950 0.016530 0.016886
0 0.120084 0.724193 0.016576 0.016670
0 0.541624 0.889691 0.016555 0.016536
0 0.326121 0.740251 0.016611 0.016444
0 0.053977 0.785125 0.016541 0.016492
0 0.616915 0.532799 0.016493 0.016530
0 0.783697 0.340829 0.016499 0.016466
0 0.366783 0.691732 0.016493 0.016436
0 0.044084 0.184127 0.016381 0.016424
0 0.230485 0.582071 0.016417 0.016348
0 0.459240 0.677572 0.016401 0.016321
0 0.796918 0.232779 0.016411 0.016296
0 0.682281 0.235401 0.016340 0.016357
0 0.238177 0.661947 0.016294 0.016388
0 0.581980 0.130439 0.016390 0.016274
0 0.717949 0.761538 0.016467 0.016195
0 0.333836 0.930191 0.016362 0.016276
0 0.628235 0.741296 0.016345 0.016287
0 0.509723 0.541708 0.016411 0.016194
0 0.496942 0.976012 0.016352 0.016230
0 0.617513 0.327982 0.016320 0.016206
0 0.849587 0.728819 0.016244 0.016222
0 0.496861 0.646035 0.016294 0.016165
0 0.007428 0.966833 0.014856 0.017720
0 0.741693 0.509473 0.016250 0.016188
0 0.648408 0.499090 0.016374 0.016039
0 0.028817 0.377337 0.016288 0.016117
0 0.909239 0.834814 0.016177 0.016194
0 0.916348 0.407752 0.016123 0.016211
0 0.169713 0.241210 0.016185 0.016147
0 0.020132 0.347654 0.016185 0.016132
0 0.348797 0.471056 0.016180 0.016130
0 0.307423 0.893538 0.016219 0.016078
0 0.026581 0.483868 0.016101 0.016181
0 0.106456 0.525245 0.016112 0.016124
0 0.668827 0.694655 0.016070 0.016159
0 0.883422 0.281882 0.016000 0.016217
0 0.710856 0.385087 0.016114 0.016081
0 0.029821 0.797969 0.016396 0.015773
0 0.148885 0.328189 0.016075 0.016057
0 0.700289 0.726924 0.016044 0.016059
0 0.448757 0.248838 0.016135 0.015927
0 0.489272 0.316767 0.016111 0.015904
0 0.294872 0.609671 0.016046 0.015927
0 0.766648 0.393034 0.015952 0.016004
0 0.281287 0.276010 0.015899 0.015988
0 0.867672 0.887708 0.016098 0.015789
0 0.640016 0.779776 0.015912 0.015973
0 0.180922 0.072345 0.016150 0.015734
0 0.958542 0.145213 0.015907 0.015969
0 0.033735 0.534814 0.015737 0.016137
0 0.590749 0.262651 0.016104 0.015764
0 0.439763 0.119771 0.016121 0.015730
0 0.612651 0.145399 0.015917 0.015926
0 0.112546 0.234541 0.015883 0.015928
0 0.457915 0.622504 0.015954 0.015850
0 0.294712 0.497429 0.015947 0.015851
0 0.772886 0.611745 0.015880 0.015879
0 0.832542 0.077953 0.015967 0.015765
0 0.020919 0.896147 0.015964 0.015724
0 0.169404 0.966906 0.015835 0.015810
0 0.614581 0.808770 0.015977 0.015660
0 0.114755 0.292544 0.015888 0.015743
0 0.108711 0.681013 0.015745 0.015880
0 0.172905 0.559949 0.015899 0.015722
0 0.305319 0.468068 0.015900 0.015666
0 0.831135 0.799576 0.015784 0.015777
0 0.644411 0.426127 0.015783 0.015774
0 0.329935 0.665637 0.015765 0.015774
0 0.627065 0.036884 0.016093 0.015441
0 0.882228 0.582332 0.015832 0.015677
0 0.683925 0.143154 0.015791 0.015652
0 0.751216 0.449321 0.015805 0.015636
0 0.516619 0.629232 0.015800 0.015625
0 0.893159 0.152829 0.015760 0.015642
0 0.864331 0.525016 0.015796 0.015570
0 0.986393 0.927863 0.015779 0.015555
0 0.182297 0.475261 0.015728 0.015603
0 0.096753 0.036674 0.015756 0.015534
0 0.712570 0.316544 0.015479 0.015764
0 0.063312 0.236497 0.015402 0.015834
0 0.770195 0.837962 0.015730 0.015475
0 0.847611 0.449907 0.015642 0.015554
0 0.737750 0.624307 0.015614 0.015495
0 0.249206 0.716619 0.015453 0.015610
0 0.103217 0.588105 0.015568 0.015476
0 0.965254 0.338105 0.015653 0.015374
0 0.272067 0.148331 0.015648 0.015375
0 0.152314 0.580244 0.015733 0.015290
0 0.662432 0.850523 0.015558 0.015458
0 0.038624 0.702851 0.015595 0.015406
0 0.300720 0.151798 0.015514 0.015465
0 0.101553 0.372642 0.015402 0.015572
0 0.992627 0.733949 0.014746 0.016202
0 0.282885 0.802047 0.015465 0.015431
0 0.400653 0.224222 0.015507 0.015372
0 0.189227 0.360888 0.015536 0.015307
0 0.183162 0.614250 0.015490 0.015323
0 0.861584 0.676692 0.015431 0.015379
0 0.878305 0.797470 0.015428 0.015368
0 0.964989 0.955096 0.015735 0.015044
0 0.063993 0.708887 0.015163 0.015550
0 0.456667 0.485595 0.015401 0.015288
0 0.534261 0.720550 0.015329 0.015284
0 0.555348 0.739252 0.015364 0.015246
0 0.204925 0.095019 0.015351 0.015229
0 0.370550 0.990834 0.015568 0.014944
0 0.882701 0.398220 0.015350 0.015077
0 0.875003 0.837640 0.015289 0.015125
0 0.579666 0.792701 0.015209 0.015180
0 0.785197 0.071710 0.015248 0.015124
0 0.254581 0.040918 0.015264 0.015028
0 0.746973 0.359426 0.015330 0.014960
0 0.962758 0.669332 0.015119 0.015111
0 0.262944 0.497683 0.015213 0.014959
0 0.230694 0.377664 0.015117 0.015010
0 0.205333 0.992519 0.015925 0.014061
0 0.258732 0.699989 0.015028 0.014826
0 0.035607 0.825043 0.014930 0.014785
0 0.708837 0.504743 0.014869 0.014727
0 0.990650 0.605864 0.014981 0.014532
0 0.981155 0.554374 0.014800 0.014591
0 0.752807 0.006671 0.015366 0.013286
0 0.908033 0.931101 0.014330 0.014132
0 0.994664 0.957942 0.010672 0.013888
0 0.891035 0.004212 0.016996 0.008424
0 0.028641 0.003391 0.019018 0.006782
0 0.119188 0.996578 0.018049 0.006844
0 0.078838 0.002735 0.017886 0.005470
