0 0.050409 0.907266 0.017111 0.017059
0 0.887290 0.470940 0.017062 0.017089
0 0.935272 0.553950 0.017134 0.016986
0 0.255230 0.387868 0.017234 0.016778
0 0.368549 0.415985 0.016902 0.016912
0 0.483111 0.087836 0.016940 0.016839
0 0.298381 0.507497 0.016552 0.016879
0 0.132357 0.568270 0.016693 0.016667
0 0.315780 0.530391 0.016871 0.016414
0 0.345002 0.312412 0.016656 0.016541
0 0.072150 0.379657 0.016616 0.016556
0 0.576865 0.616225 0.016735 0.016370
0 0.067873 0.791392 0.016576 0.016497
0 0.594537 0.589865 0.016541 0.016514
0 0.033575 0.556948 0.016731 0.016317
0 0.624607 0.822027 0.016634 0.016412
0 0.491288 0.957946 0.016446 0.016596
0 0.456627 0.596889 0.016441 0.016589
0 0.763176 0.110420 0.016507 0.016366
0 0.054483 0.058102 0.016567 0.016246
0 0.969813 0.436776 0.016457 0.016348
0 0.924808 0.625088 0.016528 0.016229
0 0.903950 0.422203 0.016310 0.016439
0 0.591345 0.911041 0.016641 0.016086
0 0.881363 0.736508 0.016211 0.016481
0 0.046820 0.218211 0.016421 0.016229
0 0.658270 0.467945 0.016391 0.016195
0 0.533004 0.422400 0.016397 0.016182
0 0.506791 0.506705 0.016315 0.016228
0 0.874275 0.773995 0.016201 0.016315
0 0.708757 0.944567 0.016308 0.016187
0 0.919635 0.397686 0.016182 0.016265
0 0.579400 0.792724 0.016209 0.016236
0 0.625130 0.294099 0.016261 0.016182
0 0.797647 0.936557 0.016046 0.016390
0 0.432108 0.256415 0.016125 0.016288
0 0.462833 0.391510 0.016150 0.016216
0 0.255096 0.346520 0.016210 0.016142
0 0.435318 0.581018 0.016398 0.015941
0 0.624615 0.633598 0.016229 0.016082
0 0.872119 0.845908 0.016264 0.016006
0 0.644783 0.385265 0.016080 0.016167
0 0.192762 0.849291 0.016226 0.016017
0 0.180397 0.707471 0.016075 0.016044
0 0.939355 0.873582 0.016197 0.015916
0 0.068304 0.430668 0.016011 0.016053
0 0.912618 0.569764 0.016041 0.016006
0 0.915644 0.889940 0.016141 0.015851
0 0.630044 0.235445 0.016119 0.015857
0 0.009778 0.820983 0.016102 0.015864
0 0.056210 0.850804 0.015962 0.015978
0 0.195442 0.013457 0.016127 0.015759
0 0.271844 0.536772 0.015971 0.015911
0 0.352560 0.343522 0.016049 0.015833
0 0.316650 0.395813 0.015974 0.015888
0 0.023813 0.106963 0.016121 0.015728
0 0.035024 0.615284 0.015816 0.015957
0 0.679737 0.729658 0.015932 0.015799
0 0.319632 0.665455 0.015829 0.015889
0 0.821111 0.124465 0.016078 0.015594
0 0.016708 0.027668 0.015869 0.015795
0 0.850317 0.403577 0.015784 0.015880
0 0.904761 0.251838 0.015876 0.015765
0 0.618536 0.530945 0.015890 0.015693
0 0.057168 0.819026 0.015799 0.015757
0 0.907299 0.194155 0.015888 0.015628
0 0.864130 0.904012 0.015684 0.015781
0 0.863770 0.674801 0.015691 0.015724
0 0.362315 0.179953 0.015599 0.015814
0 0.558693 0.733165 0.015726 0.015682
0 0.761441 0.824800 0.015800 0.015587
0 0.894401 0.095202 0.015723 0.015654
0 0.527386 0.714469 0.015692 0.015670
0 0.713981 0.660031 0.015763 0.015593
0 0.495721 0.526063 0.015527 0.015826
0 0.034814 0.532497 0.015639 0.015678
0 0.716472 0.759648 0.015628 0.015665
0 0.231496 0.372806 0.015718 0.015535
0 0.834788 0.184965 0.015597 0.015655
0 0.614746 0.325245 0.015885 0.015368
0 0.854955 0.011482 0.015598 0.015648
0 0.929441 0.466415 0.015767 0.015475
0 0.140254 0.689076 0.015614 0.015616
0 0.767262 0.240181 0.015569 0.015603
0 0.507279 0.542748 0.015600 0.015563
0 0.182172 0.610273 0.015657 0.015504
0 0.148615 0.041304 0.015640 0.015510
0 0.883469 0.402059 0.015538 0.015605
0 0.030201 0.847175 0.015602 0.015518
0 0.780080 0.277354 0.015534 0.015570
0 0.364801 0.006760 0.017877 0.013520
0 0.516163 0.224318 0.015668 0.015406
0 0.745818 0.506245 0.015444 0.015593
0 0.016865 0.959710 0.015585 0.015430
0 0.007040 0.356513 0.014012 0.017156
0 0.503141 0.290996 0.015594 0.015373
0 0.830088 0.315954 0.015503 0.015416
0 0.462990 0.754611 0.015515 0.015398
0 0.379516 0.891486 0.015603 0.015276
0 0.980650 0.552987 0.015532 0.015337
0 0.353451 0.827655 0.015439 0.015353
0 0.235917 0.086844 0.015233 0.015546
0 0.039368 0.702070 0.015521 0.015222
0 0.645456 0.425688 0.015390 0.015345
0 0.800271 0.185490 0.015328 0.015395
0 0.331568 0.278509 0.015494 0.015205
0 0.298670 0.468215 0.015484 0.015140
0 0.966959 0.666114 0.015500 0.015123
0 0.880241 0.581145 0.015403 0.015207
0 0.521555 0.674987 0.015503 0.015105
0 0.569169 0.893789 0.015305 0.015249
0 0.858773 0.455778 0.015303 0.015221
0 0.458556 0.768317 0.015330 0.015161
0 0.718019 0.228175 0.015255 0.015208
0 0.275834 0.904760 0.015304 0.015155
0 0.651009 0.293860 0.015185 0.015257
0 0.218891 0.762239 0.015569 0.014821
0 0.780505 0.349688 0.015399 0.014974
0 0.174566 0.561876 0.015340 0.014996
0 0.060109 0.706991 0.015070 0.015238
0 0.179104 0.075010 0.015199 0.015088
0 0.645271 0.523396 0.015165 0.015046
0 0.323185 0.622009 0.015080 0.015126
0 0.887529 0.291902 0.015113 0.015078
0 0.150936 0.645108 0.015086 0.014980
0 0.951182 0.208961 0.015032 0.014969
0 0.483098 0.838073 0.015105 0.014802
0 0.283826 0.800153 0.015134 0.014761
0 0.020302 0.491372 0.015038 0.014849
0 0.678247 0.503707 0.015065 0.014822
0 0.905783 0.040210 0.014969 0.014909
0 0.424589 0.752130 0.014738 0.014711
0 0.114354 0.741031 0.014755 0.014680
0 0.969642 0.313541 0.014646 0.014497
0 0.573263 0.316672 0.014035 0.013844
0 0.475280 0.005546 0.016924 0.011082
0 0.995233 0.508817 0.009534 0.016172
0 0.901632 0.997301 0.015128 0.005399
0 0.997362 0.132969 0.005276 0.014384
