0 0.144030 0.969850 0.017195 0.017596
0 0.090886 0.927066 0.017325 0.017279
0 0.391229 0.685506 0.017047 0.017400
0 0.031387 0.305816 0.017164 0.017130
0 0.504277 0.958519 0.017226 0.016990
0 0.781192 0.169479 0.016779 0.017081
0 0.384346 0.437397 0.016961 0.016783
0 0.028273 0.835901 0.016915 0.016775
0 0.295107 0.811950 0.016601 0.016791
0 0.123798 0.790096 0.016750 0.016565
0 0.104980 0.949064 0.016560 0.016727
0 0.917695 0.906452 0.016636 0.016556
0 0.588345 0.753111 0.016655 0.016500
0 0.390359 0.629119 0.016610 0.016489
0 0.418767 0.690368 0.016564 0.016478
0 0.618717 0.665494 0.016570 0.016471
0 0.308081 0.266943 0.016610 0.016409
0 0.211744 0.148149 0.016385 0.016574
0 0.744269 0.200640 0.016679 0.016267
0 0.696818 0.479258 0.016648 0.016291
0 0.794881 0.966111 0.016543 0.016393
0 0.108520 0.836267 0.016304 0.016620
0 0.161418 0.818409 0.016429 0.016437
0 0.310937 0.900529 0.016326 0.016520
0 0.322184 0.669609 0.016412 0.016389
0 0.649410 0.885313 0.016499 0.016294
0 0.656749 0.307381 0.016304 0.016431
0 0.286866 0.604434 0.016361 0.016369
0 0.237697 0.308230 0.016294 0.016418
0 0.410622 0.728512 0.016383 0.016276
0 0.765754 0.295756 0.016154 0.016459
0 0.723232 0.362342 0.016290 0.016172
0 0.061603 0.852824 0.016234 0.016194
0 0.182615 0.276432 0.016170 0.016256
0 0.024267 0.007713 0.017329 0.015139
0 0.833508 0.178447 0.016367 0.016005
0 0.265519 0.709222 0.016180 0.016116
0 0.363763 0.137479 0.016210 0.016078
0 0.193493 0.428365 0.016181 0.016071
0 0.617057 0.535039 0.016038 0.016182
0 0.297948 0.409218 0.016063 0.016135
0 0.181188 0.346235 0.016132 0.016063
0 0.511461 0.537258 0.016225 0.015938
0 0.352019 0.217287 0.016357 0.015783
0 0.321910 0.991976 0.016893 0.015254
0 0.471916 0.804387 0.016048 0.016048
0 0.631616 0.854348 0.016050 0.016002
0 0.653060 0.599795 0.016073 0.015968
0 0.615092 0.448272 0.016242 0.015790
0 0.209837 0.247482 0.016054 0.015962
0 0.923134 0.610057 0.016011 0.015996
0 0.030026 0.479518 0.015955 0.016008
0 0.230994 0.095531 0.016100 0.015822
0 0.616560 0.327430 0.016077 0.015799
0 0.287141 0.578082 0.015893 0.015979
0 0.112923 0.740907 0.015831 0.016007
0 0.744637 0.089375 0.016010 0.015773
0 0.385415 0.319233 0.015976 0.015801
0 0.293806 0.508578 0.015977 0.015789
0 0.802275 0.291080 0.015832 0.015931
0 0.705931 0.062230 0.016013 0.015712
0 0.262276 0.082702 0.015901 0.015808
0 0.632122 0.821972 0.015853 0.015832
0 0.824621 0.545347 0.015719 0.015897
0 0.191089 0.393034 0.015873 0.015686
0 0.934990 0.822928 0.015699 0.015858
0 0.153184 0.376396 0.015871 0.015635
0 0.876178 0.300590 0.015809 0.015684
0 0.645664 0.427220 0.015790 0.015691
0 0.617356 0.023026 0.015736 0.015722
0 0.781735 0.084153 0.015827 0.015623
0 0.742718 0.584908 0.015742 0.015698
0 0.232651 0.378408 0.015649 0.015757
0 0.370928 0.770617 0.015763 0.015624
0 0.946779 0.202501 0.016027 0.015279
0 0.694513 0.722653 0.015794 0.015476
0 0.304840 0.471422 0.015742 0.015519
0 0.908447 0.132866 0.015789 0.015465
0 0.551998 0.900982 0.015705 0.015513
0 0.171108 0.608777 0.015678 0.015496
0 0.903485 0.268466 0.015679 0.015452
0 0.160548 0.495378 0.015630 0.015493
0 0.106853 0.272002 0.015765 0.015358
0 0.504138 0.637716 0.015626 0.015463
0 0.462254 0.153863 0.015554 0.015503
0 0.949059 0.908169 0.015604 0.015450
0 0.668601 0.497813 0.015754 0.015263
0 0.203502 0.766158 0.015584 0.015414
0 0.083116 0.417228 0.015512 0.015463
0 0.024597 0.532720 0.015592 0.015373
0 0.703181 0.744521 0.015445 0.015447
0 0.825243 0.015717 0.015452 0.015415
0 0.577930 0.792206 0.015493 0.015372
0 0.875644 0.834991 0.015352 0.015508
0 0.949950 0.384535 0.015401 0.015457
0 0.536714 0.720757 0.015362 0.015484
0 0.777126 0.352143 0.015387 0.015457
0 0.824803 0.153957 0.015242 0.015598
0 0.300513 0.713174 0.015363 0.015459
0 0.744579 0.507630 0.015402 0.015410
0 0.466302 0.477947 0.015619 0.015176
0 0.962795 0.335714 0.015306 0.015467
0 0.820060 0.774371 0.015345 0.015370
0 0.177844 0.074972 0.015669 0.015052
0 0.465295 0.350682 0.015493 0.015216
0 0.091692 0.591689 0.015618 0.015078
0 0.563839 0.732797 0.015441 0.015222
0 0.802276 0.332548 0.015344 0.015298
0 0.891560 0.867381 0.015228 0.015378
0 0.127132 0.327959 0.015363 0.015201
0 0.169725 0.558831 0.015585 0.014877
0 0.978479 0.553236 0.015363 0.015076
0 0.884340 0.398098 0.015329 0.015091
0 0.216160 0.537152 0.015128 0.015288
0 0.887261 0.754459 0.015091 0.015239
0 0.845403 0.604153 0.015232 0.015084
0 0.704320 0.921619 0.015240 0.015060
0 0.961735 0.047029 0.015232 0.015060
0 0.663218 0.532789 0.015161 0.015080
0 0.790023 0.453007 0.015134 0.015086
0 0.934974 0.799335 0.015157 0.015034
0 0.706409 0.766983 0.015398 0.014781
0 0.061075 0.707952 0.015103 0.015031
0 0.252844 0.530510 0.015194 0.014872
0 0.961900 0.669246 0.014910 0.015115
0 0.760868 0.045551 0.015043 0.014968
0 0.409722 0.992802 0.015998 0.014013
0 0.877931 0.564100 0.014825 0.014979
0 0.847838 0.494808 0.015035 0.014635
0 0.188538 0.689327 0.014857 0.014799
0 0.865342 0.678961 0.014889 0.014707
0 0.492808 0.199227 0.014907 0.014520
0 0.993085 0.286822 0.013829 0.015549
0 0.672568 0.033071 0.014583 0.014417
0 0.006392 0.051560 0.012784 0.016288
0 0.005884 0.962842 0.011768 0.017000
0 0.994157 0.233774 0.011686 0.014850
0 0.003701 0.927160 0.007403 0.017676
0 0.996349 0.165843 0.007303 0.014441
0 0.003300 0.604825 0.006601 0.015638
0 0.002591 0.642292 0.005182 0.015947
0 0.997278 0.133371 0.005443 0.014757
