0 0.053052 0.059077 0.017542 0.017814
0 0.160244 0.358726 0.017371 0.017739
0 0.670249 0.822388 0.017414 0.017437
0 0.683439 0.711440 0.017472 0.017321
0 0.762937 0.299809 0.017193 0.017081
0 0.396369 0.758309 0.017356 0.016875
0 0.535001 0.677766 0.017216 0.016992
0 0.902109 0.895064 0.017034 0.017048
0 0.105718 0.401444 0.017053 0.016889
0 0.172391 0.267975 0.016900 0.016790
0 0.166854 0.743011 0.016956 0.016718
0 0.659911 0.636102 0.016900 0.016712
0 0.609442 0.629373 0.016956 0.016611
0 0.383578 0.122338 0.016780 0.016783
0 0.716476 0.607455 0.016843 0.016674
0 0.841552 0.257648 0.016851 0.016637
0 0.016188 0.889325 0.016732 0.016652
0 0.420710 0.765957 0.016877 0.016457
0 0.760908 0.693672 0.016673 0.016648
0 0.441888 0.615708 0.016748 0.016541
0 0.708191 0.759350 0.016632 0.016605
0 0.304855 0.533053 0.016923 0.016251
0 0.724096 0.220652 0.016596 0.016538
0 0.029097 0.543887 0.016823 0.016281
0 0.166015 0.687825 0.016377 0.016694
0 0.616010 0.532973 0.016574 0.016424
0 0.217908 0.166805 0.016534 0.016408
0 0.176568 0.494595 0.016512 0.016389
0 0.017353 0.648387 0.016357 0.016543
0 0.533109 0.720262 0.016724 0.016162
0 0.044038 0.810178 0.016580 0.016292
0 0.329170 0.165971 0.016531 0.016336
0 0.496095 0.335958 0.016504 0.016326
0 0.493377 0.941088 0.016289 0.016470
0 0.958970 0.837006 0.016397 0.016349
0 0.137869 0.987362 0.016368 0.016352
0 0.776646 0.988367 0.016587 0.016133
0 0.887188 0.390660 0.016054 0.016666
0 0.843242 0.195714 0.016361 0.016329
0 0.833915 0.467920 0.016395 0.016267
0 0.969865 0.618337 0.016389 0.016247
0 0.268907 0.182334 0.016361 0.016245
0 0.848007 0.093989 0.016358 0.016228
0 0.657104 0.028033 0.016337 0.016207
0 0.241389 0.245986 0.016352 0.016185
0 0.442209 0.955766 0.016141 0.016365
0 0.212048 0.621164 0.016089 0.016365
0 0.869757 0.488757 0.016255 0.016127
0 0.707112 0.868081 0.016139 0.016210
0 0.730768 0.018958 0.016223 0.016077
0 0.370262 0.864621 0.016094 0.016197
0 0.691062 0.007770 0.017316 0.015046
0 0.009268 0.965173 0.016165 0.016102
0 0.555980 0.734194 0.016222 0.016036
0 0.876722 0.837160 0.016225 0.016007
0 0.920501 0.442072 0.016028 0.016175
0 0.260261 0.765617 0.016178 0.016023
0 0.827748 0.325399 0.016024 0.016147
0 0.419589 0.403881 0.015970 0.016196
0 0.939553 0.183752 0.016108 0.016046
0 0.371301 0.655070 0.016095 0.016023
0 0.584726 0.412930 0.016173 0.015891
0 0.335230 0.277211 0.016041 0.015979
0 0.680520 0.400830 0.016054 0.015940
0 0.664892 0.264369 0.015998 0.015980
0 0.616640 0.327937 0.016126 0.015835
0 0.908308 0.938976 0.016049 0.015883
0 0.327412 0.667119 0.016050 0.015879
0 0.379408 0.599814 0.016102 0.015790
0 0.419478 0.798282 0.015792 0.016098
0 0.033560 0.848333 0.016016 0.015825
0 0.285210 0.802452 0.015786 0.016002
0 0.346032 0.731514 0.016029 0.015708
0 0.877257 0.950420 0.016012 0.015704
0 0.509523 0.537776 0.015834 0.015847
0 0.418435 0.463104 0.015885 0.015790
0 0.559353 0.184177 0.015871 0.015771
0 0.643937 0.426741 0.015782 0.015791
0 0.756905 0.211733 0.015784 0.015720
0 0.878397 0.316975 0.015868 0.015608
0 0.448124 0.242112 0.015741 0.015696
0 0.179978 0.073209 0.016023 0.015378
0 0.282861 0.356701 0.015725 0.015662
0 0.771504 0.446171 0.015727 0.015658
0 0.904417 0.581338 0.015725 0.015640
0 0.733107 0.119577 0.015849 0.015502
0 0.858436 0.167797 0.015667 0.015654
0 0.878176 0.582411 0.015411 0.015914
0 0.198646 0.361460 0.015763 0.015472
0 0.228294 0.378873 0.015770 0.015448
0 0.394198 0.693838 0.015609 0.015606
0 0.259925 0.011186 0.015872 0.015347
0 0.526198 0.751985 0.015650 0.015558
0 0.031321 0.412448 0.015684 0.015521
0 0.278777 0.601126 0.015666 0.015487
0 0.852510 0.026304 0.015752 0.015251
0 0.180707 0.988766 0.015413 0.015586
0 0.308232 0.469703 0.015491 0.015505
0 0.722776 0.300082 0.015466 0.015502
0 0.417729 0.311079 0.015724 0.015244
0 0.062801 0.709463 0.015370 0.015593
0 0.736602 0.934871 0.015537 0.015418
0 0.274737 0.820608 0.015419 0.015501
0 0.666002 0.570571 0.015552 0.015367
0 0.764953 0.041110 0.015551 0.015332
0 0.197619 0.097990 0.015302 0.015556
0 0.577356 0.790867 0.015591 0.015266
0 0.863420 0.679809 0.015426 0.015428
0 0.953708 0.800706 0.015499 0.015349
0 0.791743 0.566266 0.015613 0.015235
0 0.084889 0.593219 0.015383 0.015405
0 0.699479 0.490764 0.015368 0.015383
0 0.877648 0.354795 0.015501 0.015250
0 0.032191 0.467842 0.015396 0.015354
0 0.490710 0.470781 0.015478 0.015226
0 0.168020 0.559139 0.015355 0.015256
0 0.527786 0.367441 0.015258 0.015310
0 0.979189 0.553486 0.015475 0.015075
0 0.890642 0.185216 0.015320 0.015207
0 0.018523 0.078532 0.015334 0.015171
0 0.235875 0.332302 0.015410 0.015073
0 0.778772 0.353426 0.015405 0.015048
0 0.963290 0.669117 0.015259 0.015182
0 0.672765 0.502025 0.015324 0.015092
0 0.126807 0.476811 0.015386 0.014990
0 0.228669 0.091926 0.015271 0.015057
0 0.571789 0.909432 0.015292 0.014896
0 0.035315 0.697351 0.015038 0.015109
0 0.206672 0.450889 0.015121 0.015004
0 0.061473 0.868178 0.015049 0.015033
0 0.295321 0.505568 0.015190 0.014860
0 0.186126 0.645616 0.015061 0.014834
0 0.745776 0.506933 0.014815 0.015067
0 0.177881 0.605732 0.014702 0.014590
0 0.153323 0.579051 0.014416 0.014503
0 0.005872 0.480288 0.011743 0.017640
0 0.005464 0.353719 0.010890 0.018490
0 0.228663 0.468243 0.014249 0.014116
0 0.932435 0.007345 0.014101 0.013623
0 0.993400 0.994678 0.012216 0.010460
0 0.997275 0.712228 0.005450 0.015310
