0 0.113714 0.401952 0.017590 0.017803
0 0.320368 0.854737 0.017549 0.017645
0 0.049689 0.959794 0.017107 0.017126
0 0.793789 0.253447 0.017283 0.016905
0 0.270309 0.288843 0.017064 0.017115
0 0.599745 0.774090 0.016983 0.017144
0 0.367112 0.724404 0.016883 0.017037
0 0.116458 0.983079 0.016758 0.017113
0 0.386536 0.815490 0.016957 0.016871
0 0.170031 0.834865 0.016701 0.016948
0 0.925344 0.121067 0.016736 0.016860
0 0.658464 0.311722 0.016831 0.016671
0 0.365829 0.913752 0.016630 0.016731
0 0.077487 0.700761 0.016698 0.016645
0 0.405031 0.632594 0.016642 0.016683
0 0.174835 0.714269 0.016696 0.016453
0 0.420923 0.612048 0.016556 0.016507
0 0.105471 0.953830 0.016541 0.016495
0 0.884057 0.129563 0.016615 0.016364
0 0.878437 0.824931 0.016646 0.016305
0 0.616315 0.323977 0.016653 0.016256
0 0.965565 0.217981 0.016525 0.016367
0 0.240728 0.268404 0.016429 0.016307
0 0.059059 0.873190 0.016410 0.016269
0 0.864409 0.338197 0.016374 0.016291
0 0.232566 0.452210 0.016379 0.016282
0 0.797122 0.755816 0.016460 0.016178
0 0.154912 0.503055 0.016331 0.016293
0 0.141774 0.160136 0.016321 0.016248
0 0.050650 0.342940 0.016194 0.016356
0 0.930793 0.907020 0.016334 0.016205
0 0.174614 0.145966 0.016267 0.016271
0 0.843210 0.048559 0.016468 0.016061
0 0.375571 0.768256 0.016360 0.016161
0 0.776140 0.414243 0.016193 0.016312
0 0.481260 0.319697 0.016322 0.016176
0 0.097563 0.463308 0.016355 0.016096
0 0.677657 0.709994 0.016176 0.016039
0 0.010274 0.950249 0.016185 0.015996
0 0.861351 0.553663 0.016039 0.016138
0 0.262616 0.661036 0.016298 0.015874
0 0.677672 0.801548 0.016177 0.015992
0 0.317076 0.176585 0.016079 0.016050
0 0.866057 0.701021 0.016001 0.016126
0 0.577978 0.728123 0.016138 0.015975
0 0.511820 0.418763 0.016025 0.016075
0 0.613657 0.513502 0.015860 0.016240
0 0.310864 0.739216 0.016164 0.015915
0 0.613979 0.193658 0.016067 0.015997
0 0.728857 0.327070 0.016033 0.016024
0 0.085143 0.090177 0.015912 0.016057
0 0.068838 0.593318 0.015934 0.016032
0 0.926783 0.206065 0.015997 0.015965
0 0.102272 0.563383 0.016018 0.015943
0 0.920113 0.031501 0.016076 0.015872
0 0.493635 0.960122 0.015977 0.015962
0 0.359377 0.571054 0.015991 0.015933
0 0.452398 0.253925 0.016060 0.015811
0 0.616851 0.533564 0.015843 0.015982
0 0.459881 0.716750 0.016031 0.015792
0 0.968537 0.412477 0.015545 0.016283
0 0.496574 0.303918 0.015914 0.015891
0 0.557563 0.928475 0.015874 0.015900
0 0.681715 0.388841 0.015867 0.015903
0 0.704453 0.156481 0.015780 0.015973
0 0.043621 0.827859 0.016047 0.015700
0 0.246888 0.636289 0.015988 0.015751
0 0.902215 0.660879 0.015941 0.015783
0 0.728279 0.180341 0.016102 0.015612
0 0.022667 0.295662 0.015869 0.015835
0 0.774132 0.349323 0.015914 0.015766
0 0.156971 0.700946 0.015877 0.015779
0 0.499692 0.084261 0.015747 0.015870
0 0.441294 0.525086 0.015808 0.015722
0 0.037593 0.701309 0.015596 0.015933
0 0.127459 0.802655 0.015907 0.015603
0 0.508383 0.539325 0.015872 0.015628
0 0.858595 0.480470 0.015868 0.015629
0 0.881794 0.401680 0.015851 0.015629
0 0.032567 0.532165 0.015734 0.015745
0 0.737824 0.830836 0.015751 0.015698
0 0.536310 0.720195 0.015674 0.015771
0 0.822116 0.215703 0.015668 0.015738
0 0.708757 0.759224 0.015695 0.015702
0 0.896438 0.846081 0.015860 0.015537
0 0.858432 0.671519 0.015722 0.015655
0 0.292187 0.492947 0.015798 0.015524
0 0.150895 0.203456 0.015620 0.015667
0 0.745502 0.506409 0.015631 0.015640
0 0.179052 0.071768 0.015757 0.015503
0 0.324519 0.971459 0.015579 0.015660
0 0.642480 0.695089 0.015468 0.015731
0 0.886344 0.892400 0.015629 0.015559
0 0.968258 0.623232 0.015708 0.015469
0 0.454968 0.695727 0.015793 0.015379
0 0.318911 0.667767 0.015460 0.015693
0 0.557013 0.735287 0.015536 0.015612
0 0.689223 0.544839 0.015599 0.015515
0 0.179167 0.611085 0.015700 0.015380
0 0.587015 0.049028 0.015658 0.015327
0 0.608073 0.660417 0.015521 0.015424
0 0.760591 0.388273 0.015691 0.015239
0 0.882070 0.581566 0.015396 0.015522
0 0.691984 0.115799 0.015584 0.015329
0 0.775195 0.031318 0.015443 0.015461
0 0.970296 0.840424 0.015406 0.015452
0 0.234007 0.377843 0.015505 0.015340
0 0.165938 0.558937 0.015470 0.015366
0 0.863896 0.438352 0.015459 0.015322
0 0.744767 0.729300 0.015475 0.015273
0 0.533674 0.671725 0.015475 0.015255
0 0.646223 0.426908 0.015337 0.015381
0 0.254864 0.008580 0.015420 0.015268
0 0.590799 0.669288 0.015463 0.015203
0 0.462998 0.117129 0.015382 0.015271
0 0.282791 0.801469 0.015408 0.015221
0 0.578973 0.790146 0.015456 0.015112
0 0.807306 0.131933 0.015381 0.015038
0 0.090080 0.507154 0.015348 0.015033
0 0.519835 0.449963 0.015105 0.015240
0 0.435746 0.473730 0.015294 0.015045
0 0.962824 0.671955 0.015107 0.015151
0 0.750437 0.402641 0.015001 0.015061
0 0.888773 0.637530 0.015171 0.014871
0 0.303611 0.466292 0.014998 0.015025
0 0.349193 0.137256 0.014928 0.014931
0 0.467999 0.081351 0.014984 0.014847
0 0.669624 0.034106 0.014844 0.014962
0 0.669418 0.500581 0.015056 0.014706
0 0.235499 0.087679 0.014764 0.014939
0 0.696552 0.493339 0.014886 0.014720
0 0.541065 0.078731 0.014912 0.014565
0 0.979419 0.553040 0.014727 0.014678
0 0.953808 0.809168 0.013664 0.013275
0 0.004974 0.010169 0.009946 0.015394
0 0.004497 0.258910 0.008994 0.016736
