0 0.653670 0.816882 0.018298 0.018130
0 0.046757 0.793923 0.018148 0.018118
0 0.875700 0.473503 0.017252 0.017473
0 0.035792 0.840237 0.017359 0.017143
0 0.711045 0.605749 0.017174 0.017228
0 0.284345 0.600362 0.017105 0.017106
0 0.896937 0.931137 0.017192 0.016885
0 0.490159 0.941474 0.017046 0.016877
0 0.876393 0.837617 0.017225 0.016662
0 0.161755 0.343338 0.016950 0.016924
0 0.096933 0.425613 0.017044 0.016780
0 0.670826 0.869228 0.016853 0.016891
0 0.231142 0.247882 0.016748 0.016954
0 0.160884 0.691078 0.016765 0.016895
0 0.895967 0.902581 0.016763 0.016880
0 0.578074 0.435760 0.016788 0.016828
0 0.221670 0.297727 0.016840 0.016740
0 0.326712 0.268668 0.016771 0.016799
0 0.669113 0.628102 0.016779 0.016785
0 0.980487 0.980899 0.016683 0.016880
0 0.617122 0.823807 0.016791 0.016758
0 0.892523 0.393118 0.016624 0.016887
0 0.010919 0.329910 0.016749 0.016756
0 0.684630 0.711589 0.016845 0.016652
0 0.824233 0.468066 0.016690 0.016720
0 0.161845 0.407545 0.016750 0.016655
0 0.032176 0.544676 0.016945 0.016453
0 0.180139 0.270161 0.016717 0.016627
0 0.835266 0.272553 0.016773 0.016569
0 0.769652 0.717786 0.016651 0.016663
0 0.615393 0.532812 0.016687 0.016581
0 0.801802 0.589543 0.016637 0.016524
0 0.836499 0.208885 0.016616 0.016528
0 0.015395 0.893299 0.016495 0.016596
0 0.166148 0.488115 0.016698 0.016384
0 0.210678 0.614799 0.016647 0.016434
0 0.207206 0.721535 0.016527 0.016521
0 0.772575 0.268697 0.016204 0.016821
0 0.967284 0.828783 0.016596 0.016423
0 0.763385 0.685829 0.016381 0.016636
0 0.154307 0.653459 0.016633 0.016272
0 0.607764 0.616011 0.016494 0.016404
0 0.072337 0.010914 0.016493 0.016392
0 0.505323 0.536623 0.016592 0.016241
0 0.430065 0.585371 0.016570 0.016241
0 0.531014 0.736285 0.016495 0.016310
0 0.856884 0.175300 0.016461 0.016310
0 0.643300 0.586859 0.016454 0.016260
0 0.335637 0.152398 0.016290 0.016402
0 0.552021 0.884209 0.016284 0.016395
0 0.775032 0.989951 0.016058 0.016591
0 0.394746 0.582686 0.016355 0.016285
0 0.057607 0.058507 0.016262 0.016367
0 0.026925 0.663474 0.016357 0.016246
0 0.713372 0.757435 0.016303 0.016248
0 0.531521 0.676190 0.016336 0.016189
0 0.229576 0.373480 0.016404 0.016056
0 0.679763 0.410747 0.016278 0.016151
0 0.773620 0.441315 0.016239 0.016189
0 0.401694 0.631118 0.016226 0.016160
0 0.427312 0.769043 0.016295 0.016077
0 0.480793 0.470982 0.016005 0.016349
0 0.371497 0.815396 0.016211 0.016104
0 0.521575 0.321331 0.016212 0.016091
0 0.162556 0.981380 0.016093 0.016200
0 0.893950 0.971834 0.016185 0.016080
0 0.422790 0.125842 0.016376 0.015886
0 0.786665 0.060455 0.016030 0.016171
0 0.656705 0.761364 0.015914 0.016240
0 0.173101 0.647062 0.015998 0.016115
0 0.233982 0.089295 0.015845 0.016201
0 0.579246 0.791270 0.016218 0.015817
0 0.060167 0.390363 0.015834 0.016155
0 0.718729 0.203969 0.016356 0.015630
0 0.984426 0.780563 0.016014 0.015910
0 0.398703 0.826331 0.016121 0.015787
0 0.419238 0.949315 0.015995 0.015832
0 0.417022 0.749215 0.016119 0.015689
0 0.939610 0.199119 0.016082 0.015717
0 0.271794 0.750902 0.016092 0.015706
0 0.961791 0.669548 0.015907 0.015829
0 0.295981 0.505803 0.016029 0.015685
0 0.061998 0.707706 0.015926 0.015781
0 0.884782 0.566787 0.015922 0.015663
0 0.644077 0.426101 0.015824 0.015751
0 0.654172 0.260506 0.015832 0.015732
0 0.442164 0.293568 0.015944 0.015594
0 0.672220 0.500643 0.015936 0.015567
0 0.126874 0.578152 0.015725 0.015773
0 0.422539 0.394631 0.016028 0.015473
0 0.169740 0.558450 0.015724 0.015772
0 0.558451 0.732572 0.015775 0.015673
0 0.718733 0.224018 0.015653 0.015762
0 0.213322 0.443045 0.015545 0.015851
0 0.749077 0.120236 0.015685 0.015698
0 0.338704 0.364161 0.015714 0.015645
0 0.863395 0.678804 0.015548 0.015810
0 0.957242 0.803311 0.015676 0.015670
0 0.032498 0.473680 0.015869 0.015465
0 0.143145 0.368005 0.015768 0.015532
0 0.322440 0.669903 0.015684 0.015581
0 0.615833 0.327272 0.015686 0.015462
0 0.772553 0.355974 0.015429 0.015711
0 0.735890 0.936025 0.015625 0.015496
0 0.986799 0.721053 0.015632 0.015454
0 0.838913 0.326306 0.015465 0.015597
0 0.250243 0.007599 0.016385 0.014709
0 0.279956 0.147020 0.015346 0.015646
0 0.062686 0.847547 0.015327 0.015571
0 0.746923 0.508267 0.015386 0.015437
0 0.007151 0.964666 0.014301 0.016597
0 0.306331 0.470414 0.015395 0.015393
0 0.448877 0.250681 0.015456 0.015278
0 0.357576 0.728723 0.015405 0.015240
0 0.736902 0.026674 0.015560 0.015064
0 0.533931 0.369781 0.015424 0.015157
0 0.404600 0.672099 0.015271 0.015282
0 0.125566 0.443299 0.015054 0.015266
0 0.243124 0.467591 0.015316 0.014984
0 0.448185 0.942142 0.015020 0.015219
0 0.282089 0.801502 0.015216 0.014916
0 0.569346 0.177735 0.015062 0.015000
0 0.845479 0.011341 0.015114 0.014924
0 0.979704 0.553588 0.015178 0.014830
0 0.755964 0.044629 0.015047 0.014941
0 0.177651 0.606727 0.014959 0.014953
0 0.723020 0.299130 0.014889 0.014753
0 0.279455 0.817014 0.014927 0.014702
0 0.690543 0.020211 0.014784 0.014540
0 0.941854 0.006425 0.014863 0.012849
0 0.463400 0.994017 0.015623 0.011863
0 0.674340 0.005064 0.014524 0.010103
0 0.003034 0.081567 0.006067 0.018675
0 0.997050 0.604433 0.005901 0.014842
0 0.997294 0.271983 0.005413 0.012750
