0 0.741355 0.308125 0.017398 0.017202
0 0.068906 0.650374 0.017440 0.017059
0 0.106611 0.562641 0.017133 0.017152
0 0.529199 0.105961 0.017066 0.016926
0 0.630942 0.038000 0.016985 0.016825
0 0.891894 0.126533 0.016943 0.016738
0 0.353381 0.980412 0.016616 0.016801
0 0.117674 0.747649 0.016729 0.016681
0 0.319082 0.182549 0.016525 0.016656
0 0.068777 0.332505 0.016565 0.016603
0 0.603726 0.759192 0.016674 0.016395
0 0.159087 0.703309 0.016549 0.016487
0 0.068478 0.879641 0.016370 0.016656
0 0.586243 0.113813 0.016487 0.016526
0 0.944202 0.502454 0.016640 0.016342
0 0.585437 0.153422 0.016331 0.016540
0 0.932072 0.602943 0.016470 0.016354
0 0.302513 0.315573 0.016491 0.016273
0 0.709337 0.588806 0.016473 0.016277
0 0.809387 0.750084 0.016578 0.016169
0 0.220744 0.810097 0.016332 0.016403
0 0.009784 0.961582 0.016672 0.016061
0 0.571807 0.183068 0.016296 0.016331
0 0.915351 0.246553 0.016245 0.016311
0 0.849514 0.160735 0.016225 0.016298
0 0.625292 0.369850 0.016185 0.016300
0 0.038003 0.117160 0.016164 0.016278
0 0.451489 0.731008 0.016199 0.016111
0 0.323937 0.104789 0.016150 0.016119
0 0.291630 0.114435 0.016073 0.016158
0 0.909087 0.169606 0.016302 0.015896
0 0.015080 0.758416 0.016167 0.016008
0 0.561480 0.733222 0.016017 0.016156
0 0.298499 0.493963 0.016267 0.015900
0 0.511364 0.923358 0.016074 0.016069
0 0.672942 0.811132 0.016034 0.016051
0 0.966968 0.154920 0.016172 0.015890
0 0.651858 0.339943 0.016025 0.016026
0 0.418369 0.390183 0.016175 0.015862
0 0.617533 0.326689 0.016025 0.015977
0 0.100357 0.979803 0.015922 0.016073
0 0.218776 0.917451 0.016033 0.015944
0 0.097511 0.836997 0.015941 0.016007
0 0.635911 0.916059 0.015950 0.015994
0 0.649858 0.577599 0.015998 0.015944
0 0.410151 0.919127 0.015968 0.015963
0 0.647019 0.684702 0.016004 0.015923
0 0.181164 0.752636 0.015769 0.016122
0 0.356424 0.290904 0.016078 0.015801
0 0.201176 0.156505 0.015910 0.015956
0 0.517211 0.716864 0.016055 0.015803
0 0.648542 0.654626 0.015971 0.015875
0 0.291834 0.367877 0.016030 0.015807
0 0.286078 0.404423 0.015844 0.015886
0 0.624730 0.392023 0.015931 0.015793
0 0.415618 0.886367 0.016017 0.015708
0 0.107256 0.268094 0.015771 0.015948
0 0.616656 0.531386 0.015931 0.015765
0 0.185204 0.397603 0.015850 0.015835
0 0.537019 0.634328 0.015765 0.015911
0 0.603654 0.285050 0.015952 0.015715
0 0.769278 0.843126 0.015848 0.015765
0 0.039222 0.147265 0.015736 0.015876
0 0.645970 0.426212 0.015743 0.015868
0 0.874442 0.844088 0.015846 0.015748
0 0.738982 0.369396 0.015849 0.015740
0 0.497096 0.228767 0.015821 0.015752
0 0.498085 0.988379 0.015860 0.015698
0 0.519041 0.822466 0.015725 0.015807
0 0.710966 0.848953 0.015872 0.015635
0 0.615810 0.490365 0.015805 0.015699
0 0.668909 0.495066 0.015663 0.015821
0 0.042822 0.902442 0.015740 0.015714
0 0.803339 0.265831 0.015821 0.015604
0 0.713196 0.724992 0.015608 0.015793
0 0.154054 0.914702 0.015824 0.015569
0 0.849297 0.687320 0.015759 0.015611
0 0.737605 0.084138 0.015615 0.015751
0 0.410881 0.564074 0.015646 0.015705
0 0.909894 0.857530 0.015706 0.015621
0 0.123963 0.659672 0.015788 0.015536
0 0.255466 0.222147 0.015724 0.015594
0 0.377677 0.499564 0.015635 0.015629
0 0.333525 0.760342 0.015778 0.015472
0 0.746516 0.505829 0.015603 0.015629
0 0.034069 0.533405 0.015681 0.015541
0 0.008735 0.377161 0.015397 0.015757
0 0.367713 0.884142 0.015553 0.015584
0 0.595713 0.661358 0.015727 0.015385
0 0.281521 0.801690 0.015628 0.015478
0 0.273804 0.468439 0.015449 0.015638
0 0.881643 0.103917 0.015496 0.015573
0 0.444697 0.510415 0.015524 0.015544
0 0.229103 0.378551 0.015622 0.015429
0 0.844012 0.638483 0.015538 0.015471
0 0.586148 0.915528 0.015493 0.015490
0 0.884951 0.491250 0.015471 0.015500
0 0.923726 0.498263 0.015532 0.015429
0 0.169164 0.471200 0.015235 0.015722
0 0.863860 0.901711 0.015258 0.015617
0 0.888750 0.401814 0.015506 0.015366
0 0.975140 0.534729 0.015364 0.015508
0 0.968160 0.665785 0.015577 0.015280
0 0.060163 0.708325 0.015459 0.015379
0 0.422144 0.633809 0.015460 0.015349
0 0.372303 0.592236 0.015499 0.015309
0 0.504136 0.537299 0.015543 0.015253
0 0.151999 0.187943 0.015539 0.015256
0 0.724872 0.221454 0.015406 0.015375
0 0.706154 0.764450 0.015411 0.015370
0 0.867236 0.316716 0.015673 0.015010
0 0.495568 0.771164 0.015348 0.015236
0 0.493319 0.299182 0.015235 0.015340
0 0.554973 0.365592 0.015329 0.015233
0 0.462158 0.390186 0.015219 0.015319
0 0.579279 0.791360 0.015288 0.015197
0 0.037473 0.190409 0.015250 0.015195
0 0.167879 0.560345 0.015308 0.015134
0 0.877993 0.590006 0.015340 0.015076
0 0.773268 0.353722 0.015158 0.015244
0 0.215892 0.343311 0.015071 0.015330
0 0.981015 0.388524 0.015301 0.015036
0 0.594524 0.735814 0.015125 0.015180
0 0.774380 0.742660 0.015180 0.015037
0 0.178056 0.614546 0.015113 0.015080
0 0.244980 0.552135 0.015051 0.015119
0 0.539995 0.318444 0.015150 0.015016
0 0.081709 0.218645 0.015114 0.015047
0 0.317984 0.664181 0.015067 0.015022
0 0.088401 0.464292 0.015016 0.015035
0 0.848558 0.305202 0.015112 0.014843
0 0.308364 0.469776 0.014884 0.015069
0 0.007029 0.280473 0.013729 0.015996
0 0.391436 0.736413 0.014855 0.014750
0 0.924118 0.287928 0.014816 0.014731
0 0.760709 0.152978 0.014763 0.014759
0 0.488620 0.669602 0.014747 0.014691
0 0.236013 0.024290 0.014717 0.014656
0 0.032131 0.699607 0.014461 0.014754
0 0.702623 0.548927 0.014759 0.014399
0 0.334275 0.007197 0.015174 0.013949
0 0.002436 0.012547 0.004822 0.016739
0 0.002244 0.852529 0.004489 0.015983
0 0.794562 0.997741 0.014618 0.004518
0 0.997834 0.110217 0.004332 0.014566
