0 0.016791 0.413277 0.017901 0.017668
0 0.036523 0.668912 0.017645 0.017603
0 0.166030 0.552321 0.017317 0.017539
0 0.686698 0.804678 0.017415 0.017203
0 0.082800 0.650807 0.017072 0.017066
0 0.129001 0.342712 0.017257 0.016646
0 0.647365 0.608995 0.016720 0.017027
0 0.033601 0.703136 0.016800 0.016843
0 0.375542 0.916649 0.016618 0.016947
0 0.525099 0.635704 0.016752 0.016770
0 0.592464 0.728497 0.016708 0.016783
0 0.465018 0.809370 0.016737 0.016739
0 0.032608 0.790285 0.016762 0.016702
0 0.926438 0.593295 0.016859 0.016544
0 0.661506 0.739575 0.016710 0.016640
0 0.739959 0.907144 0.016651 0.016577
0 0.625008 0.638617 0.016606 0.016601
0 0.385434 0.053256 0.016593 0.016477
0 0.942851 0.972902 0.016689 0.016380
0 0.618086 0.325802 0.016864 0.016149
0 0.198448 0.581676 0.016478 0.016486
0 0.679807 0.361279 0.016556 0.016305
0 0.470306 0.529599 0.016527 0.016325
0 0.467204 0.629476 0.016465 0.016381
0 0.941538 0.413087 0.016469 0.016323
0 0.053159 0.877929 0.016389 0.016322
0 0.010479 0.495222 0.016380 0.016252
0 0.680797 0.302751 0.016476 0.016157
0 0.184060 0.389303 0.016283 0.016347
0 0.081541 0.744897 0.016314 0.016310
0 0.407014 0.984971 0.016406 0.016191
0 0.007703 0.201691 0.015175 0.017483
0 0.492005 0.928005 0.016461 0.016113
0 0.617484 0.531936 0.016437 0.016121
0 0.382022 0.457686 0.016382 0.016162
0 0.949899 0.359163 0.016101 0.016440
0 0.211375 0.686906 0.016308 0.016226
0 0.154280 0.080110 0.016166 0.016357
0 0.159750 0.458686 0.016179 0.016321
0 0.051163 0.915893 0.016166 0.016278
0 0.100959 0.279657 0.016214 0.016192
0 0.585557 0.616049 0.016209 0.016191
0 0.653568 0.391292 0.016290 0.016056
0 0.383419 0.532083 0.016073 0.016258
0 0.987886 0.549468 0.015870 0.016454
0 0.016401 0.144185 0.016195 0.016091
0 0.257158 0.483938 0.016201 0.016072
0 0.744521 0.755031 0.016172 0.016100
0 0.706684 0.577225 0.016232 0.016033
0 0.880711 0.731839 0.015970 0.016289
0 0.536975 0.692186 0.016159 0.016083
0 0.559489 0.736769 0.016006 0.016117
0 0.126511 0.235638 0.016101 0.015994
0 0.520299 0.985730 0.016315 0.015746
0 0.488303 0.276845 0.016004 0.016009
0 0.720467 0.221588 0.015990 0.016004
0 0.753848 0.636817 0.015997 0.015924
0 0.896513 0.846900 0.015975 0.015922
0 0.148641 0.057846 0.015938 0.015948
0 0.122258 0.379631 0.016008 0.015819
0 0.842654 0.383086 0.015854 0.015923
0 0.533732 0.721632 0.015893 0.015878
0 0.647685 0.343739 0.015994 0.015750
0 0.645426 0.426246 0.015837 0.015884
0 0.134162 0.929521 0.016003 0.015673
0 0.399404 0.358298 0.015848 0.015786
0 0.230620 0.092918 0.015839 0.015790
0 0.856705 0.470673 0.015827 0.015770
0 0.426866 0.185077 0.015957 0.015608
0 0.230796 0.377521 0.015753 0.015808
0 0.020706 0.540444 0.015760 0.015783
0 0.566717 0.103452 0.015884 0.015627
0 0.292505 0.502249 0.015791 0.015708
0 0.503871 0.455716 0.015911 0.015566
0 0.833031 0.840222 0.015733 0.015736
0 0.525142 0.235616 0.015845 0.015614
0 0.306088 0.468513 0.015693 0.015756
0 0.935339 0.875984 0.015670 0.015765
0 0.018356 0.828852 0.015681 0.015714
0 0.178149 0.420289 0.015705 0.015689
0 0.485641 0.368452 0.015732 0.015652
0 0.718850 0.968287 0.015641 0.015711
0 0.215985 0.745206 0.015574 0.015774
0 0.707515 0.762218 0.015809 0.015523
0 0.056919 0.708250 0.015751 0.015572
0 0.966868 0.269945 0.015787 0.015529
0 0.457981 0.829945 0.015673 0.015635
0 0.578388 0.791247 0.015804 0.015497
0 0.258108 0.271336 0.015756 0.015534
0 0.446247 0.750391 0.015770 0.015520
0 0.774082 0.355548 0.015682 0.015604
0 0.898129 0.198914 0.015762 0.015466
0 0.691394 0.498391 0.015667 0.015489
0 0.507952 0.541454 0.015657 0.015371
0 0.087153 0.024726 0.015596 0.015420
0 0.958405 0.300445 0.015240 0.015759
0 0.579390 0.631812 0.015519 0.015455
0 0.328726 0.662462 0.015695 0.015278
0 0.338563 0.385025 0.015292 0.015654
0 0.337355 0.871406 0.015487 0.015411
0 0.893587 0.487242 0.015425 0.015459
0 0.835933 0.816424 0.015475 0.015376
0 0.437436 0.671825 0.015369 0.015474
0 0.315865 0.052875 0.015449 0.015339
0 0.876775 0.557437 0.015514 0.015268
0 0.210608 0.477985 0.015413 0.015232
0 0.293528 0.931499 0.015579 0.015054
0 0.047195 0.056096 0.015049 0.015557
0 0.177758 0.612337 0.015445 0.015110
0 0.159194 0.775109 0.015452 0.015071
0 0.378616 0.892657 0.015343 0.015110
0 0.414543 0.293694 0.015271 0.015162
0 0.342418 0.241862 0.015436 0.014986
0 0.956778 0.140701 0.015237 0.015112
0 0.747108 0.507345 0.015147 0.015097
0 0.277494 0.628203 0.015131 0.015068
0 0.010808 0.964433 0.015050 0.015149
0 0.283657 0.801930 0.015084 0.015023
0 0.855345 0.043178 0.015164 0.014910
0 0.892834 0.132264 0.015126 0.014946
0 0.596238 0.992465 0.015534 0.014464
0 0.968810 0.667155 0.015089 0.014889
0 0.768215 0.156614 0.014939 0.014875
0 0.886640 0.392396 0.014902 0.014814
0 0.434664 0.788956 0.015018 0.014665
0 0.862969 0.677875 0.014816 0.014859
0 0.860982 0.992454 0.015357 0.014328
0 0.201552 0.744553 0.014642 0.015014
0 0.693794 0.152512 0.014841 0.014602
0 0.704142 0.201116 0.014686 0.014670
0 0.759035 0.238203 0.014671 0.014513
0 0.775161 0.115247 0.014501 0.014565
0 0.164609 0.764084 0.014734 0.014314
0 0.081039 0.006152 0.016003 0.012304
0 0.764298 0.005093 0.018973 0.010185
0 0.508611 0.003224 0.018161 0.006448
