0 0.111343 0.439174 0.017222 0.017294
0 0.263909 0.661853 0.017205 0.017233
0 0.228658 0.634206 0.017151 0.017255
0 0.594502 0.660456 0.017134 0.017084
0 0.280752 0.482997 0.017122 0.016934
0 0.528357 0.093495 0.016775 0.016644
0 0.978155 0.440088 0.016730 0.016622
0 0.080378 0.497056 0.016874 0.016475
0 0.205651 0.971516 0.016410 0.016897
0 0.526861 0.499603 0.016645 0.016510
0 0.815742 0.788187 0.016762 0.016394
0 0.070624 0.296229 0.016597 0.016490
0 0.548778 0.625868 0.016579 0.016479
0 0.039582 0.582397 0.016568 0.016459
0 0.007806 0.373243 0.015447 0.017561
0 0.956261 0.710104 0.016459 0.016448
0 0.818128 0.402500 0.016338 0.016539
0 0.660324 0.613013 0.016447 0.016350
0 0.010092 0.956043 0.016501 0.016265
0 0.685310 0.709879 0.016466 0.016257
0 0.134000 0.709301 0.016300 0.016348
0 0.014724 0.815788 0.016309 0.016298
0 0.244676 0.661495 0.016183 0.016419
0 0.895888 0.218796 0.016370 0.016150
0 0.974153 0.302720 0.016343 0.016146
0 0.407509 0.697249 0.016121 0.016271
0 0.741849 0.508951 0.016208 0.016180
0 0.606563 0.441045 0.016376 0.016006
0 0.262120 0.283573 0.016246 0.016100
0 0.059185 0.514289 0.016110 0.016203
0 0.223500 0.499779 0.016196 0.016067
0 0.983117 0.650774 0.016313 0.015928
0 0.686224 0.812992 0.016200 0.016031
0 0.752411 0.343199 0.016013 0.016197
0 0.447581 0.731984 0.016083 0.016117
0 0.540895 0.808007 0.016166 0.016027
0 0.198283 0.725225 0.016175 0.016014
0 0.655825 0.351537 0.016055 0.016085
0 0.616071 0.325412 0.016450 0.015685
0 0.714482 0.222596 0.015998 0.016110
0 0.617026 0.532325 0.016118 0.015981
0 0.959454 0.670002 0.016105 0.015979
0 0.900649 0.906690 0.016035 0.016048
0 0.305015 0.469044 0.016116 0.015948
0 0.979888 0.368339 0.016026 0.016034
0 0.545668 0.690080 0.016056 0.016002
0 0.897256 0.719347 0.016069 0.015987
0 0.492599 0.900954 0.016021 0.015991
0 0.259468 0.896180 0.015963 0.015950
0 0.874647 0.204646 0.015773 0.016138
0 0.835406 0.431900 0.016014 0.015891
0 0.899299 0.670299 0.015922 0.015970
0 0.295673 0.921055 0.015765 0.016086
0 0.431387 0.101481 0.015926 0.015908
0 0.375414 0.271573 0.015929 0.015892
0 0.869546 0.838599 0.016111 0.015698
0 0.518940 0.955171 0.015779 0.016028
0 0.154353 0.341838 0.016014 0.015771
0 0.526958 0.207797 0.015936 0.015819
0 0.659502 0.413517 0.015987 0.015765
0 0.712603 0.796222 0.015755 0.015995
0 0.214805 0.856914 0.015907 0.015812
0 0.319615 0.664001 0.015767 0.015919
0 0.079359 0.591541 0.015929 0.015747
0 0.443804 0.665766 0.015923 0.015748
0 0.022060 0.535151 0.015894 0.015774
0 0.018485 0.857408 0.015987 0.015680
0 0.217271 0.782313 0.015735 0.015895
0 0.534551 0.081019 0.016035 0.015562
0 0.824183 0.161091 0.015824 0.015764
0 0.063140 0.786453 0.015853 0.015727
0 0.484320 0.319033 0.015798 0.015749
0 0.636035 0.748696 0.015796 0.015703
0 0.401659 0.632155 0.015761 0.015736
0 0.738035 0.436588 0.015818 0.015619
0 0.249917 0.114471 0.015714 0.015687
0 0.173006 0.559977 0.015758 0.015632
0 0.227759 0.378312 0.015870 0.015505
0 0.094437 0.737851 0.015753 0.015597
0 0.413059 0.720457 0.015683 0.015655
0 0.161815 0.308151 0.015640 0.015695
0 0.948065 0.186233 0.015602 0.015729
0 0.605416 0.039001 0.015720 0.015605
0 0.572926 0.292783 0.015722 0.015584
0 0.670824 0.499956 0.015654 0.015643
0 0.179167 0.611312 0.015842 0.015448
0 0.775811 0.735610 0.015663 0.015622
0 0.857665 0.675129 0.015789 0.015466
0 0.485485 0.468212 0.015608 0.015626
0 0.348442 0.752882 0.015527 0.015680
0 0.774680 0.486918 0.015613 0.015587
0 0.534849 0.721414 0.015524 0.015664
0 0.731293 0.160179 0.015614 0.015557
0 0.367151 0.310920 0.015746 0.015425
0 0.714470 0.762218 0.015768 0.015374
0 0.949923 0.911805 0.015571 0.015566
0 0.506579 0.537467 0.015550 0.015567
0 0.357270 0.094636 0.015596 0.015506
0 0.611858 0.956945 0.015593 0.015506
0 0.205338 0.093648 0.015489 0.015596
0 0.707794 0.008130 0.015727 0.015358
0 0.162190 0.179730 0.015610 0.015464
0 0.814816 0.131324 0.015693 0.015356
0 0.120483 0.324462 0.015555 0.015444
0 0.743075 0.739452 0.015561 0.015368
0 0.880206 0.581466 0.015583 0.015297
0 0.744087 0.278124 0.015408 0.015443
0 0.395664 0.643106 0.015722 0.015100
0 0.626927 0.495866 0.015410 0.015388
0 0.772530 0.809375 0.015346 0.015450
0 0.447019 0.486620 0.015495 0.015272
0 0.060595 0.708537 0.015440 0.015298
0 0.885416 0.819947 0.015432 0.015250
0 0.883953 0.404613 0.015276 0.015405
0 0.767865 0.681331 0.015389 0.015282
0 0.821662 0.037723 0.015400 0.015237
0 0.578535 0.791425 0.015463 0.015120
0 0.188322 0.952202 0.015251 0.015302
0 0.645143 0.426178 0.015121 0.015423
0 0.282995 0.801633 0.015271 0.015239
0 0.901158 0.462041 0.015369 0.015135
0 0.557856 0.736772 0.015307 0.015134
0 0.979320 0.552403 0.015385 0.015038
0 0.818733 0.939495 0.015191 0.015088
0 0.801666 0.424165 0.015140 0.015132
0 0.655663 0.278578 0.015333 0.014900
0 0.959305 0.047402 0.015027 0.015072
0 0.031731 0.941943 0.015071 0.015022
0 0.167318 0.036360 0.014959 0.014920
0 0.046036 0.222874 0.015031 0.014790
0 0.760113 0.033905 0.014911 0.014867
0 0.774638 0.351982 0.014631 0.014596
0 0.173570 0.992798 0.015337 0.013705
0 0.993601 0.975383 0.012798 0.016039
0 0.179067 0.076790 0.014314 0.014050
0 0.905162 0.026084 0.013970 0.013879
0 0.994588 0.094303 0.010825 0.014876
0 0.002690 0.763668 0.005380 0.016807
0 0.002362 0.198941 0.004723 0.015465
0 0.082854 0.997649 0.014378 0.004702
