0 0.052910 0.422649 0.018304 0.018125
0 0.035017 0.659259 0.017443 0.018117
0 0.534442 0.696320 0.017722 0.017630
0 0.017618 0.267676 0.017465 0.017440
0 0.071334 0.235639 0.017360 0.017271
0 0.157435 0.271110 0.017211 0.017403
0 0.178127 0.074597 0.017465 0.017083
0 0.617963 0.657367 0.017253 0.017055
0 0.139769 0.427883 0.017268 0.016833
0 0.343241 0.256306 0.017107 0.016906
0 0.208321 0.462874 0.017090 0.016888
0 0.290857 0.500353 0.017041 0.016936
0 0.353986 0.482580 0.016890 0.017049
0 0.096007 0.287517 0.017044 0.016859
0 0.531691 0.486950 0.016965 0.016895
0 0.929250 0.420541 0.016957 0.016874
0 0.180310 0.389483 0.017047 0.016658
0 0.458074 0.226474 0.016915 0.016720
0 0.009718 0.958151 0.016503 0.016997
0 0.712372 0.761076 0.016779 0.016703
0 0.396566 0.067987 0.016863 0.016570
0 0.294249 0.344221 0.016544 0.016813
0 0.168916 0.128688 0.016637 0.016651
0 0.052874 0.778942 0.016643 0.016565
0 0.049723 0.445945 0.016663 0.016504
0 0.506075 0.536405 0.016754 0.016330
0 0.654269 0.788377 0.016580 0.016494
0 0.244128 0.946450 0.016807 0.016263
0 0.617165 0.324941 0.016663 0.016399
0 0.646969 0.598995 0.016588 0.016446
0 0.922061 0.182102 0.016333 0.016638
0 0.492320 0.207712 0.016576 0.016383
0 0.525606 0.934377 0.016485 0.016454
0 0.675355 0.724593 0.016437 0.016466
0 0.099278 0.547558 0.016371 0.016457
0 0.473257 0.389075 0.016434 0.016364
0 0.675881 0.309566 0.016352 0.016420
0 0.509647 0.324544 0.016438 0.016306
0 0.087903 0.877257 0.016473 0.016162
0 0.264087 0.482950 0.016377 0.016226
0 0.981684 0.102247 0.016312 0.016288
0 0.230769 0.580515 0.016370 0.016230
0 0.803973 0.834543 0.016361 0.016212
0 0.980598 0.586883 0.016308 0.016241
0 0.600521 0.604672 0.016273 0.016269
0 0.127913 0.515603 0.016341 0.016194
0 0.251847 0.067037 0.016223 0.016262
0 0.230318 0.370389 0.016080 0.016321
0 0.008316 0.671797 0.015803 0.016577
0 0.303252 0.263570 0.016279 0.016047
0 0.418002 0.489037 0.016260 0.016050
0 0.472734 0.740724 0.016103 0.016196
0 0.723443 0.332543 0.016145 0.016138
0 0.771263 0.109196 0.016152 0.016109
0 0.708390 0.302148 0.016164 0.016088
0 0.758651 0.919450 0.016222 0.015961
0 0.325476 0.429635 0.015946 0.016232
0 0.422840 0.152345 0.016052 0.016114
0 0.460998 0.808804 0.016100 0.016059
0 0.863660 0.385700 0.015923 0.016227
0 0.502990 0.423139 0.016215 0.015912
0 0.637871 0.399443 0.016091 0.016032
0 0.429052 0.817712 0.016131 0.015977
0 0.616815 0.531769 0.016190 0.015788
0 0.939637 0.761041 0.016108 0.015860
0 0.799463 0.492902 0.016059 0.015898
0 0.019084 0.538731 0.016157 0.015797
0 0.958411 0.118822 0.016050 0.015897
0 0.183899 0.724701 0.016319 0.015631
0 0.655483 0.817996 0.015828 0.016096
0 0.254280 0.775593 0.016098 0.015791
0 0.409486 0.736668 0.016060 0.015808
0 0.440762 0.618801 0.015939 0.015922
0 0.673403 0.501466 0.015970 0.015887
0 0.663974 0.652278 0.016036 0.015821
0 0.496102 0.268447 0.015750 0.016085
0 0.813217 0.857109 0.015828 0.015989
0 0.992120 0.349130 0.015386 0.016444
0 0.449627 0.777657 0.015986 0.015812
0 0.948851 0.896595 0.015862 0.015927
0 0.058625 0.707254 0.015975 0.015796
0 0.267057 0.726484 0.016225 0.015535
0 0.560721 0.066742 0.015891 0.015852
0 0.887195 0.833829 0.015833 0.015877
0 0.172718 0.781175 0.015872 0.015824
0 0.053700 0.919705 0.015948 0.015741
0 0.377722 0.555578 0.015976 0.015648
0 0.319560 0.664791 0.015943 0.015605
0 0.816952 0.031843 0.015902 0.015644
0 0.300932 0.467823 0.015796 0.015612
0 0.738765 0.782074 0.015788 0.015615
0 0.111623 0.289083 0.015486 0.015888
0 0.704302 0.163444 0.015759 0.015593
0 0.465763 0.640006 0.015766 0.015579
0 0.964203 0.665137 0.015702 0.015629
0 0.078168 0.811514 0.015769 0.015535
0 0.560340 0.736682 0.015426 0.015834
0 0.919592 0.293045 0.015643 0.015507
0 0.643559 0.426312 0.015737 0.015370
0 0.176845 0.612974 0.015659 0.015414
0 0.890482 0.475154 0.015864 0.015212
0 0.732205 0.575163 0.015561 0.015406
0 0.257604 0.645529 0.015551 0.015409
0 0.580023 0.791123 0.015452 0.015504
0 0.923206 0.132578 0.015388 0.015568
0 0.911584 0.538071 0.015541 0.015408
0 0.879923 0.233507 0.015464 0.015403
0 0.729809 0.640768 0.015516 0.015350
0 0.878948 0.581729 0.015495 0.015289
0 0.532405 0.721398 0.015242 0.015506
0 0.745616 0.507767 0.015364 0.015378
0 0.197501 0.690688 0.015425 0.015316
0 0.779995 0.242179 0.015563 0.015169
0 0.327862 0.920816 0.015370 0.015355
0 0.781599 0.352247 0.015444 0.015276
0 0.808745 0.179920 0.015394 0.015306
0 0.205280 0.094456 0.015437 0.015227
0 0.282900 0.801211 0.015288 0.015349
0 0.060489 0.201816 0.015243 0.015392
0 0.236025 0.093728 0.015047 0.015510
0 0.715314 0.223340 0.015355 0.015179
0 0.172517 0.559015 0.015276 0.015220
0 0.476356 0.275058 0.015301 0.015192
0 0.981273 0.554222 0.015464 0.014927
0 0.885189 0.415549 0.015261 0.015064
0 0.164882 0.425370 0.015321 0.014996
0 0.378356 0.889993 0.014856 0.015418
0 0.099700 0.028699 0.015110 0.015115
0 0.355693 0.937658 0.015201 0.014978
0 0.980809 0.258986 0.015113 0.014870
0 0.904539 0.409620 0.014759 0.015100
0 0.868655 0.992547 0.015499 0.014336
0 0.862675 0.678349 0.014807 0.014982
0 0.850834 0.507893 0.014729 0.014759
0 0.555174 0.568541 0.014390 0.014290
0 0.006360 0.416971 0.012720 0.016162
0 0.700502 0.457096 0.014158 0.014292
0 0.004603 0.109933 0.009205 0.015774
0 0.976587 0.002742 0.016180 0.005483
0 0.002496 0.857250 0.004992 0.015506
