0 0.433903 0.835978 0.016961 0.017049
0 0.093872 0.832185 0.016928 0.017026
0 0.142834 0.337183 0.016872 0.016912
0 0.134810 0.130623 0.016912 0.016759
0 0.369253 0.065120 0.016870 0.016639
0 0.277534 0.753300 0.016817 0.016596
0 0.390921 0.863984 0.016610 0.016687
0 0.758062 0.206156 0.016677 0.016606
0 0.928424 0.240852 0.016691 0.016524
0 0.486484 0.827104 0.016525 0.016621
0 0.199397 0.759936 0.016625 0.016510
0 0.146754 0.733588 0.016555 0.016564
0 0.271989 0.287401 0.016569 0.016445
0 0.238057 0.859286 0.016501 0.016438
0 0.167880 0.663144 0.016595 0.016339
0 0.239897 0.177248 0.016502 0.016307
0 0.018300 0.189139 0.016705 0.016018
0 0.643858 0.284703 0.016314 0.016389
0 0.483340 0.040671 0.016461 0.016219
0 0.841206 0.182236 0.016358 0.016291
0 0.401867 0.580968 0.016179 0.016465
0 0.326430 0.924603 0.016384 0.016206
0 0.166981 0.702871 0.016384 0.016156
0 0.872776 0.451135 0.016589 0.015948
0 0.692231 0.398898 0.016229 0.016298
0 0.569580 0.337683 0.016185 0.016305
0 0.659454 0.782514 0.016219 0.016266
0 0.324918 0.666543 0.016106 0.016355
0 0.274855 0.940208 0.016147 0.016299
0 0.114612 0.453619 0.016273 0.016158
0 0.414542 0.753807 0.016385 0.015991
0 0.973768 0.595115 0.016040 0.016216
0 0.485616 0.301930 0.016090 0.016089
0 0.033969 0.638831 0.016168 0.016009
0 0.271452 0.450556 0.016165 0.015991
0 0.749850 0.116791 0.016117 0.016009
0 0.600846 0.092024 0.015942 0.016148
0 0.131404 0.400410 0.016141 0.015930
0 0.065674 0.733882 0.016113 0.015931
0 0.549154 0.671185 0.015863 0.016168
0 0.442828 0.037775 0.016092 0.015935
0 0.434573 0.722746 0.016093 0.015916
0 0.949920 0.697320 0.015940 0.016034
0 0.242328 0.672576 0.015878 0.016091
0 0.548114 0.161536 0.016143 0.015815
0 0.606366 0.020326 0.015989 0.015963
0 0.656018 0.709096 0.016074 0.015874
0 0.502156 0.975063 0.016004 0.015928
0 0.048362 0.477128 0.015979 0.015930
0 0.817869 0.106641 0.015781 0.016053
0 0.068878 0.902149 0.015863 0.015948
0 0.588413 0.733506 0.015877 0.015914
0 0.304256 0.762895 0.015998 0.015772
0 0.250471 0.616825 0.015901 0.015853
0 0.774671 0.280272 0.015951 0.015787
0 0.646768 0.666853 0.015957 0.015779
0 0.737079 0.433979 0.015880 0.015830
0 0.942306 0.906973 0.015955 0.015739
0 0.533043 0.325884 0.015790 0.015900
0 0.891746 0.704107 0.015903 0.015776
0 0.852151 0.672726 0.015902 0.015772
0 0.012811 0.831713 0.015770 0.015878
0 0.092352 0.775562 0.015961 0.015636
0 0.978739 0.553934 0.016041 0.015528
0 0.883463 0.833955 0.015830 0.015673
0 0.847382 0.046036 0.015734 0.015736
0 0.839501 0.351053 0.015903 0.015558
0 0.983716 0.828065 0.015613 0.015844
0 0.689246 0.476511 0.015871 0.015558
0 0.030972 0.933550 0.015706 0.015716
0 0.644260 0.198568 0.015726 0.015654
0 0.375080 0.635260 0.015703 0.015665
0 0.172035 0.480728 0.015708 0.015659
0 0.623878 0.655363 0.015830 0.015519
0 0.238163 0.090458 0.015623 0.015700
0 0.615201 0.324596 0.015939 0.015352
0 0.852263 0.197727 0.015799 0.015472
0 0.872058 0.732320 0.015637 0.015619
0 0.972211 0.432602 0.015777 0.015468
0 0.032740 0.531729 0.015596 0.015646
0 0.764934 0.377902 0.015457 0.015773
0 0.718200 0.833553 0.015595 0.015615
0 0.132352 0.913584 0.015715 0.015469
0 0.361628 0.244265 0.015469 0.015706
0 0.231864 0.377544 0.015680 0.015465
0 0.856138 0.781276 0.015804 0.015333
0 0.101255 0.564677 0.015581 0.015541
0 0.617699 0.532589 0.015551 0.015543
0 0.982928 0.014623 0.015468 0.015621
0 0.613229 0.505929 0.015571 0.015506
0 0.948523 0.288198 0.015606 0.015463
0 0.283579 0.801967 0.015470 0.015524
0 0.930342 0.028406 0.015597 0.015361
0 0.159555 0.415725 0.015535 0.015416
0 0.613875 0.377708 0.015520 0.015397
0 0.502444 0.507283 0.015605 0.015303
0 0.882126 0.404661 0.015512 0.015379
0 0.321725 0.502512 0.015425 0.015439
0 0.731251 0.536014 0.015461 0.015400
0 0.744827 0.505908 0.015384 0.015462
0 0.534395 0.720729 0.015541 0.015256
0 0.644455 0.424326 0.015524 0.015271
0 0.090838 0.517576 0.015421 0.015369
0 0.250336 0.017695 0.015357 0.015406
0 0.695069 0.517745 0.015327 0.015418
0 0.122161 0.168486 0.015372 0.015359
0 0.176801 0.612429 0.015481 0.015237
0 0.742420 0.237283 0.015534 0.015173
0 0.945018 0.262162 0.015338 0.015341
0 0.508403 0.535116 0.015499 0.015168
0 0.555898 0.733088 0.015497 0.015153
0 0.707607 0.751869 0.015482 0.015109
0 0.530276 0.105637 0.015187 0.015352
0 0.477473 0.629544 0.015387 0.015124
0 0.880023 0.581721 0.015302 0.015149
0 0.857320 0.454078 0.015209 0.015171
0 0.721624 0.652718 0.015205 0.015098
0 0.949817 0.611230 0.015179 0.015121
0 0.268555 0.659417 0.015110 0.015124
0 0.494122 0.446308 0.015182 0.015036
0 0.490191 0.204038 0.015200 0.014984
0 0.305642 0.470729 0.015028 0.015146
0 0.942982 0.824172 0.015169 0.014987
0 0.473406 0.249545 0.015181 0.014969
0 0.960648 0.670738 0.014911 0.015119
0 0.577240 0.791359 0.015100 0.014851
0 0.736052 0.983500 0.014939 0.014957
0 0.293378 0.495229 0.014987 0.014855
0 0.172283 0.562105 0.015028 0.014780
0 0.060626 0.707866 0.014972 0.014787
0 0.918783 0.905453 0.014778 0.014508
0 0.437351 0.473975 0.014635 0.014311
0 0.993549 0.793856 0.012867 0.014817
0 0.018035 0.994583 0.016623 0.010835
0 0.994415 0.394714 0.011170 0.015501
0 0.997065 0.129147 0.005870 0.014969
0 0.153927 0.997247 0.015131 0.005507
0 0.997956 0.328423 0.004088 0.014632
