0 0.407628 0.689256 0.017202 0.016971
0 0.203598 0.783325 0.017177 0.016993
0 0.054289 0.790085 0.017414 0.016548
0 0.725815 0.231224 0.017002 0.016892
0 0.022132 0.858804 0.017027 0.016820
0 0.085309 0.228954 0.016809 0.016933
0 0.885620 0.893714 0.016827 0.016765
0 0.306590 0.502767 0.017103 0.016483
0 0.086501 0.701201 0.016721 0.016849
0 0.682788 0.240834 0.016771 0.016788
0 0.699819 0.321352 0.016913 0.016589
0 0.012230 0.287671 0.016766 0.016734
0 0.346735 0.922172 0.016807 0.016669
0 0.273554 0.680585 0.016558 0.016874
0 0.610475 0.040130 0.016714 0.016658
0 0.380045 0.801312 0.016752 0.016523
0 0.647763 0.871398 0.016500 0.016660
0 0.756909 0.291691 0.016512 0.016620
0 0.081358 0.943586 0.016410 0.016639
0 0.518728 0.653552 0.016699 0.016267
0 0.777849 0.280733 0.016645 0.016203
0 0.813949 0.215242 0.016387 0.016456
0 0.044204 0.487470 0.016341 0.016443
0 0.105892 0.300493 0.016373 0.016358
0 0.031397 0.340014 0.016296 0.016395
0 0.251229 0.943530 0.016027 0.016639
0 0.189866 0.828525 0.016377 0.016255
0 0.136080 0.309451 0.016260 0.016346
0 0.404764 0.719145 0.016442 0.016164
0 0.304434 0.142707 0.016447 0.016054
0 0.080605 0.828856 0.016345 0.016150
0 0.922268 0.709052 0.016275 0.016199
0 0.160283 0.835008 0.016237 0.016236
0 0.705589 0.116246 0.016385 0.016071
0 0.037376 0.786995 0.015952 0.016491
0 0.187464 0.527978 0.016102 0.016197
0 0.913522 0.970674 0.016186 0.016092
0 0.484109 0.973693 0.016169 0.016059
0 0.478171 0.118690 0.016096 0.016119
0 0.745917 0.159983 0.016157 0.016053
0 0.652676 0.834873 0.016138 0.016061
0 0.426093 0.410275 0.016141 0.015977
0 0.193302 0.096538 0.016108 0.015997
0 0.641552 0.045499 0.016011 0.016089
0 0.951338 0.915137 0.016026 0.016073
0 0.745405 0.459702 0.016082 0.016012
0 0.616227 0.327863 0.016202 0.015891
0 0.014508 0.966799 0.016055 0.016008
0 0.339744 0.182235 0.016052 0.016005
0 0.262143 0.038904 0.015965 0.016073
0 0.702149 0.455872 0.016104 0.015934
0 0.056903 0.728063 0.016218 0.015783
0 0.669778 0.723261 0.016160 0.015792
0 0.624838 0.482311 0.015945 0.015983
0 0.620256 0.533023 0.015985 0.015939
0 0.225921 0.670956 0.015930 0.015994
0 0.159183 0.189199 0.016010 0.015867
0 0.306614 0.471196 0.016051 0.015824
0 0.449479 0.639476 0.016128 0.015728
0 0.189848 0.616084 0.016054 0.015794
0 0.658208 0.661354 0.015984 0.015859
0 0.270801 0.283900 0.016048 0.015791
0 0.809585 0.140328 0.015934 0.015874
0 0.977851 0.125030 0.015779 0.015977
0 0.034045 0.533455 0.015906 0.015844
0 0.088638 0.185191 0.015783 0.015959
0 0.563959 0.889820 0.015850 0.015884
0 0.032382 0.391016 0.015820 0.015886
0 0.962085 0.446232 0.015690 0.016007
0 0.069985 0.850082 0.015927 0.015758
0 0.116071 0.539947 0.015647 0.015977
0 0.334762 0.664935 0.015864 0.015724
0 0.611062 0.096514 0.015652 0.015928
0 0.798477 0.849605 0.015897 0.015667
0 0.430516 0.780956 0.015934 0.015630
0 0.644522 0.425961 0.015719 0.015839
0 0.502781 0.540192 0.015873 0.015678
0 0.203764 0.316335 0.015951 0.015571
0 0.805101 0.040512 0.015870 0.015630
0 0.152881 0.332080 0.015708 0.015785
0 0.349780 0.581851 0.015892 0.015518
0 0.118552 0.499451 0.015869 0.015507
0 0.908315 0.833978 0.015767 0.015607
0 0.534600 0.721498 0.015727 0.015623
0 0.983734 0.415283 0.015674 0.015627
0 0.506001 0.623628 0.015783 0.015507
0 0.798338 0.656557 0.015853 0.015420
0 0.765268 0.325458 0.015760 0.015488
0 0.762815 0.048210 0.015565 0.015635
0 0.221458 0.540489 0.015526 0.015634
0 0.229756 0.372565 0.015595 0.015556
0 0.575666 0.072259 0.015557 0.015549
0 0.381925 0.245014 0.015588 0.015488
0 0.711863 0.758298 0.015510 0.015548
0 0.142182 0.977194 0.015593 0.015375
0 0.178080 0.050908 0.015463 0.015444
0 0.753813 0.655608 0.015632 0.015276
0 0.822858 0.435271 0.015491 0.015397
0 0.433959 0.626271 0.015545 0.015314
0 0.966481 0.299672 0.015365 0.015454
0 0.568674 0.730102 0.015480 0.015334
0 0.816613 0.754480 0.015541 0.015273
0 0.904704 0.007080 0.016753 0.014159
0 0.524973 0.219668 0.015318 0.015475
0 0.600401 0.273162 0.015444 0.015342
0 0.163243 0.699631 0.015408 0.015366
0 0.597384 0.513786 0.015261 0.015458
0 0.870735 0.841788 0.015516 0.015200
0 0.164408 0.562404 0.015451 0.015263
0 0.910418 0.449311 0.015505 0.015207
0 0.282847 0.801807 0.015346 0.015337
0 0.464442 0.487037 0.015381 0.015276
0 0.275168 0.707125 0.015265 0.015282
0 0.502619 0.280564 0.015640 0.014913
0 0.733864 0.514144 0.015481 0.015060
0 0.902969 0.265935 0.015220 0.015259
0 0.892205 0.795568 0.015275 0.015075
0 0.124893 0.521947 0.015029 0.015296
0 0.879696 0.403304 0.015242 0.015077
0 0.879392 0.582661 0.015185 0.015074
0 0.960959 0.670392 0.015088 0.015160
0 0.981134 0.554727 0.015191 0.014987
0 0.406840 0.911136 0.015182 0.014975
0 0.578905 0.791917 0.015181 0.014889
0 0.850927 0.675787 0.015009 0.015045
0 0.988180 0.225227 0.014858 0.014726
0 0.947393 0.271969 0.014755 0.014758
0 0.603725 0.754223 0.014434 0.014420
0 0.993974 0.866977 0.012051 0.015239
0 0.873445 0.995397 0.016125 0.009207
0 0.305708 0.995913 0.016282 0.008173
0 0.806999 0.996626 0.016509 0.006748
0 0.002497 0.512563 0.004994 0.016637
