0 0.052236 0.292540 0.017682 0.017383
0 0.418899 0.072574 0.017607 0.017427
0 0.515195 0.805517 0.017285 0.016985
0 0.501695 0.943659 0.017088 0.017130
0 0.614408 0.319026 0.017205 0.016804
0 0.014467 0.380675 0.016873 0.016982
0 0.045123 0.810901 0.016931 0.016923
0 0.577037 0.719181 0.016862 0.016933
0 0.823409 0.390750 0.016874 0.016792
0 0.923568 0.981597 0.016914 0.016722
0 0.684069 0.839647 0.016815 0.016705
0 0.766052 0.845034 0.016721 0.016722
0 0.184771 0.137962 0.016485 0.016906
0 0.055193 0.892716 0.016798 0.016470
0 0.136176 0.671746 0.016746 0.016478
0 0.614868 0.532465 0.016572 0.016590
0 0.104854 0.253667 0.016585 0.016533
0 0.186314 0.939532 0.016438 0.016617
0 0.817339 0.474951 0.016682 0.016349
0 0.344222 0.930731 0.016535 0.016484
0 0.114681 0.551964 0.016487 0.016518
0 0.405533 0.567511 0.016372 0.016488
0 0.912648 0.903604 0.016447 0.016377
0 0.041897 0.011940 0.016491 0.016295
0 0.015282 0.655514 0.016365 0.016401
0 0.484818 0.196177 0.016348 0.016381
0 0.649104 0.331419 0.016387 0.016325
0 0.431934 0.971606 0.016401 0.016310
0 0.467043 0.857781 0.016325 0.016384
0 0.423201 0.539132 0.016416 0.016279
0 0.796716 0.243320 0.016333 0.016354
0 0.194790 0.726337 0.016391 0.016229
0 0.081788 0.923401 0.016220 0.016362
0 0.466318 0.802174 0.016529 0.016049
0 0.182268 0.786209 0.016240 0.016326
0 0.511001 0.679713 0.016196 0.016320
0 0.767746 0.920126 0.016268 0.016237
0 0.067790 0.677786 0.016238 0.016237
0 0.538349 0.485244 0.016165 0.016294
0 0.244415 0.589264 0.016328 0.016065
0 0.286659 0.649844 0.016245 0.016081
0 0.555042 0.066760 0.016269 0.016043
0 0.762141 0.292606 0.016066 0.016238
0 0.969169 0.303472 0.016209 0.016094
0 0.884067 0.834464 0.016232 0.016029
0 0.907143 0.200635 0.016084 0.016165
0 0.684902 0.665488 0.016118 0.016118
0 0.903061 0.453178 0.016140 0.016082
0 0.743369 0.679749 0.016082 0.016122
0 0.300969 0.257822 0.016129 0.016043
0 0.072489 0.861946 0.016118 0.015993
0 0.385084 0.839164 0.016036 0.016063
0 0.168816 0.527768 0.015905 0.016159
0 0.655875 0.561736 0.016204 0.015850
0 0.703750 0.300773 0.016097 0.015938
0 0.218340 0.178824 0.015968 0.016059
0 0.595578 0.599056 0.016065 0.015914
0 0.328121 0.666472 0.016010 0.015954
0 0.589618 0.734857 0.015991 0.015965
0 0.790932 0.532047 0.015933 0.015987
0 0.792089 0.613459 0.016021 0.015899
0 0.272402 0.734391 0.015730 0.016185
0 0.018685 0.492892 0.016038 0.015873
0 0.268089 0.105261 0.015925 0.015924
0 0.373817 0.520528 0.015855 0.015964
0 0.676254 0.587152 0.016066 0.015739
0 0.071513 0.975302 0.015958 0.015785
0 0.971286 0.725212 0.015903 0.015772
0 0.672426 0.500283 0.015888 0.015780
0 0.670151 0.740051 0.015756 0.015891
0 0.522814 0.263165 0.015947 0.015689
0 0.507427 0.535367 0.015891 0.015734
0 0.175455 0.614471 0.015726 0.015886
0 0.662257 0.642770 0.015892 0.015695
0 0.731746 0.750295 0.015712 0.015856
0 0.062371 0.709093 0.015754 0.015808
0 0.986234 0.264926 0.015782 0.015776
0 0.913931 0.423122 0.015888 0.015655
0 0.432096 0.808824 0.015912 0.015625
0 0.494039 0.357737 0.015625 0.015857
0 0.380512 0.889818 0.015834 0.015632
0 0.545951 0.579890 0.015775 0.015604
0 0.964046 0.663973 0.015656 0.015677
0 0.310510 0.354341 0.015646 0.015621
0 0.383858 0.263134 0.015575 0.015653
0 0.032164 0.202226 0.015784 0.015416
0 0.534474 0.720633 0.015652 0.015544
0 0.801166 0.872893 0.015556 0.015629
0 0.032967 0.532601 0.015561 0.015622
0 0.462221 0.627070 0.015603 0.015563
0 0.443962 0.179886 0.015663 0.015501
0 0.770683 0.117852 0.015652 0.015475
0 0.745165 0.506300 0.015525 0.015587
0 0.475360 0.323531 0.015593 0.015506
0 0.537864 0.308093 0.015565 0.015513
0 0.731795 0.242626 0.015503 0.015521
0 0.576956 0.789996 0.015513 0.015495
0 0.282399 0.801445 0.015540 0.015449
0 0.895551 0.529548 0.015513 0.015429
0 0.780158 0.352957 0.015545 0.015397
0 0.304075 0.467296 0.015630 0.015293
0 0.718727 0.220662 0.015515 0.015369
0 0.337245 0.293173 0.015519 0.015349
0 0.163893 0.558340 0.015367 0.015458
0 0.467992 0.436415 0.015577 0.015240
0 0.179326 0.072562 0.015521 0.015262
0 0.637740 0.410931 0.015334 0.015356
0 0.008259 0.958165 0.015090 0.015601
0 0.013930 0.162421 0.015257 0.015372
0 0.705989 0.761000 0.015434 0.015172
0 0.354915 0.421930 0.015208 0.015393
0 0.761366 0.175298 0.015393 0.015181
0 0.802631 0.043136 0.015473 0.015098
0 0.289659 0.506392 0.015668 0.014875
0 0.853951 0.498137 0.015440 0.015092
0 0.861857 0.678136 0.015279 0.015244
0 0.915984 0.154303 0.015359 0.015025
0 0.950162 0.116222 0.015152 0.015190
0 0.199518 0.457845 0.015231 0.015103
0 0.829688 0.096152 0.015245 0.015023
0 0.056677 0.164939 0.014953 0.015155
0 0.972621 0.340267 0.015120 0.014976
0 0.229535 0.378095 0.015060 0.014969
0 0.035901 0.697382 0.015102 0.014923
0 0.500505 0.429417 0.015010 0.014982
0 0.881635 0.402162 0.014970 0.014907
0 0.878830 0.581085 0.014921 0.014940
0 0.442436 0.231248 0.014820 0.014859
0 0.393164 0.767762 0.014971 0.014629
0 0.862564 0.015521 0.014661 0.014894
0 0.958391 0.566147 0.014843 0.014701
0 0.981910 0.554137 0.014944 0.014556
0 0.117561 0.026462 0.014633 0.014530
0 0.987173 0.145441 0.014461 0.014334
0 0.996379 0.580817 0.007241 0.014648
