0 0.737626 0.094591 0.017615 0.017367
0 0.456203 0.083068 0.017365 0.017283
0 0.329408 0.932867 0.017327 0.017250
0 0.563742 0.164102 0.017654 0.016891
0 0.136359 0.357730 0.017193 0.017070
0 0.926097 0.567944 0.016786 0.017140
0 0.668491 0.611764 0.017125 0.016799
0 0.185939 0.727618 0.016810 0.016747
0 0.834510 0.238842 0.016827 0.016726
0 0.068310 0.911866 0.016681 0.016675
0 0.618724 0.585777 0.016734 0.016561
0 0.073691 0.642535 0.016833 0.016376
0 0.621924 0.944803 0.016568 0.016597
0 0.072919 0.867473 0.016782 0.016379
0 0.157695 0.972089 0.016601 0.016516
0 0.312929 0.599363 0.016304 0.016735
0 0.563041 0.075615 0.016475 0.016505
0 0.531352 0.586879 0.016518 0.016452
0 0.493613 0.897149 0.016439 0.016492
0 0.008164 0.216776 0.015610 0.017351
0 0.028680 0.350670 0.016286 0.016616
0 0.526081 0.364901 0.016368 0.016396
0 0.196498 0.797008 0.016410 0.016353
0 0.530286 0.681668 0.016396 0.016315
0 0.408852 0.563486 0.016415 0.016237
0 0.093013 0.548286 0.016448 0.016158
0 0.370500 0.827960 0.016244 0.016352
0 0.499635 0.924310 0.016290 0.016253
0 0.720572 0.732288 0.016327 0.016162
0 0.019743 0.149333 0.016387 0.016096
0 0.489201 0.582741 0.016241 0.016136
0 0.195746 0.106806 0.016155 0.016199
0 0.766079 0.835867 0.016339 0.016016
0 0.958597 0.749593 0.016153 0.016177
0 0.366536 0.858343 0.016249 0.016035
0 0.558966 0.039555 0.016340 0.015923
0 0.869146 0.455586 0.016133 0.016124
0 0.132277 0.876724 0.016070 0.016177
0 0.196067 0.983598 0.016087 0.016150
0 0.750769 0.890939 0.016114 0.016093
0 0.597355 0.721156 0.016134 0.016059
0 0.556128 0.735136 0.016130 0.016060
0 0.294828 0.496672 0.016092 0.016016
0 0.933683 0.054149 0.016088 0.015970
0 0.230499 0.496458 0.015896 0.016156
0 0.554244 0.524664 0.015926 0.016083
0 0.175392 0.239908 0.016002 0.015995
0 0.364626 0.536280 0.016004 0.015980
0 0.304483 0.467156 0.015979 0.015985
0 0.683169 0.658569 0.016115 0.015803
0 0.859802 0.480816 0.016087 0.015814
0 0.617690 0.323360 0.015952 0.015947
0 0.870994 0.313978 0.015801 0.016086
0 0.921835 0.195663 0.015903 0.015966
0 0.937163 0.366019 0.015807 0.016039
0 0.398334 0.714875 0.015833 0.015950
0 0.184400 0.470719 0.015871 0.015894
0 0.254108 0.487603 0.016015 0.015745
0 0.594739 0.398894 0.015966 0.015787
0 0.242872 0.781610 0.015735 0.016010
0 0.118535 0.674916 0.016066 0.015643
0 0.382175 0.897450 0.015894 0.015803
0 0.007495 0.960383 0.014981 0.016764
0 0.505801 0.537732 0.015933 0.015752
0 0.219973 0.545912 0.015894 0.015699
0 0.754959 0.038066 0.015892 0.015691
0 0.650855 0.819523 0.015802 0.015744
0 0.500037 0.443941 0.015735 0.015799
0 0.498264 0.157638 0.015718 0.015804
0 0.778648 0.946555 0.015804 0.015708
0 0.617998 0.532565 0.015809 0.015692
0 0.351957 0.644232 0.015824 0.015658
0 0.315760 0.083158 0.015836 0.015627
0 0.832368 0.678442 0.015504 0.015959
0 0.325796 0.560349 0.015632 0.015821
0 0.534598 0.720309 0.015967 0.015479
0 0.435151 0.870273 0.015681 0.015710
0 0.297805 0.649624 0.015680 0.015660
0 0.662738 0.364608 0.015705 0.015632
0 0.034625 0.533317 0.015717 0.015619
0 0.312305 0.215189 0.015750 0.015565
0 0.177279 0.615070 0.015607 0.015668
0 0.892434 0.896204 0.015598 0.015654
0 0.388459 0.419210 0.015572 0.015636
0 0.981146 0.386604 0.015732 0.015463
0 0.773425 0.256603 0.015434 0.015756
0 0.616343 0.701741 0.015648 0.015522
0 0.772168 0.349168 0.015713 0.015382
0 0.061950 0.709519 0.015461 0.015626
0 0.400998 0.327817 0.015499 0.015577
0 0.173140 0.563291 0.015630 0.015406
0 0.705604 0.170778 0.015497 0.015501
0 0.953176 0.917275 0.015578 0.015351
0 0.537702 0.771161 0.015498 0.015423
0 0.893092 0.443716 0.015556 0.015353
0 0.352718 0.310339 0.015622 0.015283
0 0.918383 0.492196 0.015592 0.015296
0 0.884184 0.836618 0.015590 0.015280
0 0.180043 0.072177 0.015452 0.015374
0 0.504885 0.805627 0.015623 0.015153
0 0.607076 0.666914 0.015494 0.015239
0 0.772787 0.293622 0.015460 0.015268
0 0.037360 0.495388 0.015461 0.015242
0 0.282371 0.801771 0.015438 0.015248
0 0.745588 0.506473 0.015298 0.015387
0 0.719266 0.759283 0.015180 0.015501
0 0.880297 0.581597 0.015471 0.015186
0 0.548002 0.986428 0.015414 0.015226
0 0.305859 0.254243 0.015418 0.015214
0 0.879666 0.399660 0.015431 0.015164
0 0.674874 0.502385 0.015288 0.015251
0 0.748944 0.712111 0.015298 0.015200
0 0.236338 0.379586 0.015383 0.015103
0 0.699619 0.771498 0.015119 0.015268
0 0.748079 0.234627 0.015331 0.015053
0 0.464544 0.244340 0.015196 0.015184
0 0.645624 0.427160 0.015176 0.015170
0 0.271129 0.385251 0.015199 0.015129
0 0.967779 0.666811 0.015329 0.014987
0 0.100309 0.229645 0.015385 0.014931
0 0.722747 0.578342 0.015195 0.015116
0 0.825022 0.479498 0.015301 0.014998
0 0.273189 0.157620 0.015065 0.015201
0 0.725588 0.220016 0.015190 0.015061
0 0.967985 0.258930 0.015212 0.015001
0 0.578434 0.789937 0.015137 0.015010
0 0.640462 0.310332 0.015195 0.014944
0 0.862660 0.677845 0.014964 0.014985
0 0.165084 0.028185 0.014933 0.014766
0 0.969497 0.192076 0.014913 0.014611
0 0.983668 0.550385 0.014144 0.013999
0 0.006266 0.278019 0.012532 0.015727
0 0.006338 0.309300 0.012676 0.015544
0 0.082032 0.245887 0.013693 0.013482
0 0.090116 0.003266 0.017010 0.006533
0 0.002112 0.129460 0.004225 0.014487
