0 0.752331 0.979827 0.017780 0.018187
0 0.018686 0.542924 0.017830 0.017400
0 0.180444 0.829109 0.017103 0.017050
0 0.029434 0.878616 0.017041 0.017094
0 0.087932 0.810488 0.016786 0.016896
0 0.049280 0.434519 0.016792 0.016762
0 0.600486 0.551431 0.016603 0.016597
0 0.011815 0.957515 0.016634 0.016552
0 0.864430 0.981678 0.016720 0.016458
0 0.055617 0.769126 0.016536 0.016615
0 0.371127 0.774449 0.016614 0.016430
0 0.505763 0.539309 0.016674 0.016362
0 0.523184 0.719578 0.016691 0.016320
0 0.499590 0.930054 0.016558 0.016318
0 0.894184 0.942825 0.016319 0.016415
0 0.183872 0.243362 0.016403 0.016325
0 0.850148 0.234988 0.016394 0.016321
0 0.653773 0.637069 0.016383 0.016279
0 0.077921 0.449407 0.016559 0.016098
0 0.510112 0.754316 0.016209 0.016273
0 0.265836 0.669254 0.016170 0.016293
0 0.720284 0.229502 0.016166 0.016290
0 0.219072 0.452073 0.016171 0.016266
0 0.907831 0.328291 0.016226 0.016146
0 0.063306 0.623182 0.016128 0.016224
0 0.303605 0.626082 0.016467 0.015887
0 0.616414 0.531798 0.016253 0.016075
0 0.870435 0.843783 0.016233 0.016047
0 0.755725 0.289206 0.016110 0.016150
0 0.712976 0.921605 0.015932 0.016329
0 0.616330 0.327406 0.016265 0.015993
0 0.111378 0.555013 0.016033 0.016222
0 0.678273 0.723681 0.016241 0.016007
0 0.968184 0.196102 0.016138 0.016069
0 0.532360 0.672655 0.015961 0.016234
0 0.882784 0.403593 0.016169 0.016020
0 0.438107 0.824207 0.016060 0.016072
0 0.668032 0.561393 0.016102 0.016018
0 0.121416 0.083309 0.016071 0.016016
0 0.984298 0.754964 0.016140 0.015942
0 0.180407 0.432953 0.015914 0.016116
0 0.570897 0.467167 0.016084 0.015943
0 0.474947 0.469431 0.016207 0.015816
0 0.334581 0.342318 0.016035 0.015951
0 0.469169 0.970939 0.016085 0.015886
0 0.938328 0.869872 0.016005 0.015937
0 0.809475 0.239146 0.016033 0.015883
0 0.369535 0.586963 0.015885 0.016029
0 0.717076 0.785767 0.015936 0.015955
0 0.691759 0.288198 0.016044 0.015831
0 0.572203 0.888201 0.015906 0.015961
0 0.181181 0.661641 0.015882 0.015978
0 0.656688 0.377718 0.015884 0.015973
0 0.343094 0.811667 0.015846 0.016003
0 0.586260 0.711234 0.015928 0.015893
0 0.505019 0.637982 0.015991 0.015807
0 0.937101 0.500638 0.015889 0.015894
0 0.804422 0.725378 0.015928 0.015791
0 0.326779 0.669237 0.015996 0.015714
0 0.540058 0.894440 0.015927 0.015733
0 0.232358 0.880543 0.015839 0.015812
0 0.274768 0.911638 0.015724 0.015898
0 0.499992 0.794198 0.015906 0.015706
0 0.899061 0.269988 0.015924 0.015669
0 0.475932 0.271785 0.015760 0.015812
0 0.908886 0.426926 0.016030 0.015544
0 0.163635 0.748824 0.015782 0.015776
0 0.218448 0.119593 0.015847 0.015604
0 0.367326 0.053400 0.015830 0.015599
0 0.758463 0.651811 0.015836 0.015593
0 0.868611 0.170080 0.015642 0.015785
0 0.806414 0.056561 0.015788 0.015623
0 0.581685 0.218632 0.015770 0.015638
0 0.282341 0.528869 0.015904 0.015485
0 0.171095 0.393905 0.015632 0.015703
0 0.470314 0.691836 0.015782 0.015535
0 0.486114 0.124478 0.015790 0.015519
0 0.559959 0.731478 0.015705 0.015580
0 0.491315 0.466079 0.016001 0.015291
0 0.746361 0.506978 0.015643 0.015627
0 0.729595 0.067989 0.015832 0.015412
0 0.463103 0.617739 0.015677 0.015543
0 0.065302 0.707060 0.015731 0.015446
0 0.837323 0.471384 0.015546 0.015623
0 0.762608 0.917278 0.015648 0.015488
0 0.282719 0.800944 0.015597 0.015512
0 0.028001 0.063615 0.015644 0.015446
0 0.279519 0.300868 0.015581 0.015502
0 0.922630 0.567573 0.015556 0.015518
0 0.809200 0.455840 0.015361 0.015714
0 0.158412 0.704073 0.015431 0.015614
0 0.705113 0.765779 0.015624 0.015419
0 0.178392 0.075085 0.015689 0.015350
0 0.441409 0.674548 0.015563 0.015474
0 0.799591 0.176960 0.015419 0.015534
0 0.945823 0.992754 0.016715 0.014283
0 0.632277 0.575724 0.015450 0.015449
0 0.981495 0.785732 0.015511 0.015380
0 0.473418 0.362940 0.015494 0.015392
0 0.920554 0.739646 0.015627 0.015226
0 0.863176 0.045452 0.015355 0.015458
0 0.242472 0.560288 0.015442 0.015336
0 0.942882 0.312108 0.015265 0.015511
0 0.571551 0.141331 0.015519 0.015256
0 0.854837 0.673554 0.015428 0.015328
0 0.121600 0.625253 0.015538 0.015200
0 0.214044 0.354572 0.015330 0.015253
0 0.645600 0.425506 0.015473 0.015053
0 0.578728 0.790892 0.015246 0.015248
0 0.671298 0.500697 0.015305 0.015152
0 0.847805 0.019200 0.015103 0.015332
0 0.306443 0.375454 0.015210 0.015186
0 0.980424 0.553491 0.015466 0.014923
0 0.901694 0.507671 0.015247 0.015135
0 0.167933 0.558802 0.015089 0.015257
0 0.867929 0.600150 0.015211 0.015093
0 0.007551 0.154398 0.014502 0.015813
0 0.325058 0.185045 0.015159 0.015123
0 0.579441 0.289218 0.015048 0.015157
0 0.804030 0.368190 0.015163 0.014999
0 0.965034 0.667034 0.015070 0.015065
0 0.303833 0.467665 0.015020 0.015097
0 0.048424 0.741643 0.015179 0.014935
0 0.006530 0.438514 0.013051 0.017303
0 0.777105 0.353700 0.015038 0.015005
0 0.183075 0.609973 0.015060 0.014963
0 0.228041 0.378001 0.014963 0.015060
0 0.388766 0.204609 0.014953 0.015070
0 0.040231 0.701542 0.015221 0.014620
0 0.085658 0.129380 0.014497 0.014355
0 0.881960 0.580961 0.014017 0.013906
0 0.993528 0.008653 0.012945 0.014785
0 0.572540 0.316581 0.013628 0.013173
0 0.994437 0.329290 0.011127 0.014989
0 0.003813 0.325790 0.007626 0.018255
0 0.002524 0.751887 0.005048 0.016377
