0 0.077283 0.841404 0.018774 0.018394
0 0.042703 0.377965 0.017662 0.018108
0 0.116109 0.225110 0.017878 0.017691
0 0.048549 0.494900 0.017621 0.017274
0 0.874230 0.964997 0.017448 0.017251
0 0.240520 0.752515 0.017358 0.017088
0 0.013304 0.310794 0.016764 0.017194
0 0.474674 0.976447 0.016755 0.016884
0 0.038423 0.338423 0.016813 0.016799
0 0.615278 0.532845 0.016819 0.016757
0 0.057390 0.065894 0.016743 0.016749
0 0.094215 0.892921 0.016756 0.016726
0 0.354547 0.831457 0.016844 0.016606
0 0.007537 0.689105 0.015075 0.018515
0 0.875651 0.912779 0.016658 0.016698
0 0.081629 0.768336 0.016552 0.016756
0 0.206033 0.982947 0.016752 0.016550
0 0.288994 0.679274 0.016673 0.016579
0 0.328478 0.811800 0.016535 0.016589
0 0.065920 0.741674 0.016587 0.016523
0 0.025692 0.254168 0.016505 0.016368
0 0.026648 0.472526 0.016474 0.016391
0 0.319107 0.665743 0.016387 0.016467
0 0.152687 0.028510 0.016657 0.016198
0 0.098314 0.309702 0.016404 0.016430
0 0.644393 0.016719 0.016171 0.016647
0 0.293497 0.612585 0.016410 0.016375
0 0.429865 0.696748 0.016468 0.016263
0 0.761891 0.302910 0.016255 0.016469
0 0.062565 0.671454 0.016380 0.016337
0 0.109797 0.549672 0.016458 0.016166
0 0.976706 0.466055 0.016335 0.016233
0 0.261977 0.283082 0.016177 0.016372
0 0.160250 0.474647 0.016331 0.016200
0 0.577069 0.892225 0.016283 0.016228
0 0.552889 0.634862 0.016473 0.016027
0 0.596936 0.745358 0.016263 0.016221
0 0.807195 0.111288 0.016331 0.016111
0 0.108847 0.283583 0.016282 0.016102
0 0.008001 0.815946 0.015435 0.016965
0 0.685438 0.691032 0.016319 0.016037
0 0.322907 0.923370 0.016233 0.016084
0 0.943225 0.208553 0.016343 0.015928
0 0.741382 0.246169 0.016042 0.016218
0 0.800057 0.916317 0.016122 0.016129
0 0.690659 0.719699 0.016241 0.016007
0 0.214843 0.509257 0.016098 0.016146
0 0.711229 0.228126 0.015970 0.016271
0 0.814713 0.253661 0.016151 0.016069
0 0.693750 0.103760 0.016178 0.016039
0 0.948053 0.956993 0.016073 0.016103
0 0.239741 0.092366 0.016167 0.015953
0 0.484845 0.328900 0.016100 0.015968
0 0.413546 0.723948 0.015868 0.016184
0 0.136110 0.543512 0.015910 0.016105
0 0.742145 0.289586 0.015889 0.016101
0 0.826223 0.444992 0.015872 0.015999
0 0.829669 0.637039 0.016076 0.015729
0 0.130870 0.772532 0.015821 0.015966
0 0.759484 0.115646 0.015873 0.015806
0 0.555780 0.735335 0.016122 0.015559
0 0.617400 0.328402 0.015966 0.015700
0 0.077615 0.980966 0.015783 0.015878
0 0.959365 0.331901 0.015855 0.015800
0 0.330980 0.626512 0.015894 0.015747
0 0.338502 0.516724 0.015840 0.015758
0 0.966755 0.914861 0.015781 0.015738
0 0.829266 0.780490 0.015716 0.015802
0 0.467395 0.942243 0.015787 0.015679
0 0.147631 0.317797 0.015896 0.015567
0 0.146407 0.350270 0.015942 0.015514
0 0.469726 0.646950 0.015850 0.015579
0 0.859303 0.676237 0.015839 0.015589
0 0.197404 0.045528 0.015505 0.015869
0 0.307378 0.140666 0.015799 0.015553
0 0.760502 0.359176 0.015811 0.015523
0 0.377234 0.269050 0.015622 0.015643
0 0.495710 0.627070 0.015785 0.015479
0 0.171165 0.564651 0.015717 0.015545
0 0.375553 0.422203 0.015645 0.015613
0 0.658089 0.799574 0.015833 0.015391
0 0.293540 0.505968 0.015671 0.015528
0 0.505271 0.538752 0.015733 0.015452
0 0.533906 0.721552 0.015652 0.015514
0 0.392216 0.196221 0.015643 0.015517
0 0.730148 0.512673 0.015782 0.015374
0 0.818985 0.337642 0.015511 0.015640
0 0.193867 0.834832 0.015555 0.015570
0 0.204227 0.093174 0.015630 0.015495
0 0.106138 0.167357 0.015702 0.015421
0 0.033734 0.537926 0.015610 0.015359
0 0.891331 0.857046 0.015517 0.015410
0 0.871193 0.843127 0.015412 0.015492
0 0.730378 0.456587 0.015484 0.015395
0 0.154257 0.960819 0.015566 0.015305
0 0.742352 0.508995 0.015467 0.015323
0 0.502553 0.191104 0.015509 0.015281
0 0.605005 0.713241 0.015501 0.015257
0 0.643636 0.425653 0.015440 0.015302
0 0.981042 0.554726 0.015580 0.015158
0 0.062884 0.708811 0.015479 0.015235
0 0.283330 0.802397 0.015318 0.015348
0 0.689172 0.456059 0.015317 0.015325
0 0.668068 0.497464 0.015411 0.015227
0 0.672919 0.904091 0.015217 0.015405
0 0.753438 0.632910 0.015321 0.015242
0 0.642171 0.454994 0.015325 0.015232
0 0.960046 0.672983 0.015167 0.015377
0 0.161522 0.700637 0.015270 0.015251
0 0.741234 0.388257 0.015336 0.015181
0 0.237601 0.377021 0.015252 0.015247
0 0.987156 0.070746 0.015040 0.015461
0 0.331674 0.265620 0.015353 0.015122
0 0.576992 0.791830 0.015272 0.015145
0 0.882930 0.395799 0.015253 0.015147
0 0.881495 0.582748 0.015249 0.015131
0 0.677995 0.063396 0.015312 0.015004
0 0.457889 0.116956 0.015178 0.015019
0 0.032775 0.697629 0.015166 0.015023
0 0.824520 0.216797 0.015067 0.015102
0 0.804346 0.473377 0.015162 0.014912
0 0.481325 0.665339 0.015026 0.015002
0 0.305818 0.465796 0.015094 0.014839
0 0.738564 0.075119 0.014995 0.014929
0 0.706716 0.767096 0.015065 0.014858
0 0.175286 0.613727 0.014902 0.014952
0 0.603122 0.278174 0.015060 0.014786
0 0.840419 0.019260 0.015100 0.014745
0 0.905917 0.793355 0.014900 0.014849
0 0.762433 0.177161 0.014664 0.015086
0 0.133613 0.607124 0.014931 0.014690
0 0.463006 0.485247 0.014851 0.014731
0 0.956295 0.375775 0.014820 0.014700
0 0.518237 0.596747 0.014752 0.014733
0 0.668288 0.847765 0.014733 0.014750
0 0.007084 0.962751 0.014074 0.015216
0 0.283734 0.436727 0.014335 0.014877
0 0.951209 0.682681 0.014663 0.014448
0 0.594569 0.518057 0.014340 0.013768
0 0.810386 0.995283 0.017091 0.009434
0 0.102408 0.003354 0.017414 0.006708
