0 0.017651 0.787045 0.017985 0.018012
0 0.470180 0.956096 0.017245 0.017377
0 0.354609 0.532760 0.017167 0.017122
0 0.039764 0.888333 0.017202 0.017044
0 0.442650 0.773157 0.017024 0.017024
0 0.237844 0.441032 0.016900 0.016920
0 0.594417 0.580412 0.016768 0.016896
0 0.186800 0.268625 0.016825 0.016726
0 0.161969 0.340059 0.016863 0.016660
0 0.404338 0.849077 0.016883 0.016595
0 0.714373 0.101497 0.016816 0.016641
0 0.398650 0.111648 0.016679 0.016776
0 0.290624 0.262119 0.016913 0.016500
0 0.222029 0.281211 0.016723 0.016581
0 0.231390 0.824477 0.016760 0.016540
0 0.067777 0.657648 0.016656 0.016628
0 0.913195 0.913228 0.016582 0.016626
0 0.562719 0.735720 0.016500 0.016623
0 0.624468 0.614958 0.016369 0.016737
0 0.441540 0.823418 0.016497 0.016562
0 0.700607 0.893033 0.016361 0.016696
0 0.527880 0.739513 0.016596 0.016403
0 0.685451 0.725547 0.016680 0.016247
0 0.486808 0.309730 0.016503 0.016402
0 0.616408 0.533381 0.016417 0.016432
0 0.296051 0.507400 0.016228 0.016552
0 0.137101 0.457635 0.016250 0.016524
0 0.871238 0.213822 0.016500 0.016234
0 0.116315 0.340774 0.016506 0.016224
0 0.508474 0.540007 0.016437 0.016258
0 0.079916 0.042359 0.016258 0.016417
0 0.470722 0.481471 0.016429 0.016204
0 0.166925 0.968927 0.016351 0.016276
0 0.891966 0.436041 0.016327 0.016251
0 0.932087 0.814634 0.016310 0.016237
0 0.234517 0.545668 0.016169 0.016291
0 0.424864 0.400060 0.016239 0.016211
0 0.670750 0.789393 0.016232 0.016203
0 0.102024 0.604748 0.016246 0.016157
0 0.235469 0.376907 0.015949 0.016372
0 0.301830 0.215773 0.016213 0.016044
0 0.035334 0.545367 0.016206 0.016031
0 0.238281 0.254111 0.016015 0.016152
0 0.008836 0.960340 0.015839 0.016294
0 0.532489 0.387788 0.016057 0.016047
0 0.178160 0.692362 0.016076 0.016021
0 0.022288 0.852734 0.016161 0.015925
0 0.151170 0.720090 0.016094 0.015968
0 0.826161 0.271839 0.015906 0.016101
0 0.211409 0.072857 0.016123 0.015837
0 0.270553 0.592147 0.016093 0.015859
0 0.319677 0.569739 0.015907 0.016043
0 0.762418 0.027684 0.015984 0.015958
0 0.332646 0.186399 0.015970 0.015925
0 0.135928 0.506948 0.016031 0.015841
0 0.752128 0.087115 0.016159 0.015715
0 0.508225 0.712520 0.016070 0.015796
0 0.711916 0.222986 0.015947 0.015904
0 0.249691 0.390442 0.015792 0.016040
0 0.714122 0.034238 0.015929 0.015877
0 0.758937 0.620797 0.015920 0.015872
0 0.830111 0.716459 0.016084 0.015710
0 0.873954 0.843223 0.015885 0.015894
0 0.547038 0.174298 0.015912 0.015862
0 0.745592 0.169580 0.015944 0.015821
0 0.909601 0.396866 0.015893 0.015852
0 0.833551 0.878758 0.015847 0.015851
0 0.360222 0.765688 0.015773 0.015875
0 0.652087 0.876381 0.015918 0.015729
0 0.283260 0.801844 0.015993 0.015625
0 0.428620 0.653325 0.015802 0.015807
0 0.690807 0.393465 0.015826 0.015757
0 0.524424 0.927455 0.015788 0.015791
0 0.198003 0.757704 0.015705 0.015844
0 0.706195 0.254061 0.015802 0.015739
0 0.351255 0.668352 0.015797 0.015743
0 0.422549 0.715725 0.015736 0.015705
0 0.258606 0.473706 0.015704 0.015653
0 0.824008 0.482113 0.015753 0.015590
0 0.473568 0.869985 0.015664 0.015651
0 0.615995 0.327222 0.015815 0.015500
0 0.632070 0.281281 0.015594 0.015693
0 0.680230 0.181053 0.015747 0.015515
0 0.792903 0.252919 0.015626 0.015625
0 0.169042 0.487877 0.015704 0.015545
0 0.130302 0.390546 0.015737 0.015492
0 0.978736 0.636164 0.015672 0.015467
0 0.782104 0.071955 0.015655 0.015414
0 0.770276 0.443405 0.015532 0.015523
0 0.062960 0.708735 0.015648 0.015391
0 0.278400 0.831853 0.015650 0.015389
0 0.360760 0.720591 0.015511 0.015511
0 0.144711 0.849695 0.015466 0.015545
0 0.534112 0.721219 0.015799 0.015191
0 0.578876 0.792158 0.015664 0.015303
0 0.164889 0.563303 0.015507 0.015423
0 0.881756 0.402748 0.015368 0.015548
0 0.670228 0.501378 0.015667 0.015245
0 0.657558 0.549804 0.015519 0.015389
0 0.907776 0.293667 0.015561 0.015345
0 0.318692 0.666309 0.015438 0.015424
0 0.738639 0.934925 0.015341 0.015494
0 0.866121 0.556694 0.015474 0.015356
0 0.872838 0.149891 0.015487 0.015320
0 0.715163 0.759333 0.015421 0.015351
0 0.967624 0.806997 0.015487 0.015265
0 0.926831 0.219733 0.015488 0.015234
0 0.864856 0.679996 0.015455 0.015215
0 0.490380 0.239238 0.015374 0.015284
0 0.775910 0.351455 0.015236 0.015254
0 0.974594 0.710058 0.015238 0.015249
0 0.725441 0.494488 0.015141 0.015330
0 0.016084 0.357917 0.015156 0.015270
0 0.431415 0.286257 0.015300 0.015097
0 0.737025 0.304651 0.015207 0.015140
0 0.924190 0.496762 0.015095 0.015235
0 0.175679 0.595573 0.015234 0.015032
0 0.532102 0.773823 0.014996 0.015245
0 0.031552 0.697796 0.015553 0.014692
0 0.895871 0.325122 0.015358 0.014863
0 0.871895 0.196125 0.015277 0.014808
0 0.978531 0.554402 0.014985 0.015054
0 0.964273 0.668793 0.015094 0.014921
0 0.880888 0.583395 0.014991 0.014977
0 0.643582 0.433187 0.014920 0.014394
0 0.006900 0.053588 0.013310 0.016092
0 0.235190 0.019252 0.014461 0.014622
0 0.992963 0.715190 0.013398 0.014268
0 0.574931 0.317604 0.013161 0.013590
0 0.972102 0.994915 0.017377 0.010170
0 0.997291 0.992887 0.005418 0.012738
0 0.997806 0.165855 0.004389 0.014508
