0 0.153322 0.766391 0.018051 0.018102
0 0.115345 0.244676 0.017458 0.017295
0 0.749490 0.223994 0.017494 0.017099
0 0.446937 0.632245 0.017244 0.017162
0 0.781720 0.956589 0.016977 0.016992
0 0.886826 0.917619 0.016928 0.016974
0 0.490839 0.950406 0.016932 0.016949
0 0.746708 0.505847 0.016955 0.016924
0 0.677490 0.732003 0.016881 0.016893
0 0.043316 0.823835 0.016754 0.016880
0 0.518003 0.597104 0.016834 0.016730
0 0.331018 0.727139 0.016935 0.016594
0 0.657826 0.886405 0.016834 0.016688
0 0.067816 0.279152 0.016732 0.016712
0 0.408317 0.722167 0.016730 0.016696
0 0.489423 0.673790 0.016585 0.016745
0 0.281460 0.618235 0.016704 0.016624
0 0.828259 0.208694 0.016606 0.016623
0 0.858757 0.546785 0.016599 0.016548
0 0.161136 0.330612 0.016617 0.016520
0 0.202252 0.093549 0.016527 0.016573
0 0.129768 0.911721 0.016728 0.016358
0 0.046500 0.619209 0.016555 0.016495
0 0.365030 0.651595 0.016549 0.016430
0 0.170069 0.055180 0.016536 0.016407
0 0.104005 0.750754 0.016502 0.016386
0 0.290325 0.123003 0.016501 0.016331
0 0.959821 0.218473 0.016228 0.016562
0 0.810385 0.487606 0.016626 0.016125
0 0.724290 0.524262 0.016444 0.016271
0 0.587536 0.602160 0.016292 0.016371
0 0.728775 0.555106 0.016520 0.016063
0 0.912702 0.815385 0.016295 0.016281
0 0.238602 0.716811 0.016442 0.015977
0 0.505792 0.536725 0.016456 0.015935
0 0.619068 0.534371 0.016008 0.016352
0 0.537650 0.727017 0.016189 0.016168
0 0.981795 0.909006 0.016230 0.016121
0 0.186481 0.818212 0.016259 0.016070
0 0.031503 0.037278 0.016232 0.016020
0 0.608334 0.658681 0.016123 0.016117
0 0.017060 0.448043 0.016103 0.016092
0 0.617567 0.327346 0.016174 0.015993
0 0.423408 0.785124 0.016036 0.016111
0 0.720355 0.366142 0.016173 0.015911
0 0.194255 0.229297 0.016099 0.015971
0 0.325631 0.152272 0.015999 0.016026
0 0.222101 0.628613 0.016016 0.016004
0 0.667474 0.574898 0.016069 0.015922
0 0.760837 0.774928 0.016069 0.015908
0 0.143336 0.823087 0.016042 0.015898
0 0.298715 0.505562 0.015983 0.015943
0 0.288357 0.324042 0.015835 0.016081
0 0.240449 0.817573 0.016050 0.015842
0 0.728311 0.095534 0.015924 0.015926
0 0.361833 0.422463 0.015951 0.015841
0 0.276108 0.241018 0.015885 0.015906
0 0.750504 0.124714 0.015984 0.015793
0 0.437853 0.330980 0.015827 0.015925
0 0.171400 0.608330 0.015890 0.015848
0 0.890372 0.344025 0.016126 0.015610
0 0.842031 0.471247 0.015792 0.015901
0 0.458019 0.971746 0.015964 0.015728
0 0.308913 0.639900 0.015767 0.015909
0 0.762294 0.399921 0.015809 0.015849
0 0.228046 0.523583 0.015868 0.015788
0 0.926177 0.612348 0.015884 0.015771
0 0.579742 0.453327 0.016017 0.015633
0 0.021796 0.957434 0.015849 0.015794
0 0.648835 0.638625 0.015846 0.015778
0 0.397634 0.440635 0.015723 0.015874
0 0.831357 0.855715 0.015824 0.015709
0 0.164362 0.294164 0.015818 0.015711
0 0.343792 0.569732 0.015913 0.015593
0 0.642021 0.297911 0.015655 0.015788
0 0.303569 0.707785 0.015847 0.015581
0 0.899477 0.763723 0.015803 0.015599
0 0.556203 0.735112 0.015777 0.015580
0 0.854631 0.673421 0.015763 0.015581
0 0.676496 0.813069 0.015587 0.015747
0 0.035164 0.533157 0.015681 0.015636
0 0.488830 0.194145 0.015591 0.015720
0 0.841207 0.246733 0.015630 0.015678
0 0.549966 0.847883 0.015655 0.015636
0 0.871934 0.836124 0.015811 0.015451
0 0.865893 0.627738 0.015701 0.015559
0 0.121051 0.399033 0.015615 0.015638
0 0.578017 0.791660 0.015768 0.015476
0 0.302375 0.471179 0.015766 0.015438
0 0.072072 0.427962 0.015681 0.015469
0 0.718263 0.292059 0.015670 0.015465
0 0.374551 0.247611 0.015610 0.015464
0 0.700821 0.805027 0.015624 0.015431
0 0.281457 0.802459 0.015551 0.015486
0 0.230773 0.374693 0.015608 0.015411
0 0.776934 0.356669 0.015662 0.015326
0 0.062580 0.709327 0.015417 0.015556
0 0.894636 0.088644 0.015544 0.015415
0 0.929346 0.294453 0.015431 0.015520
0 0.818225 0.031426 0.015577 0.015353
0 0.326558 0.661061 0.015697 0.015214
0 0.654376 0.017485 0.015518 0.015381
0 0.852796 0.329930 0.015460 0.015414
0 0.672183 0.500439 0.015548 0.015289
0 0.712271 0.757009 0.015526 0.015309
0 0.892555 0.139705 0.015482 0.015316
0 0.362646 0.606543 0.015423 0.015366
0 0.160408 0.569912 0.015194 0.015508
0 0.887225 0.403204 0.015337 0.015249
0 0.235349 0.301424 0.015261 0.015304
0 0.096333 0.465296 0.015223 0.015335
0 0.900948 0.028517 0.015184 0.015313
0 0.785946 0.068940 0.015179 0.015309
0 0.879457 0.582267 0.015268 0.015190
0 0.645315 0.425675 0.015230 0.015209
0 0.962449 0.668030 0.015160 0.015277
0 0.007502 0.845425 0.014508 0.015909
0 0.340496 0.848082 0.015284 0.015071
0 0.716015 0.307314 0.015438 0.014912
0 0.993164 0.160238 0.013671 0.016745
0 0.422154 0.182290 0.015210 0.015046
0 0.475476 0.481420 0.015159 0.015036
0 0.837623 0.838118 0.015147 0.015026
0 0.979422 0.554441 0.015097 0.015028
0 0.790365 0.015865 0.015201 0.014877
0 0.037278 0.343643 0.014999 0.014909
0 0.033909 0.697875 0.015125 0.014698
0 0.665396 0.025206 0.015050 0.014479
0 0.471018 0.159425 0.014861 0.014646
0 0.922658 0.794046 0.014824 0.014559
0 0.674491 0.908851 0.014661 0.014556
0 0.140223 0.500078 0.014852 0.014261
0 0.064993 0.552672 0.014577 0.014497
0 0.053334 0.276564 0.014572 0.014444
0 0.181572 0.993769 0.016138 0.012461
0 0.120992 0.994152 0.015996 0.011696
0 0.005298 0.370622 0.010595 0.014005
0 0.997003 0.290125 0.005994 0.014934
0 0.733651 0.002143 0.014775 0.004287
