0 0.055058 0.298852 0.017615 0.017584
0 0.452086 0.632214 0.017371 0.017306
0 0.128830 0.809174 0.017122 0.017123
0 0.249579 0.724564 0.017166 0.016971
0 0.747020 0.372440 0.017008 0.017093
0 0.281213 0.613867 0.016899 0.016966
0 0.836113 0.949561 0.016862 0.016887
0 0.351040 0.579840 0.016871 0.016855
0 0.365648 0.821097 0.016930 0.016725
0 0.094869 0.921937 0.016831 0.016768
0 0.401565 0.709471 0.016686 0.016909
0 0.623330 0.488554 0.016528 0.016855
0 0.251717 0.833834 0.016589 0.016622
0 0.844049 0.581075 0.016628 0.016519
0 0.357555 0.607791 0.016568 0.016546
0 0.479801 0.644805 0.016614 0.016381
0 0.616075 0.533543 0.016495 0.016449
0 0.755715 0.216665 0.016752 0.016170
0 0.317091 0.820864 0.016545 0.016346
0 0.416003 0.737419 0.016500 0.016340
0 0.583505 0.600500 0.016525 0.016303
0 0.163208 0.289380 0.016264 0.016478
0 0.419604 0.457381 0.016389 0.016340
0 0.069722 0.847228 0.016326 0.016351
0 0.328551 0.661696 0.016420 0.016240
0 0.061354 0.505361 0.016340 0.016287
0 0.332288 0.538548 0.016431 0.016189
0 0.813529 0.598737 0.016228 0.016355
0 0.680596 0.607628 0.016300 0.016277
0 0.423551 0.703254 0.016317 0.016256
0 0.774675 0.108631 0.016195 0.016299
0 0.063512 0.407290 0.016194 0.016220
0 0.674882 0.716757 0.016136 0.016217
0 0.175337 0.975458 0.016121 0.016223
0 0.649027 0.301711 0.016084 0.016206
0 0.616665 0.327390 0.016321 0.015963
0 0.916793 0.927258 0.016223 0.016006
0 0.736515 0.492781 0.016132 0.016083
0 0.344778 0.188470 0.016122 0.016072
0 0.179905 0.337125 0.016206 0.015966
0 0.203437 0.237451 0.016233 0.015933
0 0.292105 0.975402 0.016245 0.015847
0 0.719070 0.059681 0.016221 0.015863
0 0.280309 0.271578 0.016077 0.016005
0 0.400926 0.289857 0.016020 0.015996
0 0.507044 0.535279 0.016058 0.015939
0 0.181708 0.695949 0.016001 0.015994
0 0.031035 0.831517 0.015963 0.015982
0 0.033252 0.532951 0.015981 0.015952
0 0.707546 0.764687 0.015939 0.015959
0 0.589080 0.688273 0.015953 0.015897
0 0.491517 0.957420 0.015906 0.015941
0 0.853317 0.191949 0.016087 0.015740
0 0.824626 0.345392 0.015956 0.015868
0 0.923187 0.840563 0.015838 0.015830
0 0.837697 0.499658 0.015804 0.015848
0 0.260716 0.291597 0.015853 0.015799
0 0.518321 0.885631 0.015910 0.015694
0 0.741206 0.304134 0.015997 0.015542
0 0.303837 0.709255 0.015755 0.015774
0 0.336477 0.129452 0.015910 0.015556
0 0.767781 0.426082 0.015740 0.015698
0 0.492152 0.163360 0.015841 0.015584
0 0.296173 0.506017 0.015637 0.015778
0 0.155996 0.658015 0.015761 0.015633
0 0.151566 0.490938 0.015802 0.015580
0 0.632949 0.893729 0.015759 0.015610
0 0.077458 0.194478 0.015761 0.015582
0 0.396362 0.245178 0.015648 0.015680
0 0.774537 0.797107 0.015806 0.015522
0 0.202676 0.122728 0.015643 0.015635
0 0.567745 0.729213 0.015610 0.015655
0 0.644132 0.425665 0.015735 0.015523
0 0.152795 0.768378 0.015533 0.015703
0 0.023507 0.464400 0.015643 0.015569
0 0.010669 0.963195 0.015472 0.015734
0 0.038104 0.878299 0.015619 0.015575
0 0.687751 0.511936 0.015461 0.015718
0 0.755214 0.038044 0.015645 0.015506
0 0.045039 0.020900 0.015469 0.015666
0 0.241106 0.092576 0.015691 0.015438
0 0.089881 0.565384 0.015504 0.015581
0 0.961823 0.669170 0.015598 0.015461
0 0.534386 0.721342 0.015591 0.015458
0 0.179161 0.074761 0.015671 0.015351
0 0.871825 0.843866 0.015537 0.015475
0 0.468722 0.482531 0.015726 0.015231
0 0.900879 0.238878 0.015564 0.015365
0 0.050476 0.803235 0.015389 0.015517
0 0.459295 0.349426 0.015559 0.015346
0 0.062137 0.709805 0.015438 0.015425
0 0.283164 0.801692 0.015408 0.015445
0 0.086835 0.465810 0.015277 0.015559
0 0.720250 0.845761 0.015431 0.015359
0 0.732327 0.786755 0.014867 0.015903
0 0.949664 0.126089 0.015370 0.015378
0 0.592673 0.622895 0.015430 0.015309
0 0.155630 0.395363 0.015410 0.015306
0 0.833716 0.869226 0.015461 0.015251
0 0.877109 0.361770 0.015538 0.015173
0 0.781433 0.349180 0.015493 0.015217
0 0.910821 0.063987 0.015394 0.015314
0 0.006963 0.626899 0.013927 0.016916
0 0.225396 0.704589 0.015352 0.015311
0 0.874669 0.308359 0.015327 0.015325
0 0.172274 0.563213 0.015421 0.015231
0 0.170217 0.608040 0.015322 0.015287
0 0.879785 0.582981 0.015312 0.015247
0 0.168725 0.531018 0.015252 0.015253
0 0.762954 0.080615 0.015230 0.015221
0 0.328149 0.601128 0.015204 0.015232
0 0.833975 0.126322 0.015381 0.015054
0 0.255739 0.370377 0.015241 0.015174
0 0.691062 0.919623 0.015272 0.015134
0 0.865059 0.678528 0.015234 0.015115
0 0.932360 0.220754 0.015182 0.015150
0 0.899660 0.468217 0.015274 0.014980
0 0.467856 0.195878 0.015130 0.015121
0 0.666431 0.808815 0.015110 0.015042
0 0.293056 0.459648 0.015221 0.014847
0 0.918441 0.656685 0.015063 0.014988
0 0.886787 0.889210 0.014929 0.015117
0 0.882425 0.403271 0.014960 0.015037
0 0.321795 0.376617 0.014904 0.014988
0 0.991607 0.317153 0.014825 0.014991
0 0.578684 0.792024 0.015107 0.014644
0 0.829249 0.619314 0.014812 0.014902
0 0.035059 0.697781 0.014945 0.014666
0 0.980399 0.553652 0.014880 0.014503
0 0.177865 0.391233 0.014728 0.014649
0 0.932183 0.791987 0.014758 0.014572
0 0.993189 0.224934 0.013179 0.015674
0 0.953460 0.760553 0.014643 0.014093
0 0.993884 0.162170 0.012233 0.015988
0 0.626546 0.005730 0.015895 0.011383
0 0.005701 0.594773 0.011401 0.015821
0 0.995840 0.054490 0.008321 0.016852
0 0.002450 0.021831 0.004901 0.015295
