0 0.018942 0.842486 0.018224 0.018036
0 0.116506 0.710194 0.017657 0.018078
0 0.166465 0.970500 0.017649 0.017740
0 0.224559 0.083248 0.017301 0.017277
0 0.178200 0.784539 0.017444 0.017130
0 0.228617 0.677532 0.017272 0.017075
0 0.504747 0.970804 0.017132 0.017162
0 0.898123 0.893943 0.017266 0.016966
0 0.916536 0.845687 0.017025 0.017187
0 0.409083 0.689054 0.017240 0.016948
0 0.033519 0.716701 0.017068 0.017035
0 0.073662 0.751062 0.016879 0.017155
0 0.384188 0.794072 0.016985 0.016864
0 0.115684 0.540224 0.016759 0.016963
0 0.051195 0.709530 0.016983 0.016734
0 0.078861 0.285671 0.016906 0.016756
0 0.960750 0.943693 0.016985 0.016448
0 0.170060 0.208247 0.016625 0.016757
0 0.062180 0.789353 0.016509 0.016800
0 0.145356 0.460667 0.016612 0.016695
0 0.344145 0.680244 0.016839 0.016467
0 0.076980 0.216077 0.016665 0.016552
0 0.871991 0.427314 0.016563 0.016632
0 0.654655 0.831440 0.016674 0.016493
0 0.905524 0.982520 0.016446 0.016706
0 0.855710 0.976189 0.016551 0.016563
0 0.282930 0.707075 0.016527 0.016569
0 0.673985 0.730241 0.016634 0.016450
0 0.597906 0.032653 0.016584 0.016443
0 0.517282 0.667335 0.016362 0.016555
0 0.264750 0.277147 0.016396 0.016486
0 0.647110 0.766006 0.016358 0.016410
0 0.207579 0.862995 0.016428 0.016330
0 0.616896 0.533493 0.016338 0.016387
0 0.743258 0.178068 0.016543 0.016142
0 0.598286 0.784924 0.016236 0.016436
0 0.636327 0.149252 0.016399 0.016269
0 0.892504 0.240311 0.016557 0.016108
0 0.016964 0.278128 0.016369 0.016290
0 0.562190 0.926690 0.016110 0.016512
0 0.041978 0.351135 0.016470 0.016032
0 0.164790 0.561531 0.016223 0.016266
0 0.023202 0.793596 0.016248 0.016189
0 0.503120 0.292580 0.016472 0.015968
0 0.663310 0.690200 0.016200 0.016233
0 0.616420 0.327779 0.016364 0.016027
0 0.789050 0.854273 0.016272 0.016101
0 0.556139 0.504405 0.016301 0.016072
0 0.384320 0.767202 0.016236 0.016130
0 0.017982 0.380901 0.016441 0.015916
0 0.072770 0.938309 0.016213 0.016125
0 0.606399 0.857820 0.016237 0.016092
0 0.285109 0.503299 0.016141 0.016172
0 0.334364 0.167983 0.016387 0.015886
0 0.801548 0.322006 0.015967 0.016231
0 0.194289 0.098528 0.015787 0.016400
0 0.313107 0.916291 0.016080 0.016082
0 0.504454 0.538010 0.016260 0.015896
0 0.322077 0.662596 0.016234 0.015906
0 0.190885 0.537697 0.016269 0.015852
0 0.414984 0.743679 0.016182 0.015926
0 0.040859 0.487451 0.016147 0.015958
0 0.066315 0.566130 0.016169 0.015931
0 0.698360 0.103541 0.015952 0.016136
0 0.640746 0.497945 0.016132 0.015933
0 0.235528 0.291544 0.016232 0.015833
0 0.133086 0.816996 0.016244 0.015818
0 0.147203 0.314442 0.016049 0.016008
0 0.014918 0.966173 0.016033 0.015972
0 0.135228 0.692455 0.015752 0.016226
0 0.440024 0.641705 0.016042 0.015839
0 0.507772 0.641139 0.015842 0.016007
0 0.669375 0.205630 0.015896 0.015921
0 0.971593 0.186430 0.016124 0.015666
0 0.438032 0.416730 0.015896 0.015844
0 0.828799 0.772847 0.015889 0.015775
0 0.346193 0.988575 0.015889 0.015705
0 0.729042 0.224846 0.015935 0.015653
0 0.559438 0.735642 0.015838 0.015734
0 0.653382 0.078458 0.015921 0.015641
0 0.176920 0.360775 0.015907 0.015640
0 0.978233 0.328579 0.015853 0.015686
0 0.715289 0.760792 0.015823 0.015696
0 0.534502 0.721409 0.015818 0.015697
0 0.231132 0.372147 0.015763 0.015726
0 0.357104 0.951079 0.015857 0.015625
0 0.683238 0.412760 0.015818 0.015644
0 0.811590 0.350633 0.015703 0.015748
0 0.485751 0.134765 0.015687 0.015705
0 0.271437 0.223708 0.015927 0.015449
0 0.079824 0.191818 0.015643 0.015713
0 0.520067 0.234021 0.015833 0.015503
0 0.019530 0.540894 0.015570 0.015741
0 0.947925 0.914399 0.015763 0.015545
0 0.868510 0.257350 0.015742 0.015553
0 0.919010 0.475979 0.015801 0.015450
0 0.776141 0.352301 0.015830 0.015375
0 0.381790 0.584043 0.015640 0.015559
0 0.793910 0.120280 0.015615 0.015575
0 0.608909 0.479129 0.015754 0.015432
0 0.696998 0.345534 0.015631 0.015541
0 0.925392 0.718483 0.015604 0.015551
0 0.654884 0.525653 0.015697 0.015445
0 0.282293 0.802179 0.015569 0.015538
0 0.733671 0.511006 0.015678 0.015409
0 0.188740 0.637238 0.015599 0.015431
0 0.881731 0.403897 0.015564 0.015463
0 0.978470 0.867502 0.015641 0.015339
0 0.969816 0.220921 0.015659 0.015315
0 0.385738 0.243353 0.015628 0.015332
0 0.820440 0.441054 0.015639 0.015294
0 0.861840 0.678950 0.015459 0.015461
0 0.421629 0.593302 0.015487 0.015364
0 0.671776 0.499103 0.015485 0.015362
0 0.051997 0.871219 0.015506 0.015339
0 0.754003 0.446442 0.015494 0.015350
0 0.874877 0.836101 0.015511 0.015304
0 0.980910 0.554700 0.015506 0.015202
0 0.961340 0.668878 0.015387 0.015289
0 0.966244 0.038671 0.015460 0.015132
0 0.886402 0.793910 0.015319 0.015270
0 0.215371 0.951681 0.015282 0.015187
0 0.174956 0.615822 0.015288 0.015160
0 0.462952 0.485921 0.015262 0.015098
0 0.644013 0.425403 0.015219 0.015029
0 0.756092 0.399675 0.015156 0.015062
0 0.793535 0.187325 0.015150 0.014996
0 0.662686 0.847066 0.014976 0.015162
0 0.879353 0.582485 0.015133 0.014970
0 0.301120 0.467367 0.015055 0.014980
0 0.577865 0.792366 0.015113 0.014833
0 0.791856 0.609067 0.015006 0.014659
0 0.007043 0.508086 0.014037 0.015645
0 0.597831 0.273626 0.014820 0.014797
0 0.778821 0.007328 0.015341 0.014138
0 0.788704 0.624624 0.014723 0.014717
0 0.881243 0.006440 0.016624 0.012881
0 0.217634 0.006990 0.014962 0.013682
0 0.994371 0.421204 0.011259 0.015346
0 0.185709 0.004393 0.016506 0.008786
