0 0.946845 0.202287 0.017066 0.017126
0 0.742174 0.752031 0.017266 0.016926
0 0.211873 0.736740 0.016875 0.017093
0 0.060346 0.839259 0.016769 0.017138
0 0.798220 0.782744 0.016873 0.016804
0 0.723203 0.165637 0.016578 0.017060
0 0.228961 0.639857 0.016808 0.016712
0 0.933754 0.889015 0.016844 0.016589
0 0.388143 0.825391 0.016663 0.016751
0 0.841340 0.838324 0.016843 0.016563
0 0.965139 0.864903 0.016795 0.016585
0 0.308179 0.832298 0.016625 0.016741
0 0.096402 0.346049 0.016754 0.016601
0 0.053693 0.483747 0.016874 0.016482
0 0.346092 0.750195 0.016677 0.016615
0 0.339084 0.908987 0.016430 0.016820
0 0.283015 0.781189 0.016806 0.016427
0 0.862420 0.052943 0.016636 0.016584
0 0.945062 0.120772 0.016523 0.016576
0 0.106226 0.724197 0.016461 0.016543
0 0.440291 0.700813 0.016405 0.016598
0 0.035942 0.627149 0.016553 0.016449
0 0.247155 0.153880 0.016431 0.016565
0 0.058528 0.852702 0.016750 0.016210
0 0.677474 0.772589 0.016557 0.016385
0 0.314894 0.580515 0.016502 0.016430
0 0.059655 0.507262 0.016643 0.016238
0 0.836455 0.156719 0.016429 0.016412
0 0.852607 0.675160 0.016414 0.016388
0 0.651335 0.787937 0.016328 0.016392
0 0.037040 0.454179 0.016318 0.016381
0 0.615563 0.498722 0.016291 0.016383
0 0.424340 0.658743 0.016568 0.016089
0 0.562671 0.029296 0.016145 0.016448
0 0.576288 0.642194 0.016224 0.016321
0 0.425821 0.591873 0.016031 0.016381
0 0.937354 0.036773 0.016314 0.016088
0 0.206675 0.801647 0.016153 0.016223
0 0.212180 0.708283 0.016191 0.016171
0 0.012288 0.260233 0.015898 0.016435
0 0.100321 0.615528 0.016118 0.016195
0 0.372847 0.658701 0.016044 0.016244
0 0.103278 0.428280 0.016228 0.016042
0 0.661965 0.716267 0.016245 0.015997
0 0.627734 0.198119 0.016197 0.016021
0 0.852072 0.333768 0.016107 0.016078
0 0.869301 0.817513 0.016312 0.015864
0 0.449937 0.100252 0.016104 0.016067
0 0.660053 0.933888 0.016142 0.016023
0 0.643201 0.313499 0.016238 0.015918
0 0.423934 0.328564 0.016040 0.016066
0 0.328527 0.664428 0.016208 0.015890
0 0.575115 0.393942 0.016001 0.016077
0 0.181595 0.257232 0.016126 0.015944
0 0.805852 0.047150 0.016320 0.015724
0 0.169627 0.305463 0.016079 0.015959
0 0.034737 0.532488 0.016010 0.015998
0 0.592173 0.411155 0.016067 0.015916
0 0.570137 0.094259 0.016088 0.015864
0 0.759860 0.347633 0.016031 0.015917
0 0.527512 0.656255 0.016109 0.015832
0 0.265842 0.663755 0.015871 0.016060
0 0.888787 0.836055 0.015862 0.016041
0 0.283009 0.488918 0.015929 0.015966
0 0.125503 0.072805 0.015947 0.015943
0 0.010048 0.961652 0.015792 0.016069
0 0.894308 0.616166 0.015837 0.016008
0 0.177770 0.612317 0.016092 0.015740
0 0.979778 0.256012 0.015997 0.015816
0 0.823995 0.770063 0.015800 0.016010
0 0.438454 0.826209 0.015696 0.016116
0 0.723849 0.197927 0.015771 0.015971
0 0.617980 0.327610 0.015929 0.015769
0 0.746115 0.506832 0.015887 0.015779
0 0.715655 0.250409 0.015961 0.015688
0 0.617848 0.533167 0.015778 0.015824
0 0.168827 0.891918 0.015812 0.015781
0 0.362705 0.234846 0.015684 0.015857
0 0.471453 0.053376 0.015890 0.015632
0 0.165336 0.659941 0.015815 0.015696
0 0.906096 0.673516 0.015835 0.015640
0 0.464738 0.319098 0.015815 0.015641
0 0.829163 0.260652 0.015854 0.015601
0 0.484725 0.206255 0.015815 0.015622
0 0.173280 0.561432 0.015809 0.015612
0 0.007643 0.629198 0.014926 0.016535
0 0.496079 0.276795 0.015891 0.015500
0 0.883574 0.581504 0.015670 0.015659
0 0.173616 0.489159 0.015581 0.015742
0 0.019867 0.215414 0.015929 0.015374
0 0.275489 0.271123 0.015710 0.015566
0 0.525278 0.080075 0.015581 0.015693
0 0.443765 0.546025 0.015701 0.015519
0 0.444014 0.980348 0.015708 0.015511
0 0.774242 0.404558 0.015636 0.015467
0 0.698264 0.992328 0.016362 0.014761
0 0.305474 0.469602 0.015608 0.015470
0 0.954908 0.772757 0.015583 0.015486
0 0.632252 0.372487 0.015699 0.015352
0 0.037059 0.696134 0.015625 0.015394
0 0.491773 0.684214 0.015537 0.015461
0 0.695518 0.497759 0.015433 0.015532
0 0.993336 0.196759 0.013327 0.017976
0 0.063027 0.708894 0.015349 0.015567
0 0.924234 0.577995 0.015380 0.015493
0 0.563510 0.736142 0.015543 0.015321
0 0.230110 0.373869 0.015584 0.015229
0 0.075259 0.762093 0.015507 0.015287
0 0.980513 0.553091 0.015558 0.015225
0 0.480115 0.186232 0.015645 0.015115
0 0.228543 0.089866 0.015503 0.015219
0 0.439774 0.476349 0.015428 0.015290
0 0.553048 0.432689 0.015309 0.015360
0 0.719884 0.819460 0.015406 0.015261
0 0.536239 0.720273 0.015272 0.015371
0 0.907210 0.901892 0.015256 0.015349
0 0.578675 0.791166 0.015496 0.015109
0 0.329373 0.784774 0.015257 0.015323
0 0.716221 0.761803 0.015331 0.015227
0 0.646518 0.425632 0.015334 0.015222
0 0.094730 0.219084 0.015310 0.015222
0 0.590361 0.749830 0.015408 0.015090
0 0.886933 0.445781 0.015309 0.015145
0 0.504508 0.541054 0.015390 0.015049
0 0.712623 0.569742 0.015298 0.015014
0 0.283652 0.801588 0.015219 0.015077
0 0.962522 0.671090 0.015202 0.015066
0 0.885150 0.396005 0.015124 0.015113
0 0.956074 0.470969 0.015240 0.014988
0 0.912832 0.330768 0.014933 0.015064
0 0.666845 0.476496 0.014180 0.014127
0 0.671394 0.004442 0.018613 0.008884
0 0.881232 0.004268 0.016824 0.008536
0 0.995503 0.979457 0.008994 0.014869
0 0.300718 0.997578 0.017191 0.004844
