0 0.023019 0.823896 0.017876 0.017947
0 0.017320 0.784118 0.017692 0.017719
0 0.094386 0.081221 0.017128 0.017411
0 0.016183 0.172113 0.017022 0.016917
0 0.135820 0.841764 0.016802 0.016781
0 0.835914 0.558036 0.016725 0.016846
0 0.884467 0.515473 0.016795 0.016774
0 0.096807 0.027686 0.016789 0.016773
0 0.355519 0.397828 0.016905 0.016516
0 0.205988 0.099103 0.016716 0.016698
0 0.346248 0.020385 0.016812 0.016583
0 0.974741 0.439491 0.016573 0.016569
0 0.483349 0.950050 0.016658 0.016454
0 0.844398 0.029991 0.016553 0.016467
0 0.178424 0.249378 0.016696 0.016314
0 0.305815 0.252663 0.016568 0.016421
0 0.053505 0.906744 0.016666 0.016315
0 0.923180 0.875412 0.016331 0.016493
0 0.645758 0.618643 0.016481 0.016267
0 0.186704 0.335701 0.016152 0.016562
0 0.523315 0.728921 0.016306 0.016362
0 0.364661 0.941261 0.016307 0.016259
0 0.461482 0.600011 0.016490 0.016063
0 0.240499 0.089823 0.016390 0.016123
0 0.600507 0.583930 0.016252 0.016253
0 0.857411 0.171455 0.016142 0.016362
0 0.928690 0.282263 0.016406 0.016086
0 0.389906 0.231714 0.016234 0.016214
0 0.851443 0.623062 0.016261 0.016165
0 0.677356 0.714577 0.016167 0.016208
0 0.300057 0.887377 0.016230 0.016082
0 0.316381 0.363455 0.016277 0.016015
0 0.878423 0.226482 0.016271 0.016019
0 0.087486 0.492243 0.016073 0.016205
0 0.489987 0.085518 0.015978 0.016290
0 0.020378 0.869280 0.015939 0.016245
0 0.080977 0.389011 0.016082 0.016049
0 0.239227 0.303869 0.016162 0.015968
0 0.942223 0.176600 0.015996 0.016101
0 0.618486 0.328139 0.016132 0.015962
0 0.497767 0.431384 0.016057 0.015994
0 0.101957 0.429212 0.015949 0.016019
0 0.696931 0.914312 0.015985 0.015981
0 0.809217 0.929118 0.016062 0.015890
0 0.798848 0.069292 0.016080 0.015864
0 0.668711 0.558496 0.016011 0.015897
0 0.616425 0.230933 0.016012 0.015896
0 0.656009 0.252499 0.015997 0.015853
0 0.816656 0.881112 0.015838 0.015978
0 0.038712 0.667430 0.016003 0.015798
0 0.460548 0.230070 0.015922 0.015843
0 0.311444 0.191007 0.015958 0.015805
0 0.280668 0.617755 0.015989 0.015760
0 0.975017 0.252016 0.015801 0.015935
0 0.541868 0.696829 0.015879 0.015851
0 0.776692 0.606032 0.015956 0.015759
0 0.787321 0.950049 0.016032 0.015681
0 0.419450 0.377316 0.015897 0.015801
0 0.223885 0.857031 0.015807 0.015843
0 0.514888 0.974840 0.016065 0.015580
0 0.715764 0.229889 0.015992 0.015646
0 0.543026 0.243898 0.015951 0.015682
0 0.509241 0.667049 0.015956 0.015655
0 0.167907 0.759047 0.015824 0.015781
0 0.356135 0.543835 0.015671 0.015917
0 0.852798 0.490704 0.015771 0.015799
0 0.173371 0.562913 0.015970 0.015595
0 0.494874 0.689338 0.015743 0.015812
0 0.258998 0.709746 0.015806 0.015720
0 0.786649 0.284457 0.015716 0.015800
0 0.554965 0.179164 0.016016 0.015411
0 0.856472 0.379026 0.015904 0.015511
0 0.939525 0.715072 0.015707 0.015691
0 0.195088 0.585034 0.015732 0.015631
0 0.649258 0.393488 0.015655 0.015655
0 0.478794 0.474133 0.015614 0.015690
0 0.616960 0.531932 0.015731 0.015552
0 0.419480 0.221953 0.015773 0.015510
0 0.879572 0.401552 0.015591 0.015665
0 0.413170 0.822852 0.015501 0.015670
0 0.854561 0.315673 0.015590 0.015576
0 0.318109 0.663313 0.015707 0.015459
0 0.528842 0.844722 0.015653 0.015503
0 0.192044 0.395791 0.015544 0.015510
0 0.205218 0.703539 0.015648 0.015404
0 0.849827 0.121424 0.015465 0.015572
0 0.136508 0.470586 0.015456 0.015557
0 0.601146 0.512355 0.015457 0.015503
0 0.848513 0.673966 0.015574 0.015374
0 0.506029 0.541482 0.015507 0.015426
0 0.018840 0.120976 0.015661 0.015270
0 0.326726 0.794140 0.015534 0.015364
0 0.800833 0.457856 0.015385 0.015509
0 0.282258 0.801339 0.015590 0.015296
0 0.294485 0.509040 0.015695 0.015186
0 0.011665 0.962448 0.015549 0.015316
0 0.061912 0.708876 0.015445 0.015418
0 0.716766 0.707856 0.015614 0.015243
0 0.117813 0.625516 0.015661 0.015193
0 0.741842 0.918812 0.015433 0.015411
0 0.715512 0.759768 0.015412 0.015413
0 0.358387 0.769040 0.015445 0.015361
0 0.519300 0.443779 0.015640 0.015138
0 0.233593 0.375263 0.015418 0.015326
0 0.870126 0.841632 0.015577 0.015169
0 0.964255 0.669046 0.015508 0.015231
0 0.372685 0.626274 0.015390 0.015314
0 0.967215 0.032619 0.015438 0.015254
0 0.785506 0.743646 0.015462 0.015209
0 0.236320 0.588972 0.015367 0.015297
0 0.086198 0.543691 0.015432 0.015132
0 0.021258 0.542093 0.015268 0.015242
0 0.593013 0.730280 0.015220 0.015282
0 0.741808 0.315038 0.015353 0.015042
0 0.879549 0.581534 0.015216 0.015171
0 0.509920 0.875229 0.015266 0.015100
0 0.712186 0.082177 0.015265 0.015025
0 0.674635 0.500739 0.015162 0.015082
0 0.745927 0.507147 0.015134 0.015086
0 0.577525 0.791281 0.015238 0.014980
0 0.271685 0.260975 0.015145 0.014996
0 0.645288 0.425140 0.015032 0.015008
0 0.776574 0.353828 0.015068 0.014955
0 0.476178 0.800055 0.014987 0.015008
0 0.417650 0.670748 0.014970 0.014957
0 0.935134 0.538041 0.014978 0.014943
0 0.305889 0.469568 0.014972 0.014915
0 0.816947 0.531449 0.014905 0.014971
0 0.557677 0.739397 0.014953 0.014910
0 0.456161 0.769100 0.014750 0.014623
0 0.178895 0.605996 0.014694 0.014572
0 0.005486 0.029747 0.010972 0.019042
0 0.982525 0.553198 0.014338 0.014168
0 0.702120 0.458359 0.013482 0.013489
0 0.573238 0.316821 0.013411 0.013225
0 0.968775 0.004525 0.016797 0.008979
0 0.635622 0.995203 0.015020 0.009593
0 0.296417 0.003315 0.017548 0.006631
0 0.002413 0.447658 0.004825 0.016560
0 0.997678 0.131230 0.004644 0.014795
