0 0.180129 0.069325 0.017796 0.017460
0 0.973996 0.237735 0.017638 0.017439
0 0.881585 0.835582 0.017174 0.017258
0 0.054120 0.976848 0.017229 0.017001
0 0.835011 0.911005 0.017157 0.017022
0 0.766917 0.772888 0.016946 0.016864
0 0.124773 0.769561 0.016903 0.016849
0 0.278941 0.289545 0.017018 0.016712
0 0.103927 0.328922 0.016864 0.016749
0 0.618467 0.809281 0.016864 0.016720
0 0.091173 0.612343 0.016907 0.016579
0 0.894839 0.897737 0.016542 0.016935
0 0.271510 0.466907 0.016929 0.016387
0 0.283683 0.863576 0.016534 0.016774
0 0.890628 0.946862 0.016751 0.016539
0 0.719048 0.842763 0.016552 0.016697
0 0.431102 0.639150 0.016699 0.016543
0 0.866580 0.161330 0.016540 0.016601
0 0.220841 0.734767 0.016567 0.016475
0 0.198860 0.687277 0.016552 0.016375
0 0.045322 0.771368 0.016144 0.016784
0 0.916347 0.234933 0.016705 0.016208
0 0.491250 0.349289 0.016464 0.016393
0 0.667944 0.712398 0.016476 0.016209
0 0.213028 0.634084 0.016352 0.016300
0 0.615959 0.533480 0.016334 0.016276
0 0.205396 0.142622 0.016316 0.016271
0 0.098316 0.358465 0.016077 0.016486
0 0.041782 0.868822 0.016319 0.016219
0 0.607235 0.485712 0.016309 0.016211
0 0.165140 0.315748 0.016228 0.016231
0 0.585956 0.609630 0.016336 0.016118
0 0.131172 0.744600 0.016308 0.016110
0 0.727336 0.207971 0.016154 0.016199
0 0.240596 0.657839 0.016274 0.016078
0 0.105511 0.290380 0.016249 0.016095
0 0.509539 0.539903 0.016251 0.016048
0 0.169495 0.230228 0.016157 0.016107
0 0.459119 0.294293 0.016374 0.015859
0 0.448854 0.650286 0.016235 0.015992
0 0.128902 0.480962 0.016095 0.016126
0 0.744185 0.136135 0.016144 0.016064
0 0.095588 0.728561 0.016105 0.016095
0 0.835073 0.433411 0.016089 0.016108
0 0.495516 0.981169 0.016142 0.016027
0 0.355479 0.659550 0.016130 0.016035
0 0.021432 0.537340 0.016220 0.015926
0 0.169570 0.373655 0.016020 0.016120
0 0.102924 0.968734 0.015939 0.016179
0 0.747830 0.238257 0.016049 0.016031
0 0.964455 0.338059 0.016082 0.015998
0 0.082861 0.865295 0.016037 0.016042
0 0.346303 0.767968 0.015903 0.016171
0 0.538613 0.869311 0.015933 0.016051
0 0.559543 0.734105 0.016148 0.015836
0 0.818050 0.132307 0.015959 0.016021
0 0.936205 0.204988 0.015884 0.016094
0 0.186308 0.768000 0.015896 0.016068
0 0.132700 0.918433 0.016017 0.015924
0 0.431629 0.687415 0.016035 0.015897
0 0.262643 0.659847 0.016007 0.015918
0 0.887897 0.799934 0.015747 0.016168
0 0.881361 0.214867 0.015975 0.015933
0 0.927798 0.169152 0.015914 0.015988
0 0.135043 0.571094 0.015805 0.016076
0 0.048509 0.015172 0.015782 0.015982
0 0.591644 0.031536 0.015981 0.015777
0 0.991811 0.954350 0.015578 0.016176
0 0.532586 0.721089 0.016051 0.015679
0 0.243192 0.484987 0.015992 0.015735
0 0.720940 0.640355 0.015820 0.015842
0 0.035439 0.391164 0.015786 0.015840
0 0.294346 0.493941 0.015794 0.015797
0 0.884922 0.732884 0.015841 0.015740
0 0.663173 0.159648 0.015651 0.015908
0 0.774248 0.474212 0.015727 0.015788
0 0.823233 0.357053 0.015886 0.015588
0 0.680621 0.317536 0.015791 0.015679
0 0.893460 0.011870 0.015836 0.015613
0 0.646987 0.923006 0.015725 0.015722
0 0.335703 0.134515 0.015628 0.015808
0 0.177127 0.614013 0.015775 0.015607
0 0.919399 0.930379 0.015714 0.015657
0 0.614883 0.324746 0.015700 0.015654
0 0.776747 0.353088 0.015678 0.015630
0 0.770398 0.441290 0.015672 0.015626
0 0.517069 0.097447 0.015698 0.015578
0 0.062056 0.710092 0.015534 0.015734
0 0.618763 0.692044 0.015516 0.015736
0 0.529589 0.970185 0.015714 0.015521
0 0.576188 0.792539 0.015511 0.015717
0 0.635803 0.282269 0.015611 0.015611
0 0.035448 0.517478 0.015552 0.015650
0 0.328135 0.665214 0.015663 0.015524
0 0.733865 0.510893 0.015474 0.015682
0 0.586240 0.415851 0.015431 0.015723
0 0.709695 0.764811 0.015545 0.015562
0 0.865005 0.678345 0.015609 0.015472
0 0.884707 0.406008 0.015339 0.015742
0 0.914111 0.489612 0.015624 0.015442
0 0.630188 0.674972 0.015544 0.015483
0 0.952984 0.718797 0.015453 0.015545
0 0.284239 0.801379 0.015586 0.015394
0 0.647641 0.414228 0.015683 0.015263
0 0.075440 0.525478 0.015385 0.015531
0 0.230574 0.378710 0.015493 0.015420
0 0.419560 0.752957 0.015415 0.015497
0 0.911762 0.669773 0.015406 0.015402
0 0.446457 0.486967 0.015555 0.015240
0 0.300266 0.467271 0.015265 0.015519
0 0.585209 0.470334 0.015465 0.015288
0 0.844664 0.778218 0.015477 0.015267
0 0.142659 0.875612 0.015425 0.015313
0 0.500143 0.134200 0.015335 0.015341
0 0.886313 0.780061 0.015350 0.015321
0 0.743571 0.034114 0.015470 0.015148
0 0.369212 0.903655 0.015320 0.015269
0 0.421226 0.622568 0.015409 0.015126
0 0.007011 0.962065 0.014022 0.016569
0 0.510873 0.444307 0.015210 0.015220
0 0.961992 0.668587 0.015217 0.015194
0 0.669416 0.499286 0.015244 0.015101
0 0.594190 0.204129 0.015197 0.015125
0 0.818227 0.027470 0.015252 0.015057
0 0.761770 0.665634 0.015166 0.015116
0 0.034957 0.697627 0.015250 0.014997
0 0.980863 0.553236 0.015371 0.014862
0 0.928973 0.041573 0.015280 0.014877
0 0.540246 0.216844 0.015185 0.014872
0 0.879504 0.582108 0.015145 0.014896
0 0.462615 0.657394 0.015084 0.014924
0 0.403137 0.293122 0.015038 0.014857
0 0.166011 0.559940 0.014944 0.014823
0 0.708245 0.466380 0.014905 0.014614
0 0.006382 0.886095 0.012763 0.016398
0 0.005660 0.271679 0.011321 0.017353
0 0.572869 0.316405 0.013378 0.013123
0 0.994563 0.097740 0.010873 0.014241
0 0.292352 0.996724 0.015958 0.006553
0 0.002344 0.761570 0.004687 0.016613
