0 0.795261 0.723997 0.017357 0.017492
0 0.034440 0.894765 0.017402 0.017199
0 0.605009 0.596794 0.017116 0.017182
0 0.075957 0.050625 0.017139 0.017112
0 0.421915 0.821247 0.017136 0.016921
0 0.057761 0.091211 0.017037 0.016975
0 0.034305 0.848446 0.016939 0.017010
0 0.872441 0.172962 0.016802 0.016962
0 0.615045 0.533242 0.016794 0.016801
0 0.360525 0.885325 0.016836 0.016755
0 0.240873 0.116046 0.016797 0.016624
0 0.895300 0.910843 0.016723 0.016686
0 0.692971 0.723500 0.016762 0.016557
0 0.851648 0.318551 0.016575 0.016692
0 0.857832 0.219010 0.016766 0.016446
0 0.054873 0.667697 0.016728 0.016481
0 0.658894 0.061923 0.016648 0.016558
0 0.479763 0.946525 0.016568 0.016497
0 0.104967 0.458470 0.016670 0.016394
0 0.955726 0.809643 0.016599 0.016455
0 0.984694 0.619209 0.016335 0.016702
0 0.412297 0.627942 0.016449 0.016505
0 0.426968 0.419160 0.016477 0.016472
0 0.039304 0.782911 0.016509 0.016440
0 0.227611 0.017223 0.016330 0.016510
0 0.780162 0.652287 0.016379 0.016432
0 0.443247 0.791233 0.016408 0.016369
0 0.650754 0.613010 0.016370 0.016322
0 0.493483 0.482628 0.016549 0.015999
0 0.852486 0.674998 0.016418 0.016051
0 0.148035 0.502467 0.016199 0.016260
0 0.532500 0.379836 0.016301 0.016128
0 0.693166 0.410731 0.015839 0.016510
0 0.179366 0.276996 0.016186 0.016155
0 0.509384 0.537776 0.016288 0.016050
0 0.492683 0.290614 0.016279 0.016049
0 0.317737 0.568313 0.016159 0.016113
0 0.934590 0.219400 0.016115 0.016133
0 0.400137 0.983050 0.016145 0.015996
0 0.397087 0.084873 0.015955 0.016180
0 0.161279 0.339426 0.016008 0.016102
0 0.670318 0.497195 0.016101 0.015970
0 0.974250 0.976538 0.016115 0.015955
0 0.407381 0.684224 0.016118 0.015921
0 0.817680 0.226167 0.016052 0.015975
0 0.035745 0.546881 0.016000 0.015989
0 0.720613 0.791064 0.016032 0.015935
0 0.188204 0.606407 0.016231 0.015721
0 0.641459 0.453537 0.016107 0.015818
0 0.243969 0.980844 0.016036 0.015885
0 0.740261 0.257763 0.016090 0.015823
0 0.203183 0.812212 0.015925 0.015950
0 0.617462 0.326982 0.015935 0.015930
0 0.517728 0.709542 0.016076 0.015732
0 0.271300 0.599212 0.015934 0.015864
0 0.455377 0.712809 0.015959 0.015804
0 0.952817 0.747550 0.015936 0.015818
0 0.747984 0.037380 0.015915 0.015793
0 0.345688 0.178714 0.016035 0.015659
0 0.220584 0.433427 0.016022 0.015653
0 0.141716 0.713833 0.015782 0.015880
0 0.818852 0.476965 0.015864 0.015741
0 0.904002 0.387207 0.015944 0.015638
0 0.670279 0.553286 0.015831 0.015735
0 0.715794 0.222747 0.015904 0.015659
0 0.758259 0.467424 0.015790 0.015761
0 0.700097 0.909294 0.015729 0.015819
0 0.175547 0.376946 0.015727 0.015780
0 0.886811 0.336770 0.015503 0.015982
0 0.823287 0.575978 0.015859 0.015560
0 0.211056 0.458076 0.015736 0.015636
0 0.353191 0.562617 0.015807 0.015539
0 0.859019 0.503727 0.015683 0.015651
0 0.751622 0.064664 0.015704 0.015612
0 0.538877 0.731068 0.015942 0.015362
0 0.561875 0.734866 0.015528 0.015762
0 0.312046 0.254313 0.015720 0.015562
0 0.296910 0.510602 0.015632 0.015562
0 0.768174 0.441449 0.015540 0.015653
0 0.646843 0.852974 0.015473 0.015695
0 0.135949 0.395789 0.015467 0.015532
0 0.808248 0.307864 0.015522 0.015447
0 0.745392 0.507392 0.015539 0.015427
0 0.233156 0.374957 0.015555 0.015384
0 0.337747 0.743228 0.015453 0.015483
0 0.645055 0.426996 0.015467 0.015414
0 0.017894 0.049315 0.015488 0.015377
0 0.156088 0.669346 0.015482 0.015363
0 0.570854 0.181296 0.015523 0.015286
0 0.771817 0.353110 0.015416 0.015385
0 0.286079 0.409305 0.015476 0.015319
0 0.204450 0.359035 0.015381 0.015393
0 0.225939 0.259260 0.015353 0.015421
0 0.466796 0.240318 0.015478 0.015270
0 0.639093 0.266491 0.015305 0.015391
0 0.791515 0.008321 0.015570 0.015082
0 0.725768 0.299212 0.015197 0.015440
0 0.295373 0.815496 0.015152 0.015445
0 0.423751 0.911317 0.015332 0.015238
0 0.024436 0.500501 0.014987 0.015585
0 0.762022 0.992042 0.015610 0.014962
0 0.180637 0.553409 0.015281 0.015270
0 0.207231 0.171122 0.015533 0.015002
0 0.151612 0.619743 0.015283 0.015217
0 0.880746 0.582658 0.015158 0.015278
0 0.867029 0.421424 0.015317 0.015111
0 0.613750 0.732357 0.015298 0.015124
0 0.062651 0.708349 0.015408 0.015009
0 0.543745 0.899995 0.015211 0.015200
0 0.883332 0.989901 0.015182 0.015228
0 0.962953 0.668253 0.015131 0.015228
0 0.318473 0.666433 0.015248 0.015111
0 0.251927 0.470651 0.015131 0.015173
0 0.703286 0.182380 0.015183 0.015079
0 0.410364 0.240814 0.015118 0.015107
0 0.364868 0.725257 0.015260 0.014963
0 0.732780 0.935555 0.015183 0.015036
0 0.979953 0.554414 0.015345 0.014858
0 0.068812 0.350497 0.015229 0.014955
0 0.982944 0.718683 0.015212 0.014955
0 0.249511 0.793467 0.015093 0.015071
0 0.579417 0.791636 0.015264 0.014898
0 0.874296 0.837144 0.015185 0.014954
0 0.168414 0.557217 0.015110 0.015006
0 0.710111 0.756750 0.015093 0.014969
0 0.109235 0.815485 0.014988 0.015065
0 0.934729 0.540301 0.015020 0.014978
0 0.006739 0.962855 0.013478 0.016560
0 0.281759 0.802884 0.014986 0.014869
0 0.305417 0.467583 0.014959 0.014650
0 0.033069 0.697265 0.014906 0.014021
0 0.993552 0.249786 0.012895 0.015778
0 0.002182 0.317586 0.004364 0.016616
