0 0.254000 0.008000 0.015625 0.015625
0 0.928000 0.014000 0.015625 0.015625
0 0.212000 0.016000 0.015625 0.015625
0 0.012000 0.026000 0.015625 0.015625
0 0.782000 0.032000 0.015625 0.015625
0 0.172000 0.116000 0.015625 0.015625
0 0.622000 0.137000 0.015625 0.015625
0 0.346000 0.140000 0.015625 0.015625
0 0.748000 0.220000 0.015625 0.015625
0 0.270000 0.224000 0.015625 0.015625
0 0.636000 0.254000 0.015625 0.015625
0 0.914000 0.263000 0.015625 0.015625
0 0.052000 0.324000 0.015625 0.015625
0 0.674000 0.399000 0.015625 0.015625
0 0.244000 0.439000 0.015625 0.015625
0 0.077000 0.449000 0.015625 0.015625
0 0.675000 0.452000 0.015625 0.015625
0 0.324000 0.457000 0.015625 0.015625
0 0.789000 0.474000 0.015625 0.015625
0 0.550000 0.496000 0.015625 0.015625
0 0.117000 0.500000 0.015625 0.015625
0 0.133000 0.507000 0.015625 0.015625
0 0.574000 0.528000 0.015625 0.015625
0 0.649000 0.528000 0.015625 0.015625
0 0.818000 0.564000 0.015625 0.015625
0 0.178000 0.566000 0.015625 0.015625
0 0.288000 0.576000 0.015625 0.015625
0 0.412000 0.578000 0.015625 0.015625
0 0.572000 0.581000 0.015625 0.015625
0 0.614000 0.606000 0.015625 0.015625
0 0.206000 0.610000 0.015625 0.015625
0 0.313000 0.632000 0.015625 0.015625
0 0.156000 0.640000 0.015625 0.015625
0 0.020000 0.690000 0.015625 0.015625
0 0.830000 0.708000 0.015625 0.015625
0 0.722000 0.762000 0.015625 0.015625
0 0.529000 0.764000 0.015625 0.015625
0 0.126000 0.792000 0.015625 0.015625
0 0.107000 0.822000 0.015625 0.015625
0 0.934000 0.830000 0.015625 0.015625
0 0.032000 0.834000 0.015625 0.015625
0 0.333000 0.836000 0.015625 0.015625
0 0.846000 0.920000 0.015625 0.015625
0 0.692000 0.924000 0.015625 0.015625
0 0.809000 0.930000 0.015625 0.015625
0 0.372000 0.942000 0.015625 0.015625
0 0.236000 0.968000 0.015625 0.015625
0 0.406000 0.970000 0.015625 0.015625
0 0.324000 0.972000 0.015625 0.015625
0 0.484000 0.972000 0.015625 0.015625
0 0.060000 0.994000 0.015625 0.015625
0 0.906000 0.994000 0.015625 0.015625
0 0.041958 0.443667 0.015625 0.015625
