0 0.789063 0.021875 0.015625 0.015625
0 0.992188 0.054688 0.015625 0.015625
0 0.648438 0.096875 0.015625 0.015625
0 0.070313 0.117188 0.015625 0.015625
0 0.457813 0.148438 0.015625 0.015625
0 0.429688 0.182813 0.015625 0.015625
0 0.917188 0.257813 0.015625 0.015625
0 0.614063 0.271875 0.015625 0.015625
0 0.682813 0.292188 0.015625 0.015625
0 0.057813 0.326563 0.015625 0.015625
0 0.210938 0.432813 0.015625 0.015625
0 0.240625 0.434375 0.015625 0.015625
0 0.042188 0.439063 0.015625 0.015625
0 0.310938 0.464063 0.015625 0.015625
0 0.889063 0.478125 0.015625 0.015625
0 0.990625 0.479688 0.015625 0.015625
0 0.759375 0.484375 0.015625 0.015625
0 0.120313 0.493750 0.015625 0.015625
0 0.010938 0.518750 0.015625 0.015625
0 0.628125 0.529688 0.015625 0.015625
0 0.551563 0.534375 0.015625 0.015625
0 0.303125 0.542188 0.015625 0.015625
0 0.418750 0.557813 0.015625 0.015625
0 0.185938 0.585938 0.015625 0.015625
0 0.989063 0.585938 0.015625 0.015625
0 0.607813 0.587500 0.015625 0.015625
0 0.554688 0.589063 0.015625 0.015625
0 0.592188 0.626563 0.015625 0.015625
0 0.157813 0.639063 0.015625 0.015625
0 0.228125 0.639063 0.015625 0.015625
0 0.551563 0.654688 0.015625 0.015625
0 0.014063 0.673438 0.015625 0.015625
0 0.801563 0.718750 0.015625 0.015625
0 0.532813 0.726563 0.015625 0.015625
0 0.217188 0.740625 0.015625 0.015625
0 0.718750 0.753125 0.015625 0.015625
0 0.064063 0.767188 0.015625 0.015625
0 0.760938 0.793750 0.015625 0.015625
0 0.890625 0.829688 0.015625 0.015625
0 0.742188 0.835938 0.015625 0.015625
0 0.009375 0.867188 0.015625 0.015625
0 0.315625 0.882813 0.015625 0.015625
0 0.367188 0.948438 0.015625 0.015625
0 0.237500 0.967188 0.015625 0.015625
0 0.481250 0.992188 0.015625 0.015625
0 0.208333 0.013889 0.015625 0.015625
0 0.250000 0.016667 0.015625 0.015625
0 0.275000 0.034722 0.015625 0.015625
0 0.191667 0.141667 0.015625 0.015625
0 0.066667 0.015278 0.015625 0.015625
