0 0.473438 0.006250 0.015625 0.015625
0 0.604688 0.006250 0.015625 0.015625
0 0.254688 0.018750 0.015625 0.015625
0 0.207813 0.021875 0.015625 0.015625
0 0.801563 0.034375 0.015625 0.015625
0 0.007813 0.093750 0.015625 0.015625
0 0.610938 0.151563 0.015625 0.015625
0 0.321875 0.153125 0.015625 0.015625
0 0.726563 0.265625 0.015625 0.015625
0 0.912500 0.267188 0.015625 0.015625
0 0.242188 0.339063 0.015625 0.015625
0 0.309375 0.364063 0.015625 0.015625
0 0.617188 0.382813 0.015625 0.015625
0 0.550000 0.423438 0.015625 0.015625
0 0.762500 0.439063 0.015625 0.015625
0 0.082813 0.443750 0.015625 0.015625
0 0.225000 0.457813 0.015625 0.015625
0 0.665625 0.504688 0.015625 0.015625
0 0.125000 0.507813 0.015625 0.015625
0 0.682813 0.535938 0.015625 0.015625
0 0.900000 0.551563 0.015625 0.015625
0 0.282813 0.578125 0.015625 0.015625
0 0.414063 0.585938 0.015625 0.015625
0 0.523438 0.590625 0.015625 0.015625
0 0.231250 0.596875 0.015625 0.015625
0 0.164063 0.601563 0.015625 0.015625
0 0.623438 0.648438 0.015625 0.015625
0 0.350000 0.656250 0.015625 0.015625
0 0.007813 0.715625 0.015625 0.015625
0 0.742188 0.742188 0.015625 0.015625
0 0.665625 0.748438 0.015625 0.015625
0 0.720313 0.762500 0.015625 0.015625
0 0.528125 0.768750 0.015625 0.015625
0 0.290625 0.835938 0.015625 0.015625
0 0.928125 0.848438 0.015625 0.015625
0 0.042188 0.878125 0.015625 0.015625
0 0.746875 0.900000 0.015625 0.015625
0 0.067188 0.923438 0.015625 0.015625
0 0.426563 0.962500 0.015625 0.015625
0 0.228125 0.973438 0.015625 0.015625
0 0.375000 0.978125 0.015625 0.015625
0 0.293750 0.981250 0.015625 0.015625
0 0.814063 0.984375 0.015625 0.015625
0 0.501563 0.987500 0.015625 0.015625
