0 0.325000 0.137500 0.015625 0.015625
0 0.612500 0.143750 0.015625 0.015625
0 0.745313 0.234375 0.015625 0.015625
0 0.914063 0.260938 0.015625 0.015625
0 0.203125 0.307813 0.015625 0.015625
0 0.053125 0.320313 0.015625 0.015625
0 0.632813 0.365625 0.015625 0.015625
0 0.321875 0.389063 0.015625 0.015625
0 0.232813 0.440625 0.015625 0.015625
0 0.075000 0.445313 0.015625 0.015625
0 0.778125 0.445313 0.015625 0.015625
0 0.584375 0.540625 0.015625 0.015625
0 0.653125 0.570313 0.015625 0.015625
0 0.284375 0.575000 0.015625 0.015625
0 0.417188 0.581250 0.015625 0.015625
0 0.865625 0.581250 0.015625 0.015625
0 0.156250 0.584375 0.015625 0.015625
0 0.584375 0.589063 0.015625 0.015625
0 0.612500 0.629688 0.015625 0.015625
0 0.337500 0.646875 0.015625 0.015625
0 0.609375 0.668750 0.015625 0.015625
0 0.032813 0.709375 0.015625 0.015625
0 0.717188 0.715625 0.015625 0.015625
0 0.046875 0.754688 0.015625 0.015625
0 0.720313 0.759375 0.015625 0.015625
0 0.529688 0.765625 0.015625 0.015625
0 0.920313 0.834375 0.015625 0.015625
0 0.296875 0.837500 0.015625 0.015625
0 0.009375 0.884375 0.015625 0.015625
0 0.701563 0.909375 0.015625 0.015625
0 0.796875 0.940625 0.015625 0.015625
0 0.229688 0.973438 0.015625 0.015625
0 0.509375 0.975000 0.015625 0.015625
0 0.801563 0.989063 0.015625 0.015625
0 0.965625 0.990625 0.015625 0.015625
0 0.044444 0.440278 0.015625 0.015625
0 0.008333 0.023611 0.015625 0.015625
0 0.112500 0.495833 0.015625 0.015625
0 0.133333 0.506944 0.015625 0.015625
0 0.215278 0.016667 0.015625 0.015625
0 0.252778 0.022222 0.015625 0.015625
0 0.798611 0.018056 0.015625 0.015625
0 0.383061 0.964258 0.015625 0.015625
0 0.414141 0.958042 0.015625 0.015625
