0 0.970000 0.010000 0.015625 0.015625
0 0.050000 0.020000 0.015625 0.015625
0 0.790000 0.020000 0.015625 0.015625
0 0.650000 0.090000 0.015625 0.015625
0 0.040000 0.120000 0.015625 0.015625
0 0.230000 0.120000 0.015625 0.015625
0 0.440000 0.160000 0.015625 0.015625
0 0.610000 0.260000 0.015625 0.015625
0 0.920000 0.260000 0.015625 0.015625
0 0.680000 0.310000 0.015625 0.015625
0 0.060000 0.330000 0.015625 0.015625
0 0.040000 0.440000 0.015625 0.015625
0 0.310000 0.450000 0.015625 0.015625
0 0.900000 0.470000 0.015625 0.015625
0 0.760000 0.490000 0.015625 0.015625
0 0.120000 0.500000 0.015625 0.015625
0 0.030000 0.520000 0.015625 0.015625
0 0.300000 0.540000 0.015625 0.015625
0 0.590000 0.550000 0.015625 0.015625
0 0.420000 0.560000 0.015625 0.015625
0 0.550000 0.560000 0.015625 0.015625
0 0.640000 0.560000 0.015625 0.015625
0 0.180000 0.590000 0.015625 0.015625
0 0.630000 0.610000 0.015625 0.015625
0 0.570000 0.620000 0.015625 0.015625
0 0.160000 0.640000 0.015625 0.015625
0 0.230000 0.640000 0.015625 0.015625
0 0.570000 0.650000 0.015625 0.015625
0 0.030000 0.680000 0.015625 0.015625
0 0.540000 0.730000 0.015625 0.015625
0 0.590000 0.730000 0.015625 0.015625
0 0.210000 0.740000 0.015625 0.015625
0 0.730000 0.760000 0.015625 0.015625
0 0.760000 0.790000 0.015625 0.015625
0 0.900000 0.830000 0.015625 0.015625
0 0.750000 0.850000 0.015625 0.015625
0 0.010000 0.870000 0.015625 0.015625
0 0.320000 0.890000 0.015625 0.015625
0 0.370000 0.950000 0.015625 0.015625
0 0.240000 0.970000 0.015625 0.015625
0 0.490000 0.990000 0.015625 0.015625
0 0.208333 0.019444 0.015625 0.015625
0 0.251389 0.015278 0.015625 0.015625
0 0.272222 0.027778 0.015625 0.015625
0 0.250000 0.430556 0.015625 0.015625
0 0.218056 0.433333 0.015625 0.015625
