0 0.254000 0.008000 0.015625 0.015625
0 0.794000 0.042000 0.015625 0.015625
0 0.600000 0.126000 0.015625 0.015625
0 0.380000 0.156000 0.015625 0.015625
0 0.692000 0.258000 0.015625 0.015625
0 0.906000 0.262000 0.015625 0.015625
0 0.576000 0.308000 0.015625 0.015625
0 0.278000 0.380000 0.015625 0.015625
0 0.830000 0.408000 0.015625 0.015625
0 0.018000 0.412000 0.015625 0.015625
0 0.086000 0.446000 0.015625 0.015625
0 0.598000 0.454000 0.015625 0.015625
0 0.898000 0.498000 0.015625 0.015625
0 0.138000 0.510000 0.015625 0.015625
0 0.254000 0.510000 0.015625 0.015625
0 0.538000 0.512000 0.015625 0.015625
0 0.630000 0.520000 0.015625 0.015625
0 0.286000 0.530000 0.015625 0.015625
0 0.146000 0.534000 0.015625 0.015625
0 0.626000 0.558000 0.015625 0.015625
0 0.314000 0.576000 0.015625 0.015625
0 0.418000 0.580000 0.015625 0.015625
0 0.174000 0.584000 0.015625 0.015625
0 0.638000 0.620000 0.015625 0.015625
0 0.226000 0.626000 0.015625 0.015625
0 0.546000 0.652000 0.015625 0.015625
0 0.906000 0.678000 0.015625 0.015625
0 0.948000 0.718000 0.015625 0.015625
0 0.090000 0.764000 0.015625 0.015625
0 0.720000 0.768000 0.015625 0.015625
0 0.586000 0.790000 0.015625 0.015625
0 0.530000 0.806000 0.015625 0.015625
0 0.292000 0.818000 0.015625 0.015625
0 0.424000 0.834000 0.015625 0.015625
0 0.914000 0.838000 0.015625 0.015625
0 0.014000 0.842000 0.015625 0.015625
0 0.762000 0.860000 0.015625 0.015625
0 0.386000 0.898000 0.015625 0.015625
0 0.450000 0.946000 0.015625 0.015625
0 0.230000 0.966000 0.015625 0.015625
0 0.501000 0.992000 0.015625 0.015625
0 0.208138 0.011737 0.015625 0.015625
