0 0.769000 0.005000 0.015625 0.015625
0 0.169000 0.016000 0.015625 0.015625
0 0.925000 0.016000 0.015625 0.015625
0 0.253000 0.018000 0.015625 0.015625
0 0.203000 0.021000 0.015625 0.015625
0 0.043000 0.027000 0.015625 0.015625
0 0.803000 0.031000 0.015625 0.015625
0 0.971000 0.033000 0.015625 0.015625
0 0.613000 0.080000 0.015625 0.015625
0 0.789000 0.129000 0.015625 0.015625
0 0.355000 0.131000 0.015625 0.015625
0 0.497000 0.182000 0.015625 0.015625
0 0.923000 0.253000 0.015625 0.015625
0 0.663000 0.263000 0.015625 0.015625
0 0.063000 0.329000 0.015625 0.015625
0 0.085000 0.399000 0.015625 0.015625
0 0.055000 0.439000 0.015625 0.015625
0 0.233000 0.439000 0.015625 0.015625
0 0.825000 0.479000 0.015625 0.015625
0 0.123000 0.497000 0.015625 0.015625
0 0.817000 0.527000 0.015625 0.015625
0 0.305000 0.533000 0.015625 0.015625
0 0.631000 0.533000 0.015625 0.015625
0 0.579000 0.535000 0.015625 0.015625
0 0.505000 0.537000 0.015625 0.015625
0 0.691000 0.559000 0.015625 0.015625
0 0.425000 0.565000 0.015625 0.015625
0 0.191000 0.571000 0.015625 0.015625
0 0.679000 0.575000 0.015625 0.015625
0 0.227000 0.613000 0.015625 0.015625
0 0.511000 0.663000 0.015625 0.015625
0 0.217000 0.683000 0.015625 0.015625
0 0.533000 0.715000 0.015625 0.015625
0 0.751000 0.715000 0.015625 0.015625
0 0.691000 0.733000 0.015625 0.015625
0 0.717000 0.761000 0.015625 0.015625
0 0.279000 0.765000 0.015625 0.015625
0 0.157000 0.767000 0.015625 0.015625
0 0.035000 0.799000 0.015625 0.015625
0 0.315000 0.851000 0.015625 0.015625
0 0.233000 0.973000 0.015625 0.015625
