0 0.048000 0.007000 0.015625 0.015625
0 0.246000 0.015000 0.015625 0.015625
0 0.210000 0.023000 0.015625 0.015625
0 0.788000 0.043000 0.015625 0.015625
0 0.652000 0.097000 0.015625 0.015625
0 0.388000 0.134000 0.015625 0.015625
0 0.918000 0.259000 0.015625 0.015625
0 0.358000 0.264000 0.015625 0.015625
0 0.618000 0.304000 0.015625 0.015625
0 0.060000 0.334000 0.015625 0.015625
0 0.380000 0.407000 0.015625 0.015625
0 0.576000 0.435000 0.015625 0.015625
0 0.236000 0.437000 0.015625 0.015625
0 0.116000 0.493000 0.015625 0.015625
0 0.716000 0.507000 0.015625 0.015625
0 0.806000 0.509000 0.015625 0.015625
0 0.664000 0.513000 0.015625 0.015625
0 0.928000 0.521000 0.015625 0.015625
0 0.992000 0.529000 0.015625 0.015625
0 0.304000 0.541000 0.015625 0.015625
0 0.612000 0.547000 0.015625 0.015625
0 0.208000 0.557000 0.015625 0.015625
0 0.408000 0.557000 0.015625 0.015625
0 0.042000 0.589000 0.015625 0.015625
0 0.488000 0.593000 0.015625 0.015625
0 0.220000 0.609000 0.015625 0.015625
0 0.260000 0.647000 0.015625 0.015625
0 0.588000 0.721000 0.015625 0.015625
0 0.536000 0.729000 0.015625 0.015625
0 0.720000 0.751000 0.015625 0.015625
0 0.160000 0.767000 0.015625 0.015625
0 0.584000 0.769000 0.015625 0.015625
0 0.872000 0.775000 0.015625 0.015625
0 0.104000 0.783000 0.015625 0.015625
0 0.792000 0.839000 0.015625 0.015625
0 0.280000 0.847000 0.015625 0.015625
0 0.926000 0.867000 0.015625 0.015625
0 0.376000 0.945000 0.015625 0.015625
0 0.228000 0.969000 0.015625 0.015625
0 0.460000 0.979000 0.015625 0.015625
0 0.788000 0.989000 0.015625 0.015625
0 0.041667 0.440278 0.015625 0.015625
