0 0.929688 0.028125 0.015625 0.015625
0 0.781250 0.031250 0.015625 0.015625
0 0.171875 0.114063 0.015625 0.015625
0 0.226563 0.195313 0.015625 0.015625
0 0.750000 0.226563 0.015625 0.015625
0 0.914063 0.260938 0.015625 0.015625
0 0.640625 0.289063 0.015625 0.015625
0 0.054688 0.320313 0.015625 0.015625
0 0.671875 0.398438 0.015625 0.015625
0 0.664063 0.432813 0.015625 0.015625
0 0.304688 0.442188 0.015625 0.015625
0 0.234375 0.445313 0.015625 0.015625
0 0.765625 0.473438 0.015625 0.015625
0 0.640625 0.539063 0.015625 0.015625
0 0.523438 0.554688 0.015625 0.015625
0 0.593750 0.570313 0.015625 0.015625
0 0.296875 0.573438 0.015625 0.015625
0 0.843750 0.578125 0.015625 0.015625
0 0.414063 0.582813 0.015625 0.015625
0 0.578125 0.585938 0.015625 0.015625
0 0.632813 0.617188 0.015625 0.015625
0 0.156250 0.645313 0.015625 0.015625
0 0.335938 0.651563 0.015625 0.015625
0 0.789063 0.734375 0.015625 0.015625
0 0.726563 0.765625 0.015625 0.015625
0 0.132813 0.773438 0.015625 0.015625
0 0.539063 0.776563 0.015625 0.015625
0 0.945313 0.828125 0.015625 0.015625
0 0.335938 0.839063 0.015625 0.015625
0 0.796875 0.875000 0.015625 0.015625
0 0.695313 0.926563 0.015625 0.015625
0 0.734375 0.945313 0.015625 0.015625
0 0.382813 0.945313 0.015625 0.015625
0 0.507813 0.976563 0.015625 0.015625
0 0.242188 0.979688 0.015625 0.015625
0 0.382813 0.981250 0.015625 0.015625
0 0.921875 0.992188 0.015625 0.015625
0 0.047222 0.444444 0.015625 0.015625
0 0.163889 0.590278 0.015625 0.015625
0 0.630556 0.140278 0.015625 0.015625
0 0.208333 0.013889 0.015625 0.015625
0 0.254167 0.020833 0.015625 0.015625
0 0.336111 0.144444 0.015625 0.015625
0 0.109722 0.498611 0.015625 0.015625
0 0.129167 0.508333 0.015625 0.015625
