0 0.050000 0.010000 0.015625 0.015625
0 0.250000 0.010000 0.015625 0.015625
0 0.160000 0.040000 0.015625 0.015625
0 0.780000 0.040000 0.015625 0.015625
0 0.120000 0.050000 0.015625 0.015625
0 0.400000 0.080000 0.015625 0.015625
0 0.660000 0.080000 0.015625 0.015625
0 0.140000 0.130000 0.015625 0.015625
0 0.740000 0.220000 0.015625 0.015625
0 0.920000 0.260000 0.015625 0.015625
0 0.670000 0.270000 0.015625 0.015625
0 0.500000 0.280000 0.015625 0.015625
0 0.060000 0.330000 0.015625 0.015625
0 0.230000 0.440000 0.015625 0.015625
0 0.780000 0.460000 0.015625 0.015625
0 0.590000 0.470000 0.015625 0.015625
0 0.850000 0.480000 0.015625 0.015625
0 0.710000 0.490000 0.015625 0.015625
0 0.120000 0.490000 0.015625 0.015625
0 0.230000 0.510000 0.015625 0.015625
0 0.007813 0.520000 0.015625 0.015625
0 0.310000 0.530000 0.015625 0.015625
0 0.990000 0.550000 0.015625 0.015625
0 0.520000 0.550000 0.015625 0.015625
0 0.440000 0.560000 0.015625 0.015625
0 0.570000 0.560000 0.015625 0.015625
0 0.670000 0.570000 0.015625 0.015625
0 0.230000 0.570000 0.015625 0.015625
0 0.992188 0.580000 0.015625 0.015625
0 0.200000 0.610000 0.015625 0.015625
0 0.480000 0.610000 0.015625 0.015625
0 0.230000 0.630000 0.015625 0.015625
0 0.160000 0.640000 0.015625 0.015625
0 0.540000 0.720000 0.015625 0.015625
0 0.580000 0.720000 0.015625 0.015625
0 0.770000 0.720000 0.015625 0.015625
0 0.250000 0.750000 0.015625 0.015625
0 0.720000 0.760000 0.015625 0.015625
0 0.020000 0.790000 0.015625 0.015625
0 0.870000 0.850000 0.015625 0.015625
0 0.310000 0.890000 0.015625 0.015625
0 0.730000 0.910000 0.015625 0.015625
0 0.360000 0.940000 0.015625 0.015625
0 0.240000 0.960000 0.015625 0.015625
0 0.340000 0.970000 0.015625 0.015625
0 0.860000 0.970000 0.015625 0.015625
0 0.490000 0.980000 0.015625 0.015625
0 0.205556 0.016667 0.015625 0.015625
0 0.051389 0.434722 0.015625 0.015625
