0 0.252000 0.006000 0.015625 0.015625
0 0.508000 0.006000 0.015625 0.015625
0 0.648000 0.006000 0.015625 0.015625
0 0.210000 0.010000 0.015625 0.015625
0 0.804000 0.034000 0.015625 0.015625
0 0.620000 0.112000 0.015625 0.015625
0 0.752000 0.194000 0.015625 0.015625
0 0.910000 0.262000 0.015625 0.015625
0 0.314000 0.284000 0.015625 0.015625
0 0.278000 0.310000 0.015625 0.015625
0 0.562000 0.336000 0.015625 0.015625
0 0.092000 0.380000 0.015625 0.015625
0 0.016000 0.408000 0.015625 0.015625
0 0.206000 0.414000 0.015625 0.015625
0 0.094000 0.446000 0.015625 0.015625
0 0.760000 0.470000 0.015625 0.015625
0 0.990000 0.482000 0.015625 0.015625
0 0.602000 0.500000 0.015625 0.015625
0 0.278000 0.502000 0.015625 0.015625
0 0.874000 0.502000 0.015625 0.015625
0 0.140000 0.506000 0.015625 0.015625
0 0.678000 0.516000 0.015625 0.015625
0 0.662000 0.532000 0.015625 0.015625
0 0.514000 0.534000 0.015625 0.015625
0 0.314000 0.564000 0.015625 0.015625
0 0.414000 0.572000 0.015625 0.015625
0 0.172000 0.584000 0.015625 0.015625
0 0.990000 0.608000 0.015625 0.015625
0 0.214000 0.632000 0.015625 0.015625
0 0.654000 0.638000 0.015625 0.015625
0 0.012000 0.678000 0.015625 0.015625
0 0.914000 0.680000 0.015625 0.015625
0 0.578000 0.692000 0.015625 0.015625
0 0.944000 0.734000 0.015625 0.015625
0 0.724000 0.764000 0.015625 0.015625
0 0.580000 0.785000 0.015625 0.015625
0 0.528000 0.802000 0.015625 0.015625
0 0.300000 0.810000 0.015625 0.015625
0 0.434000 0.810000 0.015625 0.015625
0 0.014000 0.840000 0.015625 0.015625
0 0.914000 0.914000 0.015625 0.015625
0 0.658000 0.924000 0.015625 0.015625
0 0.366000 0.938000 0.015625 0.015625
0 0.438000 0.946000 0.015625 0.015625
0 0.226000 0.966000 0.015625 0.015625
0 0.354000 0.986000 0.015625 0.015625
0 0.522000 0.990000 0.015625 0.015625
0 0.960000 0.990000 0.015625 0.015625
