0 0.253125 0.010938 0.015625 0.015625
0 0.203125 0.014063 0.015625 0.015625
0 0.790625 0.046875 0.015625 0.015625
0 0.600000 0.126563 0.015625 0.015625
0 0.376563 0.153125 0.015625 0.015625
0 0.909375 0.262500 0.015625 0.015625
0 0.685938 0.295313 0.015625 0.015625
0 0.587500 0.315625 0.015625 0.015625
0 0.237500 0.382813 0.015625 0.015625
0 0.021875 0.414063 0.015625 0.015625
0 0.826563 0.417188 0.015625 0.015625
0 0.096875 0.423438 0.015625 0.015625
0 0.592188 0.428125 0.015625 0.015625
0 0.876563 0.434375 0.015625 0.015625
0 0.256250 0.501563 0.015625 0.015625
0 0.551563 0.503125 0.015625 0.015625
0 0.139063 0.506250 0.015625 0.015625
0 0.287500 0.520313 0.015625 0.015625
0 0.589063 0.526563 0.015625 0.015625
0 0.184375 0.548438 0.015625 0.015625
0 0.625000 0.573438 0.015625 0.015625
0 0.309375 0.579688 0.015625 0.015625
0 0.403125 0.581250 0.015625 0.015625
0 0.182813 0.587500 0.015625 0.015625
0 0.203125 0.635938 0.015625 0.015625
0 0.545313 0.651563 0.015625 0.015625
0 0.871875 0.673438 0.015625 0.015625
0 0.946875 0.714063 0.015625 0.015625
0 0.090625 0.765625 0.015625 0.015625
0 0.725000 0.765625 0.015625 0.015625
0 0.585938 0.792188 0.015625 0.015625
0 0.529688 0.810938 0.015625 0.015625
0 0.292188 0.818750 0.015625 0.015625
0 0.729688 0.835938 0.015625 0.015625
0 0.426563 0.843750 0.015625 0.015625
0 0.006250 0.862500 0.015625 0.015625
0 0.859375 0.867188 0.015625 0.015625
0 0.381250 0.904688 0.015625 0.015625
0 0.217188 0.920313 0.015625 0.015625
0 0.021875 0.921875 0.015625 0.015625
0 0.451563 0.946875 0.015625 0.015625
0 0.223438 0.970313 0.015625 0.015625
0 0.265625 0.990625 0.015625 0.015625
0 0.489063 0.990625 0.015625 0.015625
