0 0.486000 0.006000 0.015625 0.015625
0 0.204000 0.008000 0.015625 0.015625
0 0.252000 0.008000 0.015625 0.015625
0 0.792000 0.022000 0.015625 0.015625
0 0.609000 0.063000 0.015625 0.015625
0 0.579000 0.103000 0.015625 0.015625
0 0.789000 0.237000 0.015625 0.015625
0 0.915000 0.263000 0.015625 0.015625
0 0.451000 0.267000 0.015625 0.015625
0 0.207000 0.307000 0.015625 0.015625
0 0.613000 0.345000 0.015625 0.015625
0 0.098000 0.379000 0.015625 0.015625
0 0.015000 0.421000 0.015625 0.015625
0 0.085000 0.425000 0.015625 0.015625
0 0.129000 0.437000 0.015625 0.015625
0 0.270000 0.485000 0.015625 0.015625
0 0.973000 0.501000 0.015625 0.015625
0 0.154000 0.516000 0.015625 0.015625
0 0.597000 0.522000 0.015625 0.015625
0 0.717000 0.542000 0.015625 0.015625
0 0.317000 0.553000 0.015625 0.015625
0 0.625000 0.568000 0.015625 0.015625
0 0.552000 0.570000 0.015625 0.015625
0 0.422000 0.574000 0.015625 0.015625
0 0.677000 0.586000 0.015625 0.015625
0 0.172000 0.591000 0.015625 0.015625
0 0.237000 0.611000 0.015625 0.015625
0 0.921000 0.620000 0.015625 0.015625
0 0.658000 0.644000 0.015625 0.015625
0 0.655000 0.684000 0.015625 0.015625
0 0.971000 0.725000 0.015625 0.015625
0 0.725000 0.763000 0.015625 0.015625
0 0.420000 0.776000 0.015625 0.015625
0 0.530000 0.804000 0.015625 0.015625
0 0.030000 0.823000 0.015625 0.015625
0 0.707000 0.823000 0.015625 0.015625
0 0.269000 0.825000 0.015625 0.015625
0 0.285000 0.913000 0.015625 0.015625
0 0.385000 0.913000 0.015625 0.015625
0 0.950000 0.921000 0.015625 0.015625
0 0.013000 0.928000 0.015625 0.015625
0 0.445000 0.937000 0.015625 0.015625
0 0.936000 0.948000 0.015625 0.015625
0 0.225000 0.963000 0.015625 0.015625
0 0.517000 0.973000 0.015625 0.015625
