0 0.052000 0.010000 0.015625 0.015625
0 0.248000 0.012000 0.015625 0.015625
0 0.676000 0.016000 0.015625 0.015625
0 0.210000 0.020000 0.015625 0.015625
0 0.804000 0.034000 0.015625 0.015625
0 0.654000 0.102000 0.015625 0.015625
0 0.412000 0.130000 0.015625 0.015625
0 0.272000 0.148000 0.015625 0.015625
0 0.696000 0.216000 0.015625 0.015625
0 0.372000 0.230000 0.015625 0.015625
0 0.632000 0.246000 0.015625 0.015625
0 0.920000 0.256000 0.015625 0.015625
0 0.060000 0.328000 0.015625 0.015625
0 0.244000 0.430000 0.015625 0.015625
0 0.216000 0.436000 0.015625 0.015625
0 0.064000 0.440000 0.015625 0.015625
0 0.640000 0.468000 0.015625 0.015625
0 0.120000 0.492000 0.015625 0.015625
0 0.352000 0.500000 0.015625 0.015625
0 0.916000 0.503000 0.015625 0.015625
0 0.784000 0.508000 0.015625 0.015625
0 0.304000 0.538000 0.015625 0.015625
0 0.064000 0.552000 0.015625 0.015625
0 0.560000 0.552000 0.015625 0.015625
0 0.416000 0.558000 0.015625 0.015625
0 0.664000 0.558000 0.015625 0.015625
0 0.704000 0.566000 0.015625 0.015625
0 0.184000 0.584000 0.015625 0.015625
0 0.564000 0.596000 0.015625 0.015625
0 0.242000 0.600000 0.015625 0.015625
0 0.256000 0.624000 0.015625 0.015625
0 0.016000 0.626000 0.015625 0.015625
0 0.674000 0.632000 0.015625 0.015625
0 0.158000 0.638000 0.015625 0.015625
0 0.540000 0.744000 0.015625 0.015625
0 0.724000 0.758000 0.015625 0.015625
0 0.184000 0.768000 0.015625 0.015625
0 0.832000 0.816000 0.015625 0.015625
0 0.924000 0.852000 0.015625 0.015625
0 0.012000 0.862000 0.015625 0.015625
0 0.320000 0.878000 0.015625 0.015625
0 0.064000 0.908000 0.015625 0.015625
0 0.778000 0.940000 0.015625 0.015625
0 0.368000 0.952000 0.015625 0.015625
0 0.236000 0.970000 0.015625 0.015625
0 0.460000 0.988000 0.015625 0.015625
0 0.868000 0.990000 0.015625 0.015625
0 0.362500 0.933333 0.015625 0.015625
