0 0.659375 0.007813 0.015625 0.015625
0 0.812500 0.012500 0.015625 0.015625
0 0.859375 0.012500 0.015625 0.015625
0 0.390625 0.090625 0.015625 0.015625
0 0.170313 0.109375 0.015625 0.015625
0 0.590625 0.109375 0.015625 0.015625
0 0.900000 0.259375 0.015625 0.015625
0 0.779688 0.279688 0.015625 0.015625
0 0.550000 0.340625 0.015625 0.015625
0 0.020313 0.409375 0.015625 0.015625
0 0.879688 0.418750 0.015625 0.015625
0 0.479688 0.420313 0.015625 0.015625
0 0.079688 0.440625 0.015625 0.015625
0 0.840625 0.450000 0.015625 0.015625
0 0.220313 0.459375 0.015625 0.015625
0 0.270313 0.481250 0.015625 0.015625
0 0.159375 0.487500 0.015625 0.015625
0 0.059375 0.500000 0.015625 0.015625
0 0.300000 0.500000 0.015625 0.015625
0 0.170313 0.512500 0.015625 0.015625
0 0.320313 0.570313 0.015625 0.015625
0 0.740625 0.570313 0.015625 0.015625
0 0.400000 0.590625 0.015625 0.015625
0 0.170313 0.600000 0.015625 0.015625
0 0.520313 0.600000 0.015625 0.015625
0 0.240625 0.620313 0.015625 0.015625
0 0.679688 0.620313 0.015625 0.015625
0 0.909375 0.620313 0.015625 0.015625
0 0.609375 0.659375 0.015625 0.015625
0 0.690625 0.659375 0.015625 0.015625
0 0.109375 0.740625 0.015625 0.015625
0 0.720313 0.770313 0.015625 0.015625
0 0.040625 0.809375 0.015625 0.015625
0 0.529688 0.820313 0.015625 0.015625
0 0.829688 0.829688 0.015625 0.015625
0 0.740625 0.850000 0.015625 0.015625
0 0.259375 0.859375 0.015625 0.015625
0 0.370313 0.879688 0.015625 0.015625
0 0.320313 0.920313 0.015625 0.015625
0 0.690625 0.920313 0.015625 0.015625
0 0.340625 0.950000 0.015625 0.015625
0 0.440625 0.950000 0.015625 0.015625
0 0.200000 0.970313 0.015625 0.015625
0 0.509375 0.970313 0.015625 0.015625
0 0.140625 0.990625 0.015625 0.015625
0 0.040625 0.993750 0.015625 0.015625
0 0.523474 0.009390 0.015625 0.015625
0 0.214397 0.010955 0.015625 0.015625
0 0.258216 0.014867 0.015625 0.015625
0 0.109546 0.416275 0.015625 0.015625
0 0.239437 0.339593 0.015625 0.015625
