0 0.257000 0.012000 0.015625 0.015625
0 0.214000 0.022000 0.015625 0.015625
0 0.988000 0.031000 0.015625 0.015625
0 0.645000 0.034000 0.015625 0.015625
0 0.789000 0.040000 0.015625 0.015625
0 0.174000 0.116000 0.015625 0.015625
0 0.635000 0.130000 0.015625 0.015625
0 0.353000 0.138000 0.015625 0.015625
0 0.740000 0.205000 0.015625 0.015625
0 0.215000 0.251000 0.015625 0.015625
0 0.918000 0.263000 0.015625 0.015625
0 0.623000 0.272000 0.015625 0.015625
0 0.055000 0.327000 0.015625 0.015625
0 0.282000 0.407000 0.015625 0.015625
0 0.239000 0.444000 0.015625 0.015625
0 0.675000 0.452000 0.015625 0.015625
0 0.385000 0.473000 0.015625 0.015625
0 0.836000 0.483000 0.015625 0.015625
0 0.117000 0.503000 0.015625 0.015625
0 0.660000 0.504000 0.015625 0.015625
0 0.624000 0.506000 0.015625 0.015625
0 0.514000 0.528000 0.015625 0.015625
0 0.768000 0.548000 0.015625 0.015625
0 0.414000 0.562000 0.015625 0.015625
0 0.294000 0.567000 0.015625 0.015625
0 0.614000 0.582000 0.015625 0.015625
0 0.186000 0.585000 0.015625 0.015625
0 0.239000 0.596000 0.015625 0.015625
0 0.295000 0.635000 0.015625 0.015625
0 0.805000 0.635000 0.015625 0.015625
0 0.608000 0.638000 0.015625 0.015625
0 0.587000 0.749000 0.015625 0.015625
0 0.532000 0.760000 0.015625 0.015625
0 0.724000 0.760000 0.015625 0.015625
0 0.072000 0.767000 0.015625 0.015625
0 0.175000 0.768000 0.015625 0.015625
0 0.906000 0.814000 0.015625 0.015625
0 0.335000 0.836000 0.015625 0.015625
0 0.775000 0.876000 0.015625 0.015625
0 0.370000 0.939000 0.015625 0.015625
0 0.396000 0.960000 0.015625 0.015625
0 0.794000 0.969000 0.015625 0.015625
0 0.235000 0.976000 0.015625 0.015625
0 0.478000 0.984000 0.015625 0.015625
0 0.340000 0.992000 0.015625 0.015625
0 0.042746 0.439119 0.015625 0.015625
0 0.069948 0.446891 0.015625 0.015625
