0 0.248438 0.014063 0.015625 0.015625
0 0.206250 0.021875 0.015625 0.015625
0 0.785938 0.042188 0.015625 0.015625
0 0.651563 0.100000 0.015625 0.015625
0 0.382813 0.129688 0.015625 0.015625
0 0.271875 0.178125 0.015625 0.015625
0 0.917188 0.257813 0.015625 0.015625
0 0.753125 0.270313 0.015625 0.015625
0 0.570313 0.273438 0.015625 0.015625
0 0.357813 0.293750 0.015625 0.015625
0 0.059375 0.329688 0.015625 0.015625
0 0.393750 0.426563 0.015625 0.015625
0 0.237500 0.434375 0.015625 0.015625
0 0.550000 0.445313 0.015625 0.015625
0 0.665625 0.489063 0.015625 0.015625
0 0.704688 0.493750 0.015625 0.015625
0 0.114063 0.493750 0.015625 0.015625
0 0.812500 0.495313 0.015625 0.015625
0 0.928125 0.535938 0.015625 0.015625
0 0.307813 0.540625 0.015625 0.015625
0 0.414063 0.557813 0.015625 0.015625
0 0.990625 0.565625 0.015625 0.015625
0 0.631250 0.576563 0.015625 0.015625
0 0.185938 0.584375 0.015625 0.015625
0 0.246875 0.590625 0.015625 0.015625
0 0.485938 0.609375 0.015625 0.015625
0 0.262500 0.635938 0.015625 0.015625
0 0.085938 0.648438 0.015625 0.015625
0 0.534375 0.729688 0.015625 0.015625
0 0.142188 0.757813 0.015625 0.015625
0 0.721875 0.757813 0.015625 0.015625
0 0.879688 0.764063 0.015625 0.015625
0 0.593750 0.784375 0.015625 0.015625
0 0.048438 0.785938 0.015625 0.015625
0 0.698438 0.800000 0.015625 0.015625
0 0.767188 0.834375 0.015625 0.015625
0 0.284375 0.842188 0.015625 0.015625
0 0.926563 0.878125 0.015625 0.015625
0 0.359375 0.929688 0.015625 0.015625
0 0.381250 0.950000 0.015625 0.015625
0 0.467188 0.976563 0.015625 0.015625
0 0.231250 0.978125 0.015625 0.015625
0 0.040278 0.443056 0.015625 0.015625
