0 0.255000 0.009000 0.015625 0.015625
0 0.207000 0.023000 0.015625 0.015625
0 0.784000 0.041000 0.015625 0.015625
0 0.596000 0.120000 0.015625 0.015625
0 0.698000 0.208000 0.015625 0.015625
0 0.915000 0.260000 0.015625 0.015625
0 0.400000 0.284000 0.015625 0.015625
0 0.576000 0.323000 0.015625 0.015625
0 0.269000 0.335000 0.015625 0.015625
0 0.074000 0.383000 0.015625 0.015625
0 0.102000 0.384000 0.015625 0.015625
0 0.013000 0.392000 0.015625 0.015625
0 0.159000 0.408000 0.015625 0.015625
0 0.244000 0.452000 0.015625 0.015625
0 0.550000 0.470000 0.015625 0.015625
0 0.274000 0.474000 0.015625 0.015625
0 0.886000 0.496000 0.015625 0.015625
0 0.616000 0.499000 0.015625 0.015625
0 0.128000 0.503000 0.015625 0.015625
0 0.558000 0.508000 0.015625 0.015625
0 0.856000 0.510000 0.015625 0.015625
0 0.308000 0.546000 0.015625 0.015625
0 0.568000 0.562000 0.015625 0.015625
0 0.416000 0.584000 0.015625 0.015625
0 0.166000 0.586000 0.015625 0.015625
0 0.188000 0.634000 0.015625 0.015625
0 0.848000 0.641000 0.015625 0.015625
0 0.086000 0.664000 0.015625 0.015625
0 0.619000 0.677000 0.015625 0.015625
0 0.720000 0.704000 0.015625 0.015625
0 0.370000 0.722000 0.015625 0.015625
0 0.979000 0.731000 0.015625 0.015625
0 0.726000 0.761000 0.015625 0.015625
0 0.598000 0.767000 0.015625 0.015625
0 0.533000 0.785000 0.015625 0.015625
0 0.290000 0.826000 0.015625 0.015625
0 0.015000 0.855000 0.015625 0.015625
0 0.648000 0.875000 0.015625 0.015625
0 0.879000 0.895000 0.015625 0.015625
0 0.959000 0.903000 0.015625 0.015625
0 0.383000 0.925000 0.015625 0.015625
0 0.418000 0.957000 0.015625 0.015625
0 0.222000 0.970000 0.015625 0.015625
0 0.480000 0.978000 0.015625 0.015625
0 0.822000 0.990000 0.015625 0.015625
