0 0.936000 0.010000 0.015625 0.015625
0 0.256000 0.012000 0.015625 0.015625
0 0.206000 0.018000 0.015625 0.015625
0 0.792000 0.042000 0.015625 0.015625
0 0.172000 0.114000 0.015625 0.015625
0 0.612000 0.138000 0.015625 0.015625
0 0.426000 0.168000 0.015625 0.015625
0 0.702000 0.248000 0.015625 0.015625
0 0.914000 0.260000 0.015625 0.015625
0 0.588000 0.346000 0.015625 0.015625
0 0.308000 0.378000 0.015625 0.015625
0 0.066000 0.390000 0.015625 0.015625
0 0.014000 0.392000 0.015625 0.015625
0 0.100000 0.392000 0.015625 0.015625
0 0.228000 0.408000 0.015625 0.015625
0 0.244000 0.438000 0.015625 0.015625
0 0.534000 0.452000 0.015625 0.015625
0 0.550000 0.474000 0.015625 0.015625
0 0.992000 0.480000 0.015625 0.015625
0 0.590000 0.490000 0.015625 0.015625
0 0.626000 0.494000 0.015625 0.015625
0 0.882000 0.501000 0.015625 0.015625
0 0.126000 0.505000 0.015625 0.015625
0 0.830000 0.505000 0.015625 0.015625
0 0.308000 0.528000 0.015625 0.015625
0 0.412000 0.580000 0.015625 0.015625
0 0.232000 0.596000 0.015625 0.015625
0 0.168000 0.600000 0.015625 0.015625
0 0.824000 0.654000 0.015625 0.015625
0 0.068000 0.668000 0.015625 0.015625
0 0.364000 0.676000 0.015625 0.015625
0 0.612000 0.682000 0.015625 0.015625
0 0.702000 0.724000 0.015625 0.015625
0 0.986000 0.736000 0.015625 0.015625
0 0.722000 0.764000 0.015625 0.015625
0 0.584000 0.766000 0.015625 0.015625
0 0.528000 0.774000 0.015625 0.015625
0 0.700000 0.812000 0.015625 0.015625
0 0.284000 0.832000 0.015625 0.015625
0 0.934000 0.840000 0.015625 0.015625
0 0.020000 0.868000 0.015625 0.015625
0 0.818000 0.890000 0.015625 0.015625
0 0.380000 0.916000 0.015625 0.015625
0 0.040000 0.928000 0.015625 0.015625
0 0.384000 0.948000 0.015625 0.015625
0 0.420000 0.956000 0.015625 0.015625
0 0.094000 0.968000 0.015625 0.015625
0 0.224000 0.970000 0.015625 0.015625
0 0.950000 0.982000 0.015625 0.015625
0 0.486000 0.994000 0.015625 0.015625
