0 0.250000 0.015000 0.015625 0.015625
0 0.210000 0.020000 0.015625 0.015625
0 0.805000 0.040000 0.015625 0.015625
0 0.370000 0.130000 0.015625 0.015625
0 0.625000 0.130000 0.015625 0.015625
0 0.670000 0.175000 0.015625 0.015625
0 0.140000 0.210000 0.015625 0.015625
0 0.915000 0.260000 0.015625 0.015625
0 0.660000 0.295000 0.015625 0.015625
0 0.055000 0.325000 0.015625 0.015625
0 0.320000 0.350000 0.015625 0.015625
0 0.240000 0.440000 0.015625 0.015625
0 0.075000 0.445000 0.015625 0.015625
0 0.680000 0.445000 0.015625 0.015625
0 0.875000 0.495000 0.015625 0.015625
0 0.765000 0.500000 0.015625 0.015625
0 0.120000 0.505000 0.015625 0.015625
0 0.725000 0.515000 0.015625 0.015625
0 0.305000 0.545000 0.015625 0.015625
0 0.405000 0.545000 0.015625 0.015625
0 0.990000 0.545000 0.015625 0.015625
0 0.650000 0.550000 0.015625 0.015625
0 0.190000 0.575000 0.015625 0.015625
0 0.570000 0.575000 0.015625 0.015625
0 0.245000 0.590000 0.015625 0.015625
0 0.500000 0.610000 0.015625 0.015625
0 0.315000 0.630000 0.015625 0.015625
0 0.575000 0.630000 0.015625 0.015625
0 0.155000 0.640000 0.015625 0.015625
0 0.770000 0.645000 0.015625 0.015625
0 0.635000 0.690000 0.015625 0.015625
0 0.530000 0.740000 0.015625 0.015625
0 0.075000 0.750000 0.015625 0.015625
0 0.720000 0.755000 0.015625 0.015625
0 0.825000 0.825000 0.015625 0.015625
0 0.885000 0.835000 0.015625 0.015625
0 0.295000 0.855000 0.015625 0.015625
0 0.735000 0.875000 0.015625 0.015625
0 0.370000 0.935000 0.015625 0.015625
0 0.220000 0.970000 0.015625 0.015625
0 0.805000 0.985000 0.015625 0.015625
0 0.475000 0.990000 0.015625 0.015625
0 0.041667 0.444444 0.015625 0.015625
0 0.175000 0.773611 0.015625 0.015625
0 0.397222 0.952778 0.015625 0.015625
