0 0.533000 0.011000 0.015625 0.015625
0 0.257000 0.019000 0.015625 0.015625
0 0.781000 0.033000 0.015625 0.015625
0 0.211000 0.051000 0.015625 0.015625
0 0.531000 0.113000 0.015625 0.015625
0 0.793000 0.137000 0.015625 0.015625
0 0.905000 0.153000 0.015625 0.015625
0 0.799000 0.205000 0.015625 0.015625
0 0.089000 0.209000 0.015625 0.015625
0 0.905000 0.303000 0.015625 0.015625
0 0.225000 0.313000 0.015625 0.015625
0 0.325000 0.333000 0.015625 0.015625
0 0.389000 0.353000 0.015625 0.015625
0 0.025000 0.359000 0.015625 0.015625
0 0.157000 0.439000 0.015625 0.015625
0 0.733000 0.445000 0.015625 0.015625
0 0.389000 0.475000 0.015625 0.015625
0 0.213000 0.479000 0.015625 0.015625
0 0.345000 0.500000 0.015625 0.015625
0 0.117000 0.513000 0.015625 0.015625
0 0.769000 0.513000 0.015625 0.015625
0 0.337000 0.523000 0.015625 0.015625
0 0.185000 0.543000 0.015625 0.015625
0 0.429000 0.613000 0.015625 0.015625
0 0.717000 0.629000 0.015625 0.015625
0 0.445000 0.645000 0.015625 0.015625
0 0.769000 0.645000 0.015625 0.015625
0 0.979000 0.683000 0.015625 0.015625
0 0.525000 0.703000 0.015625 0.015625
0 0.101000 0.743000 0.015625 0.015625
0 0.719000 0.763000 0.015625 0.015625
0 0.219000 0.795000 0.015625 0.015625
0 0.529000 0.799000 0.015625 0.015625
0 0.933000 0.829000 0.015625 0.015625
0 0.237000 0.837000 0.015625 0.015625
0 0.029000 0.843000 0.015625 0.015625
0 0.539000 0.853000 0.015625 0.015625
0 0.301000 0.885000 0.015625 0.015625
0 0.619000 0.907000 0.015625 0.015625
0 0.753000 0.913000 0.015625 0.015625
0 0.465000 0.953000 0.015625 0.015625
0 0.149000 0.963000 0.015625 0.015625
0 0.993000 0.969000 0.015625 0.015625
0 0.209000 0.975000 0.015625 0.015625
0 0.845000 0.975000 0.015625 0.015625
0 0.269000 0.979000 0.015625 0.015625
0 0.525000 0.983000 0.015625 0.015625
0 0.001389 0.448611 0.015625 0.015625
0 0.204167 0.018056 0.015625 0.015625
0 0.076682 0.423318 0.015625 0.015625
0 0.077465 0.440532 0.015625 0.015625
0 0.067293 0.375587 0.015625 0.015625
