0 0.204000 0.006000 0.015625 0.015625
0 0.257000 0.010000 0.015625 0.015625
0 0.807000 0.041000 0.015625 0.015625
0 0.661000 0.066000 0.015625 0.015625
0 0.551000 0.133000 0.015625 0.015625
0 0.008000 0.241000 0.015625 0.015625
0 0.888000 0.258000 0.015625 0.015625
0 0.912000 0.260000 0.015625 0.015625
0 0.936000 0.273000 0.015625 0.015625
0 0.315000 0.279000 0.015625 0.015625
0 0.483000 0.367000 0.015625 0.015625
0 0.120000 0.398000 0.015625 0.015625
0 0.014000 0.428000 0.015625 0.015625
0 0.082000 0.436000 0.015625 0.015625
0 0.116000 0.438000 0.015625 0.015625
0 0.198000 0.454000 0.015625 0.015625
0 0.338000 0.454000 0.015625 0.015625
0 0.906000 0.464000 0.015625 0.015625
0 0.234000 0.468000 0.015625 0.015625
0 0.370000 0.478000 0.015625 0.015625
0 0.182000 0.566000 0.015625 0.015625
0 0.328000 0.570000 0.015625 0.015625
0 0.418000 0.590000 0.015625 0.015625
0 0.250000 0.592000 0.015625 0.015625
0 0.094000 0.596000 0.015625 0.015625
0 0.754000 0.606000 0.015625 0.015625
0 0.162000 0.608000 0.015625 0.015625
0 0.688000 0.610000 0.015625 0.015625
0 0.448000 0.622000 0.015625 0.015625
0 0.562000 0.638000 0.015625 0.015625
0 0.660000 0.644000 0.015625 0.015625
0 0.634000 0.662000 0.015625 0.015625
0 0.908000 0.728000 0.015625 0.015625
0 0.726000 0.770000 0.015625 0.015625
0 0.598000 0.824000 0.015625 0.015625
0 0.720000 0.826000 0.015625 0.015625
0 0.262000 0.838000 0.015625 0.015625
0 0.544000 0.850000 0.015625 0.015625
0 0.738000 0.874000 0.015625 0.015625
0 0.334000 0.876000 0.015625 0.015625
0 0.318000 0.902000 0.015625 0.015625
0 0.062000 0.924000 0.015625 0.015625
0 0.454000 0.950000 0.015625 0.015625
0 0.388000 0.972000 0.015625 0.015625
0 0.236000 0.978000 0.015625 0.015625
0 0.524000 0.982000 0.015625 0.015625
0 0.866000 0.994000 0.015625 0.015625
