0 0.943750 0.014063 0.015625 0.015625
0 0.245313 0.020313 0.015625 0.015625
0 0.793750 0.023438 0.015625 0.015625
0 0.590625 0.043750 0.015625 0.015625
0 0.475000 0.045313 0.015625 0.015625
0 0.940625 0.060938 0.015625 0.015625
0 0.276563 0.085938 0.015625 0.015625
0 0.804688 0.110938 0.015625 0.015625
0 0.340625 0.131250 0.015625 0.015625
0 0.564063 0.150000 0.015625 0.015625
0 0.068750 0.201563 0.015625 0.015625
0 0.153125 0.318750 0.015625 0.015625
0 0.235938 0.326563 0.015625 0.015625
0 0.420313 0.362500 0.015625 0.015625
0 0.068750 0.370313 0.015625 0.015625
0 0.240625 0.389063 0.015625 0.015625
0 0.671875 0.396875 0.015625 0.015625
0 0.073438 0.418750 0.015625 0.015625
0 0.184375 0.426563 0.015625 0.015625
0 0.389063 0.435938 0.015625 0.015625
0 0.078125 0.439063 0.015625 0.015625
0 0.010938 0.454688 0.015625 0.015625
0 0.225000 0.460938 0.015625 0.015625
0 0.328125 0.462500 0.015625 0.015625
0 0.351563 0.482813 0.015625 0.015625
0 0.726563 0.507813 0.015625 0.015625
0 0.553125 0.512500 0.015625 0.015625
0 0.206250 0.520313 0.015625 0.015625
0 0.156250 0.542188 0.015625 0.015625
0 0.339063 0.550000 0.015625 0.015625
0 0.165625 0.560938 0.015625 0.015625
0 0.571875 0.576563 0.015625 0.015625
0 0.480313 0.584375 0.015625 0.015625
0 0.512500 0.612500 0.015625 0.015625
0 0.964063 0.623438 0.015625 0.015625
0 0.156250 0.639063 0.015625 0.015625
0 0.668750 0.648438 0.015625 0.015625
0 0.443750 0.651563 0.015625 0.015625
0 0.754688 0.671875 0.015625 0.015625
0 0.432813 0.742188 0.015625 0.015625
0 0.904688 0.751563 0.015625 0.015625
0 0.171875 0.762500 0.015625 0.015625
0 0.715625 0.767188 0.015625 0.015625
0 0.648438 0.771875 0.015625 0.015625
0 0.576563 0.787500 0.015625 0.015625
0 0.518750 0.792188 0.015625 0.015625
0 0.696875 0.843750 0.015625 0.015625
0 0.889063 0.856250 0.015625 0.015625
0 0.187500 0.865625 0.015625 0.015625
0 0.401563 0.871875 0.015625 0.015625
0 0.306250 0.884375 0.015625 0.015625
0 0.618750 0.907813 0.015625 0.015625
0 0.689063 0.923438 0.015625 0.015625
0 0.496875 0.951563 0.015625 0.015625
0 0.168750 0.967188 0.015625 0.015625
0 0.806250 0.971875 0.015625 0.015625
0 0.207813 0.979688 0.015625 0.015625
0 0.243750 0.992188 0.015625 0.015625
0 0.202778 0.012500 0.015625 0.015625
0 0.890278 0.313889 0.015625 0.015625
0 0.502778 0.973611 0.015625 0.015625
