0 0.204000 0.012000 0.015625 0.015625
0 0.518000 0.020000 0.015625 0.015625
0 0.782000 0.030000 0.015625 0.015625
0 0.202000 0.052000 0.015625 0.015625
0 0.528000 0.112000 0.015625 0.015625
0 0.860000 0.144000 0.015625 0.015625
0 0.786000 0.154000 0.015625 0.015625
0 0.100000 0.198000 0.015625 0.015625
0 0.812000 0.204000 0.015625 0.015625
0 0.216000 0.296000 0.015625 0.015625
0 0.906000 0.302000 0.015625 0.015625
0 0.256000 0.314000 0.015625 0.015625
0 0.392000 0.336000 0.015625 0.015625
0 0.016000 0.354000 0.015625 0.015625
0 0.064000 0.378000 0.015625 0.015625
0 0.046000 0.408000 0.015625 0.015625
0 0.156000 0.432000 0.015625 0.015625
0 0.372000 0.436000 0.015625 0.015625
0 0.080000 0.442000 0.015625 0.015625
0 0.012000 0.448000 0.015625 0.015625
0 0.212000 0.476000 0.015625 0.015625
0 0.744000 0.492000 0.015625 0.015625
0 0.184000 0.516000 0.015625 0.015625
0 0.336000 0.516000 0.015625 0.015625
0 0.128000 0.526000 0.015625 0.015625
0 0.136000 0.548000 0.015625 0.015625
0 0.676000 0.584000 0.015625 0.015625
0 0.744000 0.606000 0.015625 0.015625
0 0.424000 0.620000 0.015625 0.015625
0 0.440000 0.648000 0.015625 0.015625
0 0.536000 0.664000 0.015625 0.015625
0 0.368000 0.698000 0.015625 0.015625
0 0.978000 0.698000 0.015625 0.015625
0 0.096000 0.744000 0.015625 0.015625
0 0.007000 0.760000 0.015625 0.015625
0 0.716000 0.764000 0.015625 0.015625
0 0.584000 0.788000 0.015625 0.015625
0 0.526000 0.802000 0.015625 0.015625
0 0.156000 0.806000 0.015625 0.015625
0 0.552000 0.812000 0.015625 0.015625
0 0.968000 0.816000 0.015625 0.015625
0 0.224000 0.826000 0.015625 0.015625
0 0.768000 0.878000 0.015625 0.015625
0 0.300000 0.888000 0.015625 0.015625
0 0.620000 0.904000 0.015625 0.015625
0 0.898000 0.938000 0.015625 0.015625
0 0.464000 0.952000 0.015625 0.015625
0 0.276000 0.958000 0.015625 0.015625
0 0.988000 0.960000 0.015625 0.015625
0 0.148000 0.968000 0.015625 0.015625
0 0.736000 0.972000 0.015625 0.015625
0 0.204000 0.976000 0.015625 0.015625
0 0.516000 0.984000 0.015625 0.015625
0 0.254304 0.017997 0.015625 0.015625
