0 0.250000 0.008000 0.015625 0.015625
0 0.214000 0.014000 0.015625 0.015625
0 0.586000 0.044000 0.015625 0.015625
0 0.796000 0.046000 0.015625 0.015625
0 0.264000 0.050000 0.015625 0.015625
0 0.950000 0.074000 0.015625 0.015625
0 0.560000 0.132000 0.015625 0.015625
0 0.792000 0.132000 0.015625 0.015625
0 0.084000 0.218000 0.015625 0.015625
0 0.794000 0.244000 0.015625 0.015625
0 0.908000 0.302000 0.015625 0.015625
0 0.190000 0.332000 0.015625 0.015625
0 0.054000 0.360000 0.015625 0.015625
0 0.238000 0.362000 0.015625 0.015625
0 0.406000 0.374000 0.015625 0.015625
0 0.452000 0.428000 0.015625 0.015625
0 0.756000 0.430000 0.015625 0.015625
0 0.168000 0.434000 0.015625 0.015625
0 0.084000 0.442000 0.015625 0.015625
0 0.008000 0.446000 0.015625 0.015625
0 0.636000 0.454000 0.015625 0.015625
0 0.216000 0.476000 0.015625 0.015625
0 0.324000 0.482000 0.015625 0.015625
0 0.346000 0.512000 0.015625 0.015625
0 0.190000 0.518000 0.015625 0.015625
0 0.130000 0.522000 0.015625 0.015625
0 0.342000 0.542000 0.015625 0.015625
0 0.474000 0.624000 0.015625 0.015625
0 0.446000 0.626000 0.015625 0.015625
0 0.504000 0.656000 0.015625 0.015625
0 0.708000 0.672000 0.015625 0.015625
0 0.474000 0.688000 0.015625 0.015625
0 0.684000 0.702000 0.015625 0.015625
0 0.240000 0.720000 0.015625 0.015625
0 0.088000 0.760000 0.015625 0.015625
0 0.718000 0.764000 0.015625 0.015625
0 0.582000 0.786000 0.015625 0.015625
0 0.526000 0.790000 0.015625 0.015625
0 0.734000 0.798000 0.015625 0.015625
0 0.654000 0.816000 0.015625 0.015625
0 0.910000 0.816000 0.015625 0.015625
0 0.288000 0.846000 0.015625 0.015625
0 0.006000 0.890000 0.015625 0.015625
0 0.284000 0.898000 0.015625 0.015625
0 0.618000 0.906000 0.015625 0.015625
0 0.460000 0.944000 0.015625 0.015625
0 0.180000 0.960000 0.015625 0.015625
0 0.526000 0.964000 0.015625 0.015625
0 0.206000 0.976000 0.015625 0.015625
0 0.824000 0.984000 0.015625 0.015625
0 0.272000 0.994000 0.015625 0.015625
0 0.078247 0.373239 0.015625 0.015625
0 0.078247 0.411581 0.015625 0.015625
