0 0.151000 0.006000 0.015625 0.015625
0 0.283000 0.007000 0.015625 0.015625
0 0.936000 0.012000 0.015625 0.015625
0 0.208000 0.017000 0.015625 0.015625
0 0.244000 0.024000 0.015625 0.015625
0 0.924000 0.033000 0.015625 0.015625
0 0.800000 0.035000 0.015625 0.015625
0 0.520000 0.095000 0.015625 0.015625
0 0.292000 0.115000 0.015625 0.015625
0 0.796000 0.127000 0.015625 0.015625
0 0.578000 0.137000 0.015625 0.015625
0 0.074000 0.209000 0.015625 0.015625
0 0.850000 0.299000 0.015625 0.015625
0 0.900000 0.305000 0.015625 0.015625
0 0.094000 0.335000 0.015625 0.015625
0 0.236000 0.347000 0.015625 0.015625
0 0.410000 0.371000 0.015625 0.015625
0 0.214000 0.385000 0.015625 0.015625
0 0.386000 0.409000 0.015625 0.015625
0 0.182000 0.429000 0.015625 0.015625
0 0.086000 0.441000 0.015625 0.015625
0 0.722000 0.445000 0.015625 0.015625
0 0.012000 0.447000 0.015625 0.015625
0 0.214000 0.467000 0.015625 0.015625
0 0.326000 0.475000 0.015625 0.015625
0 0.346000 0.493000 0.015625 0.015625
0 0.592000 0.500000 0.015625 0.015625
0 0.128000 0.517000 0.015625 0.015625
0 0.202000 0.533000 0.015625 0.015625
0 0.338000 0.535000 0.015625 0.015625
0 0.906000 0.593000 0.015625 0.015625
0 0.494000 0.623000 0.015625 0.015625
0 0.442000 0.625000 0.015625 0.015625
0 0.156000 0.641000 0.015625 0.015625
0 0.458000 0.653000 0.015625 0.015625
0 0.694000 0.661000 0.015625 0.015625
0 0.672000 0.677000 0.015625 0.015625
0 0.954000 0.684000 0.015625 0.015625
0 0.154000 0.705000 0.015625 0.015625
0 0.526000 0.749000 0.015625 0.015625
0 0.166000 0.753000 0.015625 0.015625
0 0.910000 0.757000 0.015625 0.015625
0 0.724000 0.763000 0.015625 0.015625
0 0.582000 0.783000 0.015625 0.015625
0 0.528000 0.789000 0.015625 0.015625
0 0.658000 0.797000 0.015625 0.015625
0 0.880000 0.803000 0.015625 0.015625
0 0.346000 0.833000 0.015625 0.015625
0 0.206000 0.853000 0.015625 0.015625
0 0.752000 0.863000 0.015625 0.015625
0 0.290000 0.899000 0.015625 0.015625
0 0.622000 0.905000 0.015625 0.015625
0 0.486000 0.945000 0.015625 0.015625
0 0.510000 0.959000 0.015625 0.015625
0 0.202000 0.973000 0.015625 0.015625
0 0.278000 0.985000 0.015625 0.015625
0 0.826000 0.989000 0.015625 0.015625
0 0.084507 0.421753 0.015625 0.015625
