0 0.284000 0.008000 0.015625 0.015625
0 0.474000 0.012000 0.015625 0.015625
0 0.246000 0.020000 0.015625 0.015625
0 0.582000 0.028000 0.015625 0.015625
0 0.740000 0.030000 0.015625 0.015625
0 0.802000 0.038000 0.015625 0.015625
0 0.536000 0.104000 0.015625 0.015625
0 0.086000 0.118000 0.015625 0.015625
0 0.762000 0.146000 0.015625 0.015625
0 0.926000 0.166000 0.015625 0.015625
0 0.124000 0.168000 0.015625 0.015625
0 0.388000 0.186000 0.015625 0.015625
0 0.900000 0.302000 0.015625 0.015625
0 0.200000 0.332000 0.015625 0.015625
0 0.468000 0.364000 0.015625 0.015625
0 0.070000 0.376000 0.015625 0.015625
0 0.674000 0.398000 0.015625 0.015625
0 0.044000 0.408000 0.015625 0.015625
0 0.082000 0.446000 0.015625 0.015625
0 0.008000 0.448000 0.015625 0.015625
0 0.158000 0.450000 0.015625 0.015625
0 0.526000 0.452000 0.015625 0.015625
0 0.172000 0.486000 0.015625 0.015625
0 0.208000 0.490000 0.015625 0.015625
0 0.314000 0.500000 0.015625 0.015625
0 0.658000 0.518000 0.015625 0.015625
0 0.134000 0.524000 0.015625 0.015625
0 0.338000 0.536000 0.015625 0.015625
0 0.522000 0.616000 0.015625 0.015625
0 0.292000 0.656000 0.015625 0.015625
0 0.248000 0.666000 0.015625 0.015625
0 0.796000 0.670000 0.015625 0.015625
0 0.648000 0.688000 0.015625 0.015625
0 0.872000 0.714000 0.015625 0.015625
0 0.156000 0.718000 0.015625 0.015625
0 0.472000 0.722000 0.015625 0.015625
0 0.710000 0.760000 0.015625 0.015625
0 0.624000 0.766000 0.015625 0.015625
0 0.554000 0.774000 0.015625 0.015625
0 0.932000 0.804000 0.015625 0.015625
0 0.170000 0.806000 0.015625 0.015625
0 0.758000 0.812000 0.015625 0.015625
0 0.538000 0.816000 0.015625 0.015625
0 0.224000 0.818000 0.015625 0.015625
0 0.884000 0.892000 0.015625 0.015625
0 0.400000 0.898000 0.015625 0.015625
0 0.456000 0.906000 0.015625 0.015625
0 0.436000 0.912000 0.015625 0.015625
0 0.758000 0.930000 0.015625 0.015625
0 0.182000 0.958000 0.015625 0.015625
0 0.404000 0.966000 0.015625 0.015625
0 0.503000 0.968000 0.015625 0.015625
0 0.170000 0.982000 0.015625 0.015625
0 0.201878 0.014085 0.015625 0.015625
0 0.075900 0.423318 0.015625 0.015625
