0 0.253125 0.006250 0.015625 0.015625
0 0.203125 0.015625 0.015625 0.015625
0 0.431250 0.015625 0.015625 0.015625
0 0.514063 0.015625 0.015625 0.015625
0 0.776563 0.034375 0.015625 0.015625
0 0.898438 0.085938 0.015625 0.015625
0 0.570313 0.106250 0.015625 0.015625
0 0.356250 0.118750 0.015625 0.015625
0 0.775000 0.142188 0.015625 0.015625
0 0.170313 0.143750 0.015625 0.015625
0 0.107813 0.212500 0.015625 0.015625
0 0.343750 0.234375 0.015625 0.015625
0 0.790625 0.242188 0.015625 0.015625
0 0.904688 0.301563 0.015625 0.015625
0 0.129688 0.315625 0.015625 0.015625
0 0.493750 0.351563 0.015625 0.015625
0 0.557813 0.371875 0.015625 0.015625
0 0.065625 0.382813 0.015625 0.015625
0 0.018750 0.446875 0.015625 0.015625
0 0.081250 0.448438 0.015625 0.015625
0 0.157813 0.448438 0.015625 0.015625
0 0.734375 0.451563 0.015625 0.015625
0 0.214063 0.501563 0.015625 0.015625
0 0.123438 0.507813 0.015625 0.015625
0 0.315625 0.515625 0.015625 0.015625
0 0.335938 0.557813 0.015625 0.015625
0 0.673438 0.584375 0.015625 0.015625
0 0.834375 0.632813 0.015625 0.015625
0 0.178125 0.640625 0.015625 0.015625
0 0.300000 0.662500 0.015625 0.015625
0 0.814063 0.668750 0.015625 0.015625
0 0.720313 0.678125 0.015625 0.015625
0 0.520313 0.687500 0.015625 0.015625
0 0.445313 0.693750 0.015625 0.015625
0 0.926563 0.714063 0.015625 0.015625
0 0.537500 0.764063 0.015625 0.015625
0 0.721875 0.765625 0.015625 0.015625
0 0.165625 0.770313 0.015625 0.015625
0 0.201563 0.781250 0.015625 0.015625
0 0.250000 0.807813 0.015625 0.015625
0 0.534375 0.814063 0.015625 0.015625
0 0.820313 0.842188 0.015625 0.015625
0 0.181250 0.868750 0.015625 0.015625
0 0.606250 0.904688 0.015625 0.015625
0 0.006250 0.907813 0.015625 0.015625
0 0.442188 0.914063 0.015625 0.015625
0 0.365625 0.950000 0.015625 0.015625
0 0.478125 0.959375 0.015625 0.015625
0 0.545313 0.979688 0.015625 0.015625
0 0.170313 0.985938 0.015625 0.015625
0 0.765625 0.987500 0.015625 0.015625
0 0.075900 0.420188 0.015625 0.015625
