0 0.210000 0.010000 0.015625 0.015625
0 0.474000 0.018000 0.015625 0.015625
0 0.928000 0.020000 0.015625 0.015625
0 0.790000 0.022000 0.015625 0.015625
0 0.598000 0.036000 0.015625 0.015625
0 0.276000 0.064000 0.015625 0.015625
0 0.796000 0.118000 0.015625 0.015625
0 0.564000 0.156000 0.015625 0.015625
0 0.068000 0.206000 0.015625 0.015625
0 0.192000 0.296000 0.015625 0.015625
0 0.884000 0.300000 0.015625 0.015625
0 0.904000 0.304000 0.015625 0.015625
0 0.246000 0.326000 0.015625 0.015625
0 0.430000 0.360000 0.015625 0.015625
0 0.066000 0.376000 0.015625 0.015625
0 0.238000 0.400000 0.015625 0.015625
0 0.186000 0.426000 0.015625 0.015625
0 0.082000 0.440000 0.015625 0.015625
0 0.386000 0.444000 0.015625 0.015625
0 0.014000 0.454000 0.015625 0.015625
0 0.226000 0.460000 0.015625 0.015625
0 0.334000 0.460000 0.015625 0.015625
0 0.988000 0.480000 0.015625 0.015625
0 0.354000 0.484000 0.015625 0.015625
0 0.718000 0.508000 0.015625 0.015625
0 0.210000 0.518000 0.015625 0.015625
0 0.478000 0.524000 0.015625 0.015625
0 0.140000 0.526000 0.015625 0.015625
0 0.154000 0.540000 0.015625 0.015625
0 0.342000 0.550000 0.015625 0.015625
0 0.534000 0.558000 0.015625 0.015625
0 0.574000 0.580000 0.015625 0.015625
0 0.518000 0.630000 0.015625 0.015625
0 0.966000 0.640000 0.015625 0.015625
0 0.158000 0.642000 0.015625 0.015625
0 0.682000 0.642000 0.015625 0.015625
0 0.446000 0.654000 0.015625 0.015625
0 0.450000 0.714000 0.015625 0.015625
0 0.770000 0.720000 0.015625 0.015625
0 0.200000 0.756000 0.015625 0.015625
0 0.176000 0.760000 0.015625 0.015625
0 0.660000 0.764000 0.015625 0.015625
0 0.720000 0.766000 0.015625 0.015625
0 0.580000 0.790000 0.015625 0.015625
0 0.526000 0.800000 0.015625 0.015625
0 0.734000 0.804000 0.015625 0.015625
0 0.908000 0.804000 0.015625 0.015625
0 0.304000 0.868000 0.015625 0.015625
0 0.450000 0.914000 0.015625 0.015625
0 0.620000 0.914000 0.015625 0.015625
0 0.486000 0.954000 0.015625 0.015625
0 0.820000 0.964000 0.015625 0.015625
0 0.501000 0.978000 0.015625 0.015625
0 0.218000 0.980000 0.015625 0.015625
0 0.166000 0.984000 0.015625 0.015625
0 0.746000 0.986000 0.015625 0.015625
0 0.264000 0.996000 0.015625 0.015625
0 0.243056 0.012500 0.015625 0.015625
0 0.075117 0.414710 0.015625 0.015625
