0 0.266000 0.006000 0.015625 0.015625
0 0.222000 0.012000 0.015625 0.015625
0 0.808000 0.040000 0.015625 0.015625
0 0.654000 0.076000 0.015625 0.015625
0 0.552000 0.128000 0.015625 0.015625
0 0.014000 0.236000 0.015625 0.015625
0 0.916000 0.260000 0.015625 0.015625
0 0.318000 0.282000 0.015625 0.015625
0 0.456000 0.370000 0.015625 0.015625
0 0.016000 0.426000 0.015625 0.015625
0 0.128000 0.434000 0.015625 0.015625
0 0.090000 0.436000 0.015625 0.015625
0 0.326000 0.448000 0.015625 0.015625
0 0.904000 0.462000 0.015625 0.015625
0 0.192000 0.464000 0.015625 0.015625
0 0.360000 0.468000 0.015625 0.015625
0 0.948000 0.470000 0.015625 0.015625
0 0.228000 0.478000 0.015625 0.015625
0 0.180000 0.568000 0.015625 0.015625
0 0.328000 0.568000 0.015625 0.015625
0 0.252000 0.576000 0.015625 0.015625
0 0.092000 0.586000 0.015625 0.015625
0 0.418000 0.602000 0.015625 0.015625
0 0.744000 0.606000 0.015625 0.015625
0 0.696000 0.610000 0.015625 0.015625
0 0.170000 0.612000 0.015625 0.015625
0 0.448000 0.614000 0.015625 0.015625
0 0.558000 0.628000 0.015625 0.015625
0 0.628000 0.656000 0.015625 0.015625
0 0.912000 0.724000 0.015625 0.015625
0 0.692000 0.762000 0.015625 0.015625
0 0.724000 0.768000 0.015625 0.015625
0 0.248000 0.824000 0.015625 0.015625
0 0.546000 0.848000 0.015625 0.015625
0 0.318000 0.894000 0.015625 0.015625
0 0.384000 0.912000 0.015625 0.015625
0 0.704000 0.924000 0.015625 0.015625
0 0.458000 0.948000 0.015625 0.015625
0 0.238000 0.974000 0.015625 0.015625
0 0.372000 0.982000 0.015625 0.015625
0 0.520000 0.982000 0.015625 0.015625
0 0.868000 0.984000 0.015625 0.015625
0 0.056338 0.901408 0.015625 0.015625
0 0.080595 0.907668 0.015625 0.015625
