0 0.251563 0.009375 0.015625 0.015625
0 0.218750 0.012500 0.015625 0.015625
0 0.784375 0.025000 0.015625 0.015625
0 0.500000 0.045313 0.015625 0.015625
0 0.818750 0.065625 0.015625 0.015625
0 0.542188 0.118750 0.015625 0.015625
0 0.906250 0.220313 0.015625 0.015625
0 0.040625 0.264063 0.015625 0.015625
0 0.907813 0.265625 0.015625 0.015625
0 0.365625 0.281250 0.015625 0.015625
0 0.209375 0.301563 0.015625 0.015625
0 0.079688 0.376563 0.015625 0.015625
0 0.418750 0.376563 0.015625 0.015625
0 0.050000 0.400000 0.015625 0.015625
0 0.959375 0.412500 0.015625 0.015625
0 0.557813 0.420313 0.015625 0.015625
0 0.015625 0.431250 0.015625 0.015625
0 0.095313 0.448438 0.015625 0.015625
0 0.185938 0.448438 0.015625 0.015625
0 0.321875 0.451563 0.015625 0.015625
0 0.218750 0.462500 0.015625 0.015625
0 0.354688 0.476563 0.015625 0.015625
0 0.842188 0.518750 0.015625 0.015625
0 0.473438 0.529688 0.015625 0.015625
0 0.326563 0.548438 0.015625 0.015625
0 0.234375 0.557813 0.015625 0.015625
0 0.735938 0.568750 0.015625 0.015625
0 0.176563 0.593750 0.015625 0.015625
0 0.434375 0.620313 0.015625 0.015625
0 0.590625 0.645313 0.015625 0.015625
0 0.681250 0.648438 0.015625 0.015625
0 0.590625 0.687500 0.015625 0.015625
0 0.148438 0.695313 0.015625 0.015625
0 0.598438 0.750000 0.015625 0.015625
0 0.714063 0.765625 0.015625 0.015625
0 0.585938 0.815625 0.015625 0.015625
0 0.790625 0.815625 0.015625 0.015625
0 0.693750 0.834375 0.015625 0.015625
0 0.218750 0.840625 0.015625 0.015625
0 0.537500 0.845313 0.015625 0.015625
0 0.285938 0.851563 0.015625 0.015625
0 0.362500 0.859375 0.015625 0.015625
0 0.106250 0.893750 0.015625 0.015625
0 0.501563 0.937500 0.015625 0.015625
0 0.245313 0.976563 0.015625 0.015625
0 0.485938 0.981250 0.015625 0.015625
0 0.970313 0.992188 0.015625 0.015625
0 0.085290 0.418623 0.015625 0.015625
