0 0.932000 0.014000 0.015625 0.015625
0 0.216000 0.014000 0.015625 0.015625
0 0.142000 0.018000 0.015625 0.015625
0 0.252000 0.018000 0.015625 0.015625
0 0.800000 0.032000 0.015625 0.015625
0 0.542000 0.090000 0.015625 0.015625
0 0.292000 0.096000 0.015625 0.015625
0 0.794000 0.128000 0.015625 0.015625
0 0.576000 0.138000 0.015625 0.015625
0 0.078000 0.220000 0.015625 0.015625
0 0.846000 0.296000 0.015625 0.015625
0 0.902000 0.308000 0.015625 0.015625
0 0.084000 0.342000 0.015625 0.015625
0 0.230000 0.346000 0.015625 0.015625
0 0.414000 0.372000 0.015625 0.015625
0 0.066000 0.378000 0.015625 0.015625
0 0.214000 0.382000 0.015625 0.015625
0 0.382000 0.402000 0.015625 0.015625
0 0.038000 0.406000 0.015625 0.015625
0 0.182000 0.428000 0.015625 0.015625
0 0.086000 0.446000 0.015625 0.015625
0 0.010000 0.452000 0.015625 0.015625
0 0.730000 0.454000 0.015625 0.015625
0 0.226000 0.472000 0.015625 0.015625
0 0.330000 0.472000 0.015625 0.015625
0 0.622000 0.490000 0.015625 0.015625
0 0.350000 0.498000 0.015625 0.015625
0 0.190000 0.510000 0.015625 0.015625
0 0.146000 0.514000 0.015625 0.015625
0 0.154000 0.536000 0.015625 0.015625
0 0.340000 0.536000 0.015625 0.015625
0 0.442000 0.626000 0.015625 0.015625
0 0.470000 0.640000 0.015625 0.015625
0 0.682000 0.668000 0.015625 0.015625
0 0.556000 0.720000 0.015625 0.015625
0 0.182000 0.724000 0.015625 0.015625
0 0.910000 0.758000 0.015625 0.015625
0 0.158000 0.760000 0.015625 0.015625
0 0.722000 0.764000 0.015625 0.015625
0 0.586000 0.788000 0.015625 0.015625
0 0.528000 0.794000 0.015625 0.015625
0 0.646000 0.796000 0.015625 0.015625
0 0.870000 0.796000 0.015625 0.015625
0 0.786000 0.830000 0.015625 0.015625
0 0.350000 0.854000 0.015625 0.015625
0 0.210000 0.860000 0.015625 0.015625
0 0.290000 0.900000 0.015625 0.015625
0 0.620000 0.908000 0.015625 0.015625
0 0.486000 0.954000 0.015625 0.015625
0 0.514000 0.960000 0.015625 0.015625
0 0.842000 0.974000 0.015625 0.015625
0 0.206000 0.978000 0.015625 0.015625
0 0.278000 0.990000 0.015625 0.015625
0 0.808000 0.994000 0.015625 0.015625
0 0.077465 0.418623 0.015625 0.015625
