0 0.570000 0.008000 0.015625 0.015625
0 0.785000 0.010000 0.015625 0.015625
0 0.208000 0.012000 0.015625 0.015625
0 0.252000 0.016000 0.015625 0.015625
0 0.438000 0.034000 0.015625 0.015625
0 0.782000 0.038000 0.015625 0.015625
0 0.100000 0.094000 0.015625 0.015625
0 0.530000 0.110000 0.015625 0.015625
0 0.770000 0.138000 0.015625 0.015625
0 0.214000 0.146000 0.015625 0.015625
0 0.966000 0.146000 0.015625 0.015625
0 0.234000 0.178000 0.015625 0.015625
0 0.480000 0.200000 0.015625 0.015625
0 0.866000 0.204000 0.015625 0.015625
0 0.414000 0.236000 0.015625 0.015625
0 0.902000 0.296000 0.015625 0.015625
0 0.448000 0.318000 0.015625 0.015625
0 0.046000 0.326000 0.015625 0.015625
0 0.074000 0.380000 0.015625 0.015625
0 0.030000 0.412000 0.015625 0.015625
0 0.498000 0.424000 0.015625 0.015625
0 0.016000 0.450000 0.015625 0.015625
0 0.086000 0.454000 0.015625 0.015625
0 0.150000 0.464000 0.015625 0.015625
0 0.988000 0.482000 0.015625 0.015625
0 0.210000 0.494000 0.015625 0.015625
0 0.316000 0.500000 0.015625 0.015625
0 0.162000 0.520000 0.015625 0.015625
0 0.338000 0.536000 0.015625 0.015625
0 0.638000 0.546000 0.015625 0.015625
0 0.372000 0.598000 0.015625 0.015625
0 0.740000 0.628000 0.015625 0.015625
0 0.714000 0.630000 0.015625 0.015625
0 0.474000 0.654000 0.015625 0.015625
0 0.262000 0.672000 0.015625 0.015625
0 0.182000 0.692000 0.015625 0.015625
0 0.480000 0.730000 0.015625 0.015625
0 0.894000 0.746000 0.015625 0.015625
0 0.782000 0.748000 0.015625 0.015625
0 0.716000 0.762000 0.015625 0.015625
0 0.908000 0.774000 0.015625 0.015625
0 0.190000 0.776000 0.015625 0.015625
0 0.584000 0.798000 0.015625 0.015625
0 0.534000 0.818000 0.015625 0.015625
0 0.590000 0.834000 0.015625 0.015625
0 0.042000 0.858000 0.015625 0.015625
0 0.452000 0.872000 0.015625 0.015625
0 0.826000 0.872000 0.015625 0.015625
0 0.194000 0.880000 0.015625 0.015625
0 0.282000 0.888000 0.015625 0.015625
0 0.406000 0.888000 0.015625 0.015625
0 0.814000 0.914000 0.015625 0.015625
0 0.738000 0.926000 0.015625 0.015625
0 0.530000 0.956000 0.015625 0.015625
0 0.172000 0.982000 0.015625 0.015625
0 0.240000 0.986000 0.015625 0.015625
0 0.079030 0.424883 0.015625 0.015625
