0 0.256000 0.008000 0.015625 0.015625
0 0.932000 0.020000 0.015625 0.015625
0 0.802000 0.026000 0.015625 0.015625
0 0.558000 0.028000 0.015625 0.015625
0 0.522000 0.034000 0.015625 0.015625
0 0.806000 0.064000 0.015625 0.015625
0 0.544000 0.130000 0.015625 0.015625
0 0.902000 0.184000 0.015625 0.015625
0 0.034000 0.266000 0.015625 0.015625
0 0.908000 0.268000 0.015625 0.015625
0 0.370000 0.282000 0.015625 0.015625
0 0.218000 0.284000 0.015625 0.015625
0 0.408000 0.372000 0.015625 0.015625
0 0.986000 0.422000 0.015625 0.015625
0 0.012000 0.434000 0.015625 0.015625
0 0.088000 0.444000 0.015625 0.015625
0 0.510000 0.446000 0.015625 0.015625
0 0.184000 0.450000 0.015625 0.015625
0 0.320000 0.458000 0.015625 0.015625
0 0.216000 0.470000 0.015625 0.015625
0 0.350000 0.484000 0.015625 0.015625
0 0.774000 0.528000 0.015625 0.015625
0 0.444000 0.540000 0.015625 0.015625
0 0.322000 0.554000 0.015625 0.015625
0 0.354000 0.556000 0.015625 0.015625
0 0.148000 0.560000 0.015625 0.015625
0 0.162000 0.574000 0.015625 0.015625
0 0.228000 0.582000 0.015625 0.015625
0 0.688000 0.604000 0.015625 0.015625
0 0.444000 0.622000 0.015625 0.015625
0 0.674000 0.654000 0.015625 0.015625
0 0.584000 0.656000 0.015625 0.015625
0 0.604000 0.690000 0.015625 0.015625
0 0.122000 0.716000 0.015625 0.015625
0 0.916000 0.734000 0.015625 0.015625
0 0.720000 0.770000 0.015625 0.015625
0 0.680000 0.788000 0.015625 0.015625
0 0.628000 0.806000 0.015625 0.015625
0 0.744000 0.812000 0.015625 0.015625
0 0.304000 0.816000 0.015625 0.015625
0 0.208000 0.828000 0.015625 0.015625
0 0.536000 0.836000 0.015625 0.015625
0 0.360000 0.846000 0.015625 0.015625
0 0.784000 0.852000 0.015625 0.015625
0 0.144000 0.930000 0.015625 0.015625
0 0.948000 0.932000 0.015625 0.015625
0 0.503000 0.944000 0.015625 0.015625
0 0.496000 0.970000 0.015625 0.015625
0 0.232000 0.980000 0.015625 0.015625
0 0.104851 0.431142 0.015625 0.015625
0 0.085290 0.418623 0.015625 0.015625
0 0.212833 0.014085 0.015625 0.015625
