0 0.205000 0.010000 0.015625 0.015625
0 0.252000 0.012000 0.015625 0.015625
0 0.795000 0.027000 0.015625 0.015625
0 0.092000 0.038000 0.015625 0.015625
0 0.568000 0.048000 0.015625 0.015625
0 0.678000 0.055000 0.015625 0.015625
0 0.152000 0.067000 0.015625 0.015625
0 0.245000 0.087000 0.015625 0.015625
0 0.520000 0.120000 0.015625 0.015625
0 0.857000 0.143000 0.015625 0.015625
0 0.770000 0.147000 0.015625 0.015625
0 0.948000 0.154000 0.015625 0.015625
0 0.463000 0.225000 0.015625 0.015625
0 0.910000 0.229000 0.015625 0.015625
0 0.472000 0.287000 0.015625 0.015625
0 0.902000 0.290000 0.015625 0.015625
0 0.212000 0.296000 0.015625 0.015625
0 0.415000 0.320000 0.015625 0.015625
0 0.067000 0.378000 0.015625 0.015625
0 0.042000 0.410000 0.015625 0.015625
0 0.080000 0.443000 0.015625 0.015625
0 0.012000 0.454000 0.015625 0.015625
0 0.157000 0.467000 0.015625 0.015625
0 0.215000 0.497000 0.015625 0.015625
0 0.447000 0.505000 0.015625 0.015625
0 0.113000 0.510000 0.015625 0.015625
0 0.556000 0.510000 0.015625 0.015625
0 0.315000 0.512000 0.015625 0.015625
0 0.798000 0.513000 0.015625 0.015625
0 0.805000 0.538000 0.015625 0.015625
0 0.335000 0.550000 0.015625 0.015625
0 0.542000 0.620000 0.015625 0.015625
0 0.776000 0.625000 0.015625 0.015625
0 0.025000 0.693000 0.015625 0.015625
0 0.820000 0.702000 0.015625 0.015625
0 0.186000 0.708000 0.015625 0.015625
0 0.475000 0.735000 0.015625 0.015625
0 0.207000 0.748000 0.015625 0.015625
0 0.718000 0.772000 0.015625 0.015625
0 0.150000 0.775000 0.015625 0.015625
0 0.181000 0.784000 0.015625 0.015625
0 0.625000 0.793000 0.015625 0.015625
0 0.580000 0.798000 0.015625 0.015625
0 0.525000 0.805000 0.015625 0.015625
0 0.842000 0.809000 0.015625 0.015625
0 0.150000 0.818000 0.015625 0.015625
0 0.105000 0.875000 0.015625 0.015625
0 0.798000 0.878000 0.015625 0.015625
0 0.845000 0.878000 0.015625 0.015625
0 0.193000 0.880000 0.015625 0.015625
0 0.422000 0.888000 0.015625 0.015625
0 0.648000 0.920000 0.015625 0.015625
0 0.347000 0.952000 0.015625 0.015625
0 0.490000 0.978000 0.015625 0.015625
0 0.206000 0.992000 0.015625 0.015625
