0 0.210000 0.020000 0.015625 0.015625
0 0.782000 0.036000 0.015625 0.015625
0 0.498000 0.038000 0.015625 0.015625
0 0.570000 0.090000 0.015625 0.015625
0 0.306000 0.130000 0.015625 0.015625
0 0.022000 0.134000 0.015625 0.015625
0 0.796000 0.148000 0.015625 0.015625
0 0.446000 0.160000 0.015625 0.015625
0 0.364000 0.170000 0.015625 0.015625
0 0.696000 0.182000 0.015625 0.015625
0 0.890000 0.334000 0.015625 0.015625
0 0.128000 0.374000 0.015625 0.015625
0 0.062000 0.378000 0.015625 0.015625
0 0.520000 0.386000 0.015625 0.015625
0 0.408000 0.390000 0.015625 0.015625
0 0.742000 0.408000 0.015625 0.015625
0 0.082000 0.448000 0.015625 0.015625
0 0.016000 0.456000 0.015625 0.015625
0 0.206000 0.472000 0.015625 0.015625
0 0.322000 0.478000 0.015625 0.015625
0 0.830000 0.486000 0.015625 0.015625
0 0.248000 0.496000 0.015625 0.015625
0 0.352000 0.508000 0.015625 0.015625
0 0.180000 0.510000 0.015625 0.015625
0 0.188000 0.532000 0.015625 0.015625
0 0.288000 0.532000 0.015625 0.015625
0 0.372000 0.540000 0.015625 0.015625
0 0.674000 0.542000 0.015625 0.015625
0 0.488000 0.560000 0.015625 0.015625
0 0.726000 0.632000 0.015625 0.015625
0 0.416000 0.650000 0.015625 0.015625
0 0.834000 0.664000 0.015625 0.015625
0 0.202000 0.686000 0.015625 0.015625
0 0.454000 0.718000 0.015625 0.015625
0 0.138000 0.742000 0.015625 0.015625
0 0.718000 0.780000 0.015625 0.015625
0 0.880000 0.800000 0.015625 0.015625
0 0.520000 0.814000 0.015625 0.015625
0 0.580000 0.814000 0.015625 0.015625
0 0.714000 0.818000 0.015625 0.015625
0 0.334000 0.832000 0.015625 0.015625
0 0.970000 0.892000 0.015625 0.015625
0 0.354000 0.924000 0.015625 0.015625
0 0.618000 0.946000 0.015625 0.015625
0 0.358000 0.948000 0.015625 0.015625
0 0.505000 0.954000 0.015625 0.015625
0 0.794000 0.956000 0.015625 0.015625
0 0.076682 0.419405 0.015625 0.015625
0 0.249609 0.011737 0.015625 0.015625
