0 0.248000 0.008000 0.015625 0.015625
0 0.214000 0.016000 0.015625 0.015625
0 0.528000 0.018000 0.015625 0.015625
0 0.796000 0.036000 0.015625 0.015625
0 0.562000 0.094000 0.015625 0.015625
0 0.384000 0.104000 0.015625 0.015625
0 0.010000 0.126000 0.015625 0.015625
0 0.786000 0.128000 0.015625 0.015625
0 0.494000 0.258000 0.015625 0.015625
0 0.890000 0.336000 0.015625 0.015625
0 0.548000 0.338000 0.015625 0.015625
0 0.066000 0.372000 0.015625 0.015625
0 0.450000 0.382000 0.015625 0.015625
0 0.080000 0.394000 0.015625 0.015625
0 0.048000 0.402000 0.015625 0.015625
0 0.090000 0.448000 0.015625 0.015625
0 0.014000 0.452000 0.015625 0.015625
0 0.642000 0.462000 0.015625 0.015625
0 0.166000 0.466000 0.015625 0.015625
0 0.210000 0.480000 0.015625 0.015625
0 0.992000 0.480000 0.015625 0.015625
0 0.758000 0.490000 0.015625 0.015625
0 0.352000 0.492000 0.015625 0.015625
0 0.258000 0.498000 0.015625 0.015625
0 0.374000 0.520000 0.015625 0.015625
0 0.176000 0.524000 0.015625 0.015625
0 0.376000 0.538000 0.015625 0.015625
0 0.752000 0.570000 0.015625 0.015625
0 0.270000 0.622000 0.015625 0.015625
0 0.682000 0.642000 0.015625 0.015625
0 0.556000 0.656000 0.015625 0.015625
0 0.448000 0.660000 0.015625 0.015625
0 0.260000 0.682000 0.015625 0.015625
0 0.126000 0.740000 0.015625 0.015625
0 0.314000 0.756000 0.015625 0.015625
0 0.714000 0.770000 0.015625 0.015625
0 0.576000 0.792000 0.015625 0.015625
0 0.514000 0.794000 0.015625 0.015625
0 0.900000 0.824000 0.015625 0.015625
0 0.634000 0.848000 0.015625 0.015625
0 0.842000 0.876000 0.015625 0.015625
0 0.918000 0.912000 0.015625 0.015625
0 0.354000 0.936000 0.015625 0.015625
0 0.986000 0.948000 0.015625 0.015625
0 0.534000 0.956000 0.015625 0.015625
0 0.580000 0.958000 0.015625 0.015625
0 0.328000 0.978000 0.015625 0.015625
0 0.430000 0.990000 0.015625 0.015625
