0 0.252000 0.008000 0.015625 0.015625
0 0.546000 0.008000 0.015625 0.015625
0 0.208000 0.016000 0.015625 0.015625
0 0.782000 0.034000 0.015625 0.015625
0 0.630000 0.042000 0.015625 0.015625
0 0.446000 0.080000 0.015625 0.015625
0 0.574000 0.120000 0.015625 0.015625
0 0.524000 0.150000 0.015625 0.015625
0 0.774000 0.178000 0.015625 0.015625
0 0.350000 0.246000 0.015625 0.015625
0 0.292000 0.264000 0.015625 0.015625
0 0.910000 0.326000 0.015625 0.015625
0 0.646000 0.352000 0.015625 0.015625
0 0.230000 0.372000 0.015625 0.015625
0 0.062000 0.380000 0.015625 0.015625
0 0.402000 0.384000 0.015625 0.015625
0 0.994000 0.400000 0.015625 0.015625
0 0.950000 0.408000 0.015625 0.015625
0 0.078000 0.446000 0.015625 0.015625
0 0.158000 0.452000 0.015625 0.015625
0 0.118000 0.454000 0.015625 0.015625
0 0.010000 0.454000 0.015625 0.015625
0 0.554000 0.478000 0.015625 0.015625
0 0.354000 0.488000 0.015625 0.015625
0 0.166000 0.500000 0.015625 0.015625
0 0.210000 0.504000 0.015625 0.015625
0 0.308000 0.528000 0.015625 0.015625
0 0.218000 0.532000 0.015625 0.015625
0 0.322000 0.562000 0.015625 0.015625
0 0.758000 0.562000 0.015625 0.015625
0 0.806000 0.606000 0.015625 0.015625
0 0.494000 0.628000 0.015625 0.015625
0 0.086000 0.640000 0.015625 0.015625
0 0.154000 0.706000 0.015625 0.015625
0 0.466000 0.718000 0.015625 0.015625
0 0.126000 0.720000 0.015625 0.015625
0 0.718000 0.758000 0.015625 0.015625
0 0.882000 0.776000 0.015625 0.015625
0 0.594000 0.794000 0.015625 0.015625
0 0.094000 0.812000 0.015625 0.015625
0 0.630000 0.812000 0.015625 0.015625
0 0.534000 0.822000 0.015625 0.015625
0 0.350000 0.840000 0.015625 0.015625
0 0.874000 0.846000 0.015625 0.015625
0 0.266000 0.864000 0.015625 0.015625
0 0.762000 0.872000 0.015625 0.015625
0 0.370000 0.912000 0.015625 0.015625
0 0.574000 0.924000 0.015625 0.015625
0 0.946000 0.928000 0.015625 0.015625
0 0.501000 0.958000 0.015625 0.015625
