0 0.255000 0.005000 0.015625 0.015625
0 0.580000 0.010000 0.015625 0.015625
0 0.205000 0.015000 0.015625 0.015625
0 0.112000 0.025000 0.015625 0.015625
0 0.800000 0.040000 0.015625 0.015625
0 0.515000 0.057000 0.015625 0.015625
0 0.008000 0.062000 0.015625 0.015625
0 0.657000 0.086000 0.015625 0.015625
0 0.565000 0.115000 0.015625 0.015625
0 0.173000 0.117000 0.015625 0.015625
0 0.240000 0.140000 0.015625 0.015625
0 0.778000 0.145000 0.015625 0.015625
0 0.906000 0.179000 0.015625 0.015625
0 0.948000 0.201000 0.015625 0.015625
0 0.305000 0.220000 0.015625 0.015625
0 0.865000 0.259000 0.015625 0.015625
0 0.906000 0.284000 0.015625 0.015625
0 0.483000 0.290000 0.015625 0.015625
0 0.448000 0.314000 0.015625 0.015625
0 0.235000 0.318000 0.015625 0.015625
0 0.070000 0.379000 0.015625 0.015625
0 0.045000 0.410000 0.015625 0.015625
0 0.085000 0.446000 0.015625 0.015625
0 0.468000 0.447000 0.015625 0.015625
0 0.009000 0.454000 0.015625 0.015625
0 0.770000 0.461000 0.015625 0.015625
0 0.156000 0.466000 0.015625 0.015625
0 0.532000 0.477000 0.015625 0.015625
0 0.214000 0.496000 0.015625 0.015625
0 0.108000 0.505000 0.015625 0.015625
0 0.316000 0.514000 0.015625 0.015625
0 0.338000 0.548000 0.015625 0.015625
0 0.574000 0.579000 0.015625 0.015625
0 0.714000 0.611000 0.015625 0.015625
0 0.493000 0.616000 0.015625 0.015625
0 0.642000 0.634000 0.015625 0.015625
0 0.158000 0.642000 0.015625 0.015625
0 0.794000 0.708000 0.015625 0.015625
0 0.057000 0.714000 0.015625 0.015625
0 0.213000 0.716000 0.015625 0.015625
0 0.169000 0.729000 0.015625 0.015625
0 0.476000 0.732000 0.015625 0.015625
0 0.720000 0.766000 0.015625 0.015625
0 0.902000 0.774000 0.015625 0.015625
0 0.281000 0.792000 0.015625 0.015625
0 0.626000 0.796000 0.015625 0.015625
0 0.586000 0.802000 0.015625 0.015625
0 0.530000 0.808000 0.015625 0.015625
0 0.182000 0.818000 0.015625 0.015625
0 0.666000 0.846000 0.015625 0.015625
0 0.946000 0.850000 0.015625 0.015625
0 0.780000 0.862000 0.015625 0.015625
0 0.065000 0.870000 0.015625 0.015625
0 0.181000 0.876000 0.015625 0.015625
0 0.886000 0.882000 0.015625 0.015625
0 0.422000 0.884000 0.015625 0.015625
0 0.458000 0.886000 0.015625 0.015625
0 0.992000 0.936000 0.015625 0.015625
0 0.501000 0.958000 0.015625 0.015625
0 0.358000 0.968000 0.015625 0.015625
0 0.194000 0.994000 0.015625 0.015625
0 0.080595 0.417840 0.015625 0.015625
