0 0.250000 0.008000 0.015625 0.015625
0 0.538000 0.028000 0.015625 0.015625
0 0.496000 0.032000 0.015625 0.015625
0 0.792000 0.042000 0.015625 0.015625
0 0.770000 0.100000 0.015625 0.015625
0 0.596000 0.106000 0.015625 0.015625
0 0.810000 0.108000 0.015625 0.015625
0 0.006000 0.132000 0.015625 0.015625
0 0.398000 0.136000 0.015625 0.015625
0 0.638000 0.214000 0.015625 0.015625
0 0.542000 0.248000 0.015625 0.015625
0 0.526000 0.278000 0.015625 0.015625
0 0.898000 0.338000 0.015625 0.015625
0 0.070000 0.376000 0.015625 0.015625
0 0.326000 0.394000 0.015625 0.015625
0 0.474000 0.406000 0.015625 0.015625
0 0.050000 0.414000 0.015625 0.015625
0 0.666000 0.420000 0.015625 0.015625
0 0.086000 0.448000 0.015625 0.015625
0 0.010000 0.452000 0.015625 0.015625
0 0.208000 0.486000 0.015625 0.015625
0 0.234000 0.490000 0.015625 0.015625
0 0.154000 0.500000 0.015625 0.015625
0 0.382000 0.506000 0.015625 0.015625
0 0.190000 0.524000 0.015625 0.015625
0 0.690000 0.556000 0.015625 0.015625
0 0.742000 0.564000 0.015625 0.015625
0 0.736000 0.630000 0.015625 0.015625
0 0.602000 0.632000 0.015625 0.015625
0 0.238000 0.656000 0.015625 0.015625
0 0.346000 0.660000 0.015625 0.015625
0 0.424000 0.670000 0.015625 0.015625
0 0.116000 0.746000 0.015625 0.015625
0 0.326000 0.748000 0.015625 0.015625
0 0.992000 0.772000 0.015625 0.015625
0 0.714000 0.780000 0.015625 0.015625
0 0.508000 0.784000 0.015625 0.015625
0 0.576000 0.792000 0.015625 0.015625
0 0.794000 0.814000 0.015625 0.015625
0 0.708000 0.818000 0.015625 0.015625
0 0.914000 0.848000 0.015625 0.015625
0 0.736000 0.852000 0.015625 0.015625
0 0.960000 0.892000 0.015625 0.015625
0 0.346000 0.932000 0.015625 0.015625
0 0.590000 0.936000 0.015625 0.015625
0 0.230000 0.954000 0.015625 0.015625
0 0.514000 0.970000 0.015625 0.015625
0 0.350000 0.980000 0.015625 0.015625
0 0.210485 0.010955 0.015625 0.015625
