0 0.789063 0.032813 0.015625 0.015625
0 0.553125 0.046875 0.015625 0.015625
0 0.515625 0.064063 0.015625 0.015625
0 0.590625 0.098438 0.015625 0.015625
0 0.810938 0.114063 0.015625 0.015625
0 0.006250 0.132813 0.015625 0.015625
0 0.375000 0.164063 0.015625 0.015625
0 0.504688 0.189063 0.015625 0.015625
0 0.695313 0.203125 0.015625 0.015625
0 0.495313 0.250000 0.015625 0.015625
0 0.003125 0.257813 0.015625 0.015625
0 0.895313 0.334375 0.015625 0.015625
0 0.057813 0.373438 0.015625 0.015625
0 0.300000 0.382813 0.015625 0.015625
0 0.045313 0.409375 0.015625 0.015625
0 0.670313 0.409375 0.015625 0.015625
0 0.470313 0.418750 0.015625 0.015625
0 0.073438 0.446875 0.015625 0.015625
0 0.006250 0.453125 0.015625 0.015625
0 0.359375 0.482813 0.015625 0.015625
0 0.201563 0.490625 0.015625 0.015625
0 0.384375 0.507813 0.015625 0.015625
0 0.579688 0.514063 0.015625 0.015625
0 0.385938 0.525000 0.015625 0.015625
0 0.234375 0.556250 0.015625 0.015625
0 0.734375 0.570313 0.015625 0.015625
0 0.579688 0.589063 0.015625 0.015625
0 0.450000 0.635938 0.015625 0.015625
0 0.425000 0.673438 0.015625 0.015625
0 0.800000 0.682813 0.015625 0.015625
0 0.834375 0.698438 0.015625 0.015625
0 0.085938 0.723438 0.015625 0.015625
0 0.429688 0.731250 0.015625 0.015625
0 0.250000 0.768750 0.015625 0.015625
0 0.775000 0.773438 0.015625 0.015625
0 0.715625 0.779688 0.015625 0.015625
0 0.504688 0.796875 0.015625 0.015625
0 0.575000 0.796875 0.015625 0.015625
0 0.709375 0.820313 0.015625 0.015625
0 0.929688 0.820313 0.015625 0.015625
0 0.304688 0.870313 0.015625 0.015625
0 0.928125 0.878125 0.015625 0.015625
0 0.995313 0.926563 0.015625 0.015625
0 0.345313 0.931250 0.015625 0.015625
0 0.595313 0.935938 0.015625 0.015625
0 0.478125 0.957813 0.015625 0.015625
0 0.357813 0.967188 0.015625 0.015625
0 0.484375 0.982813 0.015625 0.015625
0 0.205008 0.012520 0.015625 0.015625
0 0.247261 0.017214 0.015625 0.015625
0 0.076682 0.424100 0.015625 0.015625
