0 0.450000 0.005000 0.015625 0.015625
0 0.245000 0.008000 0.015625 0.015625
0 0.785000 0.023000 0.015625 0.015625
0 0.553000 0.061000 0.015625 0.015625
0 0.589000 0.113000 0.015625 0.015625
0 0.163000 0.133000 0.015625 0.015625
0 0.545000 0.135000 0.015625 0.015625
0 0.901000 0.145000 0.015625 0.015625
0 0.765000 0.165000 0.015625 0.015625
0 0.605000 0.169000 0.015625 0.015625
0 0.293000 0.205000 0.015625 0.015625
0 0.897000 0.243000 0.015625 0.015625
0 0.965000 0.247000 0.015625 0.015625
0 0.909000 0.283000 0.015625 0.015625
0 0.569000 0.315000 0.015625 0.015625
0 0.353000 0.347000 0.015625 0.015625
0 0.065000 0.381000 0.015625 0.015625
0 0.409000 0.401000 0.015625 0.015625
0 0.081000 0.449000 0.015625 0.015625
0 0.009000 0.453000 0.015625 0.015625
0 0.149000 0.453000 0.015625 0.015625
0 0.559000 0.485000 0.015625 0.015625
0 0.209000 0.495000 0.015625 0.015625
0 0.309000 0.515000 0.015625 0.015625
0 0.373000 0.525000 0.015625 0.015625
0 0.329000 0.551000 0.015625 0.015625
0 0.747000 0.575000 0.015625 0.015625
0 0.667000 0.577000 0.015625 0.015625
0 0.201000 0.617000 0.015625 0.015625
0 0.073000 0.679000 0.015625 0.015625
0 0.577000 0.689000 0.015625 0.015625
0 0.189000 0.705000 0.015625 0.015625
0 0.463000 0.721000 0.015625 0.015625
0 0.033000 0.743000 0.015625 0.015625
0 0.733000 0.767000 0.015625 0.015625
0 0.923000 0.769000 0.015625 0.015625
0 0.165000 0.773000 0.015625 0.015625
0 0.657000 0.777000 0.015625 0.015625
0 0.879000 0.785000 0.015625 0.015625
0 0.593000 0.797000 0.015625 0.015625
0 0.533000 0.803000 0.015625 0.015625
0 0.181000 0.815000 0.015625 0.015625
0 0.750000 0.830000 0.015625 0.015625
0 0.225000 0.835000 0.015625 0.015625
0 0.381000 0.857000 0.015625 0.015625
0 0.825000 0.869000 0.015625 0.015625
0 0.943000 0.881000 0.015625 0.015625
0 0.805000 0.883000 0.015625 0.015625
0 0.753000 0.889000 0.015625 0.015625
0 0.553000 0.929000 0.015625 0.015625
0 0.393000 0.959000 0.015625 0.015625
0 0.533000 0.979000 0.015625 0.015625
0 0.201095 0.016432 0.015625 0.015625
