0 0.104000 0.009000 0.015625 0.015625
0 0.216000 0.012000 0.015625 0.015625
0 0.550000 0.013000 0.015625 0.015625
0 0.242000 0.042000 0.015625 0.015625
0 0.790000 0.044000 0.015625 0.015625
0 0.464000 0.070000 0.015625 0.015625
0 0.572000 0.114000 0.015625 0.015625
0 0.660000 0.146000 0.015625 0.015625
0 0.766000 0.150000 0.015625 0.015625
0 0.882000 0.182000 0.015625 0.015625
0 0.526000 0.217000 0.015625 0.015625
0 0.304000 0.226000 0.015625 0.015625
0 0.904000 0.276000 0.015625 0.015625
0 0.924000 0.288000 0.015625 0.015625
0 0.476000 0.328000 0.015625 0.015625
0 0.248000 0.350000 0.015625 0.015625
0 0.066000 0.380000 0.015625 0.015625
0 0.050000 0.410000 0.015625 0.015625
0 0.086000 0.448000 0.015625 0.015625
0 0.534000 0.449000 0.015625 0.015625
0 0.012000 0.453000 0.015625 0.015625
0 0.146000 0.469000 0.015625 0.015625
0 0.694000 0.470000 0.015625 0.015625
0 0.096000 0.486000 0.015625 0.015625
0 0.208000 0.500000 0.015625 0.015625
0 0.162000 0.509000 0.015625 0.015625
0 0.312000 0.517000 0.015625 0.015625
0 0.332000 0.553000 0.015625 0.015625
0 0.486000 0.556000 0.015625 0.015625
0 0.474000 0.636000 0.015625 0.015625
0 0.690000 0.668000 0.015625 0.015625
0 0.054000 0.695000 0.015625 0.015625
0 0.174000 0.699000 0.015625 0.015625
0 0.150000 0.713000 0.015625 0.015625
0 0.262000 0.727000 0.015625 0.015625
0 0.474000 0.730000 0.015625 0.015625
0 0.586000 0.754000 0.015625 0.015625
0 0.726000 0.756000 0.015625 0.015625
0 0.900000 0.776000 0.015625 0.015625
0 0.658000 0.794000 0.015625 0.015625
0 0.186000 0.812000 0.015625 0.015625
0 0.726000 0.816000 0.015625 0.015625
0 0.022000 0.820000 0.015625 0.015625
0 0.534000 0.828000 0.015625 0.015625
0 0.162000 0.848000 0.015625 0.015625
0 0.790000 0.860000 0.015625 0.015625
0 0.422000 0.878000 0.015625 0.015625
0 0.874000 0.904000 0.015625 0.015625
0 0.402000 0.928000 0.015625 0.015625
0 0.518000 0.946000 0.015625 0.015625
0 0.386000 0.984000 0.015625 0.015625
0 0.075117 0.427230 0.015625 0.015625
