0 0.245313 0.014063 0.015625 0.015625
0 0.575000 0.021875 0.015625 0.015625
0 0.796875 0.045313 0.015625 0.015625
0 0.604688 0.103125 0.015625 0.015625
0 0.959375 0.110938 0.015625 0.015625
0 0.553125 0.151563 0.015625 0.015625
0 0.598438 0.165625 0.015625 0.015625
0 0.795313 0.173438 0.015625 0.015625
0 0.428125 0.256250 0.015625 0.015625
0 0.893750 0.259375 0.015625 0.015625
0 0.223438 0.275000 0.015625 0.015625
0 0.715625 0.315625 0.015625 0.015625
0 0.904688 0.335938 0.015625 0.015625
0 0.060938 0.382813 0.015625 0.015625
0 0.456250 0.401563 0.015625 0.015625
0 0.428125 0.428125 0.015625 0.015625
0 0.620313 0.432813 0.015625 0.015625
0 0.292188 0.450000 0.015625 0.015625
0 0.014063 0.464063 0.015625 0.015625
0 0.779688 0.467188 0.015625 0.015625
0 0.040625 0.470313 0.015625 0.015625
0 0.165625 0.484375 0.015625 0.015625
0 0.218750 0.507813 0.015625 0.015625
0 0.128125 0.515625 0.015625 0.015625
0 0.257813 0.529688 0.015625 0.015625
0 0.317188 0.542188 0.015625 0.015625
0 0.328125 0.587500 0.015625 0.015625
0 0.728125 0.612500 0.015625 0.015625
0 0.164063 0.618750 0.015625 0.015625
0 0.554688 0.621875 0.015625 0.015625
0 0.771875 0.642188 0.015625 0.015625
0 0.770313 0.712500 0.015625 0.015625
0 0.464063 0.717188 0.015625 0.015625
0 0.157813 0.731250 0.015625 0.015625
0 0.726563 0.779688 0.015625 0.015625
0 0.879688 0.779688 0.015625 0.015625
0 0.107813 0.798438 0.015625 0.015625
0 0.520313 0.806250 0.015625 0.015625
0 0.581250 0.810938 0.015625 0.015625
0 0.785938 0.814063 0.015625 0.015625
0 0.912500 0.821875 0.015625 0.015625
0 0.370313 0.862500 0.015625 0.015625
0 0.421875 0.865625 0.015625 0.015625
0 0.762500 0.868750 0.015625 0.015625
0 0.626563 0.884375 0.015625 0.015625
0 0.939063 0.937500 0.015625 0.015625
0 0.323438 0.953125 0.015625 0.015625
0 0.821875 0.959375 0.015625 0.015625
0 0.514063 0.987500 0.015625 0.015625
0 0.200313 0.013302 0.015625 0.015625
0 0.073552 0.440532 0.015625 0.015625
0 0.078247 0.416275 0.015625 0.015625
