0 0.860146 0.899121 0.017213 0.017305
0 0.524870 0.102124 0.017198 0.017063
0 0.309051 0.148916 0.017268 0.016831
0 0.598148 0.721151 0.017129 0.016965
0 0.316184 0.278795 0.017222 0.016862
0 0.057126 0.283968 0.016939 0.017065
0 0.298998 0.497279 0.017058 0.016887
0 0.656760 0.585901 0.016886 0.016833
0 0.626786 0.744915 0.016919 0.016777
0 0.484087 0.420547 0.016813 0.016701
0 0.288781 0.381336 0.016804 0.016548
0 0.567400 0.651550 0.016728 0.016621
0 0.567029 0.161921 0.016780 0.016520
0 0.610685 0.088201 0.016644 0.016600
0 0.649976 0.809727 0.016529 0.016562
0 0.818635 0.133486 0.016502 0.016577
0 0.622860 0.371350 0.016518 0.016458
0 0.891120 0.506063 0.016617 0.016343
0 0.331734 0.188704 0.016389 0.016542
0 0.629007 0.401287 0.016515 0.016414
0 0.045718 0.163911 0.016806 0.016071
0 0.499845 0.913490 0.016439 0.016423
0 0.092363 0.973874 0.016456 0.016365
0 0.110838 0.575489 0.016392 0.016404
0 0.493514 0.245342 0.016446 0.016295
0 0.359750 0.079066 0.016345 0.016391
0 0.651340 0.911394 0.016310 0.016340
0 0.260393 0.462860 0.016472 0.016116
0 0.574761 0.864785 0.016231 0.016277
0 0.979972 0.168816 0.016309 0.016152
0 0.626894 0.279993 0.016277 0.016166
0 0.061454 0.869107 0.016294 0.016046
0 0.771132 0.848043 0.016105 0.016234
0 0.212303 0.777116 0.016144 0.016192
0 0.056196 0.023801 0.016017 0.016302
0 0.055869 0.759375 0.016106 0.016178
0 0.254020 0.204615 0.016310 0.015964
0 0.489765 0.210298 0.016220 0.016047
0 0.055711 0.639263 0.016135 0.016108
0 0.092396 0.311901 0.016147 0.016096
0 0.915519 0.240688 0.016190 0.016041
0 0.148278 0.936479 0.015985 0.016246
0 0.186541 0.214303 0.016109 0.016103
0 0.514573 0.714921 0.016195 0.016006
0 0.817024 0.698199 0.016167 0.016028
0 0.605836 0.344216 0.016014 0.016178
0 0.347134 0.991307 0.016401 0.015780
0 0.245474 0.552744 0.016092 0.016068
0 0.437782 0.312542 0.016127 0.016005
0 0.697991 0.831672 0.016018 0.016082
0 0.615742 0.531880 0.016206 0.015862
0 0.343897 0.731543 0.015875 0.016157
0 0.035387 0.532696 0.015980 0.015984
0 0.496882 0.608636 0.016028 0.015869
0 0.419652 0.519958 0.016292 0.015565
0 0.669656 0.980297 0.015860 0.015979
0 0.538778 0.612970 0.015956 0.015863
0 0.953816 0.492702 0.016117 0.015671
0 0.746620 0.506243 0.015884 0.015900
0 0.504983 0.539486 0.015950 0.015820
0 0.732576 0.596335 0.015800 0.015936
0 0.120642 0.817297 0.015852 0.015869
0 0.233683 0.380016 0.015948 0.015773
0 0.646349 0.425772 0.015882 0.015836
0 0.879890 0.269146 0.015823 0.015890
0 0.185704 0.113914 0.015861 0.015850
0 0.766054 0.314089 0.015977 0.015721
0 0.618504 0.325472 0.016072 0.015626
0 0.105083 0.675877 0.015904 0.015720
0 0.374204 0.400283 0.015843 0.015755
0 0.879590 0.331404 0.015771 0.015810
0 0.321851 0.664242 0.015840 0.015717
0 0.547787 0.377644 0.015913 0.015643
0 0.557975 0.515819 0.015829 0.015694
0 0.225295 0.294019 0.015779 0.015743
0 0.831723 0.109527 0.015884 0.015633
0 0.412615 0.562878 0.015712 0.015804
0 0.131079 0.650282 0.015897 0.015580
0 0.567948 0.207151 0.015830 0.015616
0 0.422241 0.646092 0.015818 0.015604
0 0.543801 0.321563 0.015749 0.015660
0 0.525923 0.290031 0.015654 0.015750
0 0.888667 0.585776 0.015780 0.015613
0 0.660972 0.681803 0.015730 0.015656
0 0.890974 0.400032 0.015782 0.015546
0 0.518456 0.825015 0.015739 0.015586
0 0.022529 0.130000 0.015820 0.015492
0 0.785845 0.984747 0.015653 0.015584
0 0.448824 0.769666 0.015647 0.015562
0 0.876462 0.835559 0.015748 0.015435
0 0.217596 0.809212 0.015802 0.015348
0 0.744926 0.157539 0.015453 0.015617
0 0.758554 0.358172 0.015589 0.015444
0 0.783232 0.704030 0.015710 0.015318
0 0.716616 0.756867 0.015555 0.015449
0 0.170147 0.559154 0.015550 0.015424
0 0.746368 0.088202 0.015695 0.015270
0 0.179620 0.612797 0.015600 0.015310
0 0.887602 0.104627 0.015509 0.015389
0 0.660219 0.655468 0.015366 0.015465
0 0.376569 0.504407 0.015531 0.015266
0 0.773889 0.761943 0.015354 0.015419
0 0.365578 0.902384 0.015422 0.015344
0 0.225081 0.871174 0.015415 0.015339
0 0.059714 0.706306 0.015277 0.015473
0 0.487742 0.761974 0.015469 0.015226
0 0.576771 0.789854 0.015335 0.015349
0 0.188842 0.468548 0.015417 0.015259
0 0.674655 0.501050 0.015317 0.015326
0 0.865022 0.677636 0.015232 0.015386
0 0.012473 0.961132 0.015309 0.015281
0 0.021806 0.916404 0.015421 0.015162
0 0.912553 0.835534 0.015326 0.015252
0 0.726295 0.220996 0.015201 0.015358
0 0.558956 0.731507 0.015296 0.015239
0 0.761008 0.777179 0.015215 0.015312
0 0.471286 0.893989 0.015367 0.015139
0 0.930217 0.178010 0.015290 0.015211
0 0.162436 0.662590 0.015314 0.015142
0 0.992550 0.369140 0.014587 0.015891
0 0.283581 0.801572 0.015276 0.015130
0 0.037832 0.194145 0.015204 0.015134
0 0.397495 0.862391 0.015165 0.015119
0 0.236797 0.024850 0.015161 0.015051
0 0.888569 0.640858 0.014983 0.015183
0 0.040960 0.702324 0.015135 0.015028
0 0.251042 0.354910 0.015211 0.014928
0 0.378716 0.713755 0.015227 0.014858
0 0.967640 0.666462 0.015147 0.014809
0 0.794310 0.277392 0.014947 0.014992
0 0.836380 0.313362 0.014679 0.014980
0 0.923807 0.494171 0.014616 0.014924
0 0.992983 0.791769 0.013984 0.015470
0 0.373747 0.582749 0.014779 0.014620
0 0.006285 0.504506 0.012384 0.015305
0 0.005547 0.808559 0.011095 0.017011
0 0.005615 0.332254 0.011230 0.016361
0 0.005404 0.363646 0.010808 0.016958
0 0.648150 0.004587 0.016497 0.009173
0 0.321146 0.002704 0.015686 0.005397
0 0.002205 0.598148 0.004410 0.016891
0 0.997676 0.135914 0.004649 0.013923
