0 0.084368 0.848950 0.017213 0.017221
0 0.016074 0.075627 0.017038 0.017226
0 0.290002 0.480465 0.016737 0.016736
0 0.127458 0.565706 0.016742 0.016675
0 0.596430 0.370417 0.016913 0.016439
0 0.336028 0.106725 0.016615 0.016576
0 0.322476 0.935968 0.016603 0.016539
0 0.210074 0.167559 0.016502 0.016594
0 0.617972 0.511276 0.016633 0.016451
0 0.578929 0.112889 0.016588 0.016383
0 0.955415 0.602510 0.016613 0.016303
0 0.454436 0.314131 0.016318 0.016218
0 0.043092 0.052236 0.016346 0.016186
0 0.617492 0.325615 0.016513 0.016022
0 0.616996 0.533944 0.016154 0.016375
0 0.420368 0.170296 0.016337 0.016173
0 0.466050 0.510830 0.016835 0.015670
0 0.561722 0.725201 0.016485 0.015986
0 0.605712 0.015082 0.016194 0.016245
0 0.880525 0.581419 0.016372 0.016068
0 0.021202 0.380165 0.016288 0.016147
0 0.107970 0.699814 0.016266 0.016165
0 0.616179 0.699828 0.016301 0.016110
0 0.082374 0.514814 0.016308 0.016083
0 0.306052 0.344384 0.016165 0.016224
0 0.101346 0.221515 0.016140 0.016211
0 0.619722 0.164280 0.016197 0.016135
0 0.692294 0.740991 0.016286 0.016015
0 0.279766 0.236525 0.016274 0.015950
0 0.592510 0.309448 0.016371 0.015841
0 0.232709 0.708594 0.016108 0.016069
0 0.808831 0.294140 0.016101 0.016038
0 0.029382 0.141096 0.016287 0.015829
0 0.112329 0.294856 0.016050 0.016054
0 0.639631 0.719646 0.016079 0.016004
0 0.596152 0.392985 0.016146 0.015900
0 0.068740 0.665782 0.016039 0.016004
0 0.725141 0.097422 0.015911 0.016120
0 0.151088 0.212388 0.016044 0.015970
0 0.235004 0.377073 0.016010 0.015998
0 0.440183 0.269357 0.016137 0.015841
0 0.465710 0.758851 0.016033 0.015881
0 0.591708 0.168958 0.015954 0.015958
0 0.490469 0.984278 0.015870 0.016006
0 0.475406 0.406570 0.015849 0.016002
0 0.409126 0.563984 0.016025 0.015811
0 0.712618 0.650340 0.016015 0.015794
0 0.471503 0.939207 0.015774 0.016018
0 0.730285 0.217577 0.015894 0.015893
0 0.731742 0.139314 0.015964 0.015732
0 0.008642 0.955239 0.015766 0.015906
0 0.830977 0.348468 0.015914 0.015698
0 0.116690 0.840325 0.015874 0.015734
0 0.525269 0.235697 0.015935 0.015613
0 0.202599 0.095481 0.015846 0.015698
0 0.533413 0.288460 0.015580 0.015960
0 0.168845 0.565271 0.015796 0.015697
0 0.764340 0.866334 0.015858 0.015630
0 0.524040 0.623785 0.015832 0.015645
0 0.975096 0.204326 0.015642 0.015829
0 0.649816 0.584962 0.015763 0.015692
0 0.508056 0.539939 0.015741 0.015700
0 0.794098 0.269477 0.015600 0.015835
0 0.464718 0.731029 0.015753 0.015663
0 0.034523 0.534277 0.015725 0.015599
0 0.660584 0.660573 0.015782 0.015538
0 0.657903 0.381848 0.015806 0.015470
0 0.737628 0.316006 0.015538 0.015698
0 0.379045 0.894800 0.015516 0.015642
0 0.179254 0.611522 0.015797 0.015363
0 0.282960 0.800916 0.015610 0.015544
0 0.944267 0.258128 0.015621 0.015528
0 0.779812 0.354442 0.015832 0.015312
0 0.231413 0.830045 0.015659 0.015481
0 0.548399 0.844092 0.015670 0.015421
0 0.543130 0.200847 0.015591 0.015481
0 0.919147 0.573048 0.015619 0.015427
0 0.193572 0.683330 0.015469 0.015566
0 0.715989 0.761156 0.015633 0.015385
0 0.089846 0.992863 0.017018 0.014080
0 0.342038 0.523900 0.015671 0.015259
0 0.446634 0.630985 0.015546 0.015357
0 0.525124 0.741448 0.015459 0.015416
0 0.828998 0.317734 0.015585 0.015234
0 0.857959 0.652571 0.015479 0.015308
0 0.329791 0.497109 0.015330 0.015454
0 0.670658 0.122632 0.015616 0.015167
0 0.604008 0.742767 0.015533 0.015236
0 0.237677 0.090417 0.015429 0.015338
0 0.007321 0.743547 0.014630 0.016058
0 0.822797 0.737702 0.015340 0.015313
0 0.406075 0.463872 0.015384 0.015257
0 0.965867 0.666665 0.015466 0.015152
0 0.234884 0.878706 0.015299 0.015315
0 0.888159 0.397004 0.015292 0.015299
0 0.884036 0.513326 0.015340 0.015246
0 0.157833 0.379531 0.015408 0.015131
0 0.663266 0.909265 0.015178 0.015353
0 0.797890 0.754852 0.015384 0.015128
0 0.975183 0.758363 0.015292 0.015205
0 0.462965 0.905357 0.015175 0.015314
0 0.172256 0.461374 0.015364 0.015019
0 0.895145 0.268561 0.015137 0.015236
0 0.645516 0.913524 0.015065 0.015295
0 0.329987 0.665708 0.015132 0.015220
0 0.193105 0.361421 0.015385 0.014940
0 0.860572 0.679052 0.015351 0.014961
0 0.988598 0.396245 0.015187 0.015103
0 0.077238 0.604850 0.014964 0.015309
0 0.249798 0.064241 0.015150 0.015120
0 0.441900 0.898227 0.015231 0.015036
0 0.755189 0.674316 0.015300 0.014967
0 0.979192 0.554182 0.015331 0.014902
0 0.822375 0.919950 0.015151 0.015070
0 0.831469 0.812087 0.015038 0.015181
0 0.670053 0.498302 0.015253 0.014904
0 0.393344 0.686255 0.015199 0.014905
0 0.644303 0.424551 0.015107 0.014985
0 0.218481 0.939358 0.015108 0.014863
0 0.348235 0.816651 0.015110 0.014816
0 0.574355 0.789582 0.014822 0.015010
0 0.254044 0.810007 0.014997 0.014690
0 0.744126 0.506661 0.014861 0.014713
0 0.853780 0.091915 0.015100 0.014463
0 0.535234 0.719434 0.014714 0.014819
0 0.885030 0.157810 0.014750 0.014771
0 0.449693 0.507373 0.014719 0.014787
0 0.359930 0.006198 0.017508 0.012395
0 0.253690 0.552750 0.014808 0.014598
0 0.879367 0.841656 0.014863 0.014235
0 0.037219 0.211288 0.014572 0.014423
0 0.044005 0.703679 0.014422 0.014543
0 0.397955 0.611727 0.014590 0.014235
0 0.635130 0.004538 0.016848 0.009077
0 0.997811 0.134359 0.004378 0.013157
