0 0.028983 0.387124 0.018824 0.017356
0 0.299847 0.493948 0.017307 0.017102
0 0.115038 0.539047 0.017088 0.017144
0 0.068248 0.854375 0.017079 0.017130
0 0.772233 0.825069 0.017114 0.017021
0 0.861441 0.697166 0.016905 0.016963
0 0.116019 0.637522 0.016982 0.016764
0 0.803918 0.918447 0.016711 0.016418
0 0.610099 0.208278 0.016504 0.016519
0 0.175234 0.203618 0.016398 0.016498
0 0.281913 0.948478 0.016558 0.016325
0 0.613136 0.113290 0.016202 0.016659
0 0.203894 0.801164 0.016529 0.016303
0 0.093844 0.659202 0.016433 0.016357
0 0.847336 0.765878 0.016373 0.016381
0 0.899235 0.500541 0.016362 0.016148
0 0.637342 0.108285 0.016036 0.016393
0 0.008422 0.752615 0.015709 0.016691
0 0.143724 0.661150 0.016441 0.015907
0 0.666621 0.772284 0.016175 0.016160
0 0.876282 0.586599 0.016329 0.015981
0 0.327545 0.302819 0.016207 0.016085
0 0.676781 0.057443 0.016407 0.015851
0 0.573638 0.599090 0.016203 0.016042
0 0.018730 0.957768 0.016066 0.016152
0 0.317103 0.245754 0.016095 0.016092
0 0.108965 0.737140 0.016266 0.015860
0 0.153536 0.249861 0.016210 0.015888
0 0.776393 0.235954 0.016151 0.015919
0 0.474614 0.932519 0.015927 0.016125
0 0.255672 0.096759 0.016071 0.015980
0 0.350916 0.276407 0.016038 0.015993
0 0.542335 0.836561 0.016059 0.015964
0 0.426433 0.324393 0.016167 0.015810
0 0.647815 0.302972 0.016036 0.015939
0 0.670689 0.557629 0.015947 0.016012
0 0.799251 0.623821 0.016121 0.015813
0 0.983168 0.195973 0.016029 0.015884
0 0.167686 0.922451 0.016130 0.015755
0 0.241263 0.159802 0.015855 0.015925
0 0.479415 0.393258 0.015746 0.016014
0 0.580982 0.395111 0.015922 0.015832
0 0.125754 0.327674 0.015853 0.015895
0 0.399049 0.131411 0.016000 0.015711
0 0.778888 0.368504 0.015930 0.015738
0 0.232376 0.834579 0.015699 0.015940
0 0.179343 0.458868 0.015765 0.015835
0 0.526725 0.279203 0.015927 0.015623
0 0.980241 0.549980 0.015864 0.015615
0 0.718992 0.760717 0.015743 0.015677
0 0.199870 0.652407 0.015810 0.015608
0 0.616998 0.531401 0.015725 0.015636
0 0.673628 0.357195 0.015689 0.015639
0 0.298833 0.125194 0.015616 0.015655
0 0.616829 0.324818 0.015847 0.015422
0 0.851212 0.285818 0.015656 0.015608
0 0.282820 0.800831 0.015687 0.015577
0 0.022016 0.541702 0.015678 0.015582
0 0.630847 0.895606 0.015694 0.015566
0 0.576000 0.660198 0.015706 0.015554
0 0.875686 0.835180 0.015567 0.015685
0 0.724377 0.645226 0.015694 0.015549
0 0.721268 0.092780 0.015633 0.015597
0 0.357055 0.540158 0.015599 0.015527
0 0.522766 0.181352 0.015363 0.015742
0 0.758992 0.259194 0.015614 0.015486
0 0.327052 0.770240 0.015539 0.015527
0 0.613100 0.364198 0.015580 0.015474
0 0.360623 0.183365 0.015499 0.015480
0 0.974241 0.591649 0.015600 0.015364
0 0.172447 0.491308 0.015471 0.015488
0 0.599476 0.575687 0.015595 0.015357
0 0.020729 0.837668 0.015501 0.015419
0 0.451101 0.691132 0.015413 0.015502
0 0.592186 0.768773 0.015468 0.015437
0 0.672391 0.721635 0.015367 0.015513
0 0.952715 0.844192 0.015423 0.015433
0 0.426115 0.839396 0.015429 0.015308
0 0.275629 0.507140 0.015359 0.015344
0 0.298694 0.465977 0.015701 0.014988
0 0.086595 0.016820 0.015289 0.015362
0 0.437590 0.773603 0.015246 0.015317
0 0.360507 0.474318 0.015381 0.015149
0 0.177798 0.614735 0.015288 0.015228
0 0.506033 0.540855 0.015339 0.015170
0 0.032389 0.697296 0.015384 0.015109
0 0.060398 0.707944 0.015214 0.015267
0 0.663004 0.659972 0.015237 0.015241
0 0.886389 0.549696 0.015149 0.015302
0 0.371976 0.884689 0.015285 0.015165
0 0.872097 0.343695 0.015235 0.015202
0 0.403766 0.624443 0.015381 0.015055
0 0.106057 0.394797 0.015148 0.015269
0 0.744372 0.505784 0.015131 0.015273
0 0.645514 0.425239 0.015248 0.015133
0 0.439579 0.495775 0.015162 0.015202
0 0.465127 0.514603 0.015193 0.015150
0 0.018303 0.216085 0.015150 0.015179
0 0.411991 0.565621 0.015196 0.015112
0 0.268205 0.566553 0.015437 0.014839
0 0.318751 0.665783 0.015180 0.015011
0 0.941966 0.395726 0.015112 0.015070
0 0.170999 0.563174 0.015210 0.014928
0 0.887244 0.402792 0.015054 0.015077
0 0.372915 0.707989 0.015006 0.015096
0 0.672588 0.500300 0.014977 0.015114
0 0.952102 0.226653 0.015208 0.014882
0 0.547306 0.707005 0.015284 0.014792
0 0.730837 0.219273 0.015101 0.014927
0 0.488389 0.602521 0.014868 0.015081
0 0.965722 0.665810 0.014993 0.014865
0 0.841908 0.131952 0.015014 0.014822
0 0.553884 0.732899 0.014996 0.014742
0 0.778342 0.351553 0.015074 0.014658
0 0.754075 0.159125 0.014839 0.014885
0 0.226865 0.380318 0.014866 0.014729
0 0.447441 0.947343 0.014645 0.014707
0 0.272733 0.006731 0.015997 0.013462
0 0.821421 0.252965 0.014657 0.014606
0 0.457633 0.441586 0.014758 0.014485
0 0.579142 0.791315 0.014768 0.014458
0 0.875486 0.066512 0.014615 0.014477
0 0.863251 0.676405 0.014453 0.014605
0 0.992732 0.236185 0.014103 0.014404
0 0.723102 0.560604 0.013857 0.013747
0 0.663865 0.994670 0.016507 0.010661
0 0.347931 0.005373 0.014404 0.010747
0 0.573617 0.994951 0.014713 0.010098
0 0.997411 0.108402 0.005178 0.012472
