0 0.132409 0.361545 0.018776 0.019286
0 0.456635 0.083325 0.017715 0.017642
0 0.183085 0.336410 0.017366 0.017455
0 0.501438 0.913916 0.017187 0.017374
0 0.872916 0.480318 0.017094 0.017381
0 0.083494 0.246940 0.017024 0.017205
0 0.769426 0.291288 0.017051 0.016828
0 0.640154 0.311918 0.016889 0.016865
0 0.029150 0.355996 0.017043 0.016643
0 0.192156 0.234601 0.016877 0.016641
0 0.741060 0.087493 0.016987 0.016487
0 0.321827 0.220814 0.016626 0.016819
0 0.609830 0.701075 0.016787 0.016597
0 0.559162 0.102733 0.016685 0.016603
0 0.318784 0.084442 0.016635 0.016645
0 0.643777 0.838866 0.016671 0.016534
0 0.840630 0.238645 0.016582 0.016484
0 0.587370 0.728119 0.016596 0.016436
0 0.032712 0.651396 0.016534 0.016487
0 0.227377 0.766282 0.016595 0.016425
0 0.527750 0.678409 0.016566 0.016450
0 0.091851 0.552977 0.016719 0.016263
0 0.561378 0.025278 0.016552 0.016408
0 0.188686 0.493687 0.016381 0.016518
0 0.305799 0.188561 0.016553 0.016257
0 0.929059 0.191014 0.016397 0.016388
0 0.403264 0.321135 0.016379 0.016358
0 0.306071 0.254861 0.016497 0.016187
0 0.070019 0.646873 0.016253 0.016419
0 0.662880 0.279835 0.016210 0.016448
0 0.179435 0.142752 0.016439 0.016215
0 0.328629 0.930911 0.016258 0.016291
0 0.667553 0.311666 0.016241 0.016287
0 0.377527 0.657003 0.016328 0.016194
0 0.603389 0.936767 0.016416 0.016060
0 0.732896 0.579526 0.016318 0.016078
0 0.554474 0.169857 0.016784 0.015607
0 0.309166 0.315913 0.016234 0.016132
0 0.307346 0.619973 0.016232 0.016131
0 0.537557 0.769282 0.016194 0.016164
0 0.552071 0.151153 0.016306 0.016051
0 0.623242 0.594354 0.016250 0.016102
0 0.246129 0.488519 0.016297 0.016053
0 0.746020 0.724764 0.016210 0.016022
0 0.015322 0.217899 0.016291 0.015923
0 0.591888 0.403924 0.016229 0.015919
0 0.408068 0.563577 0.016178 0.015946
0 0.617555 0.325412 0.016252 0.015833
0 0.529715 0.720974 0.016022 0.016051
0 0.985228 0.386298 0.016156 0.015898
0 0.494999 0.143273 0.016032 0.016020
0 0.207039 0.092982 0.016062 0.015939
0 0.497798 0.442689 0.015938 0.016041
0 0.554665 0.732425 0.016180 0.015766
0 0.922701 0.576207 0.016135 0.015792
0 0.007423 0.141763 0.014578 0.017444
0 0.921785 0.352811 0.015834 0.016038
0 0.837599 0.460184 0.015973 0.015878
0 0.682383 0.655358 0.015864 0.015963
0 0.877416 0.320136 0.015925 0.015886
0 0.198478 0.797092 0.015946 0.015852
0 0.900125 0.898039 0.015951 0.015834
0 0.685095 0.348400 0.015981 0.015803
0 0.771930 0.950857 0.015929 0.015843
0 0.330749 0.572716 0.015773 0.015998
0 0.043104 0.723361 0.015947 0.015810
0 0.172518 0.560428 0.015955 0.015782
0 0.008055 0.504971 0.015382 0.016359
0 0.079722 0.862417 0.015717 0.016005
0 0.505216 0.804994 0.016081 0.015630
0 0.683480 0.780676 0.015878 0.015810
0 0.782116 0.906957 0.015814 0.015842
0 0.936191 0.759582 0.015848 0.015784
0 0.623102 0.685061 0.015777 0.015847
0 0.636753 0.617938 0.015919 0.015662
0 0.950742 0.064518 0.015736 0.015816
0 0.226899 0.545389 0.015868 0.015660
0 0.059457 0.912530 0.015738 0.015778
0 0.516092 0.567631 0.015807 0.015585
0 0.141074 0.855896 0.015594 0.015782
0 0.728298 0.219590 0.015783 0.015571
0 0.855523 0.675278 0.015771 0.015556
0 0.911163 0.492935 0.015681 0.015640
0 0.753151 0.228951 0.015971 0.015355
0 0.008399 0.956948 0.015426 0.015872
0 0.703353 0.180821 0.015662 0.015594
0 0.232323 0.378908 0.015859 0.015396
0 0.924471 0.903542 0.015742 0.015489
0 0.687740 0.688722 0.015709 0.015509
0 0.753971 0.807053 0.015624 0.015592
0 0.553834 0.518521 0.015733 0.015474
0 0.158482 0.976661 0.015540 0.015666
0 0.745296 0.506319 0.015562 0.015622
0 0.180093 0.071552 0.015715 0.015456
0 0.388763 0.424312 0.015652 0.015518
0 0.389592 0.723995 0.015642 0.015520
0 0.771515 0.352203 0.015700 0.015427
0 0.881413 0.837064 0.015630 0.015482
0 0.209420 0.987145 0.015642 0.015460
0 0.386543 0.507116 0.015346 0.015756
0 0.893648 0.445770 0.015672 0.015408
0 0.172793 0.711070 0.015510 0.015568
0 0.824584 0.492483 0.015638 0.015432
0 0.166907 0.029512 0.015767 0.015264
0 0.704121 0.762085 0.015470 0.015537
0 0.505855 0.537995 0.015588 0.015406
0 0.496299 0.609176 0.015588 0.015340
0 0.295825 0.495620 0.015562 0.015350
0 0.368927 0.884585 0.015480 0.015429
0 0.405782 0.876230 0.015508 0.015392
0 0.578667 0.789549 0.015520 0.015359
0 0.645034 0.427057 0.015466 0.015412
0 0.961233 0.256778 0.015622 0.015233
0 0.463506 0.244172 0.015329 0.015435
0 0.701467 0.741531 0.015334 0.015388
0 0.880935 0.402775 0.015425 0.015285
0 0.756708 0.041574 0.015517 0.015157
0 0.966177 0.666039 0.015484 0.015162
0 0.965465 0.977780 0.015189 0.015290
0 0.033018 0.534279 0.015351 0.015126
0 0.879608 0.581267 0.015306 0.015141
0 0.618187 0.532014 0.015250 0.015172
0 0.178878 0.612219 0.015379 0.015019
0 0.307052 0.467859 0.015048 0.015202
0 0.358802 0.826424 0.015183 0.015063
0 0.365467 0.854564 0.015089 0.015088
0 0.131820 0.685608 0.015111 0.015013
0 0.523854 0.364474 0.014938 0.015153
0 0.303248 0.657274 0.014941 0.015111
0 0.673476 0.499826 0.014823 0.015227
0 0.281799 0.802001 0.015016 0.014843
0 0.063878 0.709115 0.014928 0.014913
0 0.980985 0.537256 0.014779 0.014956
0 0.768122 0.086825 0.014545 0.014480
0 0.648196 0.540900 0.014337 0.014510
0 0.005238 0.288506 0.010476 0.019501
0 0.034486 0.697172 0.014354 0.014231
0 0.002460 0.419008 0.004920 0.019467
0 0.842980 0.002940 0.015880 0.005879
0 0.655936 0.997689 0.015482 0.004623
