0 0.234987 0.421099 0.018041 0.018041
0 0.106042 0.897413 0.017243 0.017159
0 0.513381 0.936394 0.017035 0.017135
0 0.089099 0.334491 0.017141 0.016670
0 0.198110 0.376916 0.016882 0.016847
0 0.820565 0.241718 0.016652 0.016544
0 0.674305 0.648559 0.016386 0.016777
0 0.066317 0.360386 0.016452 0.016660
0 0.126117 0.718445 0.016343 0.016764
0 0.981880 0.269786 0.016795 0.016244
0 0.157478 0.213288 0.016581 0.016343
0 0.065035 0.241923 0.016510 0.016375
0 0.120879 0.567526 0.016472 0.016317
0 0.443141 0.080726 0.016582 0.016185
0 0.352488 0.951656 0.016490 0.016252
0 0.190407 0.471118 0.016439 0.016268
0 0.939222 0.168698 0.016258 0.016418
0 0.777018 0.909388 0.016383 0.016286
0 0.397152 0.272281 0.016317 0.016349
0 0.668777 0.722274 0.016372 0.016157
0 0.103979 0.969938 0.016201 0.016202
0 0.246241 0.196251 0.016190 0.016197
0 0.707545 0.117577 0.016339 0.016008
0 0.176612 0.975019 0.016258 0.016081
0 0.775845 0.013078 0.016154 0.016075
0 0.723585 0.732104 0.015876 0.016355
0 0.233945 0.373107 0.016282 0.015942
0 0.331269 0.414175 0.016213 0.016002
0 0.124898 0.500436 0.016164 0.015920
0 0.912971 0.900885 0.016082 0.015979
0 0.497451 0.166172 0.016029 0.015950
0 0.617939 0.532129 0.016076 0.015884
0 0.167143 0.561603 0.015906 0.015958
0 0.881837 0.474986 0.015955 0.015903
0 0.471683 0.632847 0.015795 0.016036
0 0.157048 0.101853 0.015929 0.015881
0 0.543786 0.667857 0.015867 0.015841
0 0.242789 0.555516 0.016080 0.015618
0 0.517893 0.682618 0.015997 0.015674
0 0.324524 0.084264 0.015783 0.015866
0 0.083743 0.675491 0.016073 0.015570
0 0.054662 0.665080 0.015808 0.015829
0 0.673987 0.283111 0.015991 0.015610
0 0.463263 0.140266 0.015845 0.015718
0 0.981231 0.125085 0.015948 0.015615
0 0.922080 0.427356 0.015937 0.015624
0 0.732818 0.103053 0.015669 0.015882
0 0.506952 0.449884 0.015810 0.015728
0 0.806559 0.625353 0.015737 0.015800
0 0.292830 0.534082 0.015616 0.015892
0 0.426477 0.479936 0.015778 0.015718
0 0.318134 0.257787 0.015769 0.015681
0 0.809651 0.705275 0.015796 0.015633
0 0.609911 0.714287 0.015741 0.015669
0 0.033686 0.532944 0.015691 0.015711
0 0.625863 0.821300 0.015692 0.015686
0 0.035287 0.699841 0.015760 0.015609
0 0.581446 0.214952 0.015725 0.015562
0 0.046752 0.776148 0.015676 0.015606
0 0.748100 0.244952 0.015350 0.015898
0 0.305250 0.466836 0.015622 0.015603
0 0.038497 0.475229 0.015686 0.015517
0 0.008047 0.901075 0.015258 0.015936
0 0.718560 0.762395 0.015528 0.015644
0 0.192136 0.794651 0.015565 0.015570
0 0.883201 0.835744 0.015715 0.015420
0 0.312363 0.343333 0.015574 0.015556
0 0.155666 0.870688 0.015535 0.015590
0 0.482077 0.804147 0.015819 0.015306
0 0.304580 0.612452 0.015664 0.015421
0 0.536003 0.720494 0.015586 0.015495
0 0.970042 0.960443 0.015540 0.015536
0 0.520694 0.645310 0.015565 0.015501
0 0.617865 0.326416 0.015538 0.015522
0 0.367860 0.723578 0.015747 0.015273
0 0.239547 0.089108 0.015501 0.015476
0 0.250158 0.731254 0.015481 0.015467
0 0.044832 0.821788 0.015527 0.015420
0 0.179636 0.612387 0.015588 0.015318
0 0.939603 0.781725 0.015734 0.015160
0 0.407745 0.839942 0.015445 0.015407
0 0.294137 0.492371 0.015535 0.015281
0 0.634406 0.540120 0.015637 0.015171
0 0.320527 0.663165 0.015399 0.015396
0 0.745690 0.506899 0.015341 0.015424
0 0.724386 0.221392 0.015357 0.015380
0 0.711240 0.509410 0.015333 0.015403
0 0.850073 0.087395 0.015425 0.015271
0 0.593222 0.667795 0.015489 0.015200
0 0.527633 0.393501 0.015287 0.015399
0 0.392257 0.824056 0.015433 0.015238
0 0.576918 0.789862 0.015431 0.015222
0 0.402500 0.565103 0.015312 0.015322
0 0.610164 0.378482 0.015269 0.015363
0 0.887726 0.398760 0.015474 0.015148
0 0.846820 0.346641 0.015431 0.015177
0 0.566988 0.112728 0.015385 0.015214
0 0.063837 0.708773 0.015375 0.015213
0 0.506254 0.540053 0.015339 0.015234
0 0.644319 0.424981 0.015288 0.015275
0 0.543110 0.860882 0.015378 0.015180
0 0.369183 0.905411 0.015205 0.015347
0 0.371312 0.587719 0.015372 0.015156
0 0.777853 0.349934 0.015312 0.015181
0 0.966740 0.666807 0.015458 0.015032
0 0.668762 0.496377 0.015275 0.015152
0 0.251096 0.484346 0.015174 0.015174
0 0.689148 0.140612 0.015188 0.015149
0 0.879533 0.580989 0.015232 0.015090
0 0.204581 0.091503 0.015295 0.015003
0 0.011108 0.962904 0.015326 0.014918
0 0.941002 0.551765 0.014973 0.015263
0 0.549859 0.533332 0.015172 0.015036
0 0.792196 0.935967 0.015174 0.014988
0 0.282424 0.801939 0.015121 0.015029
0 0.436458 0.722328 0.015132 0.014968
0 0.451787 0.233917 0.015137 0.014900
0 0.764046 0.802369 0.014939 0.015021
0 0.506884 0.762509 0.014903 0.015056
0 0.557744 0.737698 0.014896 0.014986
0 0.959064 0.501271 0.015018 0.014841
0 0.862097 0.677542 0.014947 0.014886
0 0.206029 0.671846 0.014912 0.014903
0 0.516370 0.316360 0.014989 0.014764
0 0.316603 0.690834 0.015019 0.014694
0 0.875728 0.520677 0.014848 0.014861
0 0.781326 0.787199 0.014983 0.014705
0 0.692327 0.974124 0.015038 0.014634
0 0.108967 0.741500 0.014936 0.014711
0 0.788709 0.498514 0.014870 0.014705
0 0.007690 0.007155 0.015380 0.014086
0 0.380961 0.253099 0.014761 0.014635
0 0.864554 0.271180 0.014587 0.014665
0 0.146895 0.022901 0.014648 0.014433
0 0.005978 0.154350 0.011957 0.016805
0 0.917282 0.443836 0.014108 0.014210
0 0.994885 0.352830 0.010230 0.015879
0 0.948153 0.994275 0.014182 0.011277
0 0.004276 0.107060 0.008552 0.016318
0 0.552419 0.003536 0.017189 0.007072
0 0.002317 0.584305 0.004634 0.017673
