0 0.276070 0.389506 0.017427 0.017481
0 0.615492 0.279045 0.017362 0.017150
0 0.297278 0.494336 0.017088 0.016876
0 0.566431 0.173042 0.017040 0.016653
0 0.526309 0.103398 0.016825 0.016831
0 0.091856 0.970182 0.016734 0.016722
0 0.180963 0.207437 0.016731 0.016567
0 0.923170 0.181787 0.016437 0.016827
0 0.350110 0.990053 0.016565 0.016695
0 0.589619 0.192904 0.016800 0.016400
0 0.253656 0.208104 0.016612 0.016563
0 0.578824 0.514110 0.016678 0.016461
0 0.651646 0.576460 0.016628 0.016311
0 0.109513 0.567789 0.016395 0.016525
0 0.581937 0.093090 0.016337 0.016541
0 0.545870 0.374524 0.016630 0.016240
0 0.057337 0.647721 0.016510 0.016301
0 0.220411 0.393432 0.016403 0.016366
0 0.377563 0.500508 0.016582 0.016147
0 0.441854 0.897614 0.016419 0.016287
0 0.026100 0.122359 0.016383 0.016321
0 0.288211 0.274761 0.016359 0.016337
0 0.056047 0.872917 0.016379 0.016314
0 0.914655 0.241566 0.016353 0.016302
0 0.401320 0.278672 0.016206 0.016317
0 0.642973 0.919996 0.016301 0.016206
0 0.033311 0.160420 0.016288 0.016144
0 0.650326 0.020099 0.016093 0.016327
0 0.845716 0.146630 0.016206 0.016202
0 0.905208 0.278895 0.016263 0.016144
0 0.622443 0.371932 0.016303 0.016082
0 0.822856 0.698421 0.016297 0.016083
0 0.867632 0.902592 0.016421 0.015946
0 0.071779 0.281916 0.016280 0.016048
0 0.976216 0.158341 0.016178 0.016142
0 0.229547 0.460285 0.016307 0.015994
0 0.891255 0.501679 0.016076 0.016213
0 0.107301 0.813068 0.016262 0.016017
0 0.919186 0.586019 0.016142 0.016103
0 0.170863 0.469663 0.015915 0.016325
0 0.616502 0.754521 0.016185 0.015978
0 0.754257 0.752528 0.016246 0.015891
0 0.507483 0.303625 0.016141 0.015975
0 0.609603 0.809512 0.016197 0.015893
0 0.536438 0.322249 0.016040 0.015986
0 0.724605 0.834787 0.015974 0.016039
0 0.045158 0.905641 0.015989 0.016004
0 0.616062 0.325043 0.016204 0.015775
0 0.349288 0.095019 0.015855 0.016098
0 0.509242 0.919441 0.016046 0.015899
0 0.579416 0.627948 0.015984 0.015917
0 0.236577 0.889414 0.015793 0.016066
0 0.881203 0.302278 0.015849 0.015992
0 0.022895 0.790061 0.016002 0.015820
0 0.217352 0.808832 0.015937 0.015877
0 0.327377 0.189517 0.015938 0.015850
0 0.277956 0.465422 0.015967 0.015817
0 0.617425 0.532532 0.015936 0.015843
0 0.324492 0.134673 0.015793 0.015962
0 0.907254 0.602748 0.015911 0.015825
0 0.086494 0.760698 0.015916 0.015818
0 0.174986 0.138544 0.016073 0.015655
0 0.630958 0.393692 0.015872 0.015849
0 0.079421 0.315510 0.015977 0.015694
0 0.879067 0.629291 0.016087 0.015579
0 0.500572 0.217407 0.015869 0.015789
0 0.216834 0.749539 0.016008 0.015637
0 0.739513 0.303360 0.015881 0.015746
0 0.734722 0.082212 0.015773 0.015806
0 0.723804 0.593924 0.015905 0.015641
0 0.644101 0.425368 0.015798 0.015742
0 0.231429 0.375362 0.015767 0.015738
0 0.886516 0.108641 0.015839 0.015645
0 0.646095 0.683379 0.015652 0.015822
0 0.411671 0.564409 0.015742 0.015731
0 0.745592 0.715579 0.015760 0.015645
0 0.797622 0.781697 0.015721 0.015676
0 0.011340 0.311807 0.015614 0.015740
0 0.725017 0.221490 0.015590 0.015758
0 0.511617 0.719784 0.015707 0.015593
0 0.890534 0.397990 0.015663 0.015620
0 0.356421 0.895677 0.015708 0.015546
0 0.966654 0.665760 0.015801 0.015429
0 0.872187 0.842482 0.015662 0.015504
0 0.746312 0.845804 0.015858 0.015309
0 0.561034 0.885591 0.015606 0.015404
0 0.245976 0.554404 0.015639 0.015359
0 0.558461 0.732550 0.015545 0.015435
0 0.228006 0.092621 0.015540 0.015435
0 0.211583 0.324104 0.015600 0.015345
0 0.037915 0.192520 0.015513 0.015431
0 0.092074 0.671513 0.015455 0.015479
0 0.673620 0.991218 0.015609 0.015324
0 0.022897 0.542471 0.015586 0.015322
0 0.944540 0.482160 0.015538 0.015333
0 0.673547 0.500203 0.015380 0.015463
0 0.283464 0.801893 0.015456 0.015342
0 0.864187 0.678221 0.015411 0.015371
0 0.582822 0.703080 0.015407 0.015364
0 0.712084 0.765852 0.015331 0.015399
0 0.517638 0.826770 0.015440 0.015233
0 0.531199 0.648050 0.015354 0.015304
0 0.147523 0.922971 0.015304 0.015331
0 0.178816 0.611572 0.015559 0.015062
0 0.318158 0.665500 0.015331 0.015282
0 0.925894 0.842601 0.015369 0.015206
0 0.578416 0.790789 0.015373 0.015192
0 0.394760 0.721351 0.015318 0.015237
0 0.006894 0.960930 0.013789 0.016917
0 0.412987 0.653018 0.015220 0.015321
0 0.467834 0.395564 0.015345 0.015166
0 0.385129 0.398352 0.015093 0.015375
0 0.842010 0.318068 0.015277 0.015180
0 0.462041 0.763373 0.015401 0.015011
0 0.061738 0.708403 0.015325 0.015061
0 0.744972 0.506030 0.015109 0.015237
0 0.144404 0.647701 0.015296 0.015042
0 0.536234 0.721507 0.015208 0.015117
0 0.802941 0.271255 0.015151 0.015136
0 0.504750 0.626780 0.015186 0.014983
0 0.236319 0.025001 0.015024 0.015061
0 0.779599 0.350267 0.015115 0.014917
0 0.431791 0.494427 0.015037 0.014988
0 0.028708 0.464023 0.014947 0.014958
0 0.356628 0.748982 0.015016 0.014886
0 0.751456 0.369473 0.014963 0.014904
0 0.167768 0.558774 0.014958 0.014902
0 0.878337 0.580067 0.014989 0.014859
0 0.130819 0.674996 0.014966 0.014627
0 0.921210 0.496647 0.015129 0.014431
0 0.505498 0.541221 0.014850 0.014565
0 0.374598 0.587768 0.014688 0.014564
0 0.749134 0.161490 0.014368 0.014823
0 0.664657 0.745961 0.014618 0.014455
0 0.992323 0.543516 0.013944 0.014450
0 0.698135 0.547877 0.013924 0.014027
0 0.553125 0.993283 0.014689 0.013150
0 0.006134 0.374023 0.012268 0.015632
0 0.994732 0.379202 0.010537 0.015139
0 0.323273 0.003797 0.016889 0.007579
0 0.079491 0.003332 0.019096 0.006664
0 0.003481 0.822374 0.006962 0.017155
0 0.997993 0.134702 0.004013 0.013855
