0 0.056252 0.314017 0.018640 0.018710
0 0.686934 0.593183 0.017117 0.017458
0 0.556666 0.733885 0.017317 0.017037
0 0.257762 0.577243 0.017052 0.017025
0 0.394445 0.503864 0.017045 0.016996
0 0.175933 0.415135 0.017167 0.016875
0 0.183440 0.354049 0.017009 0.016804
0 0.107218 0.765994 0.016955 0.016770
0 0.066868 0.917154 0.016860 0.016851
0 0.676835 0.331795 0.016841 0.016768
0 0.010453 0.015712 0.016831 0.016748
0 0.293553 0.499685 0.016914 0.016622
0 0.462543 0.795611 0.016639 0.016813
0 0.608445 0.386207 0.016652 0.016634
0 0.990935 0.174926 0.016148 0.017097
0 0.116878 0.652350 0.016687 0.016445
0 0.016873 0.251921 0.016544 0.016521
0 0.506443 0.642600 0.016550 0.016500
0 0.349277 0.989589 0.016632 0.016405
0 0.798499 0.243762 0.016556 0.016414
0 0.790662 0.028420 0.016551 0.016387
0 0.644575 0.276160 0.016596 0.016318
0 0.649251 0.677972 0.016389 0.016519
0 0.859151 0.394057 0.016611 0.016286
0 0.489566 0.861909 0.016585 0.016299
0 0.023352 0.658486 0.016500 0.016368
0 0.102464 0.554837 0.016487 0.016360
0 0.625841 0.580619 0.016428 0.016400
0 0.767719 0.111999 0.016392 0.016373
0 0.542440 0.369947 0.016335 0.016386
0 0.177028 0.945877 0.016379 0.016282
0 0.508044 0.957098 0.016507 0.016148
0 0.083750 0.658018 0.016489 0.016142
0 0.309348 0.639217 0.016345 0.016244
0 0.423065 0.075287 0.016490 0.016040
0 0.196744 0.452048 0.016250 0.016164
0 0.507760 0.690833 0.016387 0.016014
0 0.947717 0.541444 0.016085 0.016311
0 0.032633 0.531464 0.016106 0.016258
0 0.617905 0.327608 0.016311 0.016030
0 0.951017 0.594230 0.016123 0.016180
0 0.916743 0.442504 0.016323 0.015981
0 0.615272 0.756491 0.016029 0.016269
0 0.594973 0.266734 0.016134 0.016136
0 0.424461 0.757367 0.016176 0.016073
0 0.131271 0.877867 0.016103 0.016108
0 0.357332 0.266198 0.016234 0.015967
0 0.014340 0.960572 0.016076 0.016042
0 0.033711 0.406087 0.016153 0.015939
0 0.814868 0.819554 0.016157 0.015913
0 0.573543 0.549730 0.016369 0.015694
0 0.747685 0.729584 0.016087 0.015964
0 0.027335 0.507425 0.016036 0.015995
0 0.638536 0.812418 0.016015 0.015998
0 0.746717 0.922193 0.016031 0.015955
0 0.071057 0.195371 0.016366 0.015605
0 0.106766 0.502144 0.016096 0.015833
0 0.511827 0.201950 0.015846 0.016076
0 0.907754 0.910983 0.015947 0.015955
0 0.577257 0.115178 0.016069 0.015813
0 0.746560 0.505203 0.016053 0.015825
0 0.362908 0.702858 0.015887 0.015985
0 0.478283 0.450785 0.016067 0.015794
0 0.177591 0.116102 0.015912 0.015942
0 0.163431 0.245104 0.015939 0.015901
0 0.761321 0.680194 0.015941 0.015843
0 0.508341 0.535098 0.015889 0.015856
0 0.943256 0.199571 0.016010 0.015725
0 0.185350 0.790897 0.015850 0.015851
0 0.443309 0.650931 0.015966 0.015734
0 0.751168 0.974486 0.015894 0.015789
0 0.706989 0.758050 0.015990 0.015685
0 0.449805 0.140979 0.015994 0.015670
0 0.987579 0.312874 0.015981 0.015666
0 0.358539 0.899580 0.015845 0.015735
0 0.806969 0.906960 0.015897 0.015682
0 0.779123 0.810849 0.015906 0.015635
0 0.228865 0.378161 0.015879 0.015659
0 0.896021 0.408532 0.015805 0.015724
0 0.637468 0.700607 0.015659 0.015847
0 0.318941 0.258443 0.015993 0.015507
0 0.617132 0.531872 0.015786 0.015605
0 0.751818 0.310341 0.015771 0.015586
0 0.520209 0.414987 0.015798 0.015528
0 0.352828 0.300976 0.015780 0.015543
0 0.777302 0.356617 0.015488 0.015777
0 0.668505 0.497391 0.015696 0.015564
0 0.110232 0.832858 0.015657 0.015586
0 0.485538 0.592830 0.015721 0.015411
0 0.857081 0.500108 0.015742 0.015380
0 0.319488 0.669566 0.015692 0.015370
0 0.283239 0.801143 0.015629 0.015423
0 0.105676 0.930483 0.015684 0.015364
0 0.981747 0.553079 0.015683 0.015344
0 0.329166 0.058049 0.015515 0.015492
0 0.941399 0.318815 0.015582 0.015407
0 0.145173 0.687409 0.015457 0.015484
0 0.878944 0.581805 0.015424 0.015502
0 0.872547 0.835274 0.015592 0.015269
0 0.724465 0.223507 0.015446 0.015376
0 0.399185 0.568446 0.015415 0.015384
0 0.644662 0.425385 0.015496 0.015289
0 0.375554 0.851409 0.015452 0.015311
0 0.921246 0.959223 0.015538 0.015213
0 0.850745 0.123317 0.015421 0.015252
0 0.777966 0.504500 0.015458 0.015190
0 0.439257 0.867594 0.015386 0.015226
0 0.062675 0.708060 0.015453 0.015158
0 0.318681 0.699030 0.015413 0.015185
0 0.303606 0.464523 0.015332 0.015217
0 0.938370 0.756791 0.015318 0.015199
0 0.861962 0.527309 0.015326 0.015169
0 0.333548 0.205874 0.015397 0.015071
0 0.278320 0.738499 0.015460 0.015005
0 0.166104 0.562891 0.015274 0.015164
0 0.971718 0.914376 0.015345 0.015071
0 0.486576 0.324329 0.015341 0.015072
0 0.577152 0.790694 0.015234 0.015149
0 0.360142 0.374852 0.015131 0.015154
0 0.716225 0.025285 0.015048 0.015192
0 0.179092 0.612500 0.015244 0.014962
0 0.781839 0.533904 0.015310 0.014725
0 0.451501 0.230757 0.015095 0.014846
0 0.862749 0.677598 0.014908 0.014951
0 0.968561 0.666050 0.015005 0.014764
0 0.619886 0.558029 0.015373 0.014276
0 0.900831 0.147653 0.014970 0.014538
0 0.023094 0.136916 0.014755 0.014381
0 0.934771 0.950510 0.014607 0.014520
0 0.532835 0.720073 0.014476 0.014539
0 0.130423 0.023120 0.014521 0.014335
0 0.629002 0.465959 0.014554 0.014081
0 0.003788 0.199306 0.007576 0.018348
0 0.034562 0.004511 0.015283 0.009022
0 0.997455 0.131461 0.005090 0.014865
0 0.002125 0.406713 0.004251 0.017329
