0 0.657468 0.581221 0.017515 0.017620
0 0.466742 0.090637 0.017174 0.016999
0 0.187834 0.500230 0.017129 0.016936
0 0.290530 0.941857 0.017005 0.016731
0 0.605683 0.258554 0.016714 0.016952
0 0.133177 0.952888 0.016792 0.016858
0 0.579778 0.738394 0.017098 0.016478
0 0.491074 0.942573 0.016818 0.016665
0 0.540771 0.140857 0.016813 0.016640
0 0.586185 0.507980 0.016675 0.016764
0 0.238433 0.325773 0.017001 0.016419
0 0.916565 0.931268 0.016801 0.016589
0 0.062260 0.895857 0.016783 0.016561
0 0.897646 0.900670 0.016769 0.016503
0 0.066024 0.386413 0.016694 0.016529
0 0.427032 0.979383 0.016580 0.016539
0 0.959186 0.592677 0.016420 0.016477
0 0.113807 0.682175 0.016418 0.016444
0 0.074440 0.204537 0.016524 0.016271
0 0.279149 0.573341 0.016401 0.016390
0 0.110546 0.747701 0.016375 0.016330
0 0.546473 0.885728 0.016219 0.016442
0 0.203000 0.799867 0.016376 0.016271
0 0.754461 0.813322 0.016279 0.016366
0 0.767224 0.898011 0.016504 0.016129
0 0.362598 0.733370 0.016242 0.016383
0 0.008925 0.958766 0.016012 0.016567
0 0.743460 0.669444 0.016306 0.016231
0 0.504595 0.693996 0.016442 0.016081
0 0.608802 0.089238 0.016331 0.016142
0 0.794841 0.106321 0.016198 0.016261
0 0.111739 0.712109 0.016268 0.016158
0 0.474577 0.629268 0.016193 0.016205
0 0.338475 0.532672 0.016183 0.016186
0 0.160165 0.153045 0.016121 0.016235
0 0.617359 0.531499 0.016283 0.016053
0 0.453773 0.432142 0.016165 0.016166
0 0.711251 0.599280 0.016113 0.016183
0 0.674786 0.686274 0.016006 0.016153
0 0.806210 0.678894 0.015962 0.016152
0 0.903150 0.598857 0.016171 0.015926
0 0.368163 0.282072 0.016152 0.015933
0 0.161588 0.364713 0.016011 0.016063
0 0.560594 0.686370 0.016074 0.015994
0 0.590166 0.205633 0.016206 0.015843
0 0.502886 0.811982 0.016075 0.015950
0 0.154320 0.925830 0.016051 0.015972
0 0.752598 0.736453 0.016077 0.015931
0 0.792939 0.820149 0.015992 0.016005
0 0.319977 0.256778 0.016112 0.015870
0 0.661878 0.378180 0.015921 0.015996
0 0.180170 0.760517 0.016072 0.015843
0 0.508742 0.536408 0.015932 0.015970
0 0.759959 0.971044 0.015918 0.015941
0 0.675485 0.808847 0.015890 0.015883
0 0.327748 0.197111 0.016085 0.015667
0 0.405979 0.561406 0.015909 0.015800
0 0.456897 0.594710 0.015811 0.015896
0 0.097527 0.578360 0.015840 0.015844
0 0.903748 0.992708 0.017342 0.014471
0 0.690094 0.640111 0.015895 0.015748
0 0.530093 0.708046 0.016033 0.015609
0 0.060246 0.640910 0.015860 0.015762
0 0.036476 0.159851 0.015779 0.015832
0 0.966196 0.193151 0.015926 0.015672
0 0.645023 0.961181 0.015876 0.015703
0 0.601485 0.944535 0.015847 0.015725
0 0.534681 0.732743 0.015924 0.015592
0 0.198525 0.211346 0.015771 0.015727
0 0.617837 0.327314 0.015934 0.015509
0 0.621992 0.394968 0.015689 0.015635
0 0.737411 0.078913 0.015706 0.015599
0 0.360389 0.692723 0.015736 0.015526
0 0.935629 0.465008 0.015697 0.015474
0 0.523842 0.368196 0.015610 0.015557
0 0.871033 0.839965 0.015661 0.015463
0 0.989357 0.331785 0.015732 0.015391
0 0.395113 0.883315 0.015703 0.015379
0 0.034748 0.533351 0.015573 0.015501
0 0.178622 0.692506 0.015629 0.015398
0 0.230916 0.519719 0.015522 0.015480
0 0.764979 0.106020 0.015669 0.015321
0 0.390498 0.822532 0.015686 0.015288
0 0.724390 0.555142 0.015676 0.015297
0 0.983217 0.749776 0.015604 0.015363
0 0.420172 0.730065 0.015560 0.015397
0 0.296065 0.075072 0.015601 0.015355
0 0.192868 0.420142 0.015561 0.015389
0 0.670170 0.252276 0.015431 0.015499
0 0.180742 0.072494 0.015570 0.015354
0 0.178869 0.612683 0.015607 0.015259
0 0.343746 0.592743 0.015439 0.015369
0 0.298861 0.770122 0.015507 0.015283
0 0.034433 0.698023 0.015564 0.015191
0 0.317693 0.367198 0.015581 0.015161
0 0.882892 0.395837 0.015505 0.015200
0 0.282537 0.802192 0.015337 0.015347
0 0.892059 0.485394 0.015332 0.015329
0 0.579157 0.790333 0.015455 0.015191
0 0.367582 0.357574 0.015356 0.015278
0 0.878036 0.240234 0.015335 0.015290
0 0.777031 0.349157 0.015367 0.015230
0 0.036575 0.131736 0.015281 0.015313
0 0.064371 0.707928 0.015263 0.015319
0 0.769033 0.247586 0.015380 0.015186
0 0.307227 0.466423 0.015330 0.015171
0 0.087886 0.816724 0.015218 0.015275
0 0.717718 0.261857 0.015323 0.015169
0 0.862778 0.677936 0.015175 0.015314
0 0.858845 0.310565 0.015359 0.015072
0 0.294880 0.495471 0.015184 0.015212
0 0.230827 0.374799 0.015292 0.015073
0 0.327921 0.660756 0.015112 0.015205
0 0.822187 0.472475 0.015141 0.015155
0 0.173491 0.559729 0.015164 0.015106
0 0.713056 0.764516 0.015100 0.015149
0 0.749011 0.156291 0.015173 0.015061
0 0.217598 0.541569 0.015308 0.014901
0 0.746205 0.505844 0.015101 0.015102
0 0.775780 0.127198 0.015125 0.015045
0 0.373218 0.491082 0.014930 0.015198
0 0.669180 0.496356 0.015048 0.015049
0 0.475819 0.246359 0.015071 0.015002
0 0.881044 0.579258 0.015166 0.014897
0 0.373036 0.884547 0.015086 0.014901
0 0.645871 0.426778 0.014944 0.014991
0 0.168301 0.350860 0.015102 0.014808
0 0.914645 0.494513 0.015062 0.014803
0 0.969001 0.666190 0.014997 0.014742
0 0.978822 0.550022 0.014900 0.014826
0 0.021702 0.058071 0.014931 0.014679
0 0.725602 0.221021 0.014697 0.014902
0 0.992301 0.119781 0.014449 0.014692
0 0.842248 0.256168 0.014660 0.014425
0 0.179379 0.031183 0.014562 0.014158
0 0.011487 0.993431 0.015609 0.012805
0 0.656540 0.535870 0.014080 0.014189
0 0.544433 0.005587 0.017552 0.011174
0 0.666719 0.458626 0.013742 0.013552
0 0.590952 0.004969 0.016978 0.009939
0 0.197124 0.477987 0.013000 0.012313
0 0.994776 0.246124 0.010448 0.014588
0 0.996862 0.918403 0.006276 0.015745
0 0.002404 0.394282 0.004808 0.016600
