0 0.218784 0.496973 0.017445 0.017706
0 0.245134 0.326261 0.017587 0.017051
0 0.802668 0.809333 0.016968 0.017077
0 0.157201 0.369182 0.017086 0.016926
0 0.825540 0.246174 0.017032 0.016904
0 0.901186 0.905307 0.016670 0.017150
0 0.522458 0.753815 0.016622 0.016911
0 0.752474 0.801278 0.016939 0.016577
0 0.474812 0.094647 0.016774 0.016740
0 0.210009 0.750947 0.016789 0.016593
0 0.011900 0.956049 0.016913 0.016430
0 0.333198 0.357663 0.016677 0.016609
0 0.059750 0.373296 0.016654 0.016547
0 0.942316 0.547687 0.016841 0.016287
0 0.934216 0.594305 0.016686 0.016322
0 0.330798 0.252596 0.016617 0.016374
0 0.190314 0.201985 0.016436 0.016554
0 0.181580 0.908961 0.016445 0.016536
0 0.554987 0.894343 0.016593 0.016275
0 0.756123 0.131336 0.016611 0.016254
0 0.794613 0.903382 0.016389 0.016418
0 0.286667 0.948028 0.016583 0.016210
0 0.155949 0.950156 0.016327 0.016415
0 0.057978 0.644261 0.016273 0.016467
0 0.737218 0.729554 0.016364 0.016339
0 0.364447 0.294616 0.016388 0.016218
0 0.401724 0.512787 0.016375 0.016205
0 0.107362 0.575162 0.016361 0.016199
0 0.370160 0.670199 0.016199 0.016324
0 0.477821 0.611558 0.016239 0.016275
0 0.912318 0.929160 0.016165 0.016346
0 0.067849 0.899031 0.016463 0.016040
0 0.354240 0.180155 0.016391 0.016068
0 0.113999 0.732535 0.016186 0.016206
0 0.680868 0.843958 0.016151 0.016180
0 0.036528 0.162685 0.016152 0.016169
0 0.740072 0.658781 0.016196 0.016120
0 0.329044 0.660566 0.016309 0.015960
0 0.232611 0.371316 0.016197 0.016070
0 0.826263 0.691119 0.016047 0.016212
0 0.254683 0.560581 0.016227 0.015987
0 0.605266 0.199725 0.016272 0.015916
0 0.617341 0.326858 0.016081 0.016103
0 0.507099 0.128839 0.016097 0.016081
0 0.496068 0.702775 0.016093 0.016082
0 0.459842 0.442515 0.016018 0.016124
0 0.201826 0.800321 0.016164 0.015922
0 0.496816 0.941010 0.015936 0.016142
0 0.880852 0.985265 0.016039 0.016034
0 0.211814 0.418515 0.016024 0.016044
0 0.409275 0.564834 0.016081 0.015985
0 0.640484 0.689861 0.015966 0.016080
0 0.032257 0.138440 0.015824 0.016215
0 0.580107 0.733670 0.015982 0.016051
0 0.852829 0.304533 0.016120 0.015855
0 0.809352 0.666911 0.016101 0.015865
0 0.583253 0.479235 0.016043 0.015902
0 0.723082 0.271152 0.015824 0.016087
0 0.651357 0.369741 0.015987 0.015905
0 0.600284 0.918376 0.015916 0.015974
0 0.751025 0.979403 0.015916 0.015933
0 0.967269 0.185363 0.015947 0.015872
0 0.658959 0.247097 0.015974 0.015799
0 0.115818 0.713255 0.015693 0.016043
0 0.617630 0.532482 0.015958 0.015767
0 0.654264 0.574676 0.015896 0.015803
0 0.506236 0.814800 0.015825 0.015873
0 0.130985 0.928184 0.016070 0.015623
0 0.421325 0.727170 0.015928 0.015728
0 0.868621 0.839704 0.015955 0.015678
0 0.076272 0.815997 0.015695 0.015908
0 0.968306 0.753813 0.015668 0.015893
0 0.869149 0.494985 0.015848 0.015659
0 0.068192 0.218622 0.015930 0.015567
0 0.580630 0.091642 0.015973 0.015495
0 0.883913 0.395131 0.015805 0.015589
0 0.954530 0.460939 0.015920 0.015427
0 0.705537 0.764462 0.015656 0.015676
0 0.580770 0.009762 0.015516 0.015814
0 0.034222 0.533325 0.015671 0.015642
0 0.614975 0.386679 0.015897 0.015416
0 0.507516 0.536895 0.015642 0.015654
0 0.537285 0.705378 0.015660 0.015632
0 0.774381 0.350635 0.015624 0.015647
0 0.040369 0.702719 0.015690 0.015581
0 0.344295 0.737167 0.015620 0.015573
0 0.314585 0.179657 0.015563 0.015594
0 0.231191 0.091566 0.015582 0.015549
0 0.146808 0.711741 0.015597 0.015529
0 0.258075 0.779434 0.015548 0.015552
0 0.401319 0.820424 0.015516 0.015559
0 0.391185 0.379940 0.015576 0.015489
0 0.606953 0.674299 0.015493 0.015560
0 0.223189 0.546644 0.015430 0.015610
0 0.341472 0.533653 0.015546 0.015433
0 0.828183 0.464901 0.015493 0.015469
0 0.966612 0.666769 0.015723 0.015231
0 0.295264 0.495307 0.015585 0.015309
0 0.733667 0.083176 0.015513 0.015368
0 0.656711 0.961328 0.015501 0.015374
0 0.976986 0.990054 0.015551 0.015302
0 0.559569 0.732102 0.015292 0.015497
0 0.194471 0.098677 0.015300 0.015478
0 0.683189 0.592630 0.015456 0.015310
0 0.591111 0.258371 0.015562 0.015200
0 0.207979 0.166262 0.015506 0.015248
0 0.283114 0.802369 0.015400 0.015332
0 0.413458 0.835373 0.015401 0.015328
0 0.336575 0.592361 0.015358 0.015324
0 0.881221 0.582530 0.015425 0.015252
0 0.915221 0.498298 0.015388 0.015288
0 0.179811 0.612024 0.015511 0.015141
0 0.715986 0.555671 0.015429 0.015205
0 0.862996 0.678271 0.015269 0.015302
0 0.673061 0.501050 0.015246 0.015235
0 0.523182 0.365349 0.015296 0.015137
0 0.578593 0.791244 0.015329 0.015034
0 0.283395 0.099627 0.015348 0.015010
0 0.745210 0.506483 0.015108 0.015243
0 0.992766 0.251518 0.014392 0.015965
0 0.010104 0.493606 0.015183 0.015099
0 0.768785 0.265131 0.015179 0.015085
0 0.172970 0.559052 0.015212 0.014946
0 0.179065 0.077803 0.015321 0.014837
0 0.307912 0.466307 0.015000 0.015142
0 0.725442 0.220554 0.015095 0.015044
0 0.384763 0.890147 0.014849 0.015282
0 0.981928 0.549137 0.015131 0.014984
0 0.696163 0.649483 0.015172 0.014941
0 0.181016 0.678753 0.015165 0.014934
0 0.478326 0.248034 0.014992 0.014946
0 0.644056 0.424543 0.015073 0.014852
0 0.570465 0.272965 0.014841 0.014929
0 0.665226 0.543241 0.014866 0.014751
0 0.852636 0.252448 0.014963 0.014630
0 0.066255 0.708985 0.014594 0.014963
0 0.183923 0.034094 0.014791 0.014523
0 0.993348 0.353117 0.013178 0.014761
0 0.426978 0.995137 0.016713 0.009726
0 0.997884 0.137155 0.004233 0.013078
