0 0.096953 0.277255 0.018468 0.018183
0 0.052727 0.426539 0.017812 0.017598
0 0.033501 0.659241 0.017864 0.017500
0 0.538791 0.697802 0.017353 0.017805
0 0.234170 0.760860 0.017141 0.017105
0 0.643800 0.605205 0.017080 0.016985
0 0.396988 0.065762 0.017142 0.016863
0 0.027757 0.281608 0.016924 0.016995
0 0.210180 0.462891 0.017020 0.016883
0 0.484573 0.278206 0.016965 0.016658
0 0.112612 0.535174 0.016739 0.016837
0 0.946132 0.902272 0.016758 0.016725
0 0.034727 0.677071 0.016848 0.016611
0 0.060831 0.776559 0.016694 0.016728
0 0.303503 0.254838 0.016835 0.016586
0 0.524712 0.935039 0.016649 0.016665
0 0.098217 0.880007 0.016601 0.016685
0 0.227737 0.581324 0.016506 0.016657
0 0.009277 0.956481 0.016378 0.016785
0 0.934049 0.424218 0.016652 0.016482
0 0.043980 0.443038 0.016625 0.016416
0 0.584759 0.595058 0.016667 0.016368
0 0.456142 0.224081 0.016541 0.016445
0 0.246042 0.066525 0.016507 0.016433
0 0.675748 0.723101 0.016422 0.016501
0 0.757390 0.936670 0.016324 0.016514
0 0.619948 0.652989 0.016453 0.016373
0 0.867577 0.391822 0.016474 0.016232
0 0.137314 0.423062 0.016354 0.016335
0 0.568880 0.060064 0.016359 0.016318
0 0.287744 0.502702 0.016441 0.016186
0 0.143302 0.730936 0.016293 0.016295
0 0.710315 0.747129 0.016279 0.016253
0 0.021801 0.536609 0.016349 0.016129
0 0.196272 0.130918 0.016090 0.016387
0 0.487155 0.206593 0.016307 0.016144
0 0.504924 0.332481 0.016237 0.016207
0 0.153015 0.277785 0.016331 0.016068
0 0.524761 0.669928 0.016189 0.016129
0 0.444549 0.145419 0.016146 0.016139
0 0.469653 0.395057 0.016071 0.016198
0 0.410285 0.491655 0.016343 0.015927
0 0.892066 0.839428 0.016252 0.015999
0 0.920991 0.185565 0.016260 0.015989
0 0.739256 0.640933 0.015870 0.016324
0 0.818916 0.174505 0.016203 0.015967
0 0.617759 0.324126 0.016021 0.016096
0 0.254117 0.486380 0.016098 0.015995
0 0.073107 0.813069 0.016107 0.015947
0 0.360542 0.490390 0.016009 0.015998
0 0.990678 0.950221 0.015645 0.016364
0 0.299290 0.338614 0.016099 0.015902
0 0.229750 0.371721 0.016090 0.015904
0 0.809766 0.480875 0.016162 0.015821
0 0.658378 0.770227 0.015931 0.016014
0 0.915507 0.487500 0.015729 0.016204
0 0.482547 0.752846 0.015982 0.015937
0 0.082176 0.046669 0.016092 0.015806
0 0.730244 0.780766 0.015916 0.015973
0 0.508093 0.432195 0.016049 0.015804
0 0.317311 0.665626 0.016004 0.015826
0 0.974868 0.347090 0.016017 0.015793
0 0.924629 0.750176 0.016037 0.015763
0 0.526153 0.498513 0.016041 0.015740
0 0.172378 0.781488 0.015838 0.015896
0 0.254795 0.718427 0.015797 0.015929
0 0.450357 0.777099 0.016055 0.015665
0 0.373820 0.556026 0.015931 0.015786
0 0.370571 0.897401 0.016063 0.015620
0 0.888871 0.237056 0.015775 0.015896
0 0.979172 0.554077 0.015937 0.015697
0 0.816816 0.857695 0.015897 0.015722
0 0.366665 0.960014 0.015711 0.015876
0 0.989527 0.577919 0.015751 0.015827
0 0.338837 0.262802 0.016059 0.015510
0 0.677628 0.308921 0.015808 0.015744
0 0.617903 0.532198 0.015926 0.015621
0 0.069617 0.918901 0.015874 0.015653
0 0.920070 0.290339 0.015681 0.015728
0 0.303621 0.467341 0.015840 0.015567
0 0.176164 0.394277 0.015694 0.015699
0 0.241081 0.939906 0.015562 0.015819
0 0.561094 0.736967 0.015711 0.015656
0 0.230189 0.635103 0.015754 0.015587
0 0.634946 0.399918 0.015816 0.015498
0 0.337322 0.432339 0.015706 0.015591
0 0.178548 0.613429 0.015782 0.015490
0 0.429765 0.823330 0.015776 0.015470
0 0.454425 0.638030 0.015573 0.015630
0 0.769028 0.111927 0.015718 0.015458
0 0.835240 0.522858 0.015626 0.015538
0 0.329107 0.906333 0.015503 0.015649
0 0.417762 0.737338 0.015636 0.015507
0 0.641763 0.660766 0.015620 0.015433
0 0.991702 0.112877 0.015245 0.015755
0 0.060135 0.709182 0.015525 0.015433
0 0.646689 0.819879 0.015565 0.015381
0 0.745647 0.507008 0.015415 0.015459
0 0.922419 0.136574 0.015332 0.015501
0 0.728454 0.570962 0.015408 0.015398
0 0.965536 0.666020 0.015538 0.015259
0 0.872072 0.986298 0.015484 0.015279
0 0.780013 0.352031 0.015421 0.015329
0 0.504086 0.537954 0.015510 0.015180
0 0.670970 0.499374 0.015313 0.015371
0 0.477228 0.805845 0.015283 0.015382
0 0.779215 0.240413 0.015439 0.015191
0 0.980038 0.259563 0.015462 0.015153
0 0.807235 0.040657 0.015231 0.015308
0 0.192951 0.728619 0.015285 0.015164
0 0.283476 0.801615 0.015245 0.015150
0 0.106156 0.029746 0.015163 0.015114
0 0.535633 0.721035 0.015071 0.015185
0 0.172447 0.558191 0.015220 0.015031
0 0.715630 0.303267 0.015110 0.015005
0 0.193354 0.682334 0.015027 0.015078
0 0.644392 0.426879 0.015047 0.015038
0 0.716034 0.222784 0.015179 0.014867
0 0.579812 0.791345 0.015067 0.014968
0 0.878926 0.581863 0.014946 0.014881
0 0.862880 0.678320 0.014828 0.014967
0 0.705085 0.166506 0.014945 0.014560
0 0.031690 0.701830 0.014619 0.014813
0 0.552930 0.567350 0.014260 0.014292
0 0.004796 0.408654 0.009592 0.017529
0 0.003937 0.107522 0.007873 0.015813
0 0.730327 0.003320 0.017032 0.006640
0 0.624954 0.997850 0.016139 0.004300
0 0.001946 0.619267 0.003892 0.016338
