0 0.199150 0.426681 0.018553 0.018656
0 0.067175 0.328632 0.017897 0.017912
0 0.196058 0.467891 0.017345 0.017480
0 0.087450 0.911615 0.017258 0.017514
0 0.040396 0.740556 0.017460 0.017063
0 0.360210 0.967560 0.017251 0.017261
0 0.264020 0.572499 0.016841 0.017114
0 0.195985 0.366471 0.017085 0.016753
0 0.102097 0.569652 0.016779 0.016821
0 0.055944 0.379573 0.016721 0.016860
0 0.016884 0.336161 0.016758 0.016755
0 0.629923 0.968399 0.016828 0.016601
0 0.008081 0.388111 0.015908 0.017546
0 0.519401 0.947603 0.016745 0.016554
0 0.335655 0.317456 0.016631 0.016622
0 0.637440 0.590486 0.016516 0.016710
0 0.631287 0.634494 0.016744 0.016409
0 0.233582 0.372922 0.016491 0.016603
0 0.396507 0.865211 0.016647 0.016411
0 0.081939 0.664870 0.016614 0.016442
0 0.397384 0.569944 0.016648 0.016375
0 0.367176 0.883013 0.016520 0.016449
0 0.865688 0.373190 0.016519 0.016401
0 0.304853 0.526207 0.016527 0.016390
0 0.700372 0.611271 0.016411 0.016499
0 0.433739 0.080791 0.016710 0.016181
0 0.184283 0.526513 0.016639 0.016221
0 0.507697 0.685449 0.016436 0.016341
0 0.577751 0.495830 0.016369 0.016343
0 0.583858 0.070712 0.016444 0.016231
0 0.191904 0.794573 0.016261 0.016363
0 0.317233 0.664477 0.016308 0.016180
0 0.830183 0.032939 0.016266 0.016211
0 0.177442 0.761248 0.016344 0.016105
0 0.013010 0.964778 0.016093 0.016283
0 0.190488 0.708183 0.016191 0.016146
0 0.757530 0.933498 0.016164 0.016164
0 0.947026 0.735224 0.016259 0.016024
0 0.948079 0.184743 0.016075 0.016149
0 0.229422 0.773213 0.016311 0.015888
0 0.323024 0.611370 0.016159 0.016037
0 0.510379 0.156758 0.016155 0.016037
0 0.524709 0.727890 0.016055 0.016025
0 0.724273 0.693159 0.016066 0.015996
0 0.307884 0.255182 0.016126 0.015929
0 0.123674 0.226249 0.016173 0.015881
0 0.161680 0.957636 0.016030 0.015950
0 0.192045 0.214675 0.015840 0.016035
0 0.695964 0.831907 0.015943 0.015898
0 0.721813 0.312633 0.015999 0.015817
0 0.227948 0.143569 0.015952 0.015836
0 0.876926 0.220844 0.015958 0.015825
0 0.087584 0.811278 0.015840 0.015885
0 0.368857 0.852520 0.015934 0.015747
0 0.603560 0.408066 0.015868 0.015784
0 0.034225 0.533208 0.015928 0.015711
0 0.913811 0.907562 0.015841 0.015788
0 0.428475 0.630666 0.015728 0.015798
0 0.267516 0.476413 0.015909 0.015598
0 0.481880 0.641542 0.015782 0.015703
0 0.007175 0.184075 0.014242 0.017377
0 0.744132 0.753355 0.015717 0.015712
0 0.564008 0.685843 0.015781 0.015582
0 0.503876 0.462097 0.015796 0.015552
0 0.391481 0.418124 0.015627 0.015679
0 0.963037 0.427002 0.015521 0.015780
0 0.296191 0.723410 0.015829 0.015468
0 0.618911 0.327449 0.015712 0.015543
0 0.761305 0.106100 0.015721 0.015534
0 0.342006 0.728544 0.015685 0.015553
0 0.829817 0.677337 0.015684 0.015495
0 0.563442 0.228276 0.015568 0.015606
0 0.261198 0.067902 0.015649 0.015506
0 0.927934 0.444214 0.015631 0.015509
0 0.979855 0.555104 0.015635 0.015487
0 0.473654 0.792196 0.015639 0.015483
0 0.287293 0.176703 0.015672 0.015435
0 0.614222 0.358211 0.015589 0.015478
0 0.368476 0.329961 0.015606 0.015449
0 0.617907 0.532934 0.015565 0.015473
0 0.724059 0.987574 0.015646 0.015388
0 0.645584 0.425792 0.015571 0.015459
0 0.396544 0.452303 0.015495 0.015502
0 0.674375 0.321072 0.015475 0.015484
0 0.809725 0.246631 0.015506 0.015450
0 0.799911 0.920504 0.015491 0.015421
0 0.518025 0.399806 0.015372 0.015512
0 0.746047 0.506786 0.015583 0.015212
0 0.919993 0.148564 0.015482 0.015297
0 0.863728 0.678538 0.015366 0.015412
0 0.697215 0.276389 0.015355 0.015418
0 0.882500 0.835647 0.015389 0.015370
0 0.671141 0.498324 0.015378 0.015317
0 0.723289 0.220835 0.015334 0.015318
0 0.974150 0.968981 0.015298 0.015288
0 0.427361 0.201653 0.015305 0.015224
0 0.307708 0.465191 0.015289 0.015196
0 0.507952 0.541003 0.015348 0.015129
0 0.810735 0.752476 0.015221 0.015245
0 0.712432 0.755647 0.015423 0.015036
0 0.928375 0.544608 0.015180 0.015263
0 0.831755 0.466104 0.015238 0.015181
0 0.517201 0.011458 0.015137 0.015268
0 0.441876 0.735878 0.015406 0.014987
0 0.774615 0.352801 0.015338 0.015048
0 0.282688 0.801971 0.015195 0.015157
0 0.165841 0.561154 0.015499 0.014856
0 0.843499 0.434194 0.015303 0.015035
0 0.880489 0.581526 0.015211 0.015030
0 0.788722 0.863902 0.015070 0.015158
0 0.741955 0.235073 0.014973 0.015253
0 0.885685 0.398072 0.015171 0.015042
0 0.135092 0.018259 0.015102 0.015104
0 0.985629 0.303766 0.015001 0.015165
0 0.579565 0.791619 0.015134 0.014932
0 0.664914 0.710495 0.014910 0.015156
0 0.966509 0.666337 0.015202 0.014853
0 0.505235 0.321562 0.014956 0.015079
0 0.892733 0.507444 0.015014 0.014813
0 0.522158 0.851233 0.014927 0.014891
0 0.180070 0.612623 0.015066 0.014751
0 0.631188 0.550005 0.014908 0.014729
0 0.006349 0.023305 0.012697 0.017258
0 0.976128 0.149470 0.014749 0.014817
0 0.463542 0.187302 0.014674 0.014708
0 0.566748 0.736617 0.014699 0.014678
0 0.006342 0.474623 0.012675 0.016957
0 0.553527 0.284175 0.014650 0.014627
0 0.729001 0.133516 0.014592 0.014640
0 0.441375 0.238853 0.014757 0.014415
0 0.826334 0.144444 0.014587 0.014576
0 0.905795 0.502663 0.014464 0.014447
0 0.064905 0.709561 0.014418 0.014372
0 0.701837 0.456816 0.014191 0.014253
0 0.005592 0.131327 0.011184 0.017719
0 0.748538 0.005324 0.016296 0.010648
0 0.550914 0.996021 0.015907 0.007957
0 0.997851 0.134880 0.004298 0.015272
