0 0.058533 0.286843 0.018824 0.018890
0 0.171410 0.382929 0.018074 0.018032
0 0.854909 0.910502 0.017931 0.017707
0 0.113116 0.249312 0.017926 0.017416
0 0.062638 0.891994 0.017463 0.017376
0 0.071981 0.212511 0.017527 0.017210
0 0.417096 0.073337 0.017324 0.017346
0 0.034082 0.388859 0.017172 0.016878
0 0.462206 0.834483 0.017017 0.017025
0 0.772181 0.926640 0.017031 0.016992
0 0.327420 0.909227 0.017044 0.016908
0 0.045010 0.809127 0.016967 0.016845
0 0.179034 0.745762 0.016708 0.016914
0 0.599971 0.726499 0.016515 0.016884
0 0.821380 0.389619 0.016631 0.016699
0 0.916946 0.981918 0.016727 0.016478
0 0.067171 0.669216 0.016801 0.016391
0 0.918560 0.902060 0.016384 0.016740
0 0.406341 0.562120 0.016457 0.016597
0 0.496671 0.172665 0.016465 0.016515
0 0.791135 0.040225 0.016478 0.016458
0 0.130366 0.557472 0.016555 0.016345
0 0.306459 0.288623 0.016507 0.016391
0 0.947551 0.740328 0.016395 0.016483
0 0.907259 0.422359 0.016380 0.016496
0 0.024465 0.490394 0.016393 0.016327
0 0.377232 0.885094 0.016276 0.016356
0 0.017116 0.641551 0.016413 0.016215
0 0.563868 0.477247 0.016256 0.016370
0 0.246136 0.589269 0.016415 0.016124
0 0.411598 0.166336 0.016322 0.016210
0 0.887164 0.835771 0.016233 0.016272
0 0.491697 0.941253 0.016282 0.016223
0 0.191343 0.936468 0.016174 0.016318
0 0.800511 0.246757 0.016199 0.016272
0 0.393119 0.839264 0.016194 0.016189
0 0.182170 0.786313 0.016192 0.016140
0 0.201982 0.193738 0.016239 0.016052
0 0.668008 0.739959 0.016071 0.016196
0 0.278484 0.087514 0.016214 0.016052
0 0.189072 0.135333 0.016202 0.016028
0 0.664733 0.856796 0.016251 0.015945
0 0.186037 0.459010 0.016105 0.016053
0 0.594301 0.570799 0.016015 0.016103
0 0.055199 0.013777 0.016292 0.015813
0 0.717714 0.296498 0.015875 0.016210
0 0.821262 0.467826 0.016153 0.015926
0 0.118876 0.669209 0.016221 0.015853
0 0.856385 0.479766 0.016090 0.015932
0 0.392487 0.760167 0.016174 0.015846
0 0.522908 0.273304 0.016170 0.015848
0 0.108182 0.924652 0.016056 0.015929
0 0.617675 0.533537 0.015925 0.016033
0 0.808767 0.629548 0.016113 0.015840
0 0.543476 0.601849 0.016060 0.015878
0 0.218521 0.750253 0.015933 0.015943
0 0.706542 0.762109 0.016090 0.015742
0 0.318438 0.262601 0.015905 0.015858
0 0.015497 0.955897 0.015962 0.015765
0 0.673803 0.658419 0.015971 0.015741
0 0.641708 0.333721 0.015786 0.015914
0 0.805388 0.872630 0.015939 0.015742
0 0.957488 0.163655 0.015909 0.015768
0 0.971200 0.285709 0.015829 0.015842
0 0.358616 0.410167 0.015770 0.015885
0 0.413637 0.541131 0.015846 0.015808
0 0.690376 0.675677 0.015804 0.015846
0 0.968445 0.571478 0.015973 0.015639
0 0.031920 0.531758 0.015735 0.015868
0 0.506592 0.536318 0.016042 0.015557
0 0.465541 0.441311 0.015861 0.015703
0 0.981155 0.266037 0.015800 0.015757
0 0.560853 0.078319 0.015740 0.015811
0 0.288200 0.505548 0.015653 0.015875
0 0.423923 0.787352 0.015770 0.015678
0 0.360846 0.524367 0.015834 0.015611
0 0.908735 0.201017 0.015891 0.015524
0 0.326818 0.325197 0.015931 0.015477
0 0.611582 0.285961 0.015777 0.015627
0 0.170466 0.558110 0.015741 0.015637
0 0.822030 0.491612 0.015722 0.015640
0 0.982092 0.551324 0.015784 0.015577
0 0.062464 0.848240 0.015602 0.015749
0 0.156296 0.515901 0.015735 0.015608
0 0.328343 0.662936 0.015781 0.015556
0 0.304578 0.466892 0.015807 0.015485
0 0.284282 0.801770 0.015664 0.015560
0 0.518299 0.290438 0.015550 0.015644
0 0.515336 0.685318 0.015695 0.015495
0 0.761905 0.745797 0.015534 0.015615
0 0.537460 0.721538 0.015417 0.015727
0 0.389960 0.246484 0.015477 0.015637
0 0.288377 0.649069 0.015604 0.015506
0 0.942510 0.134973 0.015866 0.015248
0 0.433633 0.617534 0.015594 0.015490
0 0.888504 0.402353 0.015540 0.015524
0 0.660076 0.567225 0.015694 0.015368
0 0.720476 0.222365 0.015631 0.015425
0 0.980209 0.330183 0.015551 0.015443
0 0.088173 0.992043 0.015950 0.014898
0 0.679655 0.586779 0.015325 0.015493
0 0.755771 0.172496 0.015486 0.015305
0 0.940666 0.535989 0.015362 0.015358
0 0.775947 0.326031 0.015383 0.015318
0 0.487519 0.354228 0.015417 0.015283
0 0.579831 0.789847 0.015421 0.015266
0 0.966413 0.666246 0.015539 0.015131
0 0.180164 0.611606 0.015470 0.015172
0 0.980737 0.117596 0.015519 0.015124
0 0.878965 0.581680 0.015337 0.015269
0 0.670499 0.498177 0.015415 0.015182
0 0.800805 0.097798 0.015256 0.015311
0 0.633888 0.406600 0.015455 0.015090
0 0.747062 0.507781 0.015307 0.015199
0 0.044114 0.703929 0.015274 0.015169
0 0.922260 0.477750 0.015186 0.015237
0 0.769973 0.126110 0.015147 0.015200
0 0.784821 0.535389 0.015271 0.015072
0 0.260289 0.722626 0.015360 0.014972
0 0.237669 0.375943 0.015185 0.015088
0 0.487632 0.420497 0.015133 0.015123
0 0.476135 0.324623 0.015248 0.014970
0 0.863416 0.678115 0.015010 0.015128
0 0.780847 0.675156 0.015028 0.015106
0 0.512744 0.698104 0.015440 0.014699
0 0.644248 0.425921 0.015001 0.015002
0 0.619423 0.327320 0.014924 0.014834
0 0.448121 0.228437 0.014882 0.014834
0 0.113245 0.026418 0.015005 0.014655
0 0.258207 0.737077 0.014737 0.014841
0 0.702074 0.457672 0.013999 0.013920
0 0.440295 0.997213 0.016216 0.005574
0 0.997153 0.133431 0.005694 0.013038
