0 0.061650 0.285532 0.018859 0.018849
0 0.080734 0.207090 0.017669 0.017328
0 0.027474 0.405031 0.017435 0.017379
0 0.028307 0.792185 0.017086 0.016824
0 0.505447 0.934461 0.016850 0.016825
0 0.894239 0.187041 0.016756 0.016611
0 0.536393 0.194100 0.016743 0.016623
0 0.111428 0.560576 0.016611 0.016708
0 0.105206 0.765507 0.016850 0.016410
0 0.335826 0.713345 0.016646 0.016539
0 0.500339 0.521333 0.016436 0.016645
0 0.056570 0.421168 0.016519 0.016529
0 0.124565 0.234534 0.016525 0.016520
0 0.407118 0.070694 0.016660 0.016379
0 0.583789 0.983650 0.016580 0.016340
0 0.460784 0.184497 0.016432 0.016411
0 0.010404 0.958289 0.016339 0.016486
0 0.620841 0.562963 0.016502 0.016307
0 0.543481 0.697379 0.016372 0.016427
0 0.073644 0.864146 0.015963 0.016669
0 0.209130 0.937031 0.016355 0.016199
0 0.015645 0.238771 0.016436 0.016016
0 0.234112 0.091602 0.016367 0.016075
0 0.193079 0.467285 0.016399 0.016011
0 0.759668 0.942642 0.016132 0.016247
0 0.288515 0.542609 0.016062 0.016312
0 0.536303 0.779743 0.016236 0.016129
0 0.234610 0.373602 0.016323 0.016012
0 0.958594 0.103279 0.016279 0.016049
0 0.177668 0.784624 0.016090 0.016198
0 0.679387 0.581625 0.016279 0.016006
0 0.173647 0.394317 0.016159 0.016118
0 0.288471 0.502973 0.016102 0.016175
0 0.667729 0.736744 0.016450 0.015804
0 0.300922 0.258637 0.016094 0.016148
0 0.465519 0.668703 0.016123 0.016114
0 0.581661 0.572705 0.016223 0.016008
0 0.086774 0.267066 0.016046 0.016179
0 0.618066 0.328236 0.016085 0.016135
0 0.029730 0.531546 0.016021 0.016155
0 0.883691 0.403264 0.016160 0.016014
0 0.363142 0.507741 0.016184 0.015910
0 0.616612 0.531699 0.016081 0.015953
0 0.090181 0.925600 0.016212 0.015820
0 0.612663 0.412647 0.016047 0.015978
0 0.052034 0.662468 0.015970 0.016054
0 0.776088 0.116490 0.016017 0.015998
0 0.342960 0.263743 0.016048 0.015957
0 0.288026 0.713543 0.015940 0.016050
0 0.899288 0.877763 0.016042 0.015931
0 0.837921 0.360504 0.015862 0.016073
0 0.645584 0.310993 0.016015 0.015872
0 0.881016 0.294420 0.015751 0.016104
0 0.719471 0.026983 0.015920 0.015932
0 0.385036 0.924651 0.016023 0.015822
0 0.460265 0.771713 0.015909 0.015931
0 0.416180 0.512110 0.015996 0.015824
0 0.735404 0.266037 0.015688 0.016038
0 0.793061 0.737331 0.016074 0.015640
0 0.682042 0.687089 0.015914 0.015789
0 0.809151 0.027399 0.015817 0.015853
0 0.573823 0.115821 0.015921 0.015730
0 0.130268 0.474892 0.015958 0.015662
0 0.219582 0.418987 0.015773 0.015835
0 0.491297 0.642134 0.015867 0.015724
0 0.028619 0.826439 0.015884 0.015706
0 0.025115 0.468247 0.016001 0.015578
0 0.392716 0.568459 0.015806 0.015717
0 0.422168 0.848164 0.015666 0.015844
0 0.815335 0.862099 0.015820 0.015688
0 0.267925 0.805490 0.015824 0.015595
0 0.540839 0.628580 0.015843 0.015576
0 0.718156 0.762805 0.015704 0.015653
0 0.710555 0.323088 0.015722 0.015628
0 0.944946 0.954945 0.015936 0.015415
0 0.918522 0.574543 0.015765 0.015581
0 0.795755 0.673532 0.015853 0.015490
0 0.375051 0.282468 0.015674 0.015642
0 0.060540 0.708834 0.015749 0.015563
0 0.481504 0.427372 0.015793 0.015510
0 0.471292 0.322153 0.015730 0.015530
0 0.598582 0.705504 0.015755 0.015500
0 0.644092 0.425365 0.015780 0.015475
0 0.635098 0.680786 0.015642 0.015604
0 0.531097 0.288928 0.015592 0.015615
0 0.303142 0.466843 0.015731 0.015461
0 0.705597 0.241712 0.015322 0.015828
0 0.478840 0.401945 0.015617 0.015511
0 0.518186 0.020917 0.015535 0.015581
0 0.986487 0.909365 0.015589 0.015517
0 0.912459 0.739554 0.015216 0.015812
0 0.475681 0.813552 0.015418 0.015581
0 0.220029 0.661755 0.015515 0.015482
0 0.409394 0.202680 0.015561 0.015412
0 0.885144 0.572435 0.015572 0.015335
0 0.280968 0.801423 0.015292 0.015591
0 0.237734 0.584109 0.015238 0.015618
0 0.532716 0.720950 0.015378 0.015468
0 0.570872 0.772512 0.015623 0.015206
0 0.756659 0.129561 0.015482 0.015326
0 0.715180 0.223455 0.015522 0.015259
0 0.889550 0.836104 0.015569 0.015207
0 0.031512 0.697694 0.015512 0.015259
0 0.245360 0.118721 0.015180 0.015517
0 0.556830 0.736728 0.015119 0.015574
0 0.408883 0.823095 0.015433 0.015254
0 0.500570 0.277505 0.015256 0.015420
0 0.979510 0.268170 0.015390 0.015174
0 0.842377 0.815591 0.015430 0.015132
0 0.329767 0.662801 0.015373 0.015170
0 0.790186 0.242222 0.015226 0.015277
0 0.668148 0.497090 0.015398 0.015081
0 0.706588 0.800302 0.015315 0.015082
0 0.778587 0.353795 0.015290 0.015038
0 0.744575 0.505499 0.015322 0.014989
0 0.924009 0.417217 0.015101 0.015198
0 0.160626 0.379660 0.015221 0.015018
0 0.306540 0.376400 0.015245 0.014969
0 0.324738 0.047090 0.015005 0.015200
0 0.738030 0.524888 0.015118 0.015084
0 0.849474 0.395373 0.015190 0.015006
0 0.180207 0.610382 0.015181 0.015005
0 0.108411 0.029249 0.015333 0.014849
0 0.387962 0.749788 0.015089 0.015065
0 0.861821 0.677795 0.015031 0.015040
0 0.369377 0.883100 0.014935 0.015121
0 0.167032 0.557819 0.015036 0.014998
0 0.741021 0.193637 0.015020 0.014957
0 0.981969 0.554843 0.015059 0.014820
0 0.247998 0.643985 0.014948 0.014908
0 0.859465 0.462248 0.014910 0.014749
0 0.967042 0.666879 0.014954 0.014643
0 0.578727 0.792678 0.014907 0.014686
0 0.877897 0.517458 0.014933 0.014441
0 0.900457 0.422044 0.014509 0.014430
0 0.781190 0.005206 0.016027 0.010411
0 0.991131 0.993759 0.013602 0.012038
0 0.003298 0.131643 0.006596 0.018525
0 0.003208 0.644717 0.006416 0.016682
