0 0.488557 0.965273 0.017236 0.017115
0 0.958219 0.438993 0.017125 0.017080
0 0.517987 0.731358 0.016961 0.017026
0 0.285359 0.522056 0.016873 0.017081
0 0.931300 0.167942 0.016754 0.017021
0 0.809814 0.036569 0.016784 0.016857
0 0.026191 0.431880 0.016832 0.016703
0 0.614302 0.623679 0.016785 0.016580
0 0.694173 0.589526 0.016704 0.016604
0 0.073518 0.897103 0.016648 0.016648
0 0.069048 0.861538 0.016770 0.016515
0 0.281608 0.628161 0.016617 0.016623
0 0.353025 0.566142 0.016741 0.016479
0 0.261944 0.158416 0.016644 0.016458
0 0.690875 0.721020 0.016590 0.016502
0 0.463104 0.451010 0.016599 0.016484
0 0.617973 0.533319 0.016549 0.016528
0 0.100602 0.421189 0.016552 0.016500
0 0.061062 0.678554 0.016538 0.016471
0 0.905365 0.165955 0.016599 0.016384
0 0.209898 0.657057 0.016354 0.016597
0 0.270963 0.857664 0.016553 0.016342
0 0.489746 0.658390 0.016377 0.016482
0 0.957604 0.025955 0.016908 0.015910
0 0.718002 0.078425 0.016432 0.016369
0 0.893480 0.024371 0.016449 0.016267
0 0.358462 0.391245 0.016456 0.016245
0 0.600873 0.459262 0.016272 0.016400
0 0.664563 0.572999 0.016412 0.016255
0 0.178462 0.262007 0.016444 0.016166
0 0.913340 0.236920 0.016151 0.016448
0 0.787089 0.158277 0.016261 0.016295
0 0.677648 0.900047 0.016445 0.016092
0 0.889836 0.395572 0.016152 0.016357
0 0.747360 0.916252 0.016252 0.016255
0 0.808324 0.702926 0.016261 0.016189
0 0.555111 0.191468 0.016508 0.015939
0 0.756518 0.657479 0.016199 0.016220
0 0.008006 0.960398 0.015528 0.016877
0 0.646066 0.373715 0.016172 0.016169
0 0.509027 0.329175 0.016337 0.015991
0 0.142800 0.824026 0.016253 0.016068
0 0.484425 0.276114 0.016161 0.016152
0 0.145576 0.457456 0.016144 0.016169
0 0.022174 0.154482 0.016193 0.016051
0 0.936643 0.721348 0.016151 0.016070
0 0.855432 0.980168 0.016269 0.015950
0 0.030350 0.075644 0.016344 0.015875
0 0.959763 0.856843 0.016167 0.016019
0 0.157116 0.331655 0.016164 0.016012
0 0.867957 0.525457 0.016227 0.015947
0 0.875092 0.836161 0.016030 0.016141
0 0.374419 0.585750 0.016145 0.016024
0 0.745890 0.506563 0.016045 0.016071
0 0.235205 0.374526 0.016217 0.015876
0 0.117979 0.118461 0.016164 0.015881
0 0.458632 0.768779 0.015783 0.016254
0 0.869191 0.472906 0.015955 0.016075
0 0.180665 0.608799 0.016026 0.015973
0 0.597241 0.160548 0.016119 0.015880
0 0.033040 0.533258 0.016064 0.015913
0 0.310378 0.871948 0.015942 0.016002
0 0.987067 0.816577 0.016148 0.015787
0 0.229294 0.321206 0.016016 0.015865
0 0.863191 0.675598 0.015944 0.015930
0 0.485922 0.436017 0.015934 0.015934
0 0.714637 0.757405 0.016203 0.015636
0 0.503231 0.631516 0.016019 0.015798
0 0.505377 0.538322 0.015969 0.015839
0 0.673258 0.500270 0.016043 0.015752
0 0.093898 0.544467 0.015849 0.015918
0 0.063142 0.512067 0.015783 0.015975
0 0.513893 0.675131 0.015867 0.015855
0 0.872768 0.201370 0.015711 0.015979
0 0.718179 0.234462 0.015853 0.015824
0 0.198523 0.382735 0.015741 0.015915
0 0.866085 0.272301 0.016029 0.015603
0 0.824510 0.521173 0.015875 0.015724
0 0.204183 0.716357 0.015731 0.015857
0 0.805255 0.457402 0.015726 0.015817
0 0.454383 0.116609 0.015821 0.015697
0 0.633360 0.272543 0.015726 0.015781
0 0.813603 0.371701 0.015868 0.015630
0 0.219071 0.479534 0.015938 0.015550
0 0.361369 0.353506 0.015623 0.015859
0 0.203507 0.565609 0.015963 0.015516
0 0.594767 0.706961 0.015831 0.015634
0 0.990494 0.238347 0.015863 0.015575
0 0.280066 0.585391 0.015769 0.015644
0 0.433629 0.240508 0.015738 0.015674
0 0.804080 0.287529 0.015770 0.015633
0 0.017134 0.823755 0.015758 0.015634
0 0.371656 0.778004 0.015854 0.015539
0 0.540074 0.458101 0.015859 0.015534
0 0.154498 0.600053 0.015816 0.015561
0 0.173396 0.562995 0.015869 0.015507
0 0.835724 0.931974 0.015695 0.015673
0 0.829839 0.593323 0.015735 0.015631
0 0.281710 0.801594 0.015765 0.015557
0 0.847146 0.621240 0.015666 0.015576
0 0.326368 0.662912 0.015673 0.015522
0 0.398664 0.804615 0.015653 0.015505
0 0.727356 0.301747 0.015517 0.015607
0 0.503772 0.855258 0.015701 0.015390
0 0.617468 0.327203 0.015534 0.015465
0 0.870780 0.258878 0.015682 0.015315
0 0.556187 0.734083 0.015428 0.015552
0 0.295367 0.712338 0.015486 0.015443
0 0.144194 0.007742 0.015965 0.014959
0 0.281317 0.271537 0.015634 0.015258
0 0.576905 0.790842 0.015509 0.015351
0 0.803643 0.114715 0.015502 0.015345
0 0.343027 0.765075 0.015463 0.015355
0 0.979570 0.551171 0.015680 0.015114
0 0.062734 0.709280 0.015332 0.015456
0 0.879192 0.581680 0.015438 0.015328
0 0.961917 0.667899 0.015386 0.015260
0 0.103994 0.015690 0.015391 0.015180
0 0.031560 0.699827 0.015228 0.015306
0 0.180768 0.073692 0.015319 0.015201
0 0.703472 0.774064 0.015295 0.015187
0 0.195858 0.095593 0.015262 0.015159
0 0.946434 0.587133 0.015300 0.015112
0 0.331572 0.192940 0.015321 0.015039
0 0.033663 0.785103 0.015382 0.014896
0 0.434549 0.375501 0.015291 0.014942
0 0.644166 0.425686 0.015185 0.015017
0 0.772264 0.351506 0.015221 0.014913
0 0.224659 0.752283 0.015051 0.014811
0 0.303615 0.468112 0.014615 0.014674
0 0.735227 0.994289 0.017012 0.011421
0 0.222472 0.921229 0.013734 0.013671
0 0.553180 0.994560 0.015207 0.010880
0 0.004678 0.397138 0.009356 0.016377
0 0.312925 0.003660 0.015210 0.007319
0 0.002898 0.858090 0.005797 0.014955
0 0.250913 0.997470 0.016905 0.005061
0 0.002494 0.601969 0.004988 0.015153
