0 0.026272 0.332618 0.018425 0.018294
0 0.368712 0.012538 0.017260 0.017164
0 0.381374 0.421052 0.016919 0.016885
0 0.935610 0.525672 0.016777 0.016552
0 0.478864 0.027595 0.016674 0.016512
0 0.967348 0.252205 0.016565 0.016612
0 0.647357 0.328543 0.016654 0.016452
0 0.043587 0.802542 0.016419 0.016656
0 0.313926 0.443867 0.016534 0.016530
0 0.268190 0.908875 0.016328 0.016722
0 0.878994 0.852836 0.016582 0.016354
0 0.349914 0.312313 0.016605 0.016319
0 0.578107 0.508669 0.016418 0.016471
0 0.295847 0.498761 0.016466 0.016389
0 0.857286 0.783073 0.016414 0.016425
0 0.526817 0.407262 0.016491 0.016310
0 0.141912 0.705873 0.016522 0.016258
0 0.930658 0.955269 0.016468 0.016288
0 0.009423 0.962790 0.016393 0.016362
0 0.012376 0.203371 0.016124 0.016611
0 0.616561 0.786112 0.016347 0.016326
0 0.642321 0.382372 0.016252 0.016412
0 0.236059 0.011832 0.016284 0.016374
0 0.645480 0.582704 0.016354 0.016294
0 0.132720 0.342790 0.016541 0.016090
0 0.267748 0.456717 0.016415 0.016175
0 0.591326 0.873735 0.016257 0.016306
0 0.864490 0.469096 0.016162 0.016316
0 0.325038 0.372355 0.016272 0.016198
0 0.510562 0.089367 0.016104 0.016328
0 0.101597 0.203359 0.016148 0.016260
0 0.616591 0.327012 0.016353 0.016022
0 0.325154 0.250173 0.016338 0.016014
0 0.502946 0.685232 0.016291 0.016043
0 0.506870 0.943173 0.016177 0.016143
0 0.844190 0.934016 0.016158 0.016101
0 0.229781 0.284075 0.016156 0.016099
0 0.237916 0.391272 0.016067 0.016187
0 0.607185 0.599014 0.016090 0.016157
0 0.619998 0.439193 0.016117 0.016113
0 0.852062 0.407917 0.016278 0.015946
0 0.927061 0.900791 0.016311 0.015844
0 0.808836 0.834856 0.016110 0.015981
0 0.531679 0.589310 0.016061 0.016001
0 0.481559 0.282307 0.016323 0.015652
0 0.895317 0.953245 0.016142 0.015826
0 0.503781 0.366611 0.016179 0.015785
0 0.008606 0.116682 0.015457 0.016494
0 0.107688 0.079689 0.015940 0.015987
0 0.617756 0.531259 0.016065 0.015853
0 0.108989 0.096692 0.016251 0.015653
0 0.262608 0.641339 0.015826 0.016065
0 0.672282 0.725074 0.016016 0.015856
0 0.695025 0.941035 0.015956 0.015909
0 0.781539 0.272741 0.015797 0.016062
0 0.840506 0.287784 0.016149 0.015701
0 0.949646 0.574404 0.015826 0.016008
0 0.370477 0.218453 0.015952 0.015872
0 0.781596 0.229856 0.015981 0.015826
0 0.410295 0.250218 0.015940 0.015862
0 0.013447 0.464185 0.015651 0.016146
0 0.371352 0.164625 0.015850 0.015937
0 0.017861 0.641523 0.015799 0.015972
0 0.500244 0.468486 0.015886 0.015867
0 0.144948 0.571710 0.015998 0.015755
0 0.925336 0.851247 0.015899 0.015850
0 0.370455 0.672639 0.015896 0.015843
0 0.829633 0.955584 0.015832 0.015893
0 0.481289 0.258498 0.015962 0.015754
0 0.717157 0.227556 0.015972 0.015726
0 0.545585 0.724839 0.016245 0.015444
0 0.090804 0.870650 0.015975 0.015697
0 0.302110 0.349074 0.015990 0.015673
0 0.577254 0.247081 0.015854 0.015799
0 0.622507 0.813603 0.015777 0.015850
0 0.484893 0.654052 0.015841 0.015750
0 0.864802 0.303765 0.015985 0.015600
0 0.890188 0.729608 0.015899 0.015672
0 0.300426 0.517699 0.015850 0.015714
0 0.505875 0.539717 0.015830 0.015718
0 0.559673 0.605370 0.015789 0.015742
0 0.779700 0.354828 0.015673 0.015777
0 0.183508 0.739959 0.015920 0.015520
0 0.881173 0.390183 0.015724 0.015686
0 0.927738 0.636664 0.015730 0.015628
0 0.799453 0.634160 0.015652 0.015691
0 0.048968 0.551273 0.015671 0.015656
0 0.565870 0.883135 0.015682 0.015641
0 0.047436 0.224354 0.015543 0.015715
0 0.443791 0.762632 0.015486 0.015750
0 0.661095 0.633031 0.015547 0.015615
0 0.670014 0.497312 0.015563 0.015578
0 0.760780 0.107008 0.015541 0.015559
0 0.086448 0.444967 0.015656 0.015431
0 0.205028 0.680123 0.015740 0.015328
0 0.203673 0.092671 0.015793 0.015276
0 0.746182 0.506032 0.015504 0.015546
0 0.174052 0.558546 0.015448 0.015574
0 0.966100 0.666314 0.015688 0.015323
0 0.125880 0.683276 0.015467 0.015505
0 0.314396 0.220094 0.015393 0.015542
0 0.504835 0.629378 0.015456 0.015237
0 0.700387 0.009116 0.015347 0.015342
0 0.836865 0.106496 0.015404 0.015282
0 0.180998 0.610032 0.015337 0.015333
0 0.127880 0.751846 0.015486 0.015184
0 0.277660 0.752468 0.015332 0.015316
0 0.329424 0.661473 0.015343 0.015206
0 0.705072 0.764587 0.015283 0.015265
0 0.413476 0.852312 0.015358 0.015175
0 0.029892 0.531329 0.015185 0.015343
0 0.056082 0.080607 0.015245 0.015245
0 0.970559 0.789948 0.015186 0.015290
0 0.826910 0.057475 0.015422 0.015053
0 0.981917 0.553889 0.015430 0.015034
0 0.059770 0.707206 0.015314 0.015087
0 0.935395 0.006651 0.017295 0.013301
0 0.041915 0.394385 0.015354 0.014954
0 0.234879 0.095465 0.015077 0.015213
0 0.904512 0.206114 0.015308 0.014976
0 0.578369 0.790772 0.015256 0.015026
0 0.435150 0.790109 0.015164 0.015037
0 0.179268 0.073788 0.015309 0.014847
0 0.881231 0.581721 0.015215 0.014934
0 0.295830 0.993380 0.017083 0.013239
0 0.834463 0.445524 0.014867 0.015191
0 0.854473 0.674326 0.015151 0.014902
0 0.662317 0.535162 0.015072 0.014975
0 0.281982 0.800434 0.014954 0.015004
0 0.794207 0.152310 0.015062 0.014840
0 0.367931 0.780348 0.014875 0.015001
0 0.796507 0.946799 0.015006 0.014802
0 0.424359 0.743746 0.014921 0.014864
0 0.369655 0.884851 0.014932 0.014843
0 0.021456 0.026985 0.014905 0.014828
0 0.924914 0.428210 0.014822 0.014727
0 0.988899 0.175821 0.014672 0.014812
0 0.646056 0.427147 0.014760 0.014437
0 0.005704 0.599313 0.011407 0.015117
0 0.760325 0.003169 0.016315 0.006337
0 0.997955 0.483284 0.004090 0.015636
