0 0.022062 0.307848 0.017795 0.017690
0 0.011354 0.009297 0.017689 0.017777
0 0.192374 0.450220 0.017639 0.017618
0 0.380114 0.193339 0.017560 0.017593
0 0.072634 0.520997 0.016749 0.016918
0 0.782644 0.941504 0.016764 0.016806
0 0.031700 0.871464 0.016560 0.016743
0 0.084771 0.215549 0.016752 0.016519
0 0.160915 0.574709 0.016590 0.016655
0 0.118103 0.441688 0.016700 0.016461
0 0.311191 0.968337 0.016485 0.016530
0 0.610991 0.859836 0.016387 0.016410
0 0.521732 0.601072 0.016452 0.016320
0 0.371812 0.639315 0.016320 0.016441
0 0.127729 0.357553 0.016299 0.016456
0 0.244116 0.270699 0.016474 0.016276
0 0.756931 0.923867 0.016643 0.016045
0 0.283418 0.324207 0.016459 0.016210
0 0.493601 0.928362 0.016409 0.016246
0 0.915730 0.918262 0.016437 0.016212
0 0.939966 0.557877 0.016348 0.016253
0 0.535187 0.395888 0.016308 0.016279
0 0.259173 0.459773 0.016390 0.016183
0 0.617677 0.532401 0.016363 0.016171
0 0.236307 0.785584 0.016349 0.016175
0 0.527392 0.731263 0.016310 0.016165
0 0.400165 0.212165 0.016179 0.016292
0 0.406972 0.872558 0.016349 0.016098
0 0.320667 0.533293 0.016228 0.016177
0 0.302136 0.409078 0.016166 0.016211
0 0.864920 0.762951 0.016217 0.016143
0 0.528561 0.132614 0.016272 0.016087
0 0.688909 0.714968 0.016128 0.016227
0 0.895174 0.370084 0.016344 0.015952
0 0.084141 0.069674 0.016165 0.016110
0 0.576526 0.788172 0.016370 0.015855
0 0.522282 0.634460 0.016118 0.016100
0 0.306842 0.287153 0.016032 0.016181
0 0.877004 0.035228 0.016093 0.016117
0 0.875749 0.318350 0.016023 0.016165
0 0.691989 0.327102 0.016165 0.016012
0 0.121973 0.714137 0.016254 0.015913
0 0.614064 0.574052 0.016240 0.015916
0 0.912724 0.188415 0.016067 0.015947
0 0.935647 0.631671 0.015907 0.016077
0 0.942474 0.941174 0.015970 0.016012
0 0.369504 0.019467 0.016095 0.015874
0 0.936674 0.876556 0.015983 0.015961
0 0.297533 0.241885 0.016027 0.015905
0 0.663211 0.633476 0.015953 0.015956
0 0.531022 0.331809 0.016008 0.015864
0 0.028354 0.218105 0.015828 0.016027
0 0.614848 0.808138 0.016042 0.015788
0 0.915364 0.325689 0.015963 0.015852
0 0.459075 0.625337 0.015971 0.015770
0 0.357198 0.453102 0.015904 0.015824
0 0.249243 0.335329 0.015922 0.015776
0 0.766304 0.099797 0.015940 0.015754
0 0.966212 0.256271 0.015853 0.015838
0 0.056594 0.027863 0.015923 0.015740
0 0.368356 0.905032 0.015775 0.015877
0 0.032102 0.532867 0.015874 0.015773
0 0.178991 0.071384 0.016040 0.015539
0 0.906334 0.413815 0.015706 0.015869
0 0.617854 0.326907 0.015824 0.015725
0 0.966247 0.665138 0.015950 0.015597
0 0.767662 0.229457 0.015960 0.015586
0 0.050863 0.761543 0.015596 0.015948
0 0.850895 0.791476 0.015551 0.015971
0 0.889638 0.854110 0.015899 0.015617
0 0.897528 0.120992 0.015726 0.015723
0 0.474065 0.024270 0.015817 0.015585
0 0.932357 0.025238 0.015836 0.015541
0 0.303873 0.470326 0.015687 0.015653
0 0.231772 0.097820 0.015895 0.015445
0 0.563728 0.502849 0.015698 0.015626
0 0.357397 0.312298 0.015909 0.015394
0 0.840048 0.954553 0.015710 0.015588
0 0.657534 0.373491 0.015672 0.015618
0 0.535584 0.698486 0.015750 0.015532
0 0.881065 0.479858 0.015763 0.015495
0 0.677567 0.436990 0.015869 0.015347
0 0.582301 0.985350 0.015577 0.015623
0 0.814119 0.410040 0.015601 0.015583
0 0.505582 0.539294 0.015647 0.015509
0 0.984243 0.457741 0.015598 0.015557
0 0.745686 0.506385 0.015454 0.015686
0 0.933393 0.281587 0.015414 0.015685
0 0.491695 0.263259 0.015418 0.015679
0 0.150640 0.637248 0.015518 0.015575
0 0.733958 0.677654 0.015538 0.015545
0 0.949334 0.093564 0.015731 0.015350
0 0.706802 0.762902 0.015638 0.015407
0 0.745315 0.256413 0.015559 0.015483
0 0.858615 0.433943 0.015676 0.015363
0 0.681632 0.546645 0.015557 0.015475
0 0.075743 0.676470 0.015516 0.015501
0 0.322710 0.667092 0.015654 0.015363
0 0.520089 0.466037 0.015642 0.015348
0 0.008228 0.958280 0.015123 0.015854
0 0.550941 0.939126 0.015397 0.015521
0 0.283414 0.800346 0.015468 0.015428
0 0.227804 0.855604 0.015398 0.015457
0 0.075272 0.390710 0.015379 0.015464
0 0.038603 0.128520 0.015144 0.015662
0 0.228881 0.377605 0.015451 0.015333
0 0.564462 0.736780 0.015466 0.015310
0 0.061560 0.708502 0.015583 0.015148
0 0.463059 0.790153 0.015348 0.015370
0 0.760235 0.017594 0.015288 0.015397
0 0.718050 0.227594 0.015446 0.015234
0 0.133182 0.754370 0.015411 0.015242
0 0.408413 0.427948 0.015254 0.015331
0 0.506956 0.793910 0.015203 0.015353
0 0.628283 0.278073 0.015310 0.015207
0 0.436254 0.741283 0.015298 0.015216
0 0.084432 0.903514 0.015330 0.015184
0 0.181707 0.611802 0.015363 0.015102
0 0.801740 0.185150 0.015215 0.015241
0 0.900101 0.242187 0.015293 0.015145
0 0.857886 0.560368 0.015144 0.015262
0 0.645465 0.426930 0.015224 0.015168
0 0.768267 0.782075 0.015550 0.014841
0 0.716968 0.007566 0.015554 0.014805
0 0.668809 0.496561 0.015133 0.015191
0 0.879298 0.582102 0.015193 0.015118
0 0.034962 0.697005 0.015372 0.014921
0 0.324880 0.934031 0.015165 0.015124
0 0.363841 0.866239 0.015104 0.015086
0 0.979805 0.553043 0.015281 0.014903
0 0.845106 0.537198 0.015138 0.015002
0 0.772056 0.354205 0.015178 0.014878
0 0.865395 0.679292 0.015092 0.014849
0 0.571634 0.290713 0.014799 0.014787
0 0.992153 0.291420 0.014558 0.014931
0 0.217354 0.693522 0.014819 0.014638
0 0.570807 0.686688 0.014831 0.014604
0 0.877695 0.401923 0.014631 0.014668
0 0.399852 0.162688 0.014583 0.014680
0 0.066425 0.830732 0.014747 0.014419
0 0.005561 0.188874 0.011123 0.017816
0 0.005702 0.769621 0.011402 0.017016
0 0.996714 0.129804 0.006571 0.014121
