0 0.009570 0.698893 0.017356 0.017711
0 0.672601 0.822336 0.017644 0.017383
0 0.019314 0.199951 0.017109 0.017712
0 0.134128 0.330732 0.017236 0.017244
0 0.064078 0.913455 0.016853 0.016873
0 0.149045 0.733386 0.016815 0.016905
0 0.661078 0.579115 0.017012 0.016642
0 0.504316 0.669576 0.016724 0.016913
0 0.453444 0.475259 0.016912 0.016682
0 0.025551 0.668497 0.016695 0.016814
0 0.052231 0.810782 0.016770 0.016600
0 0.074567 0.639678 0.016505 0.016739
0 0.573164 0.604010 0.016393 0.016822
0 0.372438 0.467760 0.016794 0.016348
0 0.184488 0.383283 0.016491 0.016647
0 0.244006 0.751344 0.016589 0.016385
0 0.708546 0.580936 0.016250 0.016725
0 0.716528 0.218278 0.016603 0.016330
0 0.907946 0.897590 0.016407 0.016488
0 0.581325 0.633384 0.016535 0.016349
0 0.493670 0.950548 0.016608 0.016277
0 0.209513 0.581546 0.016465 0.016396
0 0.115421 0.560155 0.016352 0.016504
0 0.084735 0.894302 0.016261 0.016579
0 0.167455 0.708775 0.016455 0.016383
0 0.143193 0.225773 0.016484 0.016328
0 0.902892 0.209493 0.016561 0.016248
0 0.386506 0.054203 0.016472 0.016333
0 0.367221 0.540474 0.016355 0.016394
0 0.664539 0.348766 0.016584 0.016137
0 0.832535 0.363362 0.016460 0.016176
0 0.720003 0.910614 0.016377 0.016215
0 0.623924 0.396815 0.016315 0.016264
0 0.319127 0.238984 0.016412 0.016161
0 0.418832 0.634803 0.016377 0.016149
0 0.107022 0.244723 0.016345 0.016173
0 0.920427 0.422211 0.016150 0.016360
0 0.819114 0.841272 0.016154 0.016328
0 0.946031 0.577097 0.016182 0.016240
0 0.909729 0.552230 0.016163 0.016255
0 0.272877 0.918335 0.016071 0.016328
0 0.190658 0.049527 0.016419 0.015944
0 0.541758 0.692410 0.016211 0.016109
0 0.625103 0.660253 0.016165 0.016149
0 0.055928 0.893801 0.016046 0.016238
0 0.436860 0.784931 0.015978 0.016253
0 0.616784 0.531719 0.016223 0.015917
0 0.764456 0.140731 0.015952 0.016159
0 0.228112 0.377999 0.016085 0.016024
0 0.043825 0.844053 0.016168 0.015918
0 0.040859 0.413442 0.016137 0.015948
0 0.110326 0.489886 0.016006 0.016040
0 0.855664 0.162527 0.016151 0.015887
0 0.884390 0.402871 0.016061 0.015951
0 0.265697 0.966005 0.016020 0.015984
0 0.328396 0.661443 0.016108 0.015877
0 0.521922 0.280424 0.015886 0.016094
0 0.520267 0.079913 0.016141 0.015820
0 0.454286 0.149597 0.016132 0.015827
0 0.509987 0.453034 0.015960 0.015987
0 0.618196 0.326673 0.016001 0.015932
0 0.163011 0.778630 0.015754 0.016063
0 0.917245 0.752211 0.015985 0.015828
0 0.371955 0.899801 0.016044 0.015703
0 0.812757 0.988657 0.015895 0.015833
0 0.705521 0.742546 0.015910 0.015802
0 0.849314 0.498046 0.015911 0.015795
0 0.294362 0.522854 0.015809 0.015867
0 0.362825 0.323309 0.015734 0.015862
0 0.443846 0.756007 0.015875 0.015700
0 0.723251 0.688979 0.015796 0.015758
0 0.397592 0.471531 0.015828 0.015716
0 0.021605 0.124625 0.015878 0.015650
0 0.455399 0.221804 0.015819 0.015651
0 0.747320 0.507127 0.015711 0.015738
0 0.991216 0.310580 0.015359 0.016067
0 0.740197 0.045572 0.015776 0.015639
0 0.105611 0.009686 0.015536 0.015878
0 0.489854 0.989105 0.015691 0.015705
0 0.693320 0.265002 0.015738 0.015619
0 0.484218 0.372873 0.015725 0.015608
0 0.031243 0.531710 0.015568 0.015753
0 0.007066 0.252436 0.014035 0.017411
0 0.580115 0.975229 0.015709 0.015554
0 0.558196 0.729760 0.015717 0.015544
0 0.657202 0.732701 0.015533 0.015674
0 0.745154 0.114101 0.015605 0.015575
0 0.061779 0.708704 0.015764 0.015403
0 0.556701 0.349035 0.015662 0.015484
0 0.896527 0.843702 0.015669 0.015464
0 0.210227 0.470449 0.015555 0.015546
0 0.645582 0.426610 0.015494 0.015598
0 0.715901 0.515354 0.015504 0.015540
0 0.134384 0.410040 0.015682 0.015292
0 0.505359 0.540239 0.015506 0.015393
0 0.007441 0.962238 0.014858 0.016005
0 0.306708 0.251770 0.015426 0.015388
0 0.504934 0.590569 0.015492 0.015318
0 0.964958 0.943538 0.015162 0.015629
0 0.292452 0.503417 0.015367 0.015398
0 0.668488 0.497686 0.015444 0.015238
0 0.979701 0.552802 0.015602 0.015006
0 0.762539 0.019862 0.015098 0.015479
0 0.879144 0.581115 0.015347 0.015226
0 0.103014 0.426812 0.015246 0.015307
0 0.965880 0.666146 0.015412 0.015126
0 0.303748 0.468224 0.015262 0.015183
0 0.769048 0.238670 0.015391 0.014990
0 0.857383 0.427581 0.015174 0.015201
0 0.440390 0.855983 0.015284 0.015091
0 0.437997 0.287798 0.015295 0.015020
0 0.699736 0.986344 0.015083 0.015166
0 0.303231 0.423944 0.015161 0.015043
0 0.898057 0.433061 0.015259 0.014945
0 0.795327 0.818908 0.015172 0.015026
0 0.953365 0.307732 0.015234 0.014958
0 0.178649 0.611775 0.015253 0.014920
0 0.862303 0.678438 0.015017 0.015129
0 0.063025 0.074579 0.015159 0.014932
0 0.223820 0.653922 0.015079 0.014986
0 0.283774 0.801974 0.015085 0.014953
0 0.252708 0.312599 0.015034 0.014886
0 0.772473 0.350420 0.015027 0.014830
0 0.342150 0.869855 0.014993 0.014793
0 0.842110 0.402375 0.014740 0.014923
0 0.169438 0.562497 0.014830 0.014820
0 0.688337 0.755780 0.014746 0.014873
0 0.579007 0.791953 0.014948 0.014632
0 0.533557 0.722481 0.014513 0.014780
0 0.096754 0.027541 0.014642 0.014632
0 0.468856 0.291832 0.014647 0.014332
0 0.994783 0.092469 0.010434 0.014506
0 0.994914 0.340735 0.010172 0.014854
0 0.876712 0.995537 0.014560 0.008926
0 0.002109 0.159573 0.004217 0.016453
0 0.002083 0.422221 0.004166 0.015303
