0 0.085473 0.849665 0.017247 0.017075
0 0.015739 0.581790 0.017145 0.017078
0 0.299778 0.470445 0.017007 0.017181
0 0.226745 0.054740 0.017040 0.016711
0 0.414023 0.390999 0.017028 0.016714
0 0.168528 0.008163 0.017486 0.016204
0 0.645883 0.609694 0.016925 0.016604
0 0.386111 0.214305 0.016765 0.016663
0 0.922856 0.419939 0.016678 0.016680
0 0.051595 0.822930 0.016541 0.016694
0 0.616150 0.532859 0.016646 0.016495
0 0.064895 0.652544 0.016544 0.016550
0 0.317464 0.387509 0.016820 0.016262
0 0.290333 0.285253 0.016625 0.016436
0 0.128082 0.549263 0.016837 0.016170
0 0.429460 0.301345 0.016438 0.016505
0 0.354882 0.616442 0.016480 0.016424
0 0.502318 0.938399 0.016511 0.016345
0 0.507892 0.107959 0.016555 0.016288
0 0.014672 0.913011 0.016438 0.016398
0 0.094108 0.732103 0.016478 0.016319
0 0.205937 0.376657 0.016398 0.016336
0 0.894607 0.767780 0.016375 0.016322
0 0.462630 0.460363 0.016253 0.016437
0 0.416114 0.610201 0.016419 0.016171
0 0.276160 0.648986 0.016488 0.016044
0 0.427324 0.698421 0.016345 0.016162
0 0.084293 0.530326 0.016279 0.016183
0 0.502196 0.706294 0.016320 0.016136
0 0.908415 0.199714 0.016396 0.016006
0 0.225901 0.168066 0.016273 0.016099
0 0.640292 0.651542 0.016197 0.016144
0 0.190257 0.708031 0.016228 0.016110
0 0.451917 0.612722 0.016406 0.015925
0 0.894878 0.915664 0.016256 0.015975
0 0.077512 0.360134 0.016247 0.015981
0 0.864369 0.319468 0.016266 0.015944
0 0.239737 0.090506 0.016173 0.015976
0 0.623484 0.461874 0.016107 0.016030
0 0.230306 0.710397 0.015902 0.016227
0 0.082963 0.059990 0.016021 0.016074
0 0.276684 0.361893 0.016038 0.015975
0 0.691742 0.722470 0.015879 0.016123
0 0.532720 0.458734 0.015945 0.016054
0 0.817673 0.414846 0.016014 0.015915
0 0.061954 0.097121 0.015955 0.015963
0 0.519637 0.787921 0.015973 0.015934
0 0.290543 0.538221 0.016104 0.015745
0 0.850630 0.965747 0.015819 0.015993
0 0.498252 0.605195 0.015911 0.015890
0 0.346673 0.247385 0.015933 0.015830
0 0.966241 0.438104 0.016010 0.015742
0 0.232558 0.856680 0.015989 0.015761
0 0.635723 0.383471 0.015857 0.015881
0 0.566338 0.489941 0.015997 0.015736
0 0.051257 0.875408 0.015838 0.015869
0 0.505466 0.416233 0.016005 0.015654
0 0.200082 0.735921 0.015818 0.015838
0 0.620951 0.862314 0.015733 0.015888
0 0.526010 0.160264 0.015812 0.015805
0 0.670057 0.497975 0.015827 0.015767
0 0.933715 0.576897 0.015927 0.015662
0 0.703971 0.942757 0.015879 0.015690
0 0.008896 0.962345 0.015818 0.015693
0 0.327135 0.665530 0.015793 0.015716
0 0.545756 0.252861 0.015817 0.015687
0 0.887168 0.211310 0.015858 0.015615
0 0.209103 0.878372 0.015731 0.015716
0 0.959426 0.853331 0.015783 0.015636
0 0.208163 0.287120 0.015761 0.015638
0 0.521640 0.869918 0.015658 0.015710
0 0.693633 0.586202 0.015805 0.015490
0 0.103697 0.440478 0.015742 0.015547
0 0.749580 0.840782 0.015707 0.015577
0 0.919544 0.624733 0.015579 0.015702
0 0.979139 0.284041 0.015490 0.015780
0 0.834407 0.736653 0.015492 0.015777
0 0.317152 0.338650 0.015737 0.015530
0 0.968381 0.793104 0.015611 0.015622
0 0.859006 0.030774 0.015939 0.015234
0 0.506984 0.535046 0.015627 0.015520
0 0.981559 0.554294 0.015804 0.015343
0 0.616717 0.324178 0.015514 0.015573
0 0.706338 0.764012 0.015578 0.015505
0 0.224513 0.538992 0.015485 0.015598
0 0.557486 0.731251 0.015494 0.015555
0 0.330925 0.827807 0.015441 0.015590
0 0.886409 0.979319 0.015580 0.015447
0 0.509166 0.325966 0.015526 0.015480
0 0.776394 0.349517 0.015652 0.015335
0 0.040344 0.702013 0.015377 0.015592
0 0.528027 0.281591 0.015368 0.015543
0 0.181325 0.612304 0.015547 0.015334
0 0.746537 0.506540 0.015453 0.015407
0 0.035048 0.533413 0.015493 0.015357
0 0.791211 0.062995 0.015469 0.015370
0 0.862960 0.677163 0.015400 0.015398
0 0.394253 0.765614 0.015311 0.015474
0 0.586986 0.830249 0.015556 0.015227
0 0.445341 0.989993 0.015375 0.015355
0 0.782015 0.164762 0.015425 0.015293
0 0.441566 0.826204 0.015465 0.015203
0 0.798791 0.671483 0.015388 0.015278
0 0.747505 0.103574 0.015344 0.015315
0 0.038508 0.206250 0.015342 0.015301
0 0.873833 0.836665 0.015524 0.015100
0 0.859973 0.523366 0.015380 0.015209
0 0.832812 0.479002 0.015284 0.015280
0 0.032899 0.354913 0.015215 0.015341
0 0.598728 0.755204 0.015309 0.015246
0 0.091237 0.615293 0.015360 0.015187
0 0.717712 0.227593 0.015455 0.015092
0 0.173656 0.777212 0.015234 0.015258
0 0.985995 0.312063 0.015390 0.015098
0 0.871946 0.351396 0.015298 0.015169
0 0.775286 0.274337 0.015213 0.015206
0 0.283186 0.801658 0.015154 0.015173
0 0.967744 0.666354 0.015441 0.014880
0 0.644905 0.424562 0.015171 0.015085
0 0.807034 0.940884 0.015206 0.015043
0 0.879906 0.581332 0.015159 0.015062
0 0.201343 0.392008 0.015097 0.015062
0 0.578226 0.790322 0.014995 0.014955
0 0.064137 0.706830 0.015065 0.014860
0 0.636761 0.504507 0.014974 0.014921
0 0.824678 0.185536 0.014914 0.014966
0 0.315822 0.890876 0.014777 0.015061
0 0.853465 0.475542 0.014890 0.014827
0 0.939279 0.176070 0.014836 0.014880
0 0.172283 0.563171 0.014803 0.014908
0 0.500045 0.627540 0.014899 0.014803
0 0.507793 0.640036 0.014945 0.014736
0 0.849302 0.209161 0.014913 0.014733
0 0.532854 0.721945 0.014760 0.014549
0 0.750936 0.018402 0.014569 0.014623
0 0.913479 0.170533 0.014394 0.013875
0 0.558316 0.994058 0.015388 0.011885
0 0.005300 0.272606 0.010599 0.015975
0 0.002765 0.133853 0.005530 0.015721
0 0.997522 0.132408 0.004957 0.014282
0 0.893655 0.997437 0.012549 0.005126
