0 0.498198 0.635748 0.017805 0.017538
0 0.957474 0.549688 0.017442 0.017183
0 0.396984 0.440984 0.017384 0.017162
0 0.166902 0.575170 0.016785 0.017439
0 0.010029 0.961156 0.016873 0.017139
0 0.314947 0.970750 0.017193 0.016802
0 0.077959 0.643757 0.017140 0.016808
0 0.472390 0.614746 0.016850 0.016975
0 0.905877 0.602225 0.017008 0.016788
0 0.075634 0.793947 0.016937 0.016850
0 0.760863 0.232884 0.016894 0.016874
0 0.622917 0.611484 0.017037 0.016692
0 0.295762 0.514668 0.016746 0.016979
0 0.564716 0.311461 0.016965 0.016556
0 0.559346 0.747233 0.016805 0.016677
0 0.373475 0.212423 0.016867 0.016611
0 0.428064 0.490229 0.016926 0.016533
0 0.350584 0.367429 0.016574 0.016867
0 0.209815 0.479300 0.016610 0.016788
0 0.978375 0.251959 0.016836 0.016459
0 0.062278 0.298220 0.016663 0.016607
0 0.764469 0.942945 0.016447 0.016814
0 0.380694 0.021577 0.016488 0.016739
0 0.362136 0.316816 0.016644 0.016559
0 0.590056 0.857751 0.016535 0.016661
0 0.703239 0.925048 0.016719 0.016433
0 0.189162 0.099896 0.016527 0.016595
0 0.099145 0.564395 0.016573 0.016446
0 0.814692 0.083615 0.016535 0.016467
0 0.910630 0.314757 0.016605 0.016372
0 0.177666 0.069620 0.016561 0.016376
0 0.194279 0.422310 0.016371 0.016538
0 0.896231 0.174075 0.016437 0.016294
0 0.111016 0.717037 0.016378 0.016341
0 0.782027 0.667160 0.016360 0.016357
0 0.547118 0.088050 0.016461 0.016235
0 0.256766 0.046774 0.016248 0.016386
0 0.309403 0.244235 0.016479 0.016156
0 0.066810 0.876662 0.016490 0.016122
0 0.507587 0.536588 0.016395 0.016190
0 0.276504 0.326246 0.016271 0.016305
0 0.498634 0.728776 0.016378 0.016194
0 0.041014 0.784599 0.016293 0.016241
0 0.316688 0.845005 0.016166 0.016338
0 0.523170 0.018437 0.016372 0.016114
0 0.648033 0.791219 0.016248 0.016215
0 0.338031 0.534023 0.016241 0.016215
0 0.816074 0.017418 0.016328 0.016109
0 0.686706 0.728574 0.016242 0.016147
0 0.862421 0.675404 0.016173 0.016206
0 0.536237 0.686980 0.016236 0.016139
0 0.279777 0.870948 0.016247 0.016119
0 0.894901 0.463878 0.016241 0.016118
0 0.280548 0.255199 0.016252 0.016089
0 0.877187 0.549809 0.016233 0.016066
0 0.694072 0.311748 0.016108 0.016133
0 0.715478 0.758334 0.016077 0.016128
0 0.055375 0.114027 0.016393 0.015783
0 0.677387 0.392170 0.016137 0.015964
0 0.948597 0.247206 0.016003 0.016051
0 0.157600 0.386340 0.016259 0.015743
0 0.522342 0.607707 0.016170 0.015818
0 0.475774 0.935456 0.016054 0.015931
0 0.280260 0.418451 0.016118 0.015853
0 0.845387 0.970980 0.016058 0.015836
0 0.081947 0.477811 0.015977 0.015885
0 0.077601 0.220118 0.016092 0.015758
0 0.413113 0.231001 0.015978 0.015852
0 0.616768 0.327959 0.016047 0.015778
0 0.319915 0.666446 0.015936 0.015856
0 0.230445 0.720886 0.015923 0.015818
0 0.900614 0.430196 0.015870 0.015867
0 0.617219 0.532468 0.015932 0.015796
0 0.635730 0.231072 0.015809 0.015895
0 0.643295 0.379297 0.015898 0.015806
0 0.332835 0.869192 0.015964 0.015737
0 0.848783 0.792071 0.015800 0.015890
0 0.509624 0.455637 0.015879 0.015797
0 0.862029 0.721259 0.015788 0.015883
0 0.528183 0.390004 0.015919 0.015740
0 0.753498 0.255751 0.015749 0.015888
0 0.068250 0.385104 0.015877 0.015755
0 0.008759 0.901981 0.015817 0.015807
0 0.848551 0.374389 0.015926 0.015620
0 0.955662 0.862631 0.015946 0.015554
0 0.147041 0.671008 0.015745 0.015741
0 0.605632 0.597306 0.015782 0.015671
0 0.560313 0.926482 0.015726 0.015719
0 0.773974 0.111482 0.015774 0.015649
0 0.781436 0.826929 0.015753 0.015635
0 0.191240 0.808618 0.015686 0.015688
0 0.032695 0.532373 0.015709 0.015655
0 0.433625 0.747786 0.015697 0.015631
0 0.056099 0.023931 0.015789 0.015508
0 0.232736 0.380042 0.015612 0.015631
0 0.363349 0.905343 0.015493 0.015693
0 0.481478 0.269300 0.015611 0.015555
0 0.224172 0.341319 0.015550 0.015604
0 0.887537 0.855065 0.015584 0.015533
0 0.045867 0.825457 0.015736 0.015348
0 0.689554 0.552160 0.015482 0.015593
0 0.302049 0.467993 0.015479 0.015585
0 0.710968 0.229989 0.015674 0.015357
0 0.178269 0.612063 0.015682 0.015295
0 0.578052 0.791211 0.015554 0.015372
0 0.416466 0.662993 0.015328 0.015576
0 0.590962 0.510506 0.015574 0.015224
0 0.191807 0.738318 0.015531 0.015255
0 0.981504 0.554136 0.015555 0.015201
0 0.062490 0.708915 0.015441 0.015294
0 0.719406 0.028009 0.015348 0.015340
0 0.951480 0.910568 0.015375 0.015305
0 0.776417 0.351274 0.015320 0.015358
0 0.841178 0.192198 0.015539 0.015104
0 0.499840 0.801443 0.015394 0.015226
0 0.100330 0.053056 0.015204 0.015386
0 0.746763 0.506136 0.015192 0.015379
0 0.137789 0.756109 0.015231 0.015300
0 0.535645 0.720973 0.015070 0.015400
0 0.360414 0.874651 0.015314 0.015107
0 0.968653 0.667165 0.015296 0.015049
0 0.466270 0.776969 0.015260 0.015009
0 0.971045 0.606676 0.015133 0.015104
0 0.668709 0.499078 0.015297 0.014887
0 0.901101 0.390919 0.015249 0.014925
0 0.193820 0.755050 0.015111 0.015053
0 0.284449 0.801514 0.015188 0.014954
0 0.880264 0.582559 0.015091 0.014962
0 0.644186 0.421475 0.015110 0.014829
0 0.005574 0.644739 0.011148 0.017301
0 0.005253 0.232516 0.010506 0.016970
0 0.995466 0.277545 0.009068 0.016374
0 0.995953 0.233860 0.008094 0.015724
0 0.756746 0.003315 0.018079 0.006629
0 0.941186 0.996754 0.014740 0.006493
0 0.603753 0.996945 0.014238 0.006110
0 0.002424 0.576665 0.004847 0.016810
0 0.997415 0.131635 0.005170 0.015430
0 0.997287 0.029946 0.005426 0.013212
