0 0.221187 0.864529 0.018667 0.018340
0 0.352177 0.251844 0.017225 0.017519
0 0.923019 0.421975 0.017151 0.017115
0 0.210125 0.069313 0.017176 0.017007
0 0.084305 0.866242 0.017042 0.016884
0 0.155393 0.009015 0.017039 0.016763
0 0.083405 0.560371 0.016944 0.016850
0 0.505058 0.122091 0.016853 0.016633
0 0.427210 0.309173 0.016782 0.016654
0 0.897878 0.762334 0.016683 0.016636
0 0.909198 0.177968 0.016725 0.016530
0 0.527054 0.714557 0.016428 0.016644
0 0.297362 0.509596 0.016323 0.016727
0 0.151054 0.784223 0.016469 0.016540
0 0.884511 0.205398 0.016539 0.016440
0 0.298856 0.459621 0.016512 0.016457
0 0.281642 0.277918 0.016559 0.016406
0 0.037210 0.822423 0.016541 0.016379
0 0.503197 0.943286 0.016478 0.016438
0 0.459431 0.470769 0.016428 0.016485
0 0.087852 0.732126 0.016341 0.016449
0 0.923957 0.624858 0.016385 0.016312
0 0.616519 0.533041 0.016366 0.016323
0 0.407313 0.389549 0.016434 0.016163
0 0.239945 0.308061 0.016335 0.016234
0 0.071458 0.352779 0.016219 0.016258
0 0.192255 0.356660 0.016292 0.016123
0 0.028161 0.204451 0.016358 0.016048
0 0.345974 0.391183 0.016326 0.016036
0 0.789123 0.159267 0.016410 0.015951
0 0.990061 0.782518 0.016035 0.016233
0 0.292143 0.538217 0.016093 0.016163
0 0.617849 0.327019 0.016240 0.016006
0 0.009029 0.282181 0.015911 0.016322
0 0.743791 0.108565 0.016266 0.015944
0 0.832373 0.721195 0.016141 0.016013
0 0.042765 0.060540 0.016165 0.015965
0 0.238700 0.710410 0.015992 0.016109
0 0.797914 0.673664 0.016141 0.015932
0 0.646648 0.778201 0.016056 0.016000
0 0.636433 0.307953 0.016021 0.016026
0 0.430692 0.607582 0.016179 0.015865
0 0.475730 0.629691 0.015922 0.016090
0 0.234796 0.377577 0.015945 0.016063
0 0.954685 0.858897 0.016070 0.015925
0 0.181707 0.739985 0.016047 0.015927
0 0.979935 0.466610 0.016089 0.015885
0 0.509849 0.322826 0.016142 0.015822
0 0.591001 0.816239 0.015989 0.015897
0 0.453070 0.978498 0.016041 0.015831
0 0.066623 0.659524 0.015920 0.015936
0 0.528092 0.154852 0.015980 0.015874
0 0.690940 0.720389 0.016019 0.015816
0 0.127306 0.553269 0.015963 0.015858
0 0.644061 0.601994 0.015950 0.015823
0 0.198387 0.394530 0.015975 0.015778
0 0.983519 0.796891 0.016075 0.015674
0 0.906236 0.603744 0.015977 0.015766
0 0.357973 0.598020 0.015933 0.015779
0 0.087391 0.449809 0.015965 0.015747
0 0.228058 0.162225 0.016041 0.015662
0 0.326423 0.661039 0.015874 0.015823
0 0.835884 0.474951 0.015790 0.015890
0 0.349954 0.211090 0.015739 0.015912
0 0.805099 0.413126 0.016125 0.015521
0 0.508213 0.537994 0.015877 0.015717
0 0.544014 0.748167 0.015882 0.015709
0 0.631927 0.655579 0.015803 0.015760
0 0.423048 0.690094 0.015781 0.015755
0 0.481330 0.594891 0.015600 0.015920
0 0.007405 0.961155 0.014677 0.016864
0 0.888860 0.354460 0.015689 0.015774
0 0.553123 0.266927 0.015869 0.015578
0 0.254944 0.660494 0.015825 0.015600
0 0.836703 0.240460 0.015740 0.015645
0 0.850153 0.676120 0.015690 0.015672
0 0.857775 0.316928 0.015766 0.015562
0 0.874579 0.519121 0.015665 0.015580
0 0.279090 0.355809 0.015547 0.015662
0 0.350935 0.827093 0.015524 0.015685
0 0.946621 0.308269 0.015534 0.015650
0 0.518752 0.862338 0.015635 0.015542
0 0.542251 0.460483 0.015537 0.015614
0 0.761149 0.052845 0.015595 0.015532
0 0.431617 0.592615 0.015868 0.015252
0 0.007706 0.011465 0.015208 0.015898
0 0.872407 0.845285 0.015501 0.015593
0 0.083978 0.641855 0.015578 0.015510
0 0.802366 0.932740 0.015569 0.015503
0 0.890295 0.916162 0.015640 0.015383
0 0.693000 0.600434 0.015607 0.015404
0 0.320709 0.375220 0.015242 0.015670
0 0.843688 0.953291 0.015671 0.015236
0 0.310443 0.345007 0.015505 0.015398
0 0.672793 0.501373 0.015543 0.015357
0 0.718425 0.761992 0.015603 0.015288
0 0.032332 0.532908 0.015509 0.015372
0 0.062672 0.707786 0.015520 0.015359
0 0.636908 0.376786 0.015494 0.015382
0 0.401412 0.769733 0.015408 0.015467
0 0.634634 0.504639 0.015475 0.015373
0 0.614167 0.458194 0.015385 0.015445
0 0.488879 0.423503 0.015430 0.015370
0 0.852958 0.477584 0.015475 0.015307
0 0.774200 0.272547 0.015386 0.015379
0 0.857504 0.030667 0.015389 0.015375
0 0.567257 0.485034 0.015433 0.015304
0 0.635554 0.895386 0.015357 0.015374
0 0.773310 0.350573 0.015403 0.015300
0 0.879615 0.581643 0.015419 0.015276
0 0.578156 0.791217 0.015393 0.015292
0 0.555626 0.734548 0.015305 0.015354
0 0.940514 0.161484 0.015551 0.015069
0 0.168502 0.704219 0.015388 0.015224
0 0.803852 0.200528 0.015383 0.015169
0 0.433756 0.829232 0.015335 0.015197
0 0.740535 0.007573 0.015918 0.014620
0 0.282448 0.801970 0.015263 0.015162
0 0.697400 0.936399 0.015149 0.015275
0 0.032516 0.697473 0.015443 0.014962
0 0.718096 0.227129 0.015359 0.015019
0 0.979636 0.553307 0.015316 0.015046
0 0.746413 0.506852 0.015153 0.015114
0 0.970758 0.336481 0.015349 0.014916
0 0.776198 0.825496 0.015067 0.015181
0 0.645307 0.423342 0.015272 0.014975
0 0.029579 0.357694 0.015066 0.015158
0 0.966259 0.667561 0.015238 0.014959
0 0.237946 0.087153 0.014933 0.015158
0 0.555773 0.766856 0.015150 0.014834
0 0.180179 0.609990 0.014844 0.014985
0 0.951247 0.548641 0.015024 0.014761
0 0.876917 0.033290 0.014727 0.014943
0 0.200108 0.559810 0.014689 0.014881
0 0.548151 0.992655 0.015332 0.014089
0 0.878830 0.399600 0.014602 0.014730
0 0.974328 0.297693 0.014568 0.014557
0 0.168531 0.562614 0.014516 0.014533
0 0.002550 0.127252 0.005101 0.015445
