0 0.899778 0.761671 0.017312 0.017473
0 0.195512 0.873044 0.017524 0.017229
0 0.012515 0.200660 0.017027 0.017110
0 0.011854 0.322070 0.016979 0.016943
0 0.930287 0.425008 0.016935 0.016792
0 0.267550 0.668381 0.016945 0.016658
0 0.177240 0.055373 0.016622 0.016901
0 0.527796 0.715910 0.016690 0.016728
0 0.074097 0.353776 0.016645 0.016723
0 0.979579 0.160044 0.016688 0.016601
0 0.292864 0.537429 0.016377 0.016913
0 0.615041 0.534100 0.016686 0.016588
0 0.991193 0.795590 0.016332 0.016931
0 0.482291 0.615546 0.016730 0.016523
0 0.887826 0.204217 0.016573 0.016544
0 0.244830 0.706157 0.016419 0.016526
0 0.687134 0.718417 0.016482 0.016416
0 0.322252 0.182310 0.016488 0.016362
0 0.524452 0.858623 0.016412 0.016430
0 0.636933 0.288686 0.016329 0.016433
0 0.625246 0.663480 0.016332 0.016337
0 0.462224 0.479790 0.016288 0.016375
0 0.050454 0.437028 0.016436 0.016218
0 0.097883 0.658578 0.016325 0.016303
0 0.571735 0.483830 0.016361 0.016207
0 0.640133 0.373004 0.016283 0.016180
0 0.986611 0.757466 0.016226 0.016156
0 0.616372 0.327006 0.016380 0.015970
0 0.148155 0.042547 0.016105 0.016225
0 0.296856 0.446340 0.016154 0.016134
0 0.850173 0.033470 0.016141 0.016124
0 0.087724 0.734312 0.016008 0.016204
0 0.067590 0.851346 0.016177 0.016027
0 0.592413 0.916844 0.016212 0.015981
0 0.234704 0.132162 0.016200 0.015987
0 0.715888 0.764140 0.016165 0.016017
0 0.642656 0.501140 0.016162 0.016011
0 0.500245 0.943923 0.016045 0.016114
0 0.461640 0.126354 0.016201 0.015932
0 0.879005 0.581330 0.016145 0.015969
0 0.646829 0.748737 0.015994 0.016106
0 0.382724 0.586369 0.016199 0.015885
0 0.788446 0.411185 0.015760 0.016309
0 0.016506 0.801952 0.016147 0.015895
0 0.605293 0.431302 0.015880 0.016104
0 0.119099 0.552005 0.016175 0.015802
0 0.370110 0.832398 0.016012 0.015908
0 0.054571 0.886182 0.016017 0.015863
0 0.744920 0.115457 0.015950 0.015922
0 0.011711 0.962808 0.016024 0.015836
0 0.202743 0.573742 0.016107 0.015751
0 0.325431 0.661056 0.015928 0.015919
0 0.699867 0.924615 0.016082 0.015765
0 0.921984 0.623857 0.016084 0.015727
0 0.779289 0.031838 0.016023 0.015772
0 0.778713 0.674053 0.016071 0.015710
0 0.772426 0.271760 0.015855 0.015877
0 0.918328 0.200077 0.015976 0.015737
0 0.055865 0.666562 0.015909 0.015801
0 0.189439 0.337365 0.015944 0.015693
0 0.362595 0.239712 0.015875 0.015758
0 0.080849 0.048667 0.015792 0.015840
0 0.418426 0.312877 0.015897 0.015735
0 0.805269 0.222991 0.015564 0.016060
0 0.886967 0.063428 0.015874 0.015724
0 0.289927 0.353556 0.015919 0.015653
0 0.540697 0.464853 0.015987 0.015566
0 0.176317 0.757977 0.015827 0.015703
0 0.519380 0.320912 0.015690 0.015833
0 0.507373 0.536374 0.015843 0.015680
0 0.262681 0.880516 0.015764 0.015756
0 0.476881 0.560193 0.015795 0.015719
0 0.841761 0.471918 0.015829 0.015673
0 0.746810 0.506919 0.015774 0.015699
0 0.445613 0.957296 0.015669 0.015775
0 0.859551 0.675079 0.015813 0.015612
0 0.306091 0.337827 0.015827 0.015586
0 0.889479 0.505744 0.015556 0.015814
0 0.422831 0.690864 0.015718 0.015636
0 0.950460 0.474711 0.015654 0.015670
0 0.028475 0.544538 0.015802 0.015523
0 0.550598 0.261510 0.015620 0.015685
0 0.849922 0.494776 0.015603 0.015682
0 0.827272 0.957476 0.015616 0.015656
0 0.649161 0.592589 0.015753 0.015493
0 0.353730 0.361432 0.015681 0.015557
0 0.030676 0.357943 0.015517 0.015707
0 0.233565 0.376908 0.015644 0.015576
0 0.113334 0.781541 0.015646 0.015558
0 0.946060 0.860849 0.015676 0.015528
0 0.576325 0.798376 0.015687 0.015504
0 0.424752 0.369046 0.015537 0.015600
0 0.511958 0.137583 0.015657 0.015452
0 0.964861 0.667490 0.015694 0.015372
0 0.168672 0.563391 0.015583 0.015478
0 0.286193 0.269144 0.015610 0.015450
0 0.771793 0.352899 0.015613 0.015374
0 0.645422 0.425634 0.015517 0.015465
0 0.861082 0.300571 0.015598 0.015302
0 0.512312 0.413122 0.015459 0.015421
0 0.456439 0.641469 0.015508 0.015342
0 0.219713 0.405411 0.015421 0.015425
0 0.427485 0.829291 0.015462 0.015379
0 0.870866 0.840116 0.015454 0.015384
0 0.797092 0.143476 0.015398 0.015432
0 0.553278 0.741956 0.015424 0.015392
0 0.792712 0.790682 0.015564 0.015245
0 0.841386 0.723355 0.015379 0.015331
0 0.180017 0.614600 0.015358 0.015226
0 0.062604 0.707652 0.015393 0.015188
0 0.400221 0.772053 0.015173 0.015364
0 0.555063 0.298050 0.015385 0.015147
0 0.718086 0.227316 0.015457 0.015050
0 0.360535 0.912316 0.015332 0.015117
0 0.237540 0.087262 0.014988 0.015422
0 0.144495 0.685977 0.015150 0.015176
0 0.336216 0.594118 0.015115 0.015154
0 0.329637 0.408829 0.015145 0.015120
0 0.880060 0.917431 0.015383 0.014866
0 0.282590 0.801496 0.015229 0.015016
0 0.904635 0.338186 0.015265 0.014955
0 0.979734 0.554215 0.015280 0.014882
0 0.790454 0.924270 0.015079 0.014951
0 0.877712 0.398912 0.015026 0.014926
0 0.032568 0.697617 0.015339 0.014594
0 0.979065 0.355141 0.015127 0.014777
0 0.900190 0.152257 0.014925 0.014834
0 0.301495 0.472414 0.014789 0.014945
0 0.006378 0.124843 0.012755 0.016889
0 0.937547 0.554706 0.014301 0.013933
0 0.994264 0.303378 0.011472 0.015576
0 0.997185 0.272528 0.005630 0.013827
