0 0.951239 0.378447 0.017567 0.017524
0 0.886511 0.405869 0.017312 0.016933
0 0.350369 0.233588 0.016980 0.016914
0 0.857011 0.481514 0.016902 0.016805
0 0.333524 0.310766 0.017096 0.016573
0 0.499716 0.732830 0.016693 0.016947
0 0.852094 0.396626 0.016794 0.016692
0 0.256662 0.357317 0.016637 0.016812
0 0.230210 0.393635 0.016746 0.016623
0 0.072741 0.054365 0.016673 0.016688
0 0.517897 0.714573 0.016614 0.016737
0 0.264051 0.886559 0.016440 0.016757
0 0.124717 0.559101 0.016509 0.016671
0 0.482679 0.940118 0.016632 0.016501
0 0.276716 0.321398 0.016564 0.016564
0 0.918741 0.212021 0.016543 0.016536
0 0.846190 0.243925 0.016412 0.016665
0 0.411825 0.401005 0.016549 0.016473
0 0.373567 0.288203 0.016394 0.016292
0 0.431703 0.483888 0.016232 0.016436
0 0.027536 0.142722 0.016292 0.016365
0 0.610631 0.708021 0.016274 0.016336
0 0.255892 0.632152 0.016375 0.016235
0 0.470627 0.654228 0.016359 0.016249
0 0.190866 0.085811 0.016359 0.016236
0 0.366032 0.621552 0.016298 0.016244
0 0.874137 0.061927 0.016260 0.016265
0 0.541366 0.500219 0.016236 0.016251
0 0.594110 0.632709 0.016316 0.016171
0 0.496758 0.602132 0.016214 0.016146
0 0.551349 0.289923 0.016223 0.016095
0 0.887351 0.261401 0.016248 0.016065
0 0.012146 0.957412 0.016236 0.016044
0 0.041589 0.881549 0.016150 0.016129
0 0.113097 0.093143 0.016224 0.015973
0 0.372973 0.470555 0.016096 0.016064
0 0.230980 0.094113 0.016033 0.016080
0 0.535604 0.435694 0.015897 0.016212
0 0.783452 0.260819 0.016134 0.015967
0 0.671266 0.300019 0.016162 0.015911
0 0.194406 0.717842 0.016099 0.015961
0 0.490914 0.842755 0.016022 0.016010
0 0.565830 0.251457 0.016184 0.015835
0 0.479384 0.368153 0.016014 0.015998
0 0.616761 0.531710 0.016153 0.015857
0 0.419282 0.616960 0.016012 0.015985
0 0.927045 0.625459 0.016225 0.015755
0 0.880937 0.225407 0.016053 0.015908
0 0.881777 0.776338 0.015997 0.015948
0 0.774059 0.635111 0.015984 0.015946
0 0.345670 0.163457 0.015848 0.016079
0 0.615729 0.324727 0.016229 0.015675
0 0.683792 0.735645 0.015991 0.015904
0 0.178297 0.391393 0.016064 0.015804
0 0.902816 0.020953 0.015948 0.015883
0 0.113934 0.349273 0.015922 0.015887
0 0.712174 0.922222 0.015913 0.015890
0 0.788650 0.806207 0.015886 0.015908
0 0.231938 0.807708 0.015868 0.015918
0 0.643784 0.370235 0.015970 0.015814
0 0.064032 0.619017 0.015911 0.015843
0 0.508788 0.540749 0.015887 0.015799
0 0.494338 0.133869 0.015928 0.015758
0 0.303731 0.520754 0.016117 0.015512
0 0.318822 0.665466 0.015853 0.015729
0 0.708475 0.759273 0.015850 0.015706
0 0.311586 0.392203 0.015884 0.015656
0 0.056586 0.200511 0.015831 0.015675
0 0.779274 0.350225 0.015777 0.015694
0 0.659715 0.590077 0.015637 0.015796
0 0.327625 0.888585 0.015807 0.015548
0 0.348671 0.784917 0.015600 0.015754
0 0.464881 0.737263 0.015854 0.015496
0 0.104485 0.731965 0.015809 0.015510
0 0.876772 0.906858 0.015877 0.015442
0 0.827463 0.702490 0.015648 0.015661
0 0.665778 0.027633 0.015949 0.015365
0 0.880600 0.100674 0.015643 0.015626
0 0.267676 0.757657 0.015379 0.015878
0 0.034694 0.533008 0.015648 0.015554
0 0.981591 0.553840 0.015836 0.015368
0 0.544372 0.235367 0.015843 0.015291
0 0.825987 0.308024 0.015538 0.015550
0 0.851463 0.154884 0.015514 0.015556
0 0.717728 0.226884 0.015597 0.015420
0 0.505656 0.986077 0.015586 0.015426
0 0.057495 0.467313 0.015481 0.015513
0 0.910279 0.851126 0.015530 0.015415
0 0.605876 0.160402 0.015540 0.015341
0 0.281701 0.801058 0.015489 0.015380
0 0.458030 0.804641 0.015578 0.015261
0 0.788671 0.939113 0.015498 0.015303
0 0.043947 0.847157 0.015519 0.015269
0 0.644528 0.424907 0.015502 0.015284
0 0.174465 0.560648 0.015412 0.015348
0 0.967704 0.667253 0.015552 0.015179
0 0.965117 0.311606 0.015510 0.015211
0 0.671496 0.563351 0.015373 0.015335
0 0.889171 0.594200 0.015540 0.015157
0 0.570668 0.832373 0.015320 0.015334
0 0.923515 0.536887 0.015457 0.015191
0 0.768446 0.102078 0.015441 0.015196
0 0.181040 0.611955 0.015342 0.015266
0 0.112900 0.683931 0.015255 0.015318
0 0.182435 0.653812 0.015484 0.015087
0 0.960093 0.576055 0.015277 0.015290
0 0.506478 0.622202 0.015061 0.015500
0 0.947830 0.204480 0.015298 0.015245
0 0.536550 0.721137 0.015625 0.014887
0 0.653659 0.510475 0.015320 0.015128
0 0.955761 0.922086 0.015203 0.015198
0 0.420372 0.743929 0.015159 0.015221
0 0.869681 0.842722 0.015419 0.014933
0 0.854190 0.673651 0.015288 0.015053
0 0.813391 0.202723 0.015083 0.015232
0 0.244916 0.550344 0.015159 0.015148
0 0.948896 0.970348 0.015157 0.015072
0 0.744219 0.506221 0.015121 0.015102
0 0.060591 0.708208 0.015113 0.014994
0 0.880036 0.582247 0.015064 0.014998
0 0.017163 0.350416 0.014797 0.015205
0 0.573473 0.789110 0.014951 0.015028
0 0.927880 0.268250 0.014874 0.015090
0 0.563674 0.731280 0.014953 0.014915
0 0.029746 0.887148 0.014785 0.015056
0 0.897713 0.973869 0.014901 0.014792
0 0.634878 0.866891 0.014723 0.014618
0 0.304842 0.468102 0.014768 0.014510
0 0.151117 0.711629 0.014796 0.014482
0 0.032052 0.697789 0.014726 0.014145
0 0.484276 0.615181 0.014452 0.014014
0 0.365194 0.993876 0.016501 0.012249
0 0.004368 0.398327 0.008707 0.017206
0 0.003986 0.058071 0.007893 0.017415
0 0.996067 0.758218 0.007866 0.015636
0 0.335716 0.003339 0.016273 0.006679
0 0.002485 0.548139 0.004970 0.016656
0 0.001985 0.810794 0.003940 0.016039
