0 0.091680 0.502204 0.017845 0.017494
0 0.422486 0.823506 0.017847 0.017311
0 0.488191 0.940993 0.017399 0.017585
0 0.502382 0.668179 0.017130 0.017358
0 0.488890 0.708249 0.017200 0.017120
0 0.026826 0.891938 0.017065 0.017180
0 0.564958 0.502447 0.017118 0.016870
0 0.935741 0.198279 0.016960 0.016964
0 0.459930 0.929870 0.016777 0.017131
0 0.622086 0.587878 0.016953 0.016866
0 0.029804 0.634430 0.017017 0.016655
0 0.253343 0.161457 0.016980 0.016673
0 0.617736 0.327860 0.016823 0.016754
0 0.520870 0.727763 0.016824 0.016714
0 0.799772 0.728979 0.016519 0.016999
0 0.078411 0.426995 0.016843 0.016625
0 0.412803 0.989798 0.016884 0.016531
0 0.709316 0.759203 0.016704 0.016679
0 0.674358 0.722751 0.016596 0.016751
0 0.547828 0.806266 0.016732 0.016606
0 0.604163 0.677327 0.016671 0.016625
0 0.656609 0.569657 0.016549 0.016728
0 0.050067 0.776501 0.016660 0.016611
0 0.319473 0.276780 0.016632 0.016616
0 0.617715 0.531723 0.016651 0.016580
0 0.583593 0.561408 0.016806 0.016397
0 0.447640 0.468561 0.016322 0.016838
0 0.225988 0.738270 0.016385 0.016713
0 0.877519 0.642462 0.016661 0.016409
0 0.195905 0.254702 0.016616 0.016319
0 0.359396 0.573092 0.016576 0.016354
0 0.292843 0.504289 0.016323 0.016579
0 0.874177 0.396553 0.016480 0.016406
0 0.621931 0.387855 0.016569 0.016305
0 0.673676 0.898382 0.016503 0.016366
0 0.914466 0.284929 0.016421 0.016429
0 0.717876 0.229157 0.016426 0.016412
0 0.924619 0.496266 0.016351 0.016393
0 0.870844 0.843900 0.016492 0.016233
0 0.291647 0.359737 0.016371 0.016347
0 0.144279 0.440708 0.016382 0.016224
0 0.236796 0.608244 0.016337 0.016254
0 0.812568 0.893377 0.016160 0.016405
0 0.061751 0.052068 0.016375 0.016147
0 0.503952 0.627414 0.016325 0.016194
0 0.830557 0.476348 0.016276 0.016201
0 0.720917 0.912726 0.016227 0.016148
0 0.861814 0.308944 0.016182 0.016162
0 0.871913 0.542798 0.015992 0.016350
0 0.197163 0.345613 0.016143 0.016149
0 0.945644 0.715292 0.016195 0.016096
0 0.688692 0.273724 0.016101 0.016161
0 0.417010 0.390467 0.016122 0.016138
0 0.333363 0.593117 0.016231 0.016008
0 0.171216 0.564325 0.016243 0.015989
0 0.841690 0.231806 0.016258 0.015963
0 0.829224 0.953031 0.016295 0.015925
0 0.930995 0.810560 0.016165 0.016048
0 0.360195 0.805230 0.015841 0.016352
0 0.103824 0.040983 0.016175 0.015991
0 0.594095 0.626014 0.016037 0.016124
0 0.560814 0.733818 0.016114 0.016005
0 0.421203 0.089111 0.016171 0.015944
0 0.308581 0.846458 0.016055 0.016032
0 0.537442 0.297049 0.016056 0.015946
0 0.499126 0.866539 0.015978 0.015997
0 0.353161 0.398266 0.016159 0.015806
0 0.593581 0.240200 0.015944 0.016001
0 0.059416 0.708097 0.016089 0.015855
0 0.554147 0.178622 0.016018 0.015893
0 0.203973 0.537283 0.015944 0.015965
0 0.007147 0.346269 0.014294 0.017807
0 0.231973 0.982982 0.016099 0.015768
0 0.175847 0.714677 0.015926 0.015929
0 0.298873 0.223173 0.016026 0.015811
0 0.269483 0.600031 0.015950 0.015868
0 0.318270 0.178018 0.015966 0.015828
0 0.746017 0.507086 0.015887 0.015905
0 0.506085 0.539609 0.015954 0.015804
0 0.032484 0.845654 0.016089 0.015651
0 0.169435 0.759099 0.015841 0.015857
0 0.231708 0.372229 0.015991 0.015686
0 0.861770 0.675027 0.015885 0.015749
0 0.479662 0.645553 0.015848 0.015753
0 0.157208 0.687633 0.015831 0.015762
0 0.014829 0.967009 0.015886 0.015694
0 0.088709 0.540605 0.015746 0.015821
0 0.794657 0.449942 0.015596 0.015925
0 0.644144 0.756844 0.015822 0.015679
0 0.319812 0.666066 0.015836 0.015643
0 0.746605 0.667566 0.015858 0.015613
0 0.008707 0.531979 0.015525 0.015924
0 0.904163 0.589121 0.015860 0.015577
0 0.791884 0.128516 0.015882 0.015552
0 0.698264 0.081710 0.015812 0.015585
0 0.349784 0.769267 0.015740 0.015642
0 0.010463 0.378787 0.015675 0.015658
0 0.148679 0.352611 0.015651 0.015627
0 0.282239 0.802395 0.015697 0.015561
0 0.780459 0.353093 0.015636 0.015604
0 0.858789 0.052256 0.015571 0.015641
0 0.504141 0.421214 0.015663 0.015547
0 0.937268 0.527707 0.015475 0.015725
0 0.964896 0.409579 0.015834 0.015362
0 0.306927 0.467008 0.015509 0.015589
0 0.755391 0.212885 0.015585 0.015437
0 0.776991 0.299279 0.015602 0.015363
0 0.964996 0.667510 0.015563 0.015394
0 0.644046 0.424171 0.015563 0.015301
0 0.895699 0.354707 0.015392 0.015453
0 0.235305 0.808214 0.015403 0.015440
0 0.467385 0.275994 0.015475 0.015329
0 0.731542 0.309894 0.015479 0.015316
0 0.673666 0.501243 0.015468 0.015304
0 0.504186 0.443517 0.015368 0.015301
0 0.434545 0.198246 0.015382 0.015189
0 0.107464 0.790377 0.015466 0.015080
0 0.039624 0.703901 0.015336 0.015187
0 0.175205 0.421016 0.015318 0.015171
0 0.172650 0.605464 0.014952 0.015407
0 0.275317 0.256318 0.015174 0.015149
0 0.980861 0.550743 0.015267 0.015015
0 0.428720 0.740920 0.015182 0.015053
0 0.578741 0.790953 0.015215 0.014974
0 0.021766 0.105766 0.015114 0.015002
0 0.993033 0.268157 0.013933 0.015725
0 0.991539 0.077417 0.014746 0.014673
0 0.983849 0.015618 0.014510 0.014275
0 0.994053 0.756007 0.011895 0.015134
0 0.734334 0.003994 0.018730 0.007989
0 0.284014 0.004230 0.017517 0.008420
0 0.003473 0.396581 0.006946 0.017463
0 0.145470 0.003662 0.016333 0.007325
0 0.997541 0.130684 0.004918 0.014530
0 0.997871 0.887494 0.004259 0.014447
