0 0.051274 0.786061 0.017528 0.017822
0 0.035844 0.845295 0.017158 0.017088
0 0.414462 0.097872 0.016953 0.016873
0 0.023694 0.899527 0.016789 0.017004
0 0.521999 0.702213 0.016807 0.016873
0 0.144876 0.699565 0.016935 0.016637
0 0.898315 0.906728 0.016932 0.016592
0 0.177711 0.394161 0.016930 0.016411
0 0.095864 0.441989 0.016745 0.016539
0 0.327165 0.258786 0.016545 0.016698
0 0.503591 0.291351 0.016681 0.016495
0 0.218625 0.435547 0.016728 0.016439
0 0.280299 0.566185 0.016658 0.016473
0 0.700352 0.812367 0.016571 0.016485
0 0.605645 0.604778 0.016459 0.016557
0 0.048913 0.667227 0.016432 0.016531
0 0.937665 0.212653 0.016403 0.016514
0 0.675444 0.584444 0.016481 0.016399
0 0.077273 0.818829 0.016539 0.016331
0 0.863093 0.170001 0.016282 0.016505
0 0.370818 0.569704 0.016288 0.016492
0 0.758970 0.986682 0.016195 0.016540
0 0.262467 0.138593 0.016440 0.016292
0 0.540020 0.729329 0.016539 0.016147
0 0.845237 0.222289 0.016253 0.016410
0 0.160989 0.339913 0.016279 0.016382
0 0.412876 0.836825 0.016348 0.016290
0 0.213090 0.778112 0.016219 0.016403
0 0.416793 0.406485 0.016449 0.016131
0 0.174529 0.273344 0.016210 0.016334
0 0.436916 0.788665 0.016110 0.016415
0 0.166139 0.606979 0.016470 0.016027
0 0.147478 0.379645 0.016261 0.016232
0 0.479975 0.945621 0.016151 0.016217
0 0.910302 0.555866 0.015893 0.016476
0 0.661707 0.620052 0.016216 0.016130
0 0.821401 0.465025 0.016177 0.016167
0 0.410999 0.605009 0.016327 0.016001
0 0.792724 0.723380 0.015838 0.016494
0 0.880588 0.582627 0.016245 0.016068
0 0.464577 0.425971 0.016218 0.016064
0 0.811791 0.321240 0.016200 0.016037
0 0.508547 0.537920 0.016151 0.016045
0 0.274892 0.600078 0.016055 0.016079
0 0.160397 0.549225 0.016238 0.015846
0 0.692818 0.716685 0.016059 0.016010
0 0.639923 0.579411 0.016083 0.015928
0 0.890106 0.929993 0.015981 0.015984
0 0.074002 0.049612 0.016025 0.015938
0 0.561167 0.733069 0.015930 0.016030
0 0.715680 0.757746 0.016098 0.015857
0 0.304001 0.394630 0.015958 0.015976
0 0.156558 0.658996 0.015992 0.015940
0 0.717988 0.220878 0.015818 0.016107
0 0.771095 0.673720 0.016097 0.015816
0 0.230295 0.286559 0.016131 0.015772
0 0.456626 0.249613 0.016062 0.015825
0 0.898431 0.981251 0.015947 0.015935
0 0.990910 0.717375 0.015845 0.016030
0 0.785853 0.495287 0.015834 0.016015
0 0.035882 0.546407 0.015908 0.015925
0 0.354282 0.854759 0.015984 0.015843
0 0.149886 0.491203 0.015771 0.016043
0 0.307135 0.470402 0.015985 0.015825
0 0.959486 0.809950 0.015959 0.015847
0 0.227118 0.248645 0.015993 0.015770
0 0.615043 0.449518 0.016001 0.015717
0 0.897071 0.385091 0.015968 0.015737
0 0.207188 0.617113 0.015937 0.015749
0 0.818028 0.248980 0.015918 0.015744
0 0.887697 0.510064 0.015694 0.015966
0 0.850812 0.296452 0.015745 0.015901
0 0.232192 0.372990 0.015723 0.015922
0 0.815973 0.580307 0.015790 0.015843
0 0.331182 0.156379 0.015849 0.015777
0 0.455271 0.698652 0.015834 0.015787
0 0.045874 0.050475 0.015957 0.015663
0 0.965557 0.772548 0.015967 0.015557
0 0.617296 0.532516 0.015745 0.015768
0 0.528781 0.679571 0.015889 0.015617
0 0.206837 0.375296 0.015828 0.015661
0 0.617387 0.327398 0.015832 0.015650
0 0.551265 0.889282 0.015724 0.015728
0 0.688123 0.414935 0.015694 0.015731
0 0.876651 0.839498 0.015720 0.015676
0 0.418797 0.664224 0.015595 0.015756
0 0.008803 0.963709 0.015663 0.015679
0 0.030484 0.492336 0.015738 0.015538
0 0.746920 0.508204 0.015707 0.015556
0 0.319662 0.666708 0.015693 0.015534
0 0.298043 0.509734 0.015542 0.015660
0 0.875703 0.402074 0.015682 0.015516
0 0.964662 0.667715 0.015576 0.015602
0 0.862773 0.679514 0.015445 0.015705
0 0.647868 0.265800 0.015624 0.015516
0 0.645695 0.426818 0.015593 0.015521
0 0.579426 0.792695 0.015770 0.015326
0 0.483951 0.465555 0.015579 0.015512
0 0.247294 0.468739 0.015568 0.015505
0 0.367572 0.721717 0.015544 0.015481
0 0.736909 0.033535 0.015595 0.015391
0 0.440114 0.910323 0.015198 0.015747
0 0.771834 0.354297 0.015517 0.015416
0 0.306865 0.744698 0.015522 0.015352
0 0.533997 0.374631 0.015562 0.015266
0 0.080507 0.365937 0.015563 0.015247
0 0.181244 0.453090 0.015434 0.015278
0 0.731609 0.937487 0.015426 0.015255
0 0.671713 0.501826 0.015396 0.015260
0 0.710446 0.191603 0.015159 0.015487
0 0.697176 0.904008 0.015392 0.015246
0 0.751865 0.263458 0.015465 0.015163
0 0.584841 0.195189 0.015287 0.015326
0 0.630801 0.749563 0.015459 0.015120
0 0.725213 0.298388 0.014998 0.015460
0 0.769277 0.440263 0.015183 0.015137
0 0.625827 0.037262 0.015178 0.015099
0 0.430239 0.982554 0.015070 0.015102
0 0.752379 0.080683 0.015046 0.015070
0 0.235506 0.086683 0.014772 0.015072
0 0.248030 0.803604 0.014684 0.015116
0 0.285928 0.815615 0.014783 0.014838
0 0.973488 0.993579 0.016933 0.012843
0 0.220159 0.144388 0.015030 0.014383
0 0.283223 0.801417 0.014801 0.014489
0 0.600023 0.860924 0.014765 0.014501
0 0.988585 0.564811 0.014519 0.014388
0 0.801609 0.006566 0.015091 0.012901
0 0.994078 0.891813 0.011844 0.015855
0 0.995273 0.984316 0.009454 0.017435
0 0.956022 0.003451 0.019096 0.006902
0 0.995955 0.257534 0.008089 0.014007
0 0.002706 0.321910 0.005412 0.017601
0 0.997479 0.750652 0.005042 0.014548
