0 0.098241 0.991331 0.018528 0.017070
0 0.147114 0.956558 0.017172 0.017248
0 0.074530 0.056767 0.017309 0.017098
0 0.037827 0.286562 0.016893 0.016957
0 0.286117 0.601495 0.016636 0.016735
0 0.520579 0.642372 0.016880 0.016474
0 0.361521 0.721888 0.016770 0.016530
0 0.084022 0.693577 0.016685 0.016603
0 0.378032 0.684528 0.016726 0.016554
0 0.962331 0.237239 0.016657 0.016558
0 0.167810 0.342229 0.016435 0.016720
0 0.140120 0.305758 0.016652 0.016459
0 0.715068 0.216900 0.016648 0.016433
0 0.913064 0.913233 0.016482 0.016453
0 0.864809 0.249039 0.016519 0.016395
0 0.907787 0.841016 0.016722 0.016188
0 0.219044 0.522134 0.016468 0.016341
0 0.321923 0.664687 0.016206 0.016580
0 0.780277 0.351450 0.016382 0.016400
0 0.736424 0.378440 0.016313 0.016465
0 0.328599 0.245247 0.016389 0.016379
0 0.468295 0.304837 0.016406 0.016320
0 0.295690 0.503628 0.016304 0.016368
0 0.061875 0.461256 0.016318 0.016326
0 0.257411 0.832303 0.016480 0.016157
0 0.127874 0.248226 0.016417 0.016208
0 0.680289 0.728895 0.016361 0.016150
0 0.058849 0.342629 0.016277 0.016176
0 0.912398 0.547346 0.016134 0.016310
0 0.069386 0.824267 0.016288 0.016151
0 0.768282 0.292020 0.016385 0.016045
0 0.832956 0.190543 0.016349 0.016056
0 0.175492 0.706424 0.016237 0.016166
0 0.389943 0.440898 0.016232 0.016162
0 0.029863 0.662298 0.016354 0.016029
0 0.617303 0.533305 0.016183 0.016194
0 0.583953 0.646070 0.016205 0.016103
0 0.182425 0.808311 0.016207 0.016070
0 0.760035 0.030086 0.016108 0.016126
0 0.393058 0.154228 0.016318 0.015915
0 0.231231 0.380663 0.016026 0.016174
0 0.980573 0.256246 0.016052 0.016126
0 0.145644 0.110883 0.016221 0.015880
0 0.718145 0.583124 0.016139 0.015960
0 0.894350 0.132396 0.016047 0.016021
0 0.572558 0.493933 0.016087 0.015956
0 0.866718 0.140307 0.016111 0.015930
0 0.616690 0.327685 0.016143 0.015881
0 0.500130 0.946881 0.015879 0.016130
0 0.844397 0.765664 0.016024 0.015974
0 0.187322 0.221388 0.015988 0.016009
0 0.366843 0.581366 0.015887 0.016104
0 0.294789 0.110981 0.015908 0.016021
0 0.275227 0.560001 0.015910 0.015990
0 0.231777 0.347707 0.015999 0.015814
0 0.185593 0.278971 0.015997 0.015785
0 0.277555 0.122587 0.016008 0.015763
0 0.840594 0.477340 0.015853 0.015915
0 0.312883 0.460358 0.015818 0.015943
0 0.899143 0.358805 0.015918 0.015814
0 0.061654 0.383594 0.015947 0.015769
0 0.646881 0.513821 0.015943 0.015739
0 0.006997 0.256032 0.013784 0.018192
0 0.761923 0.078393 0.015822 0.015843
0 0.401285 0.780995 0.016098 0.015555
0 0.558122 0.686697 0.015854 0.015792
0 0.096047 0.751162 0.016299 0.015359
0 0.605792 0.024328 0.015803 0.015831
0 0.205327 0.785721 0.015949 0.015675
0 0.708993 0.756912 0.015989 0.015619
0 0.852700 0.302325 0.015974 0.015628
0 0.215504 0.704077 0.015988 0.015606
0 0.649452 0.794379 0.015818 0.015749
0 0.117690 0.452867 0.015781 0.015739
0 0.817983 0.902876 0.015711 0.015771
0 0.375680 0.261682 0.015653 0.015814
0 0.131268 0.485263 0.015776 0.015681
0 0.307533 0.666118 0.015411 0.016052
0 0.761589 0.526275 0.015690 0.015728
0 0.123611 0.433387 0.015575 0.015830
0 0.435831 0.322892 0.015869 0.015536
0 0.841760 0.858293 0.015762 0.015622
0 0.633559 0.898280 0.015692 0.015662
0 0.782412 0.131088 0.015637 0.015708
0 0.031468 0.807882 0.015978 0.015368
0 0.923046 0.787995 0.015738 0.015602
0 0.397682 0.851064 0.015790 0.015529
0 0.651397 0.024176 0.015921 0.015388
0 0.282263 0.802500 0.015603 0.015575
0 0.467553 0.160211 0.015629 0.015541
0 0.700557 0.381676 0.015578 0.015570
0 0.660467 0.631015 0.015616 0.015460
0 0.865114 0.678463 0.015599 0.015454
0 0.448109 0.213004 0.015495 0.015544
0 0.471859 0.481279 0.015616 0.015423
0 0.238540 0.304130 0.015458 0.015566
0 0.858568 0.453961 0.015473 0.015543
0 0.065949 0.865185 0.015612 0.015404
0 0.837320 0.719885 0.015472 0.015469
0 0.909860 0.666193 0.015472 0.015374
0 0.562854 0.732637 0.015443 0.015387
0 0.978790 0.553088 0.015234 0.015597
0 0.873553 0.834658 0.015415 0.015388
0 0.035315 0.535331 0.015602 0.015140
0 0.644093 0.426426 0.015407 0.015284
0 0.503176 0.538593 0.015381 0.015293
0 0.767128 0.383043 0.015326 0.015347
0 0.112430 0.740337 0.015399 0.015267
0 0.964955 0.668532 0.015181 0.015406
0 0.193033 0.547232 0.015245 0.015302
0 0.840948 0.006995 0.016650 0.013990
0 0.881932 0.396039 0.015323 0.015194
0 0.707340 0.796498 0.015261 0.015237
0 0.007784 0.957702 0.014806 0.015667
0 0.239879 0.627168 0.015203 0.015205
0 0.228085 0.093001 0.015250 0.015148
0 0.532943 0.733510 0.015223 0.015168
0 0.494546 0.558947 0.015150 0.015171
0 0.074765 0.575558 0.015059 0.015166
0 0.170955 0.609161 0.015066 0.015003
0 0.623421 0.288172 0.015023 0.015030
0 0.578862 0.791706 0.015210 0.014830
0 0.528501 0.865073 0.015099 0.014912
0 0.302378 0.706487 0.014870 0.014919
0 0.672634 0.501984 0.014827 0.014841
0 0.250243 0.967956 0.014783 0.014825
0 0.912952 0.006373 0.017188 0.012747
0 0.682229 0.902283 0.014653 0.014865
0 0.036410 0.697663 0.014802 0.014704
0 0.728169 0.511717 0.014960 0.014547
0 0.006334 0.895441 0.012669 0.017091
0 0.877546 0.582354 0.014661 0.014673
0 0.747500 0.507165 0.014679 0.014528
0 0.166464 0.559800 0.014299 0.014816
0 0.994609 0.161462 0.010782 0.015386
0 0.996072 0.820658 0.007856 0.016230
0 0.827508 0.995940 0.015170 0.008120
0 0.998067 0.922659 0.003867 0.014352
