0 0.419405 0.702403 0.018123 0.017710
0 0.847383 0.954966 0.017294 0.017176
0 0.448168 0.633200 0.017276 0.017163
0 0.170793 0.114835 0.017167 0.017140
0 0.912252 0.244073 0.016904 0.016965
0 0.030795 0.825042 0.016988 0.016844
0 0.179610 0.981181 0.016967 0.016773
0 0.473127 0.650651 0.016938 0.016778
0 0.127151 0.795153 0.016747 0.016940
0 0.961438 0.202894 0.016954 0.016700
0 0.098803 0.918068 0.016878 0.016607
0 0.198583 0.699689 0.016843 0.016577
0 0.132127 0.285615 0.016582 0.016785
0 0.011377 0.623560 0.016518 0.016638
0 0.754272 0.219590 0.016558 0.016579
0 0.492377 0.957734 0.016557 0.016530
0 0.046551 0.774141 0.016545 0.016502
0 0.056951 0.514752 0.016379 0.016652
0 0.295076 0.500856 0.016510 0.016368
0 0.633797 0.836224 0.016458 0.016391
0 0.616861 0.535676 0.016467 0.016380
0 0.169365 0.362771 0.016157 0.016644
0 0.709993 0.803269 0.016310 0.016406
0 0.268500 0.292912 0.016495 0.016146
0 0.393683 0.475624 0.016371 0.016265
0 0.450410 0.727964 0.016278 0.016328
0 0.673425 0.718482 0.016316 0.016285
0 0.059747 0.305298 0.016435 0.016167
0 0.279671 0.265055 0.016218 0.016347
0 0.106155 0.871980 0.016321 0.016221
0 0.561711 0.725862 0.016243 0.016291
0 0.758651 0.785698 0.016387 0.016147
0 0.327340 0.660693 0.016377 0.016156
0 0.325515 0.857174 0.016292 0.016201
0 0.645521 0.302626 0.016216 0.016251
0 0.562321 0.674178 0.016278 0.016164
0 0.359458 0.115230 0.016187 0.016103
0 0.294217 0.969981 0.015920 0.016322
0 0.616597 0.327450 0.016229 0.015973
0 0.242538 0.725508 0.016314 0.015851
0 0.737999 0.383253 0.016064 0.016020
0 0.857987 0.198305 0.016113 0.015964
0 0.108341 0.472391 0.016013 0.016057
0 0.130411 0.722260 0.016028 0.016006
0 0.100845 0.394755 0.015945 0.016089
0 0.351611 0.612417 0.016102 0.015928
0 0.284929 0.610081 0.016001 0.016013
0 0.847657 0.574085 0.016113 0.015845
0 0.365188 0.828028 0.016057 0.015871
0 0.507149 0.535328 0.015976 0.015899
0 0.565448 0.634934 0.015979 0.015886
0 0.725675 0.498374 0.015996 0.015839
0 0.828105 0.500876 0.016056 0.015709
0 0.196993 0.234080 0.015978 0.015774
0 0.780211 0.345700 0.015908 0.015830
0 0.835357 0.104291 0.015815 0.015858
0 0.100507 0.204041 0.015631 0.015992
0 0.774155 0.597093 0.015774 0.015840
0 0.281389 0.801641 0.015909 0.015704
0 0.912028 0.838396 0.015954 0.015653
0 0.676348 0.622676 0.015766 0.015818
0 0.870687 0.843569 0.015885 0.015689
0 0.869593 0.360307 0.015868 0.015699
0 0.891499 0.285123 0.015747 0.015815
0 0.764142 0.118783 0.015879 0.015651
0 0.439479 0.296053 0.015801 0.015725
0 0.237217 0.377267 0.015683 0.015835
0 0.143902 0.395664 0.015793 0.015702
0 0.734976 0.306415 0.015874 0.015611
0 0.644321 0.426331 0.015768 0.015713
0 0.625411 0.891181 0.015691 0.015790
0 0.668379 0.499759 0.015930 0.015550
0 0.765795 0.083642 0.015747 0.015725
0 0.742984 0.440231 0.015790 0.015667
0 0.986131 0.286819 0.015924 0.015506
0 0.906675 0.924673 0.015687 0.015726
0 0.720342 0.067710 0.015805 0.015579
0 0.592594 0.484420 0.015714 0.015630
0 0.483693 0.986176 0.015779 0.015557
0 0.177087 0.335557 0.015743 0.015566
0 0.897547 0.884839 0.015700 0.015584
0 0.707518 0.765405 0.015714 0.015569
0 0.024797 0.866514 0.015655 0.015607
0 0.709793 0.842702 0.015588 0.015620
0 0.337313 0.601970 0.015570 0.015619
0 0.352012 0.537939 0.015610 0.015554
0 0.533572 0.721448 0.015739 0.015417
0 0.578060 0.791400 0.015726 0.015429
0 0.520655 0.848460 0.015651 0.015472
0 0.015615 0.965283 0.015566 0.015550
0 0.379530 0.194709 0.015543 0.015494
0 0.599400 0.538072 0.015430 0.015593
0 0.569989 0.597721 0.015613 0.015392
0 0.179335 0.074346 0.015576 0.015422
0 0.232681 0.838804 0.015565 0.015432
0 0.238364 0.089449 0.015443 0.015528
0 0.325752 0.384686 0.015544 0.015401
0 0.864669 0.457277 0.015506 0.015405
0 0.992257 0.160492 0.014532 0.016387
0 0.105534 0.575778 0.015506 0.015347
0 0.457678 0.347362 0.015430 0.015389
0 0.744873 0.504903 0.015713 0.015093
0 0.022148 0.542080 0.015412 0.015375
0 0.915592 0.661778 0.015577 0.015184
0 0.870636 0.635634 0.015583 0.015174
0 0.943177 0.145552 0.015285 0.015341
0 0.881313 0.405616 0.015194 0.015412
0 0.160572 0.639711 0.015246 0.015349
0 0.265451 0.350499 0.015314 0.015274
0 0.375237 0.261810 0.015409 0.015158
0 0.471002 0.477442 0.015337 0.015154
0 0.302193 0.709416 0.015169 0.015290
0 0.459430 0.190736 0.015316 0.015137
0 0.837695 0.868082 0.015263 0.015164
0 0.497717 0.171525 0.015416 0.014995
0 0.897099 0.045484 0.015143 0.015257
0 0.799100 0.353750 0.015209 0.015148
0 0.158255 0.530142 0.015168 0.015172
0 0.168864 0.607726 0.015163 0.015175
0 0.060409 0.709296 0.015209 0.015104
0 0.731720 0.028707 0.015041 0.015235
0 0.833937 0.145625 0.015115 0.015159
0 0.964182 0.668971 0.015273 0.014987
0 0.757013 0.035932 0.015149 0.015097
0 0.173930 0.563851 0.015086 0.015100
0 0.880262 0.582603 0.015136 0.015040
0 0.950081 0.729721 0.015079 0.015018
0 0.032766 0.697859 0.015227 0.014639
0 0.932183 0.793825 0.014975 0.014882
0 0.154167 0.495812 0.014985 0.014848
0 0.864326 0.680176 0.015013 0.014807
0 0.931514 0.065290 0.014885 0.014920
0 0.700245 0.919210 0.014952 0.014838
0 0.045202 0.006487 0.017104 0.012903
0 0.980318 0.554176 0.014929 0.014665
0 0.226971 0.179822 0.014744 0.014763
0 0.900539 0.007939 0.014408 0.014196
0 0.808173 0.003365 0.015338 0.006729
0 0.636057 0.003077 0.015167 0.006153
