0 0.224306 0.098001 0.017880 0.017634
0 0.034942 0.769092 0.017649 0.017444
0 0.663000 0.568385 0.017467 0.017606
0 0.917863 0.498022 0.017313 0.017296
0 0.479247 0.945247 0.017112 0.017309
0 0.673841 0.720463 0.016933 0.016918
0 0.107846 0.472110 0.016879 0.016928
0 0.719715 0.226212 0.016920 0.016691
0 0.464464 0.719557 0.016871 0.016691
0 0.024385 0.644843 0.016719 0.016828
0 0.506164 0.596741 0.016649 0.016865
0 0.373713 0.567475 0.016454 0.016653
0 0.556627 0.510290 0.016570 0.016504
0 0.072507 0.439729 0.016636 0.016417
0 0.030697 0.903148 0.016540 0.016435
0 0.593286 0.613447 0.016521 0.016434
0 0.524379 0.727877 0.016288 0.016598
0 0.793692 0.705661 0.016477 0.016354
0 0.319861 0.265228 0.016391 0.016426
0 0.746460 0.506442 0.016401 0.016338
0 0.246252 0.613641 0.016431 0.016268
0 0.194133 0.248613 0.016277 0.016412
0 0.616892 0.326303 0.016488 0.016154
0 0.878742 0.630294 0.016357 0.016174
0 0.630581 0.626447 0.016298 0.016185
0 0.853282 0.951031 0.016271 0.016208
0 0.902315 0.542757 0.016290 0.016162
0 0.791246 0.677388 0.016250 0.016129
0 0.833225 0.485315 0.016263 0.016098
0 0.578222 0.563858 0.016313 0.016023
0 0.852464 0.523062 0.016140 0.016181
0 0.031237 0.850116 0.016176 0.016116
0 0.056189 0.075825 0.016014 0.016212
0 0.261559 0.806251 0.016186 0.016013
0 0.872573 0.400630 0.016160 0.015943
0 0.232546 0.361025 0.016022 0.016049
0 0.616957 0.531423 0.016167 0.015904
0 0.428397 0.121979 0.016058 0.015924
0 0.854507 0.231055 0.016015 0.015905
0 0.550292 0.284896 0.015870 0.016009
0 0.009059 0.108495 0.015773 0.016107
0 0.685432 0.260542 0.015997 0.015841
0 0.455521 0.828426 0.016054 0.015767
0 0.523233 0.673212 0.015896 0.015918
0 0.871550 0.306944 0.015939 0.015837
0 0.931017 0.324675 0.016017 0.015749
0 0.159099 0.743250 0.015861 0.015903
0 0.012263 0.966316 0.015881 0.015882
0 0.668737 0.913016 0.016001 0.015672
0 0.322241 0.235850 0.015823 0.015807
0 0.560834 0.171092 0.015796 0.015832
0 0.143837 0.804178 0.015854 0.015718
0 0.579140 0.719275 0.015869 0.015677
0 0.941043 0.715644 0.015866 0.015670
0 0.428629 0.831355 0.015870 0.015638
0 0.141306 0.632143 0.015772 0.015706
0 0.308182 0.365253 0.015841 0.015610
0 0.320462 0.664515 0.015850 0.015574
0 0.458411 0.474043 0.015821 0.015596
0 0.295446 0.503603 0.015768 0.015599
0 0.325054 0.151105 0.015713 0.015643
0 0.231866 0.456595 0.015747 0.015601
0 0.023342 0.543722 0.015842 0.015476
0 0.808597 0.893173 0.015806 0.015500
0 0.505541 0.425557 0.015711 0.015585
0 0.518854 0.442458 0.015643 0.015652
0 0.353465 0.766830 0.015676 0.015558
0 0.292954 0.849578 0.015644 0.015557
0 0.638259 0.737291 0.015543 0.015654
0 0.433891 0.206047 0.015657 0.015521
0 0.052791 0.041243 0.015674 0.015499
0 0.508696 0.540971 0.015665 0.015502
0 0.633170 0.393240 0.015674 0.015457
0 0.444134 0.745480 0.015607 0.015519
0 0.484903 0.684752 0.015637 0.015483
0 0.815604 0.102954 0.015727 0.015387
0 0.737723 0.917353 0.015604 0.015497
0 0.819331 0.314237 0.015484 0.015579
0 0.856744 0.673792 0.015702 0.015335
0 0.102869 0.378775 0.015621 0.015404
0 0.976520 0.271826 0.015538 0.015476
0 0.371169 0.377133 0.015586 0.015426
0 0.798617 0.452045 0.015547 0.015462
0 0.059793 0.708628 0.015447 0.015550
0 0.981450 0.550082 0.015631 0.015305
0 0.847234 0.113568 0.015567 0.015354
0 0.160775 0.700448 0.015453 0.015450
0 0.586591 0.264954 0.015434 0.015434
0 0.346836 0.804938 0.015414 0.015445
0 0.879904 0.580473 0.015490 0.015362
0 0.419987 0.976417 0.015506 0.015338
0 0.862453 0.042935 0.015419 0.015396
0 0.561297 0.735451 0.015435 0.015373
0 0.159797 0.357754 0.015472 0.015334
0 0.781055 0.356579 0.015315 0.015477
0 0.087595 0.536360 0.015440 0.015339
0 0.985412 0.436112 0.015422 0.015331
0 0.273242 0.601683 0.015345 0.015401
0 0.121943 0.405421 0.015488 0.015241
0 0.698648 0.076596 0.015332 0.015395
0 0.737223 0.312981 0.015369 0.015312
0 0.038810 0.402117 0.015303 0.015285
0 0.433104 0.393919 0.015343 0.015238
0 0.512681 0.878962 0.015346 0.015195
0 0.712321 0.757724 0.015411 0.015121
0 0.871174 0.842184 0.015268 0.015251
0 0.785108 0.015809 0.015196 0.015298
0 0.909631 0.829480 0.015285 0.015170
0 0.674238 0.500675 0.015326 0.015129
0 0.841464 0.182762 0.015233 0.015201
0 0.525316 0.266508 0.015305 0.015122
0 0.578385 0.791109 0.015241 0.015155
0 0.308741 0.567251 0.015172 0.015195
0 0.645652 0.426064 0.015172 0.015179
0 0.191105 0.723310 0.015294 0.014968
0 0.285868 0.801343 0.014892 0.015347
0 0.035642 0.702434 0.014987 0.015219
0 0.275289 0.258860 0.014968 0.015194
0 0.250627 0.567579 0.015055 0.015076
0 0.962996 0.667333 0.014985 0.015048
0 0.250730 0.711544 0.015076 0.014888
0 0.180889 0.607050 0.014981 0.014939
0 0.306698 0.467756 0.014943 0.014859
0 0.488053 0.923947 0.015043 0.014684
0 0.963303 0.065040 0.014727 0.014745
0 0.172095 0.412947 0.014730 0.014701
0 0.927389 0.180549 0.014919 0.014349
0 0.899688 0.308283 0.014574 0.014641
0 0.169418 0.562462 0.014448 0.014668
0 0.287060 0.004582 0.017031 0.009109
0 0.984729 0.004704 0.016488 0.009408
0 0.004686 0.777829 0.009372 0.014502
0 0.997118 0.421201 0.005764 0.015718
0 0.002434 0.425831 0.004867 0.015573
0 0.997803 0.130269 0.004394 0.014938
