0 0.870753 0.960046 0.017924 0.017879
0 0.015535 0.366350 0.017311 0.017906
0 0.723202 0.195220 0.017693 0.017189
0 0.396778 0.197436 0.017208 0.017174
0 0.362017 0.135714 0.017267 0.016981
0 0.160212 0.975262 0.017303 0.016885
0 0.418080 0.285147 0.017082 0.016940
0 0.443663 0.803065 0.016939 0.016961
0 0.370212 0.585612 0.016994 0.016664
0 0.048525 0.839230 0.016761 0.016829
0 0.030781 0.439494 0.016679 0.016807
0 0.032500 0.040859 0.016739 0.016685
0 0.235312 0.351844 0.016715 0.016688
0 0.135931 0.395316 0.016593 0.016714
0 0.632250 0.618039 0.016626 0.016621
0 0.116511 0.986933 0.016569 0.016670
0 0.215130 0.411028 0.016667 0.016569
0 0.161354 0.726316 0.016630 0.016599
0 0.848901 0.301206 0.016580 0.016632
0 0.202438 0.089608 0.016733 0.016478
0 0.312831 0.232875 0.016487 0.016689
0 0.218931 0.789066 0.016552 0.016613
0 0.911713 0.148469 0.016636 0.016512
0 0.637046 0.823363 0.016489 0.016576
0 0.109818 0.901235 0.016572 0.016443
0 0.403532 0.405254 0.016520 0.016304
0 0.532113 0.670316 0.016434 0.016381
0 0.778637 0.201554 0.016627 0.016099
0 0.807789 0.195873 0.016443 0.016248
0 0.578931 0.608101 0.016374 0.016309
0 0.274592 0.690573 0.016332 0.016309
0 0.321103 0.436403 0.016364 0.016262
0 0.092842 0.281191 0.016400 0.016193
0 0.728131 0.571956 0.016341 0.016226
0 0.664759 0.309202 0.016282 0.016279
0 0.742430 0.377860 0.016379 0.016173
0 0.217817 0.486699 0.016434 0.016115
0 0.198338 0.123621 0.016213 0.016325
0 0.822730 0.163516 0.016380 0.016145
0 0.169435 0.354074 0.016257 0.016241
0 0.895247 0.907162 0.016177 0.016308
0 0.498642 0.939923 0.016256 0.016218
0 0.820684 0.471795 0.016257 0.016206
0 0.014675 0.465903 0.016168 0.016148
0 0.183276 0.259647 0.016181 0.016124
0 0.313117 0.977724 0.015976 0.016327
0 0.307640 0.895085 0.016091 0.016043
0 0.046777 0.647170 0.016093 0.016017
0 0.774648 0.352933 0.015902 0.016207
0 0.371047 0.669206 0.016030 0.016056
0 0.668702 0.023068 0.016077 0.015993
0 0.703456 0.728109 0.016165 0.015900
0 0.486217 0.976090 0.016071 0.015975
0 0.078143 0.827787 0.016066 0.015955
0 0.797062 0.013525 0.015987 0.015999
0 0.221716 0.238720 0.016074 0.015912
0 0.616704 0.328136 0.016023 0.015920
0 0.604055 0.874996 0.015990 0.015927
0 0.942291 0.881423 0.015981 0.015915
0 0.771733 0.093247 0.015730 0.016166
0 0.097554 0.456450 0.015997 0.015887
0 0.876296 0.254703 0.015944 0.015913
0 0.624086 0.712510 0.015975 0.015824
0 0.824182 0.618626 0.015972 0.015799
0 0.743385 0.770328 0.015900 0.015825
0 0.430243 0.671804 0.015782 0.015880
0 0.626533 0.896171 0.015616 0.016047
0 0.319442 0.663359 0.015902 0.015753
0 0.203623 0.628038 0.015920 0.015712
0 0.126254 0.950571 0.015888 0.015734
0 0.982451 0.265339 0.015701 0.015915
0 0.743912 0.249729 0.015939 0.015677
0 0.920658 0.837684 0.015835 0.015776
0 0.296886 0.508466 0.015911 0.015672
0 0.059754 0.709123 0.015823 0.015681
0 0.423208 0.163003 0.015765 0.015726
0 0.887265 0.397049 0.015904 0.015571
0 0.736989 0.074578 0.015815 0.015622
0 0.218585 0.582868 0.015811 0.015595
0 0.300412 0.603149 0.015759 0.015641
0 0.697718 0.017888 0.015765 0.015628
0 0.705216 0.761840 0.015702 0.015688
0 0.702441 0.056361 0.015746 0.015605
0 0.577766 0.474959 0.015807 0.015487
0 0.772928 0.313736 0.015616 0.015666
0 0.377626 0.624337 0.015760 0.015509
0 0.157625 0.529901 0.015441 0.015825
0 0.489137 0.343885 0.015725 0.015533
0 0.023080 0.813750 0.015842 0.015396
0 0.618547 0.532945 0.015684 0.015517
0 0.519712 0.162597 0.015608 0.015589
0 0.873006 0.555692 0.015467 0.015696
0 0.150665 0.379931 0.015514 0.015647
0 0.020198 0.542105 0.015637 0.015485
0 0.506050 0.542694 0.015718 0.015394
0 0.133593 0.765074 0.015594 0.015508
0 0.311273 0.720137 0.015535 0.015535
0 0.618023 0.515529 0.015473 0.015594
0 0.362681 0.833741 0.015542 0.015478
0 0.875431 0.837623 0.015567 0.015443
0 0.533991 0.721110 0.015497 0.015505
0 0.172183 0.559780 0.015636 0.015335
0 0.645321 0.426844 0.015470 0.015471
0 0.283632 0.802160 0.015430 0.015463
0 0.154179 0.496753 0.015660 0.015218
0 0.878886 0.582695 0.015457 0.015364
0 0.807741 0.574136 0.015537 0.015273
0 0.887917 0.301502 0.015601 0.015187
0 0.020142 0.919734 0.015528 0.015248
0 0.276667 0.710496 0.015520 0.015190
0 0.853119 0.674728 0.015551 0.015150
0 0.048411 0.599555 0.015430 0.015257
0 0.578269 0.792006 0.015325 0.015154
0 0.177743 0.608878 0.015361 0.015094
0 0.479470 0.474361 0.015306 0.015136
0 0.969031 0.328959 0.015329 0.015110
0 0.306622 0.820849 0.015449 0.014946
0 0.934687 0.803499 0.015182 0.015135
0 0.738311 0.491787 0.014898 0.015399
0 0.865063 0.484573 0.014920 0.015376
0 0.979403 0.552410 0.015303 0.014974
0 0.007687 0.959053 0.014658 0.015564
0 0.987882 0.866104 0.015074 0.015122
0 0.959167 0.646332 0.014982 0.015077
0 0.673016 0.502446 0.015037 0.015005
0 0.550835 0.746560 0.014956 0.015075
0 0.962212 0.669706 0.014932 0.014991
0 0.725835 0.924026 0.014940 0.014967
0 0.938791 0.781814 0.015032 0.014855
0 0.033993 0.697546 0.014766 0.014774
0 0.994214 0.888283 0.011571 0.015724
0 0.994742 0.130320 0.010515 0.014928
0 0.996159 0.166825 0.007682 0.016532
0 0.002603 0.011597 0.005137 0.017411
0 0.002652 0.408893 0.005305 0.016586
