0 0.019359 0.373416 0.018160 0.018411
0 0.832824 0.288176 0.017799 0.017613
0 0.327731 0.431750 0.017453 0.017480
0 0.386644 0.435472 0.017560 0.017303
0 0.631485 0.629849 0.017283 0.017376
0 0.027094 0.912912 0.017400 0.016964
0 0.092710 0.969793 0.017207 0.017136
0 0.173435 0.261428 0.017153 0.017012
0 0.632527 0.819142 0.017073 0.017033
0 0.072350 0.287175 0.017048 0.016876
0 0.890733 0.911784 0.017077 0.016631
0 0.213619 0.114240 0.017030 0.016656
0 0.093266 0.798506 0.016887 0.016789
0 0.491286 0.804895 0.016824 0.016851
0 0.814572 0.577365 0.016784 0.016798
0 0.094492 0.749935 0.016964 0.016618
0 0.733482 0.582507 0.016695 0.016624
0 0.040585 0.048366 0.016742 0.016547
0 0.047816 0.640551 0.016649 0.016582
0 0.669811 0.307737 0.016504 0.016654
0 0.533112 0.678128 0.016671 0.016482
0 0.328095 0.868788 0.016709 0.016376
0 0.889175 0.295680 0.016449 0.016634
0 0.614880 0.719538 0.016496 0.016566
0 0.728517 0.249239 0.016648 0.016400
0 0.310336 0.229755 0.016530 0.016464
0 0.985331 0.902226 0.016179 0.016771
0 0.700867 0.727409 0.016505 0.016439
0 0.718398 0.202846 0.016667 0.016250
0 0.168957 0.720154 0.016373 0.016501
0 0.617451 0.327586 0.016482 0.016371
0 0.220230 0.240630 0.016560 0.016272
0 0.150932 0.971696 0.016396 0.016433
0 0.397370 0.191085 0.016416 0.016379
0 0.990887 0.259917 0.016217 0.016560
0 0.294339 0.609106 0.016341 0.016421
0 0.421928 0.680792 0.016476 0.016277
0 0.365897 0.144581 0.016584 0.016149
0 0.669331 0.019998 0.016267 0.016454
0 0.402156 0.294314 0.016292 0.016423
0 0.367382 0.615632 0.016391 0.016310
0 0.357053 0.226076 0.016183 0.016477
0 0.787537 0.202223 0.016271 0.016356
0 0.925652 0.844496 0.016329 0.016295
0 0.821622 0.485965 0.016457 0.016167
0 0.480556 0.988227 0.016338 0.016265
0 0.207137 0.772770 0.016352 0.016189
0 0.147689 0.373884 0.016482 0.016050
0 0.231667 0.373516 0.016705 0.015835
0 0.114312 0.416214 0.016315 0.016163
0 0.748106 0.762964 0.016216 0.016252
0 0.864869 0.676645 0.016324 0.016141
0 0.905921 0.933942 0.016280 0.016182
0 0.268433 0.377123 0.016175 0.016199
0 0.171092 0.357755 0.016316 0.016049
0 0.406291 0.166961 0.016440 0.015907
0 0.044486 0.840899 0.016136 0.016201
0 0.812833 0.160510 0.016065 0.016271
0 0.188518 0.444645 0.016114 0.016221
0 0.744685 0.373035 0.016068 0.016244
0 0.582487 0.621210 0.016251 0.016043
0 0.067784 0.444444 0.015989 0.016272
0 0.490690 0.351315 0.016150 0.016099
0 0.587948 0.465063 0.016014 0.016186
0 0.617247 0.532981 0.016120 0.016046
0 0.919279 0.882250 0.015980 0.016081
0 0.084356 0.608810 0.016097 0.015962
0 0.008413 0.957178 0.015599 0.016411
0 0.161687 0.500222 0.016119 0.015881
0 0.477053 0.474814 0.016224 0.015759
0 0.624702 0.889251 0.015953 0.015925
0 0.032406 0.532959 0.015948 0.015869
0 0.807193 0.202450 0.015846 0.015963
0 0.806542 0.237215 0.015703 0.016097
0 0.503913 0.541943 0.016061 0.015676
0 0.483781 0.165470 0.015917 0.015763
0 0.874012 0.278535 0.015813 0.015846
0 0.798747 0.637922 0.015880 0.015764
0 0.213891 0.489020 0.015813 0.015818
0 0.911781 0.779599 0.015764 0.015844
0 0.375404 0.565366 0.015877 0.015725
0 0.780486 0.082831 0.015765 0.015821
0 0.790138 0.011584 0.015737 0.015847
0 0.110425 0.992245 0.016664 0.014911
0 0.955147 0.627639 0.015708 0.015778
0 0.936395 0.540776 0.015834 0.015644
0 0.357178 0.678409 0.015643 0.015831
0 0.234961 0.175519 0.015796 0.015654
0 0.953360 0.330572 0.015650 0.015770
0 0.879638 0.582559 0.015720 0.015694
0 0.186170 0.599718 0.015732 0.015659
0 0.935857 0.802832 0.015624 0.015693
0 0.780888 0.352836 0.015318 0.015998
0 0.672568 0.501265 0.015633 0.015561
0 0.296178 0.508613 0.015545 0.015618
0 0.021262 0.830642 0.015819 0.015285
0 0.712903 0.915136 0.015584 0.015480
0 0.579406 0.792199 0.015672 0.015366
0 0.332502 0.829656 0.015622 0.015406
0 0.803622 0.350259 0.015665 0.015333
0 0.167722 0.547920 0.015690 0.015303
0 0.283277 0.802472 0.015477 0.015492
0 0.092279 0.883441 0.015496 0.015418
0 0.874288 0.836936 0.015559 0.015244
0 0.926506 0.285340 0.015632 0.015164
0 0.745489 0.500808 0.015527 0.015232
0 0.644536 0.425789 0.015440 0.015301
0 0.874799 0.508533 0.015253 0.015473
0 0.320228 0.666910 0.015422 0.015285
0 0.695930 0.017925 0.015488 0.015176
0 0.269098 0.692648 0.015331 0.015314
0 0.961897 0.669204 0.015375 0.015267
0 0.553417 0.745879 0.015210 0.015412
0 0.372360 0.833019 0.015268 0.015280
0 0.902661 0.156629 0.015379 0.015147
0 0.646207 0.503445 0.015354 0.015050
0 0.533804 0.721522 0.015245 0.015123
0 0.638039 0.909375 0.015025 0.015229
0 0.890686 0.377194 0.015291 0.014960
0 0.311421 0.719574 0.015176 0.015036
0 0.279853 0.721411 0.015058 0.014915
0 0.981751 0.553667 0.015125 0.014770
0 0.499822 0.942212 0.014852 0.014993
0 0.884678 0.402401 0.015047 0.014381
0 0.046075 0.704384 0.014535 0.014769
0 0.993783 0.853992 0.012435 0.015981
0 0.305590 0.004910 0.017816 0.009820
0 0.995061 0.167584 0.009877 0.015928
0 0.337296 0.994960 0.015273 0.010081
0 0.996129 0.129324 0.007742 0.014692
0 0.003479 0.008132 0.006936 0.014806
0 0.002599 0.425887 0.005197 0.015087
0 0.002120 0.471353 0.004239 0.015553
