0 0.029271 0.303490 0.017871 0.017123
0 0.228130 0.377969 0.017584 0.016993
0 0.465030 0.795703 0.017304 0.017178
0 0.694673 0.481590 0.017222 0.017208
0 0.837617 0.172583 0.017014 0.017308
0 0.631578 0.811636 0.017007 0.017091
0 0.782643 0.962557 0.017195 0.016883
0 0.646585 0.888099 0.016968 0.017095
0 0.717352 0.569290 0.017101 0.016928
0 0.441469 0.695966 0.016737 0.016984
0 0.093711 0.947182 0.016872 0.016833
0 0.645776 0.849312 0.016805 0.016899
0 0.153853 0.823402 0.016818 0.016605
0 0.387217 0.801097 0.016750 0.016625
0 0.615215 0.532823 0.016737 0.016612
0 0.657791 0.305935 0.016560 0.016701
0 0.809428 0.292424 0.016864 0.016344
0 0.190330 0.431265 0.016641 0.016512
0 0.934766 0.244137 0.016757 0.016367
0 0.240468 0.303044 0.016690 0.016381
0 0.146977 0.964947 0.016360 0.016557
0 0.071848 0.255476 0.016494 0.016369
0 0.406354 0.722785 0.016416 0.016434
0 0.167775 0.380715 0.016405 0.016443
0 0.385745 0.226419 0.016358 0.016448
0 0.169098 0.348325 0.016466 0.016313
0 0.497922 0.957079 0.016478 0.016276
0 0.296552 0.506665 0.016131 0.016565
0 0.865798 0.291134 0.016413 0.016245
0 0.604373 0.574614 0.016236 0.016392
0 0.589097 0.748189 0.016271 0.016334
0 0.921693 0.110024 0.016298 0.016165
0 0.013249 0.048755 0.016226 0.016193
0 0.688394 0.713330 0.016203 0.016166
0 0.844419 0.596807 0.016232 0.016133
0 0.291440 0.890482 0.016076 0.016284
0 0.816855 0.551821 0.016310 0.016045
0 0.307243 0.527684 0.016356 0.015985
0 0.990504 0.236791 0.016159 0.016115
0 0.376459 0.640913 0.016103 0.016162
0 0.624094 0.672481 0.016046 0.016196
0 0.305701 0.269573 0.016315 0.015905
0 0.283831 0.604079 0.016212 0.016005
0 0.117724 0.955841 0.015954 0.016248
0 0.624799 0.456969 0.016136 0.016054
0 0.297352 0.410471 0.016058 0.016026
0 0.658569 0.597279 0.015967 0.016107
0 0.212235 0.243858 0.016086 0.015976
0 0.208975 0.156966 0.016063 0.015976
0 0.380309 0.673673 0.015916 0.016105
0 0.625423 0.018429 0.015916 0.016078
0 0.871700 0.543709 0.015949 0.016027
0 0.375162 0.427486 0.016196 0.015742
0 0.021611 0.015704 0.016136 0.015799
0 0.463356 0.150160 0.015902 0.015977
0 0.123659 0.804934 0.015960 0.015910
0 0.775151 0.089569 0.015885 0.015976
0 0.706670 0.754271 0.015785 0.016028
0 0.844939 0.488003 0.015990 0.015800
0 0.028318 0.836015 0.015968 0.015795
0 0.914424 0.910125 0.015948 0.015795
0 0.934707 0.826180 0.015971 0.015745
0 0.465515 0.343467 0.015807 0.015901
0 0.745903 0.507245 0.015939 0.015765
0 0.378056 0.312138 0.015996 0.015692
0 0.507965 0.640752 0.015919 0.015742
0 0.849671 0.873221 0.016032 0.015620
0 0.808565 0.469757 0.015767 0.015831
0 0.786891 0.333945 0.015729 0.015800
0 0.235113 0.517664 0.015778 0.015709
0 0.644307 0.425633 0.015830 0.015651
0 0.616588 0.326419 0.015876 0.015604
0 0.191265 0.266550 0.015922 0.015554
0 0.100492 0.354156 0.015638 0.015832
0 0.869668 0.842288 0.015922 0.015496
0 0.506798 0.540421 0.015800 0.015613
0 0.980624 0.302316 0.015690 0.015663
0 0.754563 0.205520 0.015789 0.015558
0 0.041458 0.486608 0.015750 0.015584
0 0.544349 0.903150 0.015793 0.015490
0 0.805086 0.782537 0.015567 0.015707
0 0.365221 0.217457 0.015958 0.015294
0 0.328772 0.666503 0.015702 0.015495
0 0.759742 0.031615 0.015541 0.015651
0 0.763487 0.297361 0.015545 0.015621
0 0.209205 0.537453 0.015666 0.015476
0 0.773455 0.352276 0.015720 0.015414
0 0.731056 0.363685 0.015537 0.015573
0 0.671656 0.501060 0.015676 0.015388
0 0.895479 0.609430 0.015542 0.015516
0 0.890931 0.769928 0.015599 0.015414
0 0.536294 0.720707 0.015487 0.015510
0 0.959252 0.917130 0.015567 0.015393
0 0.465664 0.480229 0.015568 0.015390
0 0.929882 0.219304 0.015480 0.015387
0 0.742239 0.092788 0.015521 0.015326
0 0.301089 0.468169 0.015265 0.015540
0 0.560753 0.737131 0.015227 0.015528
0 0.713316 0.062413 0.015417 0.015316
0 0.157832 0.536219 0.015632 0.015096
0 0.355897 0.151743 0.015449 0.015209
0 0.083854 0.747989 0.015479 0.015165
0 0.488099 0.196741 0.015337 0.015291
0 0.936764 0.371539 0.015342 0.015280
0 0.050628 0.419231 0.015338 0.015282
0 0.010463 0.962198 0.015208 0.015410
0 0.305242 0.571975 0.015364 0.015252
0 0.203798 0.406274 0.015393 0.015221
0 0.071221 0.858792 0.015354 0.015220
0 0.934131 0.800525 0.015450 0.015102
0 0.851051 0.674182 0.015327 0.015162
0 0.584132 0.722345 0.015415 0.015022
0 0.290482 0.722419 0.015176 0.015166
0 0.288062 0.834066 0.015055 0.015256
0 0.700229 0.920237 0.015085 0.015136
0 0.827795 0.299619 0.015168 0.014952
0 0.061042 0.583210 0.015133 0.014922
0 0.980501 0.554785 0.015075 0.014965
0 0.949737 0.051349 0.014897 0.015142
0 0.578497 0.792021 0.015091 0.014941
0 0.159426 0.497200 0.015142 0.014851
0 0.171421 0.609460 0.015097 0.014878
0 0.061711 0.710560 0.015020 0.014889
0 0.441398 0.990781 0.015119 0.014719
0 0.232248 0.748458 0.014888 0.014895
0 0.180402 0.676522 0.015161 0.014552
0 0.282027 0.801922 0.014772 0.014906
0 0.881905 0.581324 0.014728 0.014941
0 0.021163 0.542694 0.014941 0.014701
0 0.191293 0.692027 0.015072 0.014561
0 0.964145 0.668371 0.014925 0.014686
0 0.969902 0.341636 0.014761 0.014806
0 0.680504 0.523584 0.014867 0.014408
0 0.880348 0.397693 0.014598 0.014621
0 0.993444 0.132325 0.013113 0.016080
0 0.166336 0.563011 0.014477 0.014482
0 0.036366 0.698033 0.014580 0.014262
0 0.105588 0.816631 0.014485 0.014353
0 0.006177 0.928560 0.012354 0.015995
0 0.318461 0.994316 0.015660 0.011369
0 0.995977 0.167909 0.008045 0.015710
0 0.001832 0.639456 0.003663 0.014221
