0 0.030395 0.420550 0.017640 0.018237
0 0.303980 0.168248 0.017574 0.017411
0 0.089885 0.941709 0.017522 0.017457
0 0.178843 0.078802 0.017437 0.017464
0 0.359112 0.764415 0.017373 0.017371
0 0.455433 0.661900 0.016988 0.017055
0 0.607762 0.461258 0.016844 0.017195
0 0.114929 0.793180 0.016773 0.017232
0 0.686608 0.499454 0.017066 0.016928
0 0.136403 0.326232 0.017112 0.016863
0 0.721855 0.223676 0.017046 0.016883
0 0.141046 0.672707 0.016849 0.016872
0 0.147422 0.270172 0.016737 0.016947
0 0.746739 0.319057 0.016556 0.017123
0 0.760310 0.117313 0.016786 0.016849
0 0.387654 0.925336 0.016819 0.016806
0 0.327149 0.661229 0.016941 0.016682
0 0.109530 0.718730 0.016625 0.016916
0 0.086384 0.311063 0.016365 0.017060
0 0.031350 0.242633 0.016728 0.016644
0 0.172700 0.342046 0.016563 0.016809
0 0.196256 0.509098 0.016684 0.016642
0 0.052005 0.037345 0.016731 0.016563
0 0.908870 0.843797 0.016675 0.016569
0 0.184834 0.965702 0.016535 0.016687
0 0.057060 0.707611 0.016718 0.016492
0 0.795511 0.858949 0.016549 0.016637
0 0.420029 0.442730 0.016763 0.016418
0 0.224551 0.583659 0.016526 0.016646
0 0.491634 0.949821 0.016716 0.016428
0 0.190391 0.643707 0.016422 0.016625
0 0.615831 0.532530 0.016576 0.016466
0 0.318845 0.703986 0.016194 0.016833
0 0.160274 0.737866 0.016542 0.016474
0 0.341996 0.453805 0.016640 0.016241
0 0.869348 0.964905 0.016379 0.016499
0 0.772233 0.344443 0.016758 0.016116
0 0.527705 0.627294 0.016419 0.016397
0 0.014519 0.767125 0.016426 0.016328
0 0.895259 0.890391 0.016316 0.016350
0 0.714279 0.351346 0.016222 0.016442
0 0.050678 0.301691 0.016367 0.016273
0 0.299585 0.290579 0.016399 0.016217
0 0.471757 0.280951 0.016239 0.016358
0 0.839005 0.783531 0.016232 0.016314
0 0.337470 0.138301 0.016242 0.016238
0 0.657049 0.646299 0.016266 0.016204
0 0.939930 0.966616 0.016283 0.016180
0 0.712517 0.286711 0.016310 0.016152
0 0.127519 0.755929 0.016370 0.016078
0 0.293754 0.618392 0.016336 0.016081
0 0.623486 0.895290 0.016266 0.016103
0 0.800519 0.193551 0.016106 0.016237
0 0.794427 0.223996 0.016072 0.016256
0 0.940324 0.661559 0.016394 0.015886
0 0.730859 0.514556 0.016323 0.015952
0 0.218221 0.813301 0.016089 0.016183
0 0.567358 0.560292 0.016282 0.015972
0 0.386144 0.708284 0.016144 0.016105
0 0.471350 0.142883 0.016068 0.016115
0 0.872851 0.836636 0.016131 0.016035
0 0.460608 0.622179 0.016160 0.016003
0 0.270410 0.663452 0.016075 0.016081
0 0.472368 0.724347 0.016081 0.016063
0 0.443027 0.954768 0.016076 0.016062
0 0.644165 0.426006 0.016119 0.015992
0 0.662179 0.091356 0.015906 0.016197
0 0.166919 0.210623 0.016049 0.016024
0 0.664707 0.680202 0.016208 0.015854
0 0.873815 0.026292 0.016000 0.016016
0 0.250225 0.310761 0.015893 0.016104
0 0.132153 0.843674 0.015763 0.016214
0 0.507930 0.542360 0.016100 0.015874
0 0.616708 0.328820 0.016174 0.015801
0 0.410233 0.311350 0.015858 0.016077
0 0.014045 0.960636 0.015963 0.015908
0 0.072299 0.981216 0.015770 0.016097
0 0.373538 0.237937 0.015874 0.015936
0 0.032838 0.478851 0.016086 0.015720
0 0.313243 0.588594 0.015985 0.015812
0 0.087598 0.471007 0.016010 0.015776
0 0.134262 0.565359 0.015910 0.015784
0 0.857678 0.675570 0.015975 0.015704
0 0.824604 0.051672 0.015805 0.015862
0 0.058252 0.809413 0.015803 0.015859
0 0.675855 0.735418 0.015819 0.015799
0 0.468246 0.477369 0.015966 0.015647
0 0.293419 0.508424 0.015833 0.015744
0 0.957511 0.416322 0.015922 0.015635
0 0.682167 0.810230 0.015702 0.015776
0 0.745388 0.507207 0.015866 0.015555
0 0.234547 0.374444 0.015895 0.015507
0 0.143180 0.534185 0.015680 0.015712
0 0.814833 0.441830 0.015888 0.015500
0 0.195374 0.023824 0.015766 0.015564
0 0.845298 0.627629 0.015700 0.015628
0 0.984895 0.915048 0.015796 0.015522
0 0.075752 0.562005 0.015736 0.015578
0 0.637002 0.034210 0.015670 0.015600
0 0.650432 0.772222 0.015561 0.015696
0 0.630912 0.578434 0.015601 0.015638
0 0.977255 0.282042 0.015593 0.015610
0 0.282131 0.801417 0.015573 0.015540
0 0.035049 0.532767 0.015599 0.015504
0 0.875531 0.114570 0.015573 0.015490
0 0.853617 0.136956 0.015585 0.015389
0 0.305469 0.467139 0.015490 0.015361
0 0.943407 0.619195 0.015535 0.015304
0 0.091166 0.497530 0.015474 0.015302
0 0.535311 0.720783 0.015270 0.015477
0 0.713099 0.765430 0.015325 0.015417
0 0.979246 0.554542 0.015529 0.015211
0 0.371263 0.803679 0.015438 0.015300
0 0.918634 0.787985 0.015451 0.015273
0 0.859185 0.263107 0.015657 0.015068
0 0.936374 0.708549 0.015306 0.015398
0 0.292363 0.702869 0.015276 0.015269
0 0.826001 0.465131 0.015086 0.015419
0 0.880106 0.582524 0.015249 0.015238
0 0.720677 0.399013 0.015297 0.015161
0 0.841980 0.256032 0.015230 0.015190
0 0.555511 0.735604 0.015257 0.015136
0 0.431896 0.160569 0.015266 0.015124
0 0.514254 0.876998 0.015133 0.015216
0 0.898732 0.510694 0.015158 0.015102
0 0.573103 0.651597 0.015183 0.015010
0 0.964301 0.668847 0.015287 0.014865
0 0.034094 0.695557 0.015071 0.015049
0 0.308162 0.422544 0.015467 0.014634
0 0.172284 0.612122 0.015048 0.015024
0 0.886425 0.396576 0.015156 0.014874
0 0.660106 0.896871 0.015039 0.014898
0 0.610039 0.279714 0.014777 0.015029
0 0.705512 0.471244 0.015060 0.014671
0 0.578303 0.792675 0.014879 0.014766
0 0.227231 0.091707 0.014718 0.014575
0 0.192457 0.099329 0.014815 0.014434
0 0.994039 0.223234 0.011922 0.016466
0 0.235562 0.996117 0.017383 0.007765
0 0.004153 0.808808 0.008305 0.015508
0 0.997839 0.820674 0.004321 0.013279
