0 0.407964 0.696044 0.017684 0.017390
0 0.724111 0.226322 0.017153 0.017215
0 0.073646 0.704599 0.016954 0.017227
0 0.888243 0.832742 0.016959 0.017099
0 0.659367 0.851098 0.017077 0.016909
0 0.738066 0.160826 0.016832 0.016945
0 0.876691 0.893119 0.016866 0.016852
0 0.182774 0.816023 0.016850 0.016850
0 0.585856 0.793458 0.016857 0.016828
0 0.825984 0.207414 0.016795 0.016850
0 0.421519 0.982732 0.016727 0.016904
0 0.856207 0.673182 0.016781 0.016829
0 0.952609 0.912629 0.016733 0.016396
0 0.440568 0.621516 0.016559 0.016563
0 0.795339 0.856344 0.016631 0.016488
0 0.715816 0.763362 0.016722 0.016377
0 0.750138 0.442377 0.016299 0.016760
0 0.288871 0.164975 0.016497 0.016554
0 0.379061 0.888715 0.016622 0.016425
0 0.469580 0.966658 0.016334 0.016649
0 0.060573 0.778685 0.016420 0.016526
0 0.920870 0.695714 0.016511 0.016357
0 0.617032 0.533693 0.016313 0.016518
0 0.744886 0.505716 0.016542 0.016170
0 0.502289 0.664566 0.016514 0.016181
0 0.517966 0.903524 0.016273 0.016414
0 0.576698 0.697641 0.016457 0.016201
0 0.086924 0.858639 0.016095 0.016480
0 0.270238 0.282887 0.016302 0.016263
0 0.742253 0.346862 0.016433 0.016122
0 0.253003 0.780659 0.016517 0.015968
0 0.100568 0.289670 0.016352 0.016076
0 0.648780 0.672930 0.016209 0.016145
0 0.362449 0.808920 0.016283 0.016071
0 0.040871 0.488975 0.016217 0.016118
0 0.516600 0.634860 0.016199 0.016131
0 0.236443 0.087532 0.016030 0.016238
0 0.924987 0.979076 0.016088 0.016172
0 0.415558 0.411572 0.016141 0.016103
0 0.616362 0.327616 0.016246 0.015865
0 0.325597 0.654328 0.015641 0.016444
0 0.148057 0.310410 0.016042 0.015973
0 0.828485 0.123814 0.016097 0.015888
0 0.813969 0.657672 0.015928 0.016053
0 0.477042 0.276967 0.016015 0.015922
0 0.048520 0.818328 0.016028 0.015903
0 0.596771 0.510636 0.016076 0.015846
0 0.127932 0.190196 0.016178 0.015715
0 0.510431 0.206569 0.015862 0.016021
0 0.765152 0.299488 0.016124 0.015756
0 0.006960 0.285690 0.013920 0.018195
0 0.102787 0.243144 0.015888 0.015903
0 0.190619 0.513081 0.016091 0.015687
0 0.445699 0.752331 0.015883 0.015849
0 0.714758 0.127746 0.016057 0.015670
0 0.638498 0.479187 0.015749 0.015933
0 0.314142 0.241326 0.015941 0.015723
0 0.836096 0.731971 0.015834 0.015777
0 0.007359 0.862007 0.014718 0.016950
0 0.117474 0.539451 0.015769 0.015800
0 0.680506 0.719419 0.015820 0.015705
0 0.168531 0.888407 0.015889 0.015583
0 0.033158 0.695592 0.015894 0.015571
0 0.269854 0.961098 0.015523 0.015941
0 0.557187 0.737110 0.015883 0.015524
0 0.157319 0.265069 0.015624 0.015720
0 0.324756 0.735171 0.015707 0.015636
0 0.896863 0.796037 0.015607 0.015724
0 0.339197 0.584627 0.015412 0.015875
0 0.915380 0.298858 0.015812 0.015465
0 0.644441 0.426136 0.015607 0.015584
0 0.881980 0.250998 0.015594 0.015593
0 0.152424 0.532161 0.015693 0.015492
0 0.467918 0.122837 0.015735 0.015409
0 0.961921 0.670122 0.015698 0.015430
0 0.708186 0.267213 0.015585 0.015516
0 0.534314 0.720829 0.015600 0.015467
0 0.694483 0.460482 0.015537 0.015528
0 0.048925 0.408913 0.015508 0.015508
0 0.293985 0.491712 0.015576 0.015439
0 0.352052 0.193588 0.015586 0.015424
0 0.101046 0.176257 0.015667 0.015330
0 0.916419 0.255823 0.015623 0.015345
0 0.940985 0.466911 0.015537 0.015421
0 0.773558 0.349836 0.015608 0.015345
0 0.503865 0.537978 0.015616 0.015329
0 0.802885 0.377979 0.015523 0.015390
0 0.282969 0.802252 0.015351 0.015557
0 0.162859 0.712876 0.015597 0.015296
0 0.232208 0.372962 0.015587 0.015301
0 0.730786 0.512790 0.015598 0.015261
0 0.581753 0.085714 0.015415 0.015366
0 0.880505 0.293408 0.015477 0.015300
0 0.950190 0.123917 0.015403 0.015330
0 0.224944 0.028464 0.015616 0.015083
0 0.220568 0.584351 0.015427 0.015262
0 0.675387 0.553693 0.015256 0.015403
0 0.059824 0.327021 0.015343 0.015252
0 0.731034 0.289648 0.015243 0.015311
0 0.465295 0.487136 0.015376 0.015169
0 0.304570 0.466108 0.015361 0.015182
0 0.273009 0.709261 0.015284 0.015256
0 0.881221 0.397895 0.015300 0.015239
0 0.879814 0.582141 0.015367 0.015156
0 0.671891 0.500965 0.015052 0.014800
0 0.930592 0.440145 0.014491 0.014861
0 0.975650 0.564097 0.014108 0.013904
0 0.994133 0.411392 0.011703 0.014519
0 0.997833 0.238408 0.004334 0.015865
