0 0.890274 0.950155 0.017835 0.017797
0 0.430236 0.660846 0.017786 0.017620
0 0.114081 0.604759 0.017092 0.017157
0 0.110171 0.955434 0.016773 0.017208
0 0.512548 0.966198 0.016916 0.017054
0 0.327527 0.644077 0.017021 0.016910
0 0.459834 0.325766 0.016930 0.016768
0 0.047312 0.757551 0.016793 0.016894
0 0.010011 0.759068 0.017023 0.016627
0 0.804772 0.109774 0.016825 0.016551
0 0.168860 0.981460 0.016682 0.016603
0 0.301746 0.475876 0.016620 0.016579
0 0.975729 0.939745 0.016924 0.016278
0 0.619867 0.332523 0.016558 0.016557
0 0.719384 0.226376 0.016648 0.016456
0 0.866193 0.892871 0.016586 0.016451
0 0.264628 0.283476 0.016770 0.016261
0 0.013410 0.959825 0.016502 0.016428
0 0.243812 0.846696 0.016437 0.016486
0 0.032923 0.179560 0.016456 0.016416
0 0.208836 0.644455 0.016538 0.016306
0 0.158437 0.752865 0.016396 0.016365
0 0.257706 0.665180 0.016409 0.016336
0 0.055974 0.829906 0.016398 0.016266
0 0.398298 0.665447 0.016333 0.016280
0 0.109113 0.703146 0.016319 0.016250
0 0.766401 0.875177 0.016479 0.016078
0 0.862496 0.836146 0.016177 0.016267
0 0.180467 0.363607 0.016203 0.016219
0 0.499986 0.304323 0.016094 0.016327
0 0.412060 0.626845 0.016227 0.016182
0 0.915368 0.200324 0.016141 0.016250
0 0.265552 0.114167 0.016420 0.015846
0 0.616370 0.533291 0.016139 0.016112
0 0.545939 0.874942 0.016237 0.015968
0 0.533832 0.471344 0.016157 0.015988
0 0.391877 0.923902 0.015983 0.016114
0 0.386751 0.776725 0.016143 0.015916
0 0.739626 0.509221 0.016055 0.015894
0 0.172673 0.562735 0.016161 0.015777
0 0.716560 0.758926 0.016007 0.015920
0 0.092632 0.884970 0.016126 0.015780
0 0.092910 0.920606 0.015984 0.015910
0 0.833049 0.371747 0.015999 0.015862
0 0.823277 0.767894 0.016036 0.015819
0 0.504527 0.540212 0.016049 0.015797
0 0.929683 0.049400 0.015986 0.015802
0 0.976071 0.304920 0.015907 0.015877
0 0.596047 0.810852 0.016086 0.015700
0 0.867513 0.122961 0.016037 0.015737
0 0.234870 0.377172 0.015869 0.015894
0 0.927034 0.683353 0.015948 0.015812
0 0.401547 0.701109 0.015897 0.015760
0 0.657976 0.680653 0.015760 0.015885
0 0.801969 0.162470 0.015794 0.015842
0 0.117713 0.905322 0.015953 0.015674
0 0.046361 0.887312 0.015961 0.015650
0 0.080229 0.353566 0.015953 0.015642
0 0.140832 0.251869 0.015826 0.015765
0 0.191893 0.233289 0.015811 0.015764
0 0.892100 0.212611 0.015756 0.015776
0 0.948546 0.371907 0.015657 0.015845
0 0.964180 0.670168 0.015668 0.015829
0 0.181704 0.614730 0.015789 0.015705
0 0.674721 0.518505 0.015531 0.015957
0 0.692659 0.189169 0.015206 0.016194
0 0.595806 0.390222 0.015637 0.015734
0 0.712757 0.682366 0.015568 0.015794
0 0.748267 0.774523 0.015758 0.015578
0 0.914705 0.017028 0.015796 0.015521
0 0.352467 0.180594 0.015806 0.015494
0 0.774544 0.062732 0.015404 0.015886
0 0.560264 0.734627 0.015668 0.015589
0 0.587308 0.019938 0.015706 0.015523
0 0.113490 0.508491 0.015553 0.015659
0 0.859053 0.421221 0.015604 0.015590
0 0.083915 0.524867 0.015691 0.015419
0 0.179820 0.072807 0.015670 0.015424
0 0.681583 0.721980 0.015472 0.015617
0 0.056313 0.539597 0.015588 0.015455
0 0.023921 0.534682 0.015679 0.015355
0 0.775940 0.443881 0.015445 0.015540
0 0.631878 0.164195 0.015604 0.015364
0 0.483592 0.220849 0.015520 0.015421
0 0.859867 0.675661 0.015462 0.015457
0 0.532339 0.720890 0.015529 0.015376
0 0.231980 0.083105 0.015555 0.015257
0 0.989364 0.417958 0.015553 0.015251
0 0.727183 0.337161 0.015569 0.015222
0 0.579508 0.441346 0.015511 0.015277
0 0.749681 0.385082 0.015349 0.015370
0 0.875951 0.238684 0.015379 0.015334
0 0.033070 0.698387 0.015561 0.015126
0 0.281440 0.801718 0.015418 0.015241
0 0.778508 0.347413 0.015504 0.015156
0 0.636188 0.621493 0.015285 0.015364
0 0.220444 0.119105 0.015182 0.015443
0 0.749340 0.647356 0.015227 0.015354
0 0.702590 0.460719 0.015380 0.015168
0 0.327758 0.662493 0.015611 0.014940
0 0.779781 0.383418 0.015348 0.015180
0 0.143828 0.311983 0.015293 0.015230
0 0.644301 0.425058 0.015242 0.015268
0 0.508618 0.172249 0.015274 0.015220
0 0.672858 0.503516 0.015284 0.015199
0 0.682748 0.992703 0.016060 0.014396
0 0.559978 0.432420 0.015104 0.015071
0 0.247287 0.694494 0.015043 0.015109
0 0.880283 0.582910 0.015184 0.014932
0 0.554877 0.765250 0.015187 0.014894
0 0.068849 0.693973 0.015109 0.014927
0 0.025335 0.793345 0.014991 0.015023
0 0.581029 0.249575 0.015021 0.014957
0 0.121386 0.686698 0.015008 0.014948
0 0.235369 0.031809 0.014959 0.014908
0 0.511730 0.068900 0.015020 0.014844
0 0.811971 0.474637 0.014944 0.014857
0 0.056625 0.288907 0.014830 0.014880
0 0.591058 0.207040 0.014920 0.014728
0 0.007019 0.337133 0.013878 0.015829
0 0.175152 0.782706 0.014303 0.015301
0 0.712790 0.031403 0.014848 0.014729
0 0.450740 0.485699 0.014718 0.014697
0 0.982334 0.554780 0.014821 0.014555
0 0.575286 0.792793 0.014733 0.014562
0 0.882180 0.838414 0.014653 0.014635
0 0.907533 0.483473 0.014023 0.014144
0 0.005732 0.151371 0.011463 0.016149
0 0.552968 0.996033 0.015359 0.007933
0 0.002463 0.401831 0.004925 0.016917
