0 0.060610 0.897637 0.018548 0.018490
0 0.504750 0.960051 0.017898 0.017585
0 0.038372 0.236168 0.017274 0.018000
0 0.862865 0.919904 0.017303 0.017605
0 0.495280 0.626927 0.017507 0.017000
0 0.376279 0.766213 0.017093 0.017095
0 0.512894 0.987533 0.016904 0.017209
0 0.514229 0.671338 0.017121 0.016915
0 0.066236 0.777438 0.017014 0.016957
0 0.079186 0.968363 0.016705 0.016679
0 0.038226 0.332219 0.016827 0.016513
0 0.598771 0.020712 0.016608 0.016608
0 0.616462 0.533725 0.016565 0.016632
0 0.128274 0.744154 0.016749 0.016412
0 0.339954 0.490334 0.016571 0.016583
0 0.155833 0.905820 0.016540 0.016496
0 0.640966 0.916137 0.016571 0.016439
0 0.203065 0.839220 0.016648 0.016343
0 0.130211 0.794098 0.016520 0.016434
0 0.513252 0.643211 0.016429 0.016495
0 0.644478 0.810983 0.016458 0.016369
0 0.081440 0.223704 0.016422 0.016400
0 0.368263 0.877961 0.016489 0.016257
0 0.591143 0.891295 0.016519 0.016227
0 0.788418 0.199770 0.016480 0.016249
0 0.916563 0.908104 0.016419 0.016285
0 0.974569 0.963767 0.016307 0.016363
0 0.456259 0.715188 0.016488 0.016179
0 0.007903 0.713970 0.015340 0.017313
0 0.683934 0.730407 0.016492 0.016068
0 0.226294 0.096759 0.016370 0.016160
0 0.291104 0.507698 0.016271 0.016199
0 0.230297 0.566042 0.016419 0.016016
0 0.617604 0.328420 0.016344 0.016081
0 0.891503 0.255477 0.016281 0.016089
0 0.388086 0.291578 0.016186 0.016147
0 0.407044 0.788828 0.016099 0.016221
0 0.883631 0.837791 0.016262 0.016054
0 0.764682 0.296896 0.016161 0.016134
0 0.155845 0.854122 0.016361 0.015936
0 0.689854 0.010755 0.016218 0.016047
0 0.270355 0.278001 0.016150 0.016061
0 0.922822 0.208926 0.016255 0.015897
0 0.047047 0.859242 0.016059 0.016080
0 0.688376 0.896360 0.015999 0.016072
0 0.087405 0.545044 0.016048 0.016014
0 0.706006 0.450959 0.016032 0.016026
0 0.576388 0.496457 0.015990 0.016066
0 0.230140 0.374502 0.016147 0.015807
0 0.130363 0.196699 0.015802 0.016128
0 0.726351 0.232693 0.015998 0.015920
0 0.356884 0.142092 0.016026 0.015821
0 0.906513 0.433793 0.015894 0.015931
0 0.169820 0.673295 0.016044 0.015773
0 0.507971 0.541145 0.016006 0.015682
0 0.407852 0.476688 0.015895 0.015757
0 0.609304 0.486027 0.015940 0.015699
0 0.976303 0.015954 0.015882 0.015736
0 0.936409 0.295684 0.015858 0.015758
0 0.431153 0.292186 0.015881 0.015610
0 0.572375 0.598370 0.015752 0.015707
0 0.154696 0.316049 0.015922 0.015512
0 0.729497 0.513518 0.015814 0.015592
0 0.812339 0.168779 0.015638 0.015726
0 0.644641 0.082518 0.015779 0.015580
0 0.823909 0.445429 0.015588 0.015694
0 0.642827 0.685643 0.015840 0.015424
0 0.194708 0.338111 0.015538 0.015697
0 0.388767 0.595468 0.015619 0.015605
0 0.324459 0.664195 0.015742 0.015450
0 0.194411 0.493753 0.015729 0.015458
0 0.534516 0.720992 0.015619 0.015552
0 0.736203 0.117110 0.015704 0.015444
0 0.392133 0.143854 0.015625 0.015516
0 0.882963 0.216777 0.015636 0.015494
0 0.022171 0.542942 0.015455 0.015669
0 0.638223 0.641210 0.015354 0.015751
0 0.358930 0.252215 0.015553 0.015535
0 0.461472 0.478204 0.015604 0.015470
0 0.075863 0.515305 0.015533 0.015523
0 0.125922 0.685596 0.015467 0.015577
0 0.711496 0.757715 0.015620 0.015422
0 0.294609 0.611187 0.015623 0.015418
0 0.798604 0.854297 0.015382 0.015641
0 0.268821 0.713890 0.015552 0.015453
0 0.563090 0.732526 0.015490 0.015509
0 0.645078 0.425562 0.015586 0.015406
0 0.208377 0.729134 0.015537 0.015446
0 0.179352 0.075461 0.015499 0.015427
0 0.043265 0.704811 0.015571 0.015347
0 0.755300 0.361914 0.015620 0.015288
0 0.236046 0.545516 0.015530 0.015363
0 0.968731 0.903060 0.015604 0.015242
0 0.205971 0.775102 0.015245 0.015464
0 0.303279 0.467814 0.015468 0.015225
0 0.282270 0.802143 0.015358 0.015322
0 0.993212 0.043872 0.013576 0.017317
0 0.848564 0.750116 0.015424 0.015224
0 0.141897 0.261920 0.015290 0.015350
0 0.174003 0.614350 0.015494 0.015135
0 0.857079 0.673954 0.015331 0.015295
0 0.005931 0.871642 0.011734 0.019966
0 0.579552 0.791836 0.015501 0.015050
0 0.062913 0.480901 0.015200 0.015327
0 0.910700 0.664205 0.015197 0.015316
0 0.979364 0.551985 0.015392 0.015116
0 0.147801 0.027035 0.015251 0.015227
0 0.662534 0.537110 0.015203 0.015270
0 0.861870 0.464940 0.015575 0.014897
0 0.059109 0.406460 0.015101 0.015331
0 0.735256 0.341877 0.015258 0.015164
0 0.658016 0.521338 0.015469 0.014936
0 0.971617 0.334157 0.015222 0.015159
0 0.168731 0.564138 0.015221 0.015159
0 0.880968 0.582487 0.015209 0.015091
0 0.745967 0.507090 0.015294 0.014977
0 0.982764 0.736181 0.015239 0.015029
0 0.880648 0.401550 0.015381 0.014881
0 0.467867 0.146947 0.015317 0.014869
0 0.064385 0.708876 0.014916 0.015122
0 0.839991 0.045224 0.015181 0.014829
0 0.798834 0.086897 0.014950 0.015041
0 0.602679 0.278740 0.015122 0.014833
0 0.782250 0.350576 0.014947 0.014955
0 0.962532 0.654654 0.014884 0.015002
0 0.912886 0.790869 0.014869 0.014905
0 0.814483 0.580254 0.014845 0.014611
0 0.111083 0.138078 0.014700 0.014749
0 0.290104 0.706298 0.014814 0.014621
0 0.985807 0.217918 0.014771 0.014524
0 0.062589 0.795039 0.014770 0.014191
0 0.006189 0.960448 0.012378 0.016674
0 0.994108 0.240460 0.011784 0.015469
0 0.002258 0.394913 0.004517 0.016957
