0 0.505614 0.955243 0.018279 0.018224
0 0.095868 0.923429 0.017790 0.017519
0 0.043652 0.239416 0.017154 0.017590
0 0.986803 0.257689 0.017361 0.017222
0 0.819364 0.911284 0.016872 0.017005
0 0.130417 0.797351 0.016916 0.016916
0 0.617356 0.534107 0.016810 0.016787
0 0.283221 0.659709 0.016798 0.016655
0 0.803859 0.169580 0.016852 0.016582
0 0.733082 0.226452 0.016480 0.016868
0 0.071410 0.265348 0.016675 0.016512
0 0.716172 0.093191 0.016708 0.016466
0 0.958342 0.959798 0.016553 0.016525
0 0.848899 0.010794 0.016379 0.016682
0 0.225105 0.537616 0.016571 0.016451
0 0.910763 0.902726 0.016444 0.016562
0 0.036160 0.819237 0.016237 0.016747
0 0.779899 0.213186 0.016791 0.016151
0 0.489723 0.676444 0.016493 0.016442
0 0.830033 0.139712 0.016630 0.016276
0 0.108114 0.669287 0.016345 0.016525
0 0.384724 0.759910 0.016465 0.016307
0 0.783290 0.351525 0.016636 0.016128
0 0.116564 0.284917 0.016406 0.016340
0 0.577043 0.587307 0.016460 0.016237
0 0.295843 0.607963 0.016398 0.016291
0 0.158074 0.778451 0.016354 0.016280
0 0.517236 0.641031 0.016659 0.015970
0 0.333389 0.893740 0.016160 0.016430
0 0.456067 0.719604 0.016399 0.016100
0 0.154671 0.319788 0.016479 0.016018
0 0.971440 0.913945 0.016356 0.016069
0 0.180632 0.074483 0.016218 0.016203
0 0.652775 0.906542 0.016220 0.016187
0 0.359524 0.482648 0.016269 0.016105
0 0.201705 0.872549 0.016312 0.016018
0 0.883964 0.231311 0.016119 0.016196
0 0.146824 0.735334 0.016205 0.016081
0 0.628777 0.655146 0.016200 0.016025
0 0.332118 0.705172 0.016166 0.016048
0 0.955845 0.207817 0.016183 0.015998
0 0.860479 0.045227 0.016342 0.015818
0 0.291051 0.507057 0.016174 0.015980
0 0.138056 0.205146 0.016007 0.016117
0 0.425671 0.467021 0.015868 0.016249
0 0.689448 0.457873 0.016186 0.015885
0 0.661978 0.052518 0.015968 0.016099
0 0.946629 0.162433 0.016165 0.015872
0 0.320260 0.663418 0.016139 0.015897
0 0.163113 0.469268 0.016069 0.015941
0 0.067167 0.850507 0.016114 0.015842
0 0.786422 0.853935 0.016016 0.015904
0 0.898763 0.273234 0.015960 0.015852
0 0.507399 0.540881 0.016079 0.015684
0 0.575128 0.835081 0.015890 0.015817
0 0.604676 0.037197 0.015971 0.015713
0 0.680669 0.731673 0.015867 0.015809
0 0.933191 0.325212 0.016050 0.015599
0 0.110864 0.230121 0.015873 0.015722
0 0.657116 0.820318 0.015878 0.015710
0 0.292629 0.135887 0.015887 0.015674
0 0.007984 0.957273 0.015119 0.016455
0 0.099446 0.551325 0.015823 0.015718
0 0.212427 0.685166 0.015771 0.015763
0 0.879316 0.846758 0.015721 0.015812
0 0.355309 0.572839 0.015811 0.015704
0 0.172810 0.561466 0.015990 0.015508
0 0.705773 0.760370 0.015842 0.015642
0 0.067761 0.782035 0.015567 0.015850
0 0.617175 0.491221 0.015840 0.015540
0 0.193503 0.100169 0.015600 0.015778
0 0.746638 0.506691 0.015733 0.015636
0 0.782495 0.329129 0.015770 0.015595
0 0.026832 0.579122 0.015639 0.015614
0 0.341041 0.781569 0.015737 0.015499
0 0.269152 0.278022 0.015712 0.015505
0 0.194625 0.748118 0.015805 0.015376
0 0.100879 0.583428 0.015702 0.015448
0 0.975082 0.333900 0.015571 0.015563
0 0.959722 0.670323 0.015688 0.015446
0 0.607233 0.747310 0.015634 0.015460
0 0.068528 0.468062 0.015758 0.015338
0 0.648558 0.685136 0.015559 0.015475
0 0.831610 0.500792 0.015611 0.015401
0 0.060389 0.710357 0.015513 0.015470
0 0.772532 0.605893 0.015432 0.015536
0 0.743756 0.131385 0.015594 0.015359
0 0.450904 0.301365 0.015472 0.015451
0 0.019815 0.539867 0.015410 0.015510
0 0.644928 0.425257 0.015520 0.015399
0 0.202789 0.278981 0.015559 0.015333
0 0.110182 0.449729 0.015586 0.015300
0 0.378224 0.134727 0.015401 0.015474
0 0.810992 0.073881 0.015436 0.015431
0 0.878049 0.460775 0.015566 0.015302
0 0.929760 0.440866 0.015601 0.015247
0 0.699843 0.323023 0.015316 0.015459
0 0.814457 0.450844 0.015575 0.015200
0 0.577667 0.791533 0.015539 0.015193
0 0.228992 0.374436 0.015552 0.015147
0 0.229335 0.555698 0.015467 0.015207
0 0.536435 0.721229 0.015341 0.015325
0 0.121392 0.862861 0.015284 0.015378
0 0.713977 0.539595 0.015276 0.015319
0 0.282680 0.802805 0.015314 0.015248
0 0.306322 0.467066 0.015271 0.015174
0 0.462036 0.478225 0.015305 0.015131
0 0.185113 0.356257 0.015354 0.015035
0 0.912567 0.793577 0.015263 0.015119
0 0.616934 0.328616 0.015336 0.014985
0 0.672775 0.500105 0.015069 0.015187
0 0.763289 0.327017 0.015057 0.015165
0 0.392040 0.296520 0.015128 0.015091
0 0.299358 0.221825 0.015238 0.014962
0 0.952767 0.638166 0.015314 0.014827
0 0.292081 0.705231 0.015191 0.014942
0 0.454524 0.149769 0.015168 0.014911
0 0.864788 0.679213 0.015132 0.014937
0 0.979809 0.553710 0.015259 0.014800
0 0.605757 0.277815 0.015076 0.014931
0 0.880066 0.582209 0.014997 0.014952
0 0.879833 0.791816 0.015174 0.014752
0 0.172921 0.612790 0.014953 0.014937
0 0.879477 0.400320 0.015123 0.014758
0 0.560100 0.737011 0.014921 0.014910
0 0.649431 0.888339 0.014767 0.015029
0 0.017537 0.716304 0.014772 0.014919
0 0.084816 0.512250 0.014962 0.014460
0 0.745255 0.340406 0.014418 0.014350
0 0.038640 0.695792 0.014675 0.014044
0 0.955919 0.652169 0.014351 0.014202
0 0.006053 0.349150 0.012106 0.016835
0 0.993496 0.735033 0.013008 0.015518
0 0.994495 0.048848 0.011010 0.015787
0 0.808508 0.004980 0.017085 0.009959
0 0.994663 0.202135 0.010674 0.015635
0 0.002234 0.042002 0.004468 0.016245
