0 0.491748 0.974269 0.017516 0.017397
0 0.097637 0.875525 0.017306 0.017606
0 0.093879 0.938279 0.016961 0.017773
0 0.345722 0.647113 0.017363 0.017225
0 0.154366 0.856533 0.017339 0.017102
0 0.193616 0.760077 0.017144 0.017086
0 0.941482 0.912994 0.017380 0.016756
0 0.952427 0.179770 0.017180 0.016793
0 0.111383 0.285701 0.017088 0.016806
0 0.057315 0.729502 0.016829 0.016948
0 0.049378 0.763417 0.016830 0.016938
0 0.430328 0.651587 0.016562 0.017142
0 0.025075 0.422934 0.016811 0.016768
0 0.621608 0.017828 0.016700 0.016871
0 0.328515 0.849796 0.016804 0.016502
0 0.117333 0.744048 0.016547 0.016686
0 0.687271 0.905914 0.016627 0.016588
0 0.426928 0.754544 0.016637 0.016548
0 0.712375 0.828069 0.016621 0.016524
0 0.153220 0.311524 0.016587 0.016532
0 0.106368 0.814504 0.016644 0.016475
0 0.194552 0.658666 0.016474 0.016644
0 0.591420 0.159713 0.016596 0.016476
0 0.283383 0.280278 0.016591 0.016457
0 0.645151 0.261568 0.016504 0.016528
0 0.025398 0.701742 0.016547 0.016406
0 0.580751 0.773744 0.016522 0.016429
0 0.059902 0.708677 0.016462 0.016460
0 0.347703 0.726341 0.016382 0.016425
0 0.606868 0.469556 0.016422 0.016384
0 0.010091 0.151639 0.016461 0.016322
0 0.181744 0.613896 0.016191 0.016584
0 0.881104 0.205647 0.016351 0.016404
0 0.408643 0.690974 0.016466 0.016246
0 0.462058 0.588683 0.016178 0.016527
0 0.228771 0.624932 0.016340 0.016352
0 0.317025 0.940805 0.016265 0.016397
0 0.616513 0.532557 0.016381 0.016216
0 0.328535 0.467143 0.016382 0.016187
0 0.208174 0.021669 0.016278 0.016289
0 0.446266 0.676225 0.016494 0.016072
0 0.746503 0.446481 0.016390 0.016149
0 0.617439 0.327568 0.016378 0.016148
0 0.015901 0.253415 0.016364 0.016143
0 0.135894 0.901591 0.016170 0.016303
0 0.120890 0.588041 0.016329 0.016129
0 0.859499 0.913866 0.016324 0.016117
0 0.293262 0.498282 0.016436 0.015992
0 0.266757 0.028006 0.016343 0.016056
0 0.622197 0.391314 0.016240 0.016127
0 0.015110 0.961220 0.016326 0.016027
0 0.431410 0.699831 0.016099 0.016232
0 0.543439 0.881462 0.016234 0.016081
0 0.645101 0.493097 0.016004 0.016297
0 0.659553 0.192396 0.016231 0.016053
0 0.452017 0.315343 0.016235 0.015963
0 0.908164 0.718854 0.016038 0.016130
0 0.032991 0.530609 0.016002 0.016162
0 0.620300 0.675328 0.016160 0.015995
0 0.063167 0.353479 0.016013 0.016075
0 0.504938 0.146287 0.016135 0.015943
0 0.925946 0.858465 0.015938 0.016036
0 0.084994 0.525822 0.015993 0.015976
0 0.789034 0.401552 0.016100 0.015858
0 0.656040 0.649823 0.015877 0.016064
0 0.106902 0.456437 0.016010 0.015884
0 0.552610 0.124506 0.016055 0.015834
0 0.776978 0.292993 0.015851 0.016012
0 0.555672 0.734637 0.015919 0.015889
0 0.306165 0.469195 0.016039 0.015729
0 0.007946 0.839975 0.015332 0.016445
0 0.707700 0.192334 0.015988 0.015735
0 0.116731 0.556127 0.015916 0.015805
0 0.455356 0.188013 0.016001 0.015720
0 0.448101 0.295075 0.015912 0.015794
0 0.644262 0.426870 0.015747 0.015948
0 0.173236 0.560705 0.015885 0.015742
0 0.778324 0.434040 0.015830 0.015792
0 0.283709 0.799871 0.015834 0.015785
0 0.577875 0.794766 0.015879 0.015657
0 0.240822 0.666896 0.015747 0.015765
0 0.584882 0.252692 0.015790 0.015712
0 0.594165 0.587411 0.015707 0.015680
0 0.675119 0.714138 0.015630 0.015676
0 0.296171 0.133327 0.015802 0.015496
0 0.824107 0.171352 0.015769 0.015525
0 0.506148 0.537638 0.015685 0.015590
0 0.089737 0.182275 0.015689 0.015581
0 0.192787 0.368483 0.015659 0.015556
0 0.247618 0.694532 0.015614 0.015561
0 0.027854 0.789294 0.015688 0.015480
0 0.914656 0.146810 0.015636 0.015516
0 0.195726 0.095449 0.015643 0.015498
0 0.243985 0.240134 0.015634 0.015485
0 0.452199 0.485388 0.015581 0.015526
0 0.626587 0.824731 0.015617 0.015439
0 0.958200 0.379848 0.015565 0.015476
0 0.828856 0.396360 0.015443 0.015582
0 0.825125 0.187510 0.015636 0.015375
0 0.810051 0.056242 0.015499 0.015484
0 0.780421 0.845459 0.015623 0.015335
0 0.741842 0.506897 0.015292 0.015648
0 0.819165 0.373444 0.015504 0.015407
0 0.006776 0.766305 0.013444 0.017764
0 0.229778 0.374715 0.015552 0.015233
0 0.381156 0.197406 0.015519 0.015245
0 0.854331 0.673650 0.015472 0.015130
0 0.534317 0.720923 0.015258 0.015262
0 0.910948 0.278332 0.015256 0.015214
0 0.845735 0.446123 0.015216 0.015214
0 0.890381 0.669449 0.015286 0.015055
0 0.934022 0.372904 0.015224 0.015049
0 0.867796 0.836028 0.015067 0.015180
0 0.665539 0.600147 0.015197 0.015048
0 0.930187 0.684078 0.015054 0.015174
0 0.837246 0.017172 0.015149 0.014950
0 0.670047 0.501158 0.015211 0.014802
0 0.718236 0.536441 0.015044 0.014938
0 0.927259 0.016808 0.014985 0.014862
0 0.765080 0.657305 0.014860 0.014953
0 0.006865 0.479013 0.013436 0.016414
0 0.881853 0.836227 0.014577 0.015117
0 0.779020 0.355710 0.014867 0.014767
0 0.736932 0.037970 0.014698 0.014926
0 0.880686 0.582511 0.015025 0.014585
0 0.704832 0.762752 0.014758 0.014795
0 0.753983 0.040352 0.014792 0.014605
0 0.878481 0.403472 0.014888 0.014504
0 0.920705 0.992988 0.015923 0.013557
0 0.848610 0.697150 0.014663 0.014642
0 0.980974 0.553875 0.014808 0.014495
0 0.273871 0.062139 0.014478 0.014618
0 0.964810 0.668160 0.014474 0.014508
0 0.996204 0.955581 0.007593 0.014972
