0 0.381274 0.790324 0.017590 0.017304
0 0.895509 0.921589 0.017419 0.017414
0 0.009152 0.385921 0.016938 0.017327
0 0.207664 0.575488 0.017199 0.017019
0 0.221797 0.020509 0.016985 0.016915
0 0.165028 0.814397 0.017067 0.016832
0 0.614745 0.533132 0.016919 0.016947
0 0.069761 0.913732 0.017006 0.016753
0 0.162681 0.521849 0.016705 0.017011
0 0.193247 0.919027 0.016717 0.016993
0 0.132820 0.264640 0.016865 0.016755
0 0.728674 0.229728 0.016742 0.016878
0 0.441943 0.705070 0.016969 0.016640
0 0.873302 0.426031 0.016773 0.016750
0 0.972407 0.970054 0.016569 0.016668
0 0.778134 0.354782 0.016705 0.016517
0 0.821328 0.169106 0.016615 0.016587
0 0.069381 0.782497 0.016586 0.016599
0 0.576246 0.612164 0.016534 0.016645
0 0.515156 0.661112 0.016700 0.016430
0 0.944630 0.281685 0.016449 0.016660
0 0.388963 0.890512 0.016554 0.016535
0 0.952606 0.903557 0.016808 0.016212
0 0.365047 0.767083 0.016506 0.016499
0 0.041149 0.303779 0.016581 0.016411
0 0.490714 0.625791 0.016683 0.016292
0 0.031587 0.237998 0.016514 0.016452
0 0.566136 0.479990 0.016631 0.016299
0 0.678506 0.546684 0.016326 0.016571
0 0.159970 0.189342 0.016511 0.016379
0 0.429980 0.793815 0.016456 0.016394
0 0.845776 0.032701 0.016520 0.016280
0 0.143548 0.796067 0.016465 0.016325
0 0.798563 0.188065 0.016497 0.016268
0 0.730629 0.321291 0.016394 0.016179
0 0.608672 0.017405 0.016142 0.016306
0 0.654774 0.098131 0.016231 0.016208
0 0.804599 0.848024 0.016441 0.015984
0 0.254172 0.676427 0.016358 0.016028
0 0.717093 0.440352 0.016300 0.016026
0 0.613025 0.698342 0.016110 0.016210
0 0.587761 0.907310 0.016019 0.016221
0 0.606914 0.468086 0.016219 0.015992
0 0.329704 0.488775 0.016063 0.016142
0 0.007644 0.962127 0.015142 0.017121
0 0.159688 0.671117 0.016103 0.016088
0 0.615094 0.815341 0.016110 0.016071
0 0.509923 0.537801 0.016277 0.015846
0 0.116907 0.841835 0.016146 0.015974
0 0.236907 0.547644 0.016069 0.016035
0 0.119221 0.755070 0.016088 0.016006
0 0.284339 0.612024 0.015996 0.016074
0 0.444093 0.285345 0.016060 0.015981
0 0.691881 0.729610 0.016273 0.015760
0 0.014432 0.235322 0.015929 0.016091
0 0.170409 0.781590 0.016111 0.015894
0 0.729546 0.512505 0.016158 0.015839
0 0.730976 0.105227 0.016179 0.015790
0 0.886797 0.835092 0.015935 0.015989
0 0.104806 0.688101 0.016059 0.015862
0 0.691861 0.638892 0.016010 0.015905
0 0.332037 0.679467 0.016043 0.015858
0 0.730066 0.269075 0.015975 0.015922
0 0.318774 0.666094 0.016014 0.015883
0 0.893704 0.211248 0.016196 0.015656
0 0.130381 0.205546 0.015854 0.015928
0 0.683972 0.884075 0.015938 0.015829
0 0.376037 0.612926 0.015973 0.015784
0 0.352757 0.176216 0.015781 0.015971
0 0.032961 0.850963 0.015920 0.015828
0 0.616773 0.327767 0.016049 0.015694
0 0.649438 0.801603 0.015916 0.015796
0 0.909812 0.421228 0.015901 0.015792
0 0.239539 0.840886 0.015918 0.015755
0 0.371249 0.483990 0.016103 0.015549
0 0.896018 0.946585 0.016249 0.015403
0 0.887103 0.225977 0.015731 0.015858
0 0.846252 0.605307 0.015863 0.015720
0 0.629344 0.890687 0.015965 0.015609
0 0.088612 0.216095 0.015644 0.015926
0 0.746231 0.506696 0.015936 0.015633
0 0.707577 0.759903 0.015924 0.015629
0 0.505041 0.968732 0.015961 0.015591
0 0.037428 0.701257 0.015643 0.015724
0 0.559025 0.731903 0.015740 0.015582
0 0.179537 0.073000 0.015837 0.015457
0 0.881515 0.659429 0.015894 0.015376
0 0.812217 0.139666 0.015679 0.015584
0 0.085962 0.542569 0.015536 0.015679
0 0.473616 0.153706 0.015721 0.015489
0 0.862244 0.676326 0.015645 0.015560
0 0.048220 0.591352 0.015596 0.015604
0 0.155631 0.315194 0.015648 0.015498
0 0.219628 0.711770 0.015701 0.015429
0 0.813797 0.380983 0.015610 0.015516
0 0.173571 0.564201 0.015599 0.015498
0 0.457617 0.480074 0.015663 0.015294
0 0.216915 0.112244 0.015518 0.015434
0 0.384090 0.288610 0.015359 0.015590
0 0.304923 0.262836 0.015599 0.015287
0 0.644358 0.425486 0.015523 0.015304
0 0.281843 0.802459 0.015452 0.015356
0 0.977385 0.329348 0.015583 0.015168
0 0.815064 0.762979 0.015602 0.015138
0 0.270584 0.276490 0.015455 0.015267
0 0.959065 0.665884 0.015448 0.015266
0 0.398245 0.151983 0.015370 0.015313
0 0.670041 0.499103 0.015487 0.015148
0 0.227575 0.377356 0.015328 0.015277
0 0.296325 0.508976 0.015433 0.015156
0 0.083607 0.520956 0.015419 0.015121
0 0.781488 0.007433 0.015737 0.014737
0 0.018881 0.427653 0.015217 0.015206
0 0.555553 0.654536 0.015451 0.014939
0 0.017859 0.011580 0.015079 0.015299
0 0.577539 0.791587 0.015316 0.015062
0 0.202350 0.305379 0.015325 0.015045
0 0.058899 0.492348 0.015248 0.015016
0 0.978296 0.553599 0.015257 0.014961
0 0.880779 0.582804 0.015068 0.015112
0 0.832176 0.484761 0.015235 0.014898
0 0.880161 0.401002 0.015233 0.014869
0 0.159858 0.993211 0.016672 0.013579
0 0.174119 0.613760 0.015349 0.014741
0 0.532815 0.722068 0.015240 0.014835
0 0.298615 0.442367 0.014890 0.015170
0 0.281060 0.717124 0.015185 0.014857
0 0.601764 0.275880 0.014947 0.014797
0 0.303445 0.468811 0.014688 0.014953
0 0.909777 0.792260 0.014950 0.014638
0 0.241609 0.095623 0.014821 0.014637
0 0.985745 0.214275 0.014488 0.014172
0 0.073051 0.994284 0.015985 0.011431
0 0.994145 0.457115 0.011711 0.015284
0 0.005334 0.555745 0.010669 0.016324
0 0.994412 0.655319 0.011175 0.014636
0 0.995168 0.232005 0.009664 0.015197
0 0.004193 0.883566 0.008386 0.016706
0 0.996522 0.854816 0.006956 0.015107
0 0.996579 0.026484 0.006843 0.015100
0 0.002197 0.712675 0.004395 0.015821
0 0.998051 0.766506 0.003898 0.013448
