0 0.320464 0.665359 0.017839 0.017893
0 0.192724 0.530788 0.017848 0.017642
0 0.460309 0.655438 0.017737 0.017749
0 0.365624 0.735928 0.017496 0.017531
0 0.941606 0.977259 0.017410 0.017551
0 0.364788 0.800256 0.017383 0.017299
0 0.024731 0.241315 0.017162 0.017248
0 0.671497 0.732446 0.017015 0.017127
0 0.252747 0.687124 0.017117 0.016930
0 0.307312 0.618824 0.017115 0.016819
0 0.119745 0.787894 0.016944 0.016984
0 0.984669 0.291880 0.016879 0.017022
0 0.578955 0.484652 0.016980 0.016747
0 0.291610 0.505572 0.016944 0.016697
0 0.837738 0.972835 0.016920 0.016720
0 0.520906 0.612439 0.016824 0.016741
0 0.067795 0.705180 0.016779 0.016767
0 0.010979 0.962422 0.016667 0.016858
0 0.389360 0.919821 0.016624 0.016766
0 0.077411 0.950920 0.016617 0.016611
0 0.202451 0.935188 0.016730 0.016498
0 0.980877 0.195739 0.016577 0.016620
0 0.027505 0.988324 0.016513 0.016605
0 0.870953 0.288802 0.016578 0.016512
0 0.476451 0.727222 0.016552 0.016458
0 0.616422 0.532243 0.016587 0.016397
0 0.799874 0.858902 0.016607 0.016340
0 0.918749 0.947136 0.016641 0.016297
0 0.020673 0.540391 0.016704 0.016189
0 0.141651 0.662922 0.016505 0.016364
0 0.820868 0.043041 0.016422 0.016428
0 0.337514 0.459278 0.016268 0.016556
0 0.890379 0.892414 0.016414 0.016353
0 0.720387 0.220068 0.016364 0.016391
0 0.159511 0.321051 0.016570 0.016161
0 0.167581 0.216151 0.016368 0.016331
0 0.359202 0.214305 0.016377 0.016282
0 0.693216 0.321509 0.016475 0.016140
0 0.137819 0.846831 0.016193 0.016370
0 0.483278 0.947432 0.016327 0.016218
0 0.032146 0.421121 0.016320 0.016192
0 0.747991 0.332728 0.016271 0.016224
0 0.765993 0.105393 0.016322 0.016167
0 0.562163 0.554948 0.016398 0.016057
0 0.127036 0.744989 0.016349 0.016088
0 0.170223 0.257386 0.016306 0.016100
0 0.942547 0.612618 0.016327 0.016056
0 0.859819 0.095679 0.016249 0.016059
0 0.060681 0.018761 0.016184 0.016099
0 0.914759 0.835317 0.016200 0.016042
0 0.844269 0.249168 0.016189 0.016044
0 0.199783 0.090835 0.016175 0.016042
0 0.842454 0.462592 0.016209 0.015983
0 0.037675 0.700754 0.016103 0.016008
0 0.463181 0.278075 0.016097 0.016013
0 0.067126 0.294648 0.016083 0.016014
0 0.291761 0.702062 0.016181 0.015905
0 0.306166 0.288850 0.016123 0.015950
0 0.445882 0.956866 0.015977 0.016056
0 0.181651 0.834316 0.015988 0.016028
0 0.659408 0.591111 0.016081 0.015907
0 0.159065 0.718231 0.015970 0.016007
0 0.031222 0.730464 0.015908 0.016044
0 0.306901 0.467297 0.015908 0.015989
0 0.640909 0.030867 0.016064 0.015826
0 0.199445 0.334991 0.015961 0.015924
0 0.144280 0.318254 0.016098 0.015759
0 0.686065 0.697933 0.015857 0.015940
0 0.423562 0.436651 0.015993 0.015787
0 0.871877 0.835766 0.015930 0.015849
0 0.768661 0.349445 0.016120 0.015641
0 0.717386 0.762339 0.016009 0.015720
0 0.554546 0.735608 0.015934 0.015759
0 0.666086 0.633653 0.015882 0.015788
0 0.175683 0.045712 0.015725 0.015943
0 0.738903 0.263313 0.015879 0.015776
0 0.748318 0.507186 0.015775 0.015861
0 0.533240 0.721300 0.015913 0.015717
0 0.686380 0.805585 0.015917 0.015709
0 0.282696 0.802103 0.015859 0.015762
0 0.695268 0.526747 0.015987 0.015609
0 0.760064 0.394999 0.015799 0.015793
0 0.629521 0.896926 0.015843 0.015749
0 0.985402 0.008796 0.016320 0.015266
0 0.095559 0.497208 0.015791 0.015718
0 0.984942 0.915229 0.015878 0.015627
0 0.822432 0.783632 0.015642 0.015704
0 0.305826 0.139839 0.015597 0.015667
0 0.922621 0.730178 0.015578 0.015656
0 0.303525 0.170352 0.015636 0.015595
0 0.409239 0.312193 0.015717 0.015505
0 0.572909 0.672923 0.015565 0.015640
0 0.670022 0.499042 0.015687 0.015503
0 0.663183 0.771773 0.015557 0.015586
0 0.172842 0.611933 0.015726 0.015367
0 0.467981 0.476903 0.015684 0.015357
0 0.617367 0.329079 0.015713 0.015296
0 0.232324 0.376362 0.015399 0.015601
0 0.951856 0.401152 0.015466 0.015502
0 0.089699 0.466946 0.015682 0.015232
0 0.893424 0.475936 0.015423 0.015479
0 0.923076 0.678059 0.015372 0.015504
0 0.981423 0.662904 0.015509 0.015319
0 0.250804 0.308595 0.015403 0.015409
0 0.636639 0.092665 0.015342 0.015437
0 0.470573 0.143033 0.015447 0.015319
0 0.738094 0.128345 0.015470 0.015281
0 0.644042 0.422868 0.015487 0.015241
0 0.578186 0.791747 0.015479 0.015211
0 0.142747 0.570759 0.015511 0.015163
0 0.861876 0.444249 0.015312 0.015354
0 0.047377 0.802623 0.015355 0.015306
0 0.087423 0.548290 0.015371 0.015244
0 0.508236 0.541842 0.015523 0.015062
0 0.881735 0.581788 0.015162 0.015332
0 0.869367 0.611676 0.015367 0.015121
0 0.169933 0.636454 0.015088 0.015349
0 0.426062 0.162571 0.015141 0.015283
0 0.918194 0.790286 0.015208 0.015155
0 0.234032 0.088462 0.014909 0.015456
0 0.869904 0.018845 0.015247 0.015113
0 0.803811 0.210207 0.015191 0.015087
0 0.088355 0.414295 0.015038 0.015154
0 0.517745 0.875063 0.015244 0.014930
0 0.613248 0.280256 0.014794 0.015264
0 0.863346 0.129820 0.015233 0.014816
0 0.886408 0.396194 0.014992 0.015049
0 0.979339 0.552337 0.015190 0.014828
0 0.006375 0.475289 0.012750 0.017353
0 0.048585 0.339481 0.014793 0.014948
0 0.863636 0.679622 0.014832 0.014873
0 0.666418 0.895848 0.014760 0.014668
0 0.825073 0.005367 0.015802 0.010735
0 0.994313 0.833816 0.011375 0.014877
0 0.004482 0.787073 0.008963 0.016417
0 0.995324 0.217373 0.009352 0.014649
