0 0.363373 0.658769 0.017953 0.017875
0 0.350700 0.743126 0.017796 0.017532
0 0.266378 0.285650 0.017684 0.017436
0 0.024524 0.323634 0.017277 0.017399
0 0.231898 0.596220 0.017080 0.017432
0 0.313442 0.731107 0.017168 0.017049
0 0.598703 0.808252 0.016976 0.016838
0 0.375580 0.781922 0.016759 0.016732
0 0.877561 0.851598 0.017037 0.016442
0 0.146438 0.879074 0.016747 0.016632
0 0.051328 0.552067 0.016709 0.016637
0 0.327334 0.662923 0.016684 0.016528
0 0.506777 0.542080 0.016731 0.016422
0 0.040632 0.173819 0.016625 0.016491
0 0.152221 0.314643 0.016661 0.016442
0 0.017864 0.776206 0.016469 0.016623
0 0.972649 0.909901 0.016572 0.016500
0 0.116984 0.599151 0.016605 0.016467
0 0.029078 0.292242 0.016525 0.016523
0 0.617494 0.534201 0.016545 0.016433
0 0.237025 0.676365 0.016355 0.016582
0 0.155983 0.754705 0.016534 0.016395
0 0.087739 0.189592 0.016450 0.016464
0 0.602557 0.487943 0.016588 0.016322
0 0.694284 0.721120 0.016415 0.016419
0 0.128271 0.484579 0.016496 0.016283
0 0.690317 0.794085 0.016512 0.016266
0 0.880544 0.199714 0.016147 0.016622
0 0.668390 0.499991 0.016413 0.016287
0 0.022717 0.488666 0.016404 0.016259
0 0.446531 0.298618 0.016525 0.016098
0 0.306067 0.839809 0.016354 0.016244
0 0.667718 0.478724 0.016682 0.015921
0 0.224583 0.626368 0.016212 0.016358
0 0.521996 0.657835 0.016236 0.016333
0 0.837735 0.705518 0.016309 0.016252
0 0.395537 0.332766 0.016320 0.016213
0 0.741410 0.509531 0.016196 0.016130
0 0.852353 0.671385 0.016143 0.016083
0 0.239095 0.094980 0.016073 0.016112
0 0.507692 0.864490 0.016106 0.016073
0 0.616711 0.327044 0.016217 0.015962
0 0.453024 0.484596 0.016071 0.016099
0 0.969965 0.697667 0.016172 0.015984
0 0.637181 0.811948 0.016000 0.016134
0 0.907684 0.356942 0.015986 0.016130
0 0.449201 0.687745 0.016286 0.015832
0 0.381463 0.692087 0.016218 0.015867
0 0.733713 0.637898 0.016113 0.015905
0 0.037367 0.020970 0.015974 0.016033
0 0.786793 0.353152 0.016005 0.015994
0 0.454261 0.630552 0.016091 0.015908
0 0.103093 0.530467 0.015958 0.016018
0 0.763365 0.429023 0.015888 0.016061
0 0.657289 0.274796 0.016053 0.015881
0 0.640783 0.430322 0.016129 0.015804
0 0.956363 0.668119 0.016003 0.015918
0 0.638402 0.854349 0.015901 0.016006
0 0.889032 0.890643 0.015899 0.016008
0 0.118900 0.274676 0.016019 0.015879
0 0.091094 0.838719 0.015985 0.015831
0 0.102935 0.716847 0.015970 0.015820
0 0.598482 0.022154 0.015786 0.015959
0 0.283558 0.800695 0.015929 0.015796
0 0.523462 0.968948 0.015979 0.015721
0 0.049387 0.990598 0.015974 0.015715
0 0.542623 0.645913 0.015847 0.015809
0 0.308719 0.237515 0.015869 0.015758
0 0.119580 0.326205 0.015789 0.015825
0 0.218973 0.942035 0.015724 0.015878
0 0.649716 0.541054 0.015784 0.015784
0 0.632960 0.714819 0.015885 0.015673
0 0.886840 0.402170 0.015829 0.015726
0 0.650210 0.682973 0.015635 0.015916
0 0.919101 0.239634 0.015773 0.015731
0 0.760382 0.332096 0.015679 0.015812
0 0.766718 0.666350 0.015823 0.015668
0 0.257255 0.700754 0.015777 0.015712
0 0.684786 0.341050 0.015810 0.015655
0 0.700208 0.229488 0.015545 0.015904
0 0.764634 0.296337 0.015629 0.015805
0 0.151493 0.925568 0.015621 0.015813
0 0.414824 0.227988 0.015706 0.015708
0 0.232302 0.375162 0.015753 0.015651
0 0.032859 0.532531 0.015720 0.015655
0 0.820241 0.755733 0.015760 0.015556
0 0.821836 0.435640 0.015675 0.015639
0 0.761946 0.867631 0.015678 0.015582
0 0.279537 0.495782 0.015746 0.015511
0 0.199595 0.367616 0.015692 0.015560
0 0.534544 0.720495 0.015659 0.015589
0 0.060130 0.708477 0.015669 0.015546
0 0.172724 0.558396 0.015685 0.015511
0 0.285520 0.120913 0.015557 0.015609
0 0.561292 0.731334 0.015463 0.015689
0 0.928849 0.189909 0.015746 0.015405
0 0.587260 0.259765 0.015676 0.015471
0 0.132423 0.887098 0.015640 0.015493
0 0.097082 0.957723 0.015484 0.015558
0 0.389771 0.215252 0.015531 0.015440
0 0.601884 0.149971 0.015560 0.015383
0 0.911765 0.790920 0.015530 0.015367
0 0.379216 0.956130 0.015400 0.015480
0 0.300003 0.467050 0.015365 0.015492
0 0.007316 0.960988 0.014632 0.016166
0 0.033050 0.697584 0.015328 0.015357
0 0.709315 0.755206 0.015448 0.015214
0 0.062225 0.766834 0.015457 0.015146
0 0.172893 0.579959 0.015178 0.015418
0 0.739873 0.977418 0.015388 0.015152
0 0.951783 0.055338 0.015381 0.015129
0 0.880466 0.581762 0.015355 0.015151
0 0.176469 0.613969 0.015203 0.015293
0 0.750850 0.368155 0.015237 0.015235
0 0.823638 0.106852 0.015257 0.015126
0 0.445258 0.139787 0.015151 0.015129
0 0.013027 0.885777 0.015163 0.015113
0 0.986495 0.553939 0.015092 0.015182
0 0.582591 0.113217 0.014993 0.015258
0 0.578238 0.791199 0.015227 0.014911
0 0.885138 0.462772 0.014896 0.014918
0 0.843585 0.015430 0.014906 0.014855
0 0.040201 0.861889 0.014938 0.014794
0 0.885006 0.927205 0.014669 0.014731
0 0.005887 0.642612 0.011775 0.018111
0 0.182925 0.006334 0.016771 0.012667
0 0.990675 0.894939 0.014629 0.014219
0 0.888254 0.827971 0.014375 0.014465
0 0.005575 0.690812 0.011149 0.018263
0 0.186456 0.994170 0.015935 0.011661
