0 0.346696 0.948213 0.018501 0.018531
0 0.316130 0.679338 0.018038 0.017650
0 0.284359 0.893147 0.017417 0.017619
0 0.044716 0.951053 0.017360 0.017445
0 0.785488 0.302785 0.017459 0.017097
0 0.267224 0.667420 0.016993 0.017210
0 0.206052 0.861405 0.017056 0.017104
0 0.111526 0.628722 0.016801 0.017167
0 0.504131 0.894846 0.017044 0.016819
0 0.662566 0.294872 0.016755 0.016862
0 0.440557 0.615613 0.016784 0.016735
0 0.921315 0.936226 0.016797 0.016674
0 0.299988 0.799579 0.016805 0.016602
0 0.322451 0.824783 0.016633 0.016576
0 0.136008 0.927579 0.016544 0.016612
0 0.654823 0.727472 0.016793 0.016364
0 0.691451 0.978193 0.016493 0.016630
0 0.519592 0.090583 0.016666 0.016432
0 0.829447 0.283436 0.016521 0.016566
0 0.732692 0.289298 0.016582 0.016499
0 0.164691 0.144209 0.016276 0.016566
0 0.496197 0.306610 0.016603 0.016133
0 0.617155 0.327209 0.016478 0.016211
0 0.931490 0.226951 0.016314 0.016370
0 0.439545 0.944843 0.016419 0.016264
0 0.559322 0.733851 0.016358 0.016278
0 0.034132 0.319958 0.016322 0.016263
0 0.888967 0.231777 0.016407 0.016138
0 0.715532 0.029070 0.016423 0.016092
0 0.011824 0.961742 0.016045 0.016443
0 0.159466 0.799427 0.016410 0.016064
0 0.092217 0.862669 0.016277 0.016183
0 0.956670 0.809659 0.016146 0.016307
0 0.460008 0.718332 0.016118 0.016314
0 0.962797 0.661273 0.016100 0.016231
0 0.603968 0.034078 0.016173 0.016150
0 0.465896 0.680898 0.016079 0.016239
0 0.584386 0.652941 0.016179 0.016101
0 0.277988 0.273302 0.016121 0.016119
0 0.759184 0.142473 0.016284 0.015951
0 0.331810 0.730743 0.016043 0.016179
0 0.918769 0.116228 0.016430 0.015759
0 0.617287 0.532801 0.016102 0.016030
0 0.152898 0.717860 0.016147 0.015985
0 0.778986 0.191337 0.016146 0.015963
0 0.109348 0.225311 0.016115 0.015973
0 0.347309 0.664018 0.016021 0.016043
0 0.728222 0.461095 0.016199 0.015866
0 0.739373 0.735047 0.016029 0.016002
0 0.247106 0.509134 0.015960 0.016057
0 0.034568 0.533227 0.016052 0.015923
0 0.496764 0.613214 0.015613 0.016365
0 0.554683 0.634593 0.016040 0.015929
0 0.253221 0.783813 0.016079 0.015880
0 0.152548 0.080942 0.016094 0.015854
0 0.235346 0.316828 0.016082 0.015865
0 0.896175 0.666188 0.015952 0.015981
0 0.843367 0.548976 0.016033 0.015828
0 0.136805 0.431331 0.016051 0.015803
0 0.554855 0.405877 0.016024 0.015776
0 0.632585 0.670136 0.015905 0.015886
0 0.815219 0.741027 0.015905 0.015808
0 0.367393 0.187372 0.016139 0.015572
0 0.841368 0.814700 0.015976 0.015712
0 0.175913 0.680575 0.015933 0.015746
0 0.030991 0.246052 0.015843 0.015824
0 0.879477 0.447908 0.015947 0.015670
0 0.891122 0.851262 0.015839 0.015767
0 0.702277 0.144777 0.015829 0.015776
0 0.773744 0.829225 0.015813 0.015750
0 0.565967 0.078245 0.015870 0.015685
0 0.871979 0.762389 0.015827 0.015727
0 0.594846 0.510076 0.015940 0.015578
0 0.790502 0.352917 0.015793 0.015704
0 0.746326 0.506207 0.015698 0.015779
0 0.921874 0.038396 0.015858 0.015619
0 0.833684 0.448042 0.015777 0.015676
0 0.227807 0.375747 0.015904 0.015522
0 0.504593 0.539541 0.015795 0.015617
0 0.644209 0.425923 0.015735 0.015675
0 0.862049 0.676552 0.015725 0.015672
0 0.019391 0.835881 0.015755 0.015591
0 0.681257 0.126135 0.015720 0.015624
0 0.739457 0.340867 0.015706 0.015607
0 0.231123 0.647611 0.015585 0.015713
0 0.592717 0.181669 0.015737 0.015559
0 0.412642 0.530556 0.015671 0.015609
0 0.471670 0.444143 0.015898 0.015342
0 0.294487 0.493697 0.015510 0.015717
0 0.050862 0.460751 0.015659 0.015529
0 0.179906 0.072368 0.015654 0.015511
0 0.895675 0.644937 0.015602 0.015554
0 0.666101 0.642172 0.015698 0.015444
0 0.881992 0.399191 0.015594 0.015493
0 0.744365 0.824905 0.015552 0.015516
0 0.824736 0.200884 0.015473 0.015576
0 0.550329 0.704101 0.015435 0.015582
0 0.195608 0.098851 0.015421 0.015550
0 0.630533 0.703719 0.015776 0.015187
0 0.431606 0.302522 0.015538 0.015402
0 0.061178 0.709233 0.015563 0.015367
0 0.806541 0.053253 0.015331 0.015596
0 0.859325 0.340549 0.015474 0.015421
0 0.979601 0.063229 0.015416 0.015449
0 0.453165 0.387326 0.015429 0.015405
0 0.981874 0.436275 0.015557 0.015245
0 0.961990 0.830910 0.015369 0.015403
0 0.573767 0.286642 0.015529 0.015238
0 0.384057 0.086232 0.015542 0.015216
0 0.300175 0.467454 0.015461 0.015252
0 0.175678 0.615212 0.015337 0.015342
0 0.706174 0.765225 0.015393 0.015273
0 0.226421 0.167528 0.015322 0.015293
0 0.068398 0.686067 0.015381 0.015215
0 0.531946 0.719685 0.015320 0.015256
0 0.879918 0.128479 0.015472 0.015086
0 0.118140 0.508378 0.015424 0.015129
0 0.169089 0.559560 0.015252 0.015269
0 0.230916 0.095943 0.015342 0.015178
0 0.031300 0.350397 0.015275 0.015242
0 0.692361 0.532084 0.015416 0.015099
0 0.090513 0.516233 0.015391 0.015102
0 0.756895 0.428974 0.015124 0.015335
0 0.390593 0.125356 0.015319 0.015045
0 0.869150 0.007085 0.016251 0.014171
0 0.578514 0.791564 0.015316 0.015013
0 0.880611 0.581085 0.015104 0.014941
0 0.420991 0.246020 0.014968 0.014868
0 0.978525 0.554641 0.014991 0.014703
0 0.674948 0.506763 0.014851 0.014806
0 0.437286 0.471471 0.014801 0.014805
0 0.856858 0.910813 0.014878 0.014609
0 0.765116 0.022975 0.014867 0.014580
0 0.278240 0.513330 0.014790 0.014599
0 0.032678 0.697992 0.014826 0.014124
0 0.296473 0.096859 0.014571 0.014332
0 0.992511 0.692194 0.013779 0.014686
0 0.003794 0.219719 0.007587 0.015217
0 0.030701 0.997299 0.016183 0.005403
0 0.002465 0.738217 0.004930 0.016276
0 0.998100 0.972689 0.003801 0.013198
