0 0.865214 0.892157 0.017518 0.017495
0 0.723750 0.753773 0.017070 0.017085
0 0.907099 0.902174 0.016908 0.016912
0 0.368197 0.693250 0.017038 0.016768
0 0.160117 0.308848 0.016846 0.016897
0 0.295894 0.883078 0.016823 0.016822
0 0.210687 0.946435 0.016876 0.016654
0 0.406744 0.679103 0.016751 0.016499
0 0.197817 0.719507 0.016555 0.016612
0 0.078042 0.358425 0.016594 0.016511
0 0.152428 0.763944 0.016800 0.016305
0 0.137028 0.455973 0.016577 0.016522
0 0.742618 0.367442 0.016717 0.016362
0 0.589482 0.352927 0.016493 0.016572
0 0.034176 0.806831 0.016485 0.016484
0 0.468698 0.835424 0.016539 0.016370
0 0.896883 0.723201 0.016473 0.016433
0 0.124545 0.486249 0.016324 0.016579
0 0.308401 0.440741 0.016546 0.016265
0 0.414399 0.633250 0.016462 0.016337
0 0.231247 0.493137 0.016291 0.016457
0 0.642368 0.495559 0.016580 0.016123
0 0.385796 0.259951 0.016467 0.016224
0 0.010916 0.396608 0.016344 0.016315
0 0.617281 0.327027 0.016513 0.016103
0 0.572461 0.481122 0.016235 0.016352
0 0.277286 0.274899 0.016513 0.016067
0 0.321630 0.662154 0.016531 0.016045
0 0.178627 0.888199 0.016301 0.016245
0 0.684254 0.814185 0.016376 0.016167
0 0.643586 0.754289 0.016332 0.016160
0 0.352599 0.756336 0.016179 0.016287
0 0.691727 0.713279 0.016228 0.016218
0 0.545658 0.825149 0.016208 0.016114
0 0.630860 0.676308 0.016124 0.016096
0 0.580651 0.647645 0.016161 0.016046
0 0.521163 0.309541 0.016146 0.016059
0 0.565985 0.685022 0.016261 0.015943
0 0.306488 0.948922 0.016022 0.016125
0 0.170974 0.972157 0.016120 0.016024
0 0.198268 0.336578 0.016162 0.015980
0 0.616607 0.533123 0.016034 0.016060
0 0.165602 0.246085 0.015993 0.016085
0 0.958508 0.329717 0.016158 0.015857
0 0.212490 0.777147 0.015812 0.016197
0 0.169876 0.557672 0.016051 0.015902
0 0.272810 0.608663 0.015931 0.015956
0 0.125629 0.276742 0.015939 0.015946
0 0.124563 0.710304 0.015802 0.016082
0 0.659182 0.668230 0.015839 0.016037
0 0.880106 0.404246 0.016069 0.015796
0 0.512022 0.103286 0.015860 0.015976
0 0.228334 0.375462 0.016058 0.015763
0 0.499513 0.074338 0.015811 0.015997
0 0.772768 0.373644 0.015906 0.015853
0 0.647467 0.228131 0.015778 0.015979
0 0.925181 0.167251 0.015817 0.015884
0 0.262474 0.670198 0.015845 0.015835
0 0.449958 0.615317 0.015828 0.015798
0 0.979343 0.176313 0.015820 0.015802
0 0.247996 0.104170 0.015774 0.015838
0 0.200258 0.098504 0.015800 0.015805
0 0.868467 0.019877 0.015768 0.015797
0 0.621635 0.166082 0.015878 0.015677
0 0.968910 0.252556 0.015786 0.015754
0 0.624890 0.277254 0.015657 0.015864
0 0.694464 0.206321 0.015920 0.015581
0 0.851087 0.378006 0.015775 0.015704
0 0.578361 0.791522 0.015851 0.015612
0 0.215345 0.637607 0.015849 0.015607
0 0.882494 0.835338 0.015738 0.015716
0 0.140516 0.058519 0.015779 0.015672
0 0.954274 0.911330 0.015825 0.015553
0 0.617457 0.032106 0.015807 0.015539
0 0.805493 0.652886 0.015652 0.015663
0 0.516306 0.456078 0.015612 0.015670
0 0.178168 0.613286 0.015781 0.015493
0 0.174183 0.750938 0.015622 0.015638
0 0.008528 0.956479 0.015510 0.015715
0 0.972737 0.700072 0.015640 0.015564
0 0.725838 0.162330 0.015558 0.015631
0 0.629616 0.911231 0.015752 0.015403
0 0.534237 0.721130 0.015665 0.015429
0 0.739326 0.300459 0.015627 0.015414
0 0.305966 0.470118 0.015543 0.015490
0 0.045361 0.659955 0.015558 0.015441
0 0.871530 0.967026 0.015517 0.015470
0 0.293206 0.497824 0.015574 0.015363
0 0.462532 0.705587 0.015504 0.015374
0 0.791627 0.760904 0.015573 0.015282
0 0.738395 0.510377 0.015564 0.015278
0 0.854691 0.749458 0.015553 0.015284
0 0.817713 0.784971 0.015366 0.015468
0 0.440184 0.149973 0.015725 0.015106
0 0.035928 0.972285 0.015384 0.015389
0 0.107289 0.928459 0.015441 0.015281
0 0.283630 0.801543 0.015415 0.015278
0 0.556355 0.736223 0.015198 0.015460
0 0.021988 0.540951 0.015354 0.015299
0 0.880102 0.800147 0.015363 0.015249
0 0.822598 0.029477 0.015260 0.015351
0 0.355351 0.096309 0.015290 0.015288
0 0.068875 0.515223 0.015260 0.015277
0 0.385368 0.311846 0.015362 0.015173
0 0.111102 0.546555 0.015213 0.015314
0 0.946045 0.459630 0.015240 0.015276
0 0.752373 0.071975 0.015276 0.015235
0 0.757714 0.466099 0.015335 0.015093
0 0.168963 0.928041 0.015269 0.015156
0 0.908683 0.192514 0.015165 0.015257
0 0.708407 0.435374 0.015475 0.014931
0 0.011802 0.600131 0.015422 0.014941
0 0.827658 0.461784 0.015255 0.015010
0 0.061603 0.707800 0.015106 0.015111
0 0.863086 0.678624 0.015035 0.015160
0 0.979279 0.554220 0.015198 0.014984
0 0.539999 0.209010 0.015127 0.015050
0 0.641327 0.416923 0.015041 0.015014
0 0.880572 0.582032 0.015075 0.014944
0 0.962640 0.667877 0.014957 0.015057
0 0.448331 0.487249 0.015226 0.014777
0 0.503625 0.538951 0.014886 0.014942
0 0.991828 0.640835 0.014643 0.015034
0 0.735102 0.438718 0.014748 0.014875
0 0.828098 0.158321 0.015161 0.014281
0 0.692812 0.018330 0.014471 0.014246
0 0.103827 0.734802 0.014530 0.014156
0 0.005643 0.206126 0.011285 0.017465
0 0.120313 0.006547 0.014753 0.012821
0 0.994129 0.093668 0.011743 0.015398
0 0.153935 0.995415 0.016284 0.009171
0 0.900835 0.995629 0.016122 0.008742
0 0.002665 0.841004 0.005331 0.015243
0 0.997601 0.440641 0.004799 0.015061
