0 0.014372 0.958980 0.017405 0.016925
0 0.785814 0.785219 0.017004 0.016969
0 0.789030 0.347053 0.017031 0.016878
0 0.207739 0.834120 0.016993 0.016835
0 0.513675 0.273225 0.016794 0.016889
0 0.540447 0.401385 0.016907 0.016738
0 0.936099 0.902049 0.016757 0.016836
0 0.202186 0.266602 0.016802 0.016775
0 0.630058 0.298397 0.016897 0.016674
0 0.513728 0.294803 0.016806 0.016761
0 0.057104 0.568778 0.016661 0.016822
0 0.695046 0.990350 0.016888 0.016586
0 0.101045 0.408885 0.016721 0.016683
0 0.325700 0.834027 0.016670 0.016719
0 0.880654 0.845355 0.016788 0.016539
0 0.084047 0.435051 0.016517 0.016810
0 0.361742 0.733260 0.016636 0.016660
0 0.945161 0.118120 0.016937 0.016309
0 0.069638 0.491597 0.016387 0.016851
0 0.773352 0.107610 0.016688 0.016467
0 0.258923 0.483650 0.016630 0.016389
0 0.307644 0.967573 0.016438 0.016376
0 0.746082 0.506040 0.016445 0.016353
0 0.500772 0.538832 0.016258 0.016510
0 0.113919 0.961073 0.016511 0.016158
0 0.355067 0.905810 0.016238 0.016310
0 0.394642 0.673158 0.016357 0.016180
0 0.741254 0.322434 0.016335 0.016180
0 0.617134 0.327365 0.016414 0.016089
0 0.639423 0.633411 0.016201 0.016274
0 0.532278 0.094511 0.016108 0.016329
0 0.740817 0.170753 0.016078 0.016327
0 0.882595 0.055293 0.016167 0.016208
0 0.713311 0.791616 0.016071 0.016296
0 0.603570 0.512148 0.016154 0.016195
0 0.821014 0.053063 0.016321 0.015977
0 0.093182 0.815104 0.016220 0.016010
0 0.050522 0.288293 0.016227 0.015993
0 0.209184 0.765142 0.016272 0.015945
0 0.391360 0.843871 0.016120 0.016063
0 0.895125 0.899396 0.016142 0.016033
0 0.444361 0.172745 0.016169 0.015960
0 0.167943 0.673563 0.016073 0.016031
0 0.110490 0.588880 0.016110 0.015945
0 0.413238 0.585805 0.015955 0.016078
0 0.267027 0.273151 0.016056 0.015955
0 0.617818 0.532601 0.016100 0.015911
0 0.142345 0.422896 0.015950 0.016052
0 0.244538 0.664116 0.015974 0.016020
0 0.397963 0.703704 0.015943 0.016045
0 0.969668 0.228019 0.016105 0.015875
0 0.169073 0.493681 0.016055 0.015913
0 0.609949 0.385891 0.015924 0.016035
0 0.148777 0.206723 0.015945 0.015992
0 0.180113 0.072818 0.016231 0.015696
0 0.502765 0.412999 0.016012 0.015903
0 0.908908 0.127813 0.016231 0.015676
0 0.229549 0.377460 0.016046 0.015845
0 0.570163 0.368549 0.015655 0.016171
0 0.327294 0.222070 0.016005 0.015815
0 0.467208 0.800249 0.016047 0.015748
0 0.977616 0.440844 0.016088 0.015694
0 0.624882 0.198377 0.015745 0.016026
0 0.654055 0.011211 0.016077 0.015679
0 0.828165 0.347708 0.015941 0.015758
0 0.739341 0.394680 0.015946 0.015724
0 0.793342 0.458885 0.015753 0.015901
0 0.903822 0.648151 0.015935 0.015706
0 0.574512 0.673474 0.015781 0.015829
0 0.863252 0.677120 0.015797 0.015794
0 0.705181 0.662476 0.015867 0.015715
0 0.605133 0.905898 0.015759 0.015796
0 0.670632 0.722156 0.015799 0.015748
0 0.858050 0.739898 0.015769 0.015744
0 0.096236 0.771969 0.015878 0.015599
0 0.177686 0.143138 0.015758 0.015717
0 0.645268 0.425483 0.015816 0.015601
0 0.483584 0.029800 0.015756 0.015637
0 0.877548 0.305065 0.015800 0.015582
0 0.451430 0.350221 0.015798 0.015506
0 0.088664 0.130205 0.015666 0.015635
0 0.585662 0.015577 0.015619 0.015652
0 0.766763 0.213403 0.015597 0.015635
0 0.439831 0.475863 0.015722 0.015476
0 0.033283 0.531065 0.015705 0.015465
0 0.786776 0.054034 0.015529 0.015623
0 0.489964 0.927974 0.015634 0.015504
0 0.257548 0.012666 0.015674 0.015454
0 0.670777 0.501461 0.015563 0.015498
0 0.888975 0.437127 0.015611 0.015435
0 0.922218 0.036371 0.015579 0.015463
0 0.850500 0.649484 0.015560 0.015477
0 0.095510 0.522595 0.015524 0.015508
0 0.599214 0.728713 0.015449 0.015574
0 0.269617 0.763943 0.015534 0.015459
0 0.732229 0.524223 0.015631 0.015343
0 0.895214 0.558634 0.015582 0.015386
0 0.061382 0.708889 0.015550 0.015374
0 0.327263 0.663321 0.015554 0.015321
0 0.889762 0.229378 0.015641 0.015201
0 0.293449 0.495654 0.015508 0.015278
0 0.714794 0.825789 0.015618 0.015170
0 0.282889 0.802380 0.015373 0.015403
0 0.984414 0.863122 0.015508 0.015265
0 0.883179 0.396425 0.015478 0.015211
0 0.294927 0.578848 0.015282 0.015394
0 0.444125 0.707458 0.015427 0.015243
0 0.178441 0.744497 0.015346 0.015266
0 0.011260 0.875581 0.015501 0.015095
0 0.630208 0.078986 0.015516 0.015078
0 0.864897 0.573639 0.015474 0.015107
0 0.699723 0.180763 0.015321 0.015252
0 0.561005 0.735217 0.015420 0.015152
0 0.964065 0.672604 0.015305 0.015219
0 0.100469 0.752683 0.015158 0.015340
0 0.979884 0.552234 0.015365 0.015125
0 0.697961 0.498053 0.015153 0.015333
0 0.007529 0.609543 0.014526 0.015970
0 0.303929 0.467857 0.015134 0.015254
0 0.036545 0.697105 0.015255 0.014956
0 0.644653 0.735268 0.015109 0.015089
0 0.531662 0.721939 0.015298 0.014871
0 0.495980 0.690917 0.015225 0.014937
0 0.473439 0.214390 0.015175 0.014976
0 0.472512 0.742763 0.015002 0.015049
0 0.168343 0.564521 0.014900 0.014839
0 0.935474 0.424238 0.014753 0.014920
0 0.016509 0.993769 0.017570 0.012463
0 0.820228 0.182833 0.014766 0.014748
0 0.393922 0.088525 0.014912 0.014594
0 0.579053 0.791957 0.014945 0.014470
0 0.177701 0.613514 0.014760 0.014455
0 0.096957 0.692632 0.014754 0.014449
0 0.267854 0.660698 0.014516 0.014361
0 0.995324 0.491862 0.009352 0.015672
0 0.887432 0.004708 0.014816 0.009409
0 0.996113 0.916139 0.007775 0.014580
