0 0.360199 0.948048 0.017232 0.017410
0 0.333965 0.888991 0.017383 0.017175
0 0.329820 0.934797 0.017396 0.016910
0 0.155173 0.164571 0.017219 0.017046
0 0.212740 0.854184 0.016967 0.017038
0 0.007891 0.320286 0.015704 0.018130
0 0.880223 0.665160 0.016775 0.016605
0 0.813666 0.312347 0.016824 0.016417
0 0.329989 0.811344 0.016577 0.016632
0 0.132216 0.928464 0.016590 0.016591
0 0.290301 0.101165 0.016635 0.016502
0 0.143102 0.706938 0.016601 0.016438
0 0.126484 0.408489 0.016367 0.016567
0 0.298922 0.757018 0.016501 0.016412
0 0.746047 0.828340 0.016406 0.016475
0 0.725972 0.748612 0.016307 0.016487
0 0.342559 0.657415 0.016566 0.016217
0 0.805261 0.760764 0.016401 0.016369
0 0.110426 0.864274 0.016454 0.016301
0 0.134575 0.593449 0.016261 0.016473
0 0.962499 0.210825 0.016356 0.016326
0 0.063125 0.459414 0.016389 0.016293
0 0.252835 0.282105 0.016539 0.016074
0 0.617307 0.533182 0.016243 0.016279
0 0.262683 0.666135 0.016416 0.016097
0 0.606057 0.026107 0.016316 0.016170
0 0.275903 0.273923 0.016245 0.016229
0 0.131080 0.192623 0.016135 0.016330
0 0.635238 0.637136 0.016177 0.016202
0 0.054280 0.278153 0.016205 0.016173
0 0.427941 0.616583 0.016310 0.016067
0 0.677756 0.301574 0.016235 0.016138
0 0.329224 0.679987 0.016136 0.016223
0 0.901223 0.630502 0.016177 0.016168
0 0.365472 0.183304 0.016140 0.016200
0 0.725255 0.333895 0.015981 0.016338
0 0.042524 0.955905 0.016251 0.016010
0 0.291168 0.492500 0.016269 0.015967
0 0.696356 0.137319 0.016252 0.015982
0 0.959523 0.647787 0.016142 0.016084
0 0.501358 0.290862 0.016022 0.016185
0 0.418278 0.104798 0.016095 0.016048
0 0.295856 0.678609 0.015980 0.016123
0 0.962582 0.853237 0.015969 0.016080
0 0.650348 0.679985 0.015831 0.016198
0 0.991160 0.035528 0.015742 0.016227
0 0.989965 0.432352 0.016000 0.015961
0 0.105687 0.699972 0.016067 0.015868
0 0.884192 0.449774 0.016152 0.015771
0 0.805668 0.054569 0.016029 0.015879
0 0.865025 0.008217 0.016457 0.015462
0 0.020812 0.536739 0.016072 0.015801
0 0.646551 0.294297 0.015997 0.015858
0 0.233812 0.645481 0.016013 0.015827
0 0.482070 0.634585 0.016034 0.015798
0 0.156608 0.796525 0.015813 0.016016
0 0.895324 0.849836 0.016058 0.015732
0 0.117250 0.532527 0.015871 0.015911
0 0.880753 0.399667 0.015904 0.015870
0 0.784630 0.361483 0.015865 0.015878
0 0.424317 0.315404 0.015896 0.015815
0 0.853212 0.761183 0.015917 0.015780
0 0.497562 0.913406 0.015871 0.015825
0 0.009227 0.962638 0.015918 0.015755
0 0.559819 0.734884 0.015809 0.015840
0 0.617483 0.327658 0.015759 0.015840
0 0.009137 0.848057 0.015714 0.015884
0 0.272076 0.516702 0.015838 0.015755
0 0.515146 0.380098 0.015856 0.015737
0 0.843610 0.830906 0.015696 0.015890
0 0.863890 0.677273 0.015791 0.015779
0 0.301380 0.466362 0.015815 0.015722
0 0.772555 0.831523 0.015799 0.015658
0 0.987668 0.310333 0.015861 0.015590
0 0.798145 0.119306 0.015789 0.015631
0 0.877813 0.209752 0.015780 0.015630
0 0.402467 0.705314 0.015781 0.015595
0 0.171872 0.559095 0.015679 0.015685
0 0.643451 0.424488 0.015858 0.015502
0 0.593932 0.181808 0.015647 0.015660
0 0.887826 0.236791 0.015642 0.015640
0 0.744680 0.459350 0.015611 0.015600
0 0.704394 0.535284 0.015607 0.015544
0 0.795340 0.166523 0.015701 0.015398
0 0.681694 0.992606 0.016624 0.014538
0 0.680976 0.507405 0.015584 0.015489
0 0.852842 0.336347 0.015767 0.015302
0 0.584539 0.663953 0.015586 0.015473
0 0.203800 0.710547 0.015528 0.015518
0 0.704689 0.765125 0.015702 0.015294
0 0.231957 0.373829 0.015488 0.015480
0 0.404576 0.541086 0.015563 0.015397
0 0.179709 0.070963 0.015435 0.015496
0 0.848565 0.553101 0.015413 0.015478
0 0.921660 0.846413 0.015526 0.015341
0 0.334039 0.756827 0.015478 0.015361
0 0.746064 0.506785 0.015451 0.015387
0 0.230708 0.089771 0.015483 0.015340
0 0.109366 0.627323 0.015413 0.015399
0 0.569253 0.673633 0.015463 0.015343
0 0.135915 0.811032 0.015373 0.015390
0 0.845540 0.302257 0.015586 0.015171
0 0.447267 0.746888 0.015456 0.015269
0 0.861351 0.906576 0.015422 0.015302
0 0.646576 0.723769 0.015522 0.015198
0 0.606796 0.511193 0.015379 0.015326
0 0.425676 0.241238 0.015457 0.015247
0 0.532029 0.720276 0.015312 0.015387
0 0.239322 0.015577 0.015461 0.015215
0 0.923713 0.038428 0.015403 0.015241
0 0.463475 0.421080 0.015243 0.015371
0 0.578624 0.070641 0.015324 0.015288
0 0.756797 0.054328 0.015389 0.015201
0 0.135261 0.107531 0.015248 0.015307
0 0.934336 0.936563 0.015274 0.015269
0 0.462131 0.379632 0.015110 0.015428
0 0.061106 0.708613 0.015391 0.015064
0 0.684245 0.431279 0.015204 0.015245
0 0.516819 0.089685 0.015411 0.015022
0 0.519790 0.651194 0.015307 0.015079
0 0.378868 0.133344 0.015196 0.015159
0 0.176028 0.614790 0.015147 0.015140
0 0.962237 0.672548 0.015217 0.015022
0 0.833873 0.427066 0.014977 0.015172
0 0.450025 0.910015 0.015038 0.015088
0 0.020257 0.345969 0.014979 0.015119
0 0.578835 0.791411 0.015204 0.014892
0 0.979584 0.552083 0.015297 0.014794
0 0.189033 0.185618 0.015147 0.014851
0 0.990335 0.591993 0.014801 0.015165
0 0.754172 0.411649 0.015073 0.014856
0 0.438039 0.470468 0.014926 0.014943
0 0.879759 0.581662 0.015027 0.014825
0 0.504053 0.538335 0.014861 0.014925
0 0.562083 0.709873 0.014755 0.014973
0 0.033568 0.697541 0.015062 0.014525
0 0.131641 0.511917 0.014743 0.014536
0 0.697815 0.007146 0.015061 0.013861
0 0.005781 0.911036 0.011561 0.017431
0 0.992126 0.696669 0.013634 0.013758
0 0.572383 0.317018 0.013343 0.013025
0 0.996528 0.500654 0.006944 0.015381
0 0.997133 0.992276 0.005734 0.013421
