0 0.490945 0.990199 0.017811 0.017118
0 0.226354 0.640358 0.017229 0.017268
0 0.555533 0.840302 0.016889 0.016844
0 0.746304 0.451344 0.016766 0.016724
0 0.417411 0.703351 0.016856 0.016624
0 0.204706 0.733864 0.016649 0.016747
0 0.922086 0.203092 0.016645 0.016621
0 0.507324 0.488040 0.016607 0.016656
0 0.270817 0.662429 0.016683 0.016339
0 0.771712 0.342903 0.016382 0.016638
0 0.191311 0.735929 0.016448 0.016557
0 0.584386 0.646128 0.016607 0.016383
0 0.145879 0.720583 0.016492 0.016452
0 0.889979 0.532921 0.016484 0.016457
0 0.958001 0.307509 0.016532 0.016389
0 0.216255 0.768555 0.016631 0.016276
0 0.070160 0.844476 0.016351 0.016533
0 0.089281 0.464152 0.016160 0.016654
0 0.392497 0.729192 0.016460 0.016295
0 0.501938 0.969471 0.016618 0.016128
0 0.156458 0.418615 0.016350 0.016382
0 0.581153 0.410457 0.016388 0.016329
0 0.027490 0.284480 0.016340 0.016360
0 0.959195 0.669994 0.016267 0.016412
0 0.449732 0.873397 0.016346 0.016252
0 0.674133 0.256557 0.016417 0.016133
0 0.964623 0.390641 0.016275 0.016250
0 0.320674 0.669476 0.016414 0.016101
0 0.399215 0.637935 0.016326 0.016186
0 0.912392 0.658717 0.016232 0.016262
0 0.086893 0.522342 0.016222 0.016264
0 0.343117 0.748071 0.016208 0.016277
0 0.909593 0.749891 0.016382 0.016095
0 0.805188 0.800394 0.016351 0.016071
0 0.976759 0.434292 0.016159 0.016254
0 0.505361 0.537065 0.016326 0.016080
0 0.240813 0.877635 0.016367 0.016032
0 0.702619 0.636395 0.016390 0.016006
0 0.213985 0.659434 0.016215 0.016168
0 0.265871 0.448344 0.016335 0.016039
0 0.007608 0.368612 0.015217 0.017173
0 0.941442 0.710689 0.016261 0.016057
0 0.118188 0.327553 0.016157 0.016128
0 0.143043 0.306089 0.016120 0.016160
0 0.533032 0.334817 0.016121 0.016128
0 0.646296 0.425796 0.016180 0.016039
0 0.221278 0.499312 0.016243 0.015937
0 0.284070 0.287302 0.016133 0.016007
0 0.617970 0.327873 0.016097 0.016006
0 0.614095 0.402643 0.015939 0.016154
0 0.617130 0.532948 0.016072 0.016002
0 0.481330 0.280131 0.015974 0.016047
0 0.940641 0.920482 0.016174 0.015825
0 0.228851 0.378263 0.016109 0.015872
0 0.526893 0.701843 0.015954 0.016005
0 0.637204 0.966520 0.015837 0.016096
0 0.225077 0.152273 0.015941 0.015984
0 0.812952 0.346730 0.015791 0.016119
0 0.684563 0.703012 0.015920 0.015982
0 0.465195 0.733262 0.016065 0.015816
0 0.403603 0.667621 0.016044 0.015787
0 0.183912 0.956208 0.015959 0.015868
0 0.628159 0.495977 0.015951 0.015850
0 0.047793 0.978590 0.015829 0.015964
0 0.840728 0.421184 0.015855 0.015921
0 0.434725 0.686840 0.016086 0.015676
0 0.732896 0.159968 0.015857 0.015841
0 0.368802 0.266396 0.015826 0.015868
0 0.562810 0.735334 0.015783 0.015870
0 0.768719 0.740306 0.015806 0.015845
0 0.131760 0.594427 0.015995 0.015612
0 0.625149 0.753318 0.015742 0.015844
0 0.764509 0.264253 0.015916 0.015669
0 0.083135 0.601234 0.015793 0.015781
0 0.874521 0.126881 0.015716 0.015839
0 0.649975 0.455184 0.015676 0.015876
0 0.617128 0.642965 0.015925 0.015625
0 0.709236 0.756314 0.015852 0.015687
0 0.805656 0.166390 0.015912 0.015531
0 0.873983 0.829662 0.015639 0.015746
0 0.577676 0.790865 0.015835 0.015537
0 0.860512 0.222332 0.015624 0.015701
0 0.532335 0.721991 0.015767 0.015540
0 0.524044 0.207118 0.015809 0.015453
0 0.170177 0.559157 0.015686 0.015570
0 0.749974 0.417294 0.015567 0.015683
0 0.588848 0.038329 0.015652 0.015551
0 0.963586 0.224485 0.015762 0.015429
0 0.236414 0.966310 0.015458 0.015683
0 0.979108 0.656320 0.015595 0.015482
0 0.030602 0.533641 0.015550 0.015511
0 0.693252 0.791044 0.015684 0.015344
0 0.751431 0.743072 0.015469 0.015552
0 0.293218 0.494358 0.015531 0.015451
0 0.827009 0.037294 0.015728 0.015236
0 0.747486 0.628041 0.015446 0.015509
0 0.087513 0.041283 0.015385 0.015568
0 0.094420 0.729750 0.015567 0.015307
0 0.865494 0.679163 0.015588 0.015229
0 0.175983 0.364662 0.015311 0.015488
0 0.363146 0.084863 0.015163 0.015630
0 0.182865 0.981743 0.015561 0.015210
0 0.021129 0.876126 0.015451 0.015247
0 0.949000 0.899878 0.015299 0.015385
0 0.315374 0.904209 0.015607 0.015037
0 0.358696 0.298129 0.015412 0.015173
0 0.529497 0.101364 0.015452 0.015118
0 0.177837 0.613086 0.015436 0.015082
0 0.699434 0.813958 0.015254 0.015240
0 0.643090 0.145219 0.015269 0.015217
0 0.056006 0.510248 0.015389 0.015097
0 0.163483 0.776937 0.015286 0.015087
0 0.879058 0.582072 0.015169 0.015195
0 0.218928 0.216638 0.015193 0.015162
0 0.736448 0.507985 0.014972 0.015370
0 0.871713 0.440671 0.015254 0.015059
0 0.671412 0.179860 0.015026 0.015286
0 0.842161 0.955031 0.015104 0.015180
0 0.670890 0.502338 0.015176 0.015092
0 0.215671 0.855532 0.015146 0.015063
0 0.882559 0.403404 0.015112 0.015052
0 0.282337 0.801750 0.015077 0.015075
0 0.979102 0.552012 0.015230 0.014907
0 0.037638 0.701322 0.014920 0.015184
0 0.447479 0.487243 0.015137 0.014838
0 0.009665 0.959307 0.014919 0.014984
0 0.454203 0.080444 0.015012 0.014873
0 0.306607 0.468154 0.014592 0.014770
0 0.892693 0.036080 0.014410 0.014859
0 0.993394 0.973628 0.013212 0.015542
0 0.765023 0.019085 0.014053 0.014210
0 0.005487 0.167280 0.010975 0.016510
0 0.219994 0.005968 0.014859 0.011877
0 0.993804 0.092601 0.012078 0.014024
