0 0.340189 0.956606 0.018010 0.018009
0 0.066550 0.955286 0.017903 0.017624
0 0.126146 0.925224 0.017164 0.017311
0 0.237876 0.761130 0.016896 0.017187
0 0.201795 0.859280 0.016967 0.016965
0 0.917562 0.939736 0.016943 0.016898
0 0.654029 0.721973 0.016865 0.016650
0 0.266917 0.666098 0.016888 0.016620
0 0.011879 0.962301 0.016704 0.016629
0 0.043443 0.247559 0.016719 0.016506
0 0.075956 0.872515 0.016605 0.016592
0 0.791776 0.307545 0.016644 0.016455
0 0.156566 0.799068 0.016384 0.016591
0 0.325020 0.829642 0.016151 0.016776
0 0.865898 0.007996 0.016974 0.015839
0 0.394995 0.053846 0.016358 0.016279
0 0.027994 0.325577 0.016372 0.016257
0 0.738642 0.831363 0.016368 0.016196
0 0.273238 0.494198 0.016260 0.016243
0 0.566071 0.644834 0.016146 0.016293
0 0.567599 0.083171 0.016565 0.015860
0 0.088862 0.603359 0.016221 0.016194
0 0.727332 0.450023 0.016073 0.016331
0 0.829050 0.722007 0.016209 0.016190
0 0.116683 0.433037 0.016205 0.016185
0 0.682377 0.972742 0.016123 0.016261
0 0.482332 0.305626 0.016161 0.016215
0 0.518477 0.090942 0.016394 0.015984
0 0.281150 0.879318 0.016176 0.016194
0 0.890071 0.853437 0.016249 0.016070
0 0.845784 0.812525 0.016196 0.016111
0 0.531872 0.410749 0.016006 0.016236
0 0.722217 0.721528 0.016231 0.015996
0 0.230267 0.375021 0.016228 0.015985
0 0.603989 0.040568 0.016206 0.015893
0 0.693872 0.525739 0.016078 0.015996
0 0.790648 0.347673 0.016130 0.015944
0 0.145009 0.722017 0.015990 0.016023
0 0.170565 0.131792 0.015979 0.016003
0 0.657193 0.294810 0.015870 0.016082
0 0.746167 0.334842 0.016092 0.015855
0 0.991029 0.832235 0.015787 0.016161
0 0.042590 0.462476 0.016097 0.015842
0 0.524881 0.610454 0.015919 0.015993
0 0.616541 0.532662 0.015902 0.015886
0 0.361492 0.188159 0.015877 0.015875
0 0.313882 0.675987 0.015912 0.015793
0 0.740906 0.283167 0.015749 0.015943
0 0.911418 0.118750 0.016059 0.015611
0 0.091578 0.625669 0.015861 0.015788
0 0.212000 0.288282 0.015851 0.015788
0 0.268998 0.272573 0.015663 0.015947
0 0.171269 0.559511 0.015881 0.015714
0 0.744663 0.443362 0.015514 0.016083
0 0.445704 0.382232 0.015701 0.015866
0 0.029930 0.355832 0.015938 0.015616
0 0.367512 0.665448 0.015916 0.015614
0 0.976157 0.432981 0.015835 0.015692
0 0.420124 0.956412 0.015922 0.015597
0 0.032588 0.530662 0.015805 0.015709
0 0.859896 0.339683 0.015884 0.015622
0 0.780005 0.828785 0.015868 0.015596
0 0.240250 0.494124 0.015715 0.015743
0 0.886166 0.443454 0.015770 0.015684
0 0.615771 0.327251 0.015870 0.015572
0 0.454882 0.611237 0.015917 0.015517
0 0.600170 0.677271 0.015700 0.015701
0 0.919667 0.033942 0.015812 0.015585
0 0.488494 0.710707 0.015660 0.015735
0 0.909200 0.655415 0.015816 0.015569
0 0.059501 0.706512 0.015945 0.015430
0 0.881712 0.127124 0.015803 0.015523
0 0.136287 0.512912 0.015426 0.015896
0 0.127364 0.065659 0.015597 0.015679
0 0.860397 0.218996 0.015787 0.015475
0 0.716686 0.758422 0.015614 0.015630
0 0.590943 0.181493 0.015707 0.015495
0 0.282792 0.801701 0.015723 0.015467
0 0.055735 0.666437 0.015735 0.015420
0 0.969271 0.663852 0.015377 0.015771
0 0.859888 0.910276 0.015699 0.015431
0 0.414025 0.112399 0.015609 0.015507
0 0.736125 0.134470 0.015443 0.015647
0 0.086652 0.510932 0.015545 0.015443
0 0.425368 0.529152 0.015411 0.015563
0 0.177196 0.613318 0.015660 0.015311
0 0.161131 0.682665 0.015503 0.015338
0 0.099776 0.208429 0.015499 0.015329
0 0.896924 0.780894 0.015523 0.015278
0 0.682571 0.664639 0.015437 0.015351
0 0.505271 0.902798 0.015436 0.015337
0 0.717181 0.413725 0.015126 0.015638
0 0.179413 0.072519 0.015539 0.015209
0 0.425929 0.249312 0.015315 0.015390
0 0.797286 0.447961 0.015519 0.015179
0 0.745036 0.506283 0.015489 0.015201
0 0.748406 0.181020 0.015405 0.015263
0 0.341614 0.714932 0.015377 0.015281
0 0.645013 0.425407 0.015379 0.015278
0 0.231755 0.648988 0.015349 0.015304
0 0.504635 0.537729 0.015370 0.015259
0 0.312199 0.801470 0.015337 0.015279
0 0.483286 0.662660 0.015331 0.015282
0 0.557141 0.733058 0.015076 0.015540
0 0.681726 0.125316 0.015205 0.015380
0 0.308255 0.084721 0.015306 0.015224
0 0.230539 0.093896 0.015221 0.015294
0 0.303748 0.466077 0.015375 0.015137
0 0.955664 0.860806 0.015305 0.015197
0 0.983596 0.689482 0.015343 0.015151
0 0.842494 0.548231 0.015256 0.015210
0 0.922316 0.252193 0.015180 0.015166
0 0.898872 0.222996 0.015315 0.015018
0 0.293191 0.496649 0.015015 0.015244
0 0.593946 0.510556 0.015006 0.015243
0 0.880325 0.402485 0.015120 0.015034
0 0.231726 0.158801 0.015056 0.015039
0 0.864777 0.679500 0.015297 0.014790
0 0.044340 0.702943 0.015207 0.014731
0 0.674645 0.148905 0.015107 0.014822
0 0.437909 0.471338 0.014966 0.014942
0 0.500236 0.418889 0.015043 0.014807
0 0.716219 0.016031 0.015061 0.014782
0 0.879922 0.581653 0.014945 0.014815
0 0.795560 0.190321 0.014886 0.014863
0 0.793593 0.062934 0.014948 0.014748
0 0.533442 0.721193 0.014920 0.014748
0 0.977934 0.551223 0.015018 0.014602
0 0.191845 0.096373 0.014798 0.014818
0 0.006963 0.227019 0.013489 0.016167
0 0.674898 0.505126 0.014844 0.014680
0 0.429738 0.295605 0.014727 0.014529
0 0.113201 0.514072 0.014733 0.014471
0 0.578375 0.791491 0.014698 0.014490
0 0.823783 0.256681 0.014627 0.014543
0 0.551719 0.708841 0.014461 0.014258
0 0.600348 0.726674 0.014494 0.014215
0 0.006361 0.825226 0.012664 0.015018
0 0.759993 0.152318 0.013258 0.013372
0 0.994456 0.330674 0.011088 0.015553
0 0.994630 0.045682 0.010740 0.015528
0 0.026610 0.996367 0.017684 0.007267
0 0.110888 0.002943 0.016576 0.005886
0 0.997020 0.244066 0.005960 0.013887
0 0.002111 0.656213 0.004222 0.016453
