0 0.480261 0.681452 0.018311 0.017444
0 0.260653 0.287304 0.016835 0.016493
0 0.441843 0.689526 0.016706 0.016384
0 0.727324 0.784598 0.016502 0.016437
0 0.010964 0.965715 0.016453 0.016416
0 0.946715 0.894656 0.016396 0.016472
0 0.497462 0.304691 0.016308 0.016457
0 0.498441 0.858185 0.016420 0.016310
0 0.606392 0.682307 0.016372 0.016333
0 0.759415 0.388565 0.016358 0.016238
0 0.165801 0.417904 0.016269 0.016224
0 0.910307 0.741855 0.016160 0.016320
0 0.183093 0.611902 0.016276 0.016161
0 0.208305 0.633762 0.016291 0.016130
0 0.057458 0.524553 0.016189 0.016167
0 0.242308 0.742953 0.016230 0.016063
0 0.617503 0.532390 0.016151 0.016051
0 0.853632 0.777536 0.016068 0.016133
0 0.228870 0.878506 0.016079 0.016056
0 0.844465 0.320104 0.016117 0.015996
0 0.681321 0.197501 0.015785 0.016317
0 0.471852 0.518917 0.015933 0.016112
0 0.950059 0.654262 0.015952 0.016079
0 0.234368 0.373097 0.016200 0.015825
0 0.139145 0.305968 0.015937 0.016073
0 0.624684 0.507731 0.015998 0.015936
0 0.046062 0.940940 0.016027 0.015873
0 0.382094 0.712200 0.016043 0.015848
0 0.147498 0.233808 0.016041 0.015839
0 0.722768 0.334576 0.015924 0.015953
0 0.368610 0.650832 0.016025 0.015848
0 0.116950 0.330891 0.015942 0.015921
0 0.518045 0.105901 0.016115 0.015738
0 0.675623 0.781339 0.015921 0.015899
0 0.316997 0.956253 0.015964 0.015824
0 0.904601 0.177975 0.015993 0.015691
0 0.027647 0.829708 0.016064 0.015611
0 0.557801 0.734029 0.015998 0.015673
0 0.111959 0.694319 0.016033 0.015626
0 0.848625 0.112234 0.015954 0.015690
0 0.152184 0.467143 0.015969 0.015647
0 0.968332 0.210918 0.015919 0.015689
0 0.395644 0.789372 0.015958 0.015640
0 0.819052 0.032007 0.015844 0.015750
0 0.645665 0.375418 0.015865 0.015729
0 0.582226 0.673637 0.015832 0.015749
0 0.365338 0.233215 0.015806 0.015765
0 0.327119 0.663521 0.015799 0.015757
0 0.482040 0.115120 0.015910 0.015640
0 0.671328 0.721638 0.015787 0.015758
0 0.391372 0.064328 0.015915 0.015608
0 0.086530 0.259009 0.015791 0.015729
0 0.205049 0.093923 0.015887 0.015603
0 0.140392 0.582812 0.015699 0.015723
0 0.644769 0.249528 0.015640 0.015753
0 0.217495 0.160064 0.015862 0.015521
0 0.862711 0.680253 0.015591 0.015762
0 0.501742 0.207527 0.015637 0.015690
0 0.742244 0.610827 0.015715 0.015589
0 0.033328 0.535728 0.015773 0.015481
0 0.561475 0.184413 0.015589 0.015649
0 0.220328 0.488060 0.015672 0.015525
0 0.243029 0.015261 0.015494 0.015660
0 0.616660 0.327149 0.015756 0.015393
0 0.506611 0.656415 0.015641 0.015506
0 0.613118 0.184130 0.015583 0.015554
0 0.456839 0.851700 0.015692 0.015439
0 0.510485 0.984031 0.015610 0.015503
0 0.624163 0.975397 0.015709 0.015372
0 0.511652 0.746490 0.015542 0.015522
0 0.896842 0.527040 0.015523 0.015509
0 0.610710 0.022076 0.015582 0.015434
0 0.709630 0.143574 0.015597 0.015386
0 0.379363 0.584816 0.015476 0.015490
0 0.520297 0.435136 0.015580 0.015384
0 0.604430 0.366466 0.015768 0.015159
0 0.534133 0.720916 0.015598 0.015319
0 0.928642 0.915681 0.015632 0.015241
0 0.168222 0.558513 0.015426 0.015379
0 0.282926 0.801715 0.015479 0.015307
0 0.102947 0.746472 0.015329 0.015420
0 0.020916 0.494982 0.015369 0.015361
0 0.579449 0.749164 0.015521 0.015190
0 0.645590 0.427028 0.015305 0.015360
0 0.884385 0.398682 0.015398 0.015267
0 0.691478 0.667139 0.015334 0.015305
0 0.048081 0.649432 0.015436 0.015192
0 0.294104 0.498480 0.015298 0.015302
0 0.503628 0.537727 0.015356 0.015210
0 0.710500 0.743592 0.015400 0.015160
0 0.681707 0.439353 0.015295 0.015141
0 0.222626 0.963382 0.015224 0.015191
0 0.781950 0.353260 0.015100 0.015249
0 0.880083 0.825990 0.015540 0.014771
0 0.299558 0.468048 0.015181 0.015087
0 0.879245 0.582016 0.015128 0.015137
0 0.717332 0.454036 0.015291 0.014974
0 0.822562 0.142188 0.015187 0.015074
0 0.435414 0.062256 0.015114 0.015137
0 0.112281 0.780096 0.015226 0.015024
0 0.880909 0.450782 0.015281 0.014959
0 0.167316 0.805541 0.015593 0.014614
0 0.163742 0.322169 0.015073 0.015102
0 0.722114 0.529719 0.015043 0.015082
0 0.668605 0.496325 0.015230 0.014866
0 0.235822 0.086215 0.015058 0.015025
0 0.486778 0.754278 0.015193 0.014887
0 0.271491 0.660769 0.015183 0.014871
0 0.300332 0.777939 0.015049 0.014963
0 0.706581 0.489891 0.015080 0.014927
0 0.746380 0.507645 0.014986 0.014982
0 0.978741 0.553721 0.015196 0.014750
0 0.442069 0.480766 0.014927 0.014997
0 0.761666 0.732728 0.015104 0.014819
0 0.921697 0.036573 0.015016 0.014694
0 0.110362 0.006656 0.016402 0.013312
0 0.106833 0.045837 0.014874 0.014637
0 0.176907 0.078098 0.014871 0.014594
0 0.156276 0.956192 0.014874 0.014525
0 0.578874 0.791252 0.014781 0.014614
0 0.796825 0.391907 0.014809 0.014455
0 0.040644 0.703359 0.014260 0.014249
0 0.975768 0.100025 0.014283 0.014198
0 0.254995 0.665582 0.014362 0.014107
0 0.871415 0.993347 0.015485 0.013069
0 0.594883 0.651095 0.013502 0.013855
0 0.785422 0.006141 0.014987 0.012281
0 0.003650 0.203526 0.007300 0.016768
0 0.997496 0.405085 0.005007 0.012577
0 0.997954 0.605956 0.004091 0.014373
