0 0.820372 0.294029 0.017104 0.017225
0 0.247252 0.755499 0.017006 0.017093
0 0.058711 0.482865 0.016943 0.016900
0 0.312698 0.833729 0.016796 0.016957
0 0.352403 0.767595 0.016812 0.016934
0 0.257149 0.666971 0.017138 0.016464
0 0.052244 0.400815 0.016829 0.016723
0 0.321532 0.720319 0.017104 0.016329
0 0.130917 0.508474 0.016812 0.016609
0 0.191387 0.824986 0.016866 0.016543
0 0.292828 0.755111 0.016747 0.016638
0 0.698563 0.136947 0.016716 0.016640
0 0.136736 0.941141 0.016862 0.016460
0 0.062979 0.618455 0.016953 0.016267
0 0.020005 0.654010 0.016679 0.016523
0 0.658986 0.710292 0.016618 0.016536
0 0.261518 0.275796 0.016573 0.016524
0 0.487502 0.532050 0.016765 0.016194
0 0.368958 0.936241 0.016442 0.016429
0 0.129395 0.646749 0.016515 0.016289
0 0.056494 0.142708 0.016482 0.016305
0 0.615771 0.533253 0.016385 0.016382
0 0.353484 0.697000 0.016280 0.016462
0 0.425403 0.975354 0.016324 0.016330
0 0.343323 0.162572 0.016371 0.016237
0 0.633048 0.642881 0.016381 0.016212
0 0.477771 0.627061 0.016349 0.016221
0 0.066439 0.435302 0.016364 0.016190
0 0.075483 0.254586 0.016202 0.016340
0 0.752287 0.435453 0.016270 0.016205
0 0.643521 0.315962 0.016275 0.016186
0 0.248537 0.494673 0.016315 0.016142
0 0.009814 0.191439 0.016318 0.016126
0 0.278570 0.876119 0.016338 0.016090
0 0.693940 0.159860 0.016330 0.016087
0 0.716186 0.269469 0.016122 0.016207
0 0.454945 0.400593 0.016378 0.015950
0 0.856614 0.554425 0.016281 0.016020
0 0.581938 0.411121 0.016022 0.016244
0 0.759169 0.073164 0.016206 0.015939
0 0.914100 0.181868 0.016246 0.015888
0 0.637206 0.031094 0.016003 0.016109
0 0.613195 0.684088 0.015965 0.016111
0 0.184196 0.282361 0.015820 0.016257
0 0.667022 0.734590 0.015969 0.016079
0 0.865560 0.352637 0.016151 0.015882
0 0.546687 0.630396 0.016071 0.015894
0 0.257944 0.538424 0.016068 0.015896
0 0.910486 0.630844 0.015981 0.015979
0 0.840222 0.044106 0.016226 0.015733
0 0.862207 0.746818 0.016006 0.015945
0 0.245814 0.180089 0.015960 0.015957
0 0.569031 0.034456 0.015949 0.015968
0 0.219213 0.145629 0.016018 0.015845
0 0.602771 0.185199 0.016075 0.015781
0 0.177841 0.612277 0.016141 0.015704
0 0.098140 0.680307 0.015736 0.016106
0 0.047922 0.831359 0.015962 0.015843
0 0.478290 0.150631 0.015886 0.015918
0 0.022158 0.542219 0.016059 0.015707
0 0.745381 0.506326 0.015873 0.015882
0 0.837599 0.674901 0.015986 0.015727
0 0.070609 0.533806 0.015884 0.015814
0 0.293696 0.494080 0.015785 0.015911
0 0.479021 0.283205 0.015877 0.015818
0 0.869542 0.234430 0.015902 0.015785
0 0.371630 0.629405 0.016037 0.015649
0 0.627260 0.789417 0.015998 0.015641
0 0.493923 0.356862 0.015691 0.015935
0 0.725795 0.381349 0.015802 0.015777
0 0.229976 0.372180 0.015870 0.015635
0 0.857113 0.626381 0.015795 0.015688
0 0.884405 0.891492 0.015796 0.015649
0 0.959405 0.353105 0.015787 0.015653
0 0.852762 0.021750 0.015917 0.015514
0 0.547652 0.055235 0.015678 0.015707
0 0.918144 0.123942 0.015724 0.015607
0 0.887024 0.401079 0.015708 0.015583
0 0.610321 0.511365 0.015723 0.015541
0 0.534738 0.720638 0.015690 0.015567
0 0.880147 0.842856 0.015658 0.015568
0 0.732106 0.795652 0.015617 0.015606
0 0.283341 0.801312 0.015665 0.015544
0 0.522636 0.096199 0.015642 0.015561
0 0.773869 0.351262 0.015655 0.015541
0 0.506613 0.533961 0.015423 0.015655
0 0.652259 0.681085 0.015579 0.015482
0 0.008359 0.956993 0.015332 0.015731
0 0.174252 0.792393 0.015394 0.015645
0 0.645689 0.427550 0.015433 0.015508
0 0.322632 0.666971 0.015562 0.015378
0 0.709404 0.765958 0.015568 0.015348
0 0.695941 0.565021 0.015401 0.015512
0 0.987198 0.412329 0.015614 0.015284
0 0.167553 0.558983 0.015462 0.015433
0 0.490415 0.089892 0.015574 0.015292
0 0.066169 0.707852 0.015654 0.015204
0 0.049972 0.957000 0.015589 0.015245
0 0.238864 0.641379 0.015430 0.015376
0 0.462481 0.691854 0.015366 0.015347
0 0.107614 0.813394 0.015521 0.015185
0 0.699022 0.497761 0.015440 0.015197
0 0.702054 0.373791 0.015592 0.015044
0 0.600899 0.977129 0.015391 0.015235
0 0.079234 0.845785 0.015383 0.015214
0 0.848369 0.395756 0.015342 0.015195
0 0.796146 0.746802 0.015338 0.015189
0 0.715815 0.161480 0.015120 0.015406
0 0.340082 0.139638 0.015284 0.015220
0 0.731084 0.728575 0.015449 0.015050
0 0.569205 0.717118 0.015170 0.015324
0 0.438333 0.469534 0.014928 0.015522
0 0.616550 0.325286 0.015305 0.015124
0 0.865224 0.442408 0.015192 0.015170
0 0.780771 0.168803 0.015393 0.014951
0 0.773936 0.831614 0.015112 0.015208
0 0.300939 0.467430 0.015081 0.015191
0 0.889066 0.251787 0.015147 0.015035
0 0.879605 0.581800 0.015071 0.015109
0 0.911151 0.449054 0.015009 0.015163
0 0.666444 0.497825 0.015201 0.014966
0 0.695873 0.448394 0.015248 0.014912
0 0.299219 0.013569 0.015185 0.014864
0 0.979841 0.552853 0.015071 0.014914
0 0.859443 0.676345 0.015113 0.014812
0 0.928971 0.026268 0.015084 0.014836
0 0.517351 0.412662 0.015032 0.014868
0 0.109472 0.206620 0.014982 0.014910
0 0.449790 0.248576 0.014867 0.014820
0 0.303613 0.704544 0.015034 0.014617
0 0.962628 0.671818 0.014756 0.014560
0 0.579367 0.790779 0.014720 0.014579
0 0.510813 0.635381 0.014630 0.014606
0 0.789650 0.046349 0.014500 0.014363
0 0.574478 0.316542 0.013335 0.013917
0 0.250454 0.994807 0.016226 0.010385
0 0.004989 0.291244 0.009978 0.015166
0 0.128862 0.995616 0.015684 0.008768
