0 0.392996 0.632039 0.017410 0.017682
0 0.288425 0.475167 0.017817 0.017254
0 0.221763 0.633118 0.017495 0.017300
0 0.181094 0.015112 0.017520 0.017118
0 0.024004 0.802697 0.017210 0.017220
0 0.646409 0.338200 0.017220 0.017181
0 0.883327 0.910383 0.017084 0.017274
0 0.835355 0.394039 0.016989 0.017237
0 0.882815 0.818319 0.016941 0.017201
0 0.929580 0.894267 0.017011 0.017125
0 0.568390 0.276315 0.017053 0.017055
0 0.206783 0.720705 0.016905 0.016940
0 0.265552 0.910752 0.016735 0.016851
0 0.895951 0.671358 0.016925 0.016389
0 0.820975 0.155657 0.016600 0.016688
0 0.109513 0.444241 0.016533 0.016744
0 0.011641 0.959911 0.016414 0.016858
0 0.983873 0.442610 0.016459 0.016677
0 0.972825 0.357395 0.016636 0.016490
0 0.497982 0.317646 0.016704 0.016411
0 0.149876 0.362222 0.016447 0.016623
0 0.268322 0.665074 0.016543 0.016485
0 0.182634 0.954058 0.016355 0.016668
0 0.568011 0.648360 0.016614 0.016408
0 0.538067 0.816567 0.016471 0.016533
0 0.104243 0.492543 0.016565 0.016403
0 0.974479 0.306485 0.016550 0.016412
0 0.277541 0.275120 0.016629 0.016227
0 0.808527 0.779236 0.016446 0.016310
0 0.394834 0.688472 0.016490 0.016227
0 0.057859 0.794045 0.016463 0.016249
0 0.225548 0.495391 0.016335 0.016372
0 0.091989 0.301681 0.016391 0.016271
0 0.418406 0.643221 0.016307 0.016350
0 0.020606 0.592653 0.016296 0.016341
0 0.736504 0.739055 0.016107 0.016530
0 0.626086 0.201605 0.016429 0.016137
0 0.405717 0.718943 0.016471 0.016091
0 0.551053 0.694113 0.016430 0.016123
0 0.529317 0.500537 0.016478 0.016066
0 0.800663 0.121546 0.016274 0.016149
0 0.348714 0.752908 0.016171 0.016219
0 0.616323 0.532417 0.016285 0.016096
0 0.491023 0.873542 0.016282 0.016090
0 0.382727 0.270951 0.016182 0.016074
0 0.628037 0.458877 0.016209 0.016043
0 0.616689 0.327248 0.016181 0.016032
0 0.204816 0.871749 0.016058 0.016120
0 0.071615 0.512633 0.016038 0.016120
0 0.040462 0.921049 0.016210 0.015928
0 0.783812 0.679000 0.016195 0.015938
0 0.950530 0.169906 0.015890 0.016233
0 0.808156 0.413912 0.016203 0.015878
0 0.749175 0.348733 0.015946 0.016063
0 0.949096 0.912503 0.016133 0.015874
0 0.206440 0.952189 0.015874 0.016112
0 0.133298 0.712897 0.016070 0.015890
0 0.668907 0.831865 0.016008 0.015892
0 0.960376 0.712737 0.016058 0.015830
0 0.243619 0.099225 0.015962 0.015900
0 0.530252 0.066010 0.016104 0.015748
0 0.103152 0.737885 0.016068 0.015770
0 0.027548 0.242663 0.016059 0.015768
0 0.229821 0.373351 0.016025 0.015800
0 0.560871 0.952602 0.015847 0.015946
0 0.698241 0.209207 0.015724 0.016062
0 0.758859 0.287504 0.015967 0.015796
0 0.031165 0.842854 0.016015 0.015748
0 0.621124 0.152629 0.015899 0.015862
0 0.892442 0.009032 0.015693 0.016009
0 0.320132 0.668698 0.015793 0.015856
0 0.422980 0.101507 0.015722 0.015891
0 0.632922 0.624532 0.015904 0.015674
0 0.985611 0.640333 0.015812 0.015738
0 0.221039 0.779559 0.015900 0.015614
0 0.663343 0.264184 0.015749 0.015755
0 0.979933 0.554554 0.016024 0.015460
0 0.485071 0.457642 0.015744 0.015733
0 0.602214 0.668426 0.015834 0.015623
0 0.634512 0.491340 0.015772 0.015665
0 0.868480 0.192825 0.015839 0.015575
0 0.533590 0.721390 0.015750 0.015651
0 0.172245 0.558559 0.015829 0.015568
0 0.710084 0.757871 0.015561 0.015832
0 0.149556 0.300716 0.015760 0.015622
0 0.529779 0.207592 0.015750 0.015628
0 0.610545 0.047431 0.015727 0.015647
0 0.880305 0.398767 0.015850 0.015515
0 0.747030 0.431910 0.015716 0.015643
0 0.723364 0.155076 0.015801 0.015534
0 0.836190 0.924522 0.015709 0.015619
0 0.374540 0.303460 0.015650 0.015650
0 0.881755 0.201963 0.015855 0.015447
0 0.695560 0.831008 0.015605 0.015681
0 0.516269 0.102992 0.015846 0.015389
0 0.763887 0.806097 0.015392 0.015831
0 0.087841 0.572776 0.015598 0.015614
0 0.687676 0.711605 0.015757 0.015436
0 0.111772 0.331165 0.015571 0.015589
0 0.293380 0.496231 0.016026 0.015143
0 0.880620 0.582031 0.015766 0.015391
0 0.784780 0.741643 0.015672 0.015482
0 0.616466 0.750988 0.015650 0.015503
0 0.179516 0.612585 0.015721 0.015373
0 0.503599 0.538340 0.015663 0.015422
0 0.865520 0.677506 0.015598 0.015468
0 0.899288 0.710985 0.015558 0.015453
0 0.199126 0.764646 0.015575 0.015349
0 0.299242 0.928672 0.015484 0.015404
0 0.033048 0.529436 0.015542 0.015328
0 0.142996 0.200379 0.015544 0.015306
0 0.355533 0.089543 0.015627 0.015210
0 0.740300 0.509045 0.015399 0.015412
0 0.703406 0.429728 0.015567 0.015219
0 0.646338 0.426910 0.015352 0.015347
0 0.059492 0.707153 0.015365 0.015286
0 0.283755 0.801525 0.015388 0.015239
0 0.477996 0.664393 0.015233 0.015301
0 0.562904 0.737388 0.015199 0.015238
0 0.600319 0.948441 0.015220 0.015187
0 0.447411 0.487859 0.015249 0.015151
0 0.962405 0.668598 0.015149 0.015181
0 0.671312 0.500180 0.015049 0.015080
0 0.908678 0.473854 0.015127 0.014940
0 0.965533 0.028824 0.015117 0.014945
0 0.776395 0.480611 0.014969 0.015058
0 0.463335 0.729892 0.014998 0.015015
0 0.773963 0.351976 0.014963 0.014990
0 0.578071 0.791146 0.015114 0.014837
0 0.825398 0.034231 0.014732 0.014890
0 0.196438 0.089779 0.014915 0.014639
0 0.761265 0.035562 0.014796 0.014612
0 0.043990 0.704162 0.014685 0.014502
0 0.572618 0.315596 0.014452 0.014449
0 0.245593 0.118233 0.014564 0.014126
0 0.993213 0.095398 0.013267 0.014330
0 0.005204 0.372522 0.010407 0.017431
0 0.005639 0.772472 0.011278 0.016041
0 0.005185 0.196282 0.010370 0.015420
0 0.996748 0.974649 0.006504 0.016994
