0 0.639505 0.322228 0.017903 0.017673
0 0.072022 0.468823 0.017181 0.017411
0 0.305666 0.755446 0.017428 0.017151
0 0.348452 0.713464 0.017197 0.016898
0 0.361314 0.772971 0.017024 0.017018
0 0.818434 0.278267 0.016923 0.016907
0 0.219591 0.186107 0.016855 0.016683
0 0.732774 0.087224 0.016747 0.016651
0 0.082455 0.505761 0.016585 0.016736
0 0.071555 0.687741 0.016592 0.016534
0 0.294562 0.904990 0.016420 0.016668
0 0.224668 0.309054 0.016518 0.016476
0 0.059895 0.246986 0.016418 0.016365
0 0.194262 0.134070 0.016508 0.016244
0 0.804358 0.274582 0.016590 0.016162
0 0.334871 0.717954 0.016546 0.016203
0 0.371420 0.929812 0.016498 0.016232
0 0.183171 0.822199 0.016382 0.016174
0 0.865177 0.243433 0.016412 0.016095
0 0.613750 0.514148 0.015969 0.016437
0 0.340166 0.139411 0.016302 0.016080
0 0.286911 0.491088 0.016014 0.016359
0 0.336225 0.162660 0.016309 0.016033
0 0.132194 0.939842 0.016185 0.016135
0 0.902816 0.629109 0.016209 0.016001
0 0.885610 0.903001 0.016135 0.016062
0 0.137053 0.654060 0.016202 0.015995
0 0.271565 0.271745 0.016099 0.016029
0 0.261381 0.659997 0.016094 0.016027
0 0.111867 0.472642 0.015991 0.016104
0 0.010897 0.959469 0.015893 0.016202
0 0.381360 0.633182 0.016158 0.015930
0 0.615098 0.533513 0.015964 0.016123
0 0.074732 0.389305 0.015997 0.016075
0 0.571752 0.043998 0.015933 0.016137
0 0.041807 0.119816 0.016005 0.016004
0 0.479403 0.602072 0.016040 0.015899
0 0.855666 0.554720 0.016063 0.015864
0 0.328370 0.839973 0.016018 0.015880
0 0.711190 0.143983 0.016125 0.015727
0 0.051504 0.958837 0.015781 0.016018
0 0.607845 0.190073 0.015965 0.015791
0 0.608627 0.640728 0.015993 0.015747
0 0.923000 0.029103 0.015940 0.015785
0 0.849062 0.726269 0.015782 0.015895
0 0.563361 0.382331 0.015875 0.015789
0 0.113187 0.814528 0.015871 0.015731
0 0.847495 0.644958 0.015771 0.015782
0 0.104246 0.626990 0.015704 0.015849
0 0.915904 0.192621 0.015878 0.015675
0 0.840843 0.683653 0.015787 0.015753
0 0.981478 0.406873 0.015887 0.015651
0 0.844810 0.045228 0.015920 0.015607
0 0.078628 0.832481 0.015813 0.015676
0 0.696921 0.280068 0.015737 0.015714
0 0.021521 0.600086 0.015993 0.015417
0 0.238407 0.638885 0.015760 0.015614
0 0.474566 0.305140 0.015711 0.015597
0 0.611383 0.052379 0.015659 0.015633
0 0.232232 0.376781 0.015854 0.015422
0 0.461139 0.509847 0.015565 0.015702
0 0.032234 0.531447 0.015628 0.015615
0 0.807207 0.389876 0.015649 0.015583
0 0.481175 0.380190 0.015500 0.015712
0 0.230470 0.727362 0.015504 0.015705
0 0.517275 0.630718 0.015679 0.015479
0 0.176923 0.613280 0.015638 0.015513
0 0.147090 0.501402 0.015627 0.015520
0 0.008265 0.191077 0.015250 0.015890
0 0.416321 0.938440 0.015580 0.015523
0 0.886625 0.839520 0.015479 0.015565
0 0.909179 0.858004 0.015400 0.015592
0 0.867951 0.347255 0.015567 0.015364
0 0.477757 0.146018 0.015518 0.015400
0 0.041638 0.630547 0.015441 0.015466
0 0.737155 0.387911 0.015495 0.015412
0 0.638579 0.746673 0.015285 0.015613
0 0.757573 0.746431 0.015506 0.015359
0 0.283167 0.801471 0.015525 0.015334
0 0.656671 0.702265 0.015470 0.015375
0 0.167866 0.559431 0.015427 0.015417
0 0.452398 0.250307 0.015523 0.015285
0 0.046899 0.852396 0.015513 0.015293
0 0.234011 0.088302 0.015127 0.015683
0 0.137977 0.210442 0.015468 0.015309
0 0.887218 0.402382 0.015359 0.015393
0 0.538546 0.064573 0.015166 0.015560
0 0.474155 0.693329 0.015487 0.015237
0 0.674303 0.388546 0.015434 0.015277
0 0.163815 0.788503 0.015351 0.015318
0 0.749785 0.431673 0.015463 0.015204
0 0.690446 0.488128 0.015199 0.015462
0 0.527619 0.424719 0.015281 0.015335
0 0.772036 0.352336 0.015346 0.015236
0 0.615055 0.324096 0.015642 0.014926
0 0.879414 0.581425 0.015268 0.015290
0 0.611087 0.685221 0.015328 0.015182
0 0.431602 0.469205 0.015223 0.015261
0 0.866826 0.436070 0.015379 0.015089
0 0.744685 0.506449 0.015187 0.015254
0 0.507739 0.536516 0.015287 0.015154
0 0.536239 0.720500 0.015251 0.015181
0 0.586780 0.957998 0.015289 0.015100
0 0.043341 0.704594 0.015220 0.015047
0 0.709667 0.189040 0.015210 0.015036
0 0.318286 0.665619 0.015154 0.015079
0 0.644267 0.424777 0.015138 0.015084
0 0.500531 0.356197 0.015063 0.015117
0 0.283804 0.542685 0.015166 0.014966
0 0.684128 0.556334 0.015207 0.014903
0 0.027089 0.288895 0.015014 0.014989
0 0.920182 0.476919 0.015039 0.014883
0 0.691634 0.134004 0.015000 0.014810
0 0.773237 0.831584 0.014783 0.014904
0 0.567566 0.721348 0.014935 0.014685
0 0.696388 0.721844 0.014816 0.014782
0 0.980403 0.553333 0.014922 0.014556
0 0.962503 0.672006 0.014774 0.014670
0 0.857235 0.675540 0.014718 0.014632
0 0.579502 0.790783 0.014686 0.014436
0 0.673510 0.502139 0.014419 0.014474
0 0.775001 0.169201 0.014589 0.014301
0 0.704260 0.758876 0.014441 0.014405
0 0.506644 0.090053 0.014395 0.014313
0 0.790385 0.043698 0.014086 0.014212
0 0.129774 0.995014 0.016408 0.009972
0 0.823858 0.004655 0.015686 0.009310
0 0.995739 0.367131 0.008522 0.014471
0 0.282067 0.996970 0.017905 0.006060
0 0.297487 0.002634 0.017498 0.005269
0 0.997623 0.249341 0.004754 0.014172
0 0.001977 0.662426 0.003954 0.016172
