0 0.359301 0.717490 0.017879 0.017385
0 0.258039 0.288833 0.017515 0.017441
0 0.366284 0.919054 0.017221 0.017479
0 0.330026 0.875357 0.017312 0.017293
0 0.318739 0.745160 0.017177 0.017248
0 0.128231 0.988831 0.017190 0.017134
0 0.360620 0.770049 0.016964 0.017255
0 0.140141 0.580884 0.017178 0.016858
0 0.521090 0.397430 0.017190 0.016845
0 0.366071 0.846607 0.017043 0.016973
0 0.291769 0.467244 0.017030 0.016765
0 0.912680 0.923523 0.016701 0.016756
0 0.538377 0.674116 0.016839 0.016608
0 0.043057 0.255192 0.016857 0.016559
0 0.748089 0.382775 0.016770 0.016627
0 0.508084 0.126960 0.016733 0.016638
0 0.645738 0.315854 0.016930 0.016428
0 0.076777 0.353972 0.016700 0.016611
0 0.904854 0.195712 0.016693 0.016556
0 0.849590 0.047845 0.016447 0.016771
0 0.926421 0.027685 0.016774 0.016424
0 0.958851 0.884353 0.016548 0.016616
0 0.329604 0.166188 0.016608 0.016474
0 0.344710 0.139688 0.016553 0.016516
0 0.857698 0.684882 0.016763 0.016216
0 0.150476 0.503108 0.016486 0.016462
0 0.086468 0.465282 0.016345 0.016590
0 0.614671 0.190814 0.016506 0.016388
0 0.451378 0.935206 0.016340 0.016496
0 0.815662 0.739126 0.016564 0.016255
0 0.307849 0.573971 0.016497 0.016282
0 0.131957 0.947434 0.016546 0.016193
0 0.784568 0.036050 0.016731 0.015944
0 0.539607 0.074097 0.016352 0.016295
0 0.527199 0.437073 0.016433 0.016188
0 0.045677 0.860372 0.016471 0.016131
0 0.054019 0.092897 0.016393 0.016142
0 0.041479 0.577106 0.016355 0.016155
0 0.799270 0.253698 0.016347 0.016144
0 0.711460 0.123623 0.016200 0.016213
0 0.126269 0.438636 0.016245 0.016164
0 0.513737 0.096093 0.016356 0.016052
0 0.187415 0.189288 0.016279 0.016124
0 0.398232 0.635649 0.016153 0.016249
0 0.868395 0.347675 0.016086 0.016278
0 0.164992 0.111807 0.016339 0.016002
0 0.892390 0.882895 0.016169 0.016160
0 0.051035 0.960174 0.016151 0.016145
0 0.597126 0.657666 0.016105 0.016123
0 0.240959 0.634592 0.016146 0.015986
0 0.832071 0.243427 0.015948 0.016158
0 0.471998 0.093180 0.016105 0.015968
0 0.148455 0.666115 0.016046 0.016024
0 0.177187 0.825481 0.016029 0.016019
0 0.320543 0.669665 0.016027 0.015966
0 0.009206 0.958555 0.015925 0.016059
0 0.473642 0.316556 0.016132 0.015851
0 0.177375 0.612919 0.016045 0.015914
0 0.206215 0.093034 0.016198 0.015756
0 0.858145 0.555822 0.015988 0.015954
0 0.236155 0.375023 0.016031 0.015904
0 0.895899 0.628106 0.015973 0.015950
0 0.150482 0.201275 0.015916 0.016004
0 0.617565 0.534021 0.015908 0.015989
0 0.617696 0.327718 0.016064 0.015830
0 0.453474 0.252696 0.016022 0.015855
0 0.799144 0.409663 0.015878 0.015978
0 0.292235 0.494071 0.016102 0.015754
0 0.578741 0.054369 0.016067 0.015705
0 0.460543 0.504393 0.015742 0.015946
0 0.180124 0.072313 0.016043 0.015635
0 0.644659 0.426001 0.015823 0.015811
0 0.030373 0.531955 0.015854 0.015778
0 0.114748 0.805243 0.015967 0.015641
0 0.627542 0.696637 0.016001 0.015598
0 0.745021 0.127439 0.015851 0.015741
0 0.436644 0.584239 0.015789 0.015801
0 0.111909 0.482688 0.015696 0.015843
0 0.236865 0.088327 0.015823 0.015713
0 0.884507 0.824195 0.015892 0.015629
0 0.748840 0.420231 0.015766 0.015710
0 0.691825 0.393386 0.015890 0.015507
0 0.506103 0.343425 0.015812 0.015565
0 0.140146 0.755611 0.015664 0.015712
0 0.508485 0.535971 0.015822 0.015547
0 0.708230 0.158958 0.015647 0.015700
0 0.772385 0.352557 0.015586 0.015751
0 0.056885 0.834974 0.015794 0.015541
0 0.080843 0.701313 0.015873 0.015446
0 0.571186 0.721987 0.015958 0.015346
0 0.261588 0.661427 0.015643 0.015616
0 0.969092 0.258401 0.015654 0.015510
0 0.621230 0.511900 0.015560 0.015587
0 0.614970 0.763146 0.015707 0.015419
0 0.745581 0.506804 0.015495 0.015598
0 0.970850 0.404295 0.015646 0.015447
0 0.694909 0.481486 0.015603 0.015420
0 0.434345 0.473014 0.015605 0.015398
0 0.282750 0.800964 0.015543 0.015439
0 0.206719 0.714611 0.015574 0.015373
0 0.883120 0.647908 0.015366 0.015568
0 0.479067 0.717393 0.015680 0.015242
0 0.026793 0.291197 0.015372 0.015458
0 0.693471 0.325255 0.015495 0.015335
0 0.866622 0.436082 0.015561 0.015234
0 0.894081 0.846197 0.015660 0.015116
0 0.561337 0.943854 0.015399 0.015303
0 0.441601 0.702260 0.015328 0.015372
0 0.644671 0.068965 0.015305 0.015380
0 0.706673 0.197264 0.015526 0.015134
0 0.667060 0.713719 0.015452 0.015187
0 0.964507 0.672688 0.015423 0.015208
0 0.874791 0.477364 0.015332 0.015227
0 0.535779 0.721062 0.015168 0.015318
0 0.688054 0.681530 0.015167 0.015193
0 0.761402 0.734032 0.015215 0.015093
0 0.677786 0.546767 0.015095 0.015195
0 0.706544 0.758534 0.015149 0.015097
0 0.165913 0.561044 0.015202 0.014992
0 0.750645 0.723707 0.015146 0.015024
0 0.761249 0.833220 0.015011 0.015109
0 0.552752 0.653189 0.015122 0.014918
0 0.879595 0.582130 0.014978 0.014941
0 0.979858 0.553396 0.015090 0.014740
0 0.035154 0.701677 0.014714 0.015103
0 0.882866 0.402858 0.014834 0.014972
0 0.578348 0.791967 0.015009 0.014779
0 0.673708 0.502550 0.014822 0.014927
0 0.993383 0.803117 0.013233 0.016389
0 0.007055 0.183341 0.013616 0.014932
0 0.993144 0.601085 0.013513 0.014814
0 0.774223 0.175149 0.014028 0.014207
0 0.554366 0.734332 0.014185 0.013857
0 0.299419 0.994596 0.017815 0.010808
0 0.005708 0.689721 0.011416 0.013868
0 0.003419 0.611477 0.006838 0.016977
0 0.270157 0.003126 0.015672 0.006197
