0 0.044259 0.795455 0.018184 0.017902
0 0.196458 0.939255 0.017476 0.017483
0 0.212696 0.775382 0.017328 0.017176
0 0.852528 0.901544 0.017409 0.017092
0 0.040882 0.748330 0.017061 0.016966
0 0.109851 0.723656 0.017070 0.016930
0 0.894976 0.922195 0.016928 0.016913
0 0.986268 0.239399 0.016816 0.016880
0 0.087220 0.649033 0.016618 0.016965
0 0.114338 0.382031 0.016820 0.016658
0 0.932911 0.192010 0.016745 0.016642
0 0.023986 0.394238 0.016641 0.016520
0 0.161219 0.305636 0.016602 0.016550
0 0.947100 0.342850 0.016505 0.016455
0 0.195486 0.714899 0.016634 0.016244
0 0.399784 0.662971 0.016602 0.016264
0 0.561080 0.846569 0.016384 0.016434
0 0.380936 0.623819 0.016442 0.016331
0 0.345135 0.763729 0.016361 0.016368
0 0.907220 0.735142 0.016401 0.016275
0 0.183266 0.890874 0.016178 0.016497
0 0.894866 0.012118 0.016293 0.016356
0 0.267116 0.288104 0.016400 0.016241
0 0.845809 0.939220 0.016265 0.016315
0 0.016213 0.874946 0.016367 0.016194
0 0.659022 0.227794 0.016684 0.015869
0 0.855853 0.744099 0.016484 0.016050
0 0.689779 0.812425 0.016566 0.015953
0 0.172066 0.334160 0.016144 0.016369
0 0.741886 0.373488 0.016309 0.016174
0 0.256776 0.667024 0.016137 0.016298
0 0.588365 0.410449 0.016138 0.016228
0 0.183472 0.127622 0.016206 0.016141
0 0.014649 0.955769 0.016267 0.016067
0 0.717551 0.768768 0.016268 0.016050
0 0.615777 0.533149 0.016183 0.016077
0 0.970501 0.169583 0.016223 0.016004
0 0.514670 0.296693 0.016074 0.016134
0 0.362793 0.669117 0.016212 0.015995
0 0.224254 0.635760 0.016115 0.016078
0 0.624107 0.178474 0.016042 0.016094
0 0.766126 0.611933 0.016208 0.015924
0 0.187513 0.088844 0.016181 0.015943
0 0.138821 0.453869 0.015907 0.016204
0 0.547709 0.459930 0.016438 0.015679
0 0.557368 0.734803 0.016036 0.015998
0 0.532551 0.720991 0.016263 0.015722
0 0.642763 0.767022 0.015999 0.015966
0 0.070151 0.518003 0.016232 0.015727
0 0.684270 0.716553 0.016167 0.015756
0 0.637387 0.495472 0.015962 0.015933
0 0.850631 0.168588 0.015817 0.016030
0 0.647683 0.666165 0.015964 0.015873
0 0.171058 0.785996 0.016101 0.015733
0 0.386569 0.276772 0.015993 0.015768
0 0.580411 0.679680 0.016064 0.015691
0 0.652493 0.829185 0.015782 0.015950
0 0.281961 0.850356 0.015859 0.015861
0 0.617108 0.327348 0.016057 0.015663
0 0.617882 0.027667 0.015842 0.015824
0 0.961100 0.687740 0.015987 0.015680
0 0.721625 0.442823 0.015731 0.015865
0 0.187427 0.219508 0.015769 0.015819
0 0.877804 0.837150 0.015956 0.015616
0 0.289942 0.423705 0.015811 0.015751
0 0.461447 0.879615 0.015765 0.015769
0 0.872071 0.689410 0.015900 0.015635
0 0.461332 0.702005 0.015815 0.015716
0 0.645376 0.313439 0.015754 0.015737
0 0.127252 0.940491 0.015821 0.015618
0 0.326552 0.662434 0.015867 0.015546
0 0.139942 0.745364 0.015542 0.015839
0 0.504621 0.537294 0.015791 0.015544
0 0.105072 0.245180 0.015747 0.015574
0 0.612391 0.632725 0.015586 0.015685
0 0.398016 0.315593 0.015518 0.015746
0 0.574376 0.790932 0.015507 0.015736
0 0.876706 0.401626 0.015858 0.015384
0 0.718797 0.157065 0.015608 0.015624
0 0.816915 0.134801 0.015573 0.015588
0 0.293554 0.496423 0.015548 0.015585
0 0.485259 0.139768 0.015605 0.015520
0 0.806112 0.760981 0.015607 0.015476
0 0.992036 0.881974 0.015316 0.015750
0 0.231852 0.373073 0.015751 0.015306
0 0.626685 0.383411 0.015630 0.015413
0 0.233334 0.477804 0.015602 0.015440
0 0.780232 0.063594 0.015555 0.015431
0 0.170204 0.558000 0.015577 0.015348
0 0.299822 0.950923 0.015333 0.015592
0 0.845332 0.351965 0.015546 0.015364
0 0.034521 0.533750 0.015489 0.015407
0 0.769911 0.459265 0.015543 0.015327
0 0.693268 0.217067 0.015481 0.015379
0 0.439498 0.649585 0.015527 0.015317
0 0.824159 0.036829 0.015397 0.015428
0 0.178392 0.612890 0.015532 0.015257
0 0.542368 0.212363 0.015571 0.015054
0 0.181880 0.072348 0.015377 0.015235
0 0.114318 0.050768 0.015395 0.015202
0 0.961355 0.668859 0.015290 0.015231
0 0.349681 0.097511 0.015151 0.015362
0 0.671445 0.500779 0.015277 0.015192
0 0.950332 0.909326 0.015464 0.015000
0 0.282689 0.801996 0.015275 0.015167
0 0.666001 0.920799 0.015147 0.015192
0 0.019557 0.991188 0.015299 0.015022
0 0.816087 0.442045 0.015343 0.014959
0 0.732069 0.512983 0.015196 0.015091
0 0.246468 0.106261 0.015282 0.014972
0 0.800124 0.360915 0.015048 0.015125
0 0.032765 0.697846 0.015403 0.014716
0 0.774545 0.351878 0.015042 0.015046
0 0.751545 0.327784 0.014984 0.015085
0 0.305728 0.467508 0.014996 0.015064
0 0.989550 0.643578 0.015016 0.015010
0 0.139514 0.544376 0.015058 0.014958
0 0.956098 0.494671 0.015059 0.014890
0 0.862002 0.677672 0.014822 0.015096
0 0.061334 0.708415 0.015146 0.014766
0 0.444866 0.485318 0.015011 0.014814
0 0.979980 0.553755 0.015042 0.014641
0 0.690226 0.669070 0.014941 0.014735
0 0.643868 0.425445 0.014895 0.014600
0 0.879046 0.582303 0.014729 0.014687
0 0.163368 0.956746 0.014558 0.014612
0 0.676363 0.011069 0.014543 0.014414
0 0.055065 0.526858 0.014662 0.014072
0 0.745498 0.506913 0.014410 0.014318
0 0.994059 0.094209 0.011802 0.014729
0 0.509109 0.994896 0.015764 0.010207
0 0.003869 0.206423 0.007738 0.016288
