0 0.593912 0.674186 0.018017 0.017753
0 0.162009 0.304489 0.017842 0.017237
0 0.284388 0.755852 0.017379 0.017248
0 0.949339 0.889217 0.017082 0.017311
0 0.142263 0.989884 0.017379 0.016618
0 0.149230 0.337205 0.017025 0.016802
0 0.094558 0.808106 0.016867 0.016760
0 0.145385 0.769321 0.016739 0.016867
0 0.497256 0.812714 0.016893 0.016709
0 0.278031 0.462443 0.016864 0.016630
0 0.979727 0.853325 0.016730 0.016745
0 0.426806 0.841620 0.016768 0.016682
0 0.615230 0.533993 0.016596 0.016600
0 0.962123 0.122784 0.016497 0.016671
0 0.402037 0.677677 0.016542 0.016584
0 0.131486 0.418883 0.016456 0.016615
0 0.198470 0.629047 0.016534 0.016391
0 0.223695 0.915362 0.016463 0.016389
0 0.247978 0.818511 0.016455 0.016370
0 0.470093 0.986337 0.016565 0.016226
0 0.067783 0.574512 0.016505 0.016270
0 0.037788 0.595192 0.016476 0.016294
0 0.129387 0.215134 0.016515 0.016242
0 0.887418 0.839537 0.016524 0.016177
0 0.011979 0.281708 0.016156 0.016511
0 0.241300 0.136644 0.016399 0.016228
0 0.081774 0.761014 0.016416 0.016188
0 0.434451 0.058657 0.016430 0.016132
0 0.130813 0.732401 0.016168 0.016373
0 0.709453 0.756644 0.016285 0.016181
0 0.668745 0.707704 0.016308 0.016152
0 0.179686 0.071356 0.016218 0.016184
0 0.386411 0.616922 0.016272 0.016127
0 0.262754 0.288939 0.016166 0.016232
0 0.985940 0.597195 0.016347 0.016026
0 0.633756 0.281061 0.016281 0.016066
0 0.966557 0.432689 0.016281 0.015966
0 0.882507 0.197252 0.016119 0.016116
0 0.604287 0.014738 0.016132 0.016070
0 0.143052 0.736623 0.015686 0.016501
0 0.406074 0.048039 0.016077 0.016094
0 0.664397 0.784792 0.016158 0.015980
0 0.845669 0.045972 0.016107 0.016025
0 0.080211 0.912556 0.016088 0.015970
0 0.318748 0.907340 0.016123 0.015931
0 0.829787 0.151509 0.016076 0.015961
0 0.617059 0.326165 0.016142 0.015886
0 0.172223 0.561589 0.016172 0.015829
0 0.611484 0.504301 0.015981 0.016015
0 0.730209 0.114901 0.016043 0.015936
0 0.739463 0.712861 0.016047 0.015923
0 0.587871 0.104618 0.016048 0.015875
0 0.712986 0.445575 0.015911 0.016008
0 0.481007 0.654776 0.016002 0.015916
0 0.186644 0.487888 0.015965 0.015940
0 0.507140 0.535849 0.015915 0.015985
0 0.734021 0.682122 0.015776 0.016122
0 0.905668 0.718525 0.016117 0.015771
0 0.237373 0.619541 0.015970 0.015874
0 0.094012 0.436180 0.015940 0.015851
0 0.132359 0.100059 0.015805 0.015853
0 0.745774 0.288625 0.015995 0.015661
0 0.941296 0.615625 0.015810 0.015841
0 0.312522 0.927677 0.015764 0.015869
0 0.032208 0.658880 0.015826 0.015793
0 0.869332 0.447263 0.015812 0.015790
0 0.473869 0.500720 0.015829 0.015759
0 0.864184 0.338262 0.015572 0.016015
0 0.517652 0.435998 0.015942 0.015561
0 0.492168 0.346661 0.015714 0.015771
0 0.813278 0.748073 0.015651 0.015832
0 0.593328 0.737536 0.015810 0.015636
0 0.444138 0.685149 0.015737 0.015701
0 0.447940 0.288077 0.015832 0.015604
0 0.922719 0.910422 0.015796 0.015611
0 0.360786 0.768207 0.015811 0.015588
0 0.482893 0.213557 0.015705 0.015626
0 0.747988 0.506334 0.015607 0.015686
0 0.293519 0.492856 0.015623 0.015575
0 0.392766 0.654208 0.015669 0.015529
0 0.282361 0.801523 0.015620 0.015560
0 0.684263 0.387126 0.015817 0.015354
0 0.759123 0.543952 0.015339 0.015828
0 0.230354 0.378034 0.015688 0.015443
0 0.570426 0.361261 0.015611 0.015505
0 0.056473 0.481763 0.015481 0.015597
0 0.244617 0.662615 0.015424 0.015643
0 0.178621 0.611815 0.015798 0.015272
0 0.461071 0.250642 0.015689 0.015366
0 0.886055 0.165517 0.015357 0.015677
0 0.669622 0.497468 0.015758 0.015265
0 0.960684 0.672717 0.015376 0.015606
0 0.343358 0.250657 0.015568 0.015328
0 0.645027 0.424726 0.015622 0.015275
0 0.319278 0.667005 0.015582 0.015282
0 0.487272 0.126502 0.015366 0.015445
0 0.272498 0.659016 0.015374 0.015410
0 0.643051 0.200003 0.015470 0.015287
0 0.032109 0.697128 0.015561 0.015161
0 0.577910 0.790917 0.015485 0.015218
0 0.881243 0.582251 0.015425 0.015271
0 0.730894 0.811742 0.015372 0.015284
0 0.918883 0.036624 0.015454 0.015201
0 0.006705 0.961317 0.013409 0.017441
0 0.647481 0.452574 0.015466 0.015053
0 0.847666 0.794703 0.015290 0.015224
0 0.700930 0.511177 0.015145 0.015337
0 0.768625 0.188269 0.015156 0.015290
0 0.574316 0.399370 0.015268 0.015135
0 0.034240 0.530427 0.015195 0.015207
0 0.620905 0.992322 0.016035 0.014408
0 0.061118 0.708016 0.015208 0.015189
0 0.895849 0.440965 0.015179 0.015204
0 0.439798 0.476557 0.015219 0.015059
0 0.935470 0.287942 0.015117 0.015117
0 0.692586 0.008187 0.015283 0.014934
0 0.325309 0.547903 0.015225 0.014979
0 0.532532 0.722109 0.015130 0.014858
0 0.865108 0.679315 0.015047 0.014894
0 0.979835 0.553793 0.015090 0.014828
0 0.933983 0.255490 0.015197 0.014686
0 0.773306 0.356946 0.014732 0.015100
0 0.986067 0.458708 0.014760 0.014948
0 0.554143 0.732072 0.014776 0.014862
0 0.737013 0.216888 0.014848 0.014730
0 0.990896 0.042165 0.014634 0.014940
0 0.878786 0.400717 0.014891 0.014652
0 0.540122 0.098790 0.014779 0.014693
0 0.783245 0.382220 0.014834 0.014561
0 0.993926 0.221143 0.012147 0.017204
0 0.023475 0.994065 0.016366 0.011870
0 0.572808 0.316218 0.014013 0.013747
0 0.055167 0.004534 0.014810 0.009067
0 0.719585 0.995673 0.015479 0.008654
0 0.153285 0.003351 0.019765 0.006703
0 0.003898 0.171140 0.007796 0.016213
0 0.292722 0.003685 0.015302 0.007371
0 0.003452 0.992370 0.006903 0.012594
0 0.997483 0.243125 0.005033 0.015429
