0 0.416531 0.655538 0.017661 0.017444
0 0.279399 0.284897 0.017210 0.016945
0 0.145205 0.967901 0.016928 0.017063
0 0.183948 0.776336 0.017151 0.016816
0 0.047720 0.789673 0.016831 0.017026
0 0.051660 0.412816 0.016927 0.016667
0 0.354166 0.806479 0.017016 0.016578
0 0.160318 0.754288 0.017062 0.016420
0 0.157332 0.388871 0.016729 0.016642
0 0.219452 0.642207 0.016642 0.016721
0 0.239855 0.824044 0.016760 0.016566
0 0.075876 0.460332 0.016638 0.016683
0 0.168598 0.313108 0.016583 0.016727
0 0.608053 0.013444 0.016727 0.016554
0 0.714543 0.758447 0.016576 0.016693
0 0.179841 0.902034 0.016597 0.016593
0 0.546979 0.456595 0.016502 0.016667
0 0.635208 0.655278 0.016595 0.016569
0 0.235083 0.091560 0.016423 0.016523
0 0.033277 0.208520 0.016356 0.016563
0 0.504545 0.883854 0.016521 0.016393
0 0.618494 0.533335 0.016408 0.016492
0 0.490903 0.293257 0.016347 0.016343
0 0.375641 0.698634 0.016210 0.016441
0 0.680879 0.799996 0.016331 0.016317
0 0.141519 0.184870 0.016356 0.016251
0 0.837014 0.912717 0.016318 0.016285
0 0.589774 0.615292 0.016219 0.016346
0 0.071811 0.209374 0.016241 0.016240
0 0.686569 0.721502 0.016238 0.016204
0 0.233520 0.142232 0.016319 0.016041
0 0.569482 0.669427 0.016099 0.016176
0 0.909853 0.361218 0.016330 0.015898
0 0.340175 0.922709 0.016196 0.016029
0 0.225662 0.744353 0.016114 0.016110
0 0.162548 0.444773 0.016156 0.016058
0 0.553162 0.435185 0.016240 0.015926
0 0.507562 0.535905 0.016260 0.015889
0 0.136196 0.926020 0.016075 0.016048
0 0.014006 0.792389 0.015941 0.016165
0 0.779622 0.385357 0.016102 0.016002
0 0.292872 0.497530 0.015968 0.016028
0 0.854331 0.814334 0.016049 0.015945
0 0.181257 0.707830 0.015915 0.016053
0 0.088571 0.603386 0.016021 0.015854
0 0.412670 0.312643 0.015992 0.015866
0 0.956248 0.910895 0.016115 0.015713
0 0.643057 0.239547 0.016094 0.015733
0 0.863062 0.703010 0.016004 0.015818
0 0.497963 0.667587 0.015815 0.016001
0 0.727086 0.456135 0.016055 0.015722
0 0.948186 0.229832 0.015840 0.015923
0 0.921582 0.725649 0.016024 0.015717
0 0.283511 0.801397 0.015971 0.015760
0 0.507328 0.961842 0.015821 0.015906
0 0.170653 0.558702 0.015895 0.015827
0 0.507275 0.096134 0.015733 0.015969
0 0.014686 0.955718 0.015923 0.015767
0 0.816842 0.459414 0.015781 0.015877
0 0.809771 0.375693 0.015849 0.015779
0 0.633970 0.828718 0.015846 0.015772
0 0.107572 0.737901 0.015876 0.015644
0 0.618406 0.327578 0.015821 0.015684
0 0.632766 0.497410 0.015780 0.015717
0 0.731462 0.513207 0.015789 0.015692
0 0.643326 0.185676 0.015983 0.015484
0 0.324871 0.660061 0.015780 0.015680
0 0.343892 0.109297 0.015847 0.015609
0 0.387927 0.278629 0.015773 0.015657
0 0.537461 0.490351 0.015694 0.015726
0 0.859850 0.399844 0.015814 0.015580
0 0.680010 0.391353 0.015802 0.015564
0 0.725055 0.656440 0.015668 0.015688
0 0.878532 0.017623 0.015774 0.015545
0 0.065013 0.524970 0.015728 0.015575
0 0.443131 0.739285 0.015511 0.015760
0 0.533648 0.721485 0.015621 0.015546
0 0.508589 0.024752 0.015571 0.015554
0 0.708272 0.232772 0.015613 0.015499
0 0.629616 0.787821 0.015668 0.015414
0 0.555554 0.737012 0.015518 0.015547
0 0.724598 0.322291 0.015688 0.015370
0 0.230858 0.372537 0.015605 0.015441
0 0.991891 0.237358 0.015223 0.015794
0 0.874516 0.839329 0.015373 0.015587
0 0.443022 0.483530 0.015523 0.015436
0 0.031668 0.817044 0.015504 0.015440
0 0.230949 0.675774 0.015578 0.015338
0 0.981357 0.554513 0.015629 0.015281
0 0.307868 0.468480 0.015354 0.015445
0 0.845666 0.040099 0.015660 0.015131
0 0.672536 0.961346 0.015591 0.015159
0 0.261923 0.660961 0.015307 0.015422
0 0.867892 0.113526 0.015484 0.015240
0 0.087414 0.736205 0.015284 0.015415
0 0.035517 0.533582 0.015350 0.015336
0 0.712674 0.146100 0.015397 0.015274
0 0.644422 0.426650 0.015337 0.015313
0 0.782752 0.349543 0.015396 0.015251
0 0.577826 0.791166 0.015407 0.015237
0 0.330530 0.680809 0.015468 0.015174
0 0.737209 0.671409 0.015182 0.015425
0 0.860206 0.675067 0.015491 0.015081
0 0.819304 0.097109 0.015467 0.015042
0 0.669866 0.497955 0.015426 0.015069
0 0.882852 0.396766 0.015161 0.015265
0 0.393862 0.652481 0.015316 0.014988
0 0.842783 0.732723 0.015355 0.014925
0 0.038035 0.702244 0.015453 0.014810
0 0.925052 0.054343 0.015154 0.015094
0 0.781663 0.051002 0.015046 0.015185
0 0.595822 0.338597 0.015242 0.014983
0 0.692687 0.818816 0.015379 0.014815
0 0.879353 0.582413 0.015133 0.015041
0 0.745470 0.809987 0.015171 0.014965
0 0.037626 0.491718 0.015096 0.015001
0 0.822077 0.760293 0.014841 0.015230
0 0.546443 0.212777 0.015099 0.014955
0 0.959781 0.675972 0.015122 0.014882
0 0.812825 0.741433 0.015008 0.014863
0 0.746398 0.506959 0.015037 0.014796
0 0.179171 0.612525 0.014964 0.014810
0 0.242984 0.477096 0.014895 0.014740
0 0.059620 0.707722 0.014741 0.014582
0 0.154866 0.602564 0.014739 0.014289
0 0.959594 0.531912 0.014487 0.014268
0 0.946233 0.851163 0.013627 0.013871
0 0.994442 0.841847 0.011116 0.016155
0 0.994957 0.095044 0.010086 0.014841
0 0.003501 0.216910 0.007002 0.016676
0 0.996598 0.637901 0.006805 0.014893
0 0.501302 0.996665 0.014896 0.006671
