0 0.807461 0.282200 0.017977 0.018121
0 0.911223 0.929755 0.017493 0.017430
0 0.102320 0.923936 0.017186 0.017246
0 0.862506 0.229909 0.017038 0.017368
0 0.695070 0.139825 0.016940 0.017387
0 0.330750 0.955591 0.017079 0.017029
0 0.983416 0.344107 0.016802 0.017221
0 0.305498 0.815155 0.016963 0.016945
0 0.177798 0.863174 0.016990 0.016887
0 0.204050 0.160744 0.016943 0.016833
0 0.035830 0.466360 0.017014 0.016760
0 0.862967 0.681983 0.017060 0.016631
0 0.564871 0.618937 0.016982 0.016641
0 0.232632 0.648356 0.016640 0.016973
0 0.441053 0.543292 0.016700 0.016876
0 0.891623 0.850974 0.016804 0.016686
0 0.121925 0.057787 0.016653 0.016801
0 0.660068 0.524212 0.016686 0.016725
0 0.304209 0.682297 0.016829 0.016564
0 0.604740 0.756292 0.016781 0.016579
0 0.847577 0.657854 0.016525 0.016794
0 0.945834 0.290369 0.016709 0.016499
0 0.164962 0.820631 0.016634 0.016554
0 0.052900 0.370886 0.016534 0.016565
0 0.316651 0.773005 0.016627 0.016437
0 0.387460 0.660173 0.016358 0.016653
0 0.348952 0.713634 0.016473 0.016516
0 0.262712 0.728864 0.016567 0.016421
0 0.272791 0.776227 0.016591 0.016350
0 0.599917 0.505529 0.016464 0.016475
0 0.078154 0.955088 0.016450 0.016459
0 0.079674 0.437087 0.016414 0.016432
0 0.132795 0.652147 0.016482 0.016356
0 0.758403 0.347984 0.016384 0.016358
0 0.590241 0.653886 0.016551 0.016152
0 0.972001 0.633134 0.016334 0.016333
0 0.967459 0.875190 0.016254 0.016321
0 0.559870 0.691594 0.016325 0.016237
0 0.670126 0.499199 0.016240 0.016253
0 0.684449 0.307125 0.016186 0.016289
0 0.280764 0.279042 0.016374 0.016083
0 0.086589 0.162506 0.016245 0.016201
0 0.932460 0.901213 0.016211 0.016227
0 0.171013 0.557950 0.016220 0.016168
0 0.054260 0.981517 0.016251 0.016121
0 0.456935 0.937198 0.016273 0.016074
0 0.352342 0.125180 0.016228 0.016093
0 0.051336 0.846497 0.016049 0.016241
0 0.729247 0.799105 0.016233 0.016028
0 0.715211 0.727500 0.016210 0.016048
0 0.616686 0.532284 0.016208 0.015977
0 0.867089 0.811843 0.016106 0.016023
0 0.816999 0.054112 0.016175 0.015917
0 0.523408 0.085593 0.015963 0.016115
0 0.486516 0.666747 0.016064 0.015972
0 0.745405 0.506291 0.015949 0.016038
0 0.531685 0.656318 0.015792 0.016193
0 0.692410 0.057417 0.016033 0.015944
0 0.716551 0.445249 0.016079 0.015895
0 0.283352 0.800989 0.016028 0.015927
0 0.488789 0.434825 0.015943 0.016006
0 0.095637 0.549396 0.016027 0.015911
0 0.965670 0.432425 0.016102 0.015828
0 0.708955 0.323649 0.016105 0.015798
0 0.474762 0.613302 0.015993 0.015906
0 0.420342 0.245582 0.016020 0.015857
0 0.665655 0.728097 0.016121 0.015755
0 0.325026 0.661338 0.015993 0.015849
0 0.887402 0.436804 0.015914 0.015907
0 0.066514 0.646734 0.015873 0.015948
0 0.231392 0.094607 0.015821 0.015964
0 0.668258 0.382492 0.016080 0.015634
0 0.771565 0.445873 0.015938 0.015748
0 0.348337 0.199045 0.016029 0.015641
0 0.229779 0.375958 0.015948 0.015713
0 0.599303 0.054393 0.015998 0.015646
0 0.264188 0.665369 0.016082 0.015489
0 0.084416 0.205148 0.016080 0.015485
0 0.646523 0.684646 0.015706 0.015852
0 0.014716 0.966332 0.015705 0.015821
0 0.644106 0.424533 0.015784 0.015687
0 0.859348 0.351638 0.015803 0.015652
0 0.714406 0.761948 0.015757 0.015683
0 0.879445 0.402176 0.015705 0.015719
0 0.858242 0.908844 0.015968 0.015453
0 0.234464 0.456461 0.015853 0.015561
0 0.861468 0.750712 0.015774 0.015637
0 0.436183 0.138818 0.015742 0.015639
0 0.139978 0.507548 0.015810 0.015522
0 0.072008 0.534587 0.015711 0.015515
0 0.096130 0.007239 0.016835 0.014478
0 0.389783 0.289927 0.015610 0.015550
0 0.530832 0.407355 0.015711 0.015438
0 0.391347 0.071948 0.015560 0.015584
0 0.701065 0.100048 0.015522 0.015600
0 0.450867 0.286380 0.015550 0.015543
0 0.158580 0.790131 0.015400 0.015657
0 0.587269 0.177420 0.015534 0.015512
0 0.767715 0.832599 0.015536 0.015469
0 0.279077 0.163203 0.015569 0.015424
0 0.293381 0.496235 0.015442 0.015538
0 0.504680 0.541349 0.015629 0.015340
0 0.614002 0.274190 0.015483 0.015386
0 0.438154 0.471163 0.015378 0.015477
0 0.198794 0.098644 0.015531 0.015316
0 0.446415 0.682807 0.015457 0.015352
0 0.616137 0.327397 0.015509 0.015237
0 0.915909 0.787737 0.015481 0.015223
0 0.837107 0.546612 0.015336 0.015335
0 0.176938 0.614826 0.015318 0.015351
0 0.531889 0.721122 0.015494 0.015113
0 0.975683 0.668893 0.015073 0.015439
0 0.479675 0.992694 0.016292 0.014273
0 0.578727 0.791407 0.015390 0.015076
0 0.012599 0.811150 0.015164 0.015251
0 0.881393 0.581740 0.015173 0.015232
0 0.707387 0.992015 0.015889 0.014533
0 0.301936 0.468593 0.015225 0.015129
0 0.433671 0.379676 0.015239 0.015084
0 0.919099 0.030834 0.015223 0.015078
0 0.558435 0.732045 0.015143 0.015131
0 0.062560 0.708520 0.015396 0.014873
0 0.363400 0.982299 0.015253 0.015005
0 0.794543 0.016018 0.015216 0.015000
0 0.222354 0.246098 0.015118 0.015085
0 0.991836 0.585380 0.014830 0.015233
0 0.980021 0.551219 0.015268 0.014777
0 0.130024 0.725930 0.014982 0.014769
0 0.033201 0.533000 0.014865 0.014620
0 0.034448 0.696953 0.014931 0.014552
0 0.246961 0.480612 0.014761 0.014606
0 0.993104 0.687175 0.013374 0.015422
0 0.960985 0.670036 0.014185 0.013900
0 0.761408 0.155427 0.014139 0.013850
0 0.996469 0.235512 0.007061 0.014730
0 0.869774 0.002546 0.016101 0.005092
0 0.997816 0.259270 0.004369 0.014381
